/*--------------------------------*- C++ -*----------------------------------*\
| =========                 |                                                 |
| \\      /  F ield         | OpenFOAM: The Open Source CFD Toolbox           |
|  \\    /   O peration     | Version:  2.1.1                                 |
|   \\  /    A nd           | Web:      www.OpenFOAM.org                      |
|    \\/     M anipulation  |                                                 |
\*---------------------------------------------------------------------------*/
FoamFile
{
    version     2.0;
    format      ascii;
    class       volScalarField;
    location    "0.19";
    object      nuSgs;
}
// * * * * * * * * * * * * * * * * * * * * * * * * * * * * * * * * * * * * * //

dimensions      [0 2 -1 0 0 0 0];

internalField   nonuniform List<scalar> 
6820
(
0.000556014
0.000457436
0.000368221
0.000306274
0.000269155
0.000243621
0.000224859
0.00021054
0.000199003
0.000189343
0.000181043
0.000173773
0.000167311
0.000161501
0.00015623
0.000151413
0.000146985
0.000142893
0.000139099
0.000135569
0.000132277
0.000129199
0.000126323
0.00012363
0.000121107
0.000118745
0.000116534
0.000114473
0.000112549
0.000110782
0.000109145
0.000107533
0.000105853
0.000103489
0.000170641
0.000223619
0.000239997
0.000235267
0.000224941
0.00021329
0.000202057
0.000191881
0.000182779
0.000174632
0.000167306
0.000160676
0.000154641
0.000149116
0.000144031
0.000139328
0.00013496
0.000130887
0.000127074
0.000123491
0.000120117
0.000116929
0.000113909
0.000111044
0.000108321
0.000105731
0.000103258
0.000100911
9.86303e-05
9.65696e-05
9.42998e-05
9.34045e-05
3.6776e-05
2.84863e-05
4.55699e-05
8.22031e-05
0.000107806
0.000123374
0.000131786
0.000135632
0.000136736
0.000136168
0.000134569
0.000132335
0.000129712
0.000126865
0.000123899
0.000120885
0.00011787
0.000114884
0.000111947
0.000109073
0.00010627
0.000103541
0.000100885
9.83033e-05
9.5794e-05
9.33532e-05
9.09778e-05
8.86634e-05
8.64102e-05
8.41982e-05
8.20539e-05
7.98373e-05
7.78035e-05
2.07363e-05
2.86937e-05
2.65835e-05
1.51422e-05
3.67609e-06
1.36869e-05
2.54412e-05
3.51882e-05
4.30294e-05
4.92395e-05
5.40939e-05
5.78364e-05
6.06694e-05
6.27514e-05
6.42147e-05
6.51693e-05
6.57053e-05
6.58967e-05
6.58041e-05
6.54775e-05
6.49575e-05
6.42774e-05
6.34651e-05
6.25436e-05
6.15305e-05
6.04383e-05
5.92738e-05
5.80447e-05
5.67606e-05
5.54218e-05
5.40443e-05
5.26178e-05
5.12446e-05
1.44172e-05
1.75973e-05
2.26153e-05
2.43083e-05
2.39889e-05
2.20336e-05
1.91837e-05
1.59784e-05
1.26506e-05
9.34969e-06
6.18333e-06
3.231e-06
7.99858e-07
2.2354e-06
4.44265e-06
6.43784e-06
8.1989e-06
9.73219e-06
1.105e-05
1.21665e-05
1.30965e-05
1.38545e-05
1.44542e-05
1.49085e-05
1.52297e-05
1.54299e-05
1.55237e-05
1.55186e-05
1.54229e-05
1.52409e-05
1.4982e-05
1.46501e-05
1.42602e-05
1.09155e-05
1.25118e-05
1.38411e-05
1.4344e-05
1.51166e-05
1.57413e-05
1.61051e-05
1.63027e-05
1.63392e-05
1.62209e-05
1.59727e-05
1.56188e-05
1.51839e-05
1.46848e-05
1.41397e-05
1.35665e-05
1.29803e-05
1.23942e-05
1.18184e-05
1.12613e-05
1.07291e-05
1.02268e-05
9.75769e-06
9.32406e-06
8.92657e-06
8.56608e-06
8.2383e-06
7.94253e-06
7.67716e-06
7.44317e-06
7.23762e-06
7.06407e-06
6.9169e-06
8.23796e-06
9.44169e-06
1.02705e-05
1.00705e-05
9.87874e-06
9.69511e-06
9.50297e-06
9.405e-06
9.39036e-06
9.415e-06
9.4521e-06
9.4841e-06
9.49932e-06
9.49536e-06
9.47079e-06
9.42499e-06
9.35849e-06
9.27267e-06
9.16932e-06
9.05044e-06
8.91808e-06
8.77426e-06
8.62103e-06
8.45979e-06
8.29322e-06
8.12217e-06
7.95247e-06
7.78628e-06
7.62444e-06
7.46926e-06
7.3203e-06
7.18394e-06
7.0597e-06
6.35226e-06
7.4218e-06
8.24016e-06
8.1074e-06
7.79827e-06
7.45896e-06
7.08131e-06
6.75689e-06
6.50445e-06
6.30306e-06
6.13978e-06
6.00552e-06
5.89141e-06
5.79077e-06
5.69925e-06
5.61384e-06
5.53223e-06
5.45265e-06
5.37388e-06
5.29507e-06
5.2157e-06
5.13555e-06
5.05462e-06
4.97322e-06
4.89187e-06
4.81176e-06
4.73321e-06
4.6568e-06
4.58355e-06
4.5151e-06
4.45159e-06
4.39674e-06
4.3516e-06
4.98997e-06
5.87043e-06
6.56645e-06
6.56563e-06
6.40005e-06
6.1939e-06
5.91225e-06
5.62797e-06
5.37972e-06
5.16377e-06
4.97534e-06
4.81098e-06
4.66585e-06
4.53576e-06
4.41786e-06
4.31001e-06
4.21054e-06
4.11817e-06
4.03196e-06
3.95117e-06
3.87527e-06
3.80387e-06
3.73665e-06
3.6735e-06
3.61412e-06
3.55835e-06
3.50625e-06
3.45795e-06
3.41349e-06
3.37336e-06
3.33755e-06
3.30754e-06
3.28447e-06
3.98265e-06
4.7173e-06
5.33368e-06
5.41188e-06
5.31316e-06
5.16717e-06
4.95266e-06
4.72532e-06
4.52319e-06
4.34551e-06
4.18781e-06
4.04794e-06
3.92287e-06
3.80967e-06
3.70634e-06
3.61145e-06
3.5239e-06
3.44281e-06
3.36751e-06
3.29745e-06
3.23219e-06
3.17138e-06
3.11476e-06
3.06205e-06
3.01307e-06
2.96773e-06
2.9257e-06
2.88671e-06
2.8506e-06
2.81754e-06
2.78732e-06
2.75987e-06
2.73542e-06
3.22149e-06
3.84274e-06
4.39032e-06
4.51138e-06
4.46223e-06
4.36603e-06
4.20841e-06
4.02695e-06
3.85672e-06
3.70226e-06
3.56225e-06
3.43674e-06
3.3244e-06
3.2232e-06
3.13149e-06
3.04802e-06
2.97171e-06
2.90165e-06
2.83712e-06
2.77756e-06
2.72249e-06
2.67154e-06
2.62439e-06
2.58076e-06
2.54042e-06
2.50308e-06
2.46844e-06
2.43623e-06
2.40616e-06
2.3779e-06
2.35078e-06
2.32384e-06
2.29656e-06
2.6334e-06
3.16514e-06
3.66157e-06
3.81894e-06
3.81635e-06
3.75933e-06
3.64177e-06
3.49272e-06
3.34563e-06
3.20912e-06
3.08381e-06
2.97055e-06
2.86884e-06
2.77724e-06
2.69446e-06
2.61943e-06
2.55123e-06
2.48908e-06
2.43232e-06
2.3804e-06
2.33285e-06
2.28926e-06
2.24926e-06
2.21249e-06
2.17863e-06
2.14734e-06
2.1182e-06
2.09075e-06
2.06442e-06
2.03857e-06
2.01231e-06
1.98431e-06
1.9535e-06
2.16875e-06
2.63226e-06
3.09086e-06
3.27414e-06
3.30762e-06
3.28147e-06
3.19777e-06
3.07956e-06
2.95614e-06
2.83769e-06
2.72627e-06
2.62363e-06
2.53035e-06
2.44584e-06
2.36934e-06
2.30011e-06
2.23745e-06
2.18068e-06
2.12918e-06
2.08243e-06
2.03992e-06
2.0012e-06
1.96585e-06
1.93346e-06
1.90362e-06
1.87588e-06
1.84974e-06
1.82464e-06
1.79992e-06
1.77482e-06
1.74829e-06
1.71897e-06
1.68555e-06
1.79395e-06
2.2066e-06
2.63708e-06
2.84071e-06
2.90543e-06
2.90669e-06
2.85156e-06
2.75909e-06
2.65507e-06
2.55108e-06
2.45086e-06
2.35701e-06
2.27085e-06
2.19241e-06
2.12126e-06
2.05689e-06
1.99871e-06
1.94615e-06
1.89864e-06
1.85566e-06
1.81673e-06
1.78138e-06
1.74917e-06
1.71965e-06
1.69235e-06
1.66678e-06
1.64239e-06
1.61856e-06
1.59457e-06
1.56958e-06
1.54255e-06
1.51224e-06
1.47725e-06
1.48554e-06
1.86198e-06
2.27232e-06
2.49251e-06
2.58329e-06
2.60742e-06
2.57559e-06
2.50491e-06
2.41827e-06
2.32773e-06
2.23808e-06
2.15244e-06
2.07265e-06
1.99925e-06
1.9322e-06
1.87126e-06
1.81605e-06
1.76612e-06
1.72099e-06
1.6802e-06
1.64327e-06
1.60975e-06
1.57918e-06
1.55109e-06
1.52498e-06
1.50034e-06
1.47659e-06
1.45311e-06
1.42917e-06
1.40399e-06
1.37661e-06
1.34604e-06
1.31099e-06
1.2269e-06
1.57972e-06
1.97638e-06
2.21038e-06
2.32331e-06
2.36755e-06
2.35592e-06
2.30428e-06
2.23294e-06
2.15401e-06
2.07317e-06
1.99411e-06
1.9192e-06
1.84951e-06
1.78535e-06
1.72672e-06
1.67341e-06
1.62509e-06
1.58135e-06
1.54177e-06
1.5059e-06
1.4733e-06
1.44351e-06
1.41605e-06
1.39044e-06
1.36615e-06
1.34262e-06
1.31926e-06
1.29539e-06
1.27033e-06
1.24325e-06
1.21344e-06
1.17978e-06
1.00606e-06
1.34652e-06
1.73498e-06
1.98087e-06
2.11272e-06
2.17451e-06
2.18013e-06
2.14471e-06
2.08659e-06
2.01779e-06
1.94466e-06
1.87136e-06
1.80064e-06
1.73394e-06
1.67189e-06
1.61472e-06
1.56239e-06
1.5147e-06
1.47132e-06
1.43192e-06
1.39609e-06
1.36342e-06
1.33348e-06
1.30582e-06
1.27997e-06
1.25542e-06
1.23168e-06
1.20819e-06
1.18437e-06
1.15964e-06
1.13336e-06
1.10507e-06
1.07388e-06
8.14428e-07
1.15308e-06
1.53801e-06
1.79426e-06
1.9423e-06
2.01951e-06
2.04016e-06
2.01887e-06
1.97242e-06
1.91254e-06
1.84601e-06
1.77743e-06
1.70987e-06
1.64514e-06
1.5842e-06
1.52751e-06
1.4752e-06
1.42721e-06
1.38335e-06
1.34331e-06
1.30678e-06
1.27338e-06
1.24271e-06
1.21436e-06
1.18789e-06
1.16285e-06
1.13879e-06
1.11522e-06
1.09168e-06
1.06771e-06
1.04283e-06
1.01681e-06
9.88982e-07
6.46116e-07
9.93374e-07
1.37851e-06
1.64378e-06
1.80562e-06
1.89632e-06
1.93005e-06
1.92094e-06
1.88456e-06
1.8323e-06
1.7713e-06
1.70647e-06
1.64123e-06
1.57769e-06
1.51709e-06
1.46009e-06
1.40703e-06
1.35796e-06
1.3128e-06
1.27136e-06
1.23337e-06
1.19852e-06
1.16647e-06
1.13686e-06
1.10932e-06
1.08344e-06
1.05884e-06
1.03512e-06
1.0119e-06
9.88855e-07
9.65641e-07
9.4217e-07
9.17972e-07
4.98049e-07
8.6421e-07
1.25195e-06
1.52482e-06
1.69825e-06
1.80063e-06
1.8457e-06
1.84711e-06
1.81944e-06
1.77375e-06
1.71737e-06
1.65552e-06
1.59185e-06
1.52877e-06
1.46778e-06
1.40977e-06
1.35522e-06
1.30437e-06
1.25723e-06
1.21372e-06
1.17365e-06
1.1368e-06
1.10288e-06
1.07159e-06
1.04263e-06
1.01567e-06
9.90369e-07
9.66432e-07
9.43561e-07
9.21521e-07
9.00092e-07
8.79293e-07
8.58814e-07
3.71641e-07
7.65146e-07
1.15578e-06
1.43448e-06
1.61734e-06
1.72965e-06
1.78443e-06
1.79478e-06
1.77446e-06
1.73416e-06
1.68135e-06
1.62147e-06
1.55843e-06
1.4949e-06
1.4326e-06
1.37265e-06
1.31573e-06
1.26221e-06
1.21224e-06
1.16584e-06
1.12292e-06
1.08335e-06
1.04691e-06
1.01339e-06
9.82531e-07
9.54079e-07
9.27778e-07
9.03383e-07
8.8067e-07
8.59468e-07
8.39618e-07
8.2117e-07
8.03898e-07
2.78249e-07
6.98111e-07
1.08895e-06
1.37118e-06
1.5613e-06
1.68183e-06
1.74481e-06
1.76274e-06
1.74863e-06
1.71286e-06
1.66295e-06
1.60451e-06
1.54166e-06
1.47727e-06
1.4133e-06
1.35105e-06
1.29135e-06
1.23472e-06
1.18144e-06
1.13164e-06
1.08535e-06
1.04249e-06
1.00297e-06
9.66641e-07
9.33329e-07
9.02855e-07
8.7503e-07
8.49678e-07
8.26634e-07
8.05779e-07
7.86997e-07
7.70366e-07
7.55712e-07
2.46647e-07
6.66439e-07
1.05155e-06
1.33441e-06
1.52951e-06
1.65645e-06
1.72602e-06
1.74994e-06
1.74058e-06
1.70794e-06
1.65957e-06
1.60124e-06
1.53724e-06
1.47069e-06
1.40376e-06
1.33795e-06
1.27428e-06
1.21342e-06
1.15578e-06
1.1016e-06
1.05101e-06
1.00404e-06
9.60657e-07
9.20806e-07
8.84387e-07
8.51287e-07
8.21377e-07
7.94531e-07
7.70621e-07
7.49546e-07
7.31186e-07
7.15563e-07
7.02511e-07
2.95753e-07
6.72923e-07
1.04436e-06
1.32458e-06
1.52244e-06
1.65423e-06
1.72923e-06
1.75831e-06
1.75317e-06
1.72349e-06
1.67675e-06
1.61875e-06
1.55394e-06
1.48557e-06
1.41598e-06
1.34682e-06
1.27925e-06
1.21408e-06
1.15184e-06
1.09289e-06
1.03745e-06
9.85665e-07
9.37603e-07
8.93288e-07
8.52714e-07
8.15846e-07
7.82631e-07
7.53006e-07
7.26893e-07
7.04234e-07
6.84921e-07
6.69011e-07
6.56291e-07
4.00741e-07
7.17911e-07
1.06838e-06
1.34261e-06
1.54079e-06
1.67535e-06
1.75366e-06
1.78557e-06
1.7822e-06
1.75293e-06
1.70524e-06
1.64508e-06
1.57709e-06
1.50472e-06
1.43049e-06
1.35623e-06
1.28325e-06
1.21247e-06
1.14451e-06
1.07983e-06
1.01872e-06
9.61378e-07
9.07946e-07
8.58512e-07
8.1313e-07
7.7183e-07
7.34616e-07
7.01477e-07
6.72371e-07
6.47259e-07
6.26024e-07
6.08651e-07
5.94943e-07
5.367e-07
7.99351e-07
1.12469e-06
1.39043e-06
1.58754e-06
1.72444e-06
1.80647e-06
1.84233e-06
1.84239e-06
1.81559e-06
1.76916e-06
1.70898e-06
1.63972e-06
1.56493e-06
1.48728e-06
1.40875e-06
1.3308e-06
1.25448e-06
1.18057e-06
1.10961e-06
1.04201e-06
9.7804e-07
9.17926e-07
8.61822e-07
8.09849e-07
7.62103e-07
7.18654e-07
6.79562e-07
6.44853e-07
6.14573e-07
5.88658e-07
5.67256e-07
5.50019e-07
6.95624e-07
9.15513e-07
1.2152e-06
1.4702e-06
1.66324e-06
1.79862e-06
1.87949e-06
1.91362e-06
1.91111e-06
1.88087e-06
1.83026e-06
1.76533e-06
1.6909e-06
1.61065e-06
1.52732e-06
1.44297e-06
1.35909e-06
1.27675e-06
1.19675e-06
1.11963e-06
1.04581e-06
9.75572e-07
9.0914e-07
8.46679e-07
7.88322e-07
7.34182e-07
6.84357e-07
6.38937e-07
5.97994e-07
5.61611e-07
5.29773e-07
5.02618e-07
4.79952e-07
8.77395e-07
1.06478e-06
1.34115e-06
1.58635e-06
1.77799e-06
1.91693e-06
2.00359e-06
2.04387e-06
2.04667e-06
2.02016e-06
1.97131e-06
1.90614e-06
1.8296e-06
1.74562e-06
1.65727e-06
1.56687e-06
1.47618e-06
1.38649e-06
1.29874e-06
1.21363e-06
1.13164e-06
1.0531e-06
9.78256e-07
9.07274e-07
8.40272e-07
7.77338e-07
7.18543e-07
6.63958e-07
6.1364e-07
5.67711e-07
5.26168e-07
4.89456e-07
4.56949e-07
1.08772e-06
1.25309e-06
1.51012e-06
1.74212e-06
1.92316e-06
2.05208e-06
2.12849e-06
2.15875e-06
2.15249e-06
2.11818e-06
2.06279e-06
1.99213e-06
1.91088e-06
1.82269e-06
1.73037e-06
1.63604e-06
1.54134e-06
1.44747e-06
1.35532e-06
1.26557e-06
1.17869e-06
1.095e-06
1.01474e-06
9.38061e-07
8.65044e-07
7.95739e-07
7.30162e-07
6.68314e-07
6.10172e-07
5.55742e-07
5.04928e-07
4.57943e-07
4.1428e-07
1.33112e-06
1.47703e-06
1.72017e-06
1.95131e-06
2.14328e-06
2.28967e-06
2.38382e-06
2.42819e-06
2.43089e-06
2.40021e-06
2.34369e-06
2.26812e-06
2.17922e-06
2.08158e-06
1.97873e-06
1.87336e-06
1.76748e-06
1.66254e-06
1.55958e-06
1.45933e-06
1.36228e-06
1.26874e-06
1.17891e-06
1.09286e-06
1.01063e-06
9.322e-07
8.57507e-07
7.86481e-07
7.19012e-07
6.55052e-07
5.94352e-07
5.37308e-07
4.82296e-07
1.62823e-06
1.77139e-06
2.00172e-06
2.20569e-06
2.36243e-06
2.47404e-06
2.53951e-06
2.56412e-06
2.55602e-06
2.52162e-06
2.46599e-06
2.39378e-06
2.30912e-06
2.21552e-06
2.11589e-06
2.01266e-06
1.90779e-06
1.80285e-06
1.69903e-06
1.59723e-06
1.4981e-06
1.40209e-06
1.30949e-06
1.22046e-06
1.13505e-06
1.05328e-06
9.75063e-07
9.00323e-07
8.28931e-07
7.60773e-07
6.95608e-07
6.33561e-07
5.73423e-07
1.97131e-06
2.09082e-06
2.33201e-06
2.58549e-06
2.80932e-06
2.98062e-06
3.08402e-06
3.12366e-06
3.11276e-06
3.06367e-06
2.98657e-06
2.89001e-06
2.78071e-06
2.66358e-06
2.54217e-06
2.41905e-06
2.29606e-06
2.1745e-06
2.05527e-06
1.93902e-06
1.82619e-06
1.71706e-06
1.61177e-06
1.5104e-06
1.41296e-06
1.31939e-06
1.22961e-06
1.14354e-06
1.06106e-06
9.82127e-07
9.06507e-07
8.34669e-07
7.64546e-07
2.45436e-06
2.60626e-06
2.79441e-06
2.92378e-06
3.02453e-06
3.11718e-06
3.19107e-06
3.23788e-06
3.25539e-06
3.24266e-06
3.20099e-06
3.13423e-06
3.04721e-06
2.9447e-06
2.83106e-06
2.71002e-06
2.5847e-06
2.45751e-06
2.33034e-06
2.20457e-06
2.08123e-06
1.96099e-06
1.84433e-06
1.73152e-06
1.62269e-06
1.51788e-06
1.41708e-06
1.32025e-06
1.22734e-06
1.13837e-06
1.05327e-06
9.72541e-07
8.94823e-07
2.93269e-06
3.03527e-06
3.40874e-06
3.80642e-06
4.10622e-06
4.28439e-06
4.34915e-06
4.33107e-06
4.25968e-06
4.153e-06
4.02216e-06
3.87514e-06
3.71755e-06
3.5533e-06
3.38553e-06
3.21685e-06
3.04949e-06
2.88533e-06
2.72588e-06
2.57233e-06
2.42556e-06
2.28617e-06
2.15451e-06
2.03073e-06
1.9148e-06
1.80658e-06
1.70584e-06
1.61229e-06
1.52565e-06
1.44577e-06
1.37231e-06
1.3061e-06
1.24471e-06
3.97265e-06
4.07225e-06
3.97306e-06
3.8811e-06
3.96614e-06
4.16067e-06
4.34159e-06
4.45794e-06
4.50549e-06
4.4939e-06
4.43998e-06
4.36234e-06
4.27621e-06
4.19218e-06
4.1168e-06
4.05341e-06
4.00295e-06
3.96489e-06
3.9379e-06
3.92032e-06
3.91045e-06
3.90673e-06
3.90775e-06
3.91231e-06
3.91936e-06
3.92798e-06
3.93735e-06
3.94673e-06
3.95551e-06
3.96329e-06
3.96984e-06
3.97639e-06
3.98135e-06
4.43071e-06
4.97768e-06
5.93021e-06
6.39475e-06
6.49019e-06
6.44452e-06
6.41573e-06
6.51281e-06
6.76802e-06
7.14979e-06
7.607e-06
8.09323e-06
8.57268e-06
9.02107e-06
9.42408e-06
9.77469e-06
1.00707e-05
1.0313e-05
1.05044e-05
1.06487e-05
1.07501e-05
1.08129e-05
1.08413e-05
1.08389e-05
1.08093e-05
1.07552e-05
1.06792e-05
1.05831e-05
1.04685e-05
1.03363e-05
1.01883e-05
1.00259e-05
9.85175e-06
7.62159e-06
5.86773e-06
4.60605e-06
6.15595e-06
8.88372e-06
1.16023e-05
1.39462e-05
1.58511e-05
1.73126e-05
1.83423e-05
1.89746e-05
1.92554e-05
1.92328e-05
1.89551e-05
1.84688e-05
1.78164e-05
1.70357e-05
1.61592e-05
1.52147e-05
1.42249e-05
1.32085e-05
1.21804e-05
1.11523e-05
1.01332e-05
9.12976e-06
8.14682e-06
7.18746e-06
6.25298e-06
5.34394e-06
4.45757e-06
3.59574e-06
2.7474e-06
1.94099e-06
8.59797e-06
1.46987e-05
1.878e-05
2.11631e-05
2.2223e-05
2.17082e-05
1.97957e-05
1.69469e-05
1.36584e-05
1.06314e-05
9.02731e-06
9.90087e-06
1.27174e-05
1.63427e-05
2.01509e-05
2.38696e-05
2.73784e-05
3.06239e-05
3.35865e-05
3.62644e-05
3.86662e-05
4.08059e-05
4.27001e-05
4.43669e-05
4.5824e-05
4.7089e-05
4.81786e-05
4.91091e-05
4.98964e-05
5.05606e-05
5.11166e-05
5.16237e-05
5.20708e-05
3.47064e-05
3.72817e-05
4.67674e-05
6.1979e-05
7.7796e-05
9.33259e-05
0.000107862
0.000120693
0.000131627
0.000140704
0.000148033
0.000153776
0.000158117
0.00016124
0.00016332
0.000164513
0.000164961
0.000164786
0.000164096
0.00016298
0.000161517
0.00015977
0.000157795
0.000155638
0.000153336
0.000150919
0.000148414
0.000145837
0.000143209
0.000140531
0.000137807
0.000135129
0.00013252
0.000608491
0.000582523
0.000556839
0.000530275
0.000504131
0.000478726
0.000454101
0.000430527
0.000408187
0.000387141
0.000367406
0.000348971
0.000331789
0.000315795
0.000300914
0.000287065
0.000274164
0.000262133
0.000250894
0.000240377
0.000230514
0.000221245
0.000212517
0.00020428
0.00019649
0.000189108
0.000182097
0.000175423
0.000169049
0.000162953
0.000157006
0.000151733
0.000146896
9.23504e-05
8.49427e-05
8.23952e-05
8.43784e-05
8.93073e-05
9.53982e-05
0.000101411
0.000106609
0.000110103
0.000109937
0.000100729
8.37477e-05
6.51605e-05
5.15146e-05
4.40326e-05
3.95305e-05
3.55579e-05
3.14996e-05
2.70129e-05
2.17304e-05
1.41788e-05
1.82531e-05
3.7571e-05
4.2167e-05
2.44953e-05
1.15424e-05
2.74088e-05
3.27806e-05
3.0208e-05
2.6291e-05
2.34828e-05
2.14729e-05
1.97474e-05
1.81516e-05
1.66754e-05
1.53159e-05
1.40659e-05
1.29267e-05
1.19098e-05
1.10297e-05
1.03039e-05
9.7717e-06
9.45338e-06
9.28093e-06
9.35512e-06
1.02126e-05
1.18079e-05
1.51429e-05
2.04652e-05
2.20375e-05
1.96655e-05
2.0007e-05
2.40774e-05
2.90961e-05
3.34452e-05
3.64129e-05
3.78969e-05
3.76898e-05
3.62196e-05
3.50604e-05
3.54053e-05
3.70826e-05
3.90695e-05
4.09154e-05
4.39895e-05
4.9674e-05
5.74022e-05
6.5307e-05
7.10303e-05
7.24857e-05
6.85112e-05
5.95681e-05
4.79106e-05
3.63775e-05
2.68575e-05
1.98405e-05
1.49011e-05
1.1386e-05
8.79911e-06
6.84612e-06
5.36527e-06
4.26742e-06
3.49992e-06
3.02762e-06
2.82615e-06
2.88733e-06
3.23513e-06
3.92366e-06
5.00474e-06
6.50741e-06
8.66861e-06
1.24179e-05
1.92448e-05
2.92641e-05
3.95102e-05
4.57166e-05
4.36495e-05
3.62307e-05
1.82012e-05
2.23952e-05
0.000119307
0.000112971
0.00010792
0.000105129
0.00010397
0.000104322
0.000105703
0.000107721
0.000110239
0.000112968
0.000114931
0.000112393
0.000101213
8.34591e-05
6.48714e-05
4.96733e-05
3.87886e-05
3.10902e-05
2.60543e-05
2.76293e-05
3.90132e-05
5.15632e-05
4.99596e-05
2.89238e-05
7.49648e-06
2.55376e-05
3.33744e-05
3.18841e-05
2.79848e-05
2.49277e-05
2.27824e-05
2.10205e-05
1.94135e-05
1.7921e-05
1.65359e-05
1.5251e-05
1.40653e-05
1.29854e-05
1.20243e-05
1.11966e-05
1.05171e-05
1.00206e-05
9.73972e-06
9.60922e-06
9.65605e-06
1.04224e-05
1.20576e-05
1.50346e-05
2.05151e-05
2.32087e-05
2.12923e-05
2.12297e-05
2.51559e-05
3.02398e-05
3.47505e-05
3.78662e-05
3.94289e-05
3.93406e-05
3.81248e-05
3.71339e-05
3.73878e-05
3.88699e-05
4.04232e-05
4.16868e-05
4.45864e-05
5.05547e-05
5.88526e-05
6.74812e-05
7.39115e-05
7.59018e-05
7.21482e-05
6.2957e-05
5.05969e-05
3.82038e-05
2.79884e-05
2.05469e-05
1.53895e-05
1.17581e-05
9.09091e-06
7.07345e-06
5.54163e-06
4.40524e-06
3.61032e-06
3.12271e-06
2.92115e-06
2.99768e-06
3.36845e-06
4.07966e-06
5.18756e-06
6.73497e-06
8.93674e-06
1.26463e-05
1.93629e-05
2.93993e-05
3.99037e-05
4.67205e-05
4.52523e-05
3.80162e-05
2.12843e-05
1.64914e-05
0.000101077
9.982e-05
9.75595e-05
9.5304e-05
9.34825e-05
9.24633e-05
9.23987e-05
9.33486e-05
9.52144e-05
9.7724e-05
0.000100563
0.000103738
0.000105301
0.000102268
9.39549e-05
8.28259e-05
7.23153e-05
6.48044e-05
6.22573e-05
6.38829e-05
6.33108e-05
5.2293e-05
2.82312e-05
4.90703e-06
2.45915e-05
3.36658e-05
3.3129e-05
2.94079e-05
2.61873e-05
2.39445e-05
2.21758e-05
2.05796e-05
1.90875e-05
1.76938e-05
1.63932e-05
1.51817e-05
1.40623e-05
1.30431e-05
1.21366e-05
1.13585e-05
1.07228e-05
1.02592e-05
1.00092e-05
9.92281e-06
9.9672e-06
1.06147e-05
1.22312e-05
1.48933e-05
2.03309e-05
2.42033e-05
2.30157e-05
2.25665e-05
2.62661e-05
3.13968e-05
3.60626e-05
3.93321e-05
4.09787e-05
4.10001e-05
3.99522e-05
3.89865e-05
3.90637e-05
4.02047e-05
4.11896e-05
4.20584e-05
4.48918e-05
5.10497e-05
5.97924e-05
6.90733e-05
7.62001e-05
7.87854e-05
7.5394e-05
6.6149e-05
5.32444e-05
4.00491e-05
2.91274e-05
2.12433e-05
1.5865e-05
1.21238e-05
9.38208e-06
7.30153e-06
5.71779e-06
4.54198e-06
3.71958e-06
3.21598e-06
3.01016e-06
3.09372e-06
3.48091e-06
4.2136e-06
5.34474e-06
6.92329e-06
9.15147e-06
1.28104e-05
1.93854e-05
2.94171e-05
4.02121e-05
4.77188e-05
4.70234e-05
4.01936e-05
2.52364e-05
1.06497e-05
6.64717e-05
6.54305e-05
6.36824e-05
6.18229e-05
6.01577e-05
5.90394e-05
5.87489e-05
5.94488e-05
6.12036e-05
6.40623e-05
6.77916e-05
7.21344e-05
7.67889e-05
8.09013e-05
8.30269e-05
8.23191e-05
7.91618e-05
7.47489e-05
6.89929e-05
5.91289e-05
4.21889e-05
1.80768e-05
7.84571e-06
2.66588e-05
3.44276e-05
3.38225e-05
3.02345e-05
2.70559e-05
2.48563e-05
2.31455e-05
2.1591e-05
2.01218e-05
1.87419e-05
1.74488e-05
1.62352e-05
1.51001e-05
1.40489e-05
1.3091e-05
1.22396e-05
1.1511e-05
1.09197e-05
1.04903e-05
1.02689e-05
1.02268e-05
1.02924e-05
1.08377e-05
1.24108e-05
1.48219e-05
1.99614e-05
2.49762e-05
2.48266e-05
2.4059e-05
2.74126e-05
3.25567e-05
3.73662e-05
4.08e-05
4.25496e-05
4.26814e-05
4.17322e-05
4.06892e-05
4.05034e-05
4.11727e-05
4.16551e-05
4.22463e-05
4.49603e-05
5.11295e-05
6.01608e-05
7.00213e-05
7.78571e-05
8.11317e-05
7.8264e-05
6.91623e-05
5.5878e-05
4.19487e-05
3.03124e-05
2.19625e-05
1.63541e-05
1.2504e-05
9.68784e-06
7.54018e-06
5.89822e-06
4.67689e-06
3.82245e-06
3.30069e-06
3.09141e-06
3.18516e-06
3.59047e-06
4.34264e-06
5.49155e-06
7.08963e-06
9.33057e-06
1.29302e-05
1.9331e-05
2.93243e-05
4.04419e-05
4.87217e-05
4.89565e-05
4.27406e-05
2.97781e-05
5.60494e-06
1.83588e-05
1.75776e-05
1.64018e-05
1.53193e-05
1.47145e-05
1.48425e-05
1.56662e-05
1.69873e-05
1.87664e-05
2.10709e-05
2.4178e-05
2.80511e-05
3.23486e-05
3.66354e-05
4.02706e-05
4.23241e-05
4.18462e-05
3.79457e-05
2.92393e-05
1.56743e-05
4.94333e-06
1.97857e-05
3.11358e-05
3.50398e-05
3.34889e-05
3.01746e-05
2.74006e-05
2.54569e-05
2.38832e-05
2.24039e-05
2.09844e-05
1.96446e-05
1.83838e-05
1.71917e-05
1.60643e-05
1.50049e-05
1.40215e-05
1.31246e-05
1.23277e-05
1.16477e-05
1.11002e-05
1.07052e-05
1.0509e-05
1.05076e-05
1.06085e-05
1.10653e-05
1.25532e-05
1.48258e-05
1.94502e-05
2.54198e-05
2.66405e-05
2.57462e-05
2.86138e-05
3.37173e-05
3.86559e-05
4.22686e-05
4.41445e-05
4.43778e-05
4.34506e-05
4.22408e-05
4.16896e-05
4.18174e-05
4.18765e-05
4.22866e-05
4.48047e-05
5.07197e-05
5.97723e-05
7.0039e-05
7.85419e-05
8.2603e-05
8.04569e-05
7.17511e-05
5.83245e-05
4.38027e-05
3.14907e-05
2.26739e-05
1.68369e-05
1.28851e-05
9.99956e-06
7.78381e-06
6.0792e-06
4.80766e-06
3.91759e-06
3.37561e-06
3.16203e-06
3.26516e-06
3.68873e-06
4.46219e-06
5.62932e-06
7.23994e-06
9.47789e-06
1.30045e-05
1.91872e-05
2.9065e-05
4.04945e-05
4.96169e-05
5.09479e-05
4.55797e-05
3.4741e-05
7.05832e-06
9.18372e-06
9.73201e-06
1.03551e-05
1.076e-05
1.0768e-05
1.02246e-05
9.00415e-06
7.05737e-06
4.47787e-06
2.05239e-06
3.93678e-06
7.78958e-06
1.14068e-05
1.41532e-05
1.57318e-05
1.61977e-05
1.59704e-05
1.62735e-05
1.90335e-05
2.44737e-05
3.02598e-05
3.36947e-05
3.38037e-05
3.16936e-05
2.91591e-05
2.71724e-05
2.56681e-05
2.43049e-05
2.29478e-05
2.16215e-05
2.03591e-05
1.91609e-05
1.80166e-05
1.69218e-05
1.58792e-05
1.48955e-05
1.39796e-05
1.31431e-05
1.24001e-05
1.17677e-05
1.12631e-05
1.0903e-05
1.07296e-05
1.0763e-05
1.0911e-05
1.13063e-05
1.26567e-05
1.48802e-05
1.88837e-05
2.54601e-05
2.83406e-05
2.76564e-05
2.99035e-05
3.48771e-05
3.9921e-05
4.37222e-05
4.57459e-05
4.60616e-05
4.50863e-05
4.36384e-05
4.264e-05
4.22087e-05
4.19395e-05
4.22378e-05
4.43805e-05
4.96741e-05
5.83949e-05
6.88339e-05
7.79663e-05
8.29566e-05
8.17708e-05
7.37454e-05
6.04576e-05
4.55399e-05
3.26342e-05
2.3369e-05
1.73112e-05
1.32674e-05
1.03183e-05
8.03345e-06
6.26056e-06
4.9323e-06
4.00109e-06
3.43518e-06
3.21646e-06
3.33162e-06
3.77732e-06
4.57494e-06
5.76204e-06
7.38238e-06
9.60295e-06
1.30399e-05
1.89636e-05
2.86197e-05
4.02952e-05
5.03059e-05
5.2917e-05
4.86476e-05
4.0026e-05
1.36816e-05
9.35571e-06
9.72128e-06
1.00473e-05
1.00898e-05
9.70433e-06
8.81665e-06
7.40478e-06
5.51141e-06
3.33543e-06
2.02013e-06
4.14236e-06
7.6196e-06
1.14922e-05
1.53708e-05
1.89114e-05
2.19024e-05
2.44379e-05
2.67457e-05
2.88288e-05
3.02499e-05
3.06167e-05
2.99248e-05
2.86784e-05
2.74523e-05
2.64157e-05
2.54142e-05
2.43196e-05
2.31512e-05
2.19796e-05
2.08422e-05
1.97422e-05
1.86748e-05
1.76394e-05
1.66395e-05
1.56809e-05
1.47718e-05
1.39225e-05
1.31455e-05
1.24554e-05
1.18695e-05
1.14065e-05
1.10816e-05
1.09298e-05
1.09902e-05
1.11912e-05
1.15596e-05
1.27321e-05
1.49331e-05
1.83567e-05
2.50602e-05
2.97691e-05
2.97931e-05
3.13461e-05
3.60405e-05
4.11482e-05
4.51386e-05
4.73298e-05
4.7709e-05
4.66344e-05
4.48947e-05
4.33973e-05
4.24138e-05
4.19167e-05
4.20641e-05
4.35076e-05
4.77137e-05
5.56509e-05
6.59979e-05
7.57956e-05
8.19363e-05
8.19867e-05
7.49504e-05
6.21227e-05
4.70643e-05
3.36985e-05
2.40311e-05
1.7771e-05
1.36486e-05
1.0644e-05
8.29001e-06
6.44328e-06
5.05138e-06
4.07344e-06
3.48023e-06
3.25524e-06
3.38244e-06
3.85104e-06
4.67522e-06
5.88652e-06
7.52012e-06
9.71606e-06
1.30459e-05
1.86764e-05
2.7992e-05
3.97854e-05
5.06752e-05
5.47351e-05
5.17944e-05
4.54712e-05
2.11932e-05
5.80382e-06
6.046e-06
6.24165e-06
6.23055e-06
5.90801e-06
5.21829e-06
4.13715e-06
2.67044e-06
8.59711e-07
1.32363e-06
3.71586e-06
6.3439e-06
9.19478e-06
1.22283e-05
1.53123e-05
1.8233e-05
2.07723e-05
2.27941e-05
2.42387e-05
2.50908e-05
2.54717e-05
2.5561e-05
2.54656e-05
2.51616e-05
2.46067e-05
2.38382e-05
2.29458e-05
2.20032e-05
2.10458e-05
2.00856e-05
1.9129e-05
1.81826e-05
1.72526e-05
1.63456e-05
1.54693e-05
1.46334e-05
1.38494e-05
1.31307e-05
1.24924e-05
1.19519e-05
1.15286e-05
1.12384e-05
1.11081e-05
1.11872e-05
1.14396e-05
1.18172e-05
1.28029e-05
1.49345e-05
1.79442e-05
2.42459e-05
3.07189e-05
3.20885e-05
3.30414e-05
3.72322e-05
4.23277e-05
4.64931e-05
4.88707e-05
4.9304e-05
4.80989e-05
4.60322e-05
4.40079e-05
4.25011e-05
4.18228e-05
4.15755e-05
4.1846e-05
4.43884e-05
5.09878e-05
6.1099e-05
7.18147e-05
7.94043e-05
8.09431e-05
7.51839e-05
6.31563e-05
4.82637e-05
3.46276e-05
2.46394e-05
1.82093e-05
1.40263e-05
1.09759e-05
8.55389e-06
6.62758e-06
5.16377e-06
4.13167e-06
3.50628e-06
3.27393e-06
3.41583e-06
3.91081e-06
4.76367e-06
6.00177e-06
7.65433e-06
9.82748e-06
1.30375e-05
1.83476e-05
2.72036e-05
3.89187e-05
5.05811e-05
5.6199e-05
5.47661e-05
5.08267e-05
2.8574e-05
4.38394e-06
4.54539e-06
4.65623e-06
4.60514e-06
4.30983e-06
3.72317e-06
2.82135e-06
1.60321e-06
1.83069e-07
1.72949e-06
3.74337e-06
5.93706e-06
8.24846e-06
1.06165e-05
1.298e-05
1.52645e-05
1.73563e-05
1.91564e-05
2.06238e-05
2.17753e-05
2.26232e-05
2.31435e-05
2.33228e-05
2.3197e-05
2.28344e-05
2.23032e-05
2.16557e-05
2.09294e-05
2.01517e-05
1.93427e-05
1.85173e-05
1.76862e-05
1.68578e-05
1.60409e-05
1.52447e-05
1.44803e-05
1.37601e-05
1.30983e-05
1.25104e-05
1.20138e-05
1.16282e-05
1.13712e-05
1.12631e-05
1.13539e-05
1.16489e-05
1.20656e-05
1.28932e-05
1.48579e-05
1.76585e-05
2.3142e-05
3.09707e-05
3.43569e-05
3.51074e-05
3.85237e-05
4.34629e-05
4.77612e-05
5.03405e-05
5.08383e-05
4.94938e-05
4.70843e-05
4.45224e-05
4.25242e-05
4.15402e-05
4.04297e-05
3.89516e-05
3.90419e-05
4.3723e-05
5.39981e-05
6.62447e-05
7.5494e-05
7.85883e-05
7.42967e-05
6.33979e-05
4.90178e-05
3.53567e-05
2.5169e-05
1.86189e-05
1.43982e-05
1.13133e-05
8.82576e-06
6.81485e-06
5.27036e-06
4.17568e-06
3.5127e-06
3.27177e-06
3.43024e-06
3.95408e-06
4.83718e-06
6.10388e-06
7.78172e-06
9.9428e-06
1.30321e-05
1.80058e-05
2.63025e-05
3.76924e-05
4.98918e-05
5.70586e-05
5.72137e-05
5.57107e-05
3.51144e-05
3.63117e-06
3.72192e-06
3.75679e-06
3.65837e-06
3.36405e-06
2.8356e-06
2.05445e-06
1.03377e-06
4.91064e-07
1.90387e-06
3.61728e-06
5.49945e-06
7.49086e-06
9.53171e-06
1.1561e-05
1.35187e-05
1.53495e-05
1.7009e-05
1.84441e-05
1.96042e-05
2.04647e-05
2.10323e-05
2.13331e-05
2.1395e-05
2.12456e-05
2.09208e-05
2.04618e-05
1.9906e-05
1.92823e-05
1.86117e-05
1.79094e-05
1.71874e-05
1.64562e-05
1.5726e-05
1.50074e-05
1.43125e-05
1.36545e-05
1.30478e-05
1.25085e-05
1.20538e-05
1.17036e-05
1.14777e-05
1.13923e-05
1.14904e-05
1.18133e-05
1.22867e-05
1.30152e-05
1.47189e-05
1.74341e-05
2.19645e-05
3.03647e-05
3.62622e-05
3.76125e-05
4.00703e-05
4.45931e-05
4.893e-05
5.17118e-05
5.23123e-05
5.08507e-05
4.80985e-05
4.49939e-05
4.24745e-05
4.07999e-05
3.82597e-05
3.43645e-05
3.07292e-05
3.34906e-05
4.5826e-05
6.02774e-05
7.07648e-05
7.50241e-05
7.21954e-05
6.27046e-05
4.9205e-05
3.58147e-05
2.55922e-05
1.89924e-05
1.4762e-05
1.16548e-05
9.10534e-06
7.0059e-06
5.37158e-06
4.20409e-06
3.49616e-06
3.24507e-06
3.42399e-06
3.98156e-06
4.89688e-06
6.1916e-06
7.89764e-06
1.0061e-05
1.30444e-05
1.76825e-05
2.53556e-05
3.61659e-05
4.8536e-05
5.70627e-05
5.87227e-05
5.96025e-05
4.00882e-05
3.03047e-06
3.07292e-06
3.05895e-06
2.93388e-06
2.65034e-06
2.17936e-06
1.51581e-06
7.48055e-07
8.60324e-07
2.05301e-06
3.51535e-06
5.13316e-06
6.85422e-06
8.62876e-06
1.04061e-05
1.21371e-05
1.37742e-05
1.52686e-05
1.65759e-05
1.76726e-05
1.855e-05
1.91991e-05
1.96149e-05
1.98076e-05
1.98029e-05
1.96335e-05
1.93314e-05
1.89256e-05
1.84404e-05
1.78957e-05
1.73071e-05
1.66877e-05
1.60489e-05
1.54019e-05
1.47584e-05
1.41307e-05
1.35326e-05
1.29789e-05
1.2486e-05
1.20712e-05
1.17541e-05
1.15561e-05
1.14932e-05
1.15974e-05
1.19314e-05
1.24625e-05
1.31609e-05
1.45703e-05
1.71691e-05
2.0938e-05
2.89051e-05
3.73301e-05
4.04387e-05
4.21258e-05
4.58426e-05
5.00224e-05
5.29625e-05
5.37279e-05
5.22202e-05
4.91482e-05
4.54947e-05
4.227e-05
3.93772e-05
3.50278e-05
2.77285e-05
1.81655e-05
2.29251e-05
4.09486e-05
5.63573e-05
6.61372e-05
7.04852e-05
6.88595e-05
6.09713e-05
4.87164e-05
3.59309e-05
2.58808e-05
1.9324e-05
1.51166e-05
1.19986e-05
9.39167e-06
7.20161e-06
5.46903e-06
4.21746e-06
3.45556e-06
3.19214e-06
3.39562e-06
3.99223e-06
4.9424e-06
6.26388e-06
7.99734e-06
1.01755e-05
1.30805e-05
1.74066e-05
2.44366e-05
3.44604e-05
4.65513e-05
5.60417e-05
5.89129e-05
6.1931e-05
4.28645e-05
2.56094e-06
2.56982e-06
2.52468e-06
2.38725e-06
2.12427e-06
1.71943e-06
1.1945e-06
7.61408e-07
1.1368e-06
2.13799e-06
3.38145e-06
4.77249e-06
6.26461e-06
7.81417e-06
9.37821e-06
1.09149e-05
1.23844e-05
1.37503e-05
1.49789e-05
1.60409e-05
1.69149e-05
1.75907e-05
1.80696e-05
1.83603e-05
1.84767e-05
1.84376e-05
1.82669e-05
1.7989e-05
1.76257e-05
1.71949e-05
1.67114e-05
1.61883e-05
1.56373e-05
1.50699e-05
1.44983e-05
1.39352e-05
1.33946e-05
1.28916e-05
1.24426e-05
1.20652e-05
1.17786e-05
1.16051e-05
1.15628e-05
1.1674e-05
1.20051e-05
1.25784e-05
1.33038e-05
1.44703e-05
1.68083e-05
2.01544e-05
2.68626e-05
3.70617e-05
4.31185e-05
4.49455e-05
4.75031e-05
5.11532e-05
5.4101e-05
5.50771e-05
5.36562e-05
5.03607e-05
4.61654e-05
4.19576e-05
3.76639e-05
3.14321e-05
1.94131e-05
1.6301e-06
2.61635e-05
4.57687e-05
5.67791e-05
6.23948e-05
6.5239e-05
6.43478e-05
5.81493e-05
4.74681e-05
3.56417e-05
2.60094e-05
1.96107e-05
1.54626e-05
1.23428e-05
9.68236e-06
7.4017e-06
5.56411e-06
4.21638e-06
3.38899e-06
3.10996e-06
3.3437e-06
3.98656e-06
4.97524e-06
6.32173e-06
8.07782e-06
1.02767e-05
1.31354e-05
1.71973e-05
2.36112e-05
3.27374e-05
4.41134e-05
5.40116e-05
5.75972e-05
6.22795e-05
4.31511e-05
2.19634e-06
2.18483e-06
2.1248e-06
1.99046e-06
1.76128e-06
1.4367e-06
1.07467e-06
9.30859e-07
1.36069e-06
2.20524e-06
3.26688e-06
4.46949e-06
5.76859e-06
7.12715e-06
8.5093e-06
9.87982e-06
1.12047e-05
1.24513e-05
1.35894e-05
1.45954e-05
1.54532e-05
1.61517e-05
1.66836e-05
1.70486e-05
1.72553e-05
1.73191e-05
1.72586e-05
1.70924e-05
1.68379e-05
1.65105e-05
1.61241e-05
1.5691e-05
1.52229e-05
1.47313e-05
1.42284e-05
1.3727e-05
1.32411e-05
1.2786e-05
1.23782e-05
1.20353e-05
1.17764e-05
1.16238e-05
1.15986e-05
1.17181e-05
1.20386e-05
1.26279e-05
1.34079e-05
1.44414e-05
1.63969e-05
1.95094e-05
2.47474e-05
3.51842e-05
4.47723e-05
4.84676e-05
5.00799e-05
5.26536e-05
5.52525e-05
5.63645e-05
5.51824e-05
5.18959e-05
4.72641e-05
4.21852e-05
3.70279e-05
2.90601e-05
1.65963e-05
2.47052e-05
4.66603e-05
5.90036e-05
6.0828e-05
5.95193e-05
5.94744e-05
5.87924e-05
5.42563e-05
4.54115e-05
3.48982e-05
2.59599e-05
1.98556e-05
1.58042e-05
1.26861e-05
9.97384e-06
7.6046e-06
5.65818e-06
4.20289e-06
3.29633e-06
2.99692e-06
3.26754e-06
3.96479e-06
4.99642e-06
6.36682e-06
8.13861e-06
1.03564e-05
1.31955e-05
1.70579e-05
2.2926e-05
3.11591e-05
4.1512e-05
5.12397e-05
5.4942e-05
6.06456e-05
4.12445e-05
1.91495e-06
1.89249e-06
1.82893e-06
1.70851e-06
1.52278e-06
1.28766e-06
1.0843e-06
1.11461e-06
1.53133e-06
2.24681e-06
3.15238e-06
4.18946e-06
5.32036e-06
6.51331e-06
7.73766e-06
8.9634e-06
1.01614e-05
1.13042e-05
1.23661e-05
1.33246e-05
1.41615e-05
1.48636e-05
1.54239e-05
1.58419e-05
1.61216e-05
1.62721e-05
1.63054e-05
1.62359e-05
1.60776e-05
1.58438e-05
1.55467e-05
1.51975e-05
1.48073e-05
1.43875e-05
1.39497e-05
1.35069e-05
1.30729e-05
1.26628e-05
1.22931e-05
1.19815e-05
1.17471e-05
1.16119e-05
1.15989e-05
1.17261e-05
1.20351e-05
1.26135e-05
1.34413e-05
1.44522e-05
1.60465e-05
1.88444e-05
2.30197e-05
3.19817e-05
4.43312e-05
5.18494e-05
5.40209e-05
5.52444e-05
5.68697e-05
5.77609e-05
5.68289e-05
5.3823e-05
4.91256e-05
4.40453e-05
3.86908e-05
3.13082e-05
3.31811e-05
5.35328e-05
7.05553e-05
7.29846e-05
6.50539e-05
5.66883e-05
5.32807e-05
5.23755e-05
4.93663e-05
4.25357e-05
3.36735e-05
2.57278e-05
2.00704e-05
1.61508e-05
1.30289e-05
1.02614e-05
7.80662e-06
5.75129e-06
4.17918e-06
3.17789e-06
2.85123e-06
3.16689e-06
3.92798e-06
5.00727e-06
6.40077e-06
8.18035e-06
1.04083e-05
1.32431e-05
1.69738e-05
2.23994e-05
2.98454e-05
3.90696e-05
4.82064e-05
5.15135e-05
5.76035e-05
3.81242e-05
1.69351e-06
1.6681e-06
1.61048e-06
1.5131e-06
1.37766e-06
1.23125e-06
1.15317e-06
1.27299e-06
1.65991e-06
2.27211e-06
3.04836e-06
3.94584e-06
4.93315e-06
5.98305e-06
7.06948e-06
8.16689e-06
9.25036e-06
1.02959e-05
1.1281e-05
1.21857e-05
1.29939e-05
1.36933e-05
1.42748e-05
1.47338e-05
1.50707e-05
1.5291e-05
1.54032e-05
1.54175e-05
1.53449e-05
1.51958e-05
1.49806e-05
1.47094e-05
1.43924e-05
1.40401e-05
1.3664e-05
1.32764e-05
1.2891e-05
1.25227e-05
1.21878e-05
1.1904e-05
1.16905e-05
1.15689e-05
1.15633e-05
1.16948e-05
1.19944e-05
1.25448e-05
1.33875e-05
1.44379e-05
1.58236e-05
1.81578e-05
2.17321e-05
2.84058e-05
4.11732e-05
5.33256e-05
5.88237e-05
5.98619e-05
6.00593e-05
6.00436e-05
5.90097e-05
5.63097e-05
5.21922e-05
4.80024e-05
4.37469e-05
4.44549e-05
6.10346e-05
8.16605e-05
8.94236e-05
8.17907e-05
6.64574e-05
5.30381e-05
4.67101e-05
4.52801e-05
4.35788e-05
3.88662e-05
3.19729e-05
2.53301e-05
2.02792e-05
1.65188e-05
1.3375e-05
1.05408e-05
8.0023e-06
5.84172e-06
4.14754e-06
3.03558e-06
2.67272e-06
3.04343e-06
3.8788e-06
5.01034e-06
6.42639e-06
8.20594e-06
1.0431e-05
1.32623e-05
1.69181e-05
2.20201e-05
2.88508e-05
3.70419e-05
4.54565e-05
4.81245e-05
5.42301e-05
3.518e-05
1.52186e-06
1.49937e-06
1.45398e-06
1.38447e-06
1.29947e-06
1.22933e-06
1.23692e-06
1.39955e-06
1.75362e-06
2.28137e-06
2.94853e-06
3.72519e-06
4.58651e-06
5.51007e-06
6.47414e-06
7.45721e-06
8.43802e-06
9.39591e-06
1.03112e-05
1.11658e-05
1.19441e-05
1.26333e-05
1.32241e-05
1.37111e-05
1.40926e-05
1.43707e-05
1.455e-05
1.46373e-05
1.46405e-05
1.45678e-05
1.44277e-05
1.42287e-05
1.39799e-05
1.3691e-05
1.33728e-05
1.3037e-05
1.26968e-05
1.23668e-05
1.20631e-05
1.18034e-05
1.16068e-05
1.14948e-05
1.14917e-05
1.16218e-05
1.19131e-05
1.24312e-05
1.32506e-05
1.43403e-05
1.56795e-05
1.75996e-05
2.06536e-05
2.55039e-05
3.59467e-05
5.10059e-05
6.21442e-05
6.62534e-05
6.62873e-05
6.51103e-05
6.34128e-05
6.08675e-05
5.79372e-05
5.56389e-05
5.70429e-05
6.97729e-05
8.97971e-05
0.000101534
9.79857e-05
8.29787e-05
6.4041e-05
4.82011e-05
3.97885e-05
3.76316e-05
3.69925e-05
3.44638e-05
2.98433e-05
2.48149e-05
2.05226e-05
1.6933e-05
1.37334e-05
1.08097e-05
8.18511e-06
5.92519e-06
4.10867e-06
2.87159e-06
2.46163e-06
2.89989e-06
3.82028e-06
5.00746e-06
6.44476e-06
8.21679e-06
1.04237e-05
1.32402e-05
1.68566e-05
2.17485e-05
2.81586e-05
3.55524e-05
4.34006e-05
4.55089e-05
5.1655e-05
3.34918e-05
1.38619e-06
1.3705e-06
1.34076e-06
1.29999e-06
1.25998e-06
1.24815e-06
1.30934e-06
1.49012e-06
1.81304e-06
2.27225e-06
2.84912e-06
3.52359e-06
4.27682e-06
5.09074e-06
5.94736e-06
6.8286e-06
7.71641e-06
8.59296e-06
9.4411e-06
1.02448e-05
1.099e-05
1.16646e-05
1.22589e-05
1.27662e-05
1.31827e-05
1.35078e-05
1.37437e-05
1.38943e-05
1.39647e-05
1.39609e-05
1.38894e-05
1.37571e-05
1.35718e-05
1.33422e-05
1.30781e-05
1.27905e-05
1.2492e-05
1.21968e-05
1.19206e-05
1.16808e-05
1.14967e-05
1.13899e-05
1.13846e-05
1.1507e-05
1.17868e-05
1.22754e-05
1.30477e-05
1.41358e-05
1.55024e-05
1.72332e-05
1.97403e-05
2.35259e-05
3.06332e-05
4.46099e-05
6.06136e-05
7.11064e-05
7.48371e-05
7.46096e-05
7.29304e-05
7.10809e-05
7.00801e-05
7.20829e-05
8.15195e-05
9.72846e-05
0.000108384
0.000106992
9.48016e-05
7.71906e-05
5.83838e-05
4.22575e-05
3.25414e-05
2.95366e-05
2.97366e-05
2.94571e-05
2.73979e-05
2.42663e-05
2.08548e-05
1.74258e-05
1.412e-05
1.10711e-05
8.35031e-06
5.99569e-06
4.06094e-06
2.68784e-06
2.21971e-06
2.74291e-06
3.75934e-06
5.00403e-06
6.46019e-06
8.21747e-06
1.03907e-05
1.31724e-05
1.67601e-05
2.15268e-05
2.76964e-05
3.45876e-05
4.21785e-05
4.39901e-05
5.04575e-05
3.32409e-05
1.27997e-06
1.27326e-06
1.26019e-06
1.246e-06
1.24274e-06
1.27249e-06
1.36584e-06
1.5519e-06
1.84625e-06
2.24874e-06
2.74989e-06
3.33688e-06
3.99607e-06
4.71342e-06
5.4745e-06
6.26445e-06
7.06816e-06
7.87046e-06
8.65647e-06
9.41196e-06
1.01238e-05
1.07806e-05
1.13726e-05
1.18925e-05
1.23354e-05
1.26989e-05
1.29827e-05
1.31882e-05
1.33181e-05
1.33763e-05
1.33674e-05
1.32965e-05
1.31702e-05
1.29958e-05
1.2782e-05
1.25391e-05
1.22787e-05
1.20145e-05
1.17618e-05
1.15377e-05
1.13616e-05
1.1255e-05
1.12425e-05
1.1351e-05
1.1613e-05
1.2074e-05
1.27948e-05
1.38375e-05
1.52148e-05
1.6928e-05
1.91081e-05
2.21548e-05
2.69205e-05
3.66669e-05
5.2882e-05
6.92918e-05
8.01831e-05
8.51758e-05
8.67364e-05
8.74942e-05
8.95734e-05
9.56571e-05
0.000105336
0.000111829
0.000108873
9.74455e-05
8.25179e-05
6.70173e-05
5.11791e-05
3.6286e-05
2.57806e-05
2.15843e-05
2.21795e-05
2.41459e-05
2.48895e-05
2.38347e-05
2.13445e-05
1.80323e-05
1.45566e-05
1.1336e-05
8.49854e-06
6.04807e-06
4.00025e-06
2.48392e-06
1.94732e-06
2.58024e-06
3.70215e-06
5.00292e-06
6.47307e-06
8.20795e-06
1.03332e-05
1.30579e-05
1.66063e-05
2.12901e-05
2.73602e-05
3.40189e-05
4.16544e-05
4.34134e-05
5.0517e-05
3.39549e-05
1.19262e-06
1.19525e-06
1.19755e-06
1.20545e-06
1.22964e-06
1.28683e-06
1.39782e-06
1.58177e-06
1.85021e-06
2.20554e-06
2.64361e-06
3.15673e-06
3.73543e-06
4.36917e-06
5.04658e-06
5.75563e-06
6.48375e-06
7.21815e-06
7.94601e-06
8.65488e-06
9.33303e-06
9.96977e-06
1.05557e-05
1.10832e-05
1.15463e-05
1.1941e-05
1.22652e-05
1.25184e-05
1.27011e-05
1.28152e-05
1.28633e-05
1.28492e-05
1.27775e-05
1.26543e-05
1.24872e-05
1.22852e-05
1.20594e-05
1.18224e-05
1.1589e-05
1.13762e-05
1.1203e-05
1.10915e-05
1.10663e-05
1.11551e-05
1.13919e-05
1.18221e-05
1.24955e-05
1.34729e-05
1.481e-05
1.65279e-05
1.86469e-05
2.12622e-05
2.47992e-05
3.0695e-05
4.22402e-05
5.90732e-05
7.55568e-05
8.76601e-05
9.52858e-05
0.000100309
0.000105021
0.000109716
0.000110968
0.000104981
9.2544e-05
7.82694e-05
6.60781e-05
5.61816e-05
4.60494e-05
3.45299e-05
2.39526e-05
1.71244e-05
1.59015e-05
1.93034e-05
2.27606e-05
2.3738e-05
2.20785e-05
1.87917e-05
1.50729e-05
1.16277e-05
8.64138e-06
6.08307e-06
3.92249e-06
2.25587e-06
1.64321e-06
2.42568e-06
3.66058e-06
5.0131e-06
6.48988e-06
8.19324e-06
1.02578e-05
1.2906e-05
1.63911e-05
2.09997e-05
2.70562e-05
3.36634e-05
4.15477e-05
4.34072e-05
5.14101e-05
3.51288e-05
1.12085e-06
1.13216e-06
1.14757e-06
1.17274e-06
1.21646e-06
1.29098e-06
1.41062e-06
1.58851e-06
1.83345e-06
2.14889e-06
2.53373e-06
2.98381e-06
3.49293e-06
4.05353e-06
4.65698e-06
5.29377e-06
5.95373e-06
6.6262e-06
7.30032e-06
7.96524e-06
8.61046e-06
9.22609e-06
9.80316e-06
1.03338e-05
1.08116e-05
1.12316e-05
1.159e-05
1.18846e-05
1.21142e-05
1.22787e-05
1.2379e-05
1.2417e-05
1.23959e-05
1.23203e-05
1.21963e-05
1.20318e-05
1.18368e-05
1.16231e-05
1.14049e-05
1.11986e-05
1.10234e-05
1.09012e-05
1.08575e-05
1.09206e-05
1.11254e-05
1.15183e-05
1.21459e-05
1.3059e-05
1.43229e-05
1.59934e-05
1.811e-05
2.06542e-05
2.36547e-05
2.76175e-05
3.42102e-05
4.57765e-05
6.12225e-05
7.6396e-05
8.83209e-05
9.64424e-05
0.000101082
0.00010093
9.45003e-05
8.26309e-05
6.87394e-05
5.70353e-05
5.06117e-05
4.88781e-05
4.7232e-05
4.1683e-05
3.24919e-05
2.25408e-05
1.55534e-05
1.66369e-05
2.16556e-05
2.42087e-05
2.31273e-05
1.9735e-05
1.57051e-05
1.19874e-05
8.81226e-06
6.11909e-06
3.83398e-06
2.00105e-06
1.29939e-06
2.29249e-06
3.6425e-06
5.03778e-06
6.50969e-06
8.16944e-06
1.01613e-05
1.27177e-05
1.61185e-05
2.06558e-05
2.6735e-05
3.33888e-05
4.16234e-05
4.3686e-05
5.28561e-05
3.65351e-05
1.05372e-06
1.07197e-06
1.09726e-06
1.13455e-06
1.19072e-06
1.27476e-06
1.39675e-06
1.56607e-06
1.78964e-06
2.07118e-06
2.41131e-06
2.8082e-06
3.25812e-06
3.7559e-06
4.29518e-06
4.86864e-06
5.46814e-06
6.08496e-06
6.70998e-06
7.33387e-06
7.94739e-06
8.54159e-06
9.10802e-06
9.63897e-06
1.01276e-05
1.05681e-05
1.09556e-05
1.12865e-05
1.1558e-05
1.17681e-05
1.19162e-05
1.20023e-05
1.20282e-05
1.19966e-05
1.19124e-05
1.17821e-05
1.16143e-05
1.14201e-05
1.12127e-05
1.10082e-05
1.08255e-05
1.06867e-05
1.06182e-05
1.06491e-05
1.08152e-05
1.11636e-05
1.17419e-05
1.25959e-05
1.37826e-05
1.53666e-05
1.74153e-05
1.99658e-05
2.29274e-05
2.62661e-05
3.04721e-05
3.68236e-05
4.64364e-05
5.81208e-05
6.89556e-05
7.66717e-05
7.96894e-05
7.72067e-05
6.96183e-05
5.87373e-05
4.72734e-05
3.93426e-05
3.95165e-05
4.63323e-05
5.28114e-05
5.32952e-05
4.62835e-05
3.4383e-05
2.23976e-05
1.80478e-05
2.22472e-05
2.54259e-05
2.4514e-05
2.08725e-05
1.64903e-05
1.24735e-05
9.07277e-06
6.20579e-06
3.76687e-06
1.73425e-06
9.07338e-07
2.20338e-06
3.66171e-06
5.08665e-06
6.53958e-06
8.14083e-06
1.00446e-05
1.24958e-05
1.58063e-05
2.02884e-05
2.64016e-05
3.31806e-05
4.17974e-05
4.4219e-05
5.48387e-05
3.82357e-05
9.94196e-07
1.01725e-06
1.04925e-06
1.0943e-06
1.15766e-06
1.24589e-06
1.36626e-06
1.52565e-06
1.7296e-06
1.98171e-06
2.28357e-06
2.63487e-06
3.0337e-06
3.47679e-06
3.95971e-06
4.477e-06
5.02238e-06
5.58884e-06
6.16888e-06
6.75461e-06
7.33799e-06
7.91098e-06
8.46573e-06
8.99476e-06
9.49109e-06
9.94837e-06
1.03609e-05
1.07239e-05
1.10329e-05
1.12847e-05
1.14768e-05
1.16077e-05
1.16772e-05
1.16866e-05
1.1639e-05
1.15396e-05
1.13957e-05
1.12171e-05
1.10163e-05
1.08088e-05
1.06131e-05
1.04516e-05
1.03514e-05
1.03433e-05
1.04641e-05
1.07614e-05
1.12848e-05
1.20802e-05
1.31972e-05
1.46915e-05
1.66276e-05
1.9082e-05
2.20659e-05
2.54287e-05
2.90689e-05
3.3277e-05
3.8641e-05
4.52365e-05
5.20123e-05
5.71723e-05
5.9111e-05
5.71736e-05
5.14948e-05
4.27382e-05
3.27128e-05
2.68901e-05
3.23683e-05
4.50413e-05
5.67409e-05
6.187e-05
5.77039e-05
4.56709e-05
3.11043e-05
2.28786e-05
2.47635e-05
2.74269e-05
2.6205e-05
2.21952e-05
1.74599e-05
1.31441e-05
9.49707e-06
6.42536e-06
3.80654e-06
1.55728e-06
5.09625e-07
2.17922e-06
3.72004e-06
5.15763e-06
6.57594e-06
8.10119e-06
9.89708e-06
1.22303e-05
1.54467e-05
1.98925e-05
2.60653e-05
3.30797e-05
4.20662e-05
4.52177e-05
5.74251e-05
4.04928e-05
9.26415e-07
9.51928e-07
9.87389e-07
1.03618e-06
1.10232e-06
1.19068e-06
1.30665e-06
1.45546e-06
1.64163e-06
1.86853e-06
2.13819e-06
2.45127e-06
2.80715e-06
3.20397e-06
3.63882e-06
4.10781e-06
4.60618e-06
5.12845e-06
5.66852e-06
6.21983e-06
6.77548e-06
7.32839e-06
7.87138e-06
8.39734e-06
8.89936e-06
9.37075e-06
9.8052e-06
1.01968e-05
1.05401e-05
1.08303e-05
1.10633e-05
1.12359e-05
1.13462e-05
1.13939e-05
1.13803e-05
1.13089e-05
1.11857e-05
1.10193e-05
1.08211e-05
1.06058e-05
1.03916e-05
1.02012e-05
1.00622e-05
1.00072e-05
1.00751e-05
1.03144e-05
1.07771e-05
1.15108e-05
1.25625e-05
1.39788e-05
1.58074e-05
1.81111e-05
2.09604e-05
2.43358e-05
2.80618e-05
3.19727e-05
3.60757e-05
4.03993e-05
4.46572e-05
4.79846e-05
4.94162e-05
4.81481e-05
4.35373e-05
3.53377e-05
2.46957e-05
1.80194e-05
2.66038e-05
4.27737e-05
5.74818e-05
6.55903e-05
6.40426e-05
5.33548e-05
3.87083e-05
2.91335e-05
2.8777e-05
3.00682e-05
2.8136e-05
2.36929e-05
1.8628e-05
1.40233e-05
1.01269e-05
6.85244e-06
4.07497e-06
1.71813e-06
6.32047e-07
2.26811e-06
3.83001e-06
5.25703e-06
6.62322e-06
8.05272e-06
9.71761e-06
1.19108e-05
1.5012e-05
1.94513e-05
2.57184e-05
3.30914e-05
4.24517e-05
4.70225e-05
6.06167e-05
4.34459e-05
8.65519e-07
8.90422e-07
9.2593e-07
9.74796e-07
1.04003e-06
1.12528e-06
1.23464e-06
1.37217e-06
1.54159e-06
1.74597e-06
1.98753e-06
2.26752e-06
2.5862e-06
2.9428e-06
3.33563e-06
3.76208e-06
4.21873e-06
4.70143e-06
5.20539e-06
5.72527e-06
6.25528e-06
6.78927e-06
7.32077e-06
7.84313e-06
8.34959e-06
8.83329e-06
9.28743e-06
9.70528e-06
1.00803e-05
1.04064e-05
1.06779e-05
1.089e-05
1.10391e-05
1.11229e-05
1.11411e-05
1.10956e-05
1.09907e-05
1.08336e-05
1.06345e-05
1.04073e-05
1.01696e-05
9.94414e-06
9.75919e-06
9.64925e-06
9.65583e-06
9.82996e-06
1.02259e-05
1.08945e-05
1.18811e-05
1.32271e-05
1.49678e-05
1.71397e-05
1.97951e-05
2.29805e-05
2.66534e-05
3.06392e-05
3.47147e-05
3.87029e-05
4.238e-05
4.52916e-05
4.6684e-05
4.56421e-05
4.1248e-05
3.29207e-05
2.07292e-05
9.7685e-06
2.20849e-05
4.17968e-05
5.87333e-05
6.84175e-05
6.8241e-05
5.88992e-05
4.54362e-05
3.58896e-05
3.36393e-05
3.31444e-05
3.02736e-05
2.5371e-05
1.99877e-05
1.50923e-05
1.09569e-05
7.52574e-06
4.67919e-06
2.40634e-06
1.43086e-06
2.53751e-06
4.00057e-06
5.37795e-06
6.67159e-06
7.98567e-06
9.49322e-06
1.15124e-05
1.44796e-05
1.89581e-05
2.53148e-05
3.32411e-05
4.30987e-05
4.98886e-05
6.42789e-05
4.65463e-05
7.82899e-07
8.04903e-07
8.37719e-07
8.83818e-07
9.45552e-07
1.02575e-06
1.1276e-06
1.25436e-06
1.40913e-06
1.59466e-06
1.81318e-06
2.06624e-06
2.35465e-06
2.67839e-06
3.03665e-06
3.42784e-06
3.84961e-06
4.29893e-06
4.77215e-06
5.26502e-06
5.77278e-06
6.29019e-06
6.81155e-06
7.33075e-06
7.84129e-06
8.33631e-06
8.80868e-06
9.25105e-06
9.65595e-06
1.0016e-05
1.03243e-05
1.05743e-05
1.07607e-05
1.08795e-05
1.09284e-05
1.09075e-05
1.08195e-05
1.06698e-05
1.04673e-05
1.02248e-05
9.95911e-06
9.69271e-06
9.45452e-06
9.28093e-06
9.21655e-06
9.31612e-06
9.63815e-06
1.02372e-05
1.11584e-05
1.24375e-05
1.41016e-05
1.61715e-05
1.86698e-05
2.16267e-05
2.50526e-05
2.8874e-05
3.2912e-05
3.69507e-05
4.07221e-05
4.37661e-05
4.53766e-05
4.46465e-05
4.06469e-05
3.23813e-05
1.86965e-05
9.68088e-07
2.31979e-05
4.56349e-05
6.39982e-05
7.45406e-05
7.49299e-05
6.61769e-05
5.33366e-05
4.33976e-05
3.90864e-05
3.66083e-05
3.26716e-05
2.72565e-05
2.15112e-05
1.62865e-05
1.19096e-05
8.3765e-06
5.57001e-06
3.48353e-06
2.5383e-06
3.09327e-06
4.28633e-06
5.53661e-06
6.72278e-06
7.90095e-06
9.22414e-06
1.10403e-05
1.3878e-05
1.84115e-05
2.48527e-05
3.37474e-05
4.42357e-05
5.37585e-05
6.76365e-05
4.89518e-05
7.17595e-07
7.31705e-07
7.56998e-07
7.95766e-07
8.49889e-07
9.21646e-07
1.01361e-06
1.12841e-06
1.2686e-06
1.43659e-06
1.63448e-06
1.8639e-06
2.12597e-06
2.4212e-06
2.74943e-06
3.10987e-06
3.5011e-06
3.92107e-06
4.36713e-06
4.83607e-06
5.3241e-06
5.82685e-06
6.33938e-06
6.85611e-06
7.37089e-06
7.87692e-06
8.36687e-06
8.8329e-06
9.2668e-06
9.66019e-06
1.00047e-05
1.02925e-05
1.05163e-05
1.06702e-05
1.07499e-05
1.07534e-05
1.06815e-05
1.05378e-05
1.03297e-05
1.00687e-05
9.77085e-06
9.45822e-06
9.16022e-06
8.91506e-06
8.77083e-06
8.78691e-06
9.02743e-06
9.55221e-06
1.0407e-05
1.1622e-05
1.32145e-05
1.51952e-05
1.7572e-05
2.03533e-05
2.35395e-05
2.70954e-05
3.09382e-05
3.49191e-05
3.87551e-05
4.20072e-05
4.40307e-05
4.39812e-05
4.08021e-05
3.29879e-05
2.04166e-05
1.52473e-05
3.18601e-05
5.23695e-05
7.02168e-05
8.17592e-05
8.39501e-05
7.65359e-05
6.38886e-05
5.25112e-05
4.54911e-05
4.06903e-05
3.54688e-05
2.93876e-05
2.31599e-05
1.75141e-05
1.28458e-05
9.22605e-06
6.53534e-06
4.68228e-06
3.78774e-06
3.94207e-06
4.75181e-06
5.7666e-06
6.78434e-06
7.79584e-06
8.91374e-06
1.05352e-05
1.32636e-05
1.78392e-05
2.45684e-05
3.48534e-05
4.58117e-05
5.82043e-05
6.87418e-05
5.17068e-05
6.16919e-07
6.20282e-07
6.34754e-07
6.63286e-07
7.07799e-07
7.70305e-07
8.52935e-07
9.57743e-07
1.08672e-06
1.24179e-06
1.42473e-06
1.63704e-06
1.8799e-06
2.15406e-06
2.45979e-06
2.79689e-06
3.16462e-06
3.5617e-06
3.98637e-06
4.43629e-06
4.90854e-06
5.39962e-06
5.90533e-06
6.42077e-06
6.94027e-06
7.45734e-06
7.9647e-06
8.45427e-06
8.91725e-06
9.34433e-06
9.72583e-06
1.00521e-05
1.03139e-05
1.05031e-05
1.06132e-05
1.06397e-05
1.05813e-05
1.044e-05
1.02217e-05
9.93667e-06
9.60042e-06
9.23467e-06
8.86934e-06
8.54456e-06
8.31213e-06
8.23709e-06
8.39093e-06
8.83971e-06
9.63029e-06
1.07865e-05
1.23147e-05
1.42137e-05
1.64825e-05
1.91197e-05
2.21188e-05
2.5469e-05
2.91423e-05
3.30328e-05
3.6926e-05
4.04721e-05
4.31218e-05
4.40696e-05
4.2006e-05
3.60766e-05
2.95017e-05
2.94112e-05
3.79982e-05
5.16863e-05
6.69095e-05
8.02983e-05
8.75187e-05
8.53567e-05
7.54039e-05
6.32698e-05
5.33556e-05
4.57874e-05
3.88641e-05
3.18122e-05
2.48877e-05
1.86552e-05
1.35574e-05
9.76274e-06
7.18361e-06
5.6198e-06
4.91284e-06
4.92418e-06
5.41906e-06
6.14201e-06
6.92183e-06
7.71515e-06
8.60979e-06
1.00654e-05
1.26655e-05
1.73574e-05
2.47129e-05
3.6042e-05
4.73707e-05
6.21936e-05
6.61016e-05
5.87715e-05
5.70161e-07
5.53198e-07
5.46727e-07
5.54734e-07
5.80036e-07
6.25297e-07
6.92738e-07
7.83924e-07
9.0004e-07
1.04216e-06
1.21134e-06
1.40864e-06
1.63499e-06
1.89117e-06
2.17769e-06
2.49473e-06
2.84213e-06
3.21931e-06
3.62528e-06
4.05856e-06
4.51714e-06
4.9984e-06
5.49902e-06
6.01487e-06
6.54088e-06
7.07096e-06
7.59789e-06
8.11329e-06
8.60758e-06
9.07019e-06
9.48973e-06
9.85445e-06
1.01528e-05
1.0374e-05
1.0509e-05
1.05515e-05
1.0498e-05
1.03492e-05
1.01097e-05
9.78927e-06
9.40299e-06
8.97281e-06
8.52961e-06
8.11607e-06
7.78894e-06
7.62048e-06
7.69136e-06
8.07371e-06
8.81403e-06
9.92617e-06
1.14025e-05
1.32291e-05
1.53961e-05
1.78993e-05
2.07434e-05
2.3941e-05
2.74837e-05
3.13202e-05
3.53381e-05
3.92927e-05
4.27561e-05
4.48783e-05
4.4801e-05
4.33907e-05
4.07314e-05
3.48003e-05
2.92198e-05
3.26609e-05
4.44952e-05
5.99236e-05
7.47506e-05
8.3279e-05
8.20043e-05
7.32627e-05
6.22366e-05
5.20623e-05
4.30207e-05
3.45784e-05
2.66516e-05
1.95948e-05
1.38403e-05
9.65415e-06
7.05292e-06
5.79267e-06
5.44819e-06
5.61908e-06
6.04816e-06
6.58706e-06
7.13744e-06
7.6743e-06
8.3022e-06
9.50286e-06
1.18171e-05
1.66674e-05
2.43322e-05
3.61572e-05
4.80617e-05
6.47795e-05
6.26484e-05
7.25109e-05
4.95891e-07
4.54186e-07
4.18095e-07
3.94588e-07
3.90389e-07
4.12138e-07
4.63891e-07
5.45965e-07
6.56784e-07
7.94873e-07
9.59569e-07
1.15094e-06
1.3695e-06
1.61595e-06
1.89099e-06
2.19521e-06
2.52899e-06
2.89249e-06
3.28553e-06
3.70755e-06
4.15753e-06
4.63382e-06
5.13401e-06
5.65471e-06
6.19133e-06
6.73792e-06
7.28695e-06
7.82926e-06
8.35406e-06
8.84915e-06
9.3012e-06
9.69633e-06
1.00207e-05
1.02615e-05
1.04076e-05
1.04507e-05
1.03859e-05
1.02126e-05
9.9345e-06
9.56056e-06
9.10552e-06
8.59145e-06
8.05052e-06
7.52904e-06
7.09173e-06
6.8238e-06
6.82226e-06
7.16825e-06
7.90083e-06
9.01272e-06
1.04737e-05
1.22546e-05
1.43395e-05
1.67308e-05
1.94456e-05
2.25045e-05
2.59266e-05
2.973e-05
3.38854e-05
3.82566e-05
4.25426e-05
4.63629e-05
4.99662e-05
5.16585e-05
4.66462e-05
3.38748e-05
1.76208e-05
3.41618e-06
1.10556e-05
2.46502e-05
4.32905e-05
6.32867e-05
7.61514e-05
7.74447e-05
6.99084e-05
5.89286e-05
4.78729e-05
3.76538e-05
2.83558e-05
2.01826e-05
1.34772e-05
8.54689e-06
5.64667e-06
4.78738e-06
5.16033e-06
5.85636e-06
6.52611e-06
7.0846e-06
7.48623e-06
7.72049e-06
7.85973e-06
8.27318e-06
9.64233e-06
1.41333e-05
2.18208e-05
3.46759e-05
4.69099e-05
6.85478e-05
6.59607e-05
9.02323e-05
5.66448e-07
5.0013e-07
4.3122e-07
3.62919e-07
3.00131e-07
2.55332e-07
2.51156e-07
3.03168e-07
4.03277e-07
5.38173e-07
7.00992e-07
8.89473e-07
1.10345e-06
1.34366e-06
1.61114e-06
1.90704e-06
2.23245e-06
2.58827e-06
2.97515e-06
3.39331e-06
3.84241e-06
4.32133e-06
4.82794e-06
5.3589e-06
5.90937e-06
6.47288e-06
7.0412e-06
7.60431e-06
8.15049e-06
8.66656e-06
9.13816e-06
9.55025e-06
9.88771e-06
1.01361e-05
1.02825e-05
1.03167e-05
1.02319e-05
1.00257e-05
9.69986e-06
9.26155e-06
8.72377e-06
8.10722e-06
7.44392e-06
6.78323e-06
6.20055e-06
5.80446e-06
5.72588e-06
6.06812e-06
6.85348e-06
8.03265e-06
9.53819e-06
1.13227e-05
1.33673e-05
1.56763e-05
1.82683e-05
2.11719e-05
2.44264e-05
2.80811e-05
3.21525e-05
3.67223e-05
4.21968e-05
4.88235e-05
5.51016e-05
5.94366e-05
6.05628e-05
5.5396e-05
4.59613e-05
3.79055e-05
3.334e-05
2.96488e-05
2.68279e-05
3.74039e-05
5.81524e-05
7.20778e-05
7.30707e-05
6.47603e-05
5.2897e-05
4.08746e-05
2.98697e-05
2.02708e-05
1.23351e-05
6.28432e-06
2.83904e-06
3.73115e-06
5.74199e-06
7.36256e-06
8.56136e-06
9.40541e-06
9.90463e-06
1.00364e-05
9.71024e-06
8.8222e-06
7.78173e-06
1.05045e-05
1.82269e-05
3.09101e-05
4.84179e-05
7.97263e-05
7.82298e-05
0.000108147
6.81456e-07
6.09562e-07
5.30113e-07
4.43955e-07
3.49978e-07
2.46985e-07
1.35019e-07
4.27417e-08
1.48716e-07
3.04549e-07
4.81036e-07
6.78582e-07
8.98838e-07
1.14361e-06
1.41467e-06
1.71365e-06
2.04198e-06
2.4008e-06
2.79085e-06
3.21235e-06
3.66487e-06
4.14718e-06
4.65706e-06
5.1912e-06
5.74506e-06
6.31272e-06
6.88678e-06
7.45831e-06
8.01673e-06
8.54979e-06
9.0436e-06
9.48279e-06
9.85091e-06
1.01311e-05
1.03074e-05
1.03656e-05
1.02954e-05
1.00906e-05
9.7496e-06
9.27629e-06
8.68046e-06
7.97923e-06
7.2009e-06
6.39198e-06
5.63025e-06
5.04412e-06
4.81497e-06
5.10125e-06
5.91955e-06
7.16271e-06
8.71353e-06
1.04992e-05
1.24878e-05
1.46695e-05
1.70425e-05
1.96096e-05
2.23943e-05
2.55e-05
2.92512e-05
3.45164e-05
4.19491e-05
5.09108e-05
6.54142e-05
8.61863e-05
9.46423e-05
8.42434e-05
6.75865e-05
5.62738e-05
5.283e-05
5.2531e-05
5.06526e-05
4.62577e-05
5.007e-05
6.39763e-05
7.18952e-05
6.82902e-05
5.72679e-05
4.39129e-05
3.10393e-05
1.97221e-05
1.03084e-05
2.86936e-06
3.02857e-06
7.31544e-06
1.05666e-05
1.30547e-05
1.49842e-05
1.64746e-05
1.75572e-05
1.81985e-05
1.82051e-05
1.72025e-05
1.48975e-05
1.25831e-05
1.27683e-05
3.07028e-05
6.55972e-05
9.83788e-05
9.36751e-05
0.000124749
9.2204e-07
8.43615e-07
7.58842e-07
6.68045e-07
5.71086e-07
4.69187e-07
3.67066e-07
2.80156e-07
2.50224e-07
3.18694e-07
4.62165e-07
6.49089e-07
8.67309e-07
1.11317e-06
1.38584e-06
1.68546e-06
2.01246e-06
2.36733e-06
2.7505e-06
3.16229e-06
3.60295e-06
4.07262e-06
4.57128e-06
5.0987e-06
5.65416e-06
6.23609e-06
6.84151e-06
7.46531e-06
8.09948e-06
8.73244e-06
9.34863e-06
9.92859e-06
1.04496e-05
1.08868e-05
1.12159e-05
1.14152e-05
1.14681e-05
1.13644e-05
1.10999e-05
1.06777e-05
1.01077e-05
9.40696e-06
8.60264e-06
7.73597e-06
6.87001e-06
6.10406e-06
5.58684e-06
5.49151e-06
5.9205e-06
6.83136e-06
8.09827e-06
9.60608e-06
1.12802e-05
1.30766e-05
1.49752e-05
1.7009e-05
1.93399e-05
2.22935e-05
2.63052e-05
3.23323e-05
4.29184e-05
6.58675e-05
0.000104046
0.000130617
0.000124414
0.000100288
7.82417e-05
6.84804e-05
6.85329e-05
7.02534e-05
7.13051e-05
7.06122e-05
6.79639e-05
7.00023e-05
7.44544e-05
7.20507e-05
6.15522e-05
4.7026e-05
3.21749e-05
1.88641e-05
7.71923e-06
1.33791e-06
8.2849e-06
1.37432e-05
1.80128e-05
2.13774e-05
2.4013e-05
2.60002e-05
2.73282e-05
2.78922e-05
2.73228e-05
2.48819e-05
1.93343e-05
8.57164e-06
1.51527e-05
5.47311e-05
9.68273e-05
0.000116763
0.000108655
0.000140299
1.08764e-06
1.00727e-06
9.23127e-07
8.36978e-07
7.5096e-07
6.6945e-07
6.00119e-07
5.55285e-07
5.50548e-07
5.97347e-07
6.95895e-07
8.38498e-07
1.01708e-06
1.22648e-06
1.46447e-06
1.73114e-06
2.02848e-06
2.36013e-06
2.73131e-06
3.14866e-06
3.61985e-06
4.153e-06
4.75579e-06
5.43435e-06
6.19191e-06
7.02767e-06
7.93564e-06
8.9039e-06
9.91427e-06
1.09425e-05
1.19589e-05
1.29298e-05
1.38192e-05
1.45911e-05
1.52129e-05
1.56593e-05
1.59134e-05
1.59677e-05
1.58233e-05
1.54903e-05
1.49863e-05
1.43359e-05
1.35726e-05
1.27389e-05
1.18856e-05
1.10759e-05
1.03883e-05
9.91098e-06
9.7253e-06
9.8801e-06
1.03767e-05
1.11865e-05
1.22849e-05
1.36617e-05
1.52904e-05
1.70659e-05
1.87303e-05
2.01945e-05
2.4029e-05
3.81047e-05
6.81594e-05
0.000114466
0.000156757
0.000162558
0.000140507
0.000112415
9.32853e-05
9.13447e-05
9.44629e-05
9.46435e-05
9.25967e-05
9.19704e-05
9.18321e-05
9.06738e-05
8.86076e-05
8.21293e-05
6.92806e-05
5.24688e-05
3.51732e-05
1.9653e-05
7.15501e-06
5.62674e-06
1.3051e-05
1.91891e-05
2.38417e-05
2.71598e-05
2.92186e-05
3.00121e-05
2.94603e-05
2.73771e-05
2.32267e-05
1.6035e-05
4.26086e-06
1.70026e-05
5.14212e-05
9.47469e-05
0.000126689
0.000128856
0.000124253
0.000154317
1.58728e-06
1.57226e-06
1.56606e-06
1.56908e-06
1.5838e-06
1.61348e-06
1.66109e-06
1.73001e-06
1.82436e-06
1.94874e-06
2.10822e-06
2.30843e-06
2.55552e-06
2.85613e-06
3.2173e-06
3.64629e-06
4.15029e-06
4.7361e-06
5.40966e-06
6.17551e-06
7.03626e-06
7.99197e-06
9.03963e-06
1.01727e-05
1.13807e-05
1.26491e-05
1.39594e-05
1.5289e-05
1.66124e-05
1.79009e-05
1.91242e-05
2.02505e-05
2.1248e-05
2.20861e-05
2.27388e-05
2.31892e-05
2.34297e-05
2.34605e-05
2.32897e-05
2.29331e-05
2.24134e-05
2.17592e-05
2.1007e-05
2.01986e-05
1.93808e-05
1.86051e-05
1.79294e-05
1.74084e-05
1.70819e-05
1.69561e-05
1.69895e-05
1.70936e-05
1.71343e-05
1.69087e-05
1.61673e-05
1.50623e-05
1.61329e-05
2.57532e-05
4.72191e-05
7.99641e-05
0.000123234
0.000168729
0.000186863
0.000173042
0.000153185
0.000127404
0.000115209
0.000118087
0.000120551
0.000119018
0.000114477
0.000111721
0.000113045
0.000114309
0.00011105
0.000101013
8.44533e-05
6.43031e-05
4.41848e-05
2.67441e-05
1.40261e-05
1.01169e-05
1.42239e-05
1.86525e-05
2.13009e-05
2.18635e-05
2.02922e-05
1.66278e-05
1.10174e-05
4.26028e-06
7.98782e-06
2.0549e-05
3.79449e-05
6.26629e-05
9.72288e-05
0.000129314
0.000143254
0.000134175
0.000141837
0.000162943
5.35665e-06
5.6097e-06
5.88095e-06
6.16736e-06
6.4714e-06
6.79585e-06
7.14233e-06
7.51266e-06
7.90879e-06
8.33239e-06
8.78483e-06
9.26718e-06
9.78007e-06
1.03235e-05
1.08969e-05
1.14986e-05
1.21262e-05
1.27759e-05
1.34428e-05
1.41212e-05
1.48042e-05
1.54841e-05
1.61532e-05
1.68039e-05
1.74295e-05
1.8025e-05
1.8587e-05
1.91143e-05
1.9607e-05
2.00661e-05
2.04914e-05
2.08805e-05
2.12263e-05
2.15157e-05
2.17325e-05
2.18627e-05
2.18945e-05
2.18166e-05
2.16189e-05
2.12991e-05
2.08569e-05
2.02904e-05
1.96098e-05
1.88275e-05
1.79502e-05
1.69906e-05
1.59538e-05
1.48251e-05
1.35674e-05
1.21094e-05
1.03852e-05
8.63544e-06
8.40799e-06
1.24499e-05
2.12593e-05
3.46344e-05
5.29259e-05
7.63497e-05
0.000104397
0.000136114
0.000169744
0.000188945
0.000180449
0.000172323
0.000162147
0.000141193
0.000129885
0.000129927
0.000131608
0.000132223
0.000130392
0.000128499
0.000130976
0.000135471
0.000134785
0.000124797
0.000106461
8.39003e-05
6.15739e-05
4.25682e-05
2.84718e-05
1.96666e-05
1.51559e-05
1.26135e-05
1.06359e-05
1.08222e-05
1.58966e-05
2.49706e-05
3.63438e-05
4.89582e-05
6.21704e-05
7.58273e-05
9.08923e-05
0.000109538
0.00013148
0.000142394
0.000142907
0.000135169
0.000157636
0.000157881
1.29489e-05
1.3165e-05
1.33482e-05
1.3493e-05
1.36017e-05
1.36704e-05
1.36929e-05
1.3664e-05
1.35777e-05
1.34268e-05
1.32031e-05
1.2898e-05
1.25024e-05
1.20072e-05
1.14032e-05
1.06826e-05
9.83881e-06
8.8687e-06
7.77419e-06
6.56697e-06
5.27914e-06
3.99501e-06
2.95654e-06
2.73774e-06
3.6469e-06
5.18356e-06
6.95778e-06
8.80457e-06
1.0637e-05
1.23951e-05
1.40324e-05
1.55127e-05
1.68116e-05
1.79158e-05
1.88104e-05
1.9476e-05
1.99052e-05
2.01172e-05
2.014e-05
2.00146e-05
1.97995e-05
1.95684e-05
1.94199e-05
1.94756e-05
1.98741e-05
2.07858e-05
2.23853e-05
2.48436e-05
2.83298e-05
3.30404e-05
3.92383e-05
4.72462e-05
5.73951e-05
6.99376e-05
8.49452e-05
0.000102094
0.000120355
0.000137993
0.00015344
0.000166073
0.000170942
0.000157787
0.000150176
0.000162003
0.000162297
0.000145022
0.000131278
0.000129221
0.000133279
0.00013843
0.000140818
0.000141376
0.000145445
0.000152876
0.000155866
0.000148427
0.000130932
0.000108017
8.48889e-05
6.5126e-05
5.04029e-05
4.10752e-05
3.72369e-05
3.89619e-05
4.57568e-05
5.62445e-05
6.88271e-05
8.21292e-05
9.50641e-05
0.000106752
0.0001167
0.000124931
0.000132358
0.000138574
0.000138516
0.000127818
0.000129191
0.000133391
0.000161369
0.000130821
1.4934e-06
7.68808e-07
1.65854e-06
3.16651e-06
4.85859e-06
6.69439e-06
8.67316e-06
1.07976e-05
1.30729e-05
1.55053e-05
1.8101e-05
2.08651e-05
2.38015e-05
2.69118e-05
3.01953e-05
3.3648e-05
3.7262e-05
4.10253e-05
4.49204e-05
4.89249e-05
5.30102e-05
5.71419e-05
6.12799e-05
6.53785e-05
6.93878e-05
7.32552e-05
7.6927e-05
8.03506e-05
8.34773e-05
8.62653e-05
8.8683e-05
9.0712e-05
9.23517e-05
9.36229e-05
9.4551e-05
9.51615e-05
9.5498e-05
9.55964e-05
9.55054e-05
9.52993e-05
9.50638e-05
9.48917e-05
9.49024e-05
9.52238e-05
9.59823e-05
9.73245e-05
9.94104e-05
0.000102382
0.000106385
0.000111572
0.000118069
0.000125913
0.000134942
0.000144607
0.000153895
0.00016133
0.000165018
0.000163216
0.000154728
0.000138885
0.000113678
9.39266e-05
0.000108309
0.000144732
0.000157422
0.000139415
0.000126424
0.000128545
0.000135032
0.000140594
0.000144349
0.00014738
0.000154675
0.00016572
0.000172669
0.000168847
0.000153978
0.000132772
0.000110996
9.30686e-05
8.16252e-05
7.79501e-05
8.17869e-05
9.11693e-05
0.000103417
0.000116119
0.000127601
0.000136954
0.000143894
0.000148429
0.000150632
0.000149856
0.00014446
0.000130899
0.000109199
9.35132e-05
0.000110012
0.000128073
0.000141624
8.50185e-05
7.03149e-05
7.34835e-05
7.67883e-05
8.02049e-05
8.36919e-05
8.72434e-05
9.0859e-05
9.45359e-05
9.82722e-05
0.000102065
0.000105911
0.000109802
0.000113731
0.000117686
0.000121654
0.000125618
0.000129559
0.000133455
0.000137282
0.000141013
0.000144621
0.000148077
0.00015135
0.000154413
0.000157237
0.000159797
0.000162073
0.000164046
0.000165705
0.00016704
0.000168052
0.000168741
0.000169146
0.000169334
0.000169394
0.000169302
0.000169025
0.00016863
0.000168166
0.000167694
0.000167286
0.00016703
0.000167009
0.000167307
0.000168001
0.000169126
0.000170666
0.000172514
0.000174482
0.000176311
0.000177676
0.000178172
0.000177213
0.000174065
0.00016792
0.0001579
0.000142917
0.000121966
9.4695e-05
6.29815e-05
3.79365e-05
3.35074e-05
7.18223e-05
0.000137135
0.000170983
0.000149813
0.000116513
0.000115935
0.000128145
0.000135575
0.000140015
0.000146704
0.000159261
0.000174933
0.000185055
0.00018405
0.000172365
0.000155085
0.000138861
0.000128964
0.000127613
0.000133857
0.00014428
0.00015522
0.000164088
0.000169676
0.00017184
0.000170968
0.000167567
0.000161803
0.00015334
0.000140966
0.000123028
9.93965e-05
7.87374e-05
7.16096e-05
9.65112e-05
0.000118725
0.000104529
6.24357e-05
0.000173431
0.000175463
0.000177478
0.00017939
0.000181213
0.000182946
0.000184591
0.000186149
0.000187618
0.000188996
0.000190279
0.000191461
0.000192538
0.000193503
0.000194351
0.000195076
0.000195673
0.000196141
0.000196478
0.000196686
0.000196772
0.000196744
0.000196619
0.000196414
0.000196153
0.000195862
0.000195568
0.000195299
0.000195077
0.000194919
0.000194833
0.000194805
0.000194795
0.000194747
0.000194587
0.00019435
0.000194021
0.000193575
0.000192992
0.000192258
0.00019136
0.000190274
0.000188965
0.000187387
0.000185482
0.000183174
0.000180371
0.00017696
0.000172748
0.000167466
0.000160806
0.000152484
0.000142218
0.000129776
0.000115086
9.82927e-05
7.98177e-05
6.06221e-05
4.49217e-05
4.09768e-05
3.96972e-05
3.0523e-05
6.4996e-05
0.000132192
0.000192052
0.000199474
0.000149733
8.45076e-05
5.39432e-05
7.27498e-05
9.927e-05
0.000126656
0.000155053
0.000179829
0.000194566
0.000197443
0.000192595
0.000186558
0.000185445
0.000190842
0.00019998
0.000208556
0.000213607
0.000214288
0.000211177
0.000205449
0.000198268
0.000190399
0.000182177
0.000173318
0.000163315
0.000151454
0.000138676
0.000126885
0.00011838
0.000109408
0.000103931
0.000103496
6.56892e-05
4.16136e-05
0.000188762
0.00018701
0.000185708
0.000184315
0.000182834
0.000181248
0.000179542
0.000177711
0.000175747
0.000173639
0.000171376
0.000168949
0.000166349
0.00016357
0.000160608
0.00015746
0.000154128
0.000150619
0.00014694
0.000143105
0.000139133
0.000135047
0.000130875
0.00012665
0.000122414
0.000118214
0.000114104
0.000110152
0.000106431
0.000103028
0.000100026
9.75032e-05
9.55862e-05
9.45452e-05
9.45771e-05
9.55524e-05
9.73713e-05
9.99899e-05
0.00010333
0.000107258
0.000111625
0.000116267
0.000121015
0.000125711
0.00013021
0.000134383
0.000138094
0.000141209
0.00014365
0.000145469
0.000146912
0.000148341
0.000150148
0.000152669
0.00015621
0.000161085
0.000167626
0.000176744
0.000190475
0.000209938
0.000231549
0.000245365
0.00024055
0.000213939
0.00017595
0.000180488
0.000240905
0.000306323
0.00035216
0.000372895
0.000368491
0.000339448
0.00028675
0.000217505
0.000153615
0.000140865
0.000187024
0.000244793
0.000289608
0.000315931
0.000325484
0.000322708
0.000312399
0.000298379
0.000283323
0.000268932
0.00025616
0.000245546
0.000237241
0.000231436
0.00022858
0.000230499
0.000239966
0.000258864
0.000286122
0.000308438
0.000316686
0.000278681
0.000189966
0.000165973
1.70591e-05
1.10806e-05
1.94502e-05
3.82316e-05
5.15745e-05
5.91474e-05
6.32731e-05
6.6811e-05
7.2725e-05
7.81618e-05
7.65953e-05
6.97549e-05
6.53886e-05
7.71211e-05
0.000113799
0.000168607
0.000232735
0.000296721
0.000353585
0.000399334
0.000432434
0.000452665
0.000460103
0.000455265
0.000440351
0.000418008
0.000390947
0.000360318
0.000327715
0.000293503
0.00025817
0.000223191
0.0001922
0.000170832
0.000164368
0.000172802
0.000190468
0.0002112
0.000230705
0.00024644
0.000257276
0.000264604
0.00027217
0.000281663
0.000289672
0.000290941
0.000283781
0.000271895
0.000259717
0.00024776
0.000234413
0.000219217
0.000202329
0.000183316
0.000161685
0.000137831
0.000113587
9.29091e-05
8.20088e-05
8.53238e-05
9.91011e-05
0.000115442
0.00012817
0.000133641
0.000130188
0.000117761
9.92607e-05
8.26664e-05
8.25846e-05
0.000105588
0.000141469
0.000180182
0.000216463
0.00024794
0.00027384
0.000294191
0.000309376
0.000320005
0.000327015
0.000331633
0.000334808
0.000337018
0.000338583
0.000339798
0.000340961
0.000342365
0.000344392
0.000347687
0.00035315
0.000362179
0.000375197
0.000390162
0.000396234
0.000384297
0.000336241
0.000279686
0.000232086
0.000252304
0.000329669
0.000256463
1.3748e-05
3.6227e-05
5.12488e-05
5.34869e-05
5.00434e-05
4.02475e-05
2.49586e-05
8.31248e-06
5.19116e-06
1.47492e-05
4.19522e-05
7.87983e-05
0.000122147
0.000169713
0.000211209
0.000234976
0.000237433
0.000220847
0.000189903
0.000151042
0.000111419
7.88648e-05
6.3156e-05
6.82422e-05
8.64889e-05
0.000106381
0.000119969
0.000129074
0.000137172
0.000147897
0.000160487
0.000170252
0.000171926
0.000163492
0.000146762
0.000125724
0.000104842
8.80391e-05
7.78003e-05
7.44005e-05
7.5617e-05
7.70627e-05
7.50489e-05
7.33668e-05
7.99264e-05
8.821e-05
9.06768e-05
9.00777e-05
8.83121e-05
8.54999e-05
8.1319e-05
7.6665e-05
7.47859e-05
7.65562e-05
8.01657e-05
8.35827e-05
8.54399e-05
8.4829e-05
8.10402e-05
7.34423e-05
6.18491e-05
4.66284e-05
2.96115e-05
1.95901e-05
3.27618e-05
5.5319e-05
7.72182e-05
9.55562e-05
0.000109244
0.000118533
0.000124629
0.00012926
0.000134274
0.000141136
0.00015056
0.000162366
0.000175699
0.000189424
0.000202472
0.000213959
0.000223253
0.000230029
0.000234131
0.000235551
0.000234331
0.000230466
0.000223797
0.000213788
0.000199603
0.000181076
0.000161033
0.000144001
0.000135284
0.000147166
0.000189599
0.000256858
0.000267409
0.000184831
0.000144481
0.000243689
3.93633e-05
7.58326e-05
7.30083e-05
5.51443e-05
3.85703e-05
2.75881e-05
2.63546e-05
3.73484e-05
4.72826e-05
6.27457e-05
8.9169e-05
0.000117209
0.000147017
0.000170861
0.000178484
0.00016658
0.000139726
0.000106007
7.26292e-05
4.33749e-05
2.05375e-05
2.35521e-05
4.94293e-05
7.91715e-05
0.000106981
0.000126655
0.00013478
0.000132014
0.000125095
0.000123143
0.000130182
0.000141125
0.000147362
0.000144347
0.000132194
0.000113857
9.30513e-05
7.27632e-05
5.51979e-05
4.29187e-05
3.9637e-05
4.54254e-05
5.39059e-05
5.52776e-05
4.01671e-05
2.2841e-05
3.96498e-05
5.48683e-05
6.07822e-05
6.36416e-05
6.46919e-05
6.38781e-05
6.47493e-05
6.92121e-05
7.50204e-05
7.99142e-05
8.30901e-05
8.43266e-05
8.33137e-05
7.9522e-05
7.28558e-05
6.41436e-05
5.60159e-05
5.335e-05
5.95947e-05
7.23969e-05
8.65832e-05
9.8406e-05
0.000105897
0.000108526
0.000106674
0.000101257
9.35121e-05
8.47628e-05
7.62648e-05
6.91167e-05
6.42174e-05
6.22321e-05
6.35149e-05
6.80646e-05
7.54657e-05
8.48249e-05
9.51211e-05
0.000105342
0.000114508
0.000121902
0.000127041
0.000129433
0.00012802
0.000120827
0.000106914
9.19873e-05
9.2387e-05
0.000127659
0.000189441
0.000241227
0.000232387
0.000174015
9.4023e-05
0.000116071
8.42459e-05
8.73366e-05
5.28063e-05
2.6619e-05
2.20801e-05
2.96186e-05
3.84061e-05
4.65818e-05
5.50282e-05
7.56783e-05
0.000100267
0.000119534
0.000132845
0.000134188
0.000120741
9.58127e-05
6.74764e-05
4.35933e-05
2.7251e-05
1.62108e-05
1.38678e-05
3.12693e-05
5.76463e-05
8.61906e-05
0.000113411
0.000134249
0.000142535
0.000135931
0.000120783
0.000109568
0.000110123
0.000118312
0.000125059
0.000124331
0.000115147
0.000100064
8.28574e-05
6.64586e-05
5.205e-05
3.94537e-05
2.89446e-05
2.33097e-05
2.63732e-05
3.59054e-05
4.12134e-05
2.99982e-05
1.12162e-05
3.22726e-05
4.98209e-05
5.57957e-05
5.56661e-05
5.51256e-05
5.82703e-05
6.49778e-05
7.21457e-05
7.81497e-05
8.28482e-05
8.61975e-05
8.76685e-05
8.65036e-05
8.25081e-05
7.65504e-05
7.0959e-05
6.93791e-05
7.44058e-05
8.4589e-05
9.59307e-05
0.000104808
0.000109223
0.000108843
0.000104229
9.63279e-05
8.6296e-05
7.53107e-05
6.44028e-05
5.4318e-05
4.54807e-05
3.80526e-05
3.20071e-05
2.71611e-05
2.31662e-05
1.96844e-05
1.66392e-05
1.49062e-05
1.66709e-05
2.23524e-05
3.03961e-05
4.01767e-05
5.20273e-05
6.54858e-05
7.74407e-05
8.52408e-05
9.66983e-05
0.000128438
0.000175194
0.000200836
0.000182551
0.000165195
0.000108293
3.63076e-06
0.000128944
6.43508e-05
1.54427e-05
1.99431e-05
2.71947e-05
3.14678e-05
3.24484e-05
3.40882e-05
4.56919e-05
7.11166e-05
9.17356e-05
0.000104237
0.000107694
9.98355e-05
8.29417e-05
6.36736e-05
4.95775e-05
4.29449e-05
4.04326e-05
3.94851e-05
4.24723e-05
5.34651e-05
6.90638e-05
8.62359e-05
0.000105518
0.000123104
0.000131543
0.000125947
0.000110311
9.75953e-05
9.61836e-05
0.000101541
0.00010654
0.000106102
9.84705e-05
8.54362e-05
7.03846e-05
5.62091e-05
4.43153e-05
3.44807e-05
2.57812e-05
1.87568e-05
1.64728e-05
2.17021e-05
3.08318e-05
3.28555e-05
2.15681e-05
2.06101e-05
3.73851e-05
4.57626e-05
4.65989e-05
4.76545e-05
5.3568e-05
6.26034e-05
7.11141e-05
7.80751e-05
8.37492e-05
8.81309e-05
9.06638e-05
9.06677e-05
8.79552e-05
8.32528e-05
7.86218e-05
7.74172e-05
8.23363e-05
9.24864e-05
0.000103736
0.000111896
0.000114512
0.000111533
0.000104239
9.41588e-05
8.26631e-05
7.08555e-05
5.95481e-05
4.92196e-05
4.00566e-05
3.20981e-05
2.54179e-05
2.02443e-05
1.69145e-05
1.55465e-05
1.55917e-05
1.58847e-05
1.51061e-05
1.2408e-05
7.71284e-06
3.87832e-06
1.27656e-05
2.86468e-05
4.90769e-05
7.0841e-05
9.38097e-05
0.000124331
0.000158218
0.000168604
0.000143662
0.000134387
0.000143188
7.76236e-05
0.000148026
2.77584e-05
1.76851e-05
2.51197e-05
2.67521e-05
2.77046e-05
2.16542e-05
2.14118e-05
3.77628e-05
6.15328e-05
7.84592e-05
8.81305e-05
8.973e-05
8.34694e-05
7.33466e-05
6.46421e-05
5.99476e-05
5.81407e-05
5.75553e-05
5.79353e-05
6.07667e-05
6.63904e-05
7.29395e-05
8.1664e-05
9.34227e-05
0.000106356
0.000113202
0.0001075
9.37871e-05
8.52101e-05
8.51008e-05
8.79036e-05
9.07382e-05
9.01495e-05
8.35629e-05
7.23221e-05
5.97766e-05
4.85129e-05
3.93979e-05
3.19707e-05
2.51263e-05
1.84767e-05
1.40378e-05
1.47268e-05
2.19075e-05
2.98121e-05
2.88971e-05
2.35383e-05
2.94472e-05
3.64174e-05
3.86809e-05
4.18526e-05
4.99475e-05
6.04632e-05
6.97014e-05
7.70885e-05
8.32043e-05
8.81295e-05
9.12318e-05
9.14697e-05
8.80708e-05
8.13833e-05
7.3846e-05
7.04143e-05
7.56434e-05
8.83607e-05
0.000102948
0.000114028
0.000118136
0.000114745
0.000105673
9.34902e-05
8.03418e-05
6.75687e-05
5.58924e-05
4.56015e-05
3.67069e-05
2.91017e-05
2.26675e-05
1.73177e-05
1.30312e-05
9.93668e-06
8.38334e-06
8.51331e-06
9.58652e-06
1.0383e-05
9.97559e-06
7.88734e-06
5.38049e-06
1.25439e-05
2.99917e-05
5.43603e-05
8.30097e-05
0.00011411
0.00014143
0.000145717
0.000120837
9.49806e-05
0.00013734
0.000124086
0.000146828
1.44785e-05
2.32543e-05
2.38344e-05
2.5813e-05
2.33115e-05
1.37565e-05
1.40129e-05
3.16439e-05
5.34043e-05
6.90216e-05
7.91629e-05
8.3061e-05
8.13504e-05
7.68706e-05
7.24229e-05
6.93754e-05
6.76628e-05
6.65266e-05
6.51486e-05
6.3918e-05
6.29757e-05
6.36552e-05
6.78266e-05
7.61816e-05
8.69984e-05
9.28904e-05
8.67985e-05
7.65652e-05
7.44016e-05
7.50186e-05
7.53776e-05
7.76906e-05
7.74443e-05
7.12531e-05
6.12082e-05
5.09039e-05
4.22733e-05
3.53675e-05
2.95122e-05
2.40581e-05
1.87125e-05
1.46323e-05
1.37556e-05
1.75021e-05
2.61466e-05
3.16146e-05
2.96403e-05
2.79344e-05
3.01325e-05
3.28798e-05
3.78141e-05
4.71935e-05
5.82853e-05
6.76484e-05
7.50406e-05
8.1227e-05
8.61978e-05
8.88738e-05
8.74979e-05
8.07162e-05
6.89214e-05
5.54242e-05
4.81847e-05
5.54541e-05
7.30682e-05
9.25426e-05
0.000108163
0.000116166
0.000115083
0.000106282
9.29942e-05
7.84518e-05
6.46708e-05
5.25344e-05
4.22561e-05
3.36985e-05
2.65965e-05
2.07069e-05
1.58518e-05
1.18949e-05
8.72545e-06
6.28323e-06
4.63626e-06
3.98493e-06
4.11065e-06
4.15296e-06
3.47427e-06
2.38781e-06
6.37164e-06
1.85774e-05
4.02851e-05
6.99647e-05
0.000101229
0.000125771
0.000128651
0.000108955
7.5028e-05
0.000111308
0.000139992
0.000133161
2.38696e-05
2.33763e-05
2.24489e-05
2.02098e-05
1.50012e-05
9.51007e-06
1.27594e-05
2.98411e-05
4.99154e-05
6.53478e-05
7.66011e-05
8.26494e-05
8.35766e-05
8.1069e-05
7.71541e-05
7.34149e-05
7.04623e-05
6.76163e-05
6.34832e-05
5.77138e-05
5.16371e-05
4.84612e-05
5.02126e-05
5.78516e-05
6.90504e-05
7.34622e-05
6.63932e-05
6.30258e-05
6.58841e-05
6.42481e-05
6.4619e-05
6.85211e-05
6.78036e-05
6.09805e-05
5.19586e-05
4.39513e-05
3.76267e-05
3.23452e-05
2.75428e-05
2.30287e-05
1.87688e-05
1.53804e-05
1.4227e-05
1.56494e-05
2.23208e-05
3.09567e-05
3.31885e-05
2.9575e-05
2.70879e-05
2.90276e-05
3.49314e-05
4.47846e-05
5.5813e-05
6.49215e-05
7.20625e-05
7.8003e-05
8.2416e-05
8.36227e-05
7.92941e-05
6.80231e-05
5.05824e-05
3.01701e-05
1.91791e-05
3.51768e-05
5.85909e-05
8.0981e-05
9.903e-05
0.00011004
0.000111976
0.000105012
9.19868e-05
7.67913e-05
6.22974e-05
4.97783e-05
3.94664e-05
3.11262e-05
2.43868e-05
1.89281e-05
1.45287e-05
1.10224e-05
8.25441e-06
6.07657e-06
4.36314e-06
3.01325e-06
1.94823e-06
1.03559e-06
5.02537e-07
2.23401e-06
5.73957e-06
1.38523e-05
3.10335e-05
5.82781e-05
8.83161e-05
0.000111442
0.000114555
0.000100552
7.09779e-05
8.89274e-05
0.000138365
0.000114684
3.45249e-05
2.36994e-05
1.75873e-05
1.16297e-05
9.98217e-06
1.29973e-05
1.80021e-05
3.23004e-05
5.02335e-05
6.50629e-05
7.64909e-05
8.32388e-05
8.49596e-05
8.26604e-05
7.81027e-05
7.30779e-05
6.83832e-05
6.3344e-05
5.65815e-05
4.7704e-05
3.84822e-05
3.25149e-05
3.3382e-05
4.32226e-05
5.53755e-05
5.53951e-05
4.99151e-05
5.57336e-05
5.68617e-05
5.368e-05
5.83812e-05
6.26519e-05
5.94902e-05
5.19504e-05
4.4483e-05
3.85989e-05
3.37834e-05
2.93843e-05
2.52326e-05
2.14526e-05
1.81401e-05
1.55256e-05
1.45039e-05
1.5238e-05
1.95723e-05
2.87375e-05
3.42892e-05
3.15883e-05
2.6346e-05
2.66862e-05
3.2769e-05
4.25065e-05
5.30864e-05
6.17305e-05
6.84397e-05
7.38399e-05
7.72054e-05
7.64436e-05
6.91425e-05
5.47524e-05
3.54527e-05
1.48631e-05
1.23333e-05
3.35821e-05
5.57743e-05
7.6158e-05
9.28146e-05
0.000103851
0.00010713
0.000101875
8.98481e-05
7.47195e-05
5.99107e-05
4.71914e-05
3.69325e-05
2.88573e-05
2.25e-05
1.74426e-05
1.34051e-05
1.02169e-05
7.75544e-06
5.90751e-06
4.56335e-06
3.62432e-06
2.9918e-06
2.68591e-06
3.09289e-06
4.54966e-06
7.22048e-06
1.2884e-05
2.58524e-05
4.91419e-05
7.67554e-05
9.85973e-05
0.000102393
9.19221e-05
7.04027e-05
7.13729e-05
0.000128322
9.64555e-05
4.61761e-05
2.52976e-05
1.10567e-05
3.08774e-06
1.17982e-05
1.90212e-05
2.43786e-05
3.62782e-05
5.19709e-05
6.54791e-05
7.61744e-05
8.261e-05
8.41716e-05
8.15267e-05
7.62347e-05
6.99858e-05
6.35951e-05
5.66068e-05
4.79972e-05
3.73601e-05
2.59972e-05
1.74743e-05
2.04857e-05
3.61258e-05
4.43844e-05
3.79062e-05
4.31101e-05
5.04886e-05
4.59017e-05
4.82776e-05
5.63264e-05
5.69654e-05
5.10861e-05
4.41159e-05
3.85592e-05
3.41324e-05
3.0137e-05
2.63419e-05
2.28331e-05
1.97846e-05
1.72746e-05
1.53268e-05
1.4463e-05
1.50697e-05
1.77297e-05
2.57344e-05
3.34114e-05
3.27655e-05
2.66884e-05
2.53466e-05
3.1016e-05
4.02705e-05
5.02042e-05
5.82854e-05
6.44467e-05
6.9115e-05
7.12677e-05
6.8685e-05
5.96655e-05
4.57586e-05
3.25049e-05
2.63661e-05
3.11085e-05
4.42551e-05
6.07498e-05
7.71145e-05
9.09463e-05
0.000100164
0.000102861
9.81048e-05
8.68944e-05
7.21958e-05
5.74334e-05
4.47237e-05
3.46086e-05
2.68058e-05
2.08019e-05
1.61244e-05
1.24467e-05
9.57017e-06
7.36337e-06
5.72638e-06
4.58588e-06
3.89577e-06
3.61643e-06
3.74412e-06
4.43754e-06
5.91901e-06
8.36483e-06
1.29911e-05
2.31059e-05
4.2394e-05
6.696e-05
8.73065e-05
9.19522e-05
8.3105e-05
6.70092e-05
5.63125e-05
0.000113428
8.15755e-05
5.57912e-05
3.06017e-05
9.63174e-06
8.37336e-06
1.76981e-05
2.46969e-05
3.0218e-05
4.00257e-05
5.32426e-05
6.51372e-05
7.45605e-05
8.0163e-05
8.12497e-05
7.82729e-05
7.25226e-05
6.54376e-05
5.7813e-05
4.94931e-05
3.98272e-05
2.84071e-05
1.58773e-05
3.32611e-06
1.97748e-05
3.44607e-05
2.97646e-05
2.93166e-05
4.35778e-05
4.09176e-05
3.90567e-05
4.92953e-05
5.3655e-05
4.95911e-05
4.31103e-05
3.77898e-05
3.36746e-05
3.00315e-05
2.65909e-05
2.33942e-05
2.0548e-05
1.81603e-05
1.62765e-05
1.48421e-05
1.41116e-05
1.46719e-05
1.65572e-05
2.27825e-05
3.13118e-05
3.29065e-05
2.72826e-05
2.45986e-05
2.94865e-05
3.80564e-05
4.72602e-05
5.47483e-05
6.03172e-05
6.4206e-05
6.52757e-05
6.15369e-05
5.26156e-05
4.26136e-05
3.7612e-05
3.83225e-05
4.33465e-05
5.29244e-05
6.56538e-05
7.90764e-05
9.07552e-05
9.82905e-05
9.98245e-05
9.46387e-05
8.36425e-05
6.93227e-05
5.47953e-05
4.22628e-05
3.23913e-05
2.49001e-05
1.92402e-05
1.49035e-05
1.15348e-05
8.92486e-06
6.94684e-06
5.50749e-06
4.53877e-06
4.01057e-06
3.92079e-06
4.2756e-06
5.1381e-06
6.6362e-06
8.93099e-06
1.29954e-05
2.13577e-05
3.73609e-05
5.8832e-05
7.75154e-05
8.30208e-05
7.50641e-05
6.13564e-05
4.28145e-05
9.63498e-05
6.65482e-05
5.79185e-05
3.64853e-05
1.22895e-05
9.03991e-06
2.34397e-05
3.08202e-05
3.48276e-05
4.21749e-05
5.36721e-05
6.42089e-05
7.19904e-05
7.63363e-05
7.67236e-05
7.3489e-05
6.76137e-05
6.0228e-05
5.20566e-05
4.32005e-05
3.33249e-05
2.25916e-05
1.13238e-05
1.21946e-05
2.73923e-05
2.59219e-05
1.64486e-05
3.66e-05
3.812e-05
3.13265e-05
4.18815e-05
4.97701e-05
4.76472e-05
4.16809e-05
3.65313e-05
3.26769e-05
2.93657e-05
2.62682e-05
2.33962e-05
2.08182e-05
1.85753e-05
1.67163e-05
1.52811e-05
1.4213e-05
1.36017e-05
1.40559e-05
1.56243e-05
2.01449e-05
2.84863e-05
3.20801e-05
2.76831e-05
2.41432e-05
2.8063e-05
3.58576e-05
4.43124e-05
5.12166e-05
5.621e-05
5.9393e-05
5.96811e-05
5.56059e-05
4.82702e-05
4.28106e-05
4.25466e-05
4.53239e-05
4.99883e-05
5.75696e-05
6.80126e-05
7.96194e-05
9.00007e-05
9.65986e-05
9.73816e-05
9.16506e-05
8.04828e-05
6.63311e-05
5.20718e-05
3.98174e-05
3.02651e-05
2.31207e-05
1.78024e-05
1.37846e-05
1.06983e-05
8.32593e-06
6.54173e-06
5.25936e-06
4.41556e-06
3.9806e-06
3.96371e-06
4.40078e-06
5.34492e-06
6.86279e-06
9.05474e-06
1.27081e-05
1.98921e-05
3.33975e-05
5.20765e-05
6.90708e-05
7.52882e-05
6.82574e-05
5.56129e-05
3.17652e-05
7.90538e-05
4.82698e-05
4.98919e-05
5.12281e-05
4.44268e-05
3.28422e-05
2.72767e-05
3.27999e-05
4.08297e-05
4.75937e-05
5.4538e-05
6.16468e-05
6.76897e-05
7.11176e-05
7.10926e-05
6.78429e-05
6.21724e-05
5.49987e-05
4.70099e-05
3.8458e-05
2.96271e-05
2.12946e-05
1.69868e-05
2.48303e-05
2.46738e-05
6.07219e-06
3.14176e-05
3.74278e-05
2.5888e-05
3.43118e-05
4.54762e-05
4.53989e-05
4.0007e-05
3.4991e-05
3.13553e-05
2.83562e-05
2.5589e-05
2.30227e-05
2.0703e-05
1.86491e-05
1.68646e-05
1.53802e-05
1.42489e-05
1.34384e-05
1.29417e-05
1.32615e-05
1.46883e-05
1.79754e-05
2.54135e-05
3.04853e-05
2.76924e-05
2.38073e-05
2.67123e-05
3.37001e-05
4.14211e-05
4.77785e-05
5.22578e-05
5.48703e-05
5.47008e-05
5.09482e-05
4.5738e-05
4.35065e-05
4.51899e-05
4.83999e-05
5.25525e-05
5.88678e-05
6.7793e-05
7.81982e-05
8.78687e-05
9.4122e-05
9.47238e-05
8.88023e-05
7.74769e-05
6.33709e-05
4.93454e-05
3.74082e-05
2.82171e-05
2.14411e-05
1.646e-05
1.2736e-05
9.89873e-06
7.73043e-06
6.1092e-06
4.95644e-06
4.21473e-06
3.85509e-06
3.88825e-06
4.35549e-06
5.30942e-06
6.7976e-06
8.87924e-06
1.21767e-05
1.84532e-05
3.00589e-05
4.63802e-05
6.17879e-05
6.8498e-05
6.26206e-05
5.08777e-05
2.42723e-05
6.27878e-05
3.4412e-05
3.53304e-05
5.92546e-05
7.46389e-05
7.99665e-05
7.73906e-05
6.98833e-05
6.15201e-05
5.75937e-05
5.90175e-05
6.26409e-05
6.53156e-05
6.60868e-05
6.47671e-05
6.13728e-05
5.62105e-05
4.98324e-05
4.27745e-05
3.55599e-05
2.89258e-05
2.43539e-05
2.60853e-05
2.38271e-05
1.84972e-06
3.02143e-05
3.89626e-05
2.36898e-05
2.68608e-05
4.09003e-05
4.29097e-05
3.81886e-05
3.33072e-05
2.98556e-05
2.71418e-05
2.46815e-05
2.23977e-05
2.03153e-05
1.8442e-05
1.67756e-05
1.53213e-05
1.41094e-05
1.3199e-05
1.25809e-05
1.21987e-05
1.24042e-05
1.36901e-05
1.61846e-05
2.23808e-05
2.83498e-05
2.72582e-05
2.3449e-05
2.53816e-05
3.15756e-05
3.85953e-05
4.44442e-05
4.84855e-05
5.06768e-05
5.03295e-05
4.72603e-05
4.39014e-05
4.33771e-05
4.56146e-05
4.87179e-05
5.23003e-05
5.75719e-05
6.54051e-05
7.50491e-05
8.43664e-05
9.06158e-05
9.14313e-05
8.57303e-05
7.44994e-05
6.04841e-05
4.6682e-05
3.50762e-05
2.62655e-05
1.98667e-05
1.5217e-05
1.17675e-05
9.15539e-06
7.16902e-06
5.69104e-06
4.64839e-06
3.98779e-06
3.67756e-06
3.7225e-06
4.17129e-06
5.08923e-06
6.52063e-06
8.49604e-06
1.14856e-05
1.69974e-05
2.7089e-05
4.14523e-05
5.54245e-05
6.24021e-05
5.77765e-05
4.70522e-05
2.05596e-05
4.82324e-05
6.3833e-05
5.31429e-05
6.2269e-05
7.82554e-05
9.31419e-05
0.000104235
0.000109777
0.000109288
0.000102619
8.99205e-05
7.62629e-05
6.69311e-05
6.29817e-05
6.03128e-05
5.65235e-05
5.15561e-05
4.59328e-05
4.01765e-05
3.49676e-05
3.07368e-05
2.85937e-05
2.20049e-05
9.47559e-06
3.46866e-05
4.32177e-05
2.50409e-05
1.99544e-05
3.63087e-05
4.02966e-05
3.63182e-05
3.16009e-05
2.83037e-05
2.58351e-05
2.36452e-05
2.16112e-05
1.97416e-05
1.80368e-05
1.649e-05
1.51067e-05
1.39018e-05
1.29022e-05
1.21618e-05
1.16896e-05
1.14104e-05
1.15438e-05
1.26796e-05
1.47143e-05
1.96014e-05
2.58859e-05
2.64189e-05
2.30604e-05
2.41073e-05
2.94941e-05
3.58445e-05
4.12308e-05
4.49065e-05
4.67913e-05
4.64427e-05
4.41244e-05
4.20584e-05
4.22773e-05
4.44787e-05
4.72306e-05
5.01877e-05
5.45357e-05
6.15643e-05
7.07165e-05
7.98644e-05
8.62579e-05
8.74818e-05
8.22887e-05
7.144e-05
5.76635e-05
4.41186e-05
3.28543e-05
2.44293e-05
1.84044e-05
1.40732e-05
1.08765e-05
8.46257e-06
6.63105e-06
5.27186e-06
4.31905e-06
3.72591e-06
3.46171e-06
3.5238e-06
3.94975e-06
4.80462e-06
6.14228e-06
7.99048e-06
1.0702e-05
1.55518e-05
2.44046e-05
3.71864e-05
4.99574e-05
5.70803e-05
5.37004e-05
4.41187e-05
2.01591e-05
3.59697e-05
)
;

boundaryField
{
    outlet
    {
        type            zeroGradient;
    }
    inlet
    {
        type            zeroGradient;
    }
    lowerWall
    {
        type            zeroGradient;
    }
    upperWall
    {
        type            zeroGradient;
    }
    frontAndBack
    {
        type            empty;
    }
}


// ************************************************************************* //
