/*--------------------------------*- C++ -*----------------------------------*\
| =========                 |                                                 |
| \\      /  F ield         | OpenFOAM: The Open Source CFD Toolbox           |
|  \\    /   O peration     | Version:  2.1.1                                 |
|   \\  /    A nd           | Web:      www.OpenFOAM.org                      |
|    \\/     M anipulation  |                                                 |
\*---------------------------------------------------------------------------*/
FoamFile
{
    version     2.0;
    format      ascii;
    class       volScalarField;
    location    "0.19";
    object      p;
}
// * * * * * * * * * * * * * * * * * * * * * * * * * * * * * * * * * * * * * //

dimensions      [0 2 -2 0 0 0 0];

internalField   nonuniform List<scalar> 
6820
(
25.7527
7.91563
4.90326
4.71155
4.53365
4.60125
4.65175
4.6326
4.57827
4.50409
4.41858
4.32705
4.23195
4.13446
4.03518
3.93445
3.83249
3.72942
3.62535
3.52032
3.41444
3.3073
3.19928
3.09004
2.97956
2.86773
2.75434
2.63953
2.52215
2.40508
2.27874
2.17253
1.99963
19.0723
8.09759
5.21532
4.91046
4.65252
4.62389
4.63771
4.60731
4.55119
4.47992
4.39836
4.31044
4.21837
4.12326
4.02577
3.92638
3.82538
3.723
3.6194
3.51466
3.40889
3.30234
3.19443
3.08521
2.97477
2.86304
2.74982
2.63507
2.51794
2.39982
2.27367
2.15288
1.9657
16.3588
9.52926
6.23738
5.47451
5.00076
4.79724
4.7322
4.66898
4.59349
4.50988
4.41969
4.32519
4.22813
4.12937
4.02934
3.92826
3.82621
3.72325
3.61941
3.51472
3.40921
3.30276
3.19523
3.08686
2.9771
2.86588
2.75332
2.63941
2.52336
2.40631
2.28385
2.16755
2.036
14.3745
9.75773
6.66068
5.79675
5.31938
5.0369
4.90176
4.79447
4.68793
4.58383
4.48068
4.37748
4.27412
4.17042
4.06637
3.96198
3.85723
3.75209
3.64652
3.5405
3.43398
3.32695
3.21926
3.11088
3.00169
2.89175
2.78082
2.66853
2.5545
2.4395
2.32127
2.2051
2.08173
12.7402
9.65858
7.05393
6.14594
5.63297
5.27145
5.06635
4.91972
4.7889
4.66841
4.5539
4.44211
4.33217
4.22367
4.11596
4.00871
3.90178
3.79505
3.68844
3.58185
3.47521
3.36845
3.26144
3.15416
3.0465
2.93862
2.83047
2.72161
2.61184
2.50159
2.38963
2.27836
2.16262
11.519
9.4791
7.30636
6.35778
5.82583
5.43732
5.19743
5.02813
4.8814
4.74836
4.62452
4.50586
4.39051
4.27762
4.1666
4.05695
3.94832
3.84049
3.73326
3.62652
3.52015
3.41407
3.30819
3.20245
3.09685
2.99102
2.88477
2.77878
2.6729
2.56722
2.46103
2.35531
2.24626
10.5699
9.19435
7.42551
6.51436
5.99492
5.59835
5.32846
5.13385
4.96929
4.82297
4.68955
4.56397
4.44346
4.32672
4.2128
4.10094
3.99066
3.88165
3.7737
3.66664
3.56034
3.45472
3.34967
3.24512
3.14098
3.03722
2.93404
2.83174
2.73014
2.62937
2.52922
2.43031
2.33122
9.82582
8.89012
7.47873
6.6323
6.12454
5.7265
5.43804
5.22634
5.04996
4.89438
4.75361
4.62235
4.49738
4.37705
4.26025
4.14616
4.03423
3.9241
3.81551
3.70824
3.60215
3.49714
3.39311
3.29003
3.1879
3.08672
2.98652
2.88749
2.78976
2.69359
2.59917
2.5071
2.41746
9.23576
8.58867
7.47085
6.70479
6.21962
5.83341
5.53874
5.31566
5.1295
4.96537
4.81734
4.68031
4.55077
4.42682
4.3072
4.19098
4.07749
3.9663
3.85707
3.74959
3.64368
3.53922
3.43614
3.3344
3.234
3.13495
3.03739
2.94158
2.84774
2.75621
2.6674
2.58203
2.50105
8.76188
8.30567
7.42538
6.74812
6.29208
5.92188
5.62653
5.39573
5.20226
5.03174
4.87814
4.73654
4.60333
4.47641
4.35441
4.23635
4.1215
4.00939
3.89967
3.79208
3.68646
3.58266
3.48063
3.38033
3.28177
3.18503
3.09026
2.99769
2.9076
2.8204
2.73666
2.65717
2.58325
8.3773
8.04883
7.35614
6.7661
6.34264
5.9919
5.7021
5.46868
5.27108
5.09616
4.93814
4.79255
4.65593
4.52616
4.40184
4.28196
4.16577
4.05275
3.94254
3.83485
3.72949
3.62633
3.52529
3.42635
3.32953
3.23491
3.14265
3.05301
2.96631
2.88299
2.8037
2.72921
2.66085
8.06238
7.8205
7.27402
6.76566
6.37725
6.04815
5.76766
5.53482
5.335
5.15703
4.99562
4.8468
4.70737
4.57522
4.44896
4.32756
4.21027
4.09653
3.98597
3.87829
3.7733
3.67085
3.57087
3.47332
3.37825
3.28573
3.19594
3.10911
3.02558
2.94578
2.87031
2.79986
2.73564
7.80282
7.62064
7.18716
6.7521
6.39901
6.09215
5.82339
5.594
5.39415
5.21481
5.05126
4.90007
4.75839
4.62423
4.49626
4.37348
4.25516
4.14075
4.02986
3.92221
3.81757
3.7158
3.61682
3.52059
3.42715
3.33657
3.24901
3.16469
3.08391
3.00706
2.93468
2.86734
2.80601
7.58806
7.44781
7.10121
6.73006
6.41131
6.12672
5.87121
5.64737
5.44914
5.26959
5.10478
4.95186
4.80838
4.67255
4.54313
4.41919
4.30002
4.18508
4.07399
3.96644
3.86222
3.76118
3.66323
3.56833
3.47648
3.38776
3.3023
3.22028
3.14196
3.06766
2.99781
2.93284
2.87345
7.41028
7.30003
7.02012
6.70349
6.41701
6.15397
5.91225
5.69534
5.50003
5.32134
5.15617
5.00222
4.85747
4.72037
4.5898
4.4649
4.34501
4.22964
4.11839
4.01099
3.9072
3.80687
3.7099
3.61624
3.52588
3.43886
3.35528
3.27528
3.19905
3.12684
3.05895
2.99567
2.93746
7.26363
7.17523
6.9465
6.67561
6.41863
6.17597
5.94804
5.73892
5.5475
5.37049
5.20563
5.05119
4.90557
4.76748
4.63597
4.51028
4.38981
4.2741
4.16279
4.05558
3.95226
3.85267
3.75669
3.66424
3.57531
3.48989
3.40805
3.32988
3.2555
3.18506
3.11875
3.05671
2.99921
7.14371
7.07148
6.88209
6.64905
6.41843
6.19461
5.97994
5.77894
5.59197
5.41722
5.2532
5.09871
4.95259
4.81381
4.68159
4.55528
4.43436
4.31841
4.20709
4.10012
3.99729
3.89842
3.80338
3.71209
3.62449
3.54055
3.46028
3.38372
3.31092
3.24195
3.17689
3.11576
3.05866
7.04722
6.98711
6.82801
6.62592
6.41835
6.21158
6.00931
5.81635
5.63412
5.46198
5.29916
5.14496
4.9986
4.85935
4.72658
4.59979
4.47852
4.36241
4.25114
4.14446
4.04214
3.94401
3.84992
3.75976
3.67344
3.5909
3.51211
3.43704
3.36568
3.29802
3.23404
3.17366
3.11686
6.97171
6.92075
6.78497
6.60795
6.42013
6.22844
6.03743
5.85208
5.67456
5.50513
5.34368
5.18995
5.04352
4.90393
4.77074
4.64355
4.522
4.40578
4.2946
4.18822
4.08642
3.98901
3.89584
3.80676
3.72166
3.64044
3.56302
3.48932
3.41927
3.35279
3.28978
3.2301
3.17362
6.91537
6.87136
6.75349
6.59651
6.42526
6.24659
6.0655
5.88707
5.71397
5.54717
5.38709
5.23391
5.08751
4.94767
4.81414
4.68663
4.56488
4.44861
4.33758
4.23155
4.13031
4.03365
3.94141
3.85343
3.76954
3.68963
3.61356
3.54121
3.47245
3.40714
3.34513
3.28621
3.23019
6.87693
6.83819
6.73399
6.59277
6.43509
6.26732
6.09466
5.9222
5.75297
5.58847
5.42958
5.27682
5.13038
4.99025
4.85634
4.72849
4.60651
4.49017
4.37926
4.27355
4.17284
4.07692
3.98558
3.89866
3.81595
3.73731
3.66256
3.59153
3.52405
3.45994
3.399
3.34098
3.28565
6.85561
6.8208
6.72686
6.59777
6.45081
6.29181
6.12598
5.95838
5.79229
5.62962
5.47162
5.31911
5.17252
5.03206
4.89777
4.7696
4.64743
4.53107
4.42034
4.31503
4.21492
4.11978
4.02942
3.94361
3.86215
3.78483
3.71146
3.64183
3.57573
3.51294
3.45323
3.39631
3.34194
6.85102
6.81905
6.73258
6.61244
6.47352
6.32114
6.16039
5.99631
5.83237
5.67078
5.51309
5.36037
5.21328
5.0722
4.93729
4.80861
4.68609
4.56959
4.45894
4.35395
4.25437
4.15999
4.07056
3.98586
3.90564
3.82967
3.75772
3.68955
3.62492
3.56358
3.50528
3.44973
3.39668
6.86313
6.83311
6.75173
6.63773
6.50434
6.35641
6.19896
6.03702
5.87418
5.7129
5.55497
5.40166
5.25383
5.11197
4.97638
4.84717
4.72432
4.60773
4.49724
4.39264
4.29369
4.20016
4.11179
4.0283
3.94945
3.87496
3.80457
3.73802
3.67505
3.61537
3.55872
3.5048
3.45334
6.89235
6.86347
6.78507
6.67459
6.5442
6.39844
6.24224
6.08066
5.91743
5.7552
5.59597
5.44121
5.2919
5.14868
5.01191
4.88178
4.75829
4.64138
4.53086
4.42654
4.32815
4.23543
4.1481
4.06585
3.98841
3.91547
3.84675
3.78196
3.72081
3.66301
3.60829
3.55635
3.50693
6.93946
6.91099
6.83362
6.7242
6.59442
6.44863
6.29179
6.12902
5.96419
5.80009
5.63889
5.48218
5.33107
5.18628
5.04822
4.91712
4.793
4.6758
4.56534
4.46138
4.36367
4.27189
4.18574
4.10489
4.02903
3.95783
3.89098
3.82816
3.76906
3.71339
3.66085
3.61112
3.56395
7.0057
6.97688
6.89854
6.78755
6.65557
6.50695
6.34676
6.1803
6.0116
5.84366
5.6788
5.51874
5.36467
5.21736
5.07728
4.94465
4.81949
4.70171
4.5911
4.48741
4.39031
4.29949
4.21457
4.13522
4.06107
3.99177
3.92697
3.86635
3.80958
3.75634
3.70633
3.65927
3.61491
7.09288
7.063
6.98172
6.86672
6.73019
6.57664
6.41129
6.23968
6.06598
5.89332
5.72411
5.56016
5.40272
5.2526
5.11027
4.97595
4.84966
4.73126
4.62051
4.51712
4.42074
4.33097
4.24744
4.16975
4.09749
4.03029
3.96778
3.90958
3.85536
3.80478
3.75752
3.71325
3.67173
7.20343
7.17145
7.08453
6.96182
6.8166
6.65376
6.47899
6.29826
6.11608
5.93574
5.75978
5.59004
5.42777
5.27375
5.12841
4.99189
4.86414
4.74495
4.63403
4.53099
4.43543
4.3469
4.26496
4.18917
4.1191
4.05431
3.99441
3.939
3.88773
3.84024
3.79623
3.75539
3.7175
7.34083
7.30603
7.21141
7.07878
6.92315
6.7497
6.56438
6.37352
6.18188
5.99289
5.8092
5.63274
5.46478
5.3061
5.15708
5.01782
4.8882
4.76793
4.65662
4.55384
4.45907
4.37182
4.29157
4.21782
4.15008
4.08788
4.03078
3.97836
3.93021
3.88597
3.84528
3.80779
3.77324
7.50916
7.46913
7.361
7.21071
7.03633
6.8441
6.64091
6.43391
6.22812
6.02702
5.83317
5.64837
5.47374
5.30988
5.157
5.01505
4.88375
4.7627
4.65139
4.54928
4.45577
4.37028
4.29222
4.22103
4.15617
4.09713
4.04342
3.9946
3.95024
3.90995
3.87339
3.84023
3.81023
7.71578
7.67107
7.54914
7.38189
7.19012
6.97974
6.75809
6.5333
6.31102
6.09503
5.88814
5.69226
5.50848
5.33732
5.17885
5.03284
4.89885
4.77628
4.66449
4.56274
4.47032
4.38653
4.31067
4.24209
4.18019
4.12438
4.07414
4.02896
3.98838
3.95197
3.91934
3.89005
3.86383
7.96578
7.90657
7.75219
7.54734
7.32031
7.07812
6.82874
6.58068
6.33913
6.1073
5.88757
5.68146
5.4897
5.31249
5.14967
5.00079
4.86522
4.7422
4.63092
4.53053
4.44019
4.35909
4.28643
4.2215
4.1636
4.11212
4.06646
4.02609
3.99053
3.95931
3.93204
3.90832
3.88788
8.28114
8.21953
8.04532
7.81409
7.55683
7.28009
6.99536
6.71431
6.44326
6.18591
5.94488
5.72155
5.51632
5.32893
5.15877
5.00494
4.86639
4.74202
4.63068
4.53129
4.44277
4.36414
4.29448
4.23295
4.17878
4.13129
4.08983
4.05384
4.02278
3.99614
3.97344
3.95418
3.93797
8.65161
8.53495
8.27565
7.97376
7.666
7.34936
7.03248
6.72579
6.43372
6.15882
5.90326
5.66812
5.45353
5.25909
5.08402
4.92724
4.78751
4.66351
4.55388
4.45733
4.3726
4.29852
4.23402
4.17814
4.13
4.08883
4.05394
4.02472
4.00062
3.98111
3.9657
3.95391
3.9452
9.18923
9.09878
8.80213
8.43295
8.04488
7.64527
7.25455
6.8864
6.54437
6.23026
5.94507
5.68819
5.45814
5.25316
5.07133
4.91067
4.76925
4.6452
4.53677
4.44235
4.36045
4.28973
4.22899
4.17716
4.13331
4.09664
4.06644
4.04212
4.02315
4.00901
3.9992
3.993
3.98974
9.69261
9.37098
8.90525
8.4895
8.08303
7.65849
7.24398
6.85282
6.4865
6.14858
5.84198
5.56703
5.32282
5.10779
4.91986
4.75668
4.61583
4.49491
4.39167
4.30403
4.2301
4.16818
4.1168
4.07466
4.04067
4.01392
3.99368
3.97936
3.97057
3.96691
3.96826
3.9738
3.98372
11.002
10.6815
9.91087
9.21462
8.58224
7.98058
7.44151
6.96504
6.54067
6.16441
5.83276
5.54129
5.28606
5.06364
4.87085
4.70475
4.56258
4.44175
4.33983
4.25459
4.18397
4.12615
4.0795
4.04257
4.01419
3.99336
3.97936
3.9717
3.97028
3.97506
3.98709
4.00522
4.03487
11.0196
10.2761
9.67574
9.21432
8.62063
7.9941
7.41113
6.86893
6.37356
5.9354
5.55523
5.22941
4.95367
4.72304
4.53215
4.37572
4.24886
4.14715
4.06667
4.004
3.95622
3.92081
3.89565
3.87895
3.86924
3.86534
3.86639
3.87189
3.88187
3.89725
3.92052
3.9553
4.01407
17.2799
12.6728
10.8931
10.0484
9.05298
8.18442
7.4918
6.89199
6.36846
5.92064
5.53935
5.21624
4.94483
4.71879
4.53213
4.37938
4.25566
4.15658
4.0783
4.01749
3.97126
3.93715
3.91304
3.89718
3.88803
3.88439
3.88509
3.88951
3.89642
3.90655
3.91671
3.93297
3.94233
2.12181
1.42201
0.689358
0.383121
0.567408
1.37749
2.71722
4.35969
5.9883
7.24814
7.76941
7.21038
5.42158
2.53355
-1.24287
-5.64252
-10.3262
-14.9202
-19.0571
-22.4272
-24.8242
-26.0821
-26.0032
-24.4384
-21.4701
-17.4869
-13.0275
-8.54064
-4.27563
-0.345881
3.19137
6.30495
8.98513
11.2427
13.1053
14.6118
15.8066
16.7359
17.4436
17.9701
18.3505
18.6144
18.7854
18.882
18.9159
18.8949
18.8213
18.6958
18.487
18.0946
17.4251
16.4423
15.0856
13.1271
10.1662
5.78578
-0.336401
-8.3746
-18.1753
-28.9778
-39.4035
-48.0592
-53.9194
-55.9697
-53.4089
-45.9239
-34.437
-20.8683
-7.57845
3.47877
11.3189
15.994
18.2668
19.1039
19.2657
19.1788
19.0256
18.8693
18.7289
18.6086
18.5089
18.4284
18.3651
18.317
18.2826
18.2605
18.2495
18.247
18.2486
18.2423
18.2098
18.1099
17.8695
17.2786
15.8877
12.8546
7.79256
1.40005
-3.08614
-4.89898
1.90102
1.38906
0.76734
0.499534
0.722106
1.5249
2.82634
4.41
5.96159
7.09478
7.45013
6.8323
5.12589
2.35966
-1.26322
-5.43499
-9.82377
-14.103
-17.9693
-21.167
-23.4126
-24.4495
-24.1047
-22.3388
-19.3595
-15.5991
-11.5175
-7.4333
-3.51929
0.126655
3.44116
6.38468
8.94029
11.1119
12.9202
14.3971
15.581
16.5126
17.2316
17.7752
18.1758
18.4613
18.6541
18.7721
18.8269
18.8261
18.7713
18.6633
18.48
18.1254
17.4919
16.5302
15.1813
13.2279
10.2651
5.85608
-0.333881
-8.46972
-18.3628
-29.2044
-39.5932
-48.1572
-53.9086
-55.8981
-53.3283
-45.8574
-34.3765
-20.8103
-7.53776
3.4858
11.2906
15.9363
18.1832
18.9992
19.1496
19.0627
18.9175
18.7728
18.6443
18.535
18.4444
18.371
18.3128
18.268
18.2348
18.212
18.1983
18.1907
18.1847
18.168
18.1221
18.0058
17.7513
17.1612
15.8284
12.9639
8.21582
2.15324
-2.19073
-4.25704
1.94112
1.4819
0.9541
0.752929
1.00062
1.74924
2.92573
4.32957
5.67595
6.64002
6.9232
6.29111
4.62037
1.97868
-1.43304
-5.34644
-9.45306
-13.4434
-17.0208
-19.8939
-21.7753
-22.4578
-21.8348
-19.9737
-17.1521
-13.747
-10.0862
-6.38965
-2.79944
0.583949
3.68875
6.46916
8.90329
10.9896
12.7427
14.1884
15.3594
16.2913
17.0199
17.5789
17.9984
18.3045
18.5184
18.6572
18.7324
18.7514
18.7153
18.6243
18.4632
18.1445
17.5505
16.6173
15.2821
13.3381
10.3823
5.96245
-0.267091
-8.45992
-18.3907
-29.2097
-39.5057
-47.9357
-53.549
-55.4634
-52.8849
-45.4586
-34.0464
-20.5691
-7.40529
3.5104
11.2354
15.8351
18.0574
18.8604
19.0082
18.9284
18.7964
18.6669
18.553
18.4563
18.376
18.3104
18.2579
18.2164
18.1847
18.1612
18.1447
18.1321
18.1185
18.0912
18.0319
17.8993
17.6302
17.0396
15.7626
13.0653
8.63089
2.90409
-1.3019
-3.5976
1.93787
1.57526
1.19586
1.07619
1.32691
1.98183
2.97822
4.14734
5.24954
6.01336
6.17247
5.53067
3.98249
1.56198
-1.56971
-5.16469
-8.92688
-12.5582
-15.7212
-18.168
-19.6595
-20.0373
-19.289
-17.548
-15.0431
-12.0371
-8.76447
-5.4089
-2.10939
1.03012
3.93548
6.55866
8.8743
10.8762
12.5734
13.9863
15.1423
16.0726
16.8088
17.3816
17.8186
18.1442
18.3783
18.5372
18.6323
18.6706
18.6532
18.5787
18.4376
18.1545
17.6045
16.7069
15.3916
13.4626
10.5253
6.11731
-0.116668
-8.31748
-18.2246
-28.9572
-39.1081
-47.3689
-52.8221
-54.6508
-52.0657
-44.7164
-33.4409
-20.1486
-7.19432
3.53401
11.1352
15.6769
17.8806
18.6822
18.8383
18.7741
18.6613
18.5511
18.4545
18.3723
18.3035
18.2467
18.2003
18.1627
18.1326
18.1085
18.0892
18.0713
18.05
18.0122
17.9395
17.7907
17.5072
16.9157
15.6925
13.1597
9.03482
3.64462
-0.431272
-2.93319
2.02342
1.76837
1.5152
1.45334
1.67794
2.20817
2.98953
3.8871
4.70844
5.24171
5.28398
4.66079
3.28146
1.1579
-1.58953
-4.75189
-8.06379
-11.2381
-13.9317
-15.9822
-17.1905
-17.4608
-16.803
-15.3054
-13.1275
-10.4702
-7.53133
-4.47937
-1.44747
1.46328
4.17953
6.65202
8.85259
10.7711
12.4119
13.7906
14.9299
15.8565
16.5984
17.1833
17.6364
17.9802
18.2337
18.4119
18.5261
18.5834
18.5841
18.5262
18.403
18.1541
17.6522
16.7984
15.5114
13.6058
10.7013
6.33109
0.132349
-8.02322
-17.8437
-28.4275
-38.3835
-46.4419
-51.7137
-53.4457
-50.8566
-43.6181
-32.5541
-19.5539
-6.92139
3.5344
10.9691
15.4457
17.6423
18.4584
18.6364
18.5977
18.511
18.4248
18.3486
18.2829
18.227
18.1797
18.14
18.1065
18.0782
18.0536
18.0315
18.0084
17.9793
17.9308
17.8448
17.6801
17.3822
16.7893
15.6171
13.2435
9.41837
4.36091
0.40556
-2.2744
2.11718
1.93097
1.76282
1.73859
1.93112
2.3506
2.95145
3.6275
4.22669
4.57268
4.50096
3.8856
2.65693
0.821159
-1.52858
-4.22398
-7.03784
-9.70844
-12.0646
-13.8371
-14.9
-15.1631
-14.6106
-13.3107
-11.3939
-9.0262
-6.37778
-3.5994
-0.813849
1.88326
4.42068
6.74892
8.83785
10.6742
12.2584
13.6017
14.7224
15.6433
16.3891
16.9842
17.4519
17.8128
18.0845
18.2812
18.4138
18.4892
18.5078
18.4664
18.3592
18.1415
17.6898
16.888
15.6398
13.7676
10.9109
6.60648
0.486209
-7.56688
-17.235
-27.6066
-37.3178
-45.1413
-50.2122
-51.8385
-49.2501
-42.1594
-31.3893
-18.7999
-6.61109
3.48374
10.713
15.1246
17.3321
18.183
18.3991
18.3974
18.3446
18.2874
18.2349
18.1879
18.1462
18.1095
18.0771
18.0481
18.0217
17.9967
17.9718
17.9433
17.9063
17.8471
17.7479
17.5675
17.2552
16.66
15.5347
13.3121
9.77239
5.04015
1.19432
-1.63212
2.2179
2.07951
1.96862
1.9668
2.12732
2.45569
2.91307
3.41409
3.83682
4.04076
3.89572
3.3004
2.19748
0.594785
-1.42914
-3.735
-6.14338
-8.45247
-10.479
-12.0083
-12.9196
-13.1368
-12.6473
-11.5023
-9.80335
-7.68657
-5.29693
-2.76707
-0.208477
2.28941
4.65809
6.84857
8.8295
10.5851
12.1126
13.4193
14.5198
15.4332
16.1808
16.7846
17.2652
17.6418
17.9306
18.145
18.2951
18.3878
18.4237
18.3986
18.3064
18.1157
17.7147
16.9723
15.7749
13.9481
11.1554
6.94575
0.950141
-6.93945
-16.3869
-26.4822
-35.8996
-43.4572
-48.3086
-49.8215
-47.2414
-40.3408
-29.9567
-17.9083
-6.29325
3.35158
10.342
14.6965
16.9398
17.8503
18.1233
18.1715
18.1611
18.1385
18.1132
18.0872
18.0613
18.036
18.0115
17.9874
17.9631
17.9377
17.9099
17.8761
17.8311
17.7612
17.6489
17.4531
17.1264
16.528
15.4445
13.3625
10.0896
5.67088
1.92114
-1.01616
2.31795
2.20974
2.13275
2.13961
2.26732
2.51759
2.85684
3.21612
3.4982
3.59191
3.39268
2.81845
1.82508
0.421001
-1.32911
-3.3111
-5.37425
-7.34623
-9.06491
-10.3659
-11.1394
-11.3166
-10.8782
-9.86023
-8.34554
-6.447
-4.28716
-1.9817
0.368816
2.68147
4.89125
6.95038
8.82702
10.5035
11.9744
13.2436
14.3224
15.2264
15.974
16.5845
17.0765
17.4673
17.772
18.003
18.1698
18.279
18.3315
18.3225
18.2445
18.0766
17.7242
17.0473
15.9137
14.1473
11.4361
7.35112
1.52803
-6.13467
-15.2918
-25.0471
-34.1228
-41.3843
-45.9991
-47.3907
-44.8311
-38.1706
-28.2754
-16.9085
-6.00131
3.10829
9.83413
14.1471
16.4569
17.4556
17.8067
17.9189
17.96
17.9778
17.9835
17.9808
17.9722
17.9594
17.9434
17.9245
17.9025
17.8768
17.8462
17.8069
17.7538
17.6733
17.5479
17.337
16.9961
16.3935
15.3464
13.3925
10.3639
6.24271
2.57336
-0.435078
2.41368
2.32606
2.2698
2.2782
2.37525
2.55967
2.80265
3.0484
3.21943
3.22754
2.98926
2.44025
1.54664
0.316724
-1.19562
-2.895
-4.65522
-6.33611
-7.79826
-8.9043
-9.55345
-9.6841
-9.27838
-8.36409
-7.00708
-5.29923
-3.34365
-1.24103
0.918569
3.05907
5.11943
7.05361
8.82978
10.429
11.8435
13.0745
14.13
15.0229
15.7687
16.3841
16.8859
17.2895
17.6088
17.8553
18.0378
18.1626
18.2308
18.2374
18.1736
18.0243
17.7159
17.1083
16.0517
14.3632
11.7532
7.82278
2.21994
-5.15204
-13.9492
-23.3015
-31.9879
-38.9226
-43.2865
-44.5473
-42.0267
-35.6668
-26.3746
-15.8359
-5.76714
2.73135
9.17559
13.4679
15.8783
16.9963
17.4476
17.6386
17.7408
17.8052
17.8458
17.8689
17.8791
17.8798
17.8729
17.8595
17.84
17.814
17.7805
17.7357
17.6746
17.5834
17.4451
17.2195
16.8646
16.2569
15.2404
13.4009
10.591
6.74755
3.14082
0.104356
2.50504
2.43026
2.38422
2.3876
2.45495
2.58285
2.74665
2.90109
2.9845
2.92724
2.6636
2.14307
1.34044
0.263636
-1.04202
-2.4974
-3.99817
-5.42572
-6.65967
-7.58666
-8.12047
-8.20701
-7.82751
-7.0008
-5.77888
-4.23738
-2.46332
-0.543871
1.44092
3.42182
5.34201
7.15758
8.83717
10.361
11.7196
12.9117
13.9428
14.823
15.5651
16.1838
16.6935
17.1085
17.4411
17.7019
17.8991
18.0384
18.1214
18.143
18.0933
17.9596
17.6886
17.1505
16.1825
14.5917
12.1051
8.35864
3.02176
-3.9975
-12.3663
-21.2533
-29.5028
-36.0784
-40.1792
-41.3019
-38.8469
-32.8606
-24.2949
-14.7279
-5.61349
2.21365
8.3668
12.6603
15.2045
16.472
17.0459
17.3307
17.5038
17.6208
17.7001
17.7515
17.7822
17.7972
17.8
17.7925
17.7757
17.7494
17.713
17.6627
17.5935
17.4917
17.3407
17.1008
16.7322
16.1189
15.1273
13.388
10.7689
7.18061
3.61712
0.59752
2.58945
2.52239
2.48029
2.47562
2.51619
2.59707
2.69717
2.77979
2.79596
2.69097
2.41332
1.92383
1.20389
0.262134
-0.863417
-2.10692
-3.38137
-4.58757
-5.62428
-6.39656
-6.8292
-6.87369
-6.51182
-5.75708
-4.6509
-3.2551
-1.64262
0.111439
1.93633
3.76946
5.55837
7.26157
8.84855
10.2991
11.6024
12.7553
13.7608
14.6266
15.3634
15.9835
16.4997
16.9244
17.2689
17.5429
17.7537
17.9065
18.0032
18.039
18.0034
17.8834
17.6421
17.1694
16.2983
14.8254
12.4872
8.95417
3.92535
-2.68379
-10.5593
-18.9204
-26.6854
-32.8683
-36.6943
-37.6792
-35.3275
-29.8008
-22.087
-13.6176
-5.54426
1.57205
7.4285
11.7389
14.4429
15.8861
16.6031
16.9961
17.2493
17.4251
17.547
17.6291
17.6817
17.7121
17.7252
17.7238
17.7097
17.6833
17.6439
17.5881
17.5107
17.3984
17.2349
16.9812
16.5994
15.9801
15.0082
13.3553
10.8987
7.54112
4.00091
1.0422
2.66872
2.60561
2.56314
2.54839
2.56465
2.60609
2.65475
2.68092
2.64587
2.5068
2.22374
1.76681
1.12293
0.300618
-0.667861
-1.72759
-2.80605
-3.82015
-4.68439
-5.31894
-5.65962
-5.66415
-5.31518
-4.62144
-3.61532
-2.3473
-0.878575
0.726305
2.40514
4.1017
5.7679
7.36488
8.86324
10.2428
11.4915
12.6049
13.5839
14.434
15.1638
15.7837
16.3046
16.7375
17.0925
17.3783
17.6017
17.767
17.8762
17.9253
17.9034
17.7965
17.5779
17.1624
16.3906
15.0534
12.8908
9.60134
4.91828
-1.23089
-8.55516
-16.3339
-23.5677
-29.3251
-32.8674
-33.7255
-31.5284
-26.5575
-19.8084
-12.5258
-5.53707
0.852222
6.40441
10.7328
13.609
15.2459
16.1228
16.6365
16.9787
17.2188
17.3869
17.5021
17.5781
17.6247
17.6485
17.6536
17.6423
17.6157
17.5733
17.5118
17.4264
17.3036
17.1279
16.8609
16.4666
15.8415
14.8849
13.3057
10.9842
7.83265
4.29682
1.43871
2.7419
2.68019
2.6349
2.6096
2.60468
2.61392
2.62208
2.60518
2.53267
2.37129
2.09033
1.66739
1.09352
0.37719
-0.453917
-1.35385
-2.26212
-3.10932
-3.82379
-4.3385
-4.59861
-4.56694
-4.22707
-3.58447
-2.66463
-1.50878
-0.168073
1.30226
2.8478
4.41833
5.97005
7.4668
8.88057
10.1914
11.3866
12.4604
13.412
14.2451
14.9664
15.5844
16.1084
16.548
16.9122
17.2085
17.4433
17.6202
17.7408
17.802
17.7931
17.6992
17.4982
17.1287
16.4515
15.2616
13.3009
10.2866
5.98325
0.33438
-6.39191
-13.5406
-20.2019
-25.5061
-28.7606
-29.516
-27.5402
-23.2217
-17.5227
-11.4582
-5.54337
0.125109
5.35801
9.68516
12.7265
14.5629
15.6105
16.2549
16.6936
17.0031
17.2207
17.371
17.4718
17.5355
17.5705
17.5821
17.5738
17.5469
17.5014
17.4343
17.3407
17.2077
17.02
16.7404
16.3343
15.7038
14.7591
13.2427
11.0318
8.06267
4.51525
1.78964
2.8108
2.74884
2.69944
2.66388
2.6408
2.62397
2.60057
2.55129
2.45218
2.27756
2.00413
1.61539
1.10573
0.483559
-0.227339
-0.988423
-1.74924
-2.45183
-3.03615
-3.44588
-3.63439
-3.56946
-3.23598
-2.6369
-1.79206
-0.734964
0.491686
1.84074
3.26478
4.71917
6.16426
7.56666
8.89986
10.1443
11.2872
12.3214
13.2451
14.0601
14.7714
15.3859
15.9115
16.3563
16.7281
17.0338
17.2788
17.4661
17.5973
17.6694
17.6726
17.5917
17.4057
17.0707
16.4764
15.4345
13.6957
10.9877
7.09611
1.9788
-4.11705
-10.6026
-16.6626
-21.495
-24.4653
-25.159
-23.4861
-19.9085
-15.2966
-10.4083
-5.50078
-0.527084
4.3628
8.64735
11.825
13.8523
15.0737
15.8556
16.3965
16.7796
17.0495
17.2369
17.3636
17.445
17.4915
17.5098
17.5044
17.4771
17.4285
17.3556
17.2539
17.1108
16.9114
16.6199
16.2028
15.5678
14.633
13.1706
11.0494
8.24138
4.67026
2.099
2.8754
2.81221
2.75822
2.71332
2.67517
2.63784
2.59059
2.518
2.40136
2.22105
1.95961
1.60521
1.15481
0.616602
0.0111358
-0.629182
-1.26223
-1.83967
-2.31133
-2.62997
-2.75606
-2.66169
-2.33299
-1.77114
-0.991551
-0.0214781
1.10349
2.34324
3.65659
5.0041
6.35005
7.66378
8.92042
10.1011
11.1928
12.1878
13.083
13.8789
14.579
15.1886
15.7142
16.1627
16.5409
16.8545
17.1085
17.3054
17.4462
17.5281
17.5424
17.4741
17.3022
16.9926
16.4647
15.5594
14.0484
11.671
8.22143
3.66109
-1.78517
-7.59228
-13.0409
-17.3942
-20.0962
-20.7947
-19.5212
-16.7518
-13.1968
-9.36806
-5.35365
-1.03034
3.48903
7.67242
10.9373
13.1317
14.5218
15.4435
16.0904
16.5502
16.8747
17.1005
17.2541
17.3538
17.412
17.4372
17.4345
17.4067
17.3548
17.2761
17.1663
17.0132
16.8026
16.4997
16.0728
15.4344
14.5083
13.0933
11.0454
8.38022
4.77702
2.37168
2.93717
2.87234
2.81394
2.761
2.71074
2.65773
2.59305
2.50445
2.37745
2.19721
1.95087
1.63023
1.23422
0.770759
0.257656
-0.27776
-0.800297
-1.26966
-1.64397
-1.88364
-1.95523
-1.83473
-1.50964
-0.979901
-0.257418
0.635727
1.66994
2.81116
4.02378
5.27305
6.52696
7.75752
8.94157
10.061
11.103
12.0592
12.9256
13.7016
14.3892
14.9926
15.5168
15.9677
16.3508
16.6712
16.9331
17.1384
17.288
17.3788
17.4031
17.3468
17.1889
16.8997
16.421
15.6306
14.3338
12.2931
9.30665
5.3246
0.539605
-4.5886
-9.43076
-13.3174
-15.795
-16.6008
-15.8298
-13.8882
-11.2832
-8.33942
-5.07064
-1.33477
2.792
6.80738
10.0953
12.4196
13.9649
15.0246
15.779
16.3174
16.6978
16.9633
17.1445
17.2627
17.3328
17.3646
17.3645
17.3361
17.2806
17.196
17.0781
16.9152
16.6937
16.3803
15.9446
15.3041
14.3866
13.0145
11.0278
8.48992
4.85035
2.61241
2.9964
2.92987
2.86756
2.80807
2.74849
2.68403
2.60733
2.50874
2.37718
2.20157
1.97265
1.68501
1.33904
0.942308
0.510295
0.0660909
-0.360883
-0.737051
-1.0275
-1.19909
-1.22364
-1.08053
-0.758573
-0.256878
0.415416
1.24042
2.19354
3.24595
4.36691
5.52597
6.69456
7.84727
8.96263
10.0235
11.0172
11.9352
12.7727
13.5281
14.2024
14.7982
15.3198
15.7716
16.1584
16.4845
16.7531
16.966
17.1235
17.2225
17.2559
17.2106
17.0666
16.7959
16.3534
15.651
14.5366
12.8097
10.2827
6.88639
2.76702
-1.69104
-5.94284
-9.41558
-11.7635
-12.7994
-12.5976
-11.4255
-9.60116
-7.33926
-4.6525
-1.42273
2.30392
6.08656
9.32526
11.7326
13.4131
14.6051
15.4663
16.0838
16.521
16.8267
17.0358
17.1726
17.2544
17.2927
17.2949
17.2655
17.2063
17.1157
16.9897
16.8172
16.5853
16.2621
15.8188
15.1776
14.2695
12.9372
11.0037
8.57875
4.90268
2.82477
3.05433
2.98638
2.92097
2.85651
2.79022
2.71793
2.63369
2.52997
2.39837
2.23077
2.02069
1.76487
1.46473
1.12745
0.766507
0.40146
0.0569334
-0.239093
-0.457524
-0.570679
-0.55481
-0.39231
-0.0732744
0.403712
1.03166
1.79611
2.67667
3.64896
4.68657
5.76286
6.85246
7.93242
8.98295
9.98794
10.935
11.8156
12.6242
13.3585
14.0185
14.6058
15.1235
15.5751
15.9644
16.295
16.5694
16.7888
16.9535
17.0602
17.1019
17.0669
16.9364
16.6837
16.2705
15.6323
14.6583
13.1938
11.081
8.24048
4.76389
0.946938
-2.76414
-5.92212
-8.25636
-9.59875
-9.94312
-9.40752
-8.17148
-6.39643
-4.13151
-1.31235
2.02726
5.52512
8.6438
11.0827
12.8749
14.191
15.1564
15.8523
16.3464
16.6924
16.9293
17.0846
17.1778
17.2221
17.2263
17.1955
17.1323
17.0354
16.9013
16.7194
16.4776
16.1455
15.6959
15.0555
14.1581
12.8632
10.9785
8.65219
4.94322
3.01063
3.11101
3.04207
2.97448
2.90662
2.83596
2.75898
2.6709
2.56593
2.43782
2.28075
2.09038
1.86504
1.60688
1.32263
1.02406
0.727746
0.454327
0.22712
0.0703496
0.00712489
0.0573991
0.236171
0.552154
1.00706
1.59559
2.30605
3.12155
4.02153
4.98333
5.98375
7.00032
8.01239
9.00186
9.95363
10.8558
11.6998
12.4798
13.1927
13.8377
14.4156
14.9283
15.3786
15.7694
16.1034
16.3827
16.608
16.7791
16.8928
16.9426
16.9173
16.7998
16.5652
16.1786
15.5893
14.7173
13.45
11.6676
9.29774
6.38561
3.13359
-0.131269
-3.07453
-5.45323
-7.07949
-7.86217
-7.80323
-6.98853
-5.54677
-3.56827
-1.06083
1.92724
5.11163
8.05427
10.4784
12.3573
13.7873
14.8531
15.626
16.1763
16.5623
16.8266
16.9999
17.1039
17.1536
17.1592
17.1266
17.059
16.9555
16.8134
16.6223
16.3711
16.031
15.5765
14.9385
14.0533
12.7943
10.9558
8.71377
4.97882
3.16938
3.16773
3.09839
3.02962
2.95987
2.88692
2.80788
2.71897
2.6158
2.49383
2.34901
2.17862
1.98219
1.7623
1.52524
1.28127
1.0445
0.832221
0.663887
0.559662
0.538824
0.618113
0.810265
1.12289
1.55785
2.11111
2.77325
3.53031
4.36494
5.25779
6.18867
7.13779
8.08664
9.01872
9.91997
10.7791
11.5875
12.3392
13.0306
13.6602
14.2279
14.7348
15.1829
15.5742
15.9108
16.1941
16.4245
16.6015
16.7219
16.7793
16.7635
16.6589
16.4423
16.082
15.5344
14.7386
13.6128
12.0693
10.0503
7.57463
4.76715
1.84883
-0.929109
-3.32907
-5.14943
-6.24267
-6.53246
-6.03135
-4.82988
-3.04608
-0.764416
1.92639
4.80283
7.5428
9.92029
11.8651
13.3984
14.5597
15.4077
16.0133
16.4384
16.7294
16.9198
17.0337
17.0881
17.0942
17.0592
16.9867
16.8765
16.7261
16.5261
16.2661
15.919
15.461
14.8271
13.9563
12.7317
10.9382
8.76618
5.01575
3.29779
3.22379
3.1547
3.08575
3.01552
2.94214
2.86325
2.77596
2.67701
2.56317
2.43176
2.28129
2.11212
1.9271
1.73205
1.53593
1.35074
1.19101
1.07296
1.01338
1.02834
1.13186
1.33473
1.64357
2.06025
2.58175
3.20048
3.90489
4.68042
5.51051
6.3777
7.26458
8.15463
9.03286
9.8863
10.7042
11.4782
12.2022
12.8723
13.4861
14.043
14.5434
14.9884
15.3795
15.7179
16.0046
16.2396
16.422
16.5488
16.6137
16.6074
16.5155
16.3172
15.9837
15.4762
14.7442
13.7254
12.3539
10.5837
8.42042
5.93942
3.29596
0.685106
-1.6868
-3.62125
-4.9407
-5.51207
-5.2793
-4.28499
-2.65634
-0.542741
1.91375
4.52516
7.076
9.39988
11.3991
13.0274
14.2798
15.2007
15.8601
16.3231
16.6395
16.8458
16.9685
17.0264
17.0323
16.994
16.916
16.7987
16.64
16.4313
16.1632
15.8101
15.3504
14.7221
13.8684
12.6768
10.9294
8.8117
5.06086
3.38901
3.281
3.21283
3.14465
3.07521
3.00294
2.92601
2.84222
2.74924
2.64487
2.52747
2.39644
2.25273
2.09931
1.94151
1.78716
1.64649
1.53172
1.45638
1.43446
1.47935
1.60279
1.8139
2.1184
2.51811
3.01079
3.59032
4.24717
4.96911
5.74204
6.55088
7.38037
8.21581
9.04366
9.85196
10.6306
11.3715
12.0686
12.7174
13.3154
13.8612
14.3546
14.796
15.1861
15.5258
15.8154
16.0546
16.2422
16.3751
16.4476
16.4508
16.3718
16.192
15.8857
15.4187
14.7474
13.8207
12.5864
11.007
9.08047
6.85822
4.4532
2.0042
-0.320431
-2.33611
-3.85069
-4.6862
-4.72143
-3.94495
-2.47492
-0.503215
1.77828
4.1946
6.60824
8.89988
10.9554
12.6751
14.0158
15.0078
15.7197
16.219
16.5589
16.7795
16.9095
16.9696
16.9739
16.9314
16.8473
16.7224
16.5553
16.3382
16.0625
15.7045
15.245
14.6244
13.7908
12.631
10.9332
8.85232
5.12188
3.43008
3.33726
3.27073
3.20425
3.13675
3.06698
2.99353
2.9148
2.82918
2.73525
2.63217
2.51998
2.4
2.27522
2.15049
2.03266
1.93044
1.85412
1.81501
1.82477
1.89453
2.03414
2.25128
2.55089
2.93469
3.40104
3.94502
4.55877
5.23205
5.95288
6.70825
7.48485
8.26964
9.05043
9.81626
10.5577
11.2669
11.9379
12.566
13.1483
13.6829
14.1689
14.6062
14.995
15.3355
15.6277
15.8707
16.0633
16.2024
16.2826
16.2957
16.2299
16.0688
15.7898
15.3635
14.7525
13.9136
12.8035
11.3904
9.66778
7.67209
5.47279
3.16547
0.883523
-1.20962
-2.91848
-4.0289
-4.35653
-3.83016
-2.5439
-0.709233
1.44564
3.74557
6.09554
8.39833
10.526
12.3403
13.7693
14.8321
15.5952
16.1287
16.4901
16.7226
16.858
16.9187
16.9202
16.8724
16.7812
16.6482
16.4725
16.2471
15.9647
15.603
15.1455
14.5347
13.7247
12.5963
10.9536
8.88975
5.2075
3.39913
3.3957
3.33141
3.26742
3.2028
3.13657
3.06771
2.9951
2.91769
2.83467
2.74577
2.65147
2.55335
2.4543
2.35872
2.27259
2.20334
2.15966
2.151
2.18706
2.27715
2.42949
2.65056
2.94462
3.31326
3.75531
4.26682
4.84133
5.47028
6.14351
6.84986
7.57772
8.31558
9.0525
9.77848
10.4847
11.1638
11.8097
12.4178
12.9847
13.5081
13.9868
14.4199
14.8071
15.1482
15.4428
15.6896
15.8873
16.0327
16.1208
16.1441
16.092
15.95
15.6984
15.3121
14.7597
14.0051
13.0121
11.7522
10.2153
8.41811
6.39764
4.21664
1.97016
-0.206186
-2.12163
-3.53186
-4.1875
-3.95032
-2.87874
-1.1852
0.881473
3.13888
5.50219
7.87198
10.1
12.0202
13.542
14.6765
15.4895
16.0549
16.435
16.677
16.8154
16.8746
16.8716
16.8172
16.718
16.5762
16.3917
16.1582
15.8697
15.5055
15.0524
14.4537
13.6717
12.5748
10.9947
8.92579
5.32602
3.26613
3.45183
3.39048
3.32978
3.26897
3.2073
3.14405
3.0785
3.01002
2.93827
2.86337
2.78611
2.70819
2.63237
2.5626
2.50411
2.46323
2.44729
2.46421
2.52208
2.62867
2.79084
3.01408
3.30202
3.65616
4.07567
4.55741
5.09608
5.68455
6.31425
6.97561
7.65857
8.35299
9.04911
9.73783
10.411
11.0616
11.6836
12.2725
12.8246
13.3372
13.8086
14.2376
14.6233
14.965
15.2619
15.5126
15.7155
15.8674
15.9638
15.9979
15.9601
15.8376
15.6136
15.2666
14.7705
14.0954
13.2108
12.0909
10.7212
9.10165
7.24521
5.18095
2.96366
0.695664
-1.44593
-3.19168
-4.2226
-4.32388
-3.50488
-1.95966
0.053795
2.34051
4.79655
7.29757
9.66548
11.712
13.3357
14.5445
15.4063
16.0008
16.3962
16.6445
16.7832
16.8388
16.8294
16.7668
16.6584
16.5071
16.3134
16.0719
15.778
15.4127
14.9663
14.3824
13.6334
12.569
11.0604
8.96291
5.48242
3.00093
3.51143
3.45348
3.39663
3.34023
3.28371
3.22664
3.16858
3.10925
3.04862
2.98711
2.9257
2.8661
2.81091
2.76368
2.72895
2.71214
2.71942
2.75745
2.83297
2.95248
3.12172
3.34533
3.62644
3.96642
4.36472
4.81886
5.32454
5.87585
6.46556
7.08554
7.72708
8.38131
9.03953
9.69352
10.3357
10.9595
11.5592
12.1299
12.668
13.1704
13.635
14.0601
14.4445
14.787
15.0866
15.3415
15.5499
15.7089
15.814
15.8593
15.8363
15.7339
15.5376
15.2294
14.7876
14.1875
13.4035
12.4121
11.1955
9.74061
8.03832
6.0847
3.89214
1.52182
-0.874825
-3.00987
-4.48861
-5.00536
-4.49681
-3.11254
-1.11058
1.29231
3.93651
6.64835
9.21027
11.4138
13.1535
14.4405
15.3498
15.9696
16.376
16.6266
16.7622
16.8115
16.7936
16.7213
16.6025
16.4409
16.2376
15.9882
15.6897
15.3247
14.8875
14.3216
13.6112
12.5816
11.1542
9.00473
5.67623
2.58851
3.56594
3.51209
3.4598
3.40857
3.35799
3.3078
3.25782
3.208
3.15855
3.11006
3.06362
3.02091
2.98432
2.95703
2.94297
2.94677
2.97365
3.02919
3.11903
3.24859
3.42271
3.6453
3.91906
4.24526
4.62357
5.05209
5.52732
6.04442
6.59735
7.17922
7.78256
8.39963
9.02274
9.64448
10.2579
10.8568
11.4355
11.9894
12.5145
13.0075
13.466
13.8879
14.2715
14.6153
14.9179
15.1775
15.3919
15.5583
15.6729
15.73
15.7224
15.6405
15.4721
15.2023
14.8132
14.2847
13.5954
12.7244
11.6509
10.352
8.79893
6.95504
4.78631
2.30143
-0.392797
-3.0018
-5.04386
-6.09399
-5.98039
-4.7791
-2.7326
-0.10263
2.85565
5.8881
8.72081
11.1252
13.0005
14.3707
15.3252
15.9653
16.3775
16.6257
16.7545
16.7943
16.7655
16.6815
16.551
16.3781
16.1647
15.9074
15.6049
15.2415
14.8162
14.2718
13.6062
12.6155
11.2786
9.0567
5.90156
2.04411
3.62599
3.5765
3.52909
3.4833
3.43884
3.39565
3.35371
3.31314
3.27431
3.23792
3.20508
3.17741
3.1571
3.14695
3.15037
3.17132
3.2142
3.28371
3.38456
3.5213
3.698
3.91797
4.18357
4.49596
4.85503
5.25933
5.7061
6.19138
6.7102
7.25676
7.82472
8.40737
8.99795
9.58981
10.1766
10.7525
11.312
11.8505
12.364
12.8488
13.3023
13.7218
14.1055
14.4514
14.7577
15.0226
15.2437
15.4182
15.5427
15.6122
15.6205
15.5594
15.4189
15.1869
14.849
14.389
13.7898
13.0327
12.0958
10.9492
9.54646
7.81824
5.67854
3.06468
0.00866573
-3.2024
-5.96733
-7.69148
-8.06467
-7.07224
-4.93249
-1.96225
1.4658
4.96883
8.18111
10.8477
12.8846
14.3436
15.3394
15.9929
16.4037
16.6433
16.7602
16.787
16.7446
16.6471
16.5034
16.3182
16.0943
15.8292
15.5233
15.163
14.7522
14.2329
13.6188
12.6743
11.4368
9.12779
6.14913
1.41543
3.67635
3.63197
3.59014
3.55053
3.51292
3.47734
3.44391
3.41286
3.38465
3.36004
3.34011
3.32639
3.32083
3.32591
3.34456
3.38017
3.43644
3.51733
3.62678
3.76862
3.94626
4.16255
4.41953
4.71831
5.05894
5.44039
5.86051
6.31616
6.80328
7.3171
7.85225
8.40304
8.96355
9.52788
10.0903
10.6451
11.1874
11.7123
12.2157
12.6938
13.1435
13.5619
13.9467
14.2956
14.6067
14.8777
15.1062
15.2898
15.4249
15.5075
15.5321
15.4922
15.3796
15.1847
14.8963
14.5022
13.9891
13.3414
12.538
11.5442
10.2988
8.70181
6.60493
3.84465
0.339743
-3.6277
-7.26601
-9.76197
-10.6828
-9.9374
-7.71121
-4.34007
-0.300645
3.84493
7.57632
10.5864
12.818
14.3716
15.4026
16.0599
16.46
16.6834
16.7827
16.7918
16.7325
16.6189
16.4603
16.2618
16.0266
15.7535
15.4445
15.0882
14.6944
14.2044
13.6505
12.7653
11.638
9.23185
6.40855
0.767533
3.73579
3.69654
3.66034
3.6268
3.59583
3.56756
3.54219
3.52002
3.50155
3.48754
3.47904
3.47742
3.48446
3.50229
3.53345
3.58082
3.64752
3.73686
3.85218
3.99667
4.17324
4.38432
4.63172
4.9165
5.23886
5.59814
5.99275
6.42026
6.87746
7.36049
7.86495
8.38604
8.9187
9.45773
9.99789
10.534
11.0612
11.5746
12.07
12.5433
12.991
13.41
13.7975
14.1508
14.4677
14.7457
14.9826
15.1756
15.3218
15.4177
15.4588
15.4398
15.3546
15.196
14.9557
14.6251
14.1947
13.6528
12.9814
12.1445
11.0731
9.63799
7.61099
4.69204
0.656686
-4.1821
-8.75138
-12.008
-13.4617
-13.0159
-10.8143
-7.11308
-2.41946
2.50639
6.90424
10.3531
12.8185
14.4713
15.5276
16.1752
16.5522
16.7492
16.823
16.8089
16.7288
16.5965
16.4211
16.208
15.9609
15.6795
15.3678
15.0169
14.6426
14.1879
13.7081
12.9026
11.8988
9.38565
6.66752
0.161709
3.77854
3.74539
3.71567
3.68913
3.66568
3.64549
3.62881
3.61597
3.60747
3.60404
3.60665
3.61653
3.63523
3.66461
3.70683
3.76431
3.8397
3.93576
4.05529
4.20099
4.37531
4.58035
4.81774
5.08849
5.39298
5.73086
6.10105
6.5018
6.93069
7.38472
7.86041
8.35386
8.86081
9.37677
9.89705
10.4168
10.9312
11.4356
11.9252
12.396
12.8439
13.2654
13.6573
14.0167
14.3409
14.6274
14.8736
15.0772
15.2353
15.3449
15.4028
15.4048
15.3464
15.2227
15.0282
14.7576
14.4055
13.9655
13.426
12.7578
11.8934
10.6708
8.75833
5.6938
1.09531
-4.66606
-10.1575
-14.1039
-16.0117
-15.8525
-13.7733
-9.9145
-4.68803
1.03434
6.19867
10.1743
12.912
14.6658
15.7333
16.3538
16.6919
16.8498
16.8883
16.8436
16.7372
16.5822
16.3872
16.1577
15.8976
15.6073
15.2928
14.9485
14.5983
14.1908
13.8069
13.105
12.2335
9.60026
6.90649
-0.353677
3.83618
3.80877
3.78518
3.76507
3.74847
3.73559
3.7267
3.72214
3.72238
3.7281
3.74016
3.75965
3.78791
3.82654
3.87734
3.94238
4.02385
4.12406
4.24536
4.39
4.56009
4.75744
4.98353
5.23937
5.52549
5.84185
6.18789
6.56247
6.96395
7.39019
7.83857
8.3061
8.78936
9.28455
9.78751
10.2937
10.7984
11.2966
11.7836
12.2548
12.7056
13.1322
13.5308
13.8981
14.231
14.5269
14.783
14.9971
15.1668
15.2897
15.3634
15.3852
15.3524
15.2617
15.1101
14.8955
14.6173
14.2772
13.8771
13.4043
12.7956
11.8424
10.0984
6.94373
1.78899
-4.95236
-11.3805
-15.9664
-18.2394
-18.2573
-16.2611
-12.3529
-6.77921
-0.377596
5.55137
10.0976
13.1323
14.9821
16.0407
16.6114
16.8903
16.9927
16.9834
16.899
16.7596
16.5769
16.3588
16.1104
15.8358
15.5364
15.2204
14.8864
14.5677
14.2244
13.959
13.3763
12.6303
9.86562
7.0972
-0.735433
3.86741
3.84721
3.83104
3.81878
3.81042
3.80614
3.80618
3.81087
3.82063
3.83604
3.85785
3.88699
3.92457
3.97195
4.03062
4.1023
4.1888
4.29204
4.41398
4.5565
4.72142
4.91032
5.12458
5.36521
5.63291
5.92797
6.25028
6.59934
6.97423
7.37365
7.7959
8.23887
8.70002
9.17628
9.66407
10.1592
10.6568
11.152
11.6394
12.1141
12.5711
13.0059
13.4141
13.792
14.1362
14.4436
14.7116
14.9378
15.12
15.2565
15.3456
15.3861
15.3765
15.3157
15.203
15.0406
14.8354
14.6017
14.3587
14.1076
13.7792
13.1169
11.5854
8.42645
2.69949
-5.08273
-12.4403
-17.5765
-20.1019
-20.1729
-18.1734
-14.2152
-8.41288
-1.49437
5.10022
10.1922
13.5201
15.4517
16.4769
16.9709
17.1668
17.194
17.1215
16.9848
16.8027
16.5851
16.3386
16.0678
15.7765
15.4667
15.1486
14.8273
14.5505
14.2877
14.1483
13.6766
13.032
10.138
7.21321
-0.936329
3.92183
3.90784
3.89798
3.89221
3.89065
3.89346
3.90087
3.91315
3.93065
3.95385
3.98336
4.01996
4.06458
4.1183
4.18237
4.25818
4.34722
4.45108
4.57137
4.70968
4.86755
5.0464
5.24746
5.47181
5.72026
5.99338
6.29149
6.61466
6.9627
7.33518
7.73135
8.15015
8.59003
9.04887
9.52371
10.0106
10.5048
11.0007
11.4928
11.9753
12.4426
12.8894
13.3108
13.7023
14.0599
14.3802
14.6605
14.8984
15.0924
15.2414
15.3451
15.4038
15.4181
15.3892
15.3197
15.2162
15.0914
14.9667
14.8687
14.8018
14.6999
14.2835
12.9964
9.89315
3.64581
-5.05507
-13.1545
-18.6119
-21.2643
-21.4137
-19.3652
-15.35
-9.38819
-2.11312
4.98219
10.5222
14.1
16.0868
17.052
17.442
17.5294
17.4596
17.3066
17.1042
16.8682
16.6066
16.3247
16.0265
15.7157
15.3951
15.0768
14.7712
14.5342
14.3379
14.2988
13.9114
13.3429
10.3472
7.24603
-0.91129
3.93821
3.9327
3.93109
3.93419
3.94189
3.95405
3.9709
3.99266
4.01958
4.05201
4.09043
4.13544
4.1878
4.24836
4.31814
4.39822
4.48983
4.59422
4.7127
4.84657
4.99707
5.16541
5.35267
5.55983
5.7878
6.03738
6.30927
6.60412
6.92255
7.26509
7.63218
8.02407
8.44058
8.8809
9.34317
9.82389
10.318
10.8196
11.3222
11.819
12.3035
12.7696
13.2109
13.6225
14.0001
14.3396
14.6382
14.8933
15.1035
15.2685
15.3895
15.4689
15.5099
15.5153
15.4885
15.4362
15.3681
15.3013
15.2642
15.2691
15.2716
15.0049
13.9538
10.953
4.53174
-4.65715
-13.1256
-18.6682
-21.3992
-21.6607
-19.6791
-15.641
-9.57757
-2.09845
5.29541
11.1274
14.8741
16.8799
17.7621
18.0258
17.9823
17.7943
17.5418
17.2579
16.9552
16.6398
16.3158
15.9864
15.654
15.319
14.9915
14.6873
14.4718
14.3176
14.3356
13.9916
13.4675
10.4306
7.21096
-0.64418
3.98792
3.98798
3.99172
4.00101
4.01549
4.03473
4.05892
4.0882
4.12266
4.16251
4.20811
4.2599
4.31843
4.38433
4.45835
4.54128
4.63399
4.73739
4.85239
4.9799
5.12084
5.27608
5.44651
5.63301
5.83648
6.05791
6.29846
6.55955
6.84284
7.15025
7.48384
7.84567
8.23746
8.66018
9.1131
9.59281
10.0936
10.6088
11.1304
11.6502
12.1606
12.6549
13.125
13.5644
13.9677
14.3298
14.6485
14.9211
15.1479
15.3298
15.47
15.5733
15.6435
15.6807
15.6813
15.6418
15.5621
15.4569
15.3568
15.307
15.3124
15.0866
14.122
11.3972
5.40073
-3.6251
-12.1158
-17.7206
-20.5831
-20.9864
-19.1307
-15.0919
-8.9742
-1.43677
6.03211
11.9585
15.7617
17.7433
18.5304
18.6623
18.4793
18.1616
17.798
17.422
17.0453
16.6723
16.3047
15.944
15.5902
15.2412
14.904
14.5906
14.3609
14.1993
14.2276
13.8905
13.3554
10.3752
7.1368
-0.201833
3.99508
4.00243
4.01617
4.03784
4.06448
4.09578
4.13226
4.17377
4.2201
4.27136
4.3277
4.38935
4.45658
4.52978
4.60933
4.69571
4.78941
4.89093
5.00083
5.11965
5.24797
5.38642
5.53569
5.69662
5.87029
6.05812
6.26194
6.48404
6.72727
6.99495
7.29088
7.61911
7.98366
8.38836
8.83485
9.31931
9.83437
10.3723
10.9233
11.4773
12.0244
12.5544
13.06
13.534
13.9706
14.3655
14.7152
15.0109
15.2542
15.4447
15.5858
15.6827
15.739
15.7537
15.7237
15.6489
15.5267
15.3635
15.2019
15.0868
14.9572
14.5877
13.5771
11.3425
6.32579
-1.88264
-10.1464
-15.9195
-19.0461
-19.6713
-17.8989
-13.8404
-7.69664
-0.241415
7.0958
12.9246
16.6679
18.5803
19.265
19.2684
18.9508
18.5049
18.0323
17.5672
17.1201
16.6936
16.2878
15.902
15.5313
15.1669
14.8097
14.4775
14.2444
14.0819
14.0687
13.6581
13.0355
10.2251
7.04224
0.345671
4.05675
4.05594
4.07293
4.10513
4.14187
4.18287
4.22919
4.28017
4.33528
4.39444
4.45765
4.5249
4.59629
4.67197
4.75213
4.83705
4.92703
5.02244
5.12368
5.23125
5.34569
5.46769
5.59808
5.73791
5.88853
6.05169
6.22966
6.42529
6.64207
6.88416
7.15629
7.46369
7.81166
8.20547
8.6479
9.1357
9.65961
10.2106
10.7793
11.3548
11.9251
12.4793
13.0077
13.5013
13.9524
14.3549
14.7018
14.9949
15.2299
15.4101
15.5424
15.6369
15.7
15.726
15.7004
15.6117
15.4591
15.2547
15.0415
14.8538
14.5816
13.9629
12.8781
11.1187
7.3518
0.496988
-7.30738
-13.3911
-16.9142
-17.7874
-16.1256
-12.0962
-6.03428
1.18647
8.19913
13.7645
17.3551
19.1782
19.786
19.7011
19.2889
18.7406
18.1832
17.6519
17.1583
16.7011
16.2749
15.8748
15.4941
15.1256
14.7693
14.4329
14.1801
13.988
13.912
13.403
12.6517
9.99948
6.86712
0.772637
4.05617
4.05156
4.07242
4.11397
4.1606
4.21113
4.26611
4.3246
4.38612
4.45061
4.51807
4.58855
4.66216
4.7391
4.81961
4.90398
4.99257
5.08579
5.1841
5.28801
5.39811
5.51509
5.63975
5.77307
5.91634
6.0712
6.2398
6.42491
6.62998
6.85911
7.11691
7.40877
7.74065
8.12336
8.56344
9.05293
9.57742
10.1324
10.7065
11.2877
11.8645
12.426
12.9621
13.4644
13.9258
14.3399
14.7004
15.0018
15.239
15.4132
15.5324
15.6074
15.6456
15.6486
15.6141
15.5392
15.4189
15.2545
15.0637
14.821
14.3995
13.6416
12.556
11.0395
8.28043
2.93419
-3.90189
-10.2073
-14.4012
-15.7976
-14.3424
-10.3711
-4.45439
2.49231
9.13751
14.3968
17.8013
19.5159
20.0474
19.8954
19.4145
18.8362
18.2456
17.6894
17.1766
16.7047
16.2679
15.8606
15.4738
15.0985
14.7368
14.4093
14.1731
13.9711
13.8296
13.2245
12.3012
9.73198
6.63216
1.09761
3.95759
4.00237
4.04394
4.08986
4.14026
4.19377
4.25058
4.31048
4.37333
4.4391
4.5078
4.5795
4.65434
4.73249
4.8142
4.89977
4.98956
5.08398
5.18351
5.28871
5.4002
5.51874
5.64521
5.78073
5.92665
6.08473
6.25718
6.44675
6.65682
6.89137
7.1548
7.45216
7.78856
8.16859
8.59857
9.07463
9.5924
10.1412
10.7096
11.2857
11.8577
12.4144
12.9455
13.4421
13.8965
14.3021
14.6538
14.9484
15.1844
15.3646
15.497
15.5907
15.6496
15.6703
15.6456
15.5713
15.4492
15.2839
15.0849
14.8225
14.3835
13.6678
12.4984
10.8128
7.94147
3.1026
-2.86424
-8.48545
-12.3989
-13.9098
-12.8148
-9.17961
-3.46904
3.21886
9.54841
14.5162
17.758
19.4364
19.9937
19.8774
19.4152
18.8325
18.239
17.6835
17.174
16.7051
16.269
15.8603
15.4722
15.1001
14.7476
14.4234
14.1795
13.9591
13.7817
13.1156
12.132
9.51321
6.36435
1.15712
-2.51105
-2.53946
-2.59844
-2.65531
-2.76022
-2.96165
-3.24124
-3.56692
-3.90865
-4.29884
-4.73302
-5.07343
-5.28665
-5.49349
-5.77461
-6.23446
-7.03128
-8.35025
-10.2249
-12.4506
-14.586
-16.0967
-16.5868
-15.8209
-13.481
-9.57111
-4.69977
0.694576
6.2491
11.6924
16.726
21.0083
24.2291
26.2833
27.2879
27.4893
27.1748
26.5844
25.8833
25.1599
24.4543
23.7477
22.9909
22.1774
21.3635
20.6472
20.073
19.5412
18.912
18.1296
17.2061
16.1427
14.908
13.463
11.7757
9.82559
7.61355
5.18143
2.6122
0.0409654
-2.3164
-4.19315
-5.32324
-5.49861
-4.57484
-2.57745
0.255804
3.58657
7.04642
10.3234
13.1802
15.4925
17.2319
18.4404
19.201
19.6119
19.7693
19.7604
19.6606
19.5305
19.4139
19.3269
19.2694
19.2359
19.2233
19.237
19.2946
19.4258
19.651
19.9803
20.3643
20.748
20.8987
20.8282
19.84
18.2071
13.4521
8.9585
1.50316
5.14693
-2.48264
-2.48063
-2.56754
-2.66559
-2.85224
-3.1273
-3.46265
-3.82528
-4.22246
-4.71146
-5.23555
-5.64081
-5.79152
-5.81708
-6.10094
-6.84391
-8.27383
-10.689
-14.1036
-18.0676
-21.7386
-24.1588
-24.5237
-22.502
-18.5917
-13.5885
-7.96402
-2.18963
3.54023
9.13457
14.4314
19.1101
22.7782
25.2394
26.5611
26.9869
26.8248
26.3325
25.6802
24.9573
24.1835
23.3617
22.5658
21.8882
21.3091
20.7506
20.17
19.5768
18.9504
18.2243
17.3469
16.299
15.0716
13.6378
11.9551
9.98373
7.70439
5.14393
2.38127
-0.432622
-3.05053
-5.15903
-6.42408
-6.57292
-5.5032
-3.32912
-0.276485
3.29108
6.97832
10.4311
13.3937
15.7386
17.4522
18.6027
19.3022
19.6712
19.8145
19.8119
19.7236
19.6004
19.4768
19.3713
19.289
19.2339
19.2095
19.221
19.2779
19.3987
19.6005
19.9052
20.2867
20.7061
20.9113
20.9306
20.1206
18.6138
13.5332
7.61071
0.500723
3.9524
-2.18109
-2.16076
-2.31355
-2.6307
-3.0238
-3.3927
-3.66214
-3.85604
-4.12082
-4.6201
-5.20734
-5.69504
-6.19166
-7.00707
-8.56512
-11.2476
-15.1513
-19.9859
-25.1142
-29.7255
-33.0215
-34.3616
-33.398
-30.2259
-25.2177
-19.0617
-12.5762
-6.35257
-0.509166
5.14
10.6725
15.8355
20.1228
23.1741
24.9472
25.6804
25.727
25.3905
24.8714
24.2785
23.6593
23.0291
22.3656
21.6635
21.0075
20.4319
19.9271
19.4668
18.9467
18.2666
17.3937
16.3361
15.0912
13.618
11.8568
9.7598
7.30835
4.53707
1.53704
-1.52989
-4.4005
-6.74212
-8.19886
-8.46155
-7.36426
-4.97354
-1.57969
2.37991
6.4398
10.1896
13.3539
15.8135
17.5798
18.7466
19.4414
19.7911
19.904
19.8659
19.744
19.5918
19.4477
19.332
19.2491
19.1948
19.1672
19.1714
19.2229
19.3464
19.5614
19.8798
20.2671
20.6845
20.9095
20.918
19.9746
17.7378
11.5523
4.19023
-2.37211
1.56085
-2.20472
-2.24531
-2.64717
-3.2184
-3.72473
-4.03453
-4.0814
-4.00775
-4.10087
-4.5009
-4.97384
-5.6042
-6.63953
-8.53102
-11.7111
-16.3506
-22.1717
-28.5366
-34.6724
-39.8337
-43.3197
-44.4946
-42.9686
-38.754
-32.3373
-24.7146
-17.0691
-10.2092
-4.17344
1.49225
7.12683
12.6013
17.381
20.9425
23.1433
24.2164
24.5324
24.4087
24.0518
23.5757
23.0381
22.4706
21.8886
21.2945
20.696
20.1487
19.689
19.271
18.8035
18.1828
17.3493
16.3141
15.0814
13.5936
11.7654
9.53282
6.86756
3.79971
0.423832
-3.08482
-6.4229
-9.19116
-10.9498
-11.3134
-10.0952
-7.36442
-3.46365
1.0709
5.67269
9.84984
13.2943
15.8969
17.7045
18.8528
19.5045
19.8104
19.8921
19.8396
19.7165
19.5678
19.423
19.2973
19.1986
19.1348
19.1087
19.1225
19.1865
19.3153
19.5208
19.8147
20.1803
20.5922
20.8306
20.7784
19.5909
16.534
9.28764
0.606741
-5.76631
-1.11738
-2.05284
-2.27694
-3.01791
-3.65766
-4.104
-4.26734
-4.13089
-3.83404
-3.79707
-3.99978
-4.38575
-5.19219
-6.81283
-9.74877
-14.3235
-20.4503
-27.6023
-35.0476
-42.0608
-47.9428
-51.9182
-53.1797
-51.2418
-46.2064
-38.668
-29.7583
-21.0223
-13.4996
-7.19323
-1.46212
4.25783
9.92813
14.9862
18.8281
21.2901
22.6149
23.1753
23.2794
23.1244
22.8211
22.4305
21.9889
21.5137
21.0083
20.4766
19.9513
19.4738
19.0579
18.6265
18.0444
17.2363
16.2192
14.9948
13.4804
11.5644
9.16492
6.23965
2.80858
-1.03683
-5.10901
-9.05345
-12.3902
-14.5766
-15.1131
-13.7825
-10.6146
-6.04047
-0.7389
4.58301
9.32168
13.1319
15.925
17.8008
18.9498
19.5744
19.847
19.8982
19.8211
19.6802
19.5193
19.3665
19.2371
19.1372
19.0676
19.0308
19.0337
19.0848
19.1979
19.3886
19.6715
20.025
20.4117
20.6278
20.4865
19.0261
15.2454
7.24946
-2.25415
-8.85794
-3.74782
-1.84964
-2.30494
-3.10576
-3.62871
-3.94093
-3.95674
-3.65491
-3.265
-3.12689
-3.11935
-3.41136
-4.33428
-6.3952
-10.0763
-15.5688
-22.5986
-30.5185
-38.5921
-46.144
-52.473
-56.7174
-57.9431
-55.7474
-50.3417
-42.3586
-32.9315
-23.7226
-15.9234
-9.48701
-3.64736
2.21296
8.02764
13.1789
17.0918
19.6616
21.1564
21.9261
22.2407
22.271
22.1194
21.8493
21.5046
21.1159
20.6972
20.2483
19.7819
19.3297
18.9127
18.4853
17.9193
17.1309
16.1325
14.9121
13.3593
11.3344
8.73307
5.49298
1.61813
-2.80994
-7.59214
-12.3109
-16.3819
-19.132
-19.924
-18.4561
-14.7382
-9.30476
-3.0195
3.22387
8.67463
12.9397
15.9596
17.9062
19.0431
19.6244
19.8516
19.8681
19.7697
19.6187
19.4543
19.3003
19.1691
19.0667
18.9964
18.9605
18.9621
19.007
19.1045
19.2653
19.503
19.8052
20.1419
20.321
20.0924
18.4319
14.1498
5.78771
-4.06549
-10.7318
-5.90464
-1.38643
-2.04718
-2.73506
-3.18876
-3.39703
-3.27742
-2.83036
-2.36136
-2.03786
-1.83395
-2.00563
-2.96223
-5.25637
-9.32548
-15.2537
-22.6651
-30.8702
-39.144
-46.8386
-53.2401
-57.4734
-58.6504
-56.4352
-51.0657
-43.1937
-33.9484
-24.9791
-17.4026
-11.0354
-5.07683
0.947533
6.81867
11.8925
15.7068
18.2682
19.8626
20.7943
21.2844
21.477
21.467
21.3195
21.0807
20.7827
20.444
20.0698
19.6643
19.2477
18.837
18.4038
17.8365
17.0538
16.0634
14.8361
13.2325
11.0825
8.25412
4.65853
0.274007
-4.8343
-10.4588
-16.1033
-21.0544
-24.4843
-25.5788
-23.9754
-19.6259
-13.1911
-5.74159
1.59022
7.89165
12.6943
15.9771
18.0038
19.1288
19.6673
19.8517
19.8358
19.7167
19.5544
19.3851
19.2299
19.0993
18.9978
18.9265
18.8866
18.8815
18.9158
18.9965
19.1312
19.3298
19.5809
19.8539
19.9751
19.6588
17.8775
13.3286
4.85557
-5.01633
-11.6391
-7.54237
-0.672072
-1.34181
-2.03579
-2.49879
-2.65142
-2.40229
-1.827
-1.22594
-0.691313
-0.279123
-0.296976
-1.20335
-3.54536
-7.7076
-13.7127
-21.1414
-29.3025
-37.4706
-44.9991
-51.1928
-55.232
-56.3498
-54.2604
-49.2085
-41.8291
-33.2799
-25.0829
-18.0512
-11.8306
-5.75297
0.387221
6.17901
11.021
14.6321
17.1275
18.7789
19.8303
20.4556
20.7763
20.8808
20.8345
20.6853
20.4671
20.2008
19.8951
19.5532
19.1867
18.8005
18.3697
17.7981
17.0139
16.0229
14.7794
13.1158
10.8296
7.75735
3.77942
-1.16093
-7.01724
-13.568
-20.2234
-26.1138
-30.2568
-31.6625
-29.8988
-24.8833
-17.3983
-8.71045
-0.202526
7.03034
12.4247
15.9929
18.1007
19.2065
19.6954
19.8331
19.7843
19.6463
19.4754
19.304
19.1495
19.0204
18.9203
18.8503
18.8111
18.8042
18.8322
18.8997
19.0107
19.1705
19.3676
19.5722
19.6289
19.2343
17.3968
12.7719
4.38536
-5.34524
-11.8101
-8.5527
0.373986
-0.286739
-1.12836
-1.65141
-1.75521
-1.40242
-0.714537
0.0340911
0.775195
1.3859
1.52302
0.717001
-1.54418
-5.60215
-11.4505
-18.6595
-26.5487
-34.4067
-41.5837
-47.4127
-51.1679
-52.2281
-50.3638
-45.7938
-39.1715
-31.6499
-24.4757
-18.0435
-11.9362
-5.75198
0.380935
5.92489
10.425
13.7925
16.2011
17.8781
19.0088
19.7315
20.1517
20.3521
20.3961
20.3305
20.1879
19.9893
19.746
19.4625
19.1461
18.793
18.3717
17.7979
17.0095
16.012
14.7467
13.0202
10.5957
7.27585
2.90729
-2.60562
-9.23425
-16.7208
-24.3734
-31.1452
-35.9379
-37.6945
-35.6652
-30.008
-21.5325
-11.6592
-2.00271
6.15597
12.1474
16.0027
18.1878
19.27
19.7079
19.8008
19.7227
19.5692
19.3926
19.2212
19.0695
18.944
18.8468
18.778
18.7376
18.7266
18.7469
18.8014
18.892
19.0196
19.1709
19.3135
19.3078
18.8481
17.0049
12.446
4.31904
-5.12944
-11.3462
-8.98538
1.59263
0.828749
-0.182525
-0.805064
-0.892785
-0.449189
0.353075
1.2616
2.19572
2.98932
3.26451
2.58422
0.466519
-3.38922
-8.94873
-15.7947
-23.2786
-30.7113
-37.4485
-42.8609
-46.3213
-47.3443
-45.7358
-41.7329
-36.0254
-29.672
-23.4805
-17.5003
-11.423
-5.20757
0.732005
5.88372
10.002
13.135
15.4551
17.1342
18.3123
19.1031
19.6002
19.8793
19.9996
20.0057
19.9293
19.7911
19.6037
19.373
19.1054
18.7929
18.3921
17.824
17.0339
16.0276
14.7387
12.9517
10.3958
6.83763
2.09023
-3.97729
-11.352
-19.7096
-28.2451
-35.7477
-41.0414
-42.9583
-40.7798
-34.5792
-25.2449
-14.3398
-3.64889
5.35059
11.8925
16.0125
18.2633
19.3162
19.7018
19.7518
19.6473
19.4816
19.302
19.1325
18.9847
18.8633
18.7694
18.7027
18.6628
18.6498
18.6648
18.7087
18.7817
18.8809
18.992
19.0802
19.0195
18.5104
16.6984
12.3013
4.56136
-4.49872
-10.4277
-8.9366
2.53966
1.73899
0.635446
-0.0705429
-0.151281
0.372244
1.28899
2.36294
3.47661
4.41346
4.79516
4.21992
2.24848
-1.37005
-6.57863
-12.9857
-19.9881
-26.9301
-33.1894
-38.1814
-41.3696
-42.3707
-41.0418
-37.6742
-32.9638
-27.6991
-22.2301
-16.4816
-10.4044
-4.32359
1.23667
5.92774
9.68784
12.6167
14.8503
16.5136
17.7164
18.5551
19.1127
19.4574
19.6435
19.7125
19.6949
19.6109
19.4736
19.2901
19.0663
18.7941
18.4207
17.8664
17.0797
16.0654
14.7539
12.9132
10.2396
6.46363
1.36685
-5.20884
-13.2538
-22.3727
-31.6051
-39.6464
-45.2819
-47.3111
-45.0172
-38.3823
-28.3467
-16.5777
-5.02802
4.67537
11.6815
16.0231
18.3219
19.3407
19.6757
19.6871
19.5613
19.3876
19.2082
19.0431
18.9012
18.7855
18.696
18.6319
18.5922
18.5766
18.5856
18.6193
18.6765
18.7517
18.8288
18.8711
18.7641
18.2204
16.4644
12.2846
5.00543
-3.60298
-9.23625
-8.53921
2.83693
2.08075
1.1109
0.450429
0.378952
0.952919
2.00053
3.23734
4.49581
5.55768
6.02834
5.52606
3.67215
0.278519
-4.57333
-10.5188
-17.007
-23.4297
-29.2031
-33.7926
-36.7395
-37.7411
-36.7324
-34.0524
-30.2768
-25.808
-20.7242
-15.0433
-9.06368
-3.32312
1.74718
5.99454
9.45127
12.2066
14.3559
15.9925
17.2059
18.079
18.6844
19.0829
19.3238
19.4461
19.4789
19.4423
19.3491
19.2073
19.0221
18.7886
18.4486
17.9168
17.1405
16.1215
14.7907
12.9056
10.1328
6.16772
0.76383
-6.25504
-14.8671
-24.5974
-34.3473
-42.7467
-48.5946
-50.6995
-48.3177
-41.3473
-30.7583
-18.3107
-6.08917
4.16156
11.5263
16.0347
18.3608
19.3416
19.6292
19.6073
19.4651
19.2874
19.1111
18.9522
18.817
18.7073
18.6225
18.5612
18.5223
18.5051
18.5094
18.5345
18.578
18.6322
18.6803
18.6838
18.5386
17.9724
16.2869
12.3499
5.55967
-2.57006
-7.91974
-7.91833
2.38575
1.67966
0.913009
0.516663
0.63365
1.31851
2.45171
3.84217
5.31505
6.44545
6.92497
6.43666
4.66249
1.46699
-3.04683
-8.54037
-14.5163
-20.422
-25.7236
-29.9427
-32.684
-33.7211
-33.0754
-31.0542
-27.9686
-23.9172
-18.9375
-13.3206
-7.6295
-2.37637
2.19872
6.06765
9.27521
11.88
13.9482
15.5528
16.7683
17.6657
18.3082
18.7502
19.037
19.2045
19.2809
19.2857
19.2315
19.1266
18.9752
18.7755
18.4706
17.9679
17.2092
16.1905
14.8449
12.9259
10.0747
5.95389
0.292892
-7.09378
-16.1596
-26.3474
-36.4501
-45.0626
-51.0203
-53.1576
-50.7057
-43.4934
-32.4977
-19.5487
-6.83602
3.80726
11.4232
16.0419
18.3756
19.3172
19.5625
19.5138
19.361
19.1835
19.0131
18.8622
18.7351
18.6325
18.5529
18.4949
18.4569
18.438
18.4377
18.4545
18.4855
18.5214
18.5446
18.5154
18.339
17.7592
16.1506
12.4615
6.15609
-1.49524
-6.58449
-7.17605
2.00012
1.21722
0.585304
0.311797
0.523226
1.33967
2.63644
4.18911
5.69301
6.94772
7.49837
7.01431
5.26818
2.20909
-2.01892
-7.09906
-12.5906
-18.0037
-22.8635
-26.7434
-29.3179
-30.4353
-30.1454
-28.6046
-25.8533
-21.8797
-16.9189
-11.5289
-6.29766
-1.56248
2.58384
6.14542
9.14546
11.6176
13.6098
15.1807
16.3927
17.3063
17.9773
18.4544
18.7791
18.9849
19.0984
19.1391
19.1189
19.0463
18.9247
18.7543
18.4847
18.0169
17.2832
16.2708
14.9157
12.9736
10.0656
5.82409
-0.0420586
-7.71973
-17.1294
-27.6353
-37.9503
-46.6577
-52.6387
-54.7726
-52.2678
-44.8953
-33.6258
-20.3378
-7.29941
3.59439
11.362
16.0385
18.3628
19.2663
19.4765
19.4083
19.2504
19.077
18.9149
18.7734
18.6551
18.5597
18.4855
18.4307
18.3938
18.3736
18.3694
18.3791
18.3991
18.419
18.4206
18.3637
18.1616
17.5745
16.0436
12.5942
6.74866
-0.44346
-5.29978
-6.38692
1.97087
1.34065
0.60476
0.250937
0.452222
1.27452
2.64515
4.3532
6.07284
7.33294
7.72544
7.17524
5.46402
2.54281
-1.42491
-6.13662
-11.1941
-16.1631
-20.63
-24.2182
-26.6763
-27.9008
-27.8572
-26.4639
-23.655
-19.611
-14.822
-9.86993
-5.16734
-0.889716
2.91233
6.22468
9.04887
11.4042
13.3269
14.8644
16.069
16.9929
17.6855
18.1908
18.5468
18.785
18.9305
19.002
19.0117
18.9675
18.8721
18.7264
18.4889
18.0578
17.3541
16.3544
14.9956
13.0397
10.0944
5.76576
-0.25433
-8.14813
-17.7986
-28.5011
-38.9133
-47.6252
-53.5678
-55.6683
-53.1238
-45.6619
-34.2337
-20.7462
-7.52352
3.50013
11.3352
16.0251
18.3255
19.1923
19.374
19.2932
19.1356
18.9697
18.8179
18.687
18.5782
18.4904
18.4219
18.3706
18.335
18.3137
18.3058
18.3088
18.3187
18.3243
18.3072
18.2264
18.0027
17.4119
15.9553
12.7301
7.30931
0.547681
-4.10482
-5.60123
)
;

boundaryField
{
    outlet
    {
        type            fixedValue;
        value           uniform 0;
    }
    inlet
    {
        type            zeroGradient;
    }
    lowerWall
    {
        type            zeroGradient;
    }
    upperWall
    {
        type            zeroGradient;
    }
    frontAndBack
    {
        type            empty;
    }
}


// ************************************************************************* //
