/*--------------------------------*- C++ -*----------------------------------*\
| =========                 |                                                 |
| \\      /  F ield         | OpenFOAM: The Open Source CFD Toolbox           |
|  \\    /   O peration     | Version:  2.1.1                                 |
|   \\  /    A nd           | Web:      www.OpenFOAM.org                      |
|    \\/     M anipulation  |                                                 |
\*---------------------------------------------------------------------------*/
FoamFile
{
    version     2.0;
    format      ascii;
    class       volScalarField;
    location    "0.185";
    object      p;
}
// * * * * * * * * * * * * * * * * * * * * * * * * * * * * * * * * * * * * * //

dimensions      [0 2 -2 0 0 0 0];

internalField   nonuniform List<scalar> 
6820
(
19.2541
1.41659
-1.59702
-1.79004
-1.9694
-1.90345
-1.85475
-1.87589
-1.9324
-2.00892
-2.09689
-2.19101
-2.28878
-2.38903
-2.49113
-2.59472
-2.69957
-2.80552
-2.9124
-3.02013
-3.12881
-3.23826
-3.34888
-3.46021
-3.57254
-3.68592
-3.80065
-3.9167
-4.03544
-4.1543
-4.28389
-4.39437
-4.57981
12.5739
1.5988
-1.28468
-1.5909
-1.85035
-1.88069
-1.86874
-1.90119
-1.95953
-2.03315
-2.1172
-2.20772
-2.30248
-2.40036
-2.50068
-2.60295
-2.70685
-2.81214
-2.91856
-3.02587
-3.13417
-3.24326
-3.35407
-3.46534
-3.57753
-3.69074
-3.80527
-3.92118
-4.03943
-4.15882
-4.28667
-4.4083
-4.59427
9.86078
3.03093
-0.262027
-1.02626
-1.50155
-1.70683
-1.77378
-1.83906
-1.91677
-2.00273
-2.09541
-2.19249
-2.29225
-2.39379
-2.49667
-2.60065
-2.70562
-2.8115
-2.91817
-3.02563
-3.13398
-3.24331
-3.35265
-3.46367
-3.57548
-3.68803
-3.80166
-3.91634
-4.03279
-4.14969
-4.2705
-4.3814
-4.49385
7.87685
3.25983
0.1619
-0.703203
-1.18196
-1.46608
-1.60305
-1.71235
-1.82107
-1.9275
-2.03311
-2.13886
-2.24486
-2.35125
-2.45807
-2.56527
-2.67284
-2.78081
-2.88915
-2.99786
-3.10698
-3.21653
-3.32631
-3.43665
-3.54738
-3.65866
-3.77083
-3.88359
-3.99706
-4.11002
-4.22304
-4.32779
-4.42402
6.24299
3.16114
0.555729
-0.353328
-0.867544
-1.23055
-1.43732
-1.58578
-1.71858
-1.84119
-1.95795
-2.07209
-2.18451
-2.29558
-2.40589
-2.51578
-2.62537
-2.73475
-2.84398
-2.95311
-3.06223
-3.17137
-3.28044
-3.38944
-3.49824
-3.60722
-3.7162
-3.82498
-3.9334
-4.04028
-4.14505
-4.24284
-4.33202
5.02224
2.98215
0.808733
-0.140835
-0.673969
-1.06388
-1.30535
-1.47637
-1.62497
-1.76001
-1.88596
-2.00682
-2.12446
-2.2397
-2.35314
-2.46524
-2.57632
-2.68661
-2.79624
-2.90534
-3.01398
-3.12224
-3.23006
-3.33776
-3.44552
-3.55276
-3.65914
-3.76456
-3.86874
-3.9707
-4.06965
-4.16286
-4.25002
4.07372
2.69796
0.9285
0.0164488
-0.504076
-0.901942
-1.1733
-1.36954
-1.53586
-1.68406
-1.81948
-1.94715
-2.06983
-2.18883
-2.30506
-2.41926
-2.5319
-2.64326
-2.75354
-2.86289
-2.97142
-3.07922
-3.18636
-3.2929
-3.39861
-3.50321
-3.60658
-3.70855
-3.80872
-3.90626
-4.00034
-4.08933
-4.17264
3.33021
2.39432
0.982377
0.135126
-0.373655
-0.772901
-1.06275
-1.27599
-1.45402
-1.61138
-1.75403
-1.88726
-2.01429
-2.13673
-2.2557
-2.37199
-2.48612
-2.59846
-2.70925
-2.81868
-2.92688
-3.03394
-3.13987
-3.2447
-3.34843
-3.45088
-3.55181
-3.65093
-3.74779
-3.84172
-3.93199
-4.01752
-4.09763
2.74078
2.09353
0.975201
0.208386
-0.277729
-0.665067
-0.961026
-1.18553
-1.37325
-1.53905
-1.68885
-1.82774
-1.95921
-2.08516
-2.20683
-2.32514
-2.44074
-2.55405
-2.66539
-2.77496
-2.88295
-2.98942
-3.09444
-3.19806
-3.30019
-3.40062
-3.49913
-3.59545
-3.6892
-3.77984
-3.86674
-3.94916
-4.02638
2.2676
1.81124
0.930485
0.252525
-0.204382
-0.575631
-0.872181
-1.10433
-1.29926
-1.47136
-1.62661
-1.76996
-1.905
-2.0338
-2.15773
-2.27777
-2.39461
-2.50872
-2.62045
-2.73003
-2.83767
-2.94344
-3.04741
-3.14959
-3.24993
-3.34829
-3.44449
-3.53829
-3.62934
-3.7172
-3.80136
-3.8813
-3.95639
1.88378
1.55516
0.862047
0.271373
-0.152902
-0.504608
-0.795529
-1.0302
-1.22916
-1.40555
-1.56512
-1.71236
-1.85069
-1.98223
-2.10837
-2.23011
-2.3482
-2.46313
-2.57529
-2.68495
-2.79225
-2.89738
-3.0004
-3.10133
-3.20013
-3.2967
-3.39086
-3.48241
-3.57106
-3.65649
-3.7383
-3.81616
-3.88955
1.56968
1.32766
0.780793
0.271841
-0.117311
-0.447311
-0.728833
-0.962836
-1.16393
-1.34328
-1.50615
-1.6565
-1.79754
-1.93135
-2.05931
-2.18247
-2.30156
-2.41712
-2.52954
-2.63911
-2.74602
-2.85043
-2.95243
-3.05205
-3.14926
-3.244
-3.33615
-3.42556
-3.51202
-3.59529
-3.67511
-3.75127
-3.82344
1.311
1.12869
0.694856
0.259256
-0.0945175
-0.40221
-0.671931
-0.902406
-1.10343
-1.28405
-1.44896
-1.60157
-1.74475
-1.88046
-2.01004
-2.13447
-2.25448
-2.37063
-2.4833
-2.59279
-2.69933
-2.80306
-2.9041
-3.0025
-3.09826
-3.19137
-3.28172
-3.36924
-3.45377
-3.53518
-3.6133
-3.68805
-3.75924
1.09718
0.956815
0.60989
0.238247
-0.0811357
-0.36649
-0.622891
-0.847724
-1.04704
-1.22778
-1.39385
-1.5481
-1.69297
-1.83024
-1.96116
-2.08665
-2.20742
-2.32401
-2.43681
-2.54613
-2.6522
-2.75519
-2.85523
-2.95238
-3.04669
-3.13816
-3.22676
-3.31245
-3.39515
-3.47482
-3.55138
-3.62485
-3.69519
0.920412
0.810052
0.529839
0.212763
-0.0743007
-0.338041
-0.580572
-0.798393
-0.99471
-1.17449
-1.34082
-1.496
-1.64203
-1.78047
-1.91244
-2.03878
-2.16016
-2.27709
-2.38996
-2.49908
-2.60467
-2.70693
-2.80599
-2.90195
-2.99488
-3.08483
-3.1718
-3.25579
-3.33683
-3.4149
-3.49003
-3.56232
-3.63182
0.774834
0.686335
0.457334
0.186029
-0.0714765
-0.314775
-0.54345
-0.753399
-0.945747
-1.12375
-1.28967
-1.44524
-1.59204
-1.73136
-1.86416
-1.99119
-2.11305
-2.23022
-2.34307
-2.45191
-2.55696
-2.65844
-2.75649
-2.85124
-2.94279
-3.0312
-3.11655
-3.19888
-3.27825
-3.35474
-3.42842
-3.49947
-3.56801
0.656056
0.583735
0.394101
0.16068
-0.0704171
-0.294817
-0.510156
-0.711915
-0.899716
-1.07537
-1.24036
-1.39587
-1.54307
-1.68298
-1.81638
-1.94391
-2.06612
-2.18342
-2.29618
-2.40468
-2.50917
-2.60984
-2.70689
-2.80044
-2.89062
-2.97754
-3.06131
-3.14201
-3.21976
-3.29467
-3.36689
-3.43661
-3.50402
0.560778
0.500583
0.341255
0.138834
-0.0691636
-0.27646
-0.479333
-0.672978
-0.855953
-1.02891
-1.19261
-1.34773
-1.49506
-1.63533
-1.76916
-1.89707
-2.01951
-2.13686
-2.24945
-2.35755
-2.46142
-2.56125
-2.65724
-2.74955
-2.83834
-2.92374
-3.00589
-3.08493
-3.16098
-3.23423
-3.30484
-3.37305
-3.43908
0.486538
0.435511
0.299525
0.122201
-0.0659962
-0.258153
-0.4497
-0.635658
-0.813844
-0.983995
-1.14623
-1.30078
-1.44807
-1.58856
-1.72271
-1.85089
-1.97349
-2.09082
-2.20319
-2.31085
-2.41406
-2.51302
-2.60794
-2.699
-2.78638
-2.87025
-2.95076
-3.02808
-3.10239
-3.17388
-3.24276
-3.30926
-3.37363
0.431535
0.387467
0.26942
0.112172
-0.0594077
-0.238486
-0.420045
-0.599015
-0.772701
-0.940136
-1.10089
-1.2548
-1.40195
-1.54258
-1.67694
-1.80532
-1.92799
-2.04523
-2.15731
-2.26447
-2.36695
-2.46498
-2.55877
-2.64851
-2.73442
-2.81667
-2.89545
-2.97097
-3.04341
-3.11298
-3.17992
-3.24447
-3.30688
0.394511
0.355711
0.251355
0.109914
-0.0480637
-0.21618
-0.389248
-0.56217
-0.731902
-0.896944
-1.05641
-1.20979
-1.35688
-1.49768
-1.63229
-1.76088
-1.88364
-2.00079
-2.11258
-2.21923
-2.32098
-2.41806
-2.51069
-2.59909
-2.68348
-2.76406
-2.84105
-2.91466
-2.98511
-3.05262
-3.11743
-3.17978
-3.23991
0.374662
0.3398
0.245729
0.116452
-0.0307548
-0.190042
-0.356218
-0.524204
-0.690713
-0.853838
-1.01232
-1.16535
-1.31247
-1.45348
-1.58835
-1.71711
-1.83992
-1.95693
-2.06836
-2.17443
-2.27536
-2.3714
-2.46278
-2.54974
-2.6325
-2.7113
-2.78637
-2.85793
-2.92622
-2.99147
-3.05392
-3.11383
-3.17141
0.371611
0.339599
0.253032
0.132725
-0.00638391
-0.159007
-0.320036
-0.48442
-0.648698
-0.810655
-0.968731
-1.12185
-1.26936
-1.41087
-1.54621
-1.67534
-1.79832
-1.9153
-2.02644
-2.13197
-2.23212
-2.32712
-2.41723
-2.50271
-2.58379
-2.66073
-2.73377
-2.80316
-2.86914
-2.93195
-2.99183
-3.04903
-3.10374
0.385329
0.355272
0.273819
0.159689
0.0261472
-0.121962
-0.279624
-0.441801
-0.604897
-0.766457
-0.924679
-1.07828
-1.22642
-1.36858
-1.50447
-1.63398
-1.75713
-1.87402
-1.98481
-2.08972
-2.18897
-2.28283
-2.37155
-2.45542
-2.53468
-2.60961
-2.68047
-2.74752
-2.811
-2.87118
-2.92828
-2.98256
-3.03421
0.41621
0.387308
0.308856
0.198284
0.067793
-0.0780975
-0.23444
-0.396176
-0.55958
-0.721993
-0.881405
-1.03635
-1.18584
-1.32923
-1.46615
-1.59642
-1.72002
-1.83703
-1.94762
-2.052
-2.15041
-2.24314
-2.33045
-2.41265
-2.49002
-2.56284
-2.63139
-2.69594
-2.75676
-2.8141
-2.86819
-2.91928
-2.96754
0.46504
0.436556
0.359159
0.249692
0.11985
-0.0260095
-0.182932
-0.345785
-0.510715
-0.674908
-0.836198
-0.992984
-1.14416
-1.289
-1.42708
-1.55817
-1.68223
-1.79934
-1.90967
-2.01344
-2.11091
-2.20238
-2.28816
-2.36856
-2.44388
-2.51442
-2.5805
-2.64239
-2.70037
-2.7547
-2.80563
-2.85341
-2.89822
0.533062
0.504245
0.425894
0.314895
0.182909
0.0342825
-0.125922
-0.292394
-0.461094
-0.629027
-0.793868
-0.95389
-1.1079
-1.2551
-1.39505
-1.5275
-1.65242
-1.7699
-1.88014
-1.98339
-2.07995
-2.17015
-2.25432
-2.33281
-2.40595
-2.47407
-2.53749
-2.59652
-2.65145
-2.70254
-2.75004
-2.79418
-2.83515
0.62208
0.592201
0.510946
0.395976
0.259485
0.105973
-0.0593187
-0.230876
-0.404503
-0.577082
-0.746183
-0.909995
-1.06726
-1.21717
-1.35923
-1.49322
-1.61912
-1.73704
-1.84722
-1.94993
-2.04553
-2.13437
-2.21683
-2.29329
-2.36411
-2.42967
-2.49029
-2.54632
-2.59805
-2.64579
-2.68978
-2.73032
-2.76758
0.734508
0.702544
0.615676
0.493042
0.347914
0.185191
0.0105484
-0.170034
-0.352046
-0.532191
-0.707934
-0.877416
-1.03938
-1.19304
-1.33797
-1.474
-1.60117
-1.71969
-1.82983
-1.93195
-2.02646
-2.11378
-2.19432
-2.26852
-2.33678
-2.39949
-2.45704
-2.50976
-2.55799
-2.60203
-2.64215
-2.67861
-2.71157
0.873825
0.839052
0.744512
0.611999
0.456507
0.283224
0.0980864
-0.0925608
-0.283967
-0.472688
-0.656074
-0.832187
-0.999743
-1.15796
-1.30644
-1.44508
-1.57399
-1.69343
-1.80377
-1.90546
-1.99895
-2.08476
-2.16336
-2.23523
-2.30083
-2.36061
-2.41498
-2.46431
-2.50899
-2.54933
-2.58565
-2.61825
-2.64736
1.04411
1.00413
0.896113
0.745997
0.571821
0.37984
0.176935
-0.0297584
-0.235194
-0.435918
-0.629351
-0.813681
-0.987787
-1.15106
-1.30327
-1.44446
-1.57489
-1.69495
-1.80512
-1.90595
-1.99799
-2.08182
-2.15799
-2.22705
-2.28951
-2.34585
-2.39652
-2.44195
-2.48252
-2.51858
-2.55044
-2.5784
-2.60265
1.2527
1.20805
1.08626
0.919214
0.727701
0.517623
0.296315
0.0719024
-0.149965
-0.365501
-0.571892
-0.76722
-0.950381
-1.12086
-1.27856
-1.4237
-1.55671
-1.67816
-1.7887
-1.88902
-1.97983
-2.06181
-2.13562
-2.2019
-2.26122
-2.31414
-2.36117
-2.40276
-2.43935
-2.47134
-2.49911
-2.52302
-2.54334
1.5047
1.44557
1.29139
1.08682
0.86015
0.618362
0.369441
0.121867
-0.119155
-0.350414
-0.569533
-0.774988
-0.966033
-1.14245
-1.3044
-1.45231
-1.58679
-1.70859
-1.8185
-1.91735
-2.00597
-2.08515
-2.15565
-2.21817
-2.27338
-2.32187
-2.36422
-2.40091
-2.43243
-2.45918
-2.48157
-2.49992
-2.51453
1.82203
1.76049
1.58651
1.35562
1.09876
0.822487
0.538292
0.25781
-0.0126221
-0.269316
-0.509655
-0.732235
-0.936669
-1.12318
-1.29239
-1.44517
-1.58256
-1.70565
-1.81555
-1.91336
-2.0001
-2.07676
-2.14423
-2.20332
-2.25479
-2.2993
-2.33746
-2.36983
-2.39691
-2.41919
-2.43712
-2.45119
-2.46177
2.19447
2.07794
1.81896
1.51751
1.21029
0.894256
0.578036
0.272059
-0.0192766
-0.293409
-0.548175
-0.782488
-0.996201
-1.1897
-1.36376
-1.51944
-1.65797
-1.78065
-1.88881
-1.98376
-2.06671
-2.13882
-2.20114
-2.25463
-2.30014
-2.33841
-2.37013
-2.39588
-2.41619
-2.43158
-2.4425
-2.44944
-2.45292
2.73394
2.64362
2.34735
1.97869
1.59126
1.19235
0.802404
0.435078
0.0938978
-0.219327
-0.50361
-0.759559
-0.988644
-1.19262
-1.37338
-1.53291
-1.67312
-1.79585
-1.90285
-1.99571
-2.0759
-2.14475
-2.20344
-2.25303
-2.29444
-2.32844
-2.35572
-2.37687
-2.39239
-2.40279
-2.40855
-2.41036
-2.40889
3.23919
2.91772
2.45248
2.03744
1.63182
1.2082
0.794667
0.404496
0.0391489
-0.297804
-0.603453
-0.877437
-1.12067
-1.33469
-1.52156
-1.68361
-1.82328
-1.94291
-2.04474
-2.13086
-2.20315
-2.26327
-2.3127
-2.35272
-2.38442
-2.4087
-2.42628
-2.43773
-2.44345
-2.44382
-2.43895
-2.42965
-2.41571
4.55013
4.22993
3.4599
2.76442
2.13296
1.53235
0.994424
0.519157
0.0960095
-0.279017
-0.609448
-0.89972
-1.15378
-1.37504
-1.56667
-1.73161
-1.87259
-1.99218
-2.0928
-2.17668
-2.24584
-2.30213
-2.34716
-2.38235
-2.40891
-2.42782
-2.43979
-2.44531
-2.44448
-2.43731
-2.42275
-2.40187
-2.36922
4.56903
3.8259
3.22656
2.76657
2.17447
1.54963
0.968356
0.427786
-0.0660414
-0.502771
-0.881629
-1.20622
-1.48082
-1.71035
-1.90018
-2.05556
-2.18137
-2.28202
-2.3614
-2.42291
-2.46948
-2.50362
-2.52743
-2.54272
-2.55094
-2.55328
-2.55064
-2.54349
-2.53185
-2.51479
-2.4899
-2.45345
-2.39319
10.8317
6.22482
4.44636
3.60316
2.60941
1.74263
1.05177
0.453612
-0.068378
-0.514814
-0.894852
-1.21684
-1.48724
-1.71233
-1.89809
-2.04996
-2.17281
-2.27099
-2.34834
-2.40816
-2.45335
-2.48634
-2.50926
-2.52385
-2.53166
-2.53389
-2.53171
-2.52573
-2.51721
-2.50539
-2.49349
-2.47534
-2.46409
-4.46346
-4.81369
-5.20213
-5.28521
-5.04321
-4.49867
-3.78459
-3.09663
-2.61006
-2.4715
-2.88805
-4.01256
-5.94251
-8.64733
-11.9612
-15.6201
-19.3103
-22.6875
-25.3693
-27.0425
-27.4678
-26.5494
-24.3604
-21.149
-17.2824
-13.1316
-8.98662
-5.05287
-1.48072
1.63049
4.24394
6.37958
8.09069
9.44224
10.4986
11.3174
11.947
12.4258
12.7834
13.0393
13.2046
13.2836
13.2838
13.1619
12.6789
11.5328
9.59331
6.78613
2.67517
-3.55518
-12.3726
-23.292
-35.0571
-46.2881
-55.844
-62.8009
-66.1893
-65.2932
-59.9798
-51.1464
-39.9555
-27.7386
-16.1778
-6.78056
-0.118131
4.16884
6.79475
8.38859
9.37028
9.98667
10.3766
10.6202
10.7677
10.8525
10.8971
10.9165
10.9199
10.913
10.8986
10.8777
10.85
10.8142
10.768
10.7081
10.6289
10.5199
10.363
10.1272
9.75543
9.10929
7.8471
5.23648
0.479996
-6.51516
-14.1744
-20.1499
-21.3112
-18.4864
-9.12568
-6.2139
-4.62514
-4.84006
-5.1333
-5.19882
-4.96997
-4.47101
-3.82282
-3.20386
-2.79628
-2.75852
-3.25105
-4.3982
-6.26592
-8.81527
-11.8955
-15.2669
-18.6105
-21.5831
-23.87
-25.1921
-25.3597
-24.3236
-22.1971
-19.2279
-15.7229
-11.9687
-8.19418
-4.57805
-1.261
1.66068
4.14581
6.20328
7.87326
9.20913
10.2661
11.0955
11.7409
12.238
12.6145
12.8892
13.0727
13.1685
13.1819
13.0912
12.6827
11.6234
9.72864
6.90927
2.77482
-3.47421
-12.3504
-23.3912
-35.3107
-46.6916
-56.3775
-63.4388
-66.9002
-66.0498
-60.7238
-51.8457
-40.5867
-28.2377
-16.4821
-6.90093
-0.127956
4.19709
6.82114
8.40013
9.36727
9.97392
10.3593
10.6024
10.7521
10.8406
10.8897
10.9138
10.9218
10.9189
10.9078
10.8894
10.8635
10.8287
10.7829
10.7226
10.6422
10.5311
10.3711
10.1314
9.75808
9.12292
7.91461
5.45978
1.01698
-5.521
-12.6879
-18.3184
-19.4382
-16.9925
-8.11498
-6.1451
-4.53477
-4.74546
-5.00107
-5.0505
-4.84255
-4.42187
-3.89641
-3.41808
-3.14008
-3.19321
-3.70951
-4.80595
-6.53806
-8.86346
-11.6384
-14.6285
-17.5521
-20.1128
-22.0247
-23.0486
-23.0484
-22.0198
-20.0788
-17.4228
-14.2878
-10.9015
-7.46123
-4.13307
-1.05086
1.69267
4.05384
6.03311
7.65976
8.97695
10.0316
10.8688
11.5277
12.0412
12.4349
12.7269
12.9276
13.0393
13.0646
12.9949
12.6512
11.6847
9.85778
7.04987
2.90847
-3.32936
-12.2081
-23.3031
-35.3228
-46.8202
-56.6175
-63.7709
-67.2971
-66.4862
-61.1576
-52.2629
-40.9824
-28.5626
-16.6757
-6.96264
-0.113796
4.23018
6.84389
8.40536
9.35782
9.95545
10.3372
10.5808
10.7336
10.8266
10.8809
10.9103
10.9231
10.9245
10.9169
10.9012
10.8772
10.8436
10.7983
10.7377
10.6562
10.5431
10.3802
10.1372
9.7626
9.1381
7.98259
5.68349
1.55938
-4.50932
-11.1706
-16.4503
-17.5354
-15.4749
-7.12041
-6.03786
-4.50853
-4.69078
-4.87192
-4.89837
-4.73197
-4.40848
-4.01163
-3.66361
-3.49478
-3.62238
-4.15941
-5.1975
-6.77002
-8.8312
-11.2513
-13.8309
-16.3263
-18.4798
-20.0548
-20.8671
-20.8153
-19.8896
-18.1687
-15.8055
-12.9913
-9.92187
-6.77694
-3.71071
-0.847036
1.72748
3.96844
5.86954
7.45079
8.74636
9.79566
10.6378
11.3079
11.8356
12.2448
12.5526
12.7688
12.8952
12.9316
12.8761
12.5903
11.7243
9.98783
7.21686
3.08993
-3.1008
-11.9185
-22.9929
-35.0526
-46.6312
-56.5226
-63.7578
-67.3396
-66.5636
-61.2479
-52.3711
-41.1197
-28.693
-16.7426
-6.95547
-0.070593
4.26985
6.86309
8.40378
9.3413
9.93073
10.31
10.5552
10.712
10.8104
10.8706
10.9058
10.924
10.93
10.9262
10.9135
10.8916
10.8592
10.8144
10.7537
10.6712
10.5562
10.3908
10.145
9.7699
9.15657
8.05359
5.9096
2.10572
-3.48867
-9.6405
-14.5713
-15.6315
-13.9594
-6.16152
-5.89373
-4.42169
-4.55864
-4.68799
-4.71355
-4.5996
-4.37292
-4.10121
-3.88221
-3.82291
-4.02144
-4.56703
-5.52662
-6.92183
-8.71195
-10.7886
-12.9856
-15.0999
-16.9189
-18.246
-18.921
-18.8461
-18.0055
-16.4618
-14.3395
-11.7991
-9.01087
-6.13502
-3.31068
-0.650736
1.76405
3.88891
5.71219
7.24623
8.5174
9.55832
10.4026
11.0812
11.6212
12.044
12.3656
12.5958
12.7357
12.7825
12.7359
12.4991
11.7394
10.1173
7.41565
3.33234
-2.77215
-11.4634
-22.438
-34.4714
-46.0901
-56.0531
-63.3537
-66.977
-66.2328
-60.9516
-52.135
-40.9689
-28.6043
-16.6659
-6.87116
0.003142
4.31411
6.8758
8.39267
9.3156
9.89821
10.2765
10.5247
10.6868
10.7917
10.8586
10.9002
10.9243
10.9353
10.9357
10.9261
10.9064
10.8755
10.8313
10.7704
10.687
10.5705
10.4029
10.1549
9.78006
9.1784
8.12725
6.13553
2.64783
-2.47558
-8.12167
-12.709
-13.7533
-12.4674
-5.25078
-5.71369
-4.34244
-4.45768
-4.5598
-4.5883
-4.51756
-4.36983
-4.19904
-4.08164
-4.10363
-4.34622
-4.88133
-5.76083
-6.99923
-8.55954
-10.3495
-12.2294
-14.0281
-15.5642
-16.6682
-17.2042
-17.0906
-16.3115
-14.9141
-12.9988
-10.7001
-8.16483
-5.53381
-2.93176
-0.461308
1.80242
3.81508
5.56101
7.04625
8.29042
9.32002
10.1635
10.8482
11.398
11.8324
12.1662
12.4085
12.5603
12.6169
12.5752
12.3749
11.7203
10.235
7.64135
3.63886
-2.33832
-10.8372
-21.6264
-33.5551
-45.1598
-55.1618
-62.5057
-66.1566
-65.446
-60.2306
-51.5257
-40.507
-28.2778
-16.432
-6.70316
0.108466
4.36123
6.8795
8.36975
9.27891
9.85658
10.2359
10.4888
10.6576
10.7701
10.8447
10.8936
10.9241
10.9406
10.9453
10.9391
10.9218
10.8924
10.8491
10.7882
10.704
10.5861
10.4167
10.1671
9.7932
9.2034
8.20225
6.35709
3.17612
-1.48687
-6.63754
-10.8909
-11.9291
-11.0224
-4.40202
-5.50076
-4.26186
-4.36154
-4.44573
-4.47874
-4.44431
-4.35996
-4.26838
-4.23022
-4.315
-4.58944
-5.11094
-5.91837
-7.01907
-8.37848
-9.91744
-11.5181
-13.0369
-14.3215
-15.2301
-15.6476
-15.502
-14.7753
-13.5037
-11.7696
-9.68606
-7.37864
-4.97055
-2.57299
-0.278917
1.84203
3.74644
5.41573
6.85083
8.06559
9.08103
9.921
10.609
11.1662
11.6102
11.9542
12.2067
12.3686
12.434
12.3955
12.2184
11.661
10.3294
7.88555
4.00991
-1.79511
-10.0362
-20.55
-32.2827
-43.804
-53.7996
-61.1581
-64.823
-64.1556
-59.0487
-50.5175
-39.7142
-27.6978
-16.0313
-6.44815
0.243934
4.4077
6.87052
8.33192
9.22892
9.80416
10.1869
10.4466
10.624
10.7455
10.8288
10.8857
10.9233
10.9457
10.9552
10.9526
10.9379
10.9102
10.8677
10.8069
10.7221
10.603
10.4323
10.1818
9.80959
9.23183
8.27827
6.57173
3.68308
-0.537508
-5.2107
-9.14479
-10.1861
-9.6455
-3.62575
-5.25882
-4.18415
-4.27657
-4.35422
-4.3964
-4.39365
-4.36045
-4.33124
-4.35452
-4.48589
-4.77898
-5.27882
-6.01403
-6.98721
-8.16702
-9.486
-10.845
-12.1234
-13.1927
-13.9324
-14.2442
-14.0663
-13.3817
-12.2185
-10.6437
-8.75145
-6.64879
-4.4432
-2.2335
-0.103529
1.88248
3.68256
5.27613
6.66
7.84312
8.8417
9.67533
10.364
10.9263
11.3776
11.7298
11.9905
12.1606
12.2333
12.1976
12.0322
11.5576
10.3888
8.13565
4.44193
-1.13944
-9.05868
-19.2072
-30.6431
-41.9942
-51.9223
-59.2591
-62.9268
-62.3222
-57.3791
-49.093
-38.5783
-26.8556
-15.4593
-6.10693
0.405568
4.44872
6.84457
8.27584
9.16315
9.7392
10.1283
10.3974
10.5853
10.7174
10.8108
10.8767
10.922
10.9508
10.9654
10.9667
10.9548
10.9289
10.8874
10.8268
10.7416
10.6216
10.4499
10.1992
9.82951
9.26399
8.35524
6.77761
4.16238
0.35888
-3.86229
-7.49681
-8.54906
-8.35559
-2.92995
-4.99317
-4.11008
-4.19819
-4.27329
-4.32413
-4.34672
-4.35358
-4.37249
-4.44201
-4.60621
-4.90771
-5.38152
-6.04838
-6.90731
-7.92962
-9.05723
-10.2063
-11.2753
-12.1563
-12.7479
-12.9675
-12.7618
-12.1142
-11.046
-9.6115
-7.88936
-5.97091
-3.94956
-1.9126
0.0646508
1.92322
3.62291
5.14187
6.47369
7.62318
8.60235
9.42693
10.1137
10.6785
11.1349
11.4934
11.7603
11.9365
12.015
11.9819
11.8202
11.4085
10.4008
8.37291
4.92251
-0.374579
-7.90862
-17.6055
-28.6389
-39.7179
-49.5004
-56.7704
-60.4333
-59.9223
-55.2088
-47.2452
-37.0949
-25.7499
-14.7191
-5.68569
0.586017
4.47766
6.79643
8.19764
9.07881
9.65975
10.0589
10.3402
10.5411
10.6857
10.7904
10.8663
10.9202
10.956
10.9761
10.9816
10.9726
10.9487
10.9082
10.848
10.7625
10.6419
10.4698
10.2196
9.85323
9.30021
8.43333
6.97364
4.60928
1.19122
-2.61014
-5.96954
-7.03851
-7.16723
-2.31867
-4.71
-4.03828
-4.12482
-4.2011
-4.26165
-4.306
-4.34503
-4.40106
-4.50473
-4.69078
-4.99266
-5.43704
-6.03832
-6.79288
-7.67458
-8.63363
-9.59934
-10.4866
-11.2049
-11.6689
-11.8086
-11.578
-10.9617
-9.97595
-8.66508
-7.09456
-5.34196
-3.48811
-1.60986
0.225401
1.96375
3.56699
5.01266
6.29185
7.40597
8.36336
9.17627
9.85849
10.4234
10.8827
11.2453
11.5164
11.6969
11.7793
11.7483
11.5863
11.2158
10.3551
8.57407
5.42783
0.485651
-6.59701
-15.7621
-26.2894
-36.9855
-46.5309
-53.6816
-57.3359
-56.9574
-52.5442
-44.9808
-35.2709
-24.3896
-13.8221
-5.19707
0.774179
4.48611
6.72014
8.09312
8.97295
9.5637
9.9771
10.2742
10.4907
10.6499
10.7677
10.8548
10.9179
10.9613
10.9873
10.9972
10.9914
10.9695
10.9303
10.8705
10.785
10.6641
10.4921
10.2431
9.88105
9.34093
8.51308
7.15979
5.02131
1.95228
-1.46713
-4.57888
-5.66877
-6.08984
-1.79191
-4.41624
-3.97009
-4.05629
-4.13501
-4.20419
-4.26558
-4.32877
-4.4118
-4.53891
-4.73727
-5.03268
-5.44507
-5.98397
-6.64395
-7.40136
-8.21337
-9.02025
-9.75048
-10.3282
-10.6818
-10.752
-10.5
-9.91141
-8.9985
-7.79722
-6.36206
-4.75881
-3.05726
-1.32479
0.378493
2.00351
3.51426
4.88814
6.11439
7.19164
8.12507
8.92388
9.59905
10.1617
10.6216
10.9863
11.2597
11.4423
11.5269
11.4973
11.3338
10.9857
10.2463
8.71507
5.92255
1.41206
-5.14582
-13.7034
-23.6299
-33.8346
-43.0466
-50.0215
-53.6648
-53.4601
-49.4135
-42.3217
-33.1258
-22.7958
-12.7908
-4.66108
0.954946
4.46386
6.60901
7.9578
8.84244
9.44888
9.88148
10.1984
10.4336
10.6098
10.7423
10.8419
10.9154
10.967
10.9993
11.0139
11.0114
10.9917
10.9538
10.8946
10.8092
10.6884
10.5169
10.27
9.91327
9.38661
8.59526
7.337
5.39851
2.63928
-0.439792
-3.3327
-4.44654
-5.12686
-1.34551
-4.11917
-3.90325
-3.98993
-4.07173
-4.14864
-4.22362
-4.30506
-4.40748
-4.54991
-4.75336
-5.03741
-5.4166
-5.89661
-6.47083
-7.11785
-7.80082
-8.4693
-9.06337
-9.51961
-9.77798
-9.78875
-9.51858
-8.95462
-8.10592
-7.00177
-5.68749
-4.21878
-2.65567
-1.05706
0.523661
2.04197
3.46419
4.76795
5.94122
6.98036
7.88789
8.67028
9.33603
9.89407
10.3524
10.7171
10.991
11.174
11.259
11.2296
11.0647
10.7263
10.0758
8.77598
6.36344
2.35593
-3.59531
-11.4684
-20.7097
-30.3272
-39.1161
-45.8605
-49.4892
-49.4934
-45.8661
-39.3054
-30.6937
-21.0039
-11.6595
-4.10544
1.10943
4.39929
6.45593
7.78705
8.68406
9.313
9.77046
10.1116
10.3692
10.565
10.7144
10.8279
10.9126
10.9731
11.0122
11.0318
11.0328
11.0154
10.9788
10.9204
10.8354
10.7148
10.5445
10.3005
9.95015
9.43771
8.68085
7.5071
5.74326
3.25414
0.472311
-2.23054
-3.37036
-4.27578
-0.971685
-3.82603
-3.8385
-3.92586
-4.01053
-4.09361
-4.17858
-4.27272
-4.38767
-4.53828
-4.74059
-5.00922
-5.35436
-5.77882
-6.27528
-6.82443
-7.3946
-7.94318
-8.41996
-8.77191
-8.94879
-8.90883
-8.62371
-8.08201
-7.29044
-6.2728
-5.06673
-3.7193
-2.28204
-0.806293
0.660674
2.07863
3.41625
4.65175
5.77223
6.77229
7.65221
8.41609
9.07017
9.62137
10.076
10.4388
10.7115
10.8931
10.9769
10.9467
10.7803
10.4453
9.85175
8.74605
6.70754
3.25024
-2.01274
-9.11714
-17.5926
-26.5408
-34.8321
-41.2984
-44.9053
-45.1401
-41.9671
-35.9853
-28.0264
-19.0666
-10.4753
-3.56514
1.21577
4.27994
6.25373
7.5763
8.49465
9.15379
9.64246
10.013
10.2969
10.5154
10.6838
10.8128
10.9099
10.9799
11.0262
11.0511
11.0557
11.0408
11.0057
10.9481
10.8636
10.7438
10.575
10.3347
9.99193
9.49467
8.77089
7.67252
6.05992
3.80303
1.27642
-1.26402
-2.43119
-3.52891
-0.660088
-3.54367
-3.77403
-3.86197
-3.94894
-4.03663
-4.12858
-4.23102
-4.3532
-4.50659
-4.70325
-4.9538
-5.26505
-5.63761
-6.06383
-6.52634
-6.99789
-7.44248
-7.81808
-8.08043
-8.18762
-8.10466
-7.80759
-7.28629
-6.54574
-5.60526
-4.49612
-3.25806
-1.9352
-0.572168
0.789301
2.11299
3.36995
4.53918
5.60731
6.56759
7.41844
8.16193
8.80227
9.34454
9.79344
10.1525
10.4224
10.6013
10.6824
10.6505
10.4825
10.1487
9.58768
8.62722
6.92314
4.02075
-0.49487
-6.74423
-14.3668
-22.5675
-30.2972
-36.4452
-40.0175
-40.4911
-37.7932
-32.4327
-25.1968
-17.0557
-9.29789
-3.08055
1.25078
4.09354
5.99563
7.32127
8.27111
8.96903
9.49594
9.90146
10.2161
10.4607
10.6506
10.7969
10.9075
10.9878
11.0418
11.0721
11.0805
11.068
11.0345
10.9779
10.8941
10.7753
10.6086
10.3729
10.0388
9.55788
8.86642
7.83601
6.3542
4.29529
1.98591
-0.418184
-1.61404
-2.87485
-0.399218
-3.27812
-3.71012
-3.79828
-3.88671
-3.97732
-4.07345
-4.18033
-4.30524
-4.4569
-4.64422
-4.87467
-5.15244
-5.47656
-5.83928
-6.22509
-6.61052
-6.96518
-7.25388
-7.43975
-7.48784
-7.3689
-7.06269
-6.5604
-5.8657
-4.99429
-3.97218
-2.83284
-1.614
-0.354344
0.909358
2.14462
3.32481
4.4299
5.44636
6.36643
7.18703
7.90847
8.53321
9.06464
9.50601
9.85959
10.1251
10.3001
10.3775
10.3429
10.1736
9.84047
9.29762
8.43406
6.99895
4.60533
0.845024
-4.48539
-11.1648
-18.5308
-25.6304
-31.4171
-34.9349
-35.6454
-33.439
-28.745
-22.3049
-15.0619
-8.19563
-2.69387
1.19238
3.82931
5.67589
7.01815
8.0106
8.75656
9.32943
9.77617
10.1264
10.4008
10.6149
10.7803
10.9057
10.9971
11.0591
11.0951
11.1075
11.0975
11.0655
11.0099
10.927
10.8096
10.6456
10.4152
10.091
9.62764
8.96839
8.00033
6.63236
4.74202
2.61629
0.325676
-0.900505
-2.30046
-0.178197
-3.03432
-3.64555
-3.7334
-3.82233
-3.91424
-4.01215
-4.12033
-4.24443
-4.39098
-4.56639
-4.77565
-5.02097
-5.30024
-5.60586
-5.92395
-6.23434
-6.51136
-6.72558
-6.84628
-6.84441
-6.69557
-6.38276
-5.89835
-5.24505
-4.43566
-3.49177
-2.4416
-1.31734
-0.152482
1.02069
2.17311
3.2804
4.32361
5.28929
6.16898
6.95841
7.65642
8.26391
8.78281
9.21499
9.5616
9.82153
9.99156
10.0645
10.0266
9.85614
9.52433
8.99295
8.18916
6.94761
4.97379
1.9079
-2.50025
-8.17297
-14.6146
-21.0015
-26.3684
-29.8003
-30.7406
-29.0422
-25.0597
-19.4789
-13.1894
-7.2386
-2.44351
1.02278
3.47942
5.29032
6.66381
7.7105
8.51439
9.14157
9.63635
10.0275
10.3357
10.5769
10.7635
10.9049
11.0082
11.0787
11.1206
11.1369
11.1294
11.0989
11.0444
10.9626
10.8468
10.6861
10.4618
10.1486
9.70418
9.07753
8.16797
6.9006
5.15482
3.18283
0.986929
-0.27152
-1.79316
0.0114918
-2.81595
-3.58045
-3.6674
-3.75583
-3.84753
-3.94509
-4.05195
-4.17239
-4.31118
-4.47276
-4.66025
-4.87434
-5.11217
-5.36643
-5.62477
-5.86984
-6.07996
-6.23054
-6.29602
-6.25226
-6.07898
-5.76192
-5.29455
-4.67887
-3.92535
-3.05194
-2.0824
-1.04418
0.033781
1.12318
2.19809
3.2363
4.22
5.136
5.97542
6.73304
7.4065
7.99537
8.50025
8.92181
9.26014
9.51337
9.67767
9.74557
9.70413
9.53296
9.20387
8.68203
7.91559
6.80086
5.13778
2.64498
-0.923771
-5.59903
-11.0627
-16.6584
-21.5344
-24.8334
-25.985
-24.7991
-21.5539
-16.8645
-11.5416
-6.48695
-2.35719
0.731825
3.0403
4.83665
6.25581
7.36839
8.24062
8.93115
9.48138
9.91926
10.2656
10.5371
10.7469
10.9058
11.0217
11.1011
11.149
11.1692
11.1641
11.1351
11.0817
11.0011
10.8873
10.7302
10.5128
10.2118
9.78765
9.19439
8.34094
7.16423
5.5444
3.7015
1.58402
0.289615
-1.3431
0.174802
-2.62562
-3.51404
-3.5994
-3.68634
-3.77645
-3.87188
-3.9753
-4.0899
-4.21903
-4.3656
-4.5313
-4.71572
-4.91555
-5.12383
-5.32963
-5.51801
-5.67069
-5.7671
-5.78601
-5.70739
-5.51441
-5.19518
-4.74415
-4.16283
-3.45979
-2.64999
-1.75343
-0.793503
0.204816
1.21676
2.21926
3.19215
4.1188
4.98643
5.78593
6.5114
7.15947
7.7286
8.21824
8.62799
8.95698
9.20268
9.36069
9.42341
9.3785
9.20708
8.88244
8.37128
7.63192
6.5977
5.14407
3.07608
0.190772
-3.59441
-8.11001
-12.8822
-17.2076
-20.3155
-21.6364
-20.9338
-18.4087
-14.5927
-10.1979
-5.97719
-2.44528
0.319539
2.51336
4.31454
5.79218
6.98194
7.9334
8.69712
9.31092
9.80181
10.191
10.4959
10.7313
10.9089
11.0382
11.1268
11.1808
11.2047
11.2019
11.1743
11.1219
11.0425
10.931
10.7782
10.5685
10.2806
9.87809
9.31922
8.52059
7.42738
5.91921
4.18631
2.13169
0.795012
-0.944584
0.313029
-2.46549
-3.44667
-3.52979
-3.61431
-3.7016
-3.7934
-3.8917
-3.99878
-4.11688
-4.24774
-4.39196
-4.54839
-4.71345
-4.88064
-5.04027
-5.17953
-5.28298
-5.33345
-5.31329
-5.20593
-4.99743
-4.6779
-4.24267
-3.6929
-3.03565
-2.28338
-1.45296
-0.56432
0.361016
1.3014
2.23636
3.14762
4.01976
4.84052
5.60071
6.29395
6.91609
7.46465
7.9381
8.3351
8.65395
8.89152
9.04295
9.10061
9.05265
8.88165
8.56309
8.0653
7.35097
6.37244
5.05414
3.27505
0.891749
-2.18252
-5.87329
-9.86746
-13.6253
-16.4886
-17.9116
-17.6232
-15.7526
-12.741
-9.19061
-5.71148
-2.69714
-0.203331
1.90445
3.72483
5.27094
6.54857
7.59081
8.4385
9.12483
9.67556
10.1125
10.4544
10.7175
10.9152
11.0586
11.1566
11.2165
11.244
11.2432
11.2168
11.1653
11.0873
10.9782
10.8301
10.6289
10.3552
9.97562
9.4522
8.70771
7.69301
6.28507
4.64613
2.63946
1.25167
-0.595733
0.424734
-2.33816
-3.37761
-3.45785
-3.53911
-3.62256
-3.70951
-3.8014
-3.89977
-4.00599
-4.12091
-4.24434
-4.37462
-4.50809
-4.63873
-4.75798
-4.85486
-4.91632
-4.92804
-4.87537
-4.74461
-4.52422
-4.20604
-3.78616
-3.26549
-2.6499
-1.94979
-1.17939
-0.355684
0.502785
1.37712
2.24917
3.10244
3.92268
4.69822
5.41995
6.08116
6.67713
7.20459
7.66118
8.04477
8.35295
8.58208
8.72692
8.77991
8.72966
8.56011
8.24909
7.76751
7.08062
6.14919
4.92398
3.33479
1.29464
-1.26082
-4.30172
-7.63016
-10.8522
-13.4409
-14.892
-14.9281
-13.6175
-11.3098
-8.49624
-5.65618
-3.08328
-0.81793
1.2218
3.06816
4.68927
6.06505
7.21056
8.15431
8.92317
9.54129
10.0312
10.4137
10.7067
10.9257
11.0837
11.1912
11.2569
11.2877
11.2885
11.2628
11.212
11.1353
11.029
10.886
10.694
10.4355
10.0802
9.59333
8.90275
7.96271
6.64546
5.08643
3.11301
1.66304
-0.297139
0.506494
-2.24763
-3.30785
-3.38462
-3.46188
-3.54057
-3.6217
-3.70619
-3.795
-3.88883
-3.98787
-4.09137
-4.19735
-4.30219
-4.40036
-4.48434
-4.5447
-4.57046
-4.54963
-4.47008
-4.3205
-4.09138
-3.77597
-3.37104
-2.87736
-2.2998
-1.64708
-0.931211
-0.166681
0.630535
1.44395
2.25752
3.05636
3.82736
4.55949
5.24384
5.87351
6.44334
6.94946
7.38882
7.75865
8.0559
8.27655
8.41504
8.46397
8.41247
8.24568
7.94371
7.48064
6.82471
5.94082
4.79173
3.33557
1.52649
-0.668954
-3.23185
-6.03212
-8.7918
-11.0957
-12.5179
-12.7929
-11.9416
-10.2294
-8.04437
-5.75289
-3.56456
-1.50337
0.47208
2.34277
4.0425
5.52692
6.78967
7.84325
8.70611
9.40003
9.94873
10.3753
10.7003
10.9418
11.1147
11.2316
11.3027
11.3362
11.3382
11.3129
11.2625
11.187
11.0835
10.9462
10.764
10.5219
10.1921
9.74286
9.10633
8.23779
7.00338
5.51154
3.55672
2.03092
-0.0511769
0.552391
-2.2004
-3.23626
-3.30904
-3.38169
-3.45496
-3.52954
-3.60599
-3.68477
-3.76609
-3.84964
-3.93431
-4.01794
-4.09703
-4.16655
-4.2199
-4.24901
-4.24461
-4.19669
-4.09521
-3.93083
-3.69572
-3.38434
-2.99405
-2.52551
-1.98279
-1.37322
-0.706985
0.00357684
0.744692
1.50199
2.26126
3.00915
3.73363
4.42432
5.07257
5.67145
6.21548
6.70033
7.1224
7.47838
7.76474
7.97714
8.10985
8.15559
8.10411
7.94171
7.65055
7.2079
6.58581
5.7528
4.67718
3.32998
1.68889
-0.255144
-2.47568
-4.87473
-7.24941
-9.28918
-10.6477
-11.0904
-10.6056
-9.39066
-7.74658
-5.94106
-4.10622
-2.24528
-0.344455
1.54231
3.32298
4.92776
6.324
7.50355
8.47376
9.25317
9.86688
10.3412
10.7003
10.965
11.1529
11.2788
11.3548
11.3903
11.3927
11.3672
11.3167
11.2421
11.1415
11.0102
10.8388
10.6141
10.3111
9.90104
9.31923
8.52003
7.36219
5.92601
3.97472
2.3557
0.137354
0.55238
-2.20669
-3.16501
-3.23331
-3.30079
-3.36804
-3.43551
-3.50341
-3.57186
-3.6407
-3.70926
-3.77622
-3.83933
-3.89527
-3.93952
-3.9663
-3.96869
-3.93888
-3.86852
-3.7493
-3.57351
-3.33473
-3.02842
-2.65244
-2.20737
-1.69665
-1.12647
-0.50544
0.155887
0.845639
1.55129
2.26028
2.96062
3.64132
4.29265
4.90632
5.4754
5.99425
6.45819
6.86322
7.20557
7.48134
7.68597
7.81367
7.8573
7.80726
7.65103
7.37262
6.95221
6.36586
5.58643
4.58638
3.34258
1.84233
0.0913833
-1.87386
-3.97016
-6.04189
-7.84866
-9.12325
-9.67463
-9.48264
-8.69602
-7.53719
-6.18217
-4.69161
-3.04409
-1.23767
0.654392
2.51905
4.25815
5.80725
7.13226
8.2257
9.10189
9.78774
10.3138
10.7088
10.9972
11.2
11.3342
11.4141
11.4507
11.4527
11.4262
11.3751
11.3012
11.2034
11.0784
10.9184
10.7122
10.4377
10.0685
9.54249
8.81158
7.72562
6.33454
4.37066
2.63544
0.259571
0.489631
-2.28146
-3.09178
-3.15526
-3.2172
-3.27809
-3.33815
-3.39734
-3.45551
-3.51221
-3.56658
-3.61713
-3.66165
-3.69704
-3.71922
-3.72317
-3.70297
-3.65202
-3.56336
-3.43012
-3.24594
-3.00555
-2.70527
-2.34336
-1.92035
-1.43916
-0.905029
-0.325269
0.291096
0.933824
1.59199
2.2545
2.91062
3.5503
4.16449
4.74525
5.28579
5.78036
6.22407
6.61258
6.94182
7.20761
7.40524
7.52894
7.57177
7.52479
7.37665
7.11311
6.71692
6.16784
5.44327
4.52042
3.38025
2.01427
0.434057
-1.32328
-3.18205
-5.01062
-6.62173
-7.81439
-8.44674
-8.5052
-8.1013
-7.39026
-6.46839
-5.32913
-3.91776
-2.22773
-0.340244
1.61342
3.50438
5.23024
6.72423
7.96043
8.94714
9.71351
10.2957
10.7282
11.0407
11.2576
11.3991
11.4816
11.518
11.5183
11.4899
11.4375
11.3638
11.2687
11.1503
11.0023
10.8159
10.5716
10.2454
9.77711
9.11476
8.09768
6.74202
4.74724
2.86449
0.300074
0.337369
-2.4435
-3.02086
-3.07912
-3.13514
-3.18928
-3.24162
-3.29193
-3.33984
-3.38473
-3.4256
-3.46091
-3.48852
-3.50556
-3.50841
-3.49269
-3.45335
-3.38482
-3.28131
-3.1371
-2.94699
-2.70666
-2.4131
-2.06493
-1.66264
-1.20873
-0.707619
-0.165545
0.409771
1.00949
1.62408
2.24376
2.8589
3.46035
4.03971
4.58943
5.10291
5.57438
5.9988
6.37162
6.68856
6.94522
7.13681
7.2577
7.30116
7.25893
7.1208
6.87419
6.50419
5.99376
5.32447
4.4783
3.44082
2.20681
0.78721
-0.783797
-2.43723
-4.06313
-5.51494
-6.64328
-7.35027
-7.63654
-7.58965
-7.30921
-6.81939
-6.04709
-4.89656
-3.3443
-1.47061
0.579487
2.64477
4.57722
6.27095
7.6751
8.78964
9.64668
10.2899
10.7617
11.0979
11.3279
11.4751
11.5587
11.5933
11.5906
11.5591
11.5044
11.4303
11.3378
11.226
11.0907
10.9252
10.713
10.4321
10.0244
9.43226
8.48288
7.15346
5.10537
3.03209
0.235542
0.0587801
-2.71056
-2.94743
-3.00033
-3.0503
-3.09764
-3.14231
-3.18392
-3.22197
-3.25573
-3.28412
-3.3056
-3.31815
-3.31914
-3.30538
-3.27304
-3.21782
-3.13504
-3.01984
-2.86752
-2.67378
-2.43508
-2.14898
-1.81438
-1.43174
-1.00318
-0.532487
-0.0249495
0.512813
1.07317
1.6478
2.22807
2.80538
3.37139
3.91833
4.43905
4.92717
5.37697
5.78334
6.14162
6.44734
6.69601
6.88281
7.00226
7.04796
7.01229
6.88609
6.65842
6.31653
5.8462
5.23252
4.46155
3.52293
2.41417
1.14665
-0.24866
-1.7143
-3.1622
-4.4809
-5.56442
-6.35306
-6.8617
-7.16058
-7.306
-7.25945
-6.87975
-6.021
-4.63229
-2.78309
-0.626983
1.643
3.82512
5.76066
7.36573
8.62986
9.5898
10.2996
10.8121
11.1714
11.4127
11.5636
11.646
11.6769
11.6694
11.6333
11.5753
11.5
11.4096
11.3047
11.1827
11.0394
10.8614
10.6289
10.2856
9.76697
8.88624
7.5737
5.44366
3.12322
0.0386781
-0.384658
-3.08915
-2.87953
-2.9267
-2.97032
-3.01059
-3.04741
-3.0803
-3.10865
-3.13168
-3.14828
-3.15698
-3.15588
-3.14262
-3.11436
-3.0678
-2.99928
-2.90484
-2.78045
-2.6222
-2.42654
-2.1906
-1.91237
-1.59099
-1.22688
-0.821854
-0.379116
0.0968196
0.600288
1.1247
1.66281
2.207
2.74957
3.28296
3.79997
4.29389
4.75856
5.18837
5.5782
5.92332
6.21918
6.46121
6.64464
6.76418
6.81379
6.7865
6.67413
6.46722
6.15504
5.72593
5.16803
4.47086
3.62731
2.63709
1.51142
0.277368
-1.01812
-2.30765
-3.51207
-4.56345
-5.43533
-6.15947
-6.80059
-7.38543
-7.81643
-7.87614
-7.35672
-6.16772
-4.35706
-2.07744
0.445107
2.93886
5.1751
7.02575
8.46782
9.54586
10.3287
10.8832
11.2643
11.5146
11.6666
11.7453
11.7702
11.7559
11.7134
11.6508
11.5733
11.4845
11.3862
11.2781
11.1581
11.0165
10.8358
10.5618
10.1218
9.31321
8.00743
5.76073
3.12487
-0.308665
-1.01591
-3.56409
-2.80765
-2.84916
-2.88651
-2.91994
-2.94924
-2.97388
-2.99321
-3.00641
-3.0124
-3.00977
-2.99679
-2.97133
-2.93091
-2.87268
-2.79351
-2.69007
-2.559
-2.39705
-2.2013
-1.96937
-1.69965
-1.39143
-1.04509
-0.662178
-0.245397
0.201414
0.673411
1.16491
1.66961
2.1808
2.69159
3.19513
3.68477
4.15421
4.59754
5.0093
5.38438
5.71804
6.00567
6.2427
6.42442
6.54573
6.60099
6.58384
6.48705
6.30254
6.02138
5.63422
5.13191
4.50678
3.75439
2.87614
1.88276
0.797058
-0.344223
-1.49217
-2.5954
-3.61991
-4.5725
-5.50922
-6.50367
-7.56713
-8.54245
-9.12029
-9.0126
-8.07506
-6.31632
-3.87626
-1.02747
1.86883
4.48956
6.64708
8.30423
9.51907
10.382
10.9791
11.3797
11.6355
11.7848
11.8565
11.8724
11.849
11.7983
11.7295
11.6489
11.561
11.4693
11.3753
11.2799
11.1772
11.0521
10.8532
10.5002
9.77031
8.462
6.06122
3.03759
-0.797828
-1.82637
-4.09852
-2.74625
-2.78165
-2.81242
-2.83869
-2.86028
-2.8766
-2.887
-2.89067
-2.88658
-2.87341
-2.8496
-2.81326
-2.76222
-2.69402
-2.60602
-2.4954
-2.35936
-2.19519
-2.00048
-1.77327
-1.51223
-1.21679
-0.887261
-0.524943
-0.13211
0.287994
0.731248
1.19277
1.66708
2.14828
2.63024
3.10674
3.57167
4.01911
4.44342
4.83926
5.20163
5.52575
5.80703
6.04093
6.22279
6.34773
6.41049
6.4053
6.32584
6.16521
5.91614
5.5713
5.12391
4.56871
3.90347
3.1309
2.26099
1.31257
0.313224
-0.704429
-1.7135
-2.7111
-3.73952
-4.89109
-6.26936
-7.88838
-9.52318
-10.7374
-11.1324
-10.4956
-8.79165
-6.14305
-2.87077
0.553328
3.67414
6.22144
8.14204
9.51655
10.4671
11.1066
11.5228
11.7794
11.9215
11.9821
11.9856
11.9502
11.8891
11.8122
11.727
11.639
11.5532
11.4733
11.4032
11.3414
11.2759
11.1603
10.9074
10.2682
8.95217
6.36227
2.88475
-1.38922
-2.7776
-4.63749
-2.67772
-2.70732
-2.73182
-2.75145
-2.76594
-2.77471
-2.7771
-2.77234
-2.75946
-2.73728
-2.70436
-2.65907
-2.5995
-2.52356
-2.42899
-2.31342
-2.17451
-2.00999
-1.81787
-1.59652
-1.34482
-1.06227
-0.749145
-0.406483
-0.0361748
0.359069
0.775767
1.20976
1.6563
2.11025
2.56613
3.01835
3.46126
3.88932
4.29713
4.67951
5.03149
5.34833
5.62544
5.85827
6.04226
6.17272
6.24472
6.25307
6.19224
6.0565
5.84004
5.53734
5.14369
4.65596
4.07372
3.40067
2.64605
1.82515
0.957821
0.0633347
-0.852056
-1.81515
-2.90997
-4.28386
-6.09918
-8.3892
-10.8268
-12.7893
-13.7537
-13.4516
-11.8091
-8.92093
-5.13426
-1.04719
2.7094
5.74763
7.99035
9.55061
10.5954
11.2744
11.6997
11.9496
12.0777
12.1215
12.1082
12.0574
11.9833
11.8966
11.8054
11.7164
11.6358
11.5699
11.5257
11.5072
11.5063
11.4869
11.355
10.8254
9.50148
6.69387
2.71035
-2.02094
-3.81284
-5.1122
-2.62693
-2.65006
-2.66778
-2.68021
-2.68717
-2.68806
-2.68226
-2.66907
-2.64759
-2.61675
-2.57531
-2.52182
-2.45466
-2.37202
-2.272
-2.15261
-2.01188
-1.84793
-1.65907
-1.44394
-1.20158
-0.931551
-0.634017
-0.3098
0.0395788
0.411901
0.804276
1.2132
1.63462
2.06407
2.49671
2.9275
3.35124
3.76274
4.15682
4.52841
4.87263
5.18473
5.4601
5.69423
5.88263
6.02077
6.10404
6.12772
6.08701
5.9772
5.79378
5.53286
5.19154
4.76852
4.26487
3.68503
3.03768
2.33555
1.59302
0.819806
0.0058948
-0.903897
-2.04474
-3.64221
-5.94327
-8.9978
-12.3158
-15.0339
-16.5332
-16.5703
-15.061
-12.0113
-7.72057
-2.89659
1.61166
5.24291
7.87031
9.64305
10.7866
11.4988
11.9232
12.1563
12.2614
12.2809
12.2447
12.174
12.0833
11.9839
11.8846
11.793
11.7163
11.6634
11.6454
11.6731
11.7466
11.8454
11.8624
11.4641
10.133
7.08747
2.56778
-2.6145
-4.85047
-5.44003
-2.56343
-2.58072
-2.59231
-2.59844
-2.59886
-2.59298
-2.58023
-2.55997
-2.53139
-2.49356
-2.44539
-2.38562
-2.31287
-2.22562
-2.12225
-2.00108
-1.86047
-1.69884
-1.51476
-1.30707
-1.07491
-0.817848
-0.53594
-0.229769
0.0995078
0.450143
0.819809
1.20562
1.60419
2.01166
2.4238
2.83608
3.2437
3.64175
4.02522
4.38913
4.72856
5.03875
5.31504
5.55287
5.7478
5.89542
5.99138
6.0314
6.01137
5.92752
5.77658
5.55615
5.26493
4.90316
4.47311
3.97994
3.43234
2.84217
2.22195
1.57766
0.888473
0.0696013
-1.0757
-2.86281
-5.63111
-9.44894
-13.6242
-17.0147
-18.9419
-19.2668
-17.9489
-14.8921
-10.2674
-4.79378
0.479936
4.76197
7.82128
9.82618
11.0669
11.7999
12.2076
12.4085
12.4774
12.4622
12.3954
12.2989
12.1874
12.0723
11.9626
11.8666
11.7929
11.7531
11.7638
11.8443
12.0084
12.2524
12.4428
12.1883
10.8476
7.55752
2.51193
-3.07285
-5.77043
-5.52646
-2.52755
-2.53782
-2.54232
-2.54111
-2.53397
-2.52044
-2.5
-2.47208
-2.43599
-2.39094
-2.33598
-2.27007
-2.19203
-2.10059
-1.99439
-1.87202
-1.7321
-1.57329
-1.39437
-1.19431
-0.972317
-0.727933
-0.461064
-0.17204
0.138345
0.468808
0.817568
1.18234
1.56036
1.94838
2.34274
2.73939
3.13392
3.52167
3.89776
4.25724
4.59515
4.90663
5.18695
5.43148
5.63575
5.79542
5.90627
5.96435
5.96609
5.90847
5.78931
5.60756
5.36347
5.05873
4.69693
4.28464
3.83245
3.35458
2.86547
2.3693
1.83332
1.14345
0.0513749
-1.83079
-4.95358
-9.48122
-14.495
-18.503
-20.7719
-21.2964
-20.1301
-17.1464
-12.3755
-6.44292
-0.50989
4.40109
7.90286
10.145
11.4736
12.209
12.579
12.7283
12.7444
12.6805
12.5716
12.4404
12.3012
12.1652
12.0414
11.9384
11.8658
11.8379
11.8782
12.0215
12.2964
12.7037
13.0684
12.9519
11.6005
8.09365
2.60044
-3.28434
-6.42672
-5.28881
-2.47073
-2.47523
-2.47399
-2.46704
-2.45405
-2.43461
-2.40829
-2.37459
-2.33294
-2.28268
-2.22303
-2.15312
-2.07197
-1.97851
-1.87162
-1.75011
-1.61283
-1.45861
-1.28641
-1.09527
-0.88445
-0.65342
-0.401926
-0.130034
0.161831
0.472852
0.801793
1.14697
1.50624
1.87697
2.25608
2.63997
3.02462
3.40552
3.77783
4.13654
4.47658
4.79289
5.08054
5.33473
5.55086
5.7245
5.85153
5.92827
5.95164
5.91944
5.83067
5.6859
5.48735
5.23892
4.94643
4.61872
4.26788
3.90719
3.5471
3.18703
2.78996
2.237
1.26243
-0.57792
-3.94486
-9.17355
-15.0394
-19.6325
-22.1506
-22.7402
-21.5968
-18.6439
-13.8139
-7.60036
-1.17858
4.26296
8.16953
10.633
12.0321
12.7468
13.0537
13.1269
13.0689
12.9398
12.776
12.5996
12.4246
12.2613
12.1184
12.0048
11.9309
11.9153
11.9891
12.1984
12.5771
13.1286
13.638
13.6481
12.3005
8.67216
2.89099
-3.14739
-6.6848
-4.68867
-2.45328
-2.45
-2.44141
-2.42666
-2.40573
-2.37851
-2.34461
-2.3036
-2.25506
-2.19848
-2.13322
-2.05858
-1.97376
-1.87789
-1.77003
-1.64922
-1.51446
-1.3648
-1.1993
-1.01712
-0.817525
-0.599934
-0.363939
-0.109341
0.163816
0.455206
0.764191
1.08977
1.43052
1.78457
2.1495
2.52235
2.89955
3.27681
3.64929
4.01176
4.35889
4.68537
4.98597
5.25563
5.48952
5.68301
5.83187
5.93248
5.98213
5.97938
5.92463
5.82043
5.6713
5.48269
5.2607
5.0126
4.7457
4.46447
4.17139
3.87006
3.54511
3.10585
2.28995
0.576549
-2.94069
-8.72348
-15.3352
-20.3983
-23.0326
-23.5955
-22.3919
-19.3922
-14.5068
-8.13668
-1.40935
4.41484
8.64709
11.2987
12.7498
13.4249
13.6467
13.621
13.4674
13.254
13.0187
12.783
12.5604
12.361
12.1928
12.0636
11.9829
11.9695
12.0617
12.3185
12.7751
13.427
14.0296
14.1464
12.8478
9.27176
3.42142
-2.61901
-6.45089
-3.7672
-2.40471
-2.39676
-2.38386
-2.36413
-2.33786
-2.30527
-2.266
-2.21978
-2.16636
-2.10539
-2.03639
-1.95883
-1.87211
-1.77557
-1.6685
-1.55015
-1.41976
-1.27656
-1.11979
-0.948721
-0.762656
-0.560938
-0.342967
-0.108207
0.143788
0.413336
0.700574
1.00538
1.32726
1.66527
2.01784
2.38271
2.75673
3.13561
3.51432
3.88735
4.24887
4.59302
4.91399
5.20628
5.46458
5.68381
5.85959
5.98839
6.06786
6.09742
6.07892
6.01679
5.91628
5.78026
5.60783
5.39659
5.1446
4.85382
4.53812
4.22179
3.911
3.52855
2.81241
1.23897
-2.16979
-8.0965
-15.0939
-20.4051
-23.0851
-23.6338
-22.4077
-19.3637
-14.4441
-8.02589
-1.18009
4.84234
9.27947
12.0632
13.5459
14.1721
14.2997
14.1634
13.9012
13.5906
13.272
12.9679
12.6918
12.4523
12.256
12.1089
12.0182
12.0023
12.0977
12.361
12.8346
13.5337
14.185
14.3652
13.1909
9.87961
4.1774
-1.77637
-5.78364
-2.59887
-2.39935
-2.3854
-2.36399
-2.33369
-2.29738
-2.2552
-2.20654
-2.15142
-2.0899
-2.02179
-1.94677
-1.86454
-1.77472
-1.67686
-1.5705
-1.45513
-1.33019
-1.19512
-1.04929
-0.892056
-0.722673
-0.540338
-0.344147
-0.13309
0.0939373
0.338088
0.600494
0.882148
1.18373
1.50546
1.84684
2.20662
2.58248
2.96985
3.36281
3.75498
4.14
4.51143
4.86276
5.1877
5.48051
5.73501
5.94573
6.10784
6.21738
6.27186
6.27114
6.21798
6.11621
5.96774
5.77394
5.53923
5.26793
4.95243
4.58583
4.20023
3.8314
3.39613
2.67708
1.24889
-1.73477
-7.20456
-14.045
-19.4226
-22.2726
-22.9504
-21.747
-18.6704
-13.7399
-7.3684
-0.566013
5.4756
9.98464
12.832
14.3226
14.897
14.9327
14.6876
14.3157
13.9047
13.501
13.128
12.7987
12.5211
12.3002
12.1379
12.0343
12.0029
12.0859
12.358
12.8527
13.5384
14.1459
14.327
13.35
10.4631
5.08912
-0.614485
-4.66445
-1.37077
-2.34355
-2.33943
-2.31685
-2.27839
-2.23457
-2.18557
-2.13023
-2.06907
-2.00248
-1.93039
-1.85267
-1.76916
-1.67966
-1.58386
-1.48142
-1.37195
-1.25499
-1.12998
-0.996296
-0.853186
-0.699753
-0.534927
-0.357442
-0.165825
0.0415882
0.266602
0.511065
0.776724
1.06499
1.37679
1.71216
2.0704
2.44929
2.84425
3.24936
3.65684
4.0592
4.44895
4.81873
5.16169
5.47155
5.73946
5.95909
6.12452
6.23138
6.27791
6.2676
6.20979
6.11377
5.97863
5.79264
5.54698
5.24062
4.88324
4.48746
4.0715
3.61646
3.02854
2.14102
0.787255
-1.55407
-5.9947
-12.1464
-17.5338
-20.7174
-21.6409
-20.5242
-17.4707
-12.5837
-6.35717
0.248853
6.12954
10.5653
13.3959
14.8723
15.4087
15.3812
15.0573
14.6037
14.1156
13.648
13.2276
12.8661
12.5679
12.3343
12.1654
12.0624
12.0395
12.1261
12.3859
12.8574
13.5047
14.0326
14.1849
13.3511
10.9108
6.08241
0.738733
-3.28067
-0.124028
-2.34874
-2.34901
-2.32339
-2.27673
-2.22435
-2.1673
-2.10491
-2.03794
-1.96671
-1.89108
-1.8109
-1.72597
-1.636
-1.54066
-1.4396
-1.33236
-1.21846
-1.09734
-0.968354
-0.830725
-0.683546
-0.525727
-0.355965
-0.172713
0.0258041
0.24156
0.476619
0.732999
1.01238
1.31608
1.64429
1.99818
2.37715
2.77351
3.17906
3.58811
3.99325
4.38704
4.76207
5.11054
5.4247
5.69938
5.92704
6.10142
6.21686
6.26847
6.2545
6.17972
6.05441
5.88701
5.68173
5.43899
5.15794
4.82229
4.42172
3.96092
3.41105
2.67723
1.67857
0.427411
-1.33918
-4.5831
-9.52435
-14.6887
-18.4216
-19.9669
-19.1434
-16.15
-11.3546
-5.29796
1.05588
6.70322
10.9975
13.7574
15.1892
15.6821
15.6074
15.2359
14.737
14.2127
13.7181
13.2779
12.9024
12.5954
12.3568
12.1855
12.08
12.0562
12.1562
12.4422
12.9123
13.5102
13.9599
14.04
13.2346
11.2204
6.97746
2.15427
-2.14542
0.898208
-2.446
-2.39695
-2.35089
-2.29979
-2.2435
-2.18331
-2.11888
-2.05027
-1.97748
-1.90036
-1.81875
-1.73242
-1.64109
-1.54443
-1.44205
-1.33352
-1.21831
-1.09583
-0.965395
-0.826191
-0.677276
-0.517539
-0.345671
-0.160168
0.0406595
0.258649
0.495669
0.753531
1.03362
1.337
1.66365
2.01213
2.38332
2.77351
3.17455
3.57963
3.98059
4.36978
4.73953
5.08221
5.39021
5.65697
5.87599
6.04189
6.1507
6.20053
6.19333
6.13564
6.03438
5.89065
5.70005
5.45921
5.16926
4.82834
4.4314
3.96894
3.3905
2.65469
1.67877
0.353942
-1.52284
-4.58399
-8.84255
-13.271
-16.6087
-18.1379
-17.6233
-14.9833
-10.3974
-4.54689
1.57474
6.98106
11.0732
13.7263
15.1334
15.6419
15.592
15.2402
14.7501
14.2252
13.7292
13.2899
12.9165
12.6108
12.3723
12.202
12.1023
12.0905
12.1987
12.4789
12.9325
13.4963
13.8876
13.9018
13.0148
10.9865
6.99699
2.77395
-1.4656
1.33777
-8.00726
-8.05342
-8.12313
-8.16756
-8.21244
-8.32636
-8.5178
-8.81469
-9.24289
-9.82978
-10.3892
-10.9293
-11.509
-12.2104
-13.1601
-14.4419
-16.0466
-17.815
-19.4305
-20.4831
-20.6311
-19.6523
-17.1656
-13.1332
-8.0821
-2.5437
2.93769
7.90481
12.0045
15.048
17.0549
18.1984
18.7019
18.7874
18.6217
18.3018
17.8486
17.2073
16.3779
15.5276
14.8654
14.4556
14.1123
13.5256
12.5323
11.1894
9.58628
7.76805
5.72604
3.44855
0.954367
-1.70022
-4.38768
-6.92433
-9.08343
-10.6451
-11.438
-11.3299
-10.3236
-8.57074
-6.29062
-3.72668
-1.10969
1.38659
3.63288
5.55831
7.14295
8.39754
9.34887
10.0297
10.4736
10.723
10.8238
10.8157
10.7376
10.6292
10.527
10.4555
10.4266
10.4331
10.4499
10.454
10.4357
10.4021
10.3763
10.3788
10.4002
10.3707
10.1348
9.50573
8.2841
6.1238
2.55441
-2.66438
-8.83686
-13.6933
-15.6999
-10.2966
-9.13372
4.36787
-8.06493
-8.11082
-8.19533
-8.18243
-8.20996
-8.29092
-8.45061
-8.72192
-9.13925
-9.7531
-10.4326
-11.047
-11.6579
-12.5391
-13.9341
-16.0249
-18.7997
-21.9556
-24.9143
-26.9523
-27.3635
-25.7169
-22.2512
-17.4432
-11.7069
-5.60322
0.395987
5.88914
10.524
14.0528
16.4394
17.8504
18.5265
18.7037
18.5461
18.1332
17.492
16.7491
16.0876
15.513
14.9976
14.548
14.0832
13.4546
12.5885
11.3929
9.84318
8.01232
5.92999
3.57395
0.942442
-1.91007
-4.8467
-7.6439
-10.0262
-11.7127
-12.4902
-12.2707
-11.143
-9.23594
-6.7874
-4.04912
-1.2774
1.3415
3.67259
5.64997
7.25994
8.51994
9.45983
10.1121
10.521
10.7446
10.8399
10.8428
10.7774
10.6762
10.5744
10.5001
10.4686
10.4692
10.479
10.4818
10.4681
10.4353
10.3931
10.3657
10.3664
10.3543
10.1746
9.59297
8.45707
6.44125
2.8544
-2.8636
-10.058
-15.8712
-17.9293
-12.2685
-10.2708
3.85104
-7.70307
-7.6812
-7.77096
-7.88996
-7.97251
-7.9692
-7.90727
-7.92084
-8.18319
-8.73293
-9.51465
-10.6776
-12.4031
-14.9024
-18.2608
-22.3522
-26.8089
-31.0809
-34.5444
-36.5993
-36.7428
-34.7583
-30.6988
-24.9885
-18.3127
-11.3566
-4.57508
1.76154
7.31473
11.6961
14.7369
16.5648
17.4776
17.7999
17.7687
17.5232
17.1289
16.5876
15.9349
15.3273
14.8367
14.4411
14.0609
13.4983
12.587
11.2851
9.6571
7.80002
5.6907
3.25152
0.467471
-2.59697
-5.78318
-8.84016
-11.4666
-13.36
-14.2688
-14.0665
-12.7967
-10.6449
-7.90016
-4.87317
-1.83834
0.986166
3.46056
5.52692
7.18352
8.46238
9.41098
10.0798
10.5196
10.7775
10.8932
10.9076
10.8609
10.7829
10.6981
10.6221
10.5684
10.5378
10.5206
10.5032
10.4762
10.4427
10.42
10.426
10.4589
10.471
10.3227
9.79512
8.64563
6.30494
1.8502
-5.05399
-13.2721
-19.7304
-21.8387
-16.5528
-12.6639
2.4735
-7.70724
-7.71731
-8.00252
-8.32617
-8.49298
-8.40196
-8.11212
-7.87371
-7.96505
-8.44759
-9.45884
-11.2434
-14.0388
-17.9711
-22.9439
-28.6261
-34.5039
-39.9497
-44.2837
-46.8155
-46.8997
-44.5518
-39.6555
-32.8188
-25.0142
-17.1804
-9.76005
-2.76673
3.63093
8.95093
12.805
15.183
16.4151
16.9116
16.982
16.8091
16.4866
16.0594
15.5465
15.0105
14.5705
14.2529
13.908
13.3829
12.4981
11.1719
9.53899
7.69658
5.5401
2.93717
-0.135511
-3.60144
-7.2616
-10.8043
-13.8523
-16.0335
-17.0713
-16.7562
-15.2266
-12.6881
-9.49302
-6.02123
-2.59843
0.52781
3.21465
5.41657
7.15043
8.46623
9.42541
10.0892
10.5168
10.765
10.8831
10.9115
10.8799
10.8126
10.7315
10.6599
10.6083
10.5753
10.5531
10.5347
10.5163
10.4993
10.4907
10.4991
10.524
10.54
10.4266
9.94239
8.7218
5.96425
0.597327
-7.5487
-16.9896
-24.3713
-26.4436
-21.0436
-15.3688
0.833069
-7.74503
-7.89608
-8.47365
-8.91125
-9.11083
-9.01039
-8.59605
-8.19573
-8.16832
-8.61599
-9.83617
-12.1316
-15.7366
-20.6927
-26.7946
-33.6259
-40.621
-47.0937
-52.2775
-55.4055
-55.8453
-53.0352
-47.3543
-39.425
-30.465
-21.7826
-13.9076
-6.61414
0.242653
6.23428
10.7492
13.6194
15.1786
15.8992
16.1415
16.1174
15.9377
15.6534
15.2785
14.8375
14.4141
14.0603
13.7243
13.2381
12.3642
11.016
9.38099
7.53494
5.28443
2.44649
-1.01354
-5.00488
-9.27896
-13.4425
-17.0305
-19.5803
-20.7003
-20.3447
-18.4752
-15.4074
-11.5992
-7.5291
-3.59584
-0.0829658
2.86654
5.22927
7.05132
8.4096
9.38705
10.0606
10.4981
10.7575
10.8863
10.9245
10.9053
10.8541
10.7894
10.7251
10.6682
10.6219
10.585
10.5527
10.5214
10.4922
10.4742
10.4815
10.5148
10.5392
10.4354
9.95906
8.62923
5.42597
-0.780826
-10.0471
-20.5744
-28.7644
-30.9574
-25.0771
-17.8594
-0.689238
-7.78032
-8.10426
-8.72178
-9.09401
-9.26815
-9.16786
-8.75745
-8.35437
-8.28073
-8.71153
-10.0379
-12.6004
-16.6352
-22.1425
-28.8754
-36.3891
-44.0947
-51.2513
-57.008
-60.5097
-60.9938
-58.0836
-52.0545
-43.4769
-33.8446
-24.6274
-16.5638
-9.23679
-2.21572
4.12781
9.03262
12.2233
14.0272
14.9436
15.3492
15.4621
15.3991
15.2273
14.9755
14.6509
14.2972
13.9532
13.6065
13.127
12.2585
10.9048
9.26913
7.3853
4.97622
1.80807
-2.16645
-6.83191
-11.886
-16.8275
-21.09
-24.1135
-25.4366
-24.9079
-22.5696
-18.8054
-14.1969
-9.34969
-4.76349
-0.76584
2.50416
5.05688
6.97993
8.38518
9.37991
10.0564
10.4915
10.7489
10.8797
10.924
10.9124
10.8679
10.8086
10.7486
10.6955
10.6516
10.6142
10.5797
10.5462
10.514
10.4865
10.4718
10.4716
10.4616
10.3382
9.84822
8.42173
4.87333
-1.97173
-12.0781
-23.383
-32.1267
-34.4217
-28.1654
-19.4594
-2.03367
-7.6081
-8.09202
-8.60733
-8.94043
-9.09174
-8.9752
-8.56216
-8.14714
-8.01649
-8.38819
-9.68747
-12.2713
-16.38
-22.0053
-28.9042
-36.6201
-44.5519
-51.9202
-57.8342
-61.4067
-61.9148
-59.0641
-53.0763
-44.5781
-34.95
-25.824
-17.9265
-10.7312
-3.72204
2.70036
7.71157
11.0198
12.9646
14.0391
14.6024
14.8615
14.9289
14.8713
14.7269
14.508
14.2306
13.9199
13.5708
13.0846
12.2099
10.8457
9.19039
7.23214
4.6159
1.04563
-3.54534
-9.00675
-14.9803
-20.8239
-25.8686
-29.4464
-30.9865
-30.2884
-27.4059
-22.8193
-17.2545
-11.472
-6.10038
-1.52779
2.1112
4.87319
6.90102
8.35151
9.36194
10.0423
10.4789
10.7389
10.8744
10.9256
10.9231
10.8894
10.8407
10.7882
10.738
10.6923
10.6503
10.61
10.5696
10.5286
10.4885
10.4539
10.4239
10.3741
10.2101
9.68195
8.17581
4.41785
-2.80649
-13.4116
-25.1586
-34.2034
-36.4506
-30.099
-20.1178
-3.16483
-7.21825
-7.72482
-8.21454
-8.57931
-8.73681
-8.58539
-8.09286
-7.59333
-7.36553
-7.61088
-8.76524
-11.1836
-15.1107
-20.5452
-27.255
-34.794
-42.5553
-49.7592
-55.5188
-58.9797
-59.5031
-56.8157
-51.1481
-43.1474
-34.162
-25.6964
-18.2633
-11.2971
-4.40461
1.89447
6.78011
10.0396
12.0371
13.2265
13.9218
14.3071
14.4888
14.5329
14.4813
14.3523
14.1565
13.9047
13.5797
13.0955
12.2146
10.834
9.13848
7.07764
4.22372
0.207349
-5.06518
-11.3985
-18.3791
-25.1798
-31.0567
-35.2346
-37.0145
-36.1659
-32.7171
-27.2506
-20.6386
-13.8101
-7.55011
-2.32858
1.72006
4.70714
6.84218
8.33537
9.35801
10.0387
10.4726
10.7311
10.8678
10.9229
10.926
10.8984
10.8555
10.8078
10.7613
10.718
10.6772
10.6368
10.5946
10.5498
10.5017
10.4501
10.3897
10.2961
10.0837
9.51093
7.95201
4.11063
-3.24644
-14.0163
-25.8723
-34.9376
-37.0752
-30.8233
-19.9306
-4.08347
-6.5571
-7.03149
-7.60493
-8.02242
-8.17116
-7.96413
-7.38294
-6.76258
-6.41322
-6.50889
-7.44976
-9.59709
-13.193
-18.2482
-24.5437
-31.6522
-38.98
-45.7752
-51.1977
-54.4573
-54.9773
-52.5364
-47.38
-40.204
-32.2657
-24.7567
-17.8877
-11.167
-4.47002
1.53506
6.127
9.23459
11.231
12.5023
13.3064
13.8011
14.0854
14.2225
14.2542
14.2027
14.0798
13.8918
13.6088
13.1406
12.2614
10.8636
9.11248
6.93229
3.83114
-0.643452
-6.61835
-13.825
-21.8455
-29.5699
-36.2585
-41.039
-43.138
-42.1194
-38.139
-31.8229
-24.1644
-16.2508
-9.05401
-3.14272
1.33726
4.55481
6.79386
8.32423
9.35457
10.0331
10.4638
10.7213
10.8598
10.9194
10.929
10.909
10.8738
10.8326
10.7905
10.7494
10.7087
10.6667
10.6216
10.5717
10.5154
10.4496
10.3653
10.2355
9.97905
9.36569
7.78374
3.96346
-3.32022
-13.9712
-25.6465
-34.5326
-36.5197
-30.5305
-19.1045
-4.8042
-5.6579
-6.19339
-6.8733
-7.35572
-7.50093
-7.22461
-6.56443
-5.82378
-5.35177
-5.29287
-6.01429
-7.85886
-11.0664
-15.6569
-21.4259
-27.9686
-34.7166
-40.9632
-45.937
-48.9242
-49.4609
-47.3395
-42.8436
-36.6991
-29.9731
-23.4167
-17.0275
-10.5272
-4.12183
1.445
5.65229
8.57007
10.5404
11.8675
12.7551
13.3381
13.7075
13.9243
14.0287
14.0443
13.9843
13.8578
13.6307
13.1966
12.3345
10.9255
9.11153
6.80612
3.46761
-1.44501
-8.09997
-16.1915
-25.0608
-33.6773
-41.1041
-46.434
-48.8095
-47.7009
-43.2805
-36.2256
-27.607
-18.6651
-10.5364
-3.93148
0.981178
4.42511
6.76166
8.32319
9.35691
10.0306
10.4564
10.7115
10.8508
10.9137
10.9284
10.9143
10.8848
10.8484
10.8101
10.7716
10.7325
10.6912
10.6455
10.5933
10.5316
10.455
10.3512
10.1918
9.89943
9.25598
7.67951
3.95916
-3.09668
-13.4143
-24.6936
-33.2592
-35.0838
-29.4694
-17.8483
-5.34848
-4.76562
-5.35084
-6.12495
-6.65976
-6.78725
-6.44836
-5.72237
-4.88901
-4.31244
-4.12783
-4.66917
-6.2448
-9.08368
-13.2086
-18.4297
-24.3662
-30.4848
-36.1369
-40.6339
-43.3609
-43.9067
-42.1468
-38.4022
-33.3485
-27.7209
-21.8838
-15.8151
-9.548
-3.56521
1.4704
5.28125
8.01648
9.95138
11.3128
12.2621
12.9153
13.3554
13.6402
13.808
13.8821
13.8761
13.8015
13.6326
13.2467
12.4186
11.0105
9.13521
6.70766
3.15623
-2.14654
-9.41172
-18.2773
-27.9263
-37.2785
-45.3131
-51.0986
-53.7031
-52.5795
-47.8344
-40.1979
-30.7807
-20.9213
-11.9274
-4.66183
0.663426
4.31894
6.7421
8.3275
9.36025
10.0269
10.447
10.6998
10.84
10.9065
10.9266
10.9188
10.8956
10.8649
10.8311
10.7957
10.7582
10.7172
10.6705
10.6156
10.5488
10.4631
10.3441
10.1618
9.84222
9.18049
7.63304
4.06625
-2.65872
-12.4984
-23.2394
-31.3985
-33.0657
-27.8963
-16.3497
-5.74074
-4.18047
-4.75383
-5.491
-6.0216
-6.13676
-5.75063
-4.99169
-4.12735
-3.48284
-3.21069
-3.61628
-4.97156
-7.48599
-11.1808
-15.8794
-21.2266
-26.7302
-31.8033
-35.8396
-38.3184
-38.9009
-37.5495
-34.5781
-30.4705
-25.6139
-20.1919
-14.3423
-8.41274
-2.97586
1.51794
4.97843
7.55643
9.45084
10.829
11.8215
12.529
13.0265
13.3678
13.5894
13.7138
13.7543
13.7223
13.6069
13.2789
12.5017
11.1116
9.18476
6.64475
2.91313
-2.71432
-10.4952
-20.0112
-30.3181
-40.2622
-48.7732
-54.9114
-57.7213
-56.6249
-51.6609
-43.5933
-33.5508
-22.9255
-13.1704
-5.30586
0.395076
4.23922
6.73517
8.33677
9.36472
10.0226
10.4365
10.6867
10.8279
10.8978
10.9228
10.9206
10.903
10.8773
10.8473
10.8147
10.7791
10.739
10.6923
10.636
10.5658
10.4732
10.3425
10.1427
9.80333
9.13358
7.63224
4.25092
-2.08412
-11.362
-21.4846
-29.1931
-30.7174
-26.0303
-14.7557
-6.00544
-4.2138
-4.70394
-5.29895
-5.63278
-5.59552
-5.15375
-4.37215
-3.48383
-2.81905
-2.52111
-2.87742
-4.11076
-6.39533
-9.74109
-13.9824
-18.7938
-23.7282
-28.2647
-31.8811
-34.1448
-34.8026
-33.8625
-31.5289
-28.0313
-23.5534
-18.3328
-12.7506
-7.30783
-2.4609
1.55511
4.73085
7.1751
9.02453
10.4061
11.4278
12.1771
12.7208
13.1086
13.3753
13.5423
13.6228
13.6262
13.554
13.2861
12.573
11.2192
9.25719
6.61982
2.74361
-3.13568
-11.3264
-21.3656
-32.2003
-42.6073
-51.4897
-57.9073
-60.9016
-59.851
-54.7404
-46.3608
-35.8525
-24.6227
-14.2313
-5.84812
0.18008
4.18479
6.73828
8.34857
9.36845
10.0165
10.4239
10.6719
10.8142
10.8876
10.9177
10.9212
10.9093
10.8887
10.8631
10.8336
10.8
10.7609
10.7139
10.6562
10.5828
10.4845
10.3445
10.1314
9.77822
9.10821
7.66346
4.48228
-1.43783
-10.1174
-19.5897
-26.834
-28.2356
-24.0433
-13.1732
-6.16554
-4.50472
-4.97311
-5.36433
-5.49761
-5.28835
-4.73026
-3.96516
-3.17997
-2.54784
-2.25588
-2.57651
-3.7123
-5.80715
-8.85974
-12.7106
-17.0578
-21.5001
-25.5693
-28.8172
-30.916
-31.679
-31.0526
-29.0527
-25.7574
-21.4005
-16.3944
-11.2365
-6.36351
-2.05098
1.58236
4.5305
6.85767
8.65947
10.0356
11.0762
11.8568
12.4371
12.8627
13.1666
13.3696
13.484
13.517
13.4772
13.267
12.6287
11.3309
9.35455
6.63811
2.6519
-3.40749
-11.9031
-22.3448
-33.5901
-44.3547
-53.5245
-60.166
-63.3209
-62.3207
-57.1074
-48.5082
-37.6686
-25.9861
-15.0889
-6.27893
0.0196569
4.15307
6.74832
8.3606
9.37015
10.008
10.4092
10.6554
10.7992
10.8764
10.9114
10.9204
10.9139
10.8981
10.8763
10.8497
10.8181
10.7801
10.7333
10.6747
10.599
10.4964
10.3492
10.1261
9.76367
9.09885
7.71591
4.73687
-0.768277
-8.84853
-17.6737
-24.4622
-25.7617
-22.0557
-11.671
-6.24049
-4.58463
-4.90186
-5.31795
-5.47275
-5.24123
-4.63913
-3.80099
-2.94697
-2.35604
-2.16153
-2.576
-3.74192
-5.75368
-8.59527
-12.1184
-16.0563
-20.0513
-23.7214
-26.7155
-28.7067
-29.4422
-28.7711
-26.685
-23.3675
-19.1788
-14.5706
-9.95569
-5.61897
-1.73352
1.60375
4.36654
6.59013
8.34472
9.71008
10.7618
11.5654
12.1743
12.6303
12.9647
13.1976
13.3407
13.3993
13.383
13.2215
12.6593
11.4313
9.46381
6.69044
2.62538
-3.5497
-12.2506
-22.981
-34.5318
-45.5668
-54.9584
-61.7802
-65.0706
-64.1217
-58.8395
-50.0898
-39.0269
-27.0201
-15.7359
-6.5887
-0.079062
4.14798
6.76692
8.37342
9.37006
9.99723
10.3926
10.6374
10.7831
10.8642
10.9042
10.9187
10.9174
10.9063
10.8885
10.8649
10.8354
10.7985
10.7519
10.6925
10.6147
10.5084
10.3555
10.1249
9.75631
9.09968
7.77899
4.99511
-0.110934
-7.61273
-15.8161
-22.1714
-23.3887
-20.1467
-10.2887
-6.24877
)
;

boundaryField
{
    outlet
    {
        type            fixedValue;
        value           uniform 0;
    }
    inlet
    {
        type            zeroGradient;
    }
    lowerWall
    {
        type            zeroGradient;
    }
    upperWall
    {
        type            zeroGradient;
    }
    frontAndBack
    {
        type            empty;
    }
}


// ************************************************************************* //
