/*--------------------------------*- C++ -*----------------------------------*\
| =========                 |                                                 |
| \\      /  F ield         | OpenFOAM: The Open Source CFD Toolbox           |
|  \\    /   O peration     | Version:  2.1.1                                 |
|   \\  /    A nd           | Web:      www.OpenFOAM.org                      |
|    \\/     M anipulation  |                                                 |
\*---------------------------------------------------------------------------*/
FoamFile
{
    version     2.0;
    format      ascii;
    class       volScalarField;
    location    "0.06";
    object      p;
}
// * * * * * * * * * * * * * * * * * * * * * * * * * * * * * * * * * * * * * //

dimensions      [0 2 -2 0 0 0 0];

internalField   nonuniform List<scalar> 
6820
(
-11.1238
-12.97
-13.5445
-13.6716
-13.7778
-13.8559
-13.9089
-13.9537
-13.9942
-14.0309
-14.0645
-14.0958
-14.1249
-14.1519
-14.1769
-14.1998
-14.2209
-14.2399
-14.257
-14.2719
-14.2847
-14.2951
-14.3029
-14.3078
-14.3094
-14.3071
-14.3
-14.2871
-14.2665
-14.236
-14.191
-14.1216
-14.0255
-15.0764
-14.5416
-14.1186
-13.928
-13.9025
-13.9127
-13.9315
-13.9578
-13.9881
-14.0192
-14.05
-14.0801
-14.109
-14.1363
-14.1619
-14.1858
-14.2077
-14.2277
-14.2458
-14.2617
-14.2755
-14.287
-14.2959
-14.3021
-14.305
-14.3044
-14.2995
-14.2897
-14.2737
-14.2523
-14.2216
-14.2031
-14.1752
-13.4339
-13.13
-13.4162
-13.6607
-13.7647
-13.8389
-13.8966
-13.9443
-13.9864
-14.0243
-14.0588
-14.0905
-14.1199
-14.147
-14.1721
-14.1951
-14.2163
-14.2355
-14.2528
-14.2681
-14.2814
-14.2925
-14.3013
-14.3075
-14.3108
-14.3109
-14.3073
-14.2995
-14.2869
-14.2698
-14.2477
-14.2267
-14.2015
-13.941
-13.9751
-13.9718
-13.912
-13.9035
-13.9229
-13.9479
-13.9751
-14.0041
-14.0332
-14.0618
-14.0896
-14.1162
-14.1415
-14.1654
-14.1879
-14.2087
-14.2279
-14.2455
-14.2612
-14.2751
-14.287
-14.2967
-14.3041
-14.3089
-14.311
-14.3098
-14.3054
-14.2974
-14.2867
-14.2728
-14.2626
-14.2497
-13.7857
-13.6856
-13.7294
-13.7946
-13.8467
-13.8922
-13.9316
-13.9674
-14.0013
-14.0336
-14.064
-14.0928
-14.1201
-14.1457
-14.1697
-14.1921
-14.2129
-14.232
-14.2495
-14.2652
-14.2792
-14.2914
-14.3016
-14.3097
-14.3155
-14.319
-14.3199
-14.3183
-14.3141
-14.3083
-14.3009
-14.2957
-14.2904
-13.8408
-13.824
-13.8488
-13.8712
-13.8928
-13.921
-13.9512
-13.9813
-14.0113
-14.0406
-14.0689
-14.096
-14.1219
-14.1465
-14.1698
-14.1917
-14.2121
-14.2311
-14.2486
-14.2646
-14.279
-14.2917
-14.3027
-14.312
-14.3193
-14.3247
-14.3281
-14.3298
-14.3298
-14.3289
-14.3276
-14.3283
-14.3302
-13.8393
-13.818
-13.8335
-13.8616
-13.8909
-13.9228
-13.9544
-13.9849
-14.0147
-14.0437
-14.0716
-14.0983
-14.1239
-14.1483
-14.1713
-14.1931
-14.2135
-14.2326
-14.2502
-14.2665
-14.2814
-14.2947
-14.3066
-14.317
-14.3259
-14.3332
-14.3391
-14.3439
-14.3477
-14.3514
-14.3555
-14.3615
-14.3696
-13.8536
-13.8457
-13.8607
-13.8846
-13.909
-13.9362
-13.9646
-13.9929
-14.021
-14.0486
-14.0754
-14.1013
-14.1261
-14.1499
-14.1726
-14.1941
-14.2143
-14.2334
-14.2513
-14.2679
-14.2832
-14.2973
-14.3102
-14.3218
-14.3323
-14.3416
-14.3501
-14.3579
-14.3655
-14.3735
-14.3825
-14.3937
-14.4075
-13.8668
-13.8628
-13.8745
-13.8955
-13.9187
-13.9446
-13.9718
-13.999
-14.0261
-14.0528
-14.0788
-14.104
-14.1283
-14.1517
-14.174
-14.1953
-14.2156
-14.2347
-14.2528
-14.2698
-14.2857
-14.3006
-14.3145
-14.3274
-14.3395
-14.3509
-14.3618
-14.3726
-14.3837
-14.3957
-14.4092
-14.4251
-14.4441
-13.8806
-13.8799
-13.8908
-13.9097
-13.9312
-13.955
-13.9803
-14.0061
-14.0318
-14.0574
-14.0825
-14.107
-14.1307
-14.1537
-14.1757
-14.1968
-14.2169
-14.2362
-14.2545
-14.2719
-14.2884
-14.304
-14.319
-14.3332
-14.3469
-14.3603
-14.3736
-14.3872
-14.4015
-14.4171
-14.4347
-14.4548
-14.4785
-13.8945
-13.8954
-13.9054
-13.9224
-13.9422
-13.9644
-13.9883
-14.0127
-14.0374
-14.062
-14.0863
-14.1101
-14.1333
-14.1557
-14.1775
-14.1984
-14.2185
-14.2379
-14.2564
-14.2742
-14.2913
-14.3078
-14.3238
-14.3393
-14.3546
-14.3699
-14.3854
-14.4016
-14.4189
-14.4377
-14.4588
-14.4827
-14.5103
-13.9081
-13.9099
-13.9194
-13.9348
-13.9533
-13.974
-13.9964
-14.0196
-14.0432
-14.0668
-14.0902
-14.1133
-14.136
-14.158
-14.1794
-14.2002
-14.2203
-14.2397
-14.2585
-14.2768
-14.2945
-14.3117
-14.3287
-14.3455
-14.3623
-14.3793
-14.3969
-14.4155
-14.4354
-14.4571
-14.4812
-14.5083
-14.5392
-13.9213
-13.9236
-13.9326
-13.9467
-13.9638
-13.9832
-14.0043
-14.0263
-14.0488
-14.0715
-14.0942
-14.1167
-14.1387
-14.1604
-14.1815
-14.2021
-14.2222
-14.2417
-14.2608
-14.2794
-14.2977
-14.3157
-14.3336
-14.3516
-14.3698
-14.3885
-14.4079
-14.4286
-14.4507
-14.4749
-14.5016
-14.5313
-14.5648
-13.9341
-13.9366
-13.945
-13.9581
-13.974
-13.9922
-14.012
-14.0329
-14.0545
-14.0763
-14.0982
-14.12
-14.1416
-14.1628
-14.1837
-14.2041
-14.2242
-14.2438
-14.2631
-14.2822
-14.301
-14.3197
-14.3385
-14.3575
-14.377
-14.3971
-14.4182
-14.4406
-14.4647
-14.4909
-14.5197
-14.5514
-14.5868
-13.9462
-13.9488
-13.9567
-13.9688
-13.9837
-14.0008
-14.0195
-14.0394
-14.06
-14.081
-14.1022
-14.1234
-14.1445
-14.1653
-14.1859
-14.2062
-14.2262
-14.2459
-14.2655
-14.2848
-14.3041
-14.3235
-14.3431
-14.3631
-14.3836
-14.405
-14.4275
-14.4514
-14.4771
-14.5049
-14.5352
-14.5685
-14.6052
-13.9577
-13.9602
-13.9678
-13.9791
-13.993
-14.009
-14.0268
-14.0457
-14.0654
-14.0857
-14.1062
-14.1268
-14.1473
-14.1678
-14.1881
-14.2083
-14.2282
-14.248
-14.2677
-14.2874
-14.3071
-14.3271
-14.3473
-14.3681
-14.3896
-14.412
-14.4356
-14.4607
-14.4876
-14.5166
-14.5481
-14.5823
-14.6197
-13.9686
-13.971
-13.9781
-13.9887
-14.0018
-14.0169
-14.0337
-14.0518
-14.0707
-14.0902
-14.11
-14.13
-14.1501
-14.1702
-14.1903
-14.2103
-14.2302
-14.25
-14.2698
-14.2898
-14.3099
-14.3302
-14.3511
-14.3725
-14.3947
-14.418
-14.4424
-14.4684
-14.4961
-14.5259
-14.558
-14.5927
-14.6304
-13.9788
-13.9811
-13.9878
-13.9977
-14.01
-14.0244
-14.0403
-14.0576
-14.0757
-14.0945
-14.1137
-14.1332
-14.1528
-14.1726
-14.1924
-14.2121
-14.2319
-14.2518
-14.2717
-14.2918
-14.3122
-14.3329
-14.3542
-14.3761
-14.3989
-14.4227
-14.4477
-14.4743
-14.5025
-14.5327
-14.5651
-14.5998
-14.6372
-13.9882
-13.9904
-13.9968
-14.0061
-14.0177
-14.0313
-14.0465
-14.063
-14.0804
-14.0985
-14.1172
-14.1361
-14.1554
-14.1747
-14.1942
-14.2138
-14.2335
-14.2533
-14.2733
-14.2935
-14.314
-14.335
-14.3565
-14.3788
-14.4019
-14.4261
-14.4515
-14.4783
-14.5067
-14.5369
-14.5691
-14.6034
-14.6402
-13.997
-13.999
-14.0051
-14.0139
-14.0249
-14.0378
-14.0523
-14.0681
-14.0848
-14.1023
-14.1204
-14.1389
-14.1577
-14.1767
-14.1959
-14.2153
-14.2348
-14.2545
-14.2744
-14.2947
-14.3153
-14.3364
-14.3581
-14.3805
-14.4037
-14.428
-14.4534
-14.4802
-14.5085
-14.5384
-14.5701
-14.6037
-14.6394
-14.0049
-14.0069
-14.0126
-14.021
-14.0314
-14.0437
-14.0576
-14.0727
-14.0889
-14.1058
-14.1233
-14.1413
-14.1597
-14.1784
-14.1973
-14.2164
-14.2357
-14.2553
-14.2751
-14.2953
-14.3159
-14.337
-14.3586
-14.381
-14.4042
-14.4284
-14.4537
-14.4802
-14.508
-14.5373
-14.5681
-14.6007
-14.635
-14.0121
-14.0139
-14.0194
-14.0273
-14.0373
-14.049
-14.0623
-14.0769
-14.0924
-14.1088
-14.1259
-14.1435
-14.1614
-14.1797
-14.1983
-14.2172
-14.2363
-14.2556
-14.2753
-14.2953
-14.3158
-14.3367
-14.3582
-14.3804
-14.4034
-14.4272
-14.4521
-14.478
-14.5051
-14.5335
-14.5633
-14.5944
-14.6271
-14.0184
-14.0202
-14.0254
-14.033
-14.0424
-14.0537
-14.0665
-14.0805
-14.0956
-14.1115
-14.1281
-14.1452
-14.1628
-14.1807
-14.199
-14.2175
-14.2363
-14.2555
-14.2749
-14.2947
-14.3149
-14.3355
-14.3567
-14.3786
-14.4011
-14.4245
-14.4487
-14.4738
-14.5
-14.5273
-14.5557
-14.5852
-14.616
-14.0239
-14.0256
-14.0305
-14.0378
-14.0469
-14.0577
-14.07
-14.0835
-14.0981
-14.1136
-14.1297
-14.1464
-14.1636
-14.1812
-14.1991
-14.2173
-14.2358
-14.2546
-14.2737
-14.2932
-14.3131
-14.3333
-14.3541
-14.3755
-14.3974
-14.42
-14.4434
-14.4676
-14.4926
-14.5186
-14.5454
-14.5731
-14.6018
-14.0285
-14.0302
-14.0349
-14.0418
-14.0506
-14.061
-14.0729
-14.0861
-14.1002
-14.1153
-14.131
-14.1474
-14.1642
-14.1814
-14.1989
-14.2168
-14.2349
-14.2534
-14.2721
-14.2911
-14.3105
-14.3303
-14.3505
-14.3712
-14.3924
-14.4142
-14.4365
-14.4596
-14.4833
-14.5076
-14.5327
-14.5585
-14.5849
-14.0322
-14.0338
-14.0383
-14.0449
-14.0533
-14.0633
-14.0748
-14.0876
-14.1013
-14.116
-14.1314
-14.1474
-14.1638
-14.1806
-14.1978
-14.2153
-14.2331
-14.2511
-14.2694
-14.288
-14.3069
-14.3261
-14.3456
-14.3655
-14.3859
-14.4066
-14.4279
-14.4496
-14.4718
-14.4945
-14.5177
-14.5414
-14.5655
-14.035
-14.0365
-14.0409
-14.0474
-14.0556
-14.0654
-14.0766
-14.0891
-14.1026
-14.117
-14.132
-14.1475
-14.1636
-14.1801
-14.1969
-14.2139
-14.2313
-14.2488
-14.2666
-14.2846
-14.3028
-14.3213
-14.34
-14.359
-14.3783
-14.398
-14.4179
-14.4382
-14.4588
-14.4797
-14.5009
-14.5224
-14.5441
-14.0366
-14.0379
-14.0419
-14.0479
-14.0557
-14.0651
-14.076
-14.0881
-14.1012
-14.1155
-14.1303
-14.1456
-14.1614
-14.1776
-14.194
-14.2108
-14.2277
-14.2448
-14.2621
-14.2795
-14.2971
-14.3149
-14.3328
-14.3509
-14.3691
-14.3876
-14.4062
-14.425
-14.4439
-14.463
-14.4822
-14.5014
-14.5207
-14.0376
-14.0393
-14.0435
-14.0497
-14.0576
-14.067
-14.0778
-14.0898
-14.1028
-14.1164
-14.1308
-14.1457
-14.1611
-14.1768
-14.1928
-14.209
-14.2254
-14.2419
-14.2585
-14.2752
-14.2919
-14.3088
-14.3257
-14.3427
-14.3597
-14.3768
-14.394
-14.4111
-14.4283
-14.4454
-14.4625
-14.4794
-14.4963
-14.0364
-14.037
-14.04
-14.0452
-14.0524
-14.0614
-14.072
-14.0839
-14.0969
-14.1107
-14.1253
-14.1403
-14.1557
-14.1714
-14.1872
-14.2032
-14.2193
-14.2355
-14.2516
-14.2678
-14.2839
-14.3001
-14.3161
-14.3321
-14.3481
-14.3639
-14.3797
-14.3953
-14.4107
-14.426
-14.441
-14.4558
-14.4702
-14.0369
-14.0396
-14.0443
-14.0505
-14.058
-14.0671
-14.0774
-14.0889
-14.1014
-14.1146
-14.1284
-14.1427
-14.1573
-14.1722
-14.1873
-14.2025
-14.2178
-14.2331
-14.2483
-14.2636
-14.2787
-14.2937
-14.3086
-14.3233
-14.3379
-14.3522
-14.3663
-14.3802
-14.3938
-14.407
-14.4199
-14.4324
-14.4444
-14.0291
-14.0269
-14.0274
-14.0315
-14.0385
-14.048
-14.0593
-14.072
-14.0856
-14.1
-14.1149
-14.1302
-14.1456
-14.1612
-14.1767
-14.1923
-14.2077
-14.223
-14.2382
-14.2531
-14.2678
-14.2823
-14.2965
-14.3104
-14.324
-14.3372
-14.35
-14.3625
-14.3745
-14.386
-14.397
-14.4075
-14.4173
-14.0384
-14.0451
-14.0509
-14.0561
-14.0622
-14.0698
-14.079
-14.0895
-14.101
-14.1133
-14.1262
-14.1396
-14.1534
-14.1673
-14.1813
-14.1954
-14.2095
-14.2234
-14.2372
-14.2508
-14.2641
-14.2772
-14.2899
-14.3023
-14.3143
-14.3259
-14.3371
-14.3477
-14.3578
-14.3673
-14.3762
-14.3845
-14.392
-14.006
-13.9924
-13.9874
-13.9931
-14.0037
-14.0168
-14.0315
-14.0473
-14.0636
-14.0802
-14.0969
-14.1135
-14.13
-14.1462
-14.1621
-14.1777
-14.193
-14.2078
-14.2222
-14.2362
-14.2497
-14.2628
-14.2753
-14.2872
-14.2986
-14.3095
-14.3196
-14.3292
-14.338
-14.3461
-14.3535
-14.36
-14.3658
-14.0612
-14.0818
-14.0868
-14.0826
-14.0799
-14.0824
-14.0881
-14.0957
-14.1048
-14.1152
-14.1265
-14.1384
-14.1507
-14.1633
-14.176
-14.1887
-14.2013
-14.2138
-14.226
-14.2379
-14.2495
-14.2606
-14.2713
-14.2814
-14.291
-14.3
-14.3084
-14.3161
-14.323
-14.3292
-14.3346
-14.3391
-14.3428
-13.9383
-13.8886
-13.8768
-13.9025
-13.9316
-13.9566
-13.9811
-14.0049
-14.0277
-14.0494
-14.0701
-14.0899
-14.1087
-14.1267
-14.1439
-14.1604
-14.176
-14.191
-14.2052
-14.2187
-14.2314
-14.2434
-14.2546
-14.2651
-14.2747
-14.2836
-14.2915
-14.2986
-14.3048
-14.3101
-14.3143
-14.3177
-14.3199
-14.1873
-14.2224
-14.1919
-14.1499
-14.1216
-14.1106
-14.1081
-14.1095
-14.1139
-14.1207
-14.1291
-14.1386
-14.1489
-14.1597
-14.1707
-14.1819
-14.193
-14.2039
-14.2146
-14.2249
-14.2348
-14.2443
-14.2531
-14.2614
-14.269
-14.2758
-14.2819
-14.2872
-14.2916
-14.2952
-14.2978
-14.2994
-14.3
-13.6952
-13.5754
-13.6379
-13.7395
-13.8138
-13.8665
-13.9108
-13.9496
-13.9836
-14.0136
-14.0405
-14.065
-14.0874
-14.1081
-14.1272
-14.145
-14.1616
-14.177
-14.1913
-14.2047
-14.217
-14.2283
-14.2386
-14.2479
-14.2562
-14.2635
-14.2698
-14.275
-14.2791
-14.2822
-14.2841
-14.2849
-14.2845
-14.91
-14.5712
-14.3076
-14.1911
-14.1411
-14.1162
-14.1017
-14.096
-14.0968
-14.1015
-14.1088
-14.1178
-14.1279
-14.1386
-14.1498
-14.161
-14.1722
-14.1831
-14.1938
-14.204
-14.2137
-14.2227
-14.2312
-14.2389
-14.2458
-14.2518
-14.257
-14.2612
-14.2645
-14.2667
-14.2679
-14.268
-14.267
-12.4065
-13.1132
-13.518
-13.6706
-13.7757
-13.8585
-13.9185
-13.964
-14.0011
-14.0321
-14.0584
-14.0816
-14.1022
-14.121
-14.1381
-14.1539
-14.1685
-14.1821
-14.1946
-14.2061
-14.2166
-14.2261
-14.2346
-14.2422
-14.2487
-14.2541
-14.2585
-14.2618
-14.2639
-14.265
-14.2648
-14.2635
-14.2609
-13.8023
-13.775
-13.7426
-13.727
-13.799
-14.0027
-14.3454
-14.8198
-15.3987
-16.0516
-16.7523
-17.4748
-18.1941
-18.8881
-19.5393
-20.1359
-20.6718
-21.1451
-21.5558
-21.9059
-22.1973
-22.4319
-22.6107
-22.7341
-22.801
-22.809
-22.7537
-22.629
-22.4262
-22.1346
-21.7409
-21.2297
-20.5836
-19.7848
-18.8183
-17.6775
-16.367
-14.9038
-13.3269
-11.6931
-10.0541
-8.45551
-6.94406
-5.56019
-4.33064
-3.2671
-2.36823
-1.62361
-1.01774
-0.533142
-0.152252
0.141418
0.362739
0.524768
0.638765
0.714296
0.7594
0.780765
0.783903
0.773318
0.75266
0.724856
0.692238
0.656641
0.619497
0.58191
0.544722
0.508562
0.473897
0.441059
0.410273
0.381676
0.35533
0.331228
0.309303
0.289436
0.271461
0.255171
0.240336
0.226705
0.214032
0.202076
0.190627
0.179517
0.168614
0.157822
0.14708
0.136353
0.125617
0.114873
0.104091
0.0933189
0.0824409
0.0716789
0.0605494
0.0500462
0.038089
0.0289818
0.0139011
0.0109396
-14.4069
-14.344
-14.0941
-13.937
-13.9079
-14.0205
-14.2868
-14.7075
-15.2626
-15.9171
-16.6294
-17.3587
-18.072
-18.7489
-19.3785
-19.9552
-20.4759
-20.9392
-21.3434
-21.6884
-21.9752
-22.2045
-22.3773
-22.4934
-22.5516
-22.5492
-22.4817
-22.3425
-22.123
-21.8125
-21.3978
-20.8637
-20.1939
-19.3735
-18.3936
-17.2546
-15.9651
-14.5484
-13.0425
-11.4868
-9.9217
-8.3928
-6.94457
-5.61362
-4.42472
-3.38954
-2.50812
-1.77211
-1.16814
-0.680648
-0.293613
0.00824814
0.238917
0.41081
0.534733
0.619949
0.674293
0.704333
0.715514
0.712314
0.698383
0.676669
0.649535
0.618855
0.586103
0.552424
0.518701
0.485603
0.453634
0.423162
0.394446
0.367658
0.342891
0.320172
0.299468
0.280686
0.263686
0.24828
0.234254
0.221365
0.209374
0.198044
0.187166
0.176572
0.166129
0.155743
0.145354
0.134929
0.124448
0.113919
0.103318
0.0926954
0.0819523
0.0712928
0.0602856
0.0498163
0.0380517
0.0287517
0.0143178
0.010069
-14.1897
-14.0617
-13.9556
-13.9442
-14.0191
-14.19
-14.4688
-14.8532
-15.3324
-15.8927
-16.5169
-17.1822
-17.8617
-18.5289
-19.1611
-19.7426
-20.2656
-20.7244
-21.1195
-21.4529
-21.7275
-21.9455
-22.1076
-22.213
-22.2598
-22.2447
-22.1627
-22.0069
-21.7686
-21.4367
-20.9982
-20.4393
-19.7474
-18.9148
-17.9388
-16.8204
-15.5709
-14.2135
-12.7756
-11.2893
-9.79425
-8.33308
-6.94598
-5.66626
-4.51706
-3.51
-2.64631
-1.91947
-1.31809
-0.82835
-0.435747
-0.126159
0.113506
0.295015
0.428709
0.523527
0.587092
0.625834
0.645121
0.649396
0.642302
0.6268
0.60528
0.57965
0.551421
0.52178
0.491647
0.461732
0.432572
0.404571
0.378021
0.353128
0.330019
0.308752
0.289327
0.271679
0.255693
0.241202
0.228009
0.21588
0.204584
0.193889
0.18359
0.173519
0.163544
0.153572
0.143545
0.133432
0.123217
0.112912
0.102501
0.0920359
0.0814343
0.0708813
0.0600013
0.049567
0.0380042
0.0285017
0.0147387
0.00916435
-14.2685
-14.2633
-14.2239
-14.2095
-14.2598
-14.3986
-14.6405
-14.9894
-15.4367
-15.962
-16.539
-17.1427
-17.7537
-18.3555
-18.9336
-19.4758
-19.9717
-20.4162
-20.8066
-21.1402
-21.415
-21.6303
-21.7861
-21.8821
-21.9168
-21.8871
-21.7881
-21.613
-21.3529
-20.9979
-20.5377
-19.9636
-19.2679
-18.4436
-17.4863
-16.3998
-15.197
-13.896
-12.5201
-11.1001
-9.67271
-8.27661
-6.9482
-5.71795
-4.60745
-3.62824
-2.78253
-2.06542
-1.46728
-0.975974
-0.578402
-0.261585
-0.0133096
0.177534
0.320812
0.425124
0.497865
0.545316
0.572757
0.584583
0.584423
0.575245
0.559461
0.539007
0.515431
0.489956
0.46354
0.436927
0.410692
0.38527
0.360988
0.338083
0.316714
0.296972
0.278887
0.262424
0.247493
0.233949
0.22161
0.210257
0.199668
0.189616
0.179902
0.17036
0.160859
0.15131
0.141653
0.131862
0.121923
0.111851
0.101639
0.0913392
0.0808857
0.0704436
0.0596964
0.049298
0.0379445
0.0282332
0.0151571
0.0082363
-14.2955
-14.2773
-14.2446
-14.2547
-14.3356
-14.4964
-14.7445
-15.0822
-15.5016
-15.9857
-16.5157
-17.0732
-17.641
-18.2028
-18.744
-19.2519
-19.7168
-20.1323
-20.4952
-20.8047
-21.0596
-21.2589
-21.4014
-21.4851
-21.507
-21.4634
-21.3492
-21.1584
-20.8842
-20.5191
-20.0546
-19.4819
-18.7927
-17.9814
-17.0478
-15.9975
-14.8404
-13.5925
-12.276
-10.9198
-9.55726
-8.22335
-6.95115
-5.76856
-4.69575
-3.74405
-2.91652
-2.20964
-1.6154
-1.1232
-0.721271
-0.397747
-0.141277
0.0585905
0.211232
0.324901
0.406748
0.462891
0.49851
0.517944
0.524799
0.522045
0.512105
0.496945
0.478142
0.456954
0.434374
0.411181
0.387982
0.365246
0.343331
0.322504
0.302958
0.284814
0.268132
0.252907
0.239073
0.22651
0.215051
0.204493
0.194624
0.185227
0.176106
0.1671
0.158081
0.148961
0.139683
0.130222
0.120568
0.110738
0.100734
0.0906061
0.080307
0.0699804
0.0593711
0.04901
0.0378721
0.0279483
0.015569
0.007295
-14.3388
-14.3455
-14.3542
-14.3952
-14.4885
-14.6457
-14.876
-15.1835
-15.5638
-16.005
-16.4914
-17.0059
-17.5303
-18.0478
-18.5451
-19.0125
-19.4428
-19.8308
-20.1721
-20.4629
-20.701
-20.8845
-21.0115
-21.0799
-21.0872
-21.0299
-20.9035
-20.7025
-20.4202
-20.0491
-19.5813
-19.0093
-18.3277
-17.5338
-16.6276
-15.6129
-14.4994
-13.3026
-12.0435
-10.7484
-9.44768
-8.1731
-6.95468
-5.81798
-4.78181
-3.85726
-3.04806
-2.35189
-1.76218
-1.26974
-0.864081
-0.534389
-0.270165
-0.0616155
0.100144
0.223005
0.313861
0.378657
0.42246
0.449543
0.463481
0.467235
0.46324
0.453481
0.439563
0.422776
0.404146
0.384486
0.364433
0.344487
0.325037
0.306381
0.28874
0.272268
0.257053
0.243119
0.230428
0.218879
0.208328
0.198587
0.189453
0.180722
0.172204
0.163742
0.155212
0.146529
0.137637
0.128514
0.119154
0.109574
0.0997853
0.0898362
0.0796978
0.0694913
0.0590248
0.0487031
0.0377859
0.0276487
0.0159694
0.00635044
-14.3835
-14.4021
-14.4277
-14.4817
-14.5826
-14.7413
-14.9642
-15.2533
-15.6041
-16.0069
-16.4507
-16.9226
-17.4057
-17.8837
-18.3445
-18.7793
-19.1807
-19.5424
-19.8591
-20.1273
-20.345
-20.5101
-20.6208
-20.6746
-20.6685
-20.5989
-20.4612
-20.25
-19.9594
-19.5831
-19.1146
-18.5482
-17.879
-17.1043
-16.2246
-15.2446
-14.1736
-13.0263
-11.8221
-10.5854
-9.34361
-8.12559
-6.95861
-5.86606
-4.86551
-3.96772
-3.17695
-2.49192
-1.90734
-1.41532
-1.00656
-0.671258
-0.399744
-0.182878
-0.0122735
0.119588
0.219334
0.292722
0.344695
0.379451
0.400524
0.41086
0.412897
0.408636
0.399709
0.387431
0.37286
0.35684
0.340039
0.322985
0.306098
0.289703
0.274051
0.259325
0.245642
0.233055
0.221552
0.211056
0.201441
0.192538
0.184158
0.176105
0.168199
0.160289
0.152256
0.144015
0.135517
0.12674
0.11768
0.108359
0.0987928
0.0890294
0.0790578
0.068976
0.0586569
0.0483772
0.0376844
0.0273359
0.016353
0.0054129
-14.4279
-14.4577
-14.4997
-14.5683
-14.6775
-14.8359
-15.0489
-15.3185
-15.6415
-16.0102
-16.4147
-16.8432
-17.2824
-17.7197
-18.1443
-18.5465
-18.9179
-19.2526
-19.5453
-19.7925
-19.9915
-20.1398
-20.2349
-20.2742
-20.2548
-20.173
-20.0246
-19.805
-19.5087
-19.13
-18.6633
-18.1034
-17.4466
-16.691
-15.8379
-14.892
-13.8624
-12.7628
-11.6114
-10.4303
-9.24467
-8.08056
-6.96276
-5.9127
-4.94673
-4.0753
-3.30302
-2.62952
-2.05065
-1.55969
-1.14845
-0.8081
-0.529777
-0.304983
-0.125833
0.0148132
0.123305
0.205202
0.265313
0.307748
0.335993
0.35297
0.361116
0.362444
0.358601
0.350933
0.340524
0.328247
0.314799
0.300737
0.286508
0.272463
0.258883
0.245978
0.233894
0.22271
0.212442
0.203036
0.194389
0.186348
0.178738
0.171378
0.164095
0.156745
0.149214
0.141424
0.133326
0.124901
0.116149
0.107094
0.097757
0.0881857
0.0783866
0.0684343
0.0582669
0.0480323
0.0375663
0.0270118
0.0167148
0.00449269
-14.4707
-14.5095
-14.5629
-14.6408
-14.7539
-14.9098
-15.1131
-15.3652
-15.6636
-16.0019
-16.3717
-16.7629
-17.1641
-17.5641
-17.9528
-18.3215
-18.6629
-18.9706
-19.2394
-19.4652
-19.6449
-19.7758
-19.8551
-19.8802
-19.848
-19.7551
-19.5975
-19.3706
-19.0696
-18.6895
-18.2254
-17.673
-17.0295
-16.2936
-15.467
-14.5546
-13.5651
-12.5115
-11.4106
-10.2826
-9.15048
-8.03776
-6.96699
-5.95779
-5.0254
-4.17987
-3.4261
-2.76449
-2.19186
-1.70257
-1.28948
-0.94466
-0.660026
-0.427714
-0.24034
-0.0911478
0.0259234
0.116225
0.18442
0.234524
0.269961
0.293628
0.307948
0.314941
0.316272
0.313306
0.307154
0.298716
0.288718
0.277744
0.266264
0.254659
0.243233
0.232223
0.221803
0.21208
0.203094
0.194819
0.18717
0.180016
0.173196
0.166542
0.159893
0.153112
0.146092
0.138758
0.131066
0.122999
0.114562
0.105779
0.0966783
0.0873053
0.0776843
0.0678661
0.0578545
0.0476688
0.0374304
0.026678
0.0170497
0.00359992
-14.5106
-14.5568
-14.6186
-14.7032
-14.8187
-14.9713
-15.1648
-15.4001
-15.6754
-15.9854
-16.3229
-16.6794
-17.0449
-17.4097
-17.7647
-18.1018
-18.4139
-18.695
-18.9398
-19.1442
-19.3047
-19.4184
-19.4824
-19.4938
-19.4495
-19.3461
-19.1798
-18.9466
-18.6419
-18.2615
-17.8011
-17.2572
-16.6275
-15.9115
-15.1112
-14.2316
-13.2811
-12.2718
-11.2192
-10.1419
-9.06072
-7.99697
-6.97116
-6.00126
-5.10143
-4.28134
-3.54608
-2.89665
-2.33076
-1.84375
-1.42941
-1.08069
-0.790252
-0.550848
-0.355592
-0.198116
-0.0726547
0.0259259
0.102133
0.159876
0.202513
0.232901
0.253449
0.266176
0.272757
0.274578
0.272773
0.268266
0.261809
0.254012
0.24537
0.236289
0.227096
0.218056
0.209366
0.201161
0.193507
0.186402
0.179784
0.173542
0.167533
0.161601
0.155598
0.149395
0.142892
0.13602
0.12874
0.121038
0.112921
0.104416
0.0955575
0.0863885
0.0769509
0.0672715
0.0574193
0.0472868
0.0372758
0.0263365
0.0173534
0.00274412
-14.5471
-14.5991
-14.6668
-14.7555
-14.8714
-15.0195
-15.2029
-15.4223
-15.676
-15.9598
-16.2676
-16.5919
-16.9243
-17.2562
-17.5793
-17.8862
-18.1702
-18.4253
-18.6467
-18.83
-18.9716
-19.0683
-19.1171
-19.1151
-19.0591
-18.9459
-18.7718
-18.5331
-18.2258
-17.846
-17.3902
-16.8555
-16.2402
-15.5443
-14.7701
-13.9226
-13.0098
-12.0431
-11.0367
-10.0078
-8.97508
-7.958
-6.97517
-6.04305
-5.17479
-4.37966
-3.66283
-3.02584
-2.46716
-1.98299
-1.568
-1.21595
-0.920219
-0.674161
-0.471383
-0.305906
-0.172264
-0.0655508
0.0185763
0.0839124
0.133739
0.170867
0.197684
0.216202
0.228104
0.234788
0.23741
0.236917
0.234087
0.229552
0.223833
0.217357
0.210476
0.203476
0.196582
0.189952
0.183678
0.177784
0.172232
0.166929
0.161751
0.156557
0.151212
0.145596
0.139618
0.133215
0.126352
0.119019
0.111228
0.103007
0.0943959
0.0854363
0.0761869
0.066651
0.0569613
0.0468869
0.0371014
0.025989
0.0176221
0.00193391
-14.5798
-14.6361
-14.7077
-14.7986
-14.9134
-15.0562
-15.2294
-15.4335
-15.667
-15.9264
-16.2065
-16.501
-16.8024
-17.1033
-17.3962
-17.6742
-17.9311
-18.1612
-18.3597
-18.5223
-18.6453
-18.7254
-18.7595
-18.7445
-18.6774
-18.555
-18.3738
-18.1304
-17.8213
-17.4431
-16.9926
-16.4677
-15.8672
-15.1915
-14.443
-13.6269
-12.7506
-11.8248
-10.8627
-9.87984
-8.89329
-7.92069
-6.97895
-6.08313
-5.24546
-4.47477
-3.77628
-3.15194
-2.60088
-2.12008
-1.70501
-1.3502
-1.04969
-0.79743
-0.587504
-0.414325
-0.272732
-0.158052
-0.0661153
0.00674949
0.0637398
0.107613
0.140727
0.165082
0.182362
0.193978
0.201101
0.204701
0.205576
0.204383
0.201665
0.197871
0.193375
0.188486
0.18345
0.178452
0.173608
0.168966
0.164512
0.160176
0.155851
0.151413
0.146738
0.14172
0.136275
0.130346
0.123905
0.116947
0.109486
0.101553
0.093195
0.0844497
0.075393
0.066005
0.0564807
0.0464696
0.0369067
0.0256372
0.0178525
0.00117668
-14.6082
-14.6675
-14.7414
-14.8329
-14.9454
-15.0822
-15.2451
-15.4345
-15.649
-15.8857
-16.1402
-16.4068
-16.6794
-16.9511
-17.2154
-17.4659
-17.6968
-17.9028
-18.0791
-18.2215
-18.3263
-18.3901
-18.4098
-18.3823
-18.3046
-18.1736
-17.986
-17.7388
-17.4286
-17.0526
-16.6083
-16.0937
-15.5083
-14.8527
-14.1297
-13.344
-12.503
-11.6165
-10.6967
-9.75772
-8.81514
-7.88491
-6.98243
-6.12149
-5.31344
-4.56665
-3.88636
-3.27483
-2.73177
-2.25484
-1.84024
-1.48321
-1.17844
-0.920428
-0.703741
-0.523175
-0.373878
-0.251416
-0.151799
-0.071487
-0.00737542
0.0432327
0.0826586
0.112885
0.135594
0.1522
0.16389
0.171652
0.176305
0.178527
0.178884
0.177844
0.175804
0.173091
0.169976
0.166665
0.163298
0.15995
0.156629
0.153287
0.149838
0.146172
0.142182
0.137771
0.132866
0.127418
0.121404
0.114824
0.107698
0.100058
0.0919567
0.0834301
0.0745702
0.0653345
0.0559778
0.0460357
0.0366914
0.025283
0.0180428
0.000478248
-14.6324
-14.6935
-14.7683
-14.859
-14.9683
-15.0985
-15.2512
-15.4264
-15.6231
-15.8386
-16.0691
-16.3098
-16.5553
-16.7996
-17.0369
-17.2612
-17.4672
-17.65
-17.8048
-17.9276
-18.0146
-18.0627
-18.0684
-18.0289
-17.9411
-17.802
-17.6088
-17.3583
-17.0479
-16.6748
-16.2371
-15.7334
-15.1632
-14.5277
-13.8296
-13.0736
-12.2666
-11.4178
-10.5383
-9.64117
-8.74042
-7.85056
-6.9856
-6.15815
-5.37874
-4.65531
-3.99303
-3.39443
-2.85969
-2.38709
-1.97349
-1.61477
-1.30624
-1.04293
-0.819879
-0.632255
-0.475517
-0.345474
-0.238322
-0.150662
-0.0794878
-0.02217
0.0235696
0.0596903
0.0878647
0.109511
0.125827
0.137813
0.14631
0.152015
0.155513
0.157296
0.157776
0.157303
0.156166
0.154595
0.152754
0.15074
0.148586
0.146266
0.143714
0.14084
0.137548
0.133755
0.129398
0.124436
0.118854
0.112656
0.105868
0.0985242
0.0906836
0.0823797
0.07372
0.0646405
0.0554534
0.0455861
0.0364555
0.0249279
0.0181918
-0.000157373
-14.652
-14.714
-14.7886
-14.8775
-14.9826
-15.1059
-15.2484
-15.41
-15.5898
-15.7854
-15.9936
-16.2102
-16.4304
-16.649
-16.8607
-17.0602
-17.2425
-17.4029
-17.5369
-17.6408
-17.7107
-17.7434
-17.7357
-17.6846
-17.5872
-17.4408
-17.2424
-16.9894
-16.6792
-16.3097
-15.8791
-15.3865
-14.8317
-14.216
-13.5423
-12.8151
-12.0409
-11.2282
-10.3873
-9.52992
-8.66898
-7.81758
-6.98845
-6.19314
-5.4414
-4.74076
-4.09627
-3.51067
-2.98453
-2.51667
-2.10455
-1.74466
-1.43286
-1.16472
-0.935701
-0.741357
-0.577454
-0.440048
-0.325525
-0.230632
-0.152469
-0.0884817
-0.0364407
0.00558398
0.0392513
0.065978
0.0869667
0.103233
0.115632
0.124881
0.131583
0.136248
0.13931
0.141134
0.142032
0.142252
0.141981
0.141341
0.140387
0.139118
0.137487
0.135421
0.132841
0.129677
0.125875
0.121405
0.116259
0.110447
0.104
0.0969557
0.0893787
0.0813007
0.0728441
0.0639246
0.0549084
0.045122
0.0361993
0.0245735
0.0182997
-0.000728194
-14.6671
-14.7291
-14.8025
-14.8887
-14.9891
-15.1051
-15.2374
-15.386
-15.5498
-15.7268
-15.9141
-16.1082
-16.3048
-16.4992
-16.6868
-16.8628
-17.0225
-17.1615
-17.2757
-17.3612
-17.4145
-17.4324
-17.4118
-17.3497
-17.2433
-17.0899
-16.887
-16.632
-16.3228
-15.9573
-15.5343
-15.0529
-14.5135
-13.9174
-13.2675
-12.5682
-11.8255
-11.0474
-10.2432
-9.42378
-8.60071
-7.78592
-6.991
-6.22652
-5.5015
-4.82304
-4.19609
-3.6235
-3.10618
-2.64344
-2.23326
-1.87268
-1.5581
-1.28557
-1.05099
-0.850271
-0.679492
-0.534953
-0.413238
-0.311243
-0.226181
-0.15558
-0.0972635
-0.0493378
-0.0101623
0.0216735
0.0473751
0.0679677
0.0843202
0.0971665
0.107128
0.114732
0.12043
0.124606
0.127589
0.129647
0.13099
0.131762
0.132042
0.131851
0.131162
0.129923
0.12807
0.125544
0.122306
0.118333
0.113627
0.108203
0.1021
0.0953566
0.0880455
0.0801959
0.0719448
0.0631886
0.0543442
0.0446448
0.0359237
0.024221
0.0183677
-0.00123432
-14.6777
-14.7388
-14.8104
-14.8932
-14.9883
-15.0968
-15.2191
-15.3551
-15.5037
-15.6632
-15.831
-16.0041
-16.1785
-16.3504
-16.5153
-16.669
-16.8073
-16.9259
-17.021
-17.089
-17.1264
-17.13
-17.097
-17.0244
-16.9095
-16.7498
-16.5429
-16.2864
-15.9786
-15.6176
-15.2024
-14.7325
-14.2084
-13.6316
-13.0049
-12.3325
-11.6201
-10.875
-10.1059
-9.32256
-8.5355
-7.75557
-6.99329
-6.25835
-5.5591
-4.90221
-4.29249
-3.73289
-3.22458
-2.76728
-2.35946
-1.99864
-1.68175
-1.40527
-1.16552
-0.958785
-0.781426
-0.629998
-0.501283
-0.392332
-0.300477
-0.22333
-0.15878
-0.104969
-0.0602826
-0.0233197
0.00712415
0.0320806
0.0524296
0.0689202
0.0821896
0.0927822
0.101165
0.107742
0.112857
0.116798
0.119795
0.122015
0.12356
0.124473
0.12475
0.124355
0.123241
0.121365
0.118697
0.115227
0.110963
0.105931
0.100172
0.093732
0.0866881
0.0790689
0.0710248
0.0624347
0.0537624
0.0441559
0.0356298
0.0238717
0.0183984
-0.00167795
-14.6838
-14.7435
-14.8125
-14.8913
-14.9807
-15.0816
-15.1941
-15.3179
-15.4522
-15.5952
-15.7448
-15.8981
-16.0519
-16.2026
-16.3462
-16.4789
-16.5968
-16.696
-16.7729
-16.8241
-16.8463
-16.8364
-16.7915
-16.7089
-16.586
-16.4205
-16.2101
-15.9528
-15.6467
-15.2905
-14.8834
-14.4251
-13.9162
-13.3583
-12.7541
-12.1077
-11.4244
-10.7109
-9.97517
-9.2261
-8.47328
-7.72651
-6.99537
-6.28873
-5.6143
-4.97835
-4.38553
-3.83883
-3.33967
-2.88809
-2.483
-2.12238
-1.80361
-1.52361
-1.27909
-1.06668
-0.883047
-0.724983
-0.589473
-0.473726
-0.375197
-0.291591
-0.22086
-0.161195
-0.111007
-0.0689099
-0.0337049
-0.0043568
0.0200233
0.0401968
0.0568157
0.0704397
0.0815523
0.0905721
0.0978609
0.103725
0.108414
0.112116
0.114956
0.116998
0.118261
0.118727
0.118366
0.117149
0.115059
0.112095
0.108277
0.103637
0.0982239
0.0920873
0.0853112
0.0779235
0.0700871
0.0616654
0.053165
0.0436571
0.0353192
0.0235267
0.0183952
-0.00206321
-14.6856
-14.7433
-14.8091
-14.8835
-14.967
-15.0601
-15.163
-15.2751
-15.3957
-15.5232
-15.6557
-15.7906
-15.9251
-16.0559
-16.1795
-16.2924
-16.3911
-16.472
-16.5316
-16.5668
-16.5744
-16.5515
-16.4954
-16.4034
-16.2731
-16.1023
-15.8889
-15.6311
-15.3272
-14.9762
-14.5773
-14.1305
-13.6366
-13.0972
-12.5148
-11.8934
-11.238
-10.5547
-9.85076
-9.1343
-8.414
-7.69876
-6.99731
-6.31774
-5.66719
-5.05153
-4.47525
-3.94134
-3.4514
-3.00578
-2.60374
-2.24372
-1.92348
-1.64037
-1.39147
-1.17375
-0.984141
-0.819702
-0.677613
-0.555243
-0.450174
-0.360207
-0.283365
-0.217888
-0.16222
-0.114996
-0.0750218
-0.0412641
-0.0128276
0.0110592
0.0310613
0.0477528
0.0616317
0.0731321
0.0826319
0.0904549
0.0968693
0.102084
0.106245
0.109442
0.11171
0.113053
0.113457
0.112908
0.111401
0.108948
0.105577
0.10133
0.0962623
0.0904289
0.0839202
0.076764
0.0691353
0.0608835
0.0525545
0.0431503
0.0349938
0.0231867
0.0183626
-0.00239594
-14.6832
-14.7384
-14.8006
-14.8703
-14.9477
-15.033
-15.1264
-15.2273
-15.3349
-15.4478
-15.5642
-15.6819
-15.7983
-15.9105
-16.0154
-16.1097
-16.1902
-16.2537
-16.297
-16.317
-16.3108
-16.2756
-16.2089
-16.1081
-15.9709
-15.7953
-15.5794
-15.3214
-15.0201
-14.6744
-14.2839
-13.8487
-13.3695
-12.848
-12.2868
-11.6895
-11.0608
-10.4062
-9.73252
-9.04703
-8.35762
-7.67237
-6.99919
-6.34551
-5.7179
-5.12187
-4.56172
-4.04043
-3.55975
-3.12027
-2.72159
-2.36251
-2.04119
-1.75537
-1.50246
-1.27976
-1.08449
-0.913944
-0.7655
-0.636692
-0.525229
-0.429013
-0.346143
-0.274911
-0.2138
-0.161465
-0.116726
-0.0785517
-0.0460435
-0.0184218
0.00498916
0.0247764
0.0414519
0.0554641
0.0672061
0.0770183
0.0851874
0.091942
0.0974502
0.101821
0.105113
0.107348
0.108528
0.108654
0.107736
0.105796
0.102874
0.0990183
0.0942953
0.0887636
0.0825209
0.0755953
0.0681735
0.0600925
0.0519334
0.0426378
0.0346562
0.0228526
0.0183057
-0.00268331
-14.6768
-14.7291
-14.7874
-14.8521
-14.9232
-15.0008
-15.085
-15.1751
-15.2703
-15.3694
-15.4708
-15.5723
-15.6718
-15.7666
-15.8539
-15.9308
-15.9943
-16.0415
-16.0693
-16.0749
-16.0557
-16.0089
-15.9321
-15.823
-15.6795
-15.4996
-15.2816
-15.0239
-14.7254
-14.3852
-14.0031
-13.5793
-13.1145
-12.6105
-12.0698
-11.4956
-10.8924
-10.2653
-9.62031
-8.96422
-8.30413
-7.64736
-7.00111
-6.37214
-5.76655
-5.18948
-4.64503
-4.13616
-3.66472
-3.23151
-2.83643
-2.47861
-2.15657
-1.86839
-1.61184
-1.38449
-1.18387
-1.00749
-0.852923
-0.71787
-0.600172
-0.497833
-0.40903
-0.332115
-0.265609
-0.208194
-0.158707
-0.11612
-0.0795351
-0.0481669
-0.0213301
0.00157344
0.0210683
0.0376166
0.0516258
0.0634525
0.0734008
0.0817188
0.0885952
0.0941598
0.0984912
0.10163
0.103596
0.104404
0.104077
0.102652
0.100178
0.0967129
0.0923318
0.0870992
0.0811197
0.074423
0.0672061
0.059296
0.0513048
0.0421218
0.0343088
0.0225251
0.0182302
-0.00293341
-14.6667
-14.7157
-14.7699
-14.8293
-14.8941
-14.9641
-15.0393
-15.119
-15.2025
-15.2886
-15.3758
-15.4623
-15.546
-15.6245
-15.6954
-15.7559
-15.8034
-15.8352
-15.8485
-15.8406
-15.809
-15.7513
-15.6652
-15.5484
-15.3991
-15.2153
-14.9955
-14.7385
-14.443
-14.1085
-13.7349
-13.3222
-12.8716
-12.3846
-11.8635
-11.3115
-10.7326
-10.1316
-9.51399
-8.88581
-8.25354
-7.62381
-7.00317
-6.39779
-5.8133
-5.2545
-4.72529
-4.22859
-3.76632
-3.33947
-2.94819
-2.5919
-2.26945
-1.97926
-1.7194
-1.48774
-1.28207
-1.10011
-0.939662
-0.798567
-0.674802
-0.566478
-0.471853
-0.389338
-0.3175
-0.25505
-0.200842
-0.153859
-0.113204
-0.0780871
-0.047817
-0.0217855
0.000543708
0.0196451
0.0359402
0.0498006
0.0615475
0.0714478
0.0797098
0.0864838
0.0918679
0.095921
0.0986796
0.100174
0.100442
0.0995302
0.0975018
0.0944244
0.0903814
0.085444
0.0797239
0.0732528
0.066238
0.0584978
0.0506722
0.0416049
0.0339546
0.0222048
0.0181421
-0.0031548
-14.6531
-14.6986
-14.7484
-14.8025
-14.8609
-14.9235
-14.9899
-15.0597
-15.1321
-15.2059
-15.2798
-15.3521
-15.421
-15.4844
-15.5399
-15.5852
-15.6178
-15.6351
-15.6347
-15.6142
-15.5711
-15.5031
-15.4082
-15.2844
-15.1296
-14.9425
-14.7214
-14.4652
-14.173
-13.8443
-13.4789
-13.0774
-12.6405
-12.1698
-11.6676
-11.1369
-10.5813
-10.0051
-9.41346
-8.81175
-8.20586
-7.60179
-7.00549
-6.42261
-5.8583
-5.31707
-4.80262
-4.3178
-3.8646
-3.44414
-3.05679
-2.70226
-2.37969
-2.08779
-1.82493
-1.58928
-1.37884
-1.19159
-1.02549
-0.878562
-0.748909
-0.634749
-0.534424
-0.446408
-0.369314
-0.301886
-0.243
-0.191648
-0.14694
-0.108084
-0.0743832
-0.045221
-0.0200511
0.00161283
0.0202051
0.0361122
0.0496715
0.0611677
0.0708286
0.0788239
0.0852707
0.0902457
0.0938019
0.0959849
0.096846
0.0964463
0.0948598
0.0921651
0.0884547
0.083807
0.0783411
0.0720913
0.0652746
0.0577024
0.0500391
0.04109
0.0335969
0.0218923
0.0180476
-0.00335596
-14.6362
-14.678
-14.7233
-14.7721
-14.8242
-14.8794
-14.9374
-14.9977
-15.0595
-15.1217
-15.1832
-15.2423
-15.2974
-15.3466
-15.3878
-15.4189
-15.4374
-15.4413
-15.4282
-15.3957
-15.3418
-15.2644
-15.1613
-15.0309
-14.8713
-14.6811
-14.459
-14.204
-13.9152
-13.5923
-13.2352
-12.8444
-12.4209
-11.9661
-11.4821
-10.9717
-10.4382
-9.88567
-9.31862
-8.74201
-8.16112
-7.5814
-7.00822
-6.44675
-5.90173
-5.37736
-4.87716
-4.4039
-3.95959
-3.5455
-3.16219
-2.8096
-2.48714
-2.19381
-1.92825
-1.68889
-1.47397
-1.28168
-1.11017
-0.957625
-0.822272
-0.702436
-0.596544
-0.503138
-0.420878
-0.348544
-0.285033
-0.229355
-0.180624
-0.138049
-0.100931
-0.068645
-0.0406369
-0.0164095
0.00448395
0.0224436
0.0378226
0.0509232
0.0619914
0.0712156
0.0787313
0.0846323
0.0889878
0.0918586
0.0933103
0.0934176
0.092267
0.089948
0.0865631
0.0821978
0.0769793
0.0709452
0.0643213
0.0569143
0.0494094
0.0405797
0.033239
0.0215886
0.0179525
-0.00354487
-14.6165
-14.6544
-14.6952
-14.7386
-14.7844
-14.8325
-14.8824
-14.9336
-14.9854
-15.0367
-15.0865
-15.1333
-15.1755
-15.2115
-15.2394
-15.2571
-15.2627
-15.254
-15.229
-15.1855
-15.1215
-15.0352
-14.9246
-14.7881
-14.6241
-14.4313
-14.2085
-13.9548
-13.6696
-13.3525
-13.0036
-12.6233
-12.2127
-11.7731
-11.3065
-10.8155
-10.3032
-9.7731
-9.2294
-8.67658
-8.1194
-7.56275
-7.01152
-6.47041
-5.94379
-5.43557
-4.94907
-4.487
-4.05139
-3.6436
-3.26436
-2.91384
-2.59169
-2.29716
-2.02916
-1.78635
-1.56722
-1.37015
-1.19347
-1.03552
-0.894656
-0.769314
-0.658003
-0.559331
-0.472008
-0.394853
-0.326788
-0.266838
-0.214125
-0.167865
-0.127352
-0.0919605
-0.0611262
-0.0343429
-0.0111526
0.0088582
0.0260578
0.0407649
0.0532433
0.0636992
0.0722856
0.0791127
0.0842656
0.08782
0.0898563
0.0904631
0.0897397
0.0877874
0.0847184
0.0806267
0.0756472
0.0698217
0.0633842
0.0561383
0.0487872
0.0400774
0.0328841
0.0212946
0.0178626
-0.00372846
-14.5941
-14.6282
-14.6643
-14.7024
-14.7421
-14.7832
-14.8254
-14.868
-14.9103
-14.9514
-14.9902
-15.0255
-15.0558
-15.0795
-15.0949
-15.1003
-15.0938
-15.0734
-15.0373
-14.9835
-14.9102
-14.8156
-14.6981
-14.5561
-14.3882
-14.1931
-13.9699
-13.7177
-13.436
-13.1247
-12.7838
-12.4138
-12.0156
-11.5907
-11.1408
-10.6683
-10.176
-9.6673
-9.14577
-8.61549
-8.08075
-7.54597
-7.01556
-6.4938
-5.9847
-5.4919
-5.01855
-4.56727
-4.1401
-3.73848
-3.3633
-3.01491
-2.69321
-2.39768
-2.12746
-1.88145
-1.65835
-1.45674
-1.27513
-1.11199
-0.96582
-0.83515
-0.718577
-0.614776
-0.522509
-0.440632
-0.368095
-0.303941
-0.247304
-0.197402
-0.153531
-0.115062
-0.0814232
-0.052101
-0.0266265
-0.00457368
0.01444
0.0307493
0.0446348
0.0563198
0.0659736
0.0737224
0.0796664
0.0838964
0.0865076
0.0876029
0.0872953
0.0856977
0.0829333
0.0791042
0.0743535
0.0687278
0.0624691
0.0553791
0.0481765
0.0395859
0.0325354
0.0210114
0.0177828
-0.00391215
-14.5696
-14.5998
-14.6313
-14.6641
-14.6979
-14.7324
-14.7671
-14.8015
-14.8348
-14.8663
-14.8949
-14.9194
-14.9385
-14.9508
-14.9548
-14.9487
-14.931
-14.8998
-14.8534
-14.79
-14.7081
-14.6059
-14.482
-14.3349
-14.1634
-13.9664
-13.743
-13.4925
-13.2145
-12.9088
-12.5757
-12.2156
-11.8295
-11.4186
-10.9846
-10.5298
-10.0567
-9.56819
-9.06767
-8.55876
-8.04529
-7.53123
-7.02056
-6.51717
-6.02473
-5.54662
-5.08583
-4.64489
-4.22584
-3.83021
-3.45901
-3.11278
-2.79162
-2.49522
-2.22297
-1.97397
-1.74713
-1.54122
-1.35489
-1.18679
-1.03551
-0.899701
-0.778035
-0.669256
-0.572177
-0.485692
-0.40878
-0.340504
-0.280011
-0.226524
-0.179343
-0.137834
-0.101424
-0.0695889
-0.0418516
-0.0177741
0.00303983
0.02094
0.0362231
0.0491283
0.0598406
0.0685011
0.0752248
0.0801176
0.0832897
0.084859
0.0849522
0.0836948
0.0812207
0.077641
0.0731071
0.0676711
0.0615822
0.0546419
0.0475815
0.0391087
0.0321962
0.0207408
0.0177174
-0.00409915
-14.5432
-14.5694
-14.5965
-14.6242
-14.6522
-14.6802
-14.7079
-14.7345
-14.7595
-14.782
-14.801
-14.8155
-14.8243
-14.826
-14.8193
-14.8027
-14.7745
-14.7333
-14.6774
-14.6052
-14.5153
-14.4061
-14.2763
-14.1246
-13.95
-13.7513
-13.5279
-13.2792
-13.0048
-12.7047
-12.3792
-12.0287
-11.6541
-11.2566
-10.8379
-10.3999
-9.94495
-9.4757
-8.99513
-8.50647
-8.01316
-7.51873
-7.02677
-6.5408
-6.06417
-5.60002
-5.15118
-4.72009
-4.3088
-3.9189
-3.55154
-3.20741
-2.88681
-2.58964
-2.31549
-2.06368
-1.83331
-1.6233
-1.43249
-1.25963
-1.10346
-0.962707
-0.836131
-0.722538
-0.620793
-0.52983
-0.448657
-0.376356
-0.312089
-0.255088
-0.204656
-0.160159
-0.121019
-0.0867074
-0.0567377
-0.0306611
-0.00806869
0.0114037
0.0280678
0.0421778
0.0539331
0.0634892
0.0709757
0.0765133
0.0802278
0.0822523
0.0827279
0.0817928
0.0795922
0.0762465
0.0719156
0.0666574
0.0607283
0.0539304
0.0470053
0.038648
0.0318685
0.0204843
0.0176688
-0.00429005
-14.5156
-14.538
-14.5606
-14.5833
-14.6058
-14.6277
-14.6486
-14.6679
-14.685
-14.699
-14.7092
-14.7144
-14.7136
-14.7056
-14.689
-14.6625
-14.6248
-14.5743
-14.5096
-14.4293
-14.332
-14.2164
-14.0812
-13.9253
-13.7478
-13.5477
-13.3245
-13.0776
-12.8068
-12.5122
-12.194
-11.8526
-11.4891
-11.1045
-10.7003
-10.2784
-9.84073
-9.38976
-8.92813
-8.45871
-7.98452
-7.50871
-7.03449
-6.56502
-6.10337
-5.65244
-5.2149
-4.79314
-4.38917
-4.00468
-3.64093
-3.29878
-2.9787
-2.6808
-2.40486
-2.15038
-1.91665
-1.70275
-1.50767
-1.33028
-1.16943
-1.02394
-0.892644
-0.774414
-0.668162
-0.572862
-0.487551
-0.411333
-0.343385
-0.28295
-0.229335
-0.181909
-0.140091
-0.103347
-0.0711839
-0.0431419
-0.0188004
0.00221819
0.0202393
0.0355311
0.0483067
0.0587352
0.0669605
0.0731187
0.0773514
0.0798075
0.0806428
0.0800087
0.0780617
0.0749321
0.0707882
0.0656944
0.0599134
0.0532496
0.0464519
0.0382072
0.0315546
0.0202444
0.0176382
-0.00448118
-14.4867
-14.5053
-14.5236
-14.5416
-14.5589
-14.575
-14.5896
-14.602
-14.6118
-14.618
-14.6199
-14.6165
-14.6069
-14.5898
-14.5642
-14.5287
-14.4821
-14.4231
-14.3503
-14.2625
-14.1584
-14.0369
-13.8968
-13.7371
-13.557
-13.3557
-13.1328
-12.8877
-12.6205
-12.3311
-12.0199
-11.6874
-11.3344
-10.9621
-10.5718
-10.1652
-9.74398
-9.31042
-8.86681
-8.41567
-7.95965
-7.50152
-7.04412
-6.59027
-6.14277
-5.70429
-5.27736
-4.8643
-4.46715
-4.08765
-3.72719
-3.3868
-3.06713
-2.76847
-2.49078
-2.23375
-1.99682
-1.77923
-1.5801
-1.39841
-1.23311
-1.08311
-0.947306
-0.824636
-0.714057
-0.614581
-0.525274
-0.445264
-0.373744
-0.309969
-0.253253
-0.202968
-0.158533
-0.119411
-0.085101
-0.0551349
-0.0290812
-0.00655033
0.012796
0.0292388
0.043004
0.0542744
0.063208
0.0699566
0.0746782
0.0775378
0.0787064
0.0783486
0.0766328
0.0736992
0.0697248
0.064781
0.0591362
0.052598
0.0459197
0.0377851
0.0312525
0.0200215
0.0176221
-0.00466477
-14.4579
-14.4727
-14.487
-14.5004
-14.5126
-14.5232
-14.5318
-14.5378
-14.5407
-14.5396
-14.5339
-14.5226
-14.5048
-14.4794
-14.4454
-14.4016
-14.3469
-14.28
-14.1998
-14.1051
-13.9948
-13.8678
-13.7231
-13.56
-13.3775
-13.1752
-12.9526
-12.7094
-12.4455
-12.1612
-11.8567
-11.5326
-11.1897
-10.8291
-10.452
-10.0599
-9.65448
-9.23753
-8.81111
-8.3774
-7.93869
-7.49739
-7.05596
-6.61691
-6.18274
-5.75595
-5.33891
-4.9339
-4.54298
-4.16798
-3.81045
-3.47155
-3.15213
-2.85264
-2.57324
-2.31376
-2.07379
-1.85271
-1.64973
-1.46396
-1.29444
-1.14014
-1.00004
-0.873119
-0.758383
-0.654883
-0.561713
-0.478026
-0.403036
-0.33601
-0.276273
-0.223201
-0.176214
-0.134772
-0.0983677
-0.0665255
-0.0388036
-0.0148017
0.00582996
0.0233842
0.0380992
0.050171
0.0597729
0.0670731
0.0722468
0.0754757
0.0769458
0.0768353
0.0753241
0.0725632
0.0687383
0.0639278
0.0584056
0.0519829
0.0454146
0.0373867
0.0309646
0.0198209
0.017616
-0.00482388
-14.4281
-14.4396
-14.45
-14.4592
-14.4667
-14.4723
-14.4754
-14.4755
-14.4721
-14.4644
-14.4516
-14.433
-14.4077
-14.3748
-14.3331
-14.2817
-14.2195
-14.1454
-14.0584
-13.9573
-13.8413
-13.7093
-13.5605
-13.3941
-13.2096
-13.0063
-12.7841
-12.5427
-12.2821
-12.0025
-11.7044
-11.3883
-11.0551
-10.7057
-10.3413
-9.96309
-9.57267
-9.17161
-8.76163
-8.34457
-7.92236
-7.49703
-7.0707
-6.64555
-6.22382
-5.80779
-5.39976
-5.00195
-4.61651
-4.24538
-3.89025
-3.55248
-3.23308
-2.93269
-2.6516
-2.38979
-2.14697
-1.92263
-1.71608
-1.52652
-1.35305
-1.19472
-1.05057
-0.91962
-0.800933
-0.693593
-0.596725
-0.509507
-0.431171
-0.360999
-0.298331
-0.24255
-0.19308
-0.14938
-0.110938
-0.0772725
-0.0479328
-0.0225091
-0.000641118
0.0179748
0.0335895
0.0464144
0.0566383
0.0644474
0.0700336
0.0735949
0.0753326
0.0754381
0.0741043
0.0714928
0.0677984
0.063107
0.0576962
0.0513821
0.0449172
0.0369961
0.030675
0.0196346
0.0175999
-0.00493745
-14.4
-14.4081
-14.4148
-14.4198
-14.423
-14.4237
-14.4217
-14.4163
-14.407
-14.3931
-14.3739
-14.3487
-14.3166
-14.2766
-14.228
-14.1696
-14.1006
-14.02
-13.9267
-13.8198
-13.6985
-13.5618
-13.4091
-13.2397
-13.0531
-12.8489
-12.6269
-12.387
-12.1294
-11.8542
-11.5621
-11.2535
-10.9293
-10.5905
-10.238
-9.87315
-9.49714
-9.11134
-8.71718
-8.31616
-7.90983
-7.49985
-7.08797
-6.67605
-6.26607
-5.86013
-5.46042
-5.06918
-4.68864
-4.32088
-3.96779
-3.63089
-3.31138
-3.01003
-2.72728
-2.46321
-2.21766
-1.99019
-1.78021
-1.587
-1.40971
-1.24748
-1.09939
-0.964521
-0.841975
-0.730872
-0.630369
-0.539673
-0.458049
-0.384795
-0.319258
-0.260831
-0.208939
-0.163043
-0.122624
-0.0871925
-0.0562914
-0.0295026
-0.00645695
0.0131607
0.0296139
0.0431298
0.0539152
0.0621755
0.0681218
0.071969
0.0739329
0.0742171
0.0730268
0.0705352
0.0669464
0.062354
0.0570389
0.0508221
0.0444494
0.036632
0.0303955
0.0194782
0.0175628
-0.00496226
-14.3716
-14.3767
-14.3802
-14.3816
-14.3808
-14.3773
-14.3707
-14.3603
-14.3457
-14.3263
-14.3013
-14.27
-14.2317
-14.1854
-14.1304
-14.0657
-13.9905
-13.9038
-13.8048
-13.6926
-13.5664
-13.4255
-13.2692
-13.0971
-12.9087
-12.7037
-12.4821
-12.2437
-11.989
-11.7181
-11.4317
-11.1304
-10.8149
-10.4862
-10.1453
-9.79316
-9.43091
-9.05965
-8.68051
-8.29462
-7.9032
-7.50751
-7.10896
-6.70908
-6.30963
-5.91255
-5.51999
-5.13424
-4.75766
-4.39255
-4.04096
-3.70464
-3.38491
-3.08267
-2.79845
-2.53241
-2.28445
-2.0542
-1.84114
-1.64459
-1.46379
-1.29792
-1.14613
-1.00755
-0.88133
-0.766644
-0.662673
-0.56864
-0.483823
-0.407551
-0.339202
-0.278182
-0.22392
-0.175875
-0.133532
-0.0963946
-0.0639974
-0.0359135
-0.0117643
0.0087763
0.025988
0.0401232
0.0514087
0.0600705
0.066333
0.0704256
0.0725776
0.0730072
0.0719341
0.0695431
0.0660478
0.0615485
0.0563276
0.0502108
0.0439324
0.0362279
0.0300664
0.0193115
0.0174421
-0.00486293
-14.346
-14.3482
-14.3485
-14.3465
-14.3419
-14.3344
-14.3235
-14.3087
-14.2894
-14.265
-14.2348
-14.1981
-14.1542
-14.1024
-14.0417
-13.9713
-13.8905
-13.7983
-13.6941
-13.5769
-13.4461
-13.301
-13.1412
-12.9661
-12.7755
-12.5692
-12.3472
-12.1096
-11.8568
-11.5892
-11.3074
-11.0121
-10.7042
-10.3847
-10.0543
-9.71422
-9.36523
-9.00826
-8.64411
-8.27361
-7.89753
-7.51675
-7.13226
-6.74526
-6.35718
-5.96976
-5.58503
-5.20527
-4.83296
-4.4706
-4.12048
-3.78451
-3.46416
-3.1605
-2.87418
-2.60548
-2.3544
-2.12068
-1.90387
-1.70337
-1.51852
-1.34855
-1.19266
-1.05005
-0.919878
-0.801349
-0.693677
-0.596153
-0.508097
-0.428811
-0.357664
-0.294082
-0.237506
-0.187387
-0.143198
-0.104434
-0.0706224
-0.0413286
-0.0161651
0.00521006
0.0230982
0.0377648
0.0494612
0.0584402
0.0649475
0.0692264
0.0715174
0.0720473
0.0710493
0.0687207
0.0652861
0.0608533
0.0557053
0.049672
0.0434709
0.0358724
0.029755
0.0191935
0.0172355
-0.00454602
-14.3215
-14.3214
-14.3191
-14.3142
-14.3065
-14.2956
-14.281
-14.2621
-14.2386
-14.2097
-14.1748
-14.1332
-14.0843
-14.0273
-13.9615
-13.886
-13.8001
-13.7031
-13.5941
-13.4726
-13.3378
-13.1893
-13.0265
-12.8492
-12.6571
-12.4502
-12.2285
-11.9924
-11.7421
-11.4783
-11.2016
-10.9128
-10.6128
-10.3024
-9.98256
-9.65409
-9.31779
-8.97435
-8.62434
-8.26826
-7.90655
-7.53969
-7.16825
-6.79303
-6.41513
-6.03604
-5.65765
-5.28227
-4.91254
-4.55131
-4.20117
-3.86431
-3.54244
-3.2367
-2.94783
-2.67619
-2.42184
-2.18459
-1.96403
-1.75965
-1.57083
-1.39685
-1.237
-1.09048
-0.956555
-0.834462
-0.723361
-0.622466
-0.531148
-0.448831
-0.374923
-0.308838
-0.250012
-0.197896
-0.151957
-0.111683
-0.0765909
-0.0462346
-0.0202078
0.0018543
0.0202821
0.0353753
0.0474168
0.0566665
0.0633801
0.0678074
0.070202
0.0708048
0.0698694
0.067606
0.0642463
0.0599012
0.0548512
0.0489282
0.0428286
0.0353633
0.0292921
0.0189952
0.0167938
-0.00398731
-14.2997
-14.2973
-14.2926
-14.2851
-14.2748
-14.261
-14.2433
-14.2213
-14.1943
-14.1618
-14.1232
-14.0778
-14.0248
-13.9637
-13.8935
-13.8136
-13.7233
-13.6217
-13.5082
-13.3821
-13.2429
-13.0901
-12.9233
-12.7422
-12.5467
-12.3369
-12.113
-11.8754
-11.6248
-11.3619
-11.0876
-10.8029
-10.509
-10.2069
-9.89777
-9.58247
-9.26174
-8.93603
-8.60551
-8.27007
-7.92939
-7.58306
-7.23073
-6.87231
-6.50813
-6.13917
-5.76712
-5.39445
-5.02437
-4.6606
-4.30625
-3.96408
-3.63626
-3.32434
-3.02927
-2.75157
-2.49134
-2.24846
-2.02252
-1.81304
-1.61939
-1.44087
-1.27669
-1.12608
-0.988208
-0.86228
-0.747631
-0.643601
-0.549471
-0.464583
-0.38832
-0.320103
-0.259372
-0.205575
-0.158174
-0.116647
-0.0805016
-0.0492813
-0.0225656
3.09619e-05
0.0188627
0.0342548
0.0465108
0.0559108
0.0627253
0.0672138
0.0696372
0.0702547
0.0693188
0.067054
0.0637053
0.0593884
0.0543801
0.0485131
0.0424616
0.0350845
0.0289868
0.0189505
0.0162335
-0.00299944
-14.2828
-14.2788
-14.2721
-14.2625
-14.2497
-14.2333
-14.2127
-14.1876
-14.1573
-14.1213
-14.0791
-14.0299
-13.9732
-13.9082
-13.8342
-13.7505
-13.6565
-13.5514
-13.4347
-13.3057
-13.164
-13.0092
-12.8409
-12.659
-12.4634
-12.2543
-12.0321
-11.7971
-11.5501
-11.2919
-11.0234
-10.7456
-10.4596
-10.1665
-9.86721
-9.56243
-9.25272
-8.9383
-8.61906
-8.29463
-7.96437
-7.62754
-7.28345
-6.93167
-6.57229
-6.20607
-5.8347
-5.46072
-5.08774
-4.72056
-4.36288
-4.01788
-3.68757
-3.37335
-3.07608
-2.7962
-2.53381
-2.28881
-2.06058
-1.84874
-1.65268
-1.47168
-1.30502
-1.15195
-1.01168
-0.883449
-0.766526
-0.660201
-0.563814
-0.47678
-0.398537
-0.328539
-0.266239
-0.211096
-0.16257
-0.120136
-0.0832857
-0.0515351
-0.0244275
-0.00153792
0.0175217
0.0330986
0.0455023
0.0550128
0.0618953
0.0664139
0.0688402
0.0694493
0.0685152
0.0662722
0.0629663
0.0587081
0.053768
0.0479761
0.0419865
0.0347042
0.0285819
0.0188565
0.0154073
-0.00166188
-14.2645
-14.2597
-14.252
-14.2413
-14.2274
-14.2097
-14.1877
-14.161
-14.129
-14.0912
-14.0468
-13.9951
-13.9357
-13.8676
-13.7901
-13.7026
-13.6043
-13.4945
-13.3725
-13.2378
-13.0898
-12.9281
-12.7525
-12.5628
-12.3592
-12.1419
-11.9116
-11.669
-11.4152
-11.1516
-10.8797
-10.6012
-10.318
-10.0316
-9.74348
-9.45468
-9.1656
-8.87589
-8.58445
-8.28944
-7.98849
-7.67898
-7.35845
-7.02505
-6.67792
-6.31753
-5.94602
-5.56688
-5.1858
-4.80996
-4.44223
-4.08747
-3.74842
-3.42655
-3.12263
-2.83695
-2.56946
-2.31973
-2.08752
-1.87212
-1.6729
-1.4891
-1.31997
-1.16468
-1.0224
-0.892339
-0.773741
-0.665908
-0.568183
-0.479959
-0.400663
-0.329741
-0.26665
-0.210844
-0.161775
-0.118901
-0.0816961
-0.0496576
-0.0223157
0.000758645
0.019949
0.0355942
0.0479979
0.0574424
0.0642062
0.0685732
0.0708373
0.0712857
0.0702002
0.0678136
0.0643676
0.0599677
0.0548822
0.0489449
0.0428041
0.0354078
0.0290741
0.0194538
0.0149991
0.000282086
-14.2566
-14.2495
-14.2393
-14.2259
-14.209
-14.1882
-14.163
-14.1328
-14.0972
-14.0556
-14.0073
-13.9518
-13.8883
-13.8163
-13.735
-13.6437
-13.5418
-13.4288
-13.3039
-13.1666
-13.0167
-12.8538
-12.6777
-12.4885
-12.2863
-12.0717
-11.8453
-11.608
-11.3609
-11.1055
-10.8432
-10.5757
-10.3043
-10.0307
-9.75572
-9.48006
-9.20366
-8.92579
-8.64499
-8.35915
-8.06573
-7.76197
-7.44534
-7.1139
-6.76668
-6.40398
-6.02762
-5.64084
-5.24798
-4.8573
-4.4792
-4.11537
-3.76826
-3.43953
-3.12992
-2.83965
-2.56853
-2.3161
-2.08182
-1.86494
-1.66464
-1.48007
-1.31036
-1.15463
-1.01201
-0.881695
-0.762916
-0.654973
-0.557215
-0.469048
-0.389909
-0.319246
-0.25651
-0.201143
-0.152582
-0.110265
-0.073643
-0.042195
-0.015439
0.00705849
0.0256797
0.0407621
0.0526131
0.0615267
0.0677979
0.0717256
0.0736108
0.0737389
0.0723805
0.0697519
0.0660817
0.0614662
0.0561748
0.0500412
0.0437212
0.036173
0.0296645
0.0200427
0.01495
0.00162964
-16.6591
-16.7229
-16.8984
-16.9737
-16.9827
-16.964
-16.9394
-16.9705
-17.0875
-17.3178
-17.6905
-18.207
-18.8423
-19.5514
-20.2815
-20.9834
-21.6185
-22.1618
-22.6009
-22.9334
-23.1632
-23.2977
-23.3451
-23.313
-23.2069
-23.0301
-22.7859
-22.4766
-22.0889
-21.6001
-20.9981
-20.2703
-19.4002
-18.3677
-17.1521
-15.7335
-14.0967
-12.236
-10.1618
-7.90923
-5.54508
-3.17136
-0.91647
1.08604
2.73431
3.98529
4.84538
5.3526
5.56619
5.55259
5.37695
5.09627
4.75591
4.38917
4.01873
3.65901
3.31845
3.0014
2.70955
2.44299
2.20083
1.98165
1.78383
1.60566
1.4455
1.30179
1.1731
1.05816
0.955786
0.864922
0.784559
0.71373
0.651477
0.596834
0.548839
0.506533
0.46901
0.435448
0.405103
0.377713
0.352371
0.330647
0.310408
0.282491
0.250936
0.222767
0.199477
0.179872
0.162234
0.145288
0.128966
0.113409
0.0986161
0.0848844
0.0711004
0.0589341
0.0444341
0.0349475
0.0165705
0.0133533
-16.9584
-17.1186
-17.1914
-17.2665
-17.2008
-17.0704
-16.9746
-16.9678
-17.0654
-17.3308
-17.8008
-18.4618
-19.2553
-20.1014
-20.9234
-21.6639
-22.2898
-22.789
-23.1645
-23.4277
-23.5933
-23.6755
-23.6859
-23.6325
-23.5195
-23.3468
-23.1097
-22.8012
-22.4061
-21.941
-21.3903
-20.7342
-19.9526
-19.0243
-17.9273
-16.6397
-15.1424
-13.4229
-11.4812
-9.33863
-7.04658
-4.69572
-2.41444
-0.350534
1.37946
2.72175
3.68134
4.29889
4.62914
4.73318
4.67127
4.49652
4.25165
3.96859
3.66984
3.37046
3.08002
2.80426
2.54623
2.30728
2.08761
1.88674
1.70379
1.53766
1.38718
1.2512
1.12861
1.01837
0.919548
0.831263
0.752692
0.683041
0.621518
0.56732
0.519631
0.477628
0.440503
0.407481
0.377877
0.350949
0.326521
0.301797
0.275526
0.253678
0.234907
0.215921
0.196759
0.178266
0.161074
0.14448
0.12914
0.114183
0.0997755
0.0860629
0.0721165
0.0596987
0.0450048
0.0354176
0.0158027
0.0165495
-16.5438
-16.7654
-16.8064
-16.8519
-16.868
-16.9258
-17.0579
-17.3147
-17.7158
-18.2602
-18.9141
-19.6271
-20.3462
-21.0278
-21.6426
-22.1747
-22.6187
-22.9761
-23.252
-23.4529
-23.5859
-23.6572
-23.672
-23.6337
-23.5444
-23.4039
-23.2093
-22.9517
-22.6357
-22.2397
-21.7561
-21.1701
-20.4648
-19.6205
-18.6154
-17.4263
-16.0303
-14.4081
-12.5489
-10.459
-8.17428
-5.77719
-3.40254
-1.22121
0.610977
2.02211
3.02984
3.68901
4.06143
4.21115
4.19913
4.07712
3.88525
3.65287
3.4006
3.14252
2.88792
2.64274
2.41054
2.19326
1.9917
1.80595
1.63562
1.48003
1.33837
1.20975
1.09331
0.988186
0.893597
0.808792
0.733062
0.665718
0.606073
0.553426
0.507061
0.46624
0.430232
0.398301
0.369788
0.344035
0.320452
0.298691
0.277389
0.255438
0.232685
0.210435
0.189932
0.171416
0.154307
0.13885
0.123759
0.10967
0.0957892
0.0826824
0.0692856
0.0574463
0.0429059
0.0343118
0.0129984
0.0186895
-16.0173
-16.2726
-16.3685
-16.4515
-16.5457
-16.7224
-17.0117
-17.4333
-17.9783
-18.6212
-19.322
-20.0386
-20.7333
-21.3778
-21.953
-22.4491
-22.8628
-23.1961
-23.4539
-23.6428
-23.7695
-23.8404
-23.8604
-23.833
-23.7595
-23.6395
-23.4709
-23.2474
-22.965
-22.6154
-22.187
-21.665
-21.0321
-20.2684
-19.3511
-18.2552
-16.9544
-15.4236
-13.6427
-11.6055
-9.33261
-6.891
-4.41456
-2.09699
-0.135417
1.37147
2.44205
3.14228
3.54472
3.72355
3.74565
3.6633
3.51428
3.32506
3.11402
2.89383
2.67315
2.45778
2.25146
2.05645
1.87397
1.70449
1.54803
1.40426
1.27266
1.1526
1.04343
0.944468
0.855067
0.774602
0.702465
0.638063
0.580797
0.530056
0.485207
0.445596
0.410561
0.379431
0.35156
0.326265
0.302967
0.280615
0.258769
0.238495
0.219794
0.202011
0.184854
0.168322
0.152401
0.137308
0.122739
0.108814
0.0951424
0.0821597
0.068816
0.0570446
0.0424249
0.0342105
0.0119157
0.0205729
-15.5947
-15.8575
-15.9832
-16.0995
-16.2634
-16.5351
-16.9341
-17.4607
-18.0921
-18.7933
-19.5229
-20.2424
-20.9206
-21.5368
-22.079
-22.5432
-22.9301
-23.2442
-23.4911
-23.6774
-23.809
-23.8912
-23.9282
-23.9223
-23.8747
-23.7847
-23.6498
-23.4654
-23.2257
-22.9214
-22.5415
-22.072
-21.4962
-20.7945
-19.9444
-18.9202
-17.6941
-16.2378
-14.5266
-12.5469
-10.3094
-7.87084
-5.35826
-2.972
-0.922234
0.676783
1.82489
2.57804
3.01805
3.23359
3.29738
3.26055
3.15781
3.01305
2.84303
2.65968
2.47149
2.28439
2.10248
1.92843
1.76389
1.60976
1.4664
1.33385
1.21185
1.10004
0.99795
0.905083
0.820925
0.744962
0.676684
0.615577
0.561118
0.512763
0.469946
0.432076
0.398546
0.368733
0.342045
0.317855
0.295639
0.274808
0.254773
0.235364
0.216394
0.197969
0.180394
0.163824
0.148181
0.133444
0.119278
0.105748
0.0924778
0.0798579
0.0668419
0.0554055
0.0409776
0.0332518
0.0106664
0.0211189
-15.3882
-15.6132
-15.7432
-15.8717
-16.0617
-16.3661
-16.8028
-17.3661
-18.0274
-18.7479
-19.486
-20.2057
-20.8798
-21.4909
-22.0298
-22.4937
-22.8843
-23.2058
-23.4638
-23.6644
-23.8132
-23.9151
-23.9738
-23.9917
-23.9696
-23.9068
-23.8009
-23.6475
-23.4406
-23.1715
-22.829
-22.3996
-21.8666
-21.2105
-20.4083
-19.4338
-18.2579
-16.8505
-15.1842
-13.2421
-11.0321
-8.61026
-6.10625
-3.72106
-1.64926
0.00231872
1.20442
1.99502
2.46973
2.72764
2.83991
2.85317
2.79886
2.69903
2.56964
2.42244
2.26603
2.10667
1.94882
1.79555
1.64892
1.5102
1.38011
1.25896
1.1468
1.04346
0.948678
0.862118
0.783397
0.712114
0.647851
0.590175
0.538633
0.492747
0.452011
0.415891
0.383834
0.355266
0.329628
0.306335
0.284875
0.264668
0.245324
0.226894
0.209313
0.192459
0.176287
0.160786
0.145898
0.13165
0.117863
0.104606
0.0915604
0.0791069
0.0662235
0.0548963
0.0405589
0.0329917
0.0104105
0.0213696
-15.2854
-15.4484
-15.5578
-15.6818
-15.8729
-16.1775
-16.6138
-17.176
-17.836
-18.5554
-19.2937
-20.0158
-20.6951
-21.3144
-21.8644
-22.3421
-22.7488
-23.0885
-23.3666
-23.5886
-23.76
-23.8854
-23.9681
-24.0106
-24.0135
-23.9761
-23.896
-23.7688
-23.5883
-23.3461
-23.0311
-22.6296
-22.1252
-21.498
-20.7247
-19.7784
-18.6294
-17.2463
-15.601
-13.6769
-11.4845
-9.08614
-6.6206
-4.28136
-2.22975
-0.574121
0.628478
1.42642
1.93045
2.23359
2.39679
2.46066
2.45384
2.39727
2.30665
2.1938
2.06758
1.9346
1.79969
1.66631
1.53688
1.41303
1.29578
1.18573
1.08316
0.988118
0.900527
0.820197
0.746876
0.680267
0.620044
0.565852
0.517304
0.473984
0.435444
0.401203
0.370759
0.343588
0.319174
0.296986
0.276556
0.257404
0.239149
0.221645
0.204754
0.188418
0.172681
0.157585
0.143102
0.129222
0.115786
0.10283
0.0900585
0.077836
0.0651686
0.0540105
0.0398847
0.0324126
0.010224
0.020935
-15.2042
-15.3015
-15.3816
-15.491
-15.6701
-15.9596
-16.3784
-16.9232
-17.5686
-18.2783
-19.0132
-19.7383
-20.4267
-21.0601
-21.6283
-22.127
-22.5569
-22.921
-23.2242
-23.4715
-23.6679
-23.8179
-23.9247
-23.9905
-24.016
-24.0004
-23.9413
-23.8343
-23.6733
-23.4496
-23.1523
-22.7676
-22.2788
-21.6657
-20.9045
-19.9678
-18.825
-17.4448
-15.8002
-13.8778
-11.696
-9.33056
-6.92922
-4.65701
-2.65232
-1.05117
0.10225
0.892013
1.42342
1.76982
1.98047
2.09087
2.12753
2.11064
2.0557
1.97461
1.87648
1.76819
1.65487
1.54032
1.42728
1.31766
1.21277
1.11344
1.02018
0.933233
0.852672
0.778451
0.710436
0.648432
0.592196
0.541446
0.495861
0.455083
0.418717
0.386334
0.357478
0.331673
0.308443
0.287301
0.267812
0.24954
0.232153
0.215512
0.1995
0.184037
0.169106
0.154699
0.140782
0.127345
0.114271
0.101601
0.089068
0.0770303
0.064537
0.0534817
0.0395607
0.0320375
0.0104241
0.020225
-15.1422
-15.1796
-15.2176
-15.2999
-15.4565
-15.7233
-16.1185
-16.6403
-17.2667
-17.9637
-18.6935
-19.4214
-20.1196
-20.7688
-21.357
-21.879
-22.3337
-22.7236
-23.0526
-23.3252
-23.5461
-23.7194
-23.8483
-23.9347
-23.9794
-23.9814
-23.9382
-23.8456
-23.6973
-23.4844
-23.196
-22.8179
-22.3331
-21.7209
-20.9571
-20.0135
-18.8598
-17.4654
-15.8065
-13.8765
-11.7072
-9.3924
-7.06979
-4.87157
-2.96064
-1.46933
-0.378667
0.406211
0.963425
1.34732
1.59881
1.74963
1.82458
1.84306
1.82028
1.7681
1.6957
1.61017
1.51689
1.41992
1.32224
1.22603
1.13283
1.0437
0.959325
0.880123
0.806316
0.737982
0.675094
0.61755
0.565188
0.517792
0.475104
0.436821
0.402597
0.372053
0.344778
0.320341
0.298307
0.278233
0.259718
0.242371
0.225884
0.210086
0.194843
0.180072
0.165752
0.151878
0.138424
0.12538
0.112646
0.100259
0.0879717
0.0761288
0.0638294
0.0528807
0.0392072
0.0315727
0.0107051
0.0192047
-15.005
-15.0088
-15.0282
-15.0917
-15.23
-15.4764
-15.85
-16.3506
-16.959
-17.6434
-18.3677
-19.0975
-19.8044
-20.468
-21.075
-21.6187
-22.0969
-22.5109
-22.8637
-23.1595
-23.4024
-23.5962
-23.7439
-23.8473
-23.907
-23.922
-23.8897
-23.8058
-23.6636
-23.4543
-23.1666
-22.786
-22.2949
-21.6723
-20.8932
-19.9296
-18.7516
-17.3311
-15.6497
-13.7122
-11.5696
-9.32098
-7.07633
-4.98523
-3.22569
-1.85295
-0.808276
-0.0231555
0.554933
0.968722
1.25361
1.4384
1.54626
1.5957
1.60147
1.57522
1.52614
1.4614
1.38654
1.3058
1.2224
1.13871
1.05648
0.976947
0.900969
0.829113
0.761728
0.699007
0.641019
0.587748
0.539102
0.494932
0.455034
0.419158
0.387006
0.358243
0.332503
0.309394
0.28852
0.269479
0.251898
0.235424
0.21977
0.204762
0.190264
0.176193
0.162508
0.149194
0.13622
0.123577
0.111179
0.0990671
0.0870161
0.0753555
0.063242
0.0523798
0.0389602
0.0311541
0.0111164
0.0180405
-15.0142
-14.9284
-14.8931
-14.9083
-15.0131
-15.2317
-15.5819
-16.0627
-16.6555
-17.3296
-18.0494
-18.7809
-19.4953
-20.1713
-20.7945
-21.357
-21.8555
-22.2903
-22.6637
-22.9791
-23.2403
-23.4509
-23.6136
-23.7299
-23.8003
-23.8236
-23.7972
-23.7164
-23.5744
-23.3622
-23.0679
-22.6768
-22.1707
-21.5281
-20.7239
-19.7303
-18.5191
-17.0666
-15.3632
-13.4305
-11.332
-9.1506
-7.00728
-5.08148
-3.48132
-2.19552
-1.18066
-0.396374
0.196051
0.632445
0.944003
1.15691
1.29272
1.36897
1.39981
1.39662
1.36847
1.32254
1.26446
1.19862
1.12837
1.05628
0.984254
0.913683
0.845572
0.780616
0.719282
0.66186
0.60851
0.55929
0.514176
0.473076
0.43584
0.402266
0.3721
0.34505
0.320788
0.298965
0.279218
0.26118
0.244509
0.22888
0.214027
0.19977
0.185973
0.172545
0.159441
0.146637
0.134105
0.121836
0.109757
0.0979084
0.0860861
0.0746025
0.0626745
0.0518919
0.0387351
0.0307271
0.0115681
0.016781
-14.8035
-14.7422
-14.7056
-14.6908
-14.7645
-14.9576
-15.2902
-15.7596
-16.3456
-17.0165
-17.7367
-18.4722
-19.1944
-19.8814
-20.5185
-21.0967
-21.612
-22.0638
-22.4538
-22.7849
-23.0605
-23.2839
-23.4575
-23.5826
-23.6594
-23.6867
-23.6615
-23.5789
-23.4319
-23.2111
-22.9041
-22.4958
-21.9676
-21.2976
-20.461
-19.4312
-18.1833
-16.7005
-14.9861
-13.0758
-11.0275
-8.93299
-6.94671
-5.19765
-3.71543
-2.48862
-1.49884
-0.719131
-0.118082
0.33498
0.667657
0.903722
1.06314
1.16243
1.21515
1.2323
1.2228
1.19377
1.15088
1.0986
1.04041
0.978994
0.916394
0.854136
0.793344
0.734828
0.679153
0.6267
0.577706
0.532297
0.490511
0.452309
0.417591
0.386198
0.357918
0.3325
0.309653
0.289063
0.270398
0.253325
0.237528
0.222706
0.208609
0.19506
0.181921
0.169101
0.156546
0.144228
0.132116
0.120204
0.108428
0.0968306
0.0852261
0.0739098
0.0621606
0.0514479
0.0385519
0.0303224
0.0120504
0.0155012
-15.0708
-14.802
-14.6225
-14.4989
-14.5058
-14.6598
-14.9726
-15.435
-16.0216
-16.6976
-17.4252
-18.1694
-18.9013
-19.5991
-20.2479
-20.8386
-21.3668
-21.8315
-22.2339
-22.5765
-22.8626
-23.0949
-23.2754
-23.4054
-23.4848
-23.512
-23.4839
-23.3954
-23.2389
-23.0047
-22.6801
-22.2495
-21.694
-20.9919
-20.1192
-19.0519
-17.77
-16.2663
-14.557
-12.6799
-10.7022
-8.74476
-6.93081
-5.31501
-3.91427
-2.7356
-1.77065
-0.998433
-0.392901
0.0723319
0.421721
0.676832
0.856137
0.975181
1.04689
1.0819
1.08892
1.07499
1.04577
1.00578
0.958574
0.906931
0.852999
0.798411
0.744394
0.691854
0.641444
0.593621
0.548693
0.506847
0.468175
0.43269
0.400335
0.370994
0.344495
0.320622
0.299119
0.279705
0.262077
0.245931
0.230971
0.21692
0.203542
0.190661
0.178141
0.165888
0.153843
0.141975
0.130255
0.118676
0.107183
0.0958212
0.0844223
0.0732632
0.0616855
0.0510355
0.0383945
0.0299365
0.0125356
0.0142418
-14.5682
-14.5069
-14.3136
-14.176
-14.1644
-14.3171
-14.6401
-15.1171
-15.7174
-16.4034
-17.1378
-17.8875
-18.6251
-19.3298
-19.9864
-20.5856
-21.1224
-21.5955
-22.0057
-22.3556
-22.648
-22.8851
-23.0688
-23.1999
-23.2783
-23.302
-23.2675
-23.1694
-22.9999
-22.7487
-22.4027
-21.9461
-21.3602
-20.624
-19.7155
-18.614
-17.3064
-15.7961
-14.1062
-12.2855
-10.4217
-8.61763
-6.93667
-5.41466
-4.07996
-2.94487
-2.00404
-1.24084
-0.633602
-0.159531
0.203101
0.473895
0.669959
0.805917
0.894093
0.944753
0.966374
0.965891
0.948931
0.920023
0.882776
0.840041
0.794043
0.746502
0.69873
0.651711
0.606175
0.562647
0.521495
0.482962
0.44719
0.414237
0.384089
0.356668
0.331838
0.30942
0.289188
0.27089
0.254251
0.238991
0.224833
0.211518
0.198821
0.18657
0.17463
0.162906
0.151336
0.139888
0.128531
0.117261
0.106032
0.094889
0.0836821
0.0726693
0.061254
0.0506598
0.0382641
0.0295777
0.013014
0.0130369
-15.416
-14.6502
-14.3464
-14.1231
-14.0586
-14.1699
-14.4541
-14.8997
-15.4812
-16.1609
-16.8962
-17.6487
-18.3882
-19.0934
-19.75
-20.3494
-20.8873
-21.3622
-21.7748
-22.1271
-22.421
-22.6586
-22.8415
-22.9702
-23.044
-23.0609
-23.0169
-22.9061
-22.7204
-22.449
-22.0786
-21.5932
-20.9747
-20.2036
-19.2609
-18.1323
-16.8142
-15.3176
-13.6742
-11.9458
-10.2103
-8.52758
-6.94238
-5.49656
-4.21968
-3.12365
-2.20534
-1.4517
-0.844564
-0.364135
0.00899141
0.292701
0.502881
0.653312
0.755748
0.820088
0.85458
0.866036
0.86003
0.841086
0.81284
0.778191
0.739427
0.698335
0.656295
0.614358
0.573318
0.533758
0.4961
0.460635
0.42755
0.396946
0.368847
0.343212
0.319942
0.298886
0.27985
0.26261
0.246912
0.232497
0.219106
0.206492
0.194441
0.182783
0.171386
0.160154
0.149025
0.137963
0.126942
0.115958
0.104972
0.0940305
0.0830018
0.0721243
0.0608614
0.050317
0.0381544
0.0292457
0.0134734
0.0119049
)
;

boundaryField
{
    outlet
    {
        type            fixedValue;
        value           uniform 0;
    }
    inlet
    {
        type            zeroGradient;
    }
    lowerWall
    {
        type            zeroGradient;
    }
    upperWall
    {
        type            zeroGradient;
    }
    frontAndBack
    {
        type            empty;
    }
}


// ************************************************************************* //
