/*--------------------------------*- C++ -*----------------------------------*\
| =========                 |                                                 |
| \\      /  F ield         | OpenFOAM: The Open Source CFD Toolbox           |
|  \\    /   O peration     | Version:  2.1.1                                 |
|   \\  /    A nd           | Web:      www.OpenFOAM.org                      |
|    \\/     M anipulation  |                                                 |
\*---------------------------------------------------------------------------*/
FoamFile
{
    version     2.0;
    format      ascii;
    class       volScalarField;
    location    "0.04";
    object      epsilon;
}
// * * * * * * * * * * * * * * * * * * * * * * * * * * * * * * * * * * * * * //

dimensions      [0 2 -3 0 0 0 0];

internalField   nonuniform List<scalar> 
6820
(
151.448
203.15
260.735
321.761
383.631
443.734
499.787
550.084
593.573
629.816
658.882
681.214
697.487
708.499
715.075
718.009
718.027
715.769
711.78
706.512
700.337
693.551
686.384
679.013
671.569
664.144
656.795
649.567
642.384
635.607
627.355
626.308
590.336
11.7448
21.4168
29.9418
38.6195
47.5701
56.5395
65.29
73.6202
81.3679
88.4247
94.7362
100.296
105.134
109.308
112.89
115.959
118.594
120.869
122.852
124.604
126.179
127.622
128.975
130.277
131.562
132.868
134.235
135.713
137.364
139.306
141.611
144.828
148.675
5.8378
7.51687
9.2068
10.8096
12.3202
13.7479
15.089
16.3396
17.4982
18.5644
19.54
20.4284
21.2348
21.9657
22.6281
23.2297
23.778
24.2803
24.7436
25.1743
25.5782
25.9607
26.3265
26.6801
27.0253
27.3664
27.7072
28.0527
28.4082
28.7814
29.1876
29.6213
30.2178
5.24229
5.56003
6.00445
6.49353
6.98585
7.4622
7.91348
8.33541
8.72629
9.08597
9.41518
9.71523
9.98781
10.2348
10.4581
10.6597
10.8416
11.0057
11.1536
11.2872
11.4078
11.5169
11.6158
11.7054
11.7868
11.8607
11.9276
11.9877
12.0411
12.0874
12.1251
12.1532
12.1666
5.17349
5.18677
5.26821
5.39777
5.5564
5.72973
5.90787
6.0844
6.25529
6.41811
6.57146
6.71465
6.84744
6.96987
7.08222
7.1849
7.27839
7.36324
7.44002
7.5093
7.57167
7.62769
7.6779
7.72282
7.76292
7.79867
7.83047
7.8587
7.88368
7.90568
7.92481
7.94127
7.9543
5.16877
5.12131
5.09602
5.09481
5.11535
5.15307
5.20299
5.26075
5.32291
5.38691
5.45086
5.51344
5.57374
5.63114
5.68525
5.73585
5.78284
5.82623
5.86606
5.90246
5.93558
5.96558
5.99267
6.01704
6.03893
6.05856
6.07616
6.09201
6.10637
6.11956
6.1319
6.1438
6.15565
5.16887
5.11169
5.06116
5.01963
4.98841
4.96755
4.95616
4.9528
4.95586
4.96384
4.97539
4.98939
5.00493
5.0213
5.03792
5.05438
5.07034
5.08559
5.09995
5.11332
5.12563
5.13686
5.14702
5.15614
5.16427
5.17148
5.17787
5.18356
5.18871
5.19348
5.1981
5.20285
5.20806
5.16902
5.11062
5.05514
5.00339
4.9562
4.91414
4.87748
4.84612
4.81974
4.79783
4.77981
4.76511
4.75316
4.74345
4.73555
4.72907
4.72367
4.7191
4.71513
4.71158
4.7083
4.70519
4.70216
4.69916
4.69615
4.69311
4.69006
4.68702
4.68406
4.68125
4.67873
4.67665
4.67521
5.16904
5.11054
5.05431
5.00049
4.94928
4.90091
4.8556
4.81348
4.77459
4.73886
4.70616
4.67629
4.64903
4.62412
4.60133
4.5804
4.56113
4.5433
4.52674
4.51127
4.49676
4.4831
4.47016
4.45787
4.44616
4.43499
4.4243
4.4141
4.40439
4.3952
4.38659
4.37865
4.3715
5.16904
5.11054
5.0542
5.00002
4.94796
4.89804
4.85029
4.80474
4.76142
4.72033
4.68146
4.64475
4.61012
4.57749
4.54674
4.51777
4.49044
4.46463
4.44024
4.41715
4.39526
4.37447
4.35469
4.33585
4.31788
4.30073
4.28435
4.26871
4.2538
4.23964
4.22624
4.21367
4.20198
5.16904
5.11053
5.05418
4.99994
4.94773
4.89748
4.84914
4.80267
4.75803
4.7152
4.67413
4.6348
4.59717
4.56119
4.52679
4.49394
4.46255
4.43256
4.40391
4.37652
4.35033
4.32527
4.30128
4.27831
4.2563
4.23521
4.215
4.19565
4.17713
4.15946
4.14264
4.12672
4.11173
5.16904
5.11052
5.05417
4.99991
4.94767
4.89736
4.8489
4.80221
4.75723
4.7139
4.67217
4.63199
4.59331
4.55608
4.52026
4.4858
4.45265
4.42076
4.3901
4.36061
4.33224
4.30495
4.2787
4.25344
4.22914
4.20576
4.18328
4.16168
4.14094
4.12107
4.10207
4.08397
4.06681
5.16904
5.11052
5.05416
4.99989
4.94764
4.89731
4.84882
4.80208
4.75702
4.71357
4.67166
4.63124
4.59224
4.55461
4.5183
4.48326
4.44945
4.41683
4.38534
4.35496
4.32563
4.29733
4.27002
4.24366
4.21823
4.19369
4.17004
4.14724
4.1253
4.10421
4.08398
4.06463
4.04619
5.16903
5.11051
5.05415
4.99988
4.94762
4.89728
4.84878
4.80202
4.75694
4.71346
4.6715
4.63101
4.59191
4.55417
4.51771
4.48249
4.44847
4.41559
4.38381
4.35309
4.3234
4.2947
4.26696
4.24014
4.21422
4.18918
4.16499
4.14164
4.11913
4.09745
4.07661
4.05663
4.03752
5.16903
5.11051
5.05414
4.99987
4.9476
4.89726
4.84874
4.80198
4.75688
4.71339
4.67141
4.6309
4.59178
4.55399
4.51749
4.48222
4.44812
4.41516
4.38329
4.35247
4.32266
4.29382
4.26592
4.23894
4.21284
4.1876
4.1632
4.13964
4.11689
4.09496
4.07385
4.05357
4.03413
5.16903
5.11051
5.05413
4.99986
4.94759
4.89723
4.84871
4.80194
4.75684
4.71333
4.67134
4.63082
4.59168
4.55388
4.51736
4.48207
4.44796
4.41497
4.38307
4.35221
4.32236
4.29348
4.26553
4.23849
4.21233
4.18703
4.16256
4.13892
4.11609
4.09406
4.07284
4.05243
4.03283
5.16903
5.1105
5.05413
4.99985
4.94757
4.89721
4.84869
4.80191
4.75679
4.71328
4.67128
4.63074
4.5916
4.55379
4.51726
4.48196
4.44783
4.41483
4.38292
4.35205
4.32218
4.29328
4.26532
4.23827
4.21209
4.18677
4.16228
4.13861
4.11574
4.09368
4.0724
4.05192
4.03224
5.16903
5.1105
5.05412
4.99984
4.94756
4.8972
4.84866
4.80188
4.75676
4.71323
4.67123
4.63068
4.59153
4.55371
4.51717
4.48186
4.44772
4.41471
4.38279
4.35191
4.32203
4.29313
4.26516
4.2381
4.21191
4.18658
4.16208
4.1384
4.11552
4.09342
4.07211
4.05159
4.03184
5.16903
5.1105
5.05412
4.99983
4.94755
4.89718
4.84864
4.80185
4.75672
4.71319
4.67118
4.63062
4.59146
4.55363
4.51708
4.48176
4.44761
4.4146
4.38266
4.35178
4.32189
4.29298
4.265
4.23793
4.21174
4.1864
4.16189
4.1382
4.1153
4.09318
4.07184
4.05126
4.03145
5.16903
5.1105
5.05411
4.99982
4.94754
4.89717
4.84862
4.80182
4.75669
4.71315
4.67113
4.63057
4.5914
4.55356
4.517
4.48167
4.44751
4.41449
4.38254
4.35165
4.32176
4.29283
4.26485
4.23777
4.21156
4.18621
4.16169
4.13798
4.11505
4.09291
4.07153
4.05091
4.03103
5.16903
5.11049
5.05411
4.99982
4.94753
4.89716
4.84861
4.8018
4.75666
4.71311
4.67109
4.63052
4.59134
4.55349
4.51692
4.48158
4.44742
4.41438
4.38243
4.35152
4.32162
4.29268
4.26469
4.23759
4.21138
4.18601
4.16147
4.13773
4.11478
4.09261
4.07119
4.05051
4.03057
5.16903
5.11049
5.05411
4.99981
4.94752
4.89714
4.84859
4.80178
4.75664
4.71308
4.67105
4.63047
4.59128
4.55343
4.51685
4.4815
4.44732
4.41428
4.38231
4.35139
4.32148
4.29253
4.26452
4.23741
4.21118
4.18579
4.16123
4.13747
4.11449
4.09228
4.07081
4.05008
4.03008
5.16903
5.11049
5.05411
4.99981
4.94752
4.89714
4.84858
4.80177
4.75662
4.71305
4.67101
4.63043
4.59123
4.55337
4.51678
4.48142
4.44723
4.41417
4.3822
4.35127
4.32134
4.29238
4.26435
4.23722
4.21097
4.18556
4.16098
4.13719
4.11417
4.09192
4.07041
4.04962
4.02955
5.16903
5.11049
5.0541
4.99981
4.94751
4.89713
4.84857
4.80175
4.7566
4.71303
4.67098
4.63039
4.59118
4.55331
4.51672
4.48135
4.44715
4.41408
4.38209
4.35114
4.3212
4.29222
4.26418
4.23703
4.21076
4.18532
4.16071
4.13689
4.11384
4.09154
4.06998
4.04914
4.02899
5.16903
5.11049
5.0541
4.9998
4.94751
4.89712
4.84856
4.80174
4.75658
4.71301
4.67095
4.63035
4.59114
4.55326
4.51666
4.48127
4.44706
4.41398
4.38198
4.35102
4.32106
4.29206
4.264
4.23683
4.21053
4.18508
4.16043
4.13657
4.11349
4.09115
4.06953
4.04863
4.02842
5.16903
5.11049
5.0541
4.9998
4.9475
4.89712
4.84855
4.80173
4.75656
4.71299
4.67093
4.63032
4.5911
4.55321
4.5166
4.48121
4.44698
4.41389
4.38187
4.3509
4.32092
4.29191
4.26382
4.23664
4.21031
4.18482
4.16015
4.13626
4.11313
4.09074
4.06908
4.04812
4.02784
5.16903
5.11049
5.0541
4.9998
4.9475
4.89711
4.84854
4.80171
4.75655
4.71296
4.6709
4.63029
4.59106
4.55316
4.51654
4.48114
4.4469
4.4138
4.38177
4.35077
4.32078
4.29175
4.26364
4.23643
4.21008
4.18456
4.15986
4.13593
4.11276
4.09033
4.06862
4.0476
4.02726
5.16903
5.11049
5.0541
4.9998
4.9475
4.89711
4.84854
4.80171
4.75654
4.71295
4.67088
4.63026
4.59103
4.55313
4.5165
4.48108
4.44684
4.41372
4.38167
4.35066
4.32065
4.2916
4.26347
4.23624
4.20986
4.18432
4.15957
4.13561
4.1124
4.08993
4.06816
4.04709
4.02669
5.16903
5.11049
5.0541
4.9998
4.9475
4.8971
4.84853
4.8017
4.75652
4.71293
4.67086
4.63023
4.59099
4.55308
4.51644
4.48101
4.44676
4.41362
4.38157
4.35054
4.32052
4.29144
4.2633
4.23604
4.20963
4.18406
4.15929
4.13529
4.11204
4.08952
4.06771
4.04659
4.02613
5.16903
5.11049
5.0541
4.9998
4.9475
4.89711
4.84854
4.8017
4.75653
4.71294
4.67086
4.63023
4.59099
4.55307
4.51642
4.48099
4.44672
4.41357
4.3815
4.35046
4.32042
4.29133
4.26316
4.23587
4.20944
4.18384
4.15904
4.13501
4.11172
4.08916
4.0673
4.04613
4.02562
5.16903
5.11049
5.0541
4.9998
4.9475
4.89711
4.84853
4.80169
4.75651
4.71292
4.67083
4.6302
4.59095
4.55302
4.51637
4.48093
4.44665
4.4135
4.38141
4.35036
4.3203
4.2912
4.26301
4.23571
4.20926
4.18363
4.1588
4.13474
4.11142
4.08883
4.06694
4.04572
4.02517
5.16903
5.11049
5.0541
4.99981
4.94752
4.89714
4.84858
4.80176
4.75659
4.713
4.67092
4.63029
4.59104
4.55311
4.51645
4.481
4.44672
4.41356
4.38146
4.3504
4.32033
4.29121
4.26302
4.2357
4.20924
4.1836
4.15875
4.13468
4.11134
4.08873
4.06682
4.04558
4.025
5.16903
5.11051
5.05414
4.99986
4.94757
4.89719
4.84862
4.80179
4.75661
4.71302
4.67095
4.63032
4.59108
4.55316
4.51651
4.48108
4.44682
4.41368
4.38161
4.35058
4.32054
4.29146
4.2633
4.23603
4.20961
4.18402
4.15922
4.1352
4.11192
4.08937
4.06751
4.04634
4.02582
5.16903
5.1105
5.05415
4.99992
4.9477
4.89739
4.8489
4.80213
4.75703
4.7135
4.67149
4.63093
4.59177
4.55394
4.5174
4.4821
4.44797
4.41499
4.3831
4.35226
4.32243
4.29358
4.26567
4.23866
4.21253
4.18723
4.16275
4.13905
4.1161
4.09389
4.07239
4.05157
4.03141
5.16905
5.11064
5.05441
5.00027
4.94811
4.89788
4.84949
4.8029
4.75803
4.71482
4.67321
4.63313
4.59454
4.55737
4.52157
4.48708
4.45385
4.42183
4.39097
4.36122
4.33254
4.30487
4.27819
4.25245
4.22761
4.20364
4.1805
4.15815
4.13657
4.11573
4.0956
4.07616
4.05737
5.16908
5.11078
5.05487
5.00136
4.95016
4.90118
4.85437
4.80967
4.76701
4.72635
4.68762
4.65072
4.61559
4.58214
4.55028
4.51992
4.49099
4.46338
4.43704
4.41187
4.38781
4.3648
4.34276
4.32163
4.30137
4.28191
4.26321
4.24523
4.22791
4.21123
4.19514
4.17961
4.16461
5.1694
5.1136
5.06203
5.01465
4.97145
4.93238
4.89726
4.86582
4.83773
4.81266
4.79031
4.77034
4.75249
4.73648
4.72208
4.70908
4.69729
4.68653
4.67666
4.66755
4.65907
4.65112
4.64361
4.63646
4.6296
4.62297
4.6165
4.61015
4.60388
4.59764
4.59141
4.58516
4.57886
5.17808
5.16331
5.16936
5.19084
5.22376
5.26511
5.3125
5.36402
5.41828
5.47417
5.53088
5.58773
5.64424
5.70002
5.75478
5.80829
5.8604
5.91101
5.96003
6.00743
6.05318
6.0973
6.1398
6.18071
6.22009
6.25799
6.29446
6.3296
6.36346
6.39614
6.42773
6.45831
6.48799
5.63863
6.43055
7.14621
7.82728
8.49826
9.15325
9.78645
10.3956
10.9808
11.543
12.0839
12.6052
13.1087
13.5959
14.0686
14.5279
14.9752
15.4117
15.8384
16.2563
16.6663
17.0693
17.466
17.8572
18.2437
18.6261
19.005
19.381
19.7548
20.1268
20.4975
20.8674
21.2367
44.7794
48.3125
51.8865
55.4658
59.0312
62.5709
66.0742
69.5312
72.9332
76.2723
79.5414
82.7347
85.8471
88.8744
91.8132
94.661
97.4158
100.076
102.642
105.112
107.488
109.768
111.956
114.05
116.054
117.968
119.794
121.534
123.191
124.765
126.26
127.676
129.019
700.39
857.7
1027.08
1182.59
1272.11
1259.32
1159.38
1019.9
883.712
771.969
687.928
626.731
582.228
549.415
525.922
508.23
493.391
478.51
460.31
435.075
399.04
349.339
285.636
212.09
138.272
76.6317
36.0687
16.5378
10.2607
9.26927
9.71044
10.4066
11.0685
11.6248
12.0487
12.329
12.4688
12.483
12.394
12.2258
12.0013
11.7404
11.4593
11.1715
10.8878
10.6178
10.3697
10.1502
9.96373
9.81149
9.691
9.59652
9.52024
9.45359
9.388
9.31458
9.2231
9.10105
8.93372
8.70577
8.4042
8.02169
7.55943
7.02858
6.44964
5.85004
5.26002
4.70793
4.21586
3.79679
3.45397
3.1825
2.97231
2.81138
2.68829
2.59363
2.5203
2.46321
2.41876
2.38427
2.35769
2.33737
2.322
2.31048
2.30194
2.29569
2.29117
2.28795
2.2857
2.28415
2.28312
2.28244
2.282
2.28173
2.28156
2.28145
2.28137
2.28124
2.28137
2.28015
156.223
172.925
207.88
271.354
368.565
491.065
616.734
718.716
777.962
791.202
768.882
726.592
677.82
630.01
584.966
543.15
502.688
460.506
413.522
359.498
297.853
230.544
162.667
101.831
55.4692
27.0401
13.9094
9.60629
8.78114
8.9943
9.47193
9.99721
10.4972
10.9303
11.2671
11.492
11.6034
11.6111
11.5317
11.3843
11.1872
10.9569
10.7069
10.4487
10.1918
9.94453
9.71444
9.50815
9.33057
9.18391
9.06708
8.97584
8.90373
8.84343
8.7875
8.72827
8.65681
8.56177
8.42927
8.24411
7.99255
7.66561
7.26208
6.79015
6.26726
5.71799
5.17047
4.6519
4.18436
3.78184
3.44925
3.18357
2.9764
2.81696
2.6946
2.60029
2.52707
2.46992
2.42524
2.39038
2.36333
2.34249
2.32657
2.3145
2.30543
2.29869
2.29371
2.29009
2.28747
2.2856
2.28428
2.28335
2.2827
2.28224
2.2819
2.28164
2.28143
2.2812
2.28124
2.27991
30.8457
31.428
32.1782
34.9538
44.4149
66.6489
105.423
159.732
223.164
286.376
340.641
380.09
402.551
407.779
396.41
370.824
334.235
289.743
240.144
188.302
137.618
92.0842
55.6051
30.6051
16.6899
10.6837
8.71295
8.28213
8.3783
8.6793
9.07039
9.49073
9.89531
10.2484
10.5244
10.7093
10.8009
10.806
10.7374
10.61
10.4388
10.2371
10.0164
9.78629
9.55499
9.32984
9.11773
8.92498
8.75671
8.61593
8.50267
8.41395
8.34452
8.28813
8.23846
8.18911
8.13259
8.05909
7.95587
7.80825
7.60199
7.32661
6.9785
6.56285
6.09392
5.59334
5.08698
4.60081
4.15683
3.76999
3.44685
3.18628
2.98155
2.82315
2.70119
2.60701
2.53378
2.47649
2.43154
2.39629
2.36877
2.34739
2.3309
2.31826
2.30864
2.30138
2.29592
2.29186
2.28884
2.28662
2.28498
2.28378
2.28288
2.2822
2.28168
2.28126
2.28091
2.28056
2.2805
2.27903
12.1677
12.0952
11.7455
10.797
9.14376
7.71801
8.3327
12.4112
20.8608
33.7311
49.6497
65.903
78.8879
87.5763
91.7567
90.6407
84.0857
72.9155
58.809
43.9518
30.5449
20.2405
13.6294
10.1256
8.55506
7.92763
7.73371
7.77886
7.97552
8.26681
8.60903
8.96551
9.30434
9.59873
9.82883
9.98358
10.0608
10.0657
10.008
9.89942
9.75204
9.57679
9.38321
9.17941
8.97242
8.76865
8.5743
8.3953
8.23687
8.10252
7.9932
7.90694
7.83949
7.78552
7.73966
7.69672
7.65076
7.59365
7.51417
7.39846
7.23214
7.00351
6.7067
6.34399
5.92642
5.47264
5.00615
4.55155
4.13061
3.75909
3.44513
3.18941
2.98688
2.82931
2.70758
2.61342
2.54012
2.48269
2.43749
2.40189
2.37392
2.35204
2.335
2.32181
2.31165
2.30386
2.29792
2.2934
2.28998
2.28739
2.28542
2.28391
2.28276
2.28185
2.28113
2.28053
2.28003
2.27954
2.27937
2.27777
7.96511
7.97141
7.95677
7.8606
7.52615
6.75812
5.56269
4.28725
3.6391
4.06632
5.51389
7.74442
10.5046
13.0223
14.7063
15.3921
15.1133
14.0702
12.5868
11.0205
9.65134
8.61166
7.89708
7.44429
7.19855
7.12128
7.17718
7.33343
7.56253
7.84065
8.14483
8.45207
8.73997
8.98865
9.18303
9.31456
9.38146
9.38757
9.34039
9.24921
9.12358
8.97244
8.8037
8.62419
8.43993
8.25649
8.07939
7.91415
7.76591
7.63855
7.53367
7.45017
7.38459
7.33231
7.28871
7.24965
7.21068
7.16545
7.10449
7.01513
6.88323
6.69616
6.44608
6.13249
5.76332
5.3542
4.92621
4.50241
4.10417
3.7479
3.44311
3.19222
2.99184
2.83501
2.71343
2.61923
2.54585
2.48828
2.44288
2.407
2.37866
2.35633
2.33881
2.32511
2.31444
2.30615
2.29974
2.29478
2.29095
2.28798
2.28568
2.28387
2.28245
2.28131
2.28037
2.27959
2.27894
2.2783
2.27802
2.27627
6.16992
6.18903
6.21436
6.24655
6.27372
6.25014
6.09531
5.73621
5.22412
4.76685
4.55101
4.67352
5.1999
5.81059
6.35413
6.75272
6.97991
7.04881
6.99855
6.879
6.73776
6.61226
6.52739
6.4966
6.52492
6.61172
6.75292
6.94214
7.17056
7.42652
7.69571
7.96198
8.20874
8.42095
8.58713
8.70071
8.76024
8.76855
8.73139
8.656
8.54998
8.42058
8.27435
8.11703
7.95375
7.78937
7.62877
7.47703
7.33914
7.21916
7.11926
7.03898
6.97553
6.92477
6.88263
6.84578
6.81107
6.77394
6.7268
6.65849
6.55547
6.4046
6.19635
5.92772
5.60366
5.23684
4.84584
4.45209
4.07632
3.73537
3.43995
3.19408
2.99596
2.83991
2.71847
2.62421
2.55074
2.49308
2.44755
2.41146
2.38283
2.36014
2.34221
2.32807
2.31695
2.30822
2.30137
2.29599
2.29177
2.28845
2.28582
2.28373
2.28204
2.28066
2.27952
2.27856
2.27774
2.27697
2.27658
2.27467
5.21528
5.22646
5.24344
5.26896
5.30509
5.35045
5.39428
5.41253
5.37869
5.29241
5.18844
5.12224
5.14103
5.22721
5.35031
5.48057
5.59669
5.68819
5.7542
5.80086
5.8382
5.87758
5.92954
6.00255
6.10248
6.23274
6.39414
6.58475
6.79974
7.03131
7.26904
7.50071
7.71365
7.89636
8.04008
8.13973
8.19407
8.20516
8.17732
8.11614
8.02764
7.91769
7.79167
7.65442
7.51034
7.36362
7.21858
7.07987
6.95226
6.83991
6.7454
6.66884
6.60794
6.55892
6.51801
6.48242
6.45007
6.41803
6.38065
6.3285
6.24904
6.12896
5.9575
5.72942
5.44692
5.11981
4.76417
4.39965
4.04617
3.72073
3.43503
3.19451
2.99889
2.84373
2.72248
2.62818
2.55465
2.49693
2.45132
2.41511
2.38629
2.36335
2.3451
2.33061
2.31911
2.31
2.30276
2.29702
2.29246
2.28881
2.28588
2.28351
2.28158
2.27998
2.27864
2.2775
2.27653
2.27562
2.27512
2.27306
4.67477
4.67667
4.68272
4.69476
4.71434
4.74266
4.7798
4.8231
4.86611
4.90119
4.92501
4.94176
4.96255
4.99416
5.03783
5.09095
5.14945
5.20986
5.27056
5.33215
5.39711
5.4692
5.55277
5.65204
5.77045
5.91015
6.07158
6.25313
6.45099
6.65898
6.86885
7.07109
7.25592
7.41454
7.54021
7.62896
7.67968
7.69376
7.6744
7.62587
7.55289
7.46017
7.35217
7.23296
7.10627
6.97576
6.84524
6.71892
6.60133
6.49668
6.40783
6.3354
6.27751
6.23065
6.19114
6.15647
6.12529
6.09611
6.06515
6.02485
5.96395
5.86945
5.72971
5.53767
5.293
5.00283
4.68074
4.34454
4.01313
3.70343
3.42787
3.19314
3.00034
2.84629
2.72533
2.63103
2.55745
2.49972
2.4541
2.41784
2.38892
2.36582
2.34736
2.33261
2.32083
2.3114
2.30386
2.29782
2.29295
2.28902
2.28583
2.28322
2.28106
2.27927
2.27775
2.27645
2.27534
2.2743
2.2737
2.2715
4.36447
4.35844
4.35554
4.35708
4.36423
4.37795
4.39883
4.42693
4.46143
4.50043
4.54144
4.58295
4.62548
4.66993
4.71707
4.76738
4.82104
4.87826
4.93956
5.00597
5.07911
5.16113
5.25443
5.36131
5.48358
5.62222
5.77698
5.94614
6.12627
6.31221
6.49741
6.67441
6.83567
6.97442
7.08545
7.16555
7.21368
7.23068
7.21886
7.18142
7.12204
7.0445
6.95244
6.84929
6.73826
6.62251
6.50539
6.39072
6.28277
6.1857
6.10264
6.03462
5.98016
5.93592
5.89821
5.86452
5.83396
5.80613
5.77898
5.74687
5.70006
5.62623
5.51331
5.35278
5.14212
4.88596
4.59548
4.28655
3.9769
3.68315
3.41818
3.18973
3.00016
2.84748
2.72694
2.63271
2.55912
2.50139
2.4558
2.41956
2.39062
2.36745
2.34888
2.33397
2.32199
2.31235
2.30457
2.29829
2.29319
2.28903
2.28563
2.28281
2.28047
2.2785
2.27683
2.27539
2.27416
2.27301
2.27232
2.27
4.1897
4.1774
4.16756
4.16115
4.15911
4.16229
4.17131
4.18655
4.20809
4.23564
4.26857
4.30607
4.34752
4.39255
4.44098
4.49286
4.54843
4.60814
4.6727
4.74313
4.8207
4.90689
5.00323
5.11106
5.23132
5.36428
5.50927
5.6645
5.82696
5.99243
6.15567
6.31089
6.45224
6.57446
6.67344
6.74652
6.79267
6.8123
6.807
6.77914
6.73154
6.66722
6.58916
6.50024
6.4032
6.30078
6.19593
6.09211
5.99329
5.90357
5.82627
5.7628
5.71206
5.67087
5.63543
5.60307
5.57302
5.54567
5.52044
5.49356
5.45699
5.39937
5.30864
5.1752
4.99473
4.76956
4.5086
4.22575
3.93745
3.65975
3.4058
3.18414
2.99825
2.84726
2.72732
2.63323
2.55966
2.50196
2.45642
2.42024
2.39135
2.36819
2.34958
2.3346
2.32251
2.31273
2.3048
2.29835
2.29309
2.28876
2.28519
2.28222
2.27973
2.27763
2.27583
2.27428
2.27295
2.2717
2.27094
2.26852
4.09558
4.07867
4.06373
4.05152
4.04282
4.03835
4.03876
4.04453
4.05597
4.07324
4.09627
4.12481
4.1586
4.19738
4.24096
4.28929
4.34247
4.40079
4.46473
4.53498
4.61237
4.69782
4.79225
4.89636
5.01054
5.13461
5.26771
5.40816
5.55337
5.69991
5.84363
5.97997
6.10438
6.21269
6.30157
6.36877
6.41324
6.43505
6.43523
6.41549
6.37797
6.32505
6.25918
6.18276
6.09815
6.0077
5.91401
5.82019
5.72992
5.64723
5.57554
5.51663
5.46977
5.43194
5.39924
5.36866
5.33933
5.31209
5.28755
5.26365
5.23409
5.18878
5.11598
5.00546
4.85142
4.65419
4.42054
4.16244
3.89492
3.6333
3.39073
3.17634
2.99459
2.84562
2.7265
2.63265
2.55914
2.50147
2.456
2.41991
2.39111
2.36801
2.34943
2.33445
2.32233
2.31249
2.30448
2.29794
2.29256
2.28813
2.28444
2.28136
2.27877
2.27657
2.27468
2.27305
2.27164
2.27033
2.2695
2.26701
4.04808
4.02804
4.00961
3.99338
3.97999
3.97008
3.96425
3.96302
3.96681
3.97592
3.99053
4.01068
4.03639
4.0676
4.10427
4.14642
4.19414
4.24764
4.30721
4.3733
4.44638
4.52698
4.61556
4.71243
4.81759
4.93065
5.05068
5.17617
5.30492
5.43416
5.56055
5.68051
5.79038
5.88682
5.96707
6.02915
6.07201
6.09545
6.10008
6.08708
6.05806
6.01489
5.95955
5.89405
5.82039
5.74062
5.65701
5.57234
5.49003
5.41394
5.34764
5.29318
5.25022
5.21596
5.18634
5.15802
5.12979
5.10266
5.07811
5.05557
5.03049
4.99416
4.93551
4.84405
4.71285
4.54053
4.33191
4.0971
3.84963
3.60397
3.37304
3.16638
2.98922
2.84263
2.72456
2.63108
2.55767
2.50005
2.45464
2.41865
2.38995
2.36695
2.34845
2.33352
2.32142
2.31159
2.30356
2.29698
2.29156
2.28706
2.28332
2.28018
2.27752
2.27525
2.27331
2.27162
2.27016
2.2688
2.26794
2.26539
4.02591
4.00393
3.98328
3.96442
3.94787
3.9342
3.92394
3.9176
3.91563
3.91839
3.92618
3.93922
3.95764
3.98156
4.01106
4.04623
4.08718
4.13408
4.18715
4.24663
4.31282
4.38598
4.4663
4.55382
4.64837
4.74944
4.85615
4.96713
5.08056
5.19416
5.30525
5.41092
5.50821
5.59437
5.66705
5.7245
5.76566
5.79015
5.79824
5.79073
5.76878
5.73385
5.68753
5.6315
5.56745
5.49715
5.42258
5.34622
5.27123
5.20131
5.14008
5.08989
5.05075
5.0201
4.99383
4.96818
4.9415
4.91471
4.88986
4.86762
4.84508
4.81502
4.76727
4.69138
4.57964
4.4293
4.2434
4.03029
3.80202
3.57205
3.35293
3.15436
2.98221
2.83838
2.72161
2.62864
2.55539
2.49782
2.45248
2.41657
2.38797
2.36509
2.34669
2.33185
2.31982
2.31004
2.30204
2.29547
2.29005
2.28554
2.28178
2.27861
2.27593
2.27363
2.27166
2.26994
2.26845
2.26707
2.26619
2.26361
4.01638
3.9933
3.97131
3.95079
3.93218
3.91595
3.90257
3.89251
3.88621
3.88406
3.8864
3.89352
3.90565
3.92298
3.94569
3.9739
4.00777
4.04745
4.0931
4.14489
4.20298
4.26749
4.33847
4.41583
4.49929
4.58834
4.68215
4.77954
4.87899
4.97859
5.07615
5.16929
5.25557
5.33266
5.39856
5.45168
5.49097
5.51593
5.52659
5.52343
5.50728
5.47924
5.44059
5.39271
5.33704
5.27508
5.20858
5.13974
5.07143
5.00722
4.95073
4.90454
4.86904
4.84196
4.81915
4.79648
4.7718
4.7457
4.72055
4.69801
4.67663
4.6507
4.61109
4.5477
4.45236
4.32119
4.15572
3.96266
3.7526
3.53792
3.33062
3.14044
2.97368
2.83295
2.71775
2.62545
2.55243
2.49495
2.44966
2.41382
2.38533
2.36255
2.34427
2.32953
2.31759
2.30788
2.29995
2.29343
2.28804
2.28356
2.27982
2.27666
2.27397
2.27168
2.2697
2.26798
2.26648
2.26509
2.2642
2.26161
4.01256
3.98886
3.96608
3.94452
3.92455
3.90656
3.89096
3.87817
3.86859
3.86261
3.86057
3.8628
3.86957
3.88111
3.89764
3.91933
3.94635
3.97886
4.01699
4.06087
4.1106
4.16623
4.22773
4.29495
4.36759
4.44517
4.52694
4.61188
4.69871
4.78583
4.87142
4.95349
5.03
5.09899
5.15868
5.20766
5.24489
5.26979
5.28222
5.2824
5.27092
5.24858
5.2164
5.1755
5.12709
5.07246
5.01312
4.95102
4.8888
4.82982
4.7777
4.73522
4.70314
4.67948
4.66014
4.64067
4.61833
4.59332
4.56805
4.54494
4.5238
4.50036
4.46666
4.41313
4.33143
4.21683
4.06956
3.89487
3.70192
3.50198
3.30642
3.12481
2.96376
2.82646
2.71309
2.62164
2.54896
2.49159
2.44635
2.41058
2.38216
2.35948
2.34131
2.32667
2.31484
2.30523
2.29737
2.29093
2.2856
2.28117
2.27746
2.27434
2.27168
2.2694
2.26744
2.26573
2.26424
2.26286
2.26197
2.25939
4.01102
3.98697
3.9637
3.94146
3.92054
3.90129
3.88405
3.86918
3.85706
3.84804
3.84246
3.84064
3.84285
3.84937
3.86042
3.8762
3.89689
3.92265
3.95362
3.98991
4.03157
4.07865
4.13107
4.18868
4.25119
4.31815
4.38891
4.46259
4.53809
4.61408
4.68903
4.76125
4.82902
4.89065
4.94459
4.98954
5.02453
5.04891
5.06241
5.06509
5.05729
5.03962
5.01285
4.97788
4.93573
4.8875
4.8345
4.77843
4.7217
4.66749
4.61937
4.5803
4.55137
4.53093
4.51498
4.49878
4.47908
4.45554
4.43044
4.4067
4.38523
4.36309
4.33352
4.28765
4.21716
4.11673
3.98555
3.82753
3.65052
3.46468
3.28063
3.10769
2.9526
2.81903
2.70775
2.61734
2.54509
2.48789
2.44271
2.40699
2.37864
2.35604
2.33796
2.32343
2.3117
2.30218
2.29442
2.28806
2.2828
2.27844
2.27479
2.27171
2.26909
2.26685
2.26492
2.26323
2.26177
2.2604
2.25953
2.25696
4.01029
3.986
3.96238
3.93964
3.91802
3.8978
3.87929
3.86279
3.84864
3.83715
3.82865
3.82344
3.82179
3.82397
3.83022
3.84075
3.85574
3.87537
3.89976
3.92902
3.96322
4.00235
4.04638
4.09514
4.14837
4.20567
4.26648
4.33004
4.39541
4.46145
4.52689
4.59028
4.65016
4.70506
4.75362
4.79466
4.82724
4.85072
4.86471
4.86915
4.86421
4.8503
4.82801
4.79807
4.76129
4.71863
4.67119
4.62049
4.5687
4.51882
4.47434
4.43837
4.41229
4.39483
4.38211
4.36921
4.35234
4.33058
4.30596
4.2817
4.2596
4.23794
4.21112
4.17107
4.1097
4.0213
3.90422
3.76123
3.59895
3.42646
3.2536
3.0893
2.94035
2.81077
2.70182
2.61263
2.54095
2.48397
2.43888
2.40321
2.37491
2.35238
2.33438
2.31994
2.3083
2.29888
2.29121
2.28494
2.27976
2.27547
2.27188
2.26886
2.2663
2.2641
2.26221
2.26055
2.25911
2.25777
2.25692
2.25438
4.00978
3.98531
3.96141
3.93827
3.91608
3.89508
3.87553
3.8577
3.84187
3.82834
3.8174
3.80932
3.80438
3.80283
3.8049
3.81082
3.82076
3.8349
3.85337
3.87629
3.90371
3.93564
3.97205
4.01279
4.05764
4.10624
4.1581
4.21258
4.26888
4.32603
4.38294
4.43838
4.49109
4.5398
4.5833
4.62053
4.65061
4.67286
4.68688
4.69246
4.68968
4.67877
4.66017
4.63443
4.60225
4.56441
4.52185
4.47591
4.42855
4.38256
4.34138
4.3082
4.2847
4.26994
4.26026
4.25058
4.23665
4.21695
4.19312
4.16853
4.14567
4.12392
4.09882
4.06313
4.00909
3.93084
3.82603
3.69648
3.54771
3.38775
3.22564
3.06988
2.92718
2.80178
2.69539
2.6076
2.53662
2.47994
2.43498
2.39936
2.37111
2.34864
2.3307
2.31634
2.30479
2.29545
2.28787
2.28168
2.27659
2.27237
2.26885
2.26589
2.26338
2.26124
2.25938
2.25777
2.25636
2.25505
2.25422
2.2517
4.00929
3.98466
3.96052
3.93703
3.91436
3.8927
3.87228
3.85333
3.8361
3.82085
3.80783
3.79732
3.78955
3.78478
3.78323
3.78511
3.79061
3.7999
3.81311
3.83036
3.85172
3.87719
3.90676
3.9403
3.97762
4.01842
4.06227
4.10862
4.1568
4.20597
4.25521
4.30346
4.34964
4.39264
4.43139
4.46493
4.49244
4.51324
4.52689
4.53313
4.53191
4.52335
4.50774
4.48553
4.45725
4.42355
4.38526
4.34352
4.30011
4.25764
4.21942
4.18874
4.16753
4.15521
4.14834
4.14177
4.13082
4.11337
4.09063
4.06593
4.04233
4.02014
3.99598
3.96346
3.91528
3.84551
3.75133
3.63373
3.49724
3.34896
3.19711
3.04969
2.91326
2.79219
2.68853
2.60233
2.53217
2.47588
2.43108
2.39554
2.36734
2.34492
2.32704
2.31275
2.30127
2.29202
2.28452
2.2784
2.27339
2.26924
2.26579
2.2629
2.26044
2.25834
2.25654
2.25496
2.25359
2.2523
2.2515
2.24902
4.00878
3.98399
3.95963
3.93583
3.91273
3.89051
3.86934
3.84943
3.831
3.81428
3.7995
3.7869
3.77671
3.76916
3.76446
3.76283
3.76443
3.76945
3.77801
3.79024
3.8062
3.82592
3.84938
3.87648
3.90707
3.94089
3.97757
4.01666
4.05755
4.09957
4.14189
4.18363
4.22385
4.26157
4.29587
4.32586
4.35077
4.36996
4.38295
4.38944
4.38929
4.38253
4.36934
4.35003
4.32505
4.29492
4.26034
4.2223
4.1824
4.14307
4.10752
4.07907
4.05989
4.04973
4.04543
4.04182
4.03384
4.0188
3.99738
3.97283
3.94856
3.92574
3.90196
3.87169
3.82813
3.76541
3.68037
3.57333
3.44797
3.31047
3.16832
3.02897
2.89875
2.78209
2.68133
2.59686
2.52765
2.47183
2.42726
2.39182
2.36367
2.3413
2.32348
2.30925
2.29784
2.28866
2.28123
2.27519
2.27025
2.26618
2.26279
2.25995
2.25756
2.25551
2.25374
2.25221
2.25087
2.24962
2.24884
2.24639
4.00822
3.98328
3.95871
3.93463
3.91116
3.88843
3.86661
3.84588
3.82642
3.80844
3.79214
3.77775
3.76547
3.75551
3.74809
3.74339
3.74159
3.74285
3.74732
3.75511
3.76628
3.78089
3.79892
3.82029
3.84488
3.87246
3.90274
3.93531
3.96969
4.00526
4.04134
4.07718
4.11196
4.14482
4.17494
4.20153
4.22386
4.24133
4.25344
4.25986
4.26038
4.25496
4.24368
4.22677
4.20456
4.17748
4.14611
4.11132
4.07454
4.03802
4.00485
3.97837
3.96097
3.95272
3.95075
3.94991
3.94486
3.93233
3.91247
3.8883
3.86351
3.83996
3.81616
3.78741
3.74745
3.69057
3.61336
3.5156
3.40024
3.27265
3.13959
3.00797
2.88383
2.77162
2.67386
2.59125
2.5231
2.46784
2.42354
2.38824
2.36017
2.33785
2.32008
2.30591
2.29456
2.28544
2.27809
2.27212
2.26724
2.26323
2.25991
2.25713
2.25479
2.25279
2.25107
2.24957
2.24827
2.24705
2.24629
2.24388
4.00762
3.98254
3.95778
3.93344
3.90962
3.88645
3.86407
3.84262
3.82227
3.8032
3.78559
3.76965
3.75556
3.74353
3.73373
3.72636
3.72159
3.71957
3.72044
3.7243
3.73125
3.74132
3.75452
3.7708
3.79004
3.81206
3.83661
3.86336
3.89188
3.92166
3.95213
3.98261
4.01241
4.04079
4.06701
4.09035
4.11016
4.12584
4.13691
4.14301
4.14388
4.13942
4.12964
4.11467
4.09478
4.07029
4.0417
4.00975
3.97572
3.94171
3.91067
3.88593
3.87008
3.8635
3.86361
3.86538
3.86317
3.85322
3.83511
3.81156
3.78642
3.76214
3.73805
3.71026
3.67307
3.62098
3.55044
3.46081
3.35438
3.23583
3.11122
2.98693
2.8687
2.7609
2.66619
2.58554
2.51855
2.46393
2.41996
2.38482
2.35685
2.33459
2.31688
2.30276
2.29147
2.28242
2.27512
2.26922
2.26441
2.26047
2.2572
2.25448
2.25219
2.25023
2.24856
2.2471
2.24583
2.24464
2.2439
2.24153
4.007
3.98177
3.95683
3.93225
3.90813
3.88456
3.86167
3.83959
3.81847
3.79846
3.77972
3.76244
3.74679
3.73295
3.7211
3.71141
3.70404
3.69914
3.69684
3.69726
3.70047
3.70653
3.71545
3.72719
3.74167
3.75874
3.77818
3.79971
3.82298
3.84756
3.87294
3.89857
3.92383
3.94807
3.97066
3.99093
4.00828
4.02215
4.03207
4.03766
4.03862
4.03481
4.02617
4.01278
3.9948
3.97252
3.94632
3.91684
3.88525
3.85346
3.8243
3.80111
3.7866
3.78146
3.78344
3.78762
3.78818
3.78086
3.76468
3.74199
3.71668
3.69172
3.66717
3.63991
3.60481
3.55662
3.49175
3.40919
3.31072
3.20036
3.08354
2.96613
2.85356
2.75008
2.65843
2.57979
2.51403
2.46012
2.41653
2.38159
2.35373
2.33154
2.31389
2.29982
2.28859
2.2796
2.27237
2.26653
2.26178
2.25789
2.25469
2.25202
2.24977
2.24787
2.24623
2.24481
2.24357
2.24241
2.2417
2.23935
4.00635
3.98099
3.95588
3.93108
3.90667
3.88275
3.85942
3.83679
3.81499
3.79416
3.77444
3.756
3.739
3.7236
3.70996
3.69824
3.6886
3.68118
3.67611
3.67349
3.67342
3.67593
3.68106
3.68877
3.69901
3.71166
3.72654
3.74341
3.76197
3.78186
3.80266
3.82388
3.84499
3.86544
3.88464
3.90202
3.91701
3.92908
3.93778
3.9427
3.94356
3.94014
3.93236
3.92021
3.90382
3.88339
3.85924
3.83193
3.80247
3.77265
3.74518
3.72334
3.70998
3.70608
3.70972
3.71614
3.71939
3.71475
3.70066
3.67906
3.65382
3.62827
3.60316
3.57611
3.54255
3.49753
3.43745
3.36103
3.26958
3.16658
3.05687
2.94587
2.83864
2.73932
2.65068
2.57407
2.50959
2.45643
2.41326
2.37855
2.35081
2.32871
2.31112
2.29711
2.28594
2.277
2.26983
2.26405
2.25936
2.25553
2.25238
2.24976
2.24756
2.2457
2.2441
2.24271
2.24151
2.24037
2.23968
2.23737
4.00569
3.9802
3.95492
3.92992
3.90526
3.88102
3.8573
3.83418
3.81179
3.79024
3.76968
3.75023
3.73206
3.71529
3.7001
3.68662
3.67501
3.66539
3.65788
3.6526
3.64962
3.649
3.65077
3.65492
3.6614
3.67011
3.68091
3.69361
3.70795
3.72363
3.74028
3.7575
3.77484
3.79179
3.80786
3.82251
3.83524
3.84554
3.85298
3.85715
3.85774
3.85452
3.84735
3.83619
3.8211
3.80223
3.77983
3.75439
3.72681
3.69874
3.67276
3.65211
3.63974
3.63692
3.64203
3.65055
3.65642
3.65451
3.64269
3.62244
3.59749
3.57149
3.5458
3.51872
3.48627
3.44381
3.38775
3.31663
3.23135
3.1349
3.03163
2.92649
2.82424
2.72885
2.64311
2.5685
2.5053
2.45292
2.41019
2.37572
2.34813
2.32611
2.30858
2.29463
2.28351
2.27463
2.26752
2.2618
2.25716
2.25339
2.25029
2.24772
2.24556
2.24374
2.24218
2.24082
2.23965
2.23854
2.23787
2.23558
4.00502
3.97941
3.95398
3.92879
3.9039
3.87938
3.8553
3.83176
3.80885
3.78668
3.76537
3.74505
3.72586
3.70792
3.69137
3.67637
3.66303
3.65148
3.64185
3.63422
3.62869
3.62531
3.62411
3.6251
3.62823
3.63344
3.64061
3.64957
3.66013
3.67201
3.68493
3.69852
3.71241
3.72616
3.73932
3.75142
3.762
3.77059
3.77676
3.78012
3.78034
3.77716
3.7704
3.76
3.74597
3.72839
3.7075
3.68368
3.65775
3.63124
3.6066
3.587
3.57549
3.5736
3.58006
3.59056
3.59902
3.59992
3.59058
3.57194
3.54755
3.52128
3.49504
3.4678
3.43612
3.3957
3.34302
3.27643
3.19653
3.10586
3.00831
2.90845
2.81072
2.71897
2.63595
2.56324
2.50128
2.44966
2.40737
2.37315
2.34569
2.32377
2.3063
2.2924
2.28134
2.27251
2.26545
2.25978
2.2552
2.25148
2.24843
2.2459
2.24379
2.24201
2.24048
2.23916
2.23801
2.23692
2.23628
2.23402
4.00435
3.97862
3.95306
3.9277
3.9026
3.87781
3.85342
3.8295
3.80614
3.78343
3.76147
3.7404
3.72032
3.70136
3.68364
3.6673
3.65246
3.63924
3.62774
3.61807
3.61029
3.60448
3.60066
3.59885
3.59902
3.60111
3.60504
3.61066
3.61782
3.62629
3.63582
3.64612
3.65686
3.66767
3.67815
3.68788
3.69644
3.70339
3.70832
3.71083
3.71059
3.70733
3.70084
3.69102
3.67783
3.66134
3.64173
3.61933
3.59487
3.56977
3.54634
3.52771
3.51698
3.51594
3.52365
3.53608
3.54715
3.55101
3.54438
3.52766
3.50414
3.47782
3.45111
3.42362
3.39247
3.35369
3.30383
3.24112
3.16584
3.08016
2.9876
2.89236
2.79864
2.71012
2.62954
2.55855
2.49773
2.44681
2.40493
2.37094
2.34361
2.32176
2.30435
2.2905
2.27948
2.2707
2.26369
2.25807
2.25354
2.24986
2.24686
2.24437
2.2423
2.24056
2.23906
2.23777
2.23665
2.23559
2.23496
2.23273
4.0037
3.97786
3.95217
3.92665
3.90136
3.87635
3.85168
3.82742
3.80366
3.78047
3.75796
3.73623
3.71538
3.69553
3.6768
3.65931
3.64316
3.62848
3.61536
3.60389
3.59415
3.5862
3.58007
3.57578
3.57332
3.57264
3.57367
3.57631
3.58041
3.58581
3.59229
3.59961
3.60748
3.61561
3.62362
3.63117
3.63784
3.64324
3.64696
3.64862
3.64788
3.64443
3.63807
3.62866
3.61615
3.60058
3.58209
3.56096
3.53787
3.51409
3.49184
3.47414
3.46419
3.46397
3.47294
3.48735
3.50116
3.5082
3.50461
3.49016
3.46783
3.4417
3.41464
3.38688
3.35609
3.31863
3.27113
3.21168
3.14031
3.05885
2.97049
2.87913
2.78878
2.70298
2.62445
2.55491
2.49504
2.44469
2.40314
2.36932
2.34207
2.32027
2.3029
2.28908
2.27809
2.26935
2.26238
2.25681
2.25232
2.24869
2.24572
2.24328
2.24124
2.23953
2.23807
2.2368
2.23571
2.23467
2.23406
2.23185
4.00306
3.97713
3.95131
3.92565
3.90019
3.87497
3.85006
3.82551
3.8014
3.7778
3.7548
3.7325
3.71099
3.69038
3.67077
3.65228
3.63501
3.61905
3.60452
3.59149
3.58003
3.5702
3.56204
3.55557
3.55078
3.54764
3.5461
3.54606
3.54744
3.55007
3.55381
3.55844
3.56373
3.56942
3.5752
3.58074
3.58567
3.5896
3.59215
3.59294
3.59162
3.5879
3.58154
3.57242
3.56046
3.5457
3.52826
3.50839
3.48668
3.4643
3.44332
3.42668
3.41761
3.41834
3.42869
3.44524
3.46205
3.47261
3.47246
3.46071
3.43993
3.41424
3.38696
3.35893
3.32838
3.29199
3.24645
3.1897
3.12151
3.04345
2.95841
2.8701
2.78233
2.69859
2.62159
2.55309
2.49387
2.44389
2.40251
2.36876
2.34153
2.31972
2.30234
2.28853
2.27755
2.26883
2.26189
2.25635
2.25189
2.2483
2.24537
2.24296
2.24096
2.23927
2.23784
2.2366
2.23552
2.23451
2.23391
2.23173
4.00248
3.97646
3.95053
3.92474
3.89913
3.87373
3.84861
3.8238
3.79939
3.77544
3.75202
3.72923
3.70716
3.68589
3.66553
3.64618
3.62794
3.6109
3.59514
3.58076
3.56781
3.55635
3.54642
3.53804
3.53121
3.5259
3.52209
3.51971
3.51867
3.51887
3.52018
3.52242
3.52541
3.5289
3.53264
3.53631
3.53958
3.54206
3.54341
3.54324
3.54123
3.5371
3.53065
3.52175
3.51036
3.49649
3.48026
3.46189
3.44187
3.42123
3.40189
3.38666
3.37879
3.38076
3.39277
3.41181
3.43201
3.4466
3.4504
3.44181
3.42292
3.39788
3.37044
3.34211
3.31167
3.27611
3.23215
3.17754
3.11181
3.03625
2.95357
2.86729
2.78116
2.69865
2.62247
2.55445
2.49545
2.4455
2.40406
2.37021
2.34287
2.32097
2.30351
2.28965
2.27865
2.26993
2.26299
2.25746
2.25303
2.24945
2.24655
2.24417
2.24219
2.24053
2.23912
2.2379
2.23685
2.23585
2.23527
2.23311
4.00197
3.97587
3.94985
3.92396
3.89822
3.87268
3.84738
3.82237
3.79771
3.77347
3.74971
3.72652
3.70398
3.68218
3.6612
3.64114
3.62209
3.60414
3.58737
3.57185
3.55765
3.54482
3.53339
3.5234
3.51484
3.5077
3.50197
3.49758
3.49447
3.49256
3.49174
3.49185
3.49273
3.49416
3.4959
3.49766
3.49914
3.5
3.49993
3.4986
3.49577
3.49119
3.48473
3.47628
3.46583
3.45341
3.43908
3.42298
3.40549
3.38746
3.37058
3.3575
3.35146
3.35518
3.36933
3.39133
3.41549
3.43469
3.44302
3.43803
3.42127
3.39692
3.36922
3.34039
3.30982
3.27479
3.23197
3.1789
3.1148
3.04073
2.95926
2.87384
2.78823
2.70589
2.62963
2.56134
2.50196
2.4516
2.40974
2.37552
2.34788
2.32574
2.30811
2.29412
2.28304
2.27425
2.26729
2.26174
2.25731
2.25374
2.25085
2.24848
2.24652
2.24488
2.24348
2.24228
2.24124
2.24025
2.23969
2.23755
4.00177
3.97563
3.94956
3.92361
3.8978
3.87217
3.84676
3.82162
3.7968
3.77236
3.74838
3.72492
3.70206
3.67988
3.65846
3.6379
3.61827
3.59966
3.58215
3.5658
3.55067
3.53682
3.52427
3.51305
3.50316
3.49458
3.48728
3.48122
3.47632
3.47249
3.4696
3.46753
3.4661
3.46513
3.46442
3.46375
3.46291
3.46168
3.45986
3.45727
3.45377
3.44922
3.44354
3.43667
3.42856
3.41917
3.40847
3.39646
3.38329
3.36954
3.35661
3.34691
3.34367
3.34989
3.36675
3.39225
3.42092
3.44529
3.45861
3.45746
3.44278
3.41877
3.3903
3.36043
3.3292
3.29416
3.25188
3.19955
3.13608
3.06232
2.98071
2.89476
2.80827
2.72485
2.64739
2.57788
2.51734
2.46593
2.42319
2.38823
2.36
2.33741
2.31944
2.30521
2.29395
2.28505
2.278
2.2724
2.26793
2.26434
2.26144
2.25906
2.25711
2.25547
2.25408
2.25288
2.25185
2.25087
2.25031
2.24819
4.00266
3.9766
3.95063
3.92476
3.89904
3.8735
3.84817
3.82311
3.79836
3.77398
3.75004
3.7266
3.70373
3.68151
3.66001
3.63933
3.61953
3.6007
3.58289
3.56617
3.55057
3.53615
3.5229
3.51081
3.49987
3.49002
3.48119
3.47327
3.46617
3.45976
3.45393
3.44856
3.44356
3.43887
3.43445
3.43031
3.42647
3.42297
3.41983
3.41705
3.41463
3.41247
3.41046
3.40844
3.4062
3.40349
3.40002
3.39552
3.3898
3.3831
3.3764
3.37186
3.37265
3.38209
3.40208
3.43133
3.4647
3.49438
3.51265
3.51496
3.50156
3.47675
3.4462
3.414
3.38096
3.34487
3.30206
3.24931
3.1851
3.11007
3.02665
2.93844
2.84944
2.76339
2.68336
2.61145
2.54877
2.49551
2.45123
2.41504
2.38584
2.36251
2.34398
2.32933
2.31777
2.30864
2.30142
2.2957
2.29115
2.2875
2.28455
2.28215
2.28017
2.27852
2.27713
2.27592
2.27489
2.27391
2.27335
2.27124
4.0087
3.98315
3.95772
3.93243
3.9073
3.88237
3.85768
3.83327
3.80918
3.78548
3.76221
3.73943
3.71722
3.69564
3.67474
3.6546
3.63527
3.6168
3.59921
3.58252
3.56672
3.55179
3.53764
3.5242
3.51135
3.49896
3.48687
3.47497
3.46315
3.45136
3.43965
3.42814
3.41708
3.40681
3.39773
3.39029
3.38491
3.38194
3.3816
3.38394
3.38882
3.39594
3.40487
3.41504
3.42582
3.43654
3.4465
3.45498
3.4614
3.46555
3.46797
3.47049
3.47627
3.48909
3.51174
3.54388
3.5809
3.61468
3.63638
3.64016
3.62553
3.59706
3.56148
3.52418
3.48686
3.44751
3.40209
3.34679
3.27962
3.20099
3.11339
3.02061
2.9269
2.83625
2.75189
2.67607
2.60997
2.55381
2.50714
2.46903
2.43833
2.41383
2.39442
2.3791
2.36703
2.35751
2.35001
2.34407
2.33936
2.33558
2.33254
2.33007
2.32804
2.32634
2.32491
2.32369
2.32263
2.32164
2.32107
2.31894
4.03623
4.01252
3.98896
3.96557
3.94238
3.91941
3.89668
3.87422
3.85206
3.83023
3.80877
3.78769
3.76704
3.74681
3.72703
3.70768
3.68873
3.67015
3.65186
3.63375
3.61569
3.59754
3.57911
3.56025
3.54082
3.52074
3.49999
3.47873
3.45725
3.43603
3.41576
3.39728
3.38158
3.36967
3.36255
3.36103
3.36567
3.37669
3.39395
3.41695
3.44485
3.47658
3.51095
3.54666
3.58243
3.61702
3.64921
3.67782
3.70181
3.72049
3.73398
3.74381
3.75322
3.76668
3.78818
3.81869
3.85435
3.88674
3.90583
3.9044
3.88133
3.84177
3.79399
3.74501
3.69755
3.64966
3.59673
3.53414
3.45935
3.37259
3.27651
3.17519
3.0732
2.97479
2.88339
2.80133
2.72984
2.66916
2.61877
2.57766
2.54458
2.51822
2.49735
2.48091
2.46797
2.45778
2.44976
2.44341
2.43837
2.43435
2.4311
2.42847
2.42631
2.42451
2.42299
2.4217
2.42058
2.41954
2.41894
2.41676
4.14773
4.12877
4.10986
4.091
4.07216
4.05333
4.03448
4.01557
3.99658
3.97745
3.95813
3.93854
3.91862
3.89825
3.87734
3.85575
3.83335
3.80999
3.78556
3.75995
3.73309
3.70502
3.67589
3.64598
3.61582
3.58612
3.55788
3.53234
3.51096
3.49534
3.48715
3.48796
3.4991
3.52154
3.55571
3.60149
3.65812
3.72431
3.79829
3.87797
3.96111
4.0454
4.12864
4.20877
4.28387
4.35219
4.41206
4.46193
4.50042
4.52657
4.54034
4.5434
4.53967
4.53495
4.53506
4.54271
4.55492
4.56286
4.55525
4.5238
4.46754
4.39321
4.31144
4.23127
4.15628
4.08413
4.00911
3.92556
3.83035
3.72366
3.60844
3.48918
3.37075
3.25761
3.15323
3.05996
2.97893
2.91027
2.8533
2.80684
2.76945
2.73964
2.71603
2.69739
2.6827
2.67111
2.66196
2.6547
2.64892
2.64428
2.64054
2.63749
2.63499
2.6329
2.63114
2.62964
2.62835
2.62716
2.62645
2.62407
4.5714
4.56251
4.55303
4.54288
4.53195
4.52016
4.5074
4.49359
4.47865
4.46249
4.44508
4.42639
4.40646
4.38539
4.36336
4.34069
4.31784
4.29545
4.27442
4.25591
4.24138
4.23265
4.23191
4.24167
4.26473
4.30409
4.36277
4.44361
4.54898
4.68054
4.8389
5.02341
5.23198
5.46107
5.7058
5.96029
6.21801
6.47232
6.71694
6.94624
7.15551
7.34091
7.49945
7.62876
7.72689
7.79217
7.82338
7.81991
7.78201
7.71105
7.61009
7.48454
7.34282
7.1951
7.05068
6.91418
6.7827
6.64643
6.4936
6.31727
6.11999
5.91288
5.71038
5.5232
5.35405
5.19818
5.0473
4.89399
4.73446
4.569
4.40084
4.23463
4.07515
3.92652
3.79177
3.67274
3.57006
3.48335
3.41144
3.35268
3.3052
3.26713
3.23674
3.21255
3.19328
3.17792
3.16563
3.15576
3.1478
3.14133
3.13605
3.1317
3.12808
3.12505
3.12249
3.12028
3.1184
3.11667
3.11558
3.11254
6.52165
6.55995
6.59884
6.63863
6.67974
6.72269
6.76815
6.81694
6.87009
6.92882
6.99464
7.06934
7.15507
7.25435
7.37013
7.50582
7.66534
7.85312
8.0741
8.33375
8.63794
8.99288
9.40493
9.88033
10.4249
11.0434
11.7394
12.5141
13.366
14.2904
15.2784
16.3171
17.3893
18.4738
19.5463
20.5807
21.5503
22.4299
23.1966
23.8316
24.3204
24.6531
24.8235
24.8278
24.6655
24.3398
23.8585
23.2344
22.4854
21.6339
20.7058
19.7318
18.7484
17.7779
16.8348
15.9237
15.0399
14.1741
13.3209
12.4855
11.6842
10.9382
10.2641
9.66705
9.14025
8.66944
8.23922
7.83797
7.45962
7.10282
6.76903
6.46067
6.17999
5.92852
5.70684
5.51458
5.35041
5.21221
5.09727
5.00258
4.9251
4.86196
4.81057
4.76875
4.73463
4.70674
4.68384
4.66497
4.64935
4.63635
4.62549
4.61635
4.60863
4.60206
4.59643
4.59152
4.58724
4.58337
4.58066
4.57514
21.6685
22.1745
22.7028
23.2561
23.8371
24.4488
25.0944
25.7771
26.5007
27.2689
28.0857
28.9553
29.8821
30.8705
31.9251
33.0506
34.2516
35.5329
36.8991
38.3549
39.9047
41.5527
43.3031
45.1596
47.1255
49.2034
51.3953
53.7018
56.1215
58.6503
61.2799
63.9963
66.7772
69.5899
72.3893
75.1157
77.6954
80.0418
82.0607
83.6564
84.741
85.2446
85.1161
84.3202
82.8699
80.8094
78.203
75.1287
71.6737
67.9325
64.0052
59.9919
55.9806
52.055
48.2747
44.6704
41.2534
38.0305
35.0157
32.2324
29.7051
27.4478
25.4565
23.7096
22.175
20.8191
19.6133
18.5365
17.5741
16.7154
15.952
15.2766
14.6827
14.1641
13.715
13.3295
13.0013
12.724
12.4912
12.2966
12.1344
11.9992
11.8864
11.7923
11.7135
11.6474
11.5917
11.5448
11.5051
11.4713
11.4426
11.4182
11.3973
11.3794
11.364
11.351
11.3399
11.3303
11.3229
11.3142
130.491
132.094
133.632
135.095
136.479
137.775
138.977
140.074
141.06
141.923
142.654
143.24
143.67
143.929
144.004
143.879
143.537
142.962
142.137
141.044
139.667
137.99
136
133.688
131.05
128.089
124.816
121.256
117.443
113.428
109.275
105.062
100.875
96.808
92.951
89.386
86.1777
83.3681
80.9731
78.982
77.3635
76.0623
75.033
74.2716
73.704
73.2515
72.8451
72.4304
71.9695
71.4418
70.8435
70.1836
69.4773
68.7395
67.9814
67.2109
66.4377
65.6771
64.9514
64.2839
63.6929
63.1859
62.7596
62.4036
62.1052
61.8534
61.6404
61.4616
61.3139
61.1953
61.1039
61.038
60.9952
60.9732
60.9689
60.9791
61.0006
61.0301
61.0647
61.102
61.14
61.1772
61.2126
61.2455
61.2754
61.3023
61.3261
61.3468
61.3647
61.3799
61.3927
61.4032
61.4118
61.4187
61.424
61.4279
61.431
61.432
61.4359
61.4261
25.8434
22.0539
23.13
21.3496
27.3227
52.2184
94.7209
145.878
199.096
250.742
299.212
343.807
384.119
419.809
450.613
476.451
497.526
514.357
527.741
538.662
548.176
557.21
565.883
575.028
585.217
596.849
610.106
624.907
640.812
656.881
671.527
682.427
686.703
681.62
665.941
641.209
611.984
583.157
551.983
517.85
482.145
446.474
412.085
379.773
349.932
322.664
297.874
275.353
254.83
236.016
218.623
202.384
187.059
172.448
158.397
144.802
131.618
118.862
106.608
94.9769
84.1298
74.2448
65.5
58.051
52.0021
47.3756
44.0868
41.941
40.6798
40.0347
39.7751
39.7355
39.8153
39.961
40.1445
40.3489
40.5614
40.7723
40.9751
41.1658
41.3427
41.505
41.6528
41.7864
41.9065
42.0141
42.1099
42.1951
42.2706
42.3373
42.396
42.4477
42.493
42.5327
42.5674
42.5977
42.6241
42.6471
42.6663
42.6883
100.439
73.8385
77.6657
94.8587
126.623
163.893
198.175
225.985
247.738
265.228
280.552
295.18
309.651
323.674
336.472
347.178
355.144
360.11
362.245
362.082
360.394
357.879
354.527
351.058
348.239
346.76
347.292
350.424
356.568
365.772
377.429
389.926
400.452
405.405
401.821
389.032
368.959
344.439
317.761
290.691
264.482
239.921
217.412
197.073
178.839
162.539
147.96
134.873
123.064
112.334
102.511
93.4426
85.0002
77.0773
69.5894
62.475
55.6967
49.2428
43.1267
37.3853
32.0735
27.2557
22.9943
19.3365
16.303
13.8801
12.0215
10.6593
9.69599
9.03197
8.58428
8.28822
8.09483
7.96854
7.88541
7.83077
7.79631
7.77706
7.76948
7.77061
7.77786
7.78914
7.80281
7.81768
7.83294
7.84801
7.8625
7.87616
7.88885
7.90049
7.91104
7.92052
7.92897
7.93646
7.94304
7.94879
7.95382
7.95811
7.96204
7.96558
187.639
133.129
139.732
158.729
183.455
205.106
220.963
233.178
245.279
259.828
277.926
299.227
322.35
345.429
366.643
384.573
398.352
407.614
412.353
412.777
409.226
402.244
392.404
380.32
366.579
351.947
337.324
323.701
312.07
303.272
297.783
295.437
295.174
295.124
293.044
286.69
275.41
260.215
242.637
224.035
205.435
187.545
170.789
155.37
141.333
128.626
117.141
106.753
97.3294
88.7444
80.8822
73.6381
66.9184
60.6411
54.7361
49.1465
43.8309
38.7653
33.9454
29.3869
25.1239
21.2036
17.6782
14.5936
11.9789
9.83848
8.14972
6.8662
5.92496
5.25609
4.79168
4.47232
4.25077
4.093
3.97676
3.88885
3.82179
3.77118
3.73387
3.70721
3.68885
3.67672
3.66917
3.66492
3.66301
3.66273
3.66355
3.66507
3.667
3.66913
3.67131
3.67343
3.67543
3.67727
3.67892
3.68037
3.68164
3.68266
3.68376
3.68371
256.455
175.5
178.675
188.791
199.847
209.08
217.908
229.168
244.78
265.081
289.308
316.082
343.771
370.765
395.67
417.414
435.254
448.717
457.528
461.567
460.872
455.671
446.251
433
416.389
397.032
375.664
353.108
330.174
307.456
285.039
262.344
238.645
215.254
196.879
185.97
179.541
173.816
167.014
158.854
149.688
140.015
130.265
120.742
111.63
103.021
94.9519
87.4215
80.409
73.8821
67.8018
62.1249
56.8065
51.8008
47.0632
42.5526
38.2348
34.0858
30.0958
26.2717
22.6382
19.2356
16.1144
13.3259
10.9122
8.89602
7.27533
6.02287
5.09132
4.42163
3.95221
3.62682
3.39955
3.23673
3.11605
3.02399
2.95277
2.89778
2.85586
2.82446
2.80138
2.78471
2.77287
2.76464
2.75908
2.75549
2.75331
2.75215
2.75169
2.7517
2.75201
2.75248
2.75304
2.75362
2.75417
2.75467
2.75512
2.75543
2.75593
2.75518
291.43
189.522
189.994
194.916
199.63
205.353
214.295
227.771
245.854
267.838
292.767
319.611
347.285
374.667
400.646
424.19
444.397
460.526
472.023
478.545
479.984
476.5
468.434
456.22
440.382
421.548
400.42
377.694
353.87
328.886
301.574
269.426
230.04
185.528
145.751
120.926
110.72
107.959
106.976
105.374
102.637
98.9348
94.5776
89.836
84.9064
79.9222
74.973
70.1198
65.4042
60.8536
56.4835
52.2993
48.2973
44.4657
40.7863
37.237
33.7956
30.4439
27.1722
23.984
20.8984
17.9506
15.1889
12.6675
10.4375
8.53586
6.97773
5.75303
4.82894
4.15692
3.68196
3.35117
3.11993
2.95469
2.83276
2.74009
2.66847
2.61299
2.57034
2.53798
2.51374
2.4958
2.48267
2.47316
2.46638
2.46164
2.4584
2.45626
2.45492
2.45413
2.45373
2.45358
2.45358
2.45367
2.4538
2.45394
2.45407
2.45411
2.45437
2.45337
293.849
184.693
184.608
189.908
194.902
201.558
211.658
225.613
243.036
263.357
286.04
310.509
336.043
361.743
386.587
409.53
429.6
445.976
458.042
465.422
468.042
466.026
459.693
449.505
436.027
419.909
401.818
382.28
361.355
338.018
309.417
271.121
220.703
163.951
114.887
84.6246
72.2343
69.5789
69.9764
70.4253
70.1202
69.0618
67.431
65.3926
63.0629
60.5202
57.8216
55.0136
52.137
49.2286
46.3201
43.4366
40.5955
37.8056
35.0671
32.3731
29.7122
27.0727
24.4474
21.8382
19.2606
16.7452
14.3369
12.0897
10.0589
8.29066
6.81312
5.63063
4.724
4.05565
3.5782
3.24332
3.0086
2.84121
2.71838
2.62568
2.55447
2.4995
2.45729
2.42518
2.40101
2.38299
2.36967
2.3599
2.35281
2.34773
2.34416
2.34169
2.34003
2.33895
2.33827
2.33787
2.33765
2.33754
2.3375
2.33748
2.33747
2.33739
2.33756
2.33643
273.387
172.482
173.381
181.792
189.946
198.674
209.244
222.076
237.141
254.331
273.5
294.363
316.41
338.902
360.945
381.589
399.931
415.203
426.824
434.471
438.05
437.676
433.665
426.484
416.7
404.915
391.631
376.97
360.09
338.263
306.285
258.597
196.222
132.153
83.7286
58.1689
49.5968
48.6107
49.473
50.113
50.1549
49.7157
48.9608
47.998
46.8792
45.6236
44.2373
42.7258
41.0988
39.3718
37.5645
35.6975
33.7896
31.8551
29.9016
27.93
25.9356
23.9112
21.8513
19.757
17.6404
15.5277
13.4593
11.4868
9.66598
8.04767
6.66854
5.5442
4.66724
4.01071
3.53547
3.19871
2.96122
2.79165
2.66766
2.57469
2.50382
2.44948
2.40798
2.37654
2.35293
2.33536
2.32238
2.31287
2.30597
2.30102
2.29753
2.29511
2.29347
2.2924
2.29171
2.2913
2.29106
2.29093
2.29086
2.29082
2.29079
2.2907
2.29084
2.28969
240.124
160.324
161.825
173.911
185.979
197.023
207.735
218.88
231.017
244.536
259.631
276.255
294.089
312.581
331.009
348.585
364.546
378.228
389.125
396.967
401.668
403.342
402.287
398.939
393.795
387.29
379.536
369.797
355.544
331.457
290.298
228.909
156.827
94.0106
55.0611
39.1209
35.8829
36.6882
37.7602
38.1903
38.0511
37.5834
36.9674
36.2978
35.6075
34.8945
34.1409
33.3259
32.4329
31.4533
30.3863
29.2375
28.0162
26.7317
25.3905
23.9946
22.5414
21.0252
19.4405
17.787
16.0736
14.3218
12.5671
10.8568
9.2449
7.78336
6.51372
5.45943
4.62259
3.98573
3.51777
3.18193
2.94286
2.77131
2.64586
2.55216
2.48115
2.42707
2.38603
2.35513
2.33209
2.31505
2.30256
2.29349
2.28697
2.28236
2.27916
2.27698
2.27556
2.27465
2.27412
2.27383
2.27369
2.27365
2.27366
2.27368
2.2737
2.27366
2.27384
2.27273
201.785
150.481
152.055
167.035
182.897
196.508
207.748
217.531
226.938
236.856
247.852
260.152
273.662
288.036
302.753
317.204
330.779
342.936
353.264
361.539
367.699
371.854
374.271
375.3
375.257
374.171
371.284
364.144
347.484
313.381
256.001
181.076
108.452
57.8593
33.978
27.6703
28.1003
29.6003
30.4767
30.6197
30.2924
29.7396
29.117
28.5058
27.9381
27.4149
26.9198
26.4282
25.9143
25.3565
24.7393
24.0546
23.2998
22.4758
21.5835
20.6223
19.588
18.474
17.2737
15.9844
14.6113
13.1714
11.695
10.2244
8.80983
7.50233
6.34534
5.36731
4.57748
3.96632
3.51016
3.17813
2.93904
2.76614
2.63925
2.54451
2.47289
2.41857
2.37753
2.3468
2.32401
2.30728
2.29514
2.28643
2.28026
2.27599
2.27309
2.2712
2.27003
2.26935
2.26901
2.2689
2.26892
2.26901
2.26913
2.26926
2.26937
2.26941
2.26965
2.26861
160.513
139.973
144.5
161.283
180.257
196.643
209.198
218.574
226.113
233.126
240.583
249.034
258.657
269.333
280.748
292.473
304.052
315.058
325.195
334.284
342.294
349.323
355.558
361.148
365.962
369.082
367.942
357.229
328.804
275.563
200.512
122.097
62.8471
31.9352
22.3052
21.9733
23.6934
24.9829
25.4743
25.382
24.9619
24.3949
23.7909
23.2119
22.6886
22.23
21.8298
21.4714
21.1326
20.7901
20.4231
20.0156
19.5565
19.0392
18.4588
17.8104
17.087
16.28
15.3806
14.3831
13.2892
12.1111
10.8739
9.6147
8.37927
7.21605
6.16847
5.26771
4.52808
3.9464
3.50542
3.17978
2.94238
2.7691
2.64119
2.54541
2.47296
2.41803
2.37658
2.34558
2.32265
2.3059
2.29381
2.28522
2.27923
2.27514
2.27244
2.27075
2.26977
2.26927
2.2691
2.26914
2.2693
2.26951
2.26975
2.26997
2.27017
2.27028
2.27059
2.26962
119.534
127.038
139.093
157.995
179.36
198.407
212.936
223.009
229.891
235.135
240.058
245.553
252.096
259.819
268.619
278.251
288.407
298.792
309.214
319.562
329.812
339.989
350.044
359.597
367.424
370.633
363.692
338.446
287.59
212.959
131.643
67.0779
31.1826
18.7979
17.5829
19.2729
20.8078
21.5898
21.7554
21.5361
21.1069
20.5811
20.0301
19.4986
19.0138
18.5892
18.2273
17.9212
17.6566
17.4151
17.177
16.9241
16.6416
16.3181
15.9446
15.5124
15.012
14.4323
13.7622
12.9931
12.123
11.1599
10.1237
9.04626
7.96866
6.93595
5.99023
5.16383
4.47445
3.92383
3.50009
3.18278
2.94861
2.77602
2.64773
2.55123
2.478
2.42233
2.38021
2.34863
2.32524
2.30813
2.2958
2.28706
2.28098
2.27688
2.2742
2.27256
2.27164
2.27122
2.27113
2.27124
2.27148
2.27177
2.27207
2.27235
2.2726
2.27276
2.27311
2.2722
83.9819
111.429
136.716
161.585
186.313
207.976
224.482
235.608
242.488
246.77
250.005
253.372
257.618
263.121
269.985
278.145
287.441
297.735
308.927
320.92
333.59
346.648
359.36
370.029
375.236
369.111
343.686
292.362
217.324
135.011
68.4348
30.2701
16.3669
14.4787
15.976
17.565
18.5182
18.8948
18.8804
18.625
18.2313
17.7681
17.2828
16.8081
16.3669
15.9738
15.6361
15.354
15.1206
14.9238
14.748
14.5766
14.3943
14.188
13.9465
13.659
13.3139
12.8986
12.3996
11.8062
11.1129
10.3237
9.45365
8.52975
7.58836
6.6708
5.81711
5.05967
4.41834
3.89856
3.49287
3.18506
2.95527
2.78432
2.65634
2.55957
2.4858
2.42947
2.38662
2.35433
2.33027
2.31258
2.29976
2.29063
2.28425
2.27992
2.27708
2.27531
2.27432
2.27384
2.27372
2.27382
2.27405
2.27434
2.27465
2.27494
2.2752
2.27538
2.27574
2.27483
62.7813
105.515
152.625
191.163
221.89
245.088
261.015
270.639
275.576
277.652
278.523
279.475
281.388
284.781
289.898
296.817
305.521
315.992
328.08
341.48
355.578
369.14
379.825
383.566
374.221
344.456
289.329
212.673
130.944
65.6542
28.2562
14.4451
12.3164
13.5603
15.0422
16.0403
16.5557
16.7156
16.6318
16.3869
16.0418
15.6417
15.2199
14.8016
14.4055
14.0454
13.7306
13.465
13.2472
13.0705
12.9237
12.7933
12.6656
12.5276
12.3677
12.1743
11.9352
11.6366
11.2638
10.8039
10.2489
9.59892
8.86499
8.06939
7.24401
6.42637
5.6541
4.95896
4.36206
3.87162
3.48376
3.18588
2.96113
2.79249
2.66542
2.56882
2.49484
2.43802
2.39455
2.36154
2.33675
2.31836
2.30492
2.29523
2.28839
2.28366
2.2805
2.27848
2.27727
2.27663
2.27637
2.27636
2.2765
2.27672
2.27697
2.27722
2.27745
2.27759
2.27793
2.27699
58.0339
172.509
286.312
349.735
374.232
378.476
374.13
366.67
358.387
350.383
343.433
338.183
335.116
334.511
336.5
341.156
348.468
358.111
369.436
381.321
391.858
397.958
395.018
377.082
338.279
276.375
197.717
118.796
58.3465
24.8169
12.732
10.8348
11.8257
13.0879
14.0248
14.6054
14.8963
14.9634
14.8632
14.6439
14.3457
14.001
13.6351
13.2677
12.9142
12.587
12.2954
12.0455
11.8389
11.6727
11.5397
11.4296
11.3307
11.2314
11.1206
10.9873
10.8193
10.6026
10.3219
9.96302
9.51557
8.97678
8.35385
7.66488
6.93755
6.20575
5.50453
4.86463
4.30784
3.84444
3.47345
3.18532
2.96582
2.79985
2.67405
2.57798
2.50405
2.44699
2.40304
2.36941
2.34392
2.32483
2.3107
2.30039
2.29298
2.28777
2.28418
2.2818
2.28028
2.27938
2.2789
2.27871
2.27869
2.27878
2.27892
2.27908
2.27923
2.2793
2.27959
2.27858
50.8332
844.884
1154.71
1122.43
974.332
825.234
707.972
621.944
559.259
513.192
479.291
454.688
437.417
426.038
419.755
417.962
419.486
422.878
426.212
426.795
420.948
404.066
371.309
319.391
249.615
170.841
98.545
46.9984
20.239
11.1805
9.8462
10.5938
11.5745
12.3798
12.9635
13.3387
13.5271
13.5564
13.4589
13.2668
13.0095
12.7116
12.393
12.0697
11.7545
11.4581
11.1896
10.9554
10.7592
10.6006
10.4751
10.3752
10.2914
10.2135
10.1318
10.0362
9.91533
9.75569
9.54209
9.25944
8.89582
8.44589
7.91355
7.31314
6.6685
6.01004
5.37031
4.77881
4.2576
3.8185
3.46293
3.18389
2.96945
2.80619
2.68183
2.58647
2.51282
2.45569
2.41142
2.37729
2.3512
2.33144
2.31665
2.3057
2.2977
2.29196
2.2879
2.28509
2.28321
2.28199
2.28124
2.28081
2.28059
2.2805
2.2805
2.28052
2.28056
2.28054
2.28075
2.27964
)
;

boundaryField
{
    outlet
    {
        type            zeroGradient;
    }
    inlet
    {
        type            fixedValue;
        value           uniform 5.199;
    }
    lowerWall
    {
        type            epsilonWallFunction;
        Cmu             0.09;
        kappa           0.41;
        E               9.8;
        value           nonuniform List<scalar> 
148
(
151.448
203.15
260.735
321.761
383.631
443.734
499.787
550.084
593.573
629.816
658.882
681.214
697.487
708.499
715.075
718.009
718.027
715.769
711.78
706.512
700.337
693.551
686.384
679.013
671.569
664.144
656.795
649.567
642.384
635.607
627.355
626.308
590.336
25.8434
100.439
187.639
256.455
291.43
293.849
273.387
240.124
201.785
160.513
119.534
83.9819
62.7813
58.0339
50.8332
25.8434
22.0539
23.13
21.3496
27.3227
52.2184
94.7209
145.878
199.096
250.742
299.212
343.807
384.119
419.809
450.613
476.451
497.526
514.357
527.741
538.662
548.176
557.21
565.883
575.028
585.217
596.849
610.106
624.907
640.812
656.881
671.527
682.427
686.703
681.62
665.941
641.209
611.984
583.157
551.983
517.85
482.145
446.474
412.085
379.773
349.932
322.664
297.874
275.353
254.83
236.016
218.623
202.384
187.059
172.448
158.397
144.802
131.618
118.862
106.608
94.9769
84.1298
74.2448
65.5
58.051
52.0021
47.3756
44.0868
41.941
40.6798
40.0347
39.7751
39.7355
39.8153
39.961
40.1445
40.3489
40.5614
40.7723
40.9751
41.1658
41.3427
41.505
41.6528
41.7864
41.9065
42.0141
42.1099
42.1951
42.2706
42.3373
42.396
42.4477
42.493
42.5327
42.5674
42.5977
42.6241
42.6471
42.6663
42.6883
)
;
    }
    upperWall
    {
        type            epsilonWallFunction;
        Cmu             0.09;
        kappa           0.41;
        E               9.8;
        value           nonuniform List<scalar> 
133
(
44.7794
48.3125
51.8865
55.4658
59.0312
62.5709
66.0742
69.5312
72.9332
76.2723
79.5414
82.7347
85.8471
88.8744
91.8132
94.661
97.4158
100.076
102.642
105.112
107.488
109.768
111.956
114.05
116.054
117.968
119.794
121.534
123.191
124.765
126.26
127.676
129.019
130.491
132.094
133.632
135.095
136.479
137.775
138.977
140.074
141.06
141.923
142.654
143.24
143.67
143.929
144.004
143.879
143.537
142.962
142.137
141.044
139.667
137.99
136
133.688
131.05
128.089
124.816
121.256
117.443
113.428
109.275
105.062
100.875
96.808
92.951
89.386
86.1777
83.3681
80.9731
78.982
77.3635
76.0623
75.033
74.2716
73.704
73.2515
72.8451
72.4304
71.9695
71.4418
70.8435
70.1836
69.4773
68.7395
67.9814
67.2109
66.4377
65.6771
64.9514
64.2839
63.6929
63.1859
62.7596
62.4036
62.1052
61.8534
61.6404
61.4616
61.3139
61.1953
61.1039
61.038
60.9952
60.9732
60.9689
60.9791
61.0006
61.0301
61.0647
61.102
61.14
61.1772
61.2126
61.2455
61.2754
61.3023
61.3261
61.3468
61.3647
61.3799
61.3927
61.4032
61.4118
61.4187
61.424
61.4279
61.431
61.432
61.4359
61.4261
)
;
    }
    frontAndBack
    {
        type            empty;
    }
}


// ************************************************************************* //
