/*--------------------------------*- C++ -*----------------------------------*\
| =========                 |                                                 |
| \\      /  F ield         | OpenFOAM: The Open Source CFD Toolbox           |
|  \\    /   O peration     | Version:  2.1.1                                 |
|   \\  /    A nd           | Web:      www.OpenFOAM.org                      |
|    \\/     M anipulation  |                                                 |
\*---------------------------------------------------------------------------*/
FoamFile
{
    version     2.0;
    format      ascii;
    class       volScalarField;
    location    "0.04";
    object      nut;
}
// * * * * * * * * * * * * * * * * * * * * * * * * * * * * * * * * * * * * * //

dimensions      [0 2 -1 0 0 0 0];

internalField   nonuniform List<scalar> 
6820
(
4.96025e-05
5.47044e-05
5.94497e-05
6.37667e-05
6.76167e-05
7.0978e-05
7.3849e-05
7.62475e-05
7.8206e-05
7.97663e-05
8.09749e-05
8.18794e-05
8.25261e-05
8.29579e-05
8.32135e-05
8.33268e-05
8.33272e-05
8.32394e-05
8.3084e-05
8.28781e-05
8.26354e-05
8.2367e-05
8.20816e-05
8.17861e-05
8.14853e-05
8.11831e-05
8.08816e-05
8.05829e-05
8.02837e-05
7.99992e-05
7.96503e-05
7.96048e-05
7.80479e-05
0.000540294
0.000304979
0.000219974
0.000171578
0.000140544
0.000119685
0.000105163
9.47807e-05
8.72172e-05
8.16355e-05
7.74853e-05
7.43928e-05
7.20972e-05
7.04125e-05
6.92028e-05
6.83677e-05
6.78315e-05
6.7536e-05
6.74363e-05
6.74968e-05
6.76891e-05
6.799e-05
6.83805e-05
6.88447e-05
6.93688e-05
6.99409e-05
7.05506e-05
7.11875e-05
7.18438e-05
7.25051e-05
7.31729e-05
7.38139e-05
7.43796e-05
0.00105857
0.000836082
0.000679228
0.000569602
0.000490041
0.000430104
0.000383691
0.000346847
0.000316952
0.000292244
0.000271508
0.000253882
0.000238739
0.000225612
0.000214143
0.000204057
0.000195137
0.000187209
0.000180131
0.000173788
0.000168085
0.000162941
0.000158289
0.000154072
0.000150239
0.000146749
0.000143562
0.000140647
0.00013797
0.000135511
0.000133202
0.000131144
0.000128791
0.00115953
0.00109653
0.00101166
0.0009264
0.000849785
0.000783584
0.000727018
0.000678676
0.000637141
0.000601193
0.00056983
0.000542248
0.00051781
0.000496008
0.000476434
0.000458762
0.000442726
0.00042811
0.000414734
0.000402449
0.00039113
0.00038067
0.00037098
0.000361983
0.000353614
0.000345817
0.000338548
0.000331768
0.000325451
0.000319582
0.000314162
0.00030922
0.000304804
0.00116966
0.00115863
0.00113362
0.00109756
0.00105568
0.00101219
0.000969664
0.000929405
0.000891962
0.000857459
0.000825807
0.000796814
0.000770254
0.000745895
0.000723517
0.000702915
0.000683907
0.00066633
0.000650038
0.000634904
0.000620814
0.000607667
0.000595373
0.000583852
0.000573033
0.00056285
0.000553247
0.000544171
0.000535575
0.000527419
0.000519673
0.000512313
0.000505354
0.00117006
0.00116839
0.00116306
0.0011526
0.00113713
0.00111768
0.00109554
0.00107192
0.00104773
0.00102363
0.00100004
0.000977238
0.000955384
0.000934554
0.000914776
0.000896042
0.000878323
0.000861579
0.000845758
0.00083081
0.000816678
0.000803309
0.00079065
0.000778648
0.000767253
0.000756414
0.000746085
0.000736216
0.000726761
0.000717674
0.000708908
0.00070042
0.000692169
0.00116996
0.00116938
0.00116821
0.00116569
0.00116123
0.00115458
0.00114584
0.00113529
0.0011233
0.00111026
0.00109653
0.0010824
0.0010681
0.00105382
0.00103971
0.00102585
0.00101233
0.000999198
0.000986476
0.000974185
0.000962331
0.000950914
0.000939923
0.000929347
0.000919168
0.000909364
0.000899913
0.000890789
0.000881963
0.000873404
0.000865082
0.000856965
0.000849022
0.00116994
0.0011694
0.00116883
0.00116803
0.00116674
0.00116472
0.0011618
0.00115791
0.00115305
0.0011473
0.00114077
0.00113358
0.00112587
0.00111777
0.00110938
0.00110081
0.00109214
0.00108344
0.00107476
0.00106615
0.00105765
0.00104929
0.00104108
0.00103303
0.00102516
0.00101746
0.00100994
0.0010026
0.000995411
0.000988379
0.000981488
0.000974725
0.000968082
0.00116994
0.00116939
0.00116886
0.00116832
0.0011677
0.00116692
0.00116588
0.00116449
0.00116269
0.00116044
0.00115773
0.00115458
0.00115101
0.00114706
0.00114278
0.00113823
0.00113344
0.00112846
0.00112334
0.00111811
0.00111281
0.00110746
0.0011021
0.00109674
0.00109139
0.00108608
0.0010808
0.00107557
0.0010704
0.00106528
0.00106022
0.00105522
0.00105029
0.00116994
0.00116938
0.00116885
0.00116833
0.00116782
0.00116729
0.00116671
0.00116605
0.00116527
0.00116433
0.0011632
0.00116187
0.00116032
0.00115855
0.00115658
0.0011544
0.00115203
0.00114949
0.0011468
0.00114398
0.00114104
0.001138
0.00113488
0.0011317
0.00112846
0.00112519
0.00112188
0.00111856
0.00111523
0.00111189
0.00110857
0.00110525
0.00110197
0.00116994
0.00116938
0.00116884
0.00116832
0.00116782
0.00116732
0.00116683
0.00116634
0.00116582
0.00116527
0.00116467
0.001164
0.00116325
0.00116242
0.00116148
0.00116045
0.00115931
0.00115808
0.00115674
0.00115532
0.0011538
0.00115221
0.00115054
0.00114881
0.00114702
0.00114517
0.00114329
0.00114136
0.00113941
0.00113744
0.00113545
0.00113347
0.00113149
0.00116994
0.00116938
0.00116884
0.00116832
0.00116781
0.00116732
0.00116684
0.00116637
0.00116591
0.00116546
0.00116499
0.00116452
0.00116403
0.00116352
0.00116298
0.0011624
0.00116179
0.00116113
0.00116043
0.00115968
0.00115889
0.00115805
0.00115717
0.00115625
0.0011553
0.0011543
0.00115328
0.00115223
0.00115115
0.00115006
0.00114896
0.00114786
0.00114677
0.00116994
0.00116938
0.00116884
0.00116832
0.00116781
0.00116732
0.00116684
0.00116637
0.00116592
0.00116548
0.00116505
0.00116462
0.0011642
0.00116378
0.00116336
0.00116294
0.00116251
0.00116207
0.00116161
0.00116115
0.00116067
0.00116017
0.00115966
0.00115913
0.00115858
0.00115802
0.00115744
0.00115686
0.00115626
0.00115567
0.00115507
0.00115448
0.0011539
0.00116994
0.00116938
0.00116884
0.00116832
0.00116781
0.00116731
0.00116683
0.00116637
0.00116591
0.00116547
0.00116505
0.00116463
0.00116422
0.00116383
0.00116344
0.00116306
0.00116268
0.00116231
0.00116194
0.00116157
0.00116121
0.00116084
0.00116047
0.0011601
0.00115973
0.00115936
0.00115899
0.00115862
0.00115826
0.0011579
0.00115755
0.00115722
0.0011569
0.00116994
0.00116938
0.00116884
0.00116832
0.00116781
0.00116731
0.00116683
0.00116636
0.00116591
0.00116547
0.00116504
0.00116463
0.00116422
0.00116383
0.00116345
0.00116307
0.00116271
0.00116236
0.00116201
0.00116167
0.00116134
0.00116102
0.0011607
0.00116039
0.00116009
0.00115979
0.0011595
0.00115922
0.00115895
0.00115869
0.00115845
0.00115823
0.00115803
0.00116994
0.00116938
0.00116884
0.00116831
0.0011678
0.00116731
0.00116683
0.00116636
0.00116591
0.00116547
0.00116504
0.00116462
0.00116422
0.00116382
0.00116344
0.00116307
0.00116271
0.00116236
0.00116202
0.00116169
0.00116137
0.00116106
0.00116075
0.00116046
0.00116018
0.0011599
0.00115964
0.00115939
0.00115916
0.00115894
0.00115874
0.00115856
0.0011584
0.00116994
0.00116938
0.00116884
0.00116831
0.0011678
0.00116731
0.00116683
0.00116636
0.0011659
0.00116546
0.00116503
0.00116462
0.00116421
0.00116382
0.00116343
0.00116306
0.0011627
0.00116235
0.00116201
0.00116168
0.00116137
0.00116106
0.00116076
0.00116047
0.00116019
0.00115993
0.00115967
0.00115943
0.00115921
0.001159
0.00115881
0.00115865
0.0011585
0.00116994
0.00116938
0.00116884
0.00116831
0.0011678
0.00116731
0.00116682
0.00116636
0.0011659
0.00116546
0.00116503
0.00116461
0.00116421
0.00116381
0.00116343
0.00116306
0.0011627
0.00116235
0.00116201
0.00116168
0.00116136
0.00116105
0.00116075
0.00116046
0.00116019
0.00115993
0.00115967
0.00115944
0.00115921
0.00115901
0.00115882
0.00115866
0.00115851
0.00116994
0.00116938
0.00116884
0.00116831
0.0011678
0.00116731
0.00116682
0.00116635
0.0011659
0.00116546
0.00116503
0.00116461
0.0011642
0.00116381
0.00116342
0.00116305
0.00116269
0.00116234
0.001162
0.00116167
0.00116135
0.00116104
0.00116074
0.00116046
0.00116018
0.00115992
0.00115967
0.00115943
0.00115921
0.001159
0.00115881
0.00115864
0.0011585
0.00116994
0.00116938
0.00116884
0.00116831
0.0011678
0.0011673
0.00116682
0.00116635
0.0011659
0.00116545
0.00116502
0.0011646
0.0011642
0.0011638
0.00116342
0.00116305
0.00116268
0.00116233
0.00116199
0.00116166
0.00116134
0.00116103
0.00116073
0.00116045
0.00116017
0.00115991
0.00115965
0.00115942
0.00115919
0.00115898
0.00115879
0.00115862
0.00115847
0.00116994
0.00116938
0.00116884
0.00116831
0.0011678
0.0011673
0.00116682
0.00116635
0.00116589
0.00116545
0.00116502
0.0011646
0.00116419
0.0011638
0.00116341
0.00116304
0.00116268
0.00116233
0.00116198
0.00116165
0.00116133
0.00116102
0.00116072
0.00116044
0.00116016
0.00115989
0.00115964
0.0011594
0.00115918
0.00115896
0.00115877
0.00115859
0.00115843
0.00116994
0.00116938
0.00116884
0.00116831
0.0011678
0.0011673
0.00116682
0.00116635
0.00116589
0.00116545
0.00116502
0.0011646
0.00116419
0.00116379
0.00116341
0.00116304
0.00116267
0.00116232
0.00116198
0.00116165
0.00116133
0.00116102
0.00116072
0.00116043
0.00116015
0.00115988
0.00115963
0.00115939
0.00115916
0.00115894
0.00115874
0.00115856
0.0011584
0.00116994
0.00116938
0.00116884
0.00116831
0.0011678
0.0011673
0.00116682
0.00116635
0.00116589
0.00116545
0.00116502
0.0011646
0.00116419
0.00116379
0.00116341
0.00116303
0.00116267
0.00116231
0.00116197
0.00116164
0.00116132
0.00116101
0.00116071
0.00116041
0.00116014
0.00115987
0.00115961
0.00115937
0.00115914
0.00115892
0.00115872
0.00115853
0.00115836
0.00116994
0.00116938
0.00116884
0.00116831
0.0011678
0.0011673
0.00116682
0.00116635
0.00116589
0.00116545
0.00116501
0.00116459
0.00116419
0.00116379
0.0011634
0.00116303
0.00116266
0.00116231
0.00116197
0.00116163
0.00116131
0.001161
0.00116069
0.0011604
0.00116012
0.00115985
0.00115959
0.00115935
0.00115911
0.00115889
0.00115869
0.00115849
0.00115832
0.00116994
0.00116938
0.00116884
0.00116831
0.0011678
0.0011673
0.00116682
0.00116635
0.00116589
0.00116544
0.00116501
0.00116459
0.00116418
0.00116379
0.0011634
0.00116302
0.00116266
0.0011623
0.00116196
0.00116162
0.0011613
0.00116099
0.00116068
0.00116039
0.00116011
0.00115984
0.00115958
0.00115933
0.00115909
0.00115887
0.00115865
0.00115846
0.00115827
0.00116994
0.00116938
0.00116884
0.00116831
0.0011678
0.0011673
0.00116682
0.00116635
0.00116589
0.00116544
0.00116501
0.00116459
0.00116418
0.00116378
0.0011634
0.00116302
0.00116265
0.0011623
0.00116195
0.00116162
0.00116129
0.00116098
0.00116067
0.00116038
0.00116009
0.00115982
0.00115956
0.00115931
0.00115907
0.00115884
0.00115862
0.00115842
0.00115823
0.00116994
0.00116938
0.00116884
0.00116831
0.0011678
0.0011673
0.00116682
0.00116635
0.00116589
0.00116544
0.00116501
0.00116459
0.00116418
0.00116378
0.00116339
0.00116302
0.00116265
0.00116229
0.00116195
0.00116161
0.00116128
0.00116097
0.00116066
0.00116037
0.00116008
0.0011598
0.00115954
0.00115928
0.00115904
0.00115881
0.00115859
0.00115838
0.00115819
0.00116994
0.00116938
0.00116884
0.00116831
0.0011678
0.0011673
0.00116682
0.00116635
0.00116589
0.00116544
0.00116501
0.00116459
0.00116418
0.00116378
0.00116339
0.00116301
0.00116265
0.00116229
0.00116194
0.0011616
0.00116128
0.00116096
0.00116065
0.00116035
0.00116007
0.00115979
0.00115952
0.00115926
0.00115902
0.00115878
0.00115856
0.00115835
0.00115815
0.00116994
0.00116938
0.00116884
0.00116831
0.0011678
0.0011673
0.00116682
0.00116635
0.00116589
0.00116544
0.00116501
0.00116459
0.00116418
0.00116378
0.00116339
0.00116301
0.00116264
0.00116228
0.00116194
0.0011616
0.00116127
0.00116095
0.00116064
0.00116034
0.00116005
0.00115977
0.0011595
0.00115924
0.00115899
0.00115876
0.00115853
0.00115831
0.00115811
0.00116994
0.00116938
0.00116884
0.00116831
0.0011678
0.0011673
0.00116682
0.00116635
0.00116589
0.00116544
0.00116501
0.00116459
0.00116418
0.00116378
0.00116339
0.00116301
0.00116264
0.00116228
0.00116193
0.00116159
0.00116127
0.00116095
0.00116063
0.00116033
0.00116004
0.00115976
0.00115949
0.00115923
0.00115897
0.00115873
0.0011585
0.00115828
0.00115807
0.00116994
0.00116938
0.00116884
0.00116831
0.0011678
0.0011673
0.00116682
0.00116635
0.00116589
0.00116544
0.00116501
0.00116459
0.00116418
0.00116378
0.00116339
0.00116301
0.00116264
0.00116228
0.00116193
0.00116159
0.00116126
0.00116094
0.00116063
0.00116033
0.00116003
0.00115975
0.00115947
0.00115921
0.00115895
0.00115871
0.00115847
0.00115825
0.00115803
0.00116994
0.00116938
0.00116884
0.00116831
0.0011678
0.00116731
0.00116682
0.00116635
0.0011659
0.00116545
0.00116502
0.0011646
0.00116419
0.00116379
0.0011634
0.00116302
0.00116265
0.00116229
0.00116193
0.00116159
0.00116126
0.00116094
0.00116062
0.00116031
0.00116001
0.00115972
0.00115944
0.00115917
0.00115891
0.00115865
0.00115841
0.00115817
0.00115795
0.00116994
0.00116938
0.00116884
0.00116832
0.00116781
0.00116731
0.00116683
0.00116636
0.0011659
0.00116546
0.00116503
0.0011646
0.00116419
0.00116379
0.0011634
0.00116301
0.00116264
0.00116227
0.00116191
0.00116156
0.00116121
0.00116087
0.00116054
0.00116021
0.00115989
0.00115958
0.00115927
0.00115896
0.00115867
0.00115838
0.00115809
0.00115782
0.00115755
0.00116994
0.00116938
0.00116884
0.00116833
0.00116782
0.00116733
0.00116685
0.00116639
0.00116593
0.00116548
0.00116503
0.0011646
0.00116417
0.00116374
0.00116331
0.00116289
0.00116247
0.00116205
0.00116163
0.00116121
0.00116078
0.00116036
0.00115994
0.00115951
0.00115908
0.00115865
0.00115821
0.00115778
0.00115734
0.00115691
0.00115647
0.00115603
0.00115559
0.00116994
0.00116939
0.00116886
0.00116835
0.00116784
0.00116734
0.00116683
0.00116633
0.00116581
0.00116529
0.00116474
0.00116418
0.0011636
0.00116299
0.00116235
0.00116169
0.001161
0.00116029
0.00115954
0.00115877
0.00115797
0.00115715
0.0011563
0.00115543
0.00115455
0.00115364
0.00115271
0.00115177
0.00115082
0.00114985
0.00114887
0.00114789
0.00114689
0.00116995
0.0011694
0.00116886
0.00116829
0.00116766
0.00116695
0.00116613
0.00116521
0.00116416
0.00116298
0.00116167
0.00116023
0.00115867
0.00115698
0.00115519
0.00115329
0.00115129
0.00114921
0.00114705
0.00114482
0.00114253
0.0011402
0.00113782
0.00113541
0.00113297
0.00113052
0.00112805
0.00112558
0.00112311
0.00112064
0.00111819
0.00111575
0.00111333
0.00116996
0.00116916
0.00116786
0.00116596
0.00116346
0.00116034
0.00115663
0.00115237
0.00114761
0.0011424
0.00113682
0.00113093
0.00112479
0.00111846
0.00111198
0.00110541
0.00109879
0.00109215
0.00108552
0.00107893
0.00107241
0.00106596
0.00105962
0.00105338
0.00104727
0.0010413
0.00103546
0.00102977
0.00102423
0.00101884
0.00101361
0.00100854
0.00100364
0.00116831
0.00115865
0.00114503
0.00112851
0.00110982
0.00108965
0.00106867
0.00104738
0.00102617
0.00100531
0.00098499
0.000965323
0.000946384
0.00092821
0.000910813
0.000894188
0.00087832
0.000863185
0.000848754
0.000834997
0.000821881
0.000809373
0.000797441
0.000786053
0.000775178
0.000764786
0.000754848
0.000745337
0.000736227
0.000727493
0.000719111
0.000711058
0.000703312
0.00107567
0.000936187
0.000835579
0.000756748
0.000691828
0.000637948
0.000592905
0.000554868
0.000522399
0.000494392
0.000469998
0.000448565
0.000429586
0.000412662
0.000397477
0.000383776
0.000371353
0.000360038
0.000349691
0.000340193
0.000331446
0.000323366
0.000315879
0.000308926
0.000302452
0.00029641
0.000290761
0.000285469
0.000280503
0.000275835
0.000271442
0.000267303
0.000263396
0.000142979
0.000146644
0.000150174
0.000153551
0.000156773
0.000159846
0.000162775
0.000165566
0.000168223
0.000170753
0.000173158
0.000175445
0.000177618
0.000179682
0.000181641
0.0001835
0.000185263
0.000186935
0.000188519
0.00019002
0.00019144
0.000192785
0.000194057
0.000195261
0.000196398
0.000197472
0.000198486
0.000199443
0.000200345
0.000201196
0.000201996
0.00020275
0.000203458
9.05721e-05
0.000115602
0.000156482
0.000214264
0.000283356
0.000355132
0.000426149
0.00049932
0.000578309
0.0006625
0.000746986
0.000825931
0.000895177
0.000952534
0.000995828
0.00102459
0.00103838
0.00103641
0.00101757
0.00098043
0.000923282
0.000844547
0.000744127
0.000626477
0.000505978
0.000413788
0.000406707
0.00057472
0.000900524
0.00115783
0.00132431
0.00146148
0.00158523
0.00169414
0.00178565
0.0018592
0.00191601
0.00195832
0.00198877
0.00200996
0.00202425
0.00203373
0.00204019
0.00204531
0.00205068
0.00205776
0.0020677
0.00208104
0.00209754
0.0021162
0.0021355
0.00215379
0.00216955
0.00218133
0.00218763
0.00218672
0.00217674
0.00215596
0.00212319
0.00207804
0.00202107
0.00195377
0.00187841
0.00179782
0.00171519
0.00163376
0.00155649
0.00148573
0.00142297
0.0013688
0.00132304
0.00128505
0.00125402
0.00122907
0.0012093
0.00119381
0.00118178
0.00117246
0.00116527
0.00115974
0.00115551
0.00115229
0.00114986
0.00114804
0.00114669
0.00114571
0.001145
0.0011445
0.00114416
0.00114393
0.00114378
0.0011437
0.00114365
0.00114364
0.00114365
0.00114367
0.00114369
0.00114372
0.00114375
0.00114377
7.55633e-05
7.76343e-05
8.19148e-05
9.30121e-05
0.000116954
0.000157339
0.000213341
0.000280153
0.000351279
0.000421337
0.000487354
0.000548091
0.000602743
0.000649662
0.000687235
0.000713651
0.000726916
0.000725261
0.000707195
0.000671566
0.000618098
0.000548725
0.000470058
0.00039697
0.000357458
0.00040116
0.000587764
0.000859393
0.00107336
0.00123016
0.00136548
0.00148894
0.00159932
0.0016944
0.0017732
0.00183615
0.00188467
0.0019208
0.0019468
0.00196485
0.00197694
0.00198481
0.00198997
0.00199387
0.00199789
0.00200337
0.00201145
0.00202277
0.00203729
0.00205419
0.00207212
0.0020896
0.00210522
0.00211768
0.00212561
0.00212736
0.00212105
0.00210483
0.00207725
0.00203767
0.00198639
0.00192464
0.0018545
0.00177865
0.00170016
0.00162223
0.00154782
0.00147936
0.00141844
0.00136574
0.00132116
0.0012841
0.00125375
0.00122925
0.00120973
0.00119435
0.00118235
0.00117303
0.00116583
0.00116028
0.00115602
0.00115277
0.00115032
0.00114848
0.0011471
0.00114609
0.00114536
0.00114484
0.00114447
0.00114422
0.00114406
0.00114396
0.0011439
0.00114387
0.00114387
0.00114387
0.00114389
0.00114391
0.00114393
0.00114394
0.000126559
0.000125501
0.000125759
0.000123185
0.000112452
0.000100471
9.97493e-05
0.000114397
0.000143466
0.000184137
0.000232338
0.000283258
0.000332168
0.000374823
0.00040787
0.000429401
0.000438609
0.000435276
0.000419759
0.000393595
0.000360715
0.000329328
0.000315023
0.000345823
0.000461229
0.000661993
0.000864702
0.00102642
0.00116487
0.00129227
0.00141002
0.00151664
0.00161058
0.00169085
0.00175724
0.00181032
0.00185136
0.00188204
0.00190418
0.00191958
0.00192987
0.00193647
0.00194067
0.00194365
0.00194663
0.00195081
0.00195729
0.00196679
0.00197941
0.00199453
0.00201099
0.00202742
0.00204257
0.00205529
0.0020644
0.00206841
0.00206547
0.00205364
0.00203126
0.00199739
0.001952
0.00189608
0.00183144
0.00176057
0.00168643
0.00161213
0.00154063
0.00147442
0.00141521
0.00136381
0.00132023
0.00128392
0.00125409
0.0012299
0.00121053
0.00119519
0.00118317
0.00117379
0.00116652
0.00116091
0.0011566
0.0011533
0.0011508
0.00114891
0.00114749
0.00114645
0.00114568
0.00114512
0.00114473
0.00114445
0.00114426
0.00114414
0.00114406
0.00114402
0.001144
0.001144
0.001144
0.00114401
0.00114402
0.00114402
0.000300283
0.000297172
0.000300624
0.000320095
0.000369203
0.000433523
0.000414838
0.000305089
0.00021362
0.000167273
0.000151213
0.000152582
0.00016375
0.000179884
0.000197766
0.000214774
0.000229148
0.000240699
0.000251588
0.000267373
0.000298496
0.0003608
0.000467809
0.000609656
0.000754475
0.000887143
0.00101172
0.00113109
0.00124463
0.00135105
0.00144913
0.00153766
0.00161557
0.00168221
0.00173748
0.00178188
0.00181641
0.0018424
0.00186129
0.00187451
0.00188336
0.00188902
0.00189254
0.00189489
0.00189712
0.0019003
0.00190548
0.0019134
0.0019243
0.00193772
0.00195267
0.0019679
0.0019823
0.00199488
0.00200468
0.00201042
0.00201039
0.00200259
0.0019852
0.00195696
0.00191754
0.00186758
0.00180863
0.00174296
0.00167335
0.00160282
0.00153432
0.00147039
0.00141285
0.00136265
0.00131993
0.00128424
0.00125483
0.00123087
0.0012116
0.00119625
0.00118416
0.0011747
0.00116734
0.00116164
0.00115724
0.00115387
0.0011513
0.00114935
0.00114788
0.00114678
0.00114597
0.00114537
0.00114494
0.00114463
0.00114442
0.00114427
0.00114417
0.00114411
0.00114407
0.00114405
0.00114404
0.00114404
0.00114404
0.00114403
0.000497728
0.000489587
0.000482884
0.000481021
0.000493521
0.000538683
0.000642672
0.000826581
0.000982233
0.000902948
0.000694971
0.000524368
0.000415606
0.000359829
0.000337225
0.000334997
0.000348202
0.000375791
0.000418597
0.000477548
0.000551695
0.000637446
0.000730464
0.000827821
0.000927391
0.00102699
0.0011249
0.00121995
0.00131113
0.00139728
0.00147713
0.00154947
0.00161336
0.00166824
0.00171402
0.00175107
0.00178013
0.00180221
0.00181844
0.00182992
0.0018377
0.0018427
0.00184578
0.00184776
0.00184951
0.00185197
0.00185612
0.00186272
0.00187211
0.00188399
0.00189748
0.00191146
0.00192491
0.00193702
0.00194705
0.00195398
0.00195629
0.00195204
0.00193928
0.00191647
0.00188294
0.00183898
0.00178583
0.00172551
0.0016606
0.00159399
0.0015286
0.001467
0.00141111
0.00136206
0.00132012
0.00128495
0.00125586
0.00123208
0.00121285
0.00119746
0.00118528
0.00117571
0.00116823
0.00116243
0.00115794
0.00115447
0.00115182
0.00114979
0.00114825
0.0011471
0.00114623
0.00114559
0.00114512
0.00114477
0.00114452
0.00114435
0.00114422
0.00114414
0.00114408
0.00114405
0.00114402
0.00114401
0.001144
0.00114398
0.000682791
0.000672112
0.000661243
0.000650277
0.00064044
0.000636151
0.000645765
0.000680127
0.00074332
0.000817364
0.000866525
0.000860529
0.000794796
0.000732105
0.000688931
0.000666748
0.000663498
0.000676743
0.00070428
0.000744072
0.000794149
0.000852587
0.000917566
0.000987441
0.00106072
0.00113597
0.00121177
0.00128674
0.00135952
0.00142879
0.00149333
0.00155208
0.00160425
0.00164937
0.00168731
0.00171831
0.00174291
0.00176185
0.00177597
0.00178613
0.00179313
0.00179773
0.0018006
0.00180242
0.0018039
0.00180589
0.00180927
0.00181482
0.00182294
0.00183345
0.0018456
0.00185837
0.0018708
0.0018822
0.00189205
0.00189963
0.00190368
0.00190241
0.00189379
0.00187607
0.00184823
0.0018102
0.00176287
0.00170799
0.0016479
0.00158535
0.00152318
0.00146398
0.00140979
0.00136186
0.00132064
0.00128591
0.00125708
0.00123342
0.00121421
0.00119876
0.00118647
0.00117678
0.00116919
0.00116326
0.00115866
0.00115509
0.00115234
0.00115024
0.00114862
0.0011474
0.00114648
0.00114578
0.00114526
0.00114488
0.00114459
0.00114439
0.00114424
0.00114413
0.00114405
0.001144
0.00114396
0.00114393
0.00114391
0.00114387
0.000839917
0.000829461
0.000818757
0.000807739
0.000796367
0.000785004
0.00077527
0.000770644
0.000775258
0.000790285
0.000812009
0.000832433
0.000843417
0.000846607
0.000846538
0.000847951
0.000854318
0.000867629
0.000888708
0.000917601
0.000953861
0.000996734
0.00104527
0.00109838
0.00115492
0.00121368
0.00127343
0.00133296
0.00139109
0.00144669
0.00149878
0.00154648
0.00158914
0.00162636
0.00165799
0.00168416
0.00170523
0.00172171
0.00173423
0.00174342
0.00174992
0.00175432
0.00175715
0.00175898
0.00176039
0.00176212
0.00176496
0.00176969
0.00177677
0.00178613
0.00179712
0.00180878
0.00182019
0.00183076
0.00184014
0.0018479
0.00185309
0.00185415
0.00184909
0.00183597
0.00181349
0.00178119
0.00173962
0.0016902
0.00163501
0.00157664
0.0015178
0.0014611
0.00140865
0.00136185
0.00132132
0.001287
0.00125839
0.00123482
0.0012156
0.00120009
0.00118769
0.00117788
0.00117015
0.00116411
0.00115939
0.00115572
0.00115287
0.00115067
0.00114898
0.00114769
0.0011467
0.00114595
0.00114538
0.00114495
0.00114463
0.00114439
0.00114421
0.00114408
0.00114398
0.0011439
0.00114385
0.0011438
0.00114377
0.00114372
0.000960446
0.00095168
0.000942762
0.000933716
0.000924584
0.000915428
0.000906452
0.000898313
0.000892402
0.000890418
0.000893313
0.000900603
0.000910355
0.000921237
0.000932892
0.000945786
0.000960826
0.000978975
0.00100101
0.00102738
0.00105825
0.00109343
0.00113253
0.00117494
0.00121993
0.00126664
0.00131419
0.00136167
0.00140821
0.00145295
0.00149511
0.00153404
0.00156917
0.00160017
0.00162685
0.00164924
0.00166758
0.00168219
0.00169353
0.00170208
0.0017083
0.00171266
0.0017156
0.00171756
0.00171905
0.00172068
0.00172318
0.00172731
0.00173357
0.00174198
0.00175199
0.0017627
0.0017732
0.00178291
0.00179163
0.00179919
0.00180499
0.00180773
0.00180556
0.00179647
0.00177889
0.00175202
0.00171603
0.001672
0.00162174
0.00156761
0.00151221
0.00145811
0.00140747
0.00136185
0.00132203
0.0012881
0.00125968
0.00123618
0.00121695
0.00120138
0.00118888
0.00117895
0.0011711
0.00116493
0.0011601
0.00115632
0.00115338
0.00115109
0.00114932
0.00114795
0.0011469
0.00114609
0.00114547
0.001145
0.00114464
0.00114436
0.00114415
0.00114399
0.00114387
0.00114377
0.0011437
0.00114364
0.00114359
0.00114353
0.0010446
0.00103808
0.00103148
0.00102488
0.00101836
0.00101202
0.00100601
0.00100051
0.000995883
0.000992763
0.000991899
0.000993827
0.000998594
0.00100606
0.00101606
0.00102849
0.00104341
0.00106098
0.00108138
0.00110475
0.00113111
0.00116037
0.0011923
0.00122653
0.00126259
0.00129993
0.00133794
0.00137601
0.00141348
0.00144974
0.0014842
0.0015163
0.00154561
0.0015718
0.00159467
0.00161418
0.00163045
0.00164369
0.0016542
0.00166234
0.00166845
0.00167291
0.00167605
0.00167824
0.00167991
0.00168157
0.00168391
0.00168762
0.00169324
0.00170089
0.00171012
0.00172005
0.00172977
0.0017387
0.0017467
0.00175381
0.00175975
0.00176356
0.00176361
0.0017579
0.00174466
0.0017228
0.00169211
0.00165332
0.00160795
0.00155809
0.00150622
0.00145481
0.00140609
0.00136171
0.00132263
0.00128909
0.00126087
0.00123744
0.0012182
0.00120257
0.00118998
0.00117994
0.00117198
0.0011657
0.00116076
0.00115689
0.00115385
0.00115147
0.00114962
0.00114818
0.00114707
0.0011462
0.00114553
0.00114501
0.00114461
0.0011443
0.00114406
0.00114387
0.00114373
0.00114361
0.00114352
0.00114345
0.00114339
0.00114331
0.00109817
0.00109382
0.00108945
0.00108515
0.001081
0.00107711
0.00107361
0.00107064
0.00106837
0.00106705
0.00106699
0.00106856
0.00107205
0.00107765
0.0010855
0.00109564
0.0011081
0.00112289
0.00114004
0.0011595
0.00118124
0.00120512
0.00123097
0.00125854
0.00128752
0.00131753
0.00134817
0.00137899
0.00140953
0.00143933
0.00146791
0.00149483
0.00151971
0.00154224
0.00156223
0.00157957
0.0015943
0.00160654
0.0016165
0.0016244
0.00163053
0.00163517
0.00163858
0.00164108
0.00164299
0.00164479
0.00164707
0.00165051
0.00165567
0.00166273
0.00167134
0.00168066
0.00168978
0.00169805
0.00170536
0.00171188
0.00171763
0.001722
0.00172361
0.0017206
0.00171108
0.00169371
0.00166794
0.00163416
0.00159355
0.00154796
0.00149966
0.00145104
0.00140433
0.00136129
0.001323
0.0012899
0.00126189
0.00123853
0.0012193
0.00120361
0.00119095
0.00118082
0.00117276
0.00116638
0.00116135
0.00115738
0.00115426
0.00115181
0.00114988
0.00114838
0.0011472
0.00114628
0.00114556
0.001145
0.00114456
0.00114421
0.00114394
0.00114373
0.00114356
0.00114342
0.00114331
0.00114322
0.00114315
0.00114306
0.0011292
0.0011266
0.00112402
0.00112154
0.00111924
0.00111723
0.00111561
0.00111449
0.001114
0.00111428
0.00111548
0.00111781
0.00112147
0.00112662
0.00113342
0.00114196
0.00115234
0.00116457
0.00117868
0.00119462
0.00121234
0.00123176
0.00125273
0.00127509
0.00129861
0.00132306
0.00134814
0.00137353
0.00139889
0.00142385
0.00144803
0.00147107
0.00149262
0.0015124
0.00153021
0.00154593
0.00155952
0.00157105
0.00158063
0.00158843
0.00159466
0.00159952
0.00160325
0.00160607
0.00160829
0.00161028
0.00161261
0.00161589
0.00162071
0.00162732
0.00163546
0.00164434
0.00165302
0.0016608
0.00166752
0.00167342
0.00167876
0.00168326
0.00168587
0.00168489
0.00167844
0.00166498
0.00164368
0.00161459
0.00157856
0.00153715
0.00149244
0.00144668
0.00140209
0.00136047
0.00132306
0.00129045
0.00126267
0.00123941
0.00122019
0.00120448
0.00119176
0.00118155
0.00117341
0.00116695
0.00116183
0.00115778
0.00115459
0.00115206
0.00115008
0.00114851
0.00114728
0.00114631
0.00114554
0.00114494
0.00114446
0.00114409
0.00114379
0.00114355
0.00114336
0.0011432
0.00114308
0.00114297
0.00114289
0.00114278
0.00114551
0.00114411
0.00114276
0.00114153
0.0011405
0.00113975
0.00113936
0.00113944
0.00114007
0.00114136
0.00114341
0.00114635
0.00115029
0.00115533
0.0011616
0.00116917
0.00117811
0.00118848
0.0012003
0.00121356
0.00122824
0.00124428
0.00126159
0.00128007
0.00129958
0.00131993
0.00134093
0.00136233
0.00138386
0.00140524
0.00142615
0.00144628
0.00146533
0.00148304
0.0014992
0.00151369
0.00152643
0.00153743
0.00154676
0.00155454
0.0015609
0.00156601
0.00157005
0.00157321
0.00157575
0.00157799
0.00158042
0.00158363
0.00158822
0.0015945
0.00160227
0.00161084
0.00161924
0.0016267
0.00163297
0.00163832
0.00164315
0.00164749
0.00165061
0.00165106
0.00164702
0.00163687
0.00161952
0.00159472
0.00156301
0.00152566
0.0014845
0.00144166
0.00139926
0.00135917
0.00132273
0.00129068
0.00126319
0.00124005
0.00122087
0.00120514
0.00119237
0.0011821
0.0011739
0.00116737
0.00116218
0.00115807
0.00115481
0.00115223
0.00115019
0.00114857
0.00114729
0.00114628
0.00114548
0.00114484
0.00114433
0.00114393
0.0011436
0.00114334
0.00114313
0.00114295
0.00114281
0.0011427
0.0011426
0.00114248
0.00115326
0.00115257
0.00115196
0.00115148
0.00115119
0.00115117
0.00115148
0.00115221
0.00115342
0.00115522
0.00115766
0.00116084
0.00116483
0.0011697
0.00117553
0.00118237
0.00119028
0.00119931
0.00120949
0.00122081
0.00123328
0.00124688
0.00126155
0.00127723
0.00129382
0.0013112
0.00132921
0.00134768
0.0013664
0.00138511
0.00140356
0.00142149
0.00143862
0.00145473
0.00146962
0.00148315
0.00149523
0.00150583
0.00151498
0.00152276
0.00152927
0.00153462
0.00153897
0.00154247
0.00154532
0.00154782
0.0015504
0.00155361
0.00155805
0.00156407
0.00157158
0.00157993
0.00158818
0.00159547
0.00160145
0.00160635
0.00161068
0.00161468
0.00161794
0.0016193
0.00161708
0.00160962
0.00159568
0.00157473
0.00154703
0.00151355
0.00147586
0.00143594
0.00139581
0.00135735
0.00132198
0.00129056
0.0012634
0.00124043
0.0012213
0.00120558
0.00119279
0.00118247
0.00117421
0.00116763
0.00116239
0.00115823
0.00115492
0.0011523
0.00115021
0.00114855
0.00114724
0.00114619
0.00114535
0.00114468
0.00114415
0.00114372
0.00114337
0.00114309
0.00114286
0.00114267
0.00114252
0.00114239
0.00114229
0.00114215
0.00115657
0.00115625
0.00115602
0.00115592
0.001156
0.00115633
0.00115695
0.00115794
0.00115937
0.0011613
0.0011638
0.00116693
0.00117074
0.00117529
0.00118064
0.00118683
0.0011939
0.00120188
0.00121081
0.0012207
0.00123155
0.00124336
0.0012561
0.00126972
0.00128417
0.00129935
0.00131516
0.00133143
0.00134801
0.00136468
0.00138124
0.00139745
0.00141308
0.00142792
0.00144178
0.00145453
0.00146606
0.00147633
0.00148534
0.00149312
0.00149976
0.00150533
0.00150996
0.00151377
0.00151693
0.0015197
0.00152244
0.0015257
0.00153004
0.00153587
0.00154318
0.00155139
0.00155958
0.00156683
0.00157268
0.00157727
0.00158114
0.00158473
0.00158789
0.00158974
0.00158881
0.00158347
0.00157239
0.00155482
0.00153076
0.0015009
0.00146657
0.00142954
0.00139173
0.00135498
0.00132077
0.00129006
0.00126332
0.00124055
0.00122151
0.0012058
0.001193
0.00118265
0.00117435
0.00116772
0.00116245
0.00115825
0.00115491
0.00115225
0.00115013
0.00114844
0.00114709
0.00114602
0.00114516
0.00114447
0.00114391
0.00114346
0.0011431
0.0011428
0.00114256
0.00114236
0.00114219
0.00114206
0.00114194
0.00114179
0.00115784
0.00115768
0.00115761
0.00115767
0.00115789
0.00115833
0.00115903
0.00116006
0.00116148
0.00116333
0.00116567
0.00116857
0.00117206
0.00117619
0.00118101
0.00118656
0.00119287
0.00119996
0.00120787
0.00121662
0.0012262
0.00123663
0.00124788
0.00125994
0.00127275
0.00128624
0.00130032
0.00131488
0.00132978
0.00134483
0.00135987
0.00137469
0.00138908
0.00140286
0.00141585
0.00142792
0.00143898
0.00144895
0.00145781
0.00146559
0.00147232
0.00147808
0.00148296
0.00148705
0.00149049
0.00149351
0.00149643
0.00149976
0.00150404
0.00150973
0.00151688
0.00152501
0.00153321
0.00154051
0.00154636
0.00155078
0.00155431
0.00155748
0.00156039
0.00156243
0.00156234
0.00155861
0.00154986
0.00153519
0.00151437
0.00148786
0.00145672
0.00142252
0.00138704
0.00135207
0.0013191
0.0012892
0.00126292
0.00124041
0.00122149
0.00120583
0.00119302
0.00118265
0.00117432
0.00116766
0.00116235
0.00115813
0.00115476
0.00115208
0.00114994
0.00114823
0.00114686
0.00114577
0.00114489
0.00114418
0.00114361
0.00114315
0.00114277
0.00114247
0.00114221
0.001142
0.00114183
0.00114169
0.00114157
0.00114141
0.00115826
0.00115816
0.00115814
0.00115824
0.00115848
0.00115891
0.00115958
0.00116053
0.00116182
0.00116348
0.00116558
0.00116816
0.00117126
0.00117493
0.00117921
0.00118413
0.00118973
0.00119603
0.00120306
0.00121083
0.00121936
0.00122865
0.00123869
0.00124947
0.00126094
0.00127305
0.00128574
0.00129889
0.00131239
0.0013261
0.00133985
0.00135348
0.00136681
0.00137967
0.00139189
0.00140336
0.00141397
0.00142364
0.00143235
0.0014401
0.0014469
0.0014528
0.00145788
0.00146221
0.00146591
0.00146916
0.00147226
0.00147566
0.00147992
0.0014855
0.00149252
0.00150059
0.00150884
0.00151628
0.00152222
0.00152661
0.0015299
0.0015327
0.00153529
0.00153731
0.00153773
0.00153517
0.00152826
0.00151603
0.00149807
0.00147459
0.00144644
0.00141496
0.00138179
0.00134864
0.00131699
0.00128797
0.00126224
0.00124003
0.00122126
0.00120566
0.00119287
0.00118249
0.00117414
0.00116746
0.00116212
0.00115788
0.00115449
0.00115179
0.00114964
0.00114792
0.00114654
0.00114544
0.00114455
0.00114383
0.00114325
0.00114278
0.0011424
0.00114208
0.00114182
0.00114161
0.00114143
0.00114128
0.00114116
0.001141
0.00115837
0.00115828
0.00115827
0.00115835
0.00115856
0.00115894
0.00115952
0.00116035
0.00116146
0.00116291
0.00116473
0.00116698
0.00116969
0.0011729
0.00117666
0.00118099
0.00118593
0.00119151
0.00119774
0.00120466
0.00121226
0.00122057
0.00122957
0.00123924
0.00124957
0.00126051
0.00127198
0.00128392
0.00129622
0.00130876
0.00132139
0.00133398
0.00134636
0.00135838
0.0013699
0.0013808
0.00139097
0.00140035
0.00140888
0.00141656
0.00142339
0.00142939
0.00143463
0.00143916
0.00144308
0.00144654
0.00144981
0.0014533
0.00145754
0.00146303
0.00146995
0.00147797
0.00148629
0.0014939
0.00150003
0.00150448
0.00150765
0.00151016
0.00151243
0.0015143
0.00151498
0.00151322
0.00150775
0.00149753
0.00148201
0.00146125
0.00143585
0.00140697
0.00137606
0.00134474
0.00131447
0.0012864
0.00126128
0.00123942
0.00122085
0.00120534
0.00119258
0.0011822
0.00117384
0.00116713
0.00116178
0.00115751
0.00115412
0.00115141
0.00114925
0.00114752
0.00114614
0.00114503
0.00114414
0.00114342
0.00114283
0.00114236
0.00114197
0.00114166
0.00114139
0.00114118
0.001141
0.00114084
0.00114072
0.00114055
0.00115838
0.00115828
0.00115825
0.0011583
0.00115847
0.00115877
0.00115926
0.00115995
0.00116089
0.00116213
0.00116369
0.00116562
0.00116796
0.00117075
0.00117402
0.00117781
0.00118215
0.00118707
0.0011926
0.00119874
0.00120552
0.00121295
0.00122102
0.00122972
0.00123904
0.00124893
0.00125934
0.0012702
0.00128143
0.00129292
0.00130455
0.00131618
0.0013277
0.00133894
0.0013498
0.00136015
0.0013699
0.00137896
0.0013873
0.00139488
0.00140169
0.00140776
0.00141311
0.0014178
0.0014219
0.00142555
0.00142897
0.00143254
0.00143678
0.00144219
0.00144901
0.00145699
0.0014654
0.0014732
0.00147956
0.00148417
0.00148732
0.00148963
0.00149161
0.00149327
0.00149402
0.0014928
0.00148841
0.00147981
0.00146638
0.00144801
0.00142512
0.00139866
0.00136994
0.00134044
0.00131158
0.00128452
0.00126006
0.00123862
0.00122028
0.00120489
0.00119218
0.00118181
0.00117343
0.00116671
0.00116134
0.00115706
0.00115366
0.00115094
0.00114878
0.00114705
0.00114567
0.00114456
0.00114367
0.00114295
0.00114237
0.00114189
0.00114151
0.00114119
0.00114093
0.00114071
0.00114053
0.00114038
0.00114025
0.00114009
0.00115836
0.00115824
0.00115818
0.0011582
0.00115832
0.00115856
0.00115895
0.00115952
0.00116031
0.00116135
0.00116267
0.00116432
0.00116633
0.00116873
0.00117157
0.00117488
0.00117868
0.00118301
0.0011879
0.00119335
0.00119939
0.00120603
0.00121326
0.00122109
0.0012295
0.00123844
0.00124789
0.00125778
0.00126804
0.00127857
0.00128928
0.00130004
0.00131075
0.00132127
0.00133149
0.00134131
0.00135063
0.00135938
0.00136749
0.00137494
0.00138171
0.00138779
0.00139323
0.00139804
0.00140229
0.00140609
0.00140964
0.00141329
0.00141753
0.00142286
0.00142958
0.00143753
0.001446
0.001454
0.00146063
0.00146546
0.00146869
0.00147088
0.00147262
0.00147406
0.00147478
0.00147389
0.0014703
0.001463
0.00145131
0.00143502
0.00141438
0.00139018
0.00136354
0.00133582
0.00130837
0.00128236
0.00125863
0.00123765
0.00121957
0.00120433
0.00119168
0.00118133
0.00117295
0.00116622
0.00116084
0.00115655
0.00115314
0.00115042
0.00114825
0.00114653
0.00114515
0.00114404
0.00114316
0.00114244
0.00114186
0.00114139
0.00114101
0.00114069
0.00114043
0.00114022
0.00114004
0.00113989
0.00113977
0.0011396
0.00115832
0.00115819
0.00115811
0.0011581
0.00115817
0.00115835
0.00115865
0.00115912
0.00115976
0.00116063
0.00116175
0.00116315
0.00116487
0.00116694
0.0011694
0.00117227
0.0011756
0.00117941
0.00118371
0.00118855
0.00119392
0.00119985
0.00120633
0.00121337
0.00122095
0.00122904
0.00123761
0.00124662
0.00125598
0.00126564
0.0012755
0.00128545
0.0012954
0.00130524
0.00131486
0.00132416
0.00133306
0.00134147
0.00134935
0.00135664
0.00136333
0.0013694
0.00137487
0.00137977
0.00138414
0.00138806
0.00139172
0.00139543
0.00139967
0.00140493
0.00141155
0.00141944
0.00142797
0.00143617
0.00144308
0.00144818
0.00145155
0.00145371
0.00145528
0.0014565
0.00145714
0.00145644
0.00145343
0.00144715
0.00143692
0.00142241
0.00140378
0.00138163
0.00135695
0.00133095
0.00130492
0.00127998
0.00125701
0.00123652
0.00121875
0.00120368
0.00119112
0.0011808
0.00117243
0.00116569
0.00116029
0.00115599
0.00115257
0.00114986
0.00114769
0.00114597
0.00114459
0.0011435
0.00114261
0.0011419
0.00114133
0.00114087
0.00114049
0.00114018
0.00113992
0.00113971
0.00113954
0.00113939
0.00113927
0.00113911
0.00115828
0.00115813
0.00115803
0.00115799
0.00115802
0.00115814
0.00115837
0.00115874
0.00115927
0.00115999
0.00116093
0.00116212
0.00116358
0.00116536
0.00116749
0.00116999
0.0011729
0.00117624
0.00118004
0.00118431
0.00118909
0.00119438
0.00120019
0.00120651
0.00121334
0.00122066
0.00122843
0.00123662
0.00124518
0.00125403
0.0012631
0.0012723
0.00128155
0.00129074
0.00129978
0.00130858
0.00131706
0.00132513
0.00133275
0.00133987
0.00134644
0.00135247
0.00135796
0.0013629
0.00136735
0.00137137
0.00137511
0.00137888
0.0013831
0.00138829
0.0013948
0.00140262
0.00141119
0.00141956
0.00142675
0.00143215
0.00143572
0.00143794
0.0014394
0.00144045
0.00144098
0.00144038
0.00143779
0.00143232
0.00142328
0.00141031
0.00139345
0.00137316
0.00135029
0.00132594
0.00130128
0.00127742
0.00125523
0.00123528
0.00121785
0.00120297
0.00119051
0.00118024
0.00117188
0.00116513
0.00115973
0.00115542
0.001152
0.00114928
0.00114711
0.00114539
0.00114403
0.00114293
0.00114206
0.00114136
0.00114079
0.00114034
0.00113996
0.00113966
0.00113941
0.0011392
0.00113903
0.00113889
0.00113877
0.00113861
0.00115823
0.00115807
0.00115795
0.00115788
0.00115787
0.00115795
0.00115812
0.0011584
0.00115883
0.00115942
0.00116021
0.00116121
0.00116246
0.00116399
0.00116582
0.001168
0.00117053
0.00117346
0.00117681
0.0011806
0.00118484
0.00118956
0.00119476
0.00120043
0.00120659
0.0012132
0.00122025
0.0012277
0.00123551
0.00124362
0.00125196
0.00126047
0.00126905
0.00127763
0.00128612
0.00129444
0.0013025
0.00131024
0.00131759
0.00132451
0.00133096
0.00133691
0.00134237
0.00134734
0.00135183
0.00135591
0.00135972
0.00136352
0.00136772
0.00137282
0.00137922
0.00138695
0.00139553
0.00140405
0.00141151
0.00141722
0.00142105
0.00142338
0.00142481
0.00142574
0.00142617
0.00142563
0.00142334
0.00141851
0.00141046
0.00139879
0.00138348
0.00136487
0.00134367
0.00132086
0.00129754
0.00127474
0.00125334
0.00123395
0.00121687
0.00120221
0.00118987
0.00117966
0.00117131
0.00116457
0.00115916
0.00115485
0.00115142
0.00114869
0.00114653
0.00114482
0.00114346
0.00114237
0.0011415
0.00114081
0.00114025
0.00113981
0.00113944
0.00113914
0.0011389
0.0011387
0.00113853
0.0011384
0.00113828
0.00113813
0.00115818
0.00115801
0.00115787
0.00115777
0.00115774
0.00115777
0.00115788
0.0011581
0.00115844
0.00115892
0.00115957
0.00116041
0.00116148
0.00116278
0.00116437
0.00116625
0.00116847
0.00117104
0.00117399
0.00117734
0.00118111
0.00118532
0.00118997
0.00119507
0.00120061
0.00120658
0.00121297
0.00121975
0.00122687
0.0012343
0.00124198
0.00124983
0.0012578
0.00126581
0.00127377
0.00128162
0.00128928
0.00129668
0.00130376
0.00131046
0.00131676
0.00132262
0.00132802
0.00133297
0.00133748
0.0013416
0.00134544
0.00134924
0.0013534
0.00135841
0.00136467
0.00137229
0.00138085
0.0013895
0.00139721
0.00140323
0.00140735
0.00140986
0.00141133
0.00141221
0.00141257
0.00141206
0.00141002
0.0014057
0.00139847
0.00138792
0.00137397
0.00135686
0.00133718
0.00131581
0.00129375
0.00127199
0.00125138
0.00123254
0.00121585
0.00120142
0.00118921
0.00117906
0.00117075
0.00116401
0.0011586
0.00115428
0.00115084
0.00114812
0.00114596
0.00114425
0.00114289
0.00114181
0.00114096
0.00114027
0.00113972
0.00113928
0.00113893
0.00113864
0.0011384
0.0011382
0.00113804
0.00113791
0.0011378
0.00113765
0.00115813
0.00115794
0.00115779
0.00115767
0.0011576
0.0011576
0.00115766
0.00115782
0.00115808
0.00115847
0.00115901
0.00115971
0.00116061
0.00116173
0.0011631
0.00116473
0.00116667
0.00116892
0.00117152
0.00117449
0.00117784
0.00118159
0.00118575
0.00119033
0.00119532
0.00120072
0.00120651
0.00121267
0.00121917
0.00122598
0.00123303
0.00124029
0.00124768
0.00125515
0.00126262
0.00127002
0.00127728
0.00128434
0.00129114
0.00129762
0.00130374
0.00130947
0.00131479
0.00131969
0.00132418
0.0013283
0.00133214
0.00133593
0.00134003
0.00134491
0.00135103
0.00135851
0.00136701
0.00137574
0.00138367
0.00139001
0.00139444
0.00139719
0.00139877
0.00139967
0.00140002
0.00139956
0.00139772
0.00139384
0.00138731
0.00137773
0.00136496
0.00134918
0.00133089
0.00131085
0.00128997
0.0012692
0.00124936
0.00123109
0.00121477
0.00120058
0.00118852
0.00117845
0.00117017
0.00116344
0.00115803
0.0011537
0.00115026
0.00114754
0.00114538
0.00114367
0.00114232
0.00114125
0.0011404
0.00113973
0.00113919
0.00113876
0.00113841
0.00113813
0.0011379
0.00113771
0.00113755
0.00113742
0.00113732
0.00113717
0.00115808
0.00115788
0.00115771
0.00115757
0.00115748
0.00115744
0.00115746
0.00115756
0.00115776
0.00115807
0.0011585
0.00115909
0.00115985
0.00116081
0.00116199
0.00116341
0.00116509
0.00116707
0.00116936
0.00117199
0.00117497
0.00117831
0.00118204
0.00118615
0.00119064
0.00119552
0.00120078
0.00120638
0.00121232
0.00121855
0.00122504
0.00123174
0.00123859
0.00124555
0.00125254
0.00125951
0.00126638
0.0012731
0.00127961
0.00128584
0.00129177
0.00129734
0.00130254
0.00130736
0.00131179
0.00131587
0.00131967
0.00132341
0.00132742
0.00133218
0.00133811
0.00134542
0.00135383
0.00136259
0.0013707
0.00137733
0.00138209
0.00138512
0.00138689
0.00138788
0.00138828
0.00138792
0.00138629
0.00138279
0.00137688
0.00136814
0.00135642
0.00134184
0.00132481
0.00130599
0.00128622
0.00126639
0.00124729
0.00122957
0.00121363
0.00119969
0.00118777
0.00117778
0.00116954
0.00116283
0.00115742
0.00115309
0.00114965
0.00114693
0.00114477
0.00114307
0.00114173
0.00114066
0.00113982
0.00113916
0.00113863
0.0011382
0.00113786
0.00113759
0.00113737
0.00113719
0.00113704
0.00113691
0.00113681
0.00113667
0.00115803
0.00115782
0.00115763
0.00115748
0.00115736
0.00115729
0.00115727
0.00115733
0.00115747
0.00115771
0.00115806
0.00115854
0.00115919
0.00116
0.00116101
0.00116224
0.00116372
0.00116546
0.00116748
0.0011698
0.00117245
0.00117544
0.00117878
0.00118247
0.00118652
0.00119093
0.0011957
0.00120079
0.00120621
0.00121192
0.00121788
0.00122406
0.00123042
0.00123689
0.00124343
0.00124997
0.00125646
0.00126283
0.00126902
0.00127499
0.00128068
0.00128606
0.0012911
0.00129578
0.00130011
0.0013041
0.00130784
0.00131149
0.00131539
0.00131998
0.00132571
0.00133281
0.00134107
0.00134981
0.00135805
0.00136494
0.00137002
0.00137336
0.00137538
0.00137653
0.00137706
0.00137683
0.00137543
0.00137232
0.00136697
0.001359
0.00134823
0.00133473
0.00131885
0.00130116
0.00128243
0.00126348
0.0012451
0.00122791
0.00121235
0.00119866
0.00118689
0.00117699
0.00116879
0.0011621
0.0011567
0.00115238
0.00114894
0.00114621
0.00114406
0.00114237
0.00114103
0.00113998
0.00113915
0.00113849
0.00113797
0.00113756
0.00113723
0.00113696
0.00113675
0.00113657
0.00113643
0.00113631
0.00113621
0.00113608
0.00115798
0.00115776
0.00115756
0.00115739
0.00115725
0.00115715
0.0011571
0.00115712
0.00115721
0.00115738
0.00115766
0.00115806
0.0011586
0.00115929
0.00116016
0.00116123
0.00116252
0.00116404
0.00116583
0.00116789
0.00117025
0.00117292
0.00117591
0.00117923
0.00118289
0.00118688
0.00119119
0.00119583
0.00120077
0.001206
0.00121147
0.00121716
0.00122304
0.00122904
0.00123513
0.00124124
0.00124733
0.00125332
0.00125917
0.00126482
0.00127023
0.00127536
0.00128019
0.00128469
0.00128887
0.00129273
0.00129636
0.0012999
0.00130367
0.00130807
0.00131356
0.00132041
0.00132845
0.00133708
0.00134537
0.00135245
0.00135781
0.00136146
0.00136375
0.00136512
0.00136584
0.00136581
0.00136468
0.00136196
0.00135715
0.0013499
0.00134001
0.00132753
0.00131271
0.00129609
0.00127834
0.00126026
0.00124257
0.00122591
0.00121073
0.0011973
0.0011857
0.00117589
0.00116775
0.00116109
0.0011557
0.00115139
0.00114796
0.00114524
0.0011431
0.00114142
0.00114009
0.00113905
0.00113824
0.00113759
0.00113708
0.00113668
0.00113636
0.0011361
0.0011359
0.00113573
0.00113559
0.00113548
0.00113538
0.00113525
0.00115793
0.0011577
0.00115749
0.0011573
0.00115714
0.00115702
0.00115695
0.00115693
0.00115697
0.0011571
0.00115731
0.00115764
0.00115808
0.00115867
0.00115942
0.00116034
0.00116147
0.00116281
0.00116439
0.00116622
0.00116832
0.00117071
0.00117339
0.00117638
0.00117967
0.00118328
0.00118719
0.0011914
0.0011959
0.00120066
0.00120566
0.00121088
0.00121627
0.0012218
0.00122741
0.00123306
0.0012387
0.00124427
0.00124972
0.00125499
0.00126006
0.00126489
0.00126944
0.00127372
0.0012777
0.00128141
0.0012849
0.00128831
0.00129191
0.0012961
0.00130132
0.00130784
0.00131558
0.00132398
0.00133217
0.0013393
0.00134484
0.00134872
0.00135126
0.00135286
0.0013538
0.00135401
0.00135319
0.00135088
0.00134662
0.00134008
0.00133105
0.00131954
0.00130577
0.0012902
0.00127343
0.00125621
0.00123924
0.00122314
0.00120838
0.00119523
0.00118383
0.00117414
0.00116608
0.00115947
0.00115411
0.00114982
0.00114641
0.00114372
0.0011416
0.00113993
0.00113863
0.0011376
0.0011368
0.00113618
0.00113568
0.00113529
0.00113498
0.00113474
0.00113454
0.00113438
0.00113425
0.00113414
0.00113406
0.00113393
0.00115788
0.00115765
0.00115742
0.00115722
0.00115705
0.00115691
0.00115681
0.00115676
0.00115676
0.00115684
0.001157
0.00115726
0.00115763
0.00115812
0.00115877
0.00115957
0.00116055
0.00116173
0.00116313
0.00116475
0.00116662
0.00116875
0.00117115
0.00117383
0.00117679
0.00118003
0.00118355
0.00118735
0.0011914
0.0011957
0.00120021
0.00120492
0.00120979
0.00121479
0.00121987
0.00122499
0.0012301
0.00123516
0.00124013
0.00124497
0.00124964
0.00125411
0.00125837
0.00126239
0.00126618
0.00126972
0.00127307
0.00127633
0.00127973
0.00128365
0.0012885
0.00129458
0.00130184
0.00130981
0.00131768
0.00132462
0.0013301
0.00133404
0.00133669
0.00133845
0.00133957
0.00134004
0.00133954
0.00133767
0.00133399
0.00132817
0.00132003
0.00130952
0.00129684
0.00128236
0.00126664
0.00125036
0.0012342
0.00121874
0.00120448
0.0011917
0.00118055
0.00117105
0.00116311
0.00115659
0.00115131
0.00114707
0.00114371
0.00114105
0.00113897
0.00113734
0.00113607
0.00113507
0.0011343
0.00113369
0.00113322
0.00113285
0.00113256
0.00113233
0.00113215
0.001132
0.00113188
0.00113178
0.0011317
0.00113157
0.00115784
0.0011576
0.00115736
0.00115715
0.00115696
0.0011568
0.00115668
0.0011566
0.00115657
0.00115661
0.00115672
0.00115692
0.00115722
0.00115763
0.00115817
0.00115886
0.00115972
0.00116075
0.00116197
0.0011634
0.00116505
0.00116693
0.00116906
0.00117142
0.00117404
0.0011769
0.00118001
0.00118335
0.00118691
0.00119068
0.00119463
0.00119874
0.00120299
0.00120735
0.00121178
0.00121626
0.00122076
0.00122524
0.00122967
0.00123404
0.0012383
0.00124244
0.00124643
0.00125024
0.00125384
0.00125723
0.00126041
0.00126346
0.00126658
0.00127009
0.00127439
0.00127977
0.00128624
0.0012934
0.00130053
0.00130686
0.00131189
0.00131552
0.00131801
0.00131973
0.00132092
0.00132157
0.0013214
0.00132
0.00131694
0.00131192
0.00130473
0.00129533
0.00128386
0.00127063
0.00125613
0.00124098
0.0012258
0.00121118
0.00119757
0.00118531
0.00117456
0.00116536
0.00115764
0.00115129
0.00114614
0.00114202
0.00113875
0.00113617
0.00113416
0.00113259
0.00113137
0.00113043
0.0011297
0.00112913
0.00112869
0.00112835
0.00112808
0.00112787
0.00112771
0.00112758
0.00112747
0.00112738
0.00112731
0.00112719
0.0011578
0.00115754
0.00115729
0.00115707
0.00115686
0.00115668
0.00115653
0.00115642
0.00115636
0.00115635
0.00115641
0.00115655
0.00115677
0.0011571
0.00115754
0.00115811
0.00115882
0.00115968
0.00116072
0.00116193
0.00116333
0.00116493
0.00116672
0.00116872
0.00117092
0.00117331
0.0011759
0.00117866
0.00118159
0.00118468
0.00118791
0.00119127
0.00119475
0.00119833
0.00120202
0.00120579
0.00120965
0.00121357
0.00121753
0.00122152
0.00122549
0.0012294
0.0012332
0.00123684
0.00124027
0.00124342
0.00124629
0.00124892
0.00125145
0.00125418
0.00125747
0.00126164
0.00126675
0.00127247
0.00127819
0.00128325
0.00128719
0.00128997
0.00129184
0.00129318
0.00129423
0.00129497
0.0012951
0.00129421
0.00129187
0.00128777
0.00128171
0.00127363
0.00126361
0.00125191
0.00123893
0.00122522
0.00121135
0.00119786
0.00118522
0.00117373
0.0011636
0.00115489
0.00114756
0.00114151
0.00113661
0.00113269
0.00112959
0.00112715
0.00112526
0.0011238
0.00112267
0.00112181
0.00112114
0.00112064
0.00112025
0.00111995
0.00111972
0.00111954
0.0011194
0.00111929
0.0011192
0.00111913
0.00111908
0.00111895
0.00115769
0.00115741
0.00115715
0.00115689
0.00115665
0.00115643
0.00115624
0.00115608
0.00115596
0.00115588
0.00115585
0.00115589
0.001156
0.00115619
0.00115647
0.00115686
0.00115736
0.00115798
0.00115873
0.00115962
0.00116064
0.00116181
0.00116312
0.00116458
0.00116616
0.00116788
0.00116973
0.00117169
0.00117378
0.00117599
0.00117833
0.00118081
0.00118345
0.00118628
0.00118929
0.00119251
0.00119594
0.00119956
0.00120332
0.00120718
0.00121105
0.00121485
0.00121846
0.00122179
0.00122474
0.00122722
0.0012292
0.0012307
0.00123186
0.00123296
0.00123436
0.00123638
0.00123916
0.00124249
0.00124586
0.00124874
0.00125078
0.001252
0.00125269
0.00125325
0.00125393
0.00125467
0.00125516
0.00125491
0.0012535
0.00125057
0.00124594
0.00123951
0.00123134
0.00122159
0.0012106
0.0011988
0.0011867
0.00117479
0.00116351
0.00115318
0.001144
0.00113606
0.00112936
0.00112382
0.00111933
0.00111575
0.00111293
0.00111073
0.00110904
0.00110775
0.00110676
0.00110602
0.00110546
0.00110504
0.00110473
0.0011045
0.00110432
0.00110419
0.00110409
0.00110401
0.00110395
0.0011039
0.00110386
0.00110374
0.00115724
0.00115689
0.00115655
0.00115621
0.00115587
0.00115554
0.00115522
0.00115492
0.00115464
0.00115438
0.00115415
0.00115396
0.00115381
0.00115371
0.00115366
0.00115368
0.00115376
0.00115391
0.00115413
0.00115442
0.0011548
0.00115524
0.00115577
0.00115637
0.00115706
0.00115783
0.00115871
0.00115971
0.00116086
0.0011622
0.00116378
0.00116563
0.00116781
0.00117033
0.00117322
0.00117647
0.00118002
0.00118379
0.00118767
0.0011915
0.00119512
0.00119836
0.00120105
0.00120307
0.00120431
0.00120471
0.00120426
0.00120305
0.00120125
0.00119916
0.00119718
0.00119569
0.00119488
0.00119465
0.00119465
0.00119446
0.00119385
0.00119293
0.00119205
0.00119163
0.0011919
0.00119277
0.00119385
0.00119461
0.00119453
0.00119324
0.00119053
0.0011863
0.00118053
0.00117333
0.00116492
0.00115563
0.00114588
0.0011361
0.0011267
0.00111798
0.00111017
0.00110337
0.0010976
0.00109283
0.00108897
0.0010859
0.00108351
0.00108167
0.00108027
0.00107922
0.00107845
0.00107788
0.00107747
0.00107718
0.00107697
0.00107682
0.00107672
0.00107665
0.00107661
0.00107657
0.00107654
0.00107652
0.00107651
0.00107638
0.00115508
0.00115449
0.00115387
0.00115323
0.00115257
0.0011519
0.0011512
0.00115049
0.00114976
0.00114902
0.00114826
0.0011475
0.00114674
0.00114597
0.00114521
0.00114445
0.0011437
0.00114297
0.00114225
0.00114157
0.00114094
0.00114036
0.00113986
0.00113947
0.00113922
0.00113917
0.00113936
0.00113986
0.00114073
0.00114203
0.00114381
0.00114609
0.00114888
0.00115212
0.00115572
0.00115954
0.00116336
0.00116695
0.00117007
0.00117244
0.00117386
0.00117415
0.00117319
0.00117094
0.00116743
0.00116275
0.00115704
0.00115051
0.00114343
0.00113618
0.0011292
0.00112288
0.00111748
0.00111299
0.00110918
0.00110573
0.0011025
0.00109966
0.00109757
0.00109663
0.00109706
0.00109871
0.0011011
0.00110361
0.00110564
0.00110677
0.00110676
0.00110548
0.00110287
0.00109893
0.00109378
0.00108764
0.00108085
0.00107376
0.00106676
0.00106013
0.00105409
0.0010488
0.00104428
0.00104055
0.00103754
0.00103518
0.00103336
0.001032
0.001031
0.00103028
0.00102978
0.00102944
0.00102922
0.00102909
0.00102901
0.00102898
0.00102897
0.00102898
0.00102899
0.00102901
0.00102903
0.00102904
0.00102906
0.00102893
0.00114572
0.00114435
0.00114292
0.00114142
0.00113986
0.00113825
0.00113657
0.00113484
0.00113305
0.00113122
0.00112933
0.00112741
0.00112546
0.00112349
0.00112151
0.00111955
0.00111762
0.00111576
0.001114
0.00111238
0.00111095
0.00110977
0.0011089
0.00110841
0.00110838
0.00110885
0.0011099
0.00111155
0.0011138
0.00111661
0.00111988
0.00112343
0.00112704
0.00113041
0.00113319
0.00113503
0.00113557
0.00113452
0.00113166
0.00112688
0.00112019
0.00111169
0.00110157
0.00109011
0.00107761
0.00106438
0.00105075
0.00103704
0.0010236
0.00101076
0.000998914
0.000988399
0.000979436
0.000972041
0.000966037
0.000961177
0.000957343
0.000954645
0.000953379
0.000953847
0.000956168
0.00096014
0.000965246
0.000970802
0.000976162
0.000980862
0.000984616
0.000987245
0.000988621
0.000988664
0.000987388
0.000984928
0.000981534
0.000977531
0.000973259
0.000969019
0.000965047
0.000961498
0.000958457
0.00095595
0.000953956
0.000952428
0.000951301
0.000950504
0.00094997
0.000949637
0.000949454
0.000949378
0.000949376
0.000949422
0.000949498
0.000949589
0.000949684
0.000949776
0.000949861
0.000949935
0.000949997
0.000950041
0.000950103
0.000949963
0.00111053
0.00110729
0.00110399
0.00110062
0.00109719
0.00109372
0.00109021
0.00108669
0.00108316
0.00107965
0.00107618
0.00107278
0.0010695
0.00106635
0.0010634
0.00106068
0.00105826
0.00105618
0.0010545
0.00105329
0.00105257
0.00105239
0.00105275
0.00105361
0.00105492
0.00105652
0.00105824
0.00105978
0.0010608
0.0010609
0.00105964
0.00105659
0.00105138
0.00104372
0.00103348
0.00102071
0.00100559
0.00098845
0.000969726
0.000949883
0.000929399
0.000908722
0.000888256
0.000868345
0.000849277
0.000831288
0.000814565
0.000799256
0.000785484
0.000773358
0.000762997
0.000754515
0.000747999
0.000743454
0.000740785
0.000739841
0.000740495
0.000742712
0.000746542
0.00075205
0.000759217
0.000767837
0.000777486
0.000787587
0.00079756
0.00080694
0.000815392
0.000822663
0.000828543
0.000832878
0.000835614
0.000836838
0.000836773
0.000835736
0.000834077
0.000832117
0.000830115
0.000828252
0.00082664
0.000825334
0.000824341
0.000823643
0.0008232
0.000822965
0.000822892
0.000822938
0.000823065
0.000823243
0.00082345
0.000823668
0.000823884
0.000824091
0.000824281
0.000824451
0.0008246
0.000824726
0.000824831
0.000824908
0.000825003
0.000824867
0.000998109
0.000991912
0.000985772
0.000979708
0.00097374
0.000967889
0.000962176
0.000956623
0.000951252
0.000946081
0.000941129
0.000936409
0.000931924
0.000927669
0.000923623
0.000919743
0.000915959
0.000912166
0.000908215
0.000903906
0.000898982
0.000893127
0.00088597
0.000877105
0.000866116
0.000852619
0.000836325
0.00081709
0.000794971
0.000770255
0.000743448
0.000715233
0.000686396
0.00065774
0.000629997
0.000603773
0.000579511
0.000557488
0.000537827
0.000520537
0.000505539
0.000492705
0.000481888
0.000472935
0.000465708
0.000460078
0.000455928
0.000453142
0.000451608
0.000451223
0.000451911
0.000453651
0.000456498
0.000460583
0.000466062
0.000473037
0.00048148
0.000491219
0.000502005
0.000513609
0.000525883
0.000538741
0.000552045
0.000565536
0.000578854
0.0005916
0.00060338
0.000613834
0.000622661
0.000629659
0.000634768
0.000638092
0.000639884
0.00064049
0.000640285
0.000639612
0.000638745
0.00063788
0.000637136
0.000636576
0.000636219
0.000636054
0.000636053
0.000636182
0.000636405
0.00063669
0.00063701
0.000637343
0.000637675
0.000637993
0.00063829
0.000638561
0.000638804
0.000639017
0.000639202
0.000639358
0.000639489
0.000639586
0.000639701
0.00063959
0.000694624
0.000684898
0.000675233
0.000665606
0.00065599
0.000646353
0.000636655
0.00062685
0.000616882
0.000606691
0.000596206
0.000585351
0.000574043
0.000562196
0.000549726
0.000536556
0.00052262
0.000507877
0.000492316
0.000475966
0.000458906
0.000441268
0.000423237
0.00040505
0.00038698
0.000369326
0.000352389
0.000336454
0.000321771
0.00030854
0.000296908
0.000286958
0.000278717
0.000272161
0.000267222
0.000263802
0.000261778
0.000261012
0.000261359
0.000262675
0.000264814
0.000267637
0.000271009
0.000274794
0.000278859
0.00028308
0.000287345
0.00029156
0.000295648
0.000299556
0.000303269
0.000306844
0.000310488
0.000314427
0.000318911
0.000324112
0.000330032
0.000336484
0.000343185
0.000349911
0.000356615
0.000363406
0.000370435
0.000377744
0.000385184
0.000392434
0.00039909
0.000404761
0.000409149
0.000412098
0.000413604
0.000413813
0.000412983
0.000411431
0.00040948
0.000407407
0.000405423
0.000403663
0.000402196
0.000401042
0.000400185
0.00039959
0.000399212
0.000399004
0.000398924
0.000398936
0.000399009
0.000399122
0.000399257
0.000399401
0.000399544
0.000399682
0.000399809
0.000399923
0.000400025
0.000400116
0.000400199
0.000400259
0.000400341
0.000400255
0.000259109
0.000254433
0.000249923
0.000245578
0.000241398
0.000237383
0.000233538
0.000229867
0.000226377
0.000223079
0.000219982
0.000217101
0.000214453
0.000212054
0.000209926
0.000208093
0.000206578
0.00020541
0.000204618
0.000204235
0.000204293
0.000204829
0.000205878
0.000207478
0.000209668
0.000212484
0.000215962
0.000220135
0.00022503
0.000230668
0.000237059
0.000244201
0.000252072
0.000260634
0.000269821
0.00027954
0.00028967
0.000300056
0.000310516
0.000320843
0.000330815
0.000340217
0.000348817
0.000356301
0.000362507
0.000367342
0.000370758
0.00037274
0.000373307
0.000372512
0.000370467
0.000367345
0.000363319
0.000358669
0.000353626
0.000348291
0.000342627
0.000336531
0.000329951
0.000322966
0.000315788
0.000308683
0.000301857
0.000295384
0.000289196
0.00028314
0.000277051
0.00027081
0.000264377
0.000257785
0.000251131
0.000244549
0.000238189
0.000232196
0.000226685
0.000221737
0.000217388
0.000213635
0.000210448
0.000207773
0.000205549
0.000203712
0.000202199
0.000200956
0.000199933
0.000199092
0.000198397
0.000197822
0.000197344
0.000196945
0.000196612
0.000196331
0.000196094
0.000195892
0.00019572
0.000195571
0.000195442
0.000195325
0.000195247
0.000195052
0.00020423
0.000205064
0.000205857
0.000206608
0.000207312
0.000207968
0.000208572
0.000209122
0.000209613
0.000210043
0.000210405
0.000210696
0.00021091
0.000211041
0.000211082
0.000211025
0.000210863
0.000210587
0.000210188
0.000209654
0.000208977
0.000208145
0.000207148
0.000205975
0.00020462
0.000203074
0.000201337
0.00019941
0.000197301
0.000195028
0.000192616
0.000190102
0.000187532
0.000184961
0.000182452
0.000180066
0.000177861
0.000175882
0.00017416
0.000172704
0.000171504
0.000170532
0.000169758
0.000169186
0.000168763
0.000168429
0.000168133
0.000167829
0.000167489
0.000167092
0.000166635
0.000166121
0.000165564
0.000164975
0.000164364
0.000163738
0.000163104
0.000162473
0.000161862
0.000161293
0.000160781
0.000160339
0.000159964
0.000159651
0.000159388
0.000159167
0.00015898
0.000158823
0.000158692
0.000158587
0.000158506
0.000158447
0.000158408
0.000158388
0.000158383
0.000158392
0.00015841
0.000158436
0.000158467
0.000158501
0.000158535
0.000158568
0.0001586
0.00015863
0.000158658
0.000158682
0.000158704
0.000158723
0.000158739
0.000158753
0.000158765
0.000158774
0.000158782
0.000158789
0.000158794
0.000158797
0.0001588
0.000158802
0.000158805
0.000158797
6.94435e-05
0.000173989
0.000176898
0.000171759
0.00018536
0.000229957
0.000281167
0.000325237
0.000361124
0.000390222
0.000414068
0.000433816
0.000450241
0.000463842
0.000474965
0.000483898
0.000490933
0.000496393
0.000500629
0.000504009
0.000506896
0.000509595
0.000512151
0.000514814
0.000517752
0.000521077
0.000524833
0.000528984
0.000533401
0.000537831
0.000541864
0.00054492
0.000546276
0.000545213
0.000541309
0.000534777
0.00052664
0.000518344
0.000509121
0.000498574
0.000486976
0.000474754
0.000462304
0.000449933
0.000437854
0.000426196
0.000415015
0.000404313
0.000394053
0.000384168
0.000374572
0.000365163
0.000355834
0.000346474
0.000336978
0.000327253
0.000317227
0.00030686
0.000296159
0.000285183
0.000274059
0.000262991
0.000252263
0.000242239
0.00023333
0.000225915
0.000220233
0.000216285
0.000213838
0.000212522
0.00021195
0.000211817
0.000211924
0.00021216
0.000212471
0.000212821
0.000213189
0.000213556
0.000213909
0.000214241
0.000214549
0.000214831
0.000215087
0.000215318
0.000215526
0.000215712
0.000215878
0.000216025
0.000216155
0.000216269
0.000216371
0.000216459
0.000216537
0.000216605
0.000216665
0.000216717
0.000216762
0.000216801
0.000216834
0.000216872
0.000109029
0.000476452
0.000523605
0.000505003
0.000539789
0.000609383
0.000691798
0.000786688
0.000900621
0.00103829
0.00120042
0.00138313
0.0015784
0.00177565
0.00196372
0.00213274
0.00227526
0.00238671
0.00246513
0.00251057
0.00252461
0.00251193
0.00248886
0.00245992
0.00242969
0.0024026
0.00238288
0.00237452
0.0023812
0.00240611
0.00245184
0.00251979
0.00260914
0.00271491
0.0028258
0.00292481
0.00299613
0.00303021
0.00302511
0.00298433
0.00291501
0.00282567
0.00272433
0.00261748
0.0025098
0.00240432
0.00230272
0.00220576
0.00211351
0.00202562
0.00194146
0.00186025
0.00178114
0.00170323
0.00162571
0.00154784
0.00146905
0.00138896
0.00130744
0.00122461
0.00114077
0.00105633
0.000971703
0.000887265
0.000803544
0.000721639
0.000643587
0.000572105
0.000510667
0.000461485
0.000424389
0.000397342
0.000377574
0.000362556
0.000350506
0.000340418
0.000331835
0.000324567
0.000318492
0.00031347
0.000309337
0.000305927
0.000303099
0.000300738
0.000298759
0.000297093
0.000295686
0.000294492
0.000293476
0.000292608
0.000291864
0.000291223
0.000290671
0.000290193
0.000289778
0.000289416
0.000289102
0.000288819
0.000288612
0.000288208
0.000134279
0.000713673
0.000809668
0.000830216
0.000895453
0.00100835
0.00116852
0.00138401
0.00165675
0.00197524
0.00231678
0.00265515
0.00296803
0.00324041
0.00346439
0.00363746
0.00376076
0.00383767
0.00387276
0.00387115
0.00383783
0.00377553
0.00368558
0.00357068
0.00343395
0.0032795
0.00311273
0.00294055
0.00277154
0.00261613
0.00248704
0.00240042
0.00237742
0.00244367
0.00261413
0.00286288
0.00313164
0.00336749
0.00353988
0.00364139
0.00367978
0.0036691
0.00362371
0.00355552
0.00347333
0.00338318
0.00328897
0.00319305
0.00309667
0.00300034
0.00290406
0.00280751
0.00271014
0.00261131
0.00251038
0.00240681
0.00230025
0.00219067
0.00207836
0.00196401
0.0018486
0.00173329
0.00161916
0.00150701
0.00139716
0.0012897
0.00118501
0.00108455
0.000991347
0.000909187
0.000840995
0.000787424
0.00074676
0.000715947
0.000691863
0.000672156
0.000655432
0.00064103
0.000628657
0.000618124
0.000609223
0.000601717
0.000595376
0.000589999
0.000585421
0.000581513
0.000578169
0.0005753
0.000572835
0.000570711
0.000568878
0.000567292
0.000565919
0.000564726
0.00056369
0.000562787
0.000562002
0.0005613
0.000560779
0.000559824
0.000148974
0.000874909
0.00104939
0.00111743
0.00122665
0.00140747
0.00166491
0.00199185
0.00236504
0.0027525
0.00312567
0.00346587
0.00376374
0.00401591
0.00422204
0.0043832
0.00450108
0.00457759
0.00461463
0.00461376
0.00457598
0.00450117
0.00438928
0.00424077
0.00405653
0.00383819
0.00358859
0.00331235
0.00301637
0.00271034
0.00240685
0.00212253
0.00188394
0.00174729
0.00180124
0.00208601
0.002519
0.0029607
0.00331716
0.00356199
0.00370815
0.00378011
0.0038005
0.00378631
0.00374924
0.00369694
0.00363426
0.00356422
0.00348859
0.0034083
0.00332373
0.00323487
0.00314145
0.0030431
0.00293943
0.00283018
0.00271533
0.0025952
0.00247057
0.00234266
0.00221311
0.00208385
0.00195684
0.0018337
0.00171544
0.00160225
0.00149377
0.00138991
0.00129178
0.00120217
0.00112451
0.00106113
0.001012
0.000974902
0.000946639
0.000924278
0.000905782
0.00089003
0.000876504
0.000864943
0.000855133
0.00084684
0.000839824
0.000833869
0.000828794
0.000824455
0.000820736
0.000817542
0.000814794
0.000812425
0.000810379
0.000808608
0.000807074
0.000805741
0.000804584
0.000803575
0.000802699
0.000801917
0.000801332
0.000800286
0.000155478
0.000950018
0.00121674
0.00135008
0.00151537
0.00175771
0.0020744
0.00244074
0.00282443
0.00319839
0.00354608
0.00385978
0.00413671
0.00437603
0.00457739
0.00474053
0.00486522
0.00495129
0.00499851
0.00500653
0.00497477
0.00490217
0.00478792
0.00463141
0.00443232
0.00419094
0.00390869
0.00358882
0.00323705
0.00286224
0.00247569
0.00208956
0.00172074
0.00141564
0.00128846
0.00147533
0.00195708
0.00252178
0.0029874
0.00330746
0.0035071
0.00362312
0.00368412
0.00370885
0.00370898
0.00369166
0.00366127
0.00362049
0.00357091
0.00351341
0.00344838
0.00337586
0.00329569
0.0032076
0.00311132
0.00300675
0.00289404
0.00277377
0.00264697
0.00251524
0.00238064
0.00224559
0.00211263
0.0019841
0.00186172
0.00174625
0.00163752
0.0015349
0.00143838
0.00134945
0.00127097
0.00120561
0.00115423
0.00111542
0.00108634
0.001064
0.00104607
0.00103116
0.00101855
0.0010079
0.000998953
0.000991472
0.000985213
0.000979956
0.000975518
0.000971755
0.000968554
0.000965823
0.000963486
0.000961482
0.000959759
0.000958274
0.000956991
0.000955881
0.000954918
0.000954081
0.000953355
0.000952708
0.000952221
0.000951357
0.000155925
0.000959175
0.00131305
0.00151694
0.00173269
0.00200817
0.00233735
0.00269438
0.00305355
0.00339753
0.00371729
0.00400883
0.00427034
0.00450052
0.00469808
0.00486164
0.00498985
0.00508141
0.00513503
0.0051493
0.00512275
0.00505376
0.00494071
0.00478206
0.00457649
0.00432328
0.00402293
0.00367813
0.00329479
0.00288263
0.00245392
0.00202065
0.00160015
0.0012461
0.0010812
0.00125274
0.0017569
0.00234141
0.0027957
0.00309322
0.00327858
0.00339387
0.0034656
0.00350882
0.00353194
0.00353977
0.00353512
0.00351962
0.0034942
0.00345929
0.00341503
0.0033613
0.00329784
0.00322433
0.0031405
0.00304622
0.0029417
0.00282758
0.00270502
0.00257576
0.00244208
0.00230666
0.00217242
0.00204216
0.00191817
0.00180187
0.00169362
0.00159293
0.00149939
0.00141364
0.00133767
0.00127377
0.00122305
0.00118459
0.00115597
0.00113436
0.00111744
0.00110371
0.00109234
0.00108291
0.00107514
0.00106876
0.00106352
0.00105921
0.00105564
0.00105267
0.00105018
0.00104809
0.00104633
0.00104484
0.00104357
0.00104249
0.00104156
0.00104077
0.00104008
0.00103949
0.00103898
0.00103852
0.00103818
0.00103756
0.00015223
0.00092604
0.00135079
0.00161824
0.0018712
0.00215655
0.00247302
0.00280321
0.00313042
0.00344368
0.00373703
0.0040073
0.00425244
0.00447058
0.00465982
0.00481818
0.00494365
0.00503426
0.00508802
0.00510284
0.00507655
0.00500687
0.00489143
0.00472785
0.00451405
0.00424868
0.0039321
0.00356755
0.00316241
0.0027282
0.00227744
0.00182124
0.00138519
0.00104974
0.000962937
0.00126135
0.00183933
0.00236915
0.00271924
0.00293251
0.00306729
0.0031586
0.00322398
0.00327188
0.00330648
0.00332991
0.00334326
0.00334698
0.00334119
0.00332574
0.00330037
0.00326468
0.00321821
0.00316046
0.00309103
0.00300969
0.00291653
0.00281214
0.00269765
0.00257482
0.00244597
0.00231392
0.00218174
0.00205254
0.00192905
0.00181325
0.00170607
0.00160752
0.00151721
0.00143533
0.0013631
0.00130222
0.00125357
0.00121647
0.00118884
0.00116814
0.00115219
0.00113949
0.00112919
0.0011208
0.00111402
0.00110858
0.00110422
0.00110071
0.00109789
0.00109559
0.00109372
0.00109219
0.00109093
0.00108989
0.00108902
0.0010883
0.00108769
0.00108717
0.00108674
0.00108636
0.00108604
0.00108576
0.00108555
0.00108516
0.000145783
0.000851498
0.00134081
0.00166162
0.00194148
0.00222581
0.0025211
0.00281999
0.00311346
0.00339487
0.00366002
0.00390613
0.00413093
0.00433218
0.00450754
0.0046546
0.00477088
0.00485389
0.00490112
0.00490987
0.00487733
0.00480054
0.00467648
0.00450224
0.00427545
0.00399507
0.00366263
0.00328358
0.00286798
0.00242816
0.00197399
0.00151845
0.00111017
0.000866457
0.000956014
0.0014536
0.00204451
0.00243664
0.00265532
0.00278425
0.00287132
0.00293767
0.00299195
0.00303764
0.00307609
0.00310765
0.00313216
0.00314915
0.00315797
0.00315793
0.00314831
0.0031284
0.00309747
0.00305484
0.00299988
0.00293218
0.00285164
0.00275868
0.0026543
0.00254016
0.00241854
0.00229226
0.00216447
0.00203843
0.00191718
0.00180314
0.0016978
0.00160166
0.00151462
0.00143669
0.00136852
0.00131116
0.00126515
0.00122984
0.00120343
0.00118367
0.00116857
0.00115671
0.00114723
0.00113964
0.00113361
0.00112886
0.00112514
0.00112222
0.00111994
0.00111814
0.00111672
0.0011156
0.00111471
0.001114
0.00111343
0.00111297
0.0011126
0.0011123
0.00111204
0.00111184
0.00111166
0.00111151
0.0011114
0.00111117
0.00013757
0.000739935
0.00128277
0.00165143
0.00195306
0.00223439
0.00250844
0.00277609
0.00303489
0.00328214
0.00351557
0.00373311
0.00393257
0.00411152
0.00426729
0.00439707
0.00449794
0.00456697
0.00460113
0.00459713
0.00455157
0.00446101
0.00432212
0.00413207
0.00388923
0.0035943
0.00325159
0.00286976
0.00245998
0.00203117
0.00159055
0.00116708
0.000848074
0.000784969
0.00114554
0.00176683
0.00220847
0.00243516
0.00255682
0.00263464
0.00269328
0.00274236
0.00278596
0.00282588
0.0028628
0.00289656
0.00292644
0.00295136
0.00297008
0.00298135
0.00298403
0.00297705
0.00295947
0.00293035
0.00288886
0.00283433
0.00276645
0.00268537
0.0025919
0.00248753
0.00237443
0.00225534
0.00213342
0.00201201
0.00189433
0.00178315
0.0016804
0.00158706
0.00150333
0.00142922
0.00136498
0.00131113
0.00126785
0.00123441
0.00120925
0.00119037
0.00117599
0.0011648
0.00115596
0.00114898
0.00114349
0.00113924
0.00113596
0.00113345
0.00113153
0.00113007
0.00112895
0.00112811
0.00112746
0.00112698
0.00112661
0.00112633
0.00112612
0.00112595
0.00112583
0.00112573
0.00112565
0.00112559
0.00112555
0.00112544
0.000127471
0.000622299
0.00117343
0.00158358
0.00190669
0.00218693
0.00244252
0.00268073
0.00290467
0.00311563
0.00331377
0.00349823
0.00366734
0.00381871
0.00394946
0.00405642
0.00413628
0.00418572
0.00420113
0.00417876
0.00411489
0.00400599
0.00384918
0.00364277
0.00338728
0.00308649
0.00274787
0.00238086
0.00199256
0.00158696
0.00118171
0.00084167
0.000693274
0.000919035
0.00152114
0.00200536
0.0022408
0.0023613
0.00243778
0.00249434
0.0025396
0.0025779
0.00261224
0.00264474
0.00267664
0.00270818
0.00273873
0.00276701
0.00279139
0.00281016
0.00282177
0.00282483
0.00281812
0.0028005
0.00277093
0.00272848
0.00267256
0.00260305
0.0025205
0.00242619
0.00232213
0.00221094
0.00209573
0.00197986
0.00186669
0.00175919
0.00165966
0.00156945
0.00148909
0.00141861
0.00135802
0.00130743
0.00126669
0.00123503
0.00121102
0.00119293
0.00117916
0.00116851
0.00116017
0.00115364
0.00114856
0.00114466
0.00114169
0.00113945
0.00113777
0.00113652
0.0011356
0.00113493
0.00113444
0.00113409
0.00113385
0.00113368
0.00113357
0.00113349
0.00113345
0.00113342
0.0011334
0.0011334
0.00113339
0.00113336
0.000115556
0.000523545
0.00103568
0.00146162
0.00179773
0.00207429
0.00231165
0.00252153
0.00271127
0.00288547
0.00304661
0.00319535
0.00333081
0.00345094
0.00355286
0.0036332
0.00368839
0.00371485
0.00370848
0.00366535
0.00358195
0.00345549
0.00328455
0.0030698
0.00281471
0.00252553
0.00220949
0.00187121
0.00151223
0.00114416
0.000816868
0.000635157
0.000766039
0.00131413
0.0018209
0.00205908
0.00218061
0.00226262
0.00232521
0.00237389
0.00241192
0.00244259
0.00246909
0.00249413
0.00251962
0.00254644
0.00257445
0.00260256
0.00262906
0.00265199
0.00266945
0.00267977
0.00268148
0.00267325
0.00265381
0.00262201
0.00257697
0.00251827
0.00244617
0.00236172
0.00226671
0.00216363
0.00205551
0.00194568
0.00183757
0.0017343
0.00163842
0.0015516
0.00147459
0.00140752
0.00135026
0.00130259
0.00126414
0.00123407
0.00121109
0.00119367
0.0011804
0.00117016
0.00116221
0.00115602
0.00115125
0.0011476
0.00114485
0.00114279
0.00114127
0.00114015
0.00113934
0.00113877
0.00113838
0.00113811
0.00113794
0.00113784
0.00113778
0.00113775
0.00113775
0.00113776
0.00113778
0.00113781
0.00113783
0.00113784
0.000102755
0.00045045
0.000899696
0.00129336
0.00160927
0.00186524
0.00207867
0.00226119
0.00242074
0.00256288
0.00269113
0.00280714
0.00291084
0.00300079
0.00307447
0.00312866
0.00315996
0.00316448
0.00313818
0.00307763
0.00298032
0.00284513
0.00267287
0.00246651
0.00223074
0.00197014
0.00168659
0.00137985
0.00105885
0.000764468
0.000584835
0.00066661
0.00115403
0.00165539
0.00188753
0.00201029
0.00210115
0.00217425
0.00223145
0.00227459
0.00230666
0.00233109
0.00235115
0.00236971
0.002389
0.0024104
0.0024343
0.00246003
0.00248609
0.0025105
0.00253118
0.00254627
0.00255409
0.00255317
0.00254204
0.00251935
0.00248391
0.00243502
0.00237264
0.00229753
0.00221128
0.00211621
0.00201523
0.00191163
0.00180884
0.00171009
0.00161809
0.00153475
0.00146103
0.00139715
0.00134286
0.00129778
0.00126133
0.00123265
0.00121056
0.0011937
0.00118083
0.00117092
0.00116326
0.00115733
0.00115277
0.00114931
0.0011467
0.00114476
0.00114333
0.0011423
0.00114156
0.00114105
0.0011407
0.00114048
0.00114034
0.00114027
0.00114024
0.00114024
0.00114026
0.00114029
0.00114033
0.00114037
0.0011404
0.00114043
9.32773e-05
0.000421767
0.00075794
0.00104219
0.00128571
0.00149894
0.00168638
0.00185027
0.00199307
0.00211769
0.0022268
0.00232217
0.0024044
0.00247284
0.0025258
0.00256073
0.00257477
0.00256421
0.00252603
0.00245816
0.00235978
0.00223153
0.00207541
0.00189407
0.00168927
0.00146052
0.00120689
0.000936983
0.000686913
0.000532612
0.000603458
0.00104295
0.00150927
0.00172649
0.00185099
0.00195195
0.00203683
0.00210436
0.00215525
0.00219221
0.00221862
0.00223781
0.00225281
0.00226625
0.00228037
0.00229679
0.00231629
0.00233867
0.00236277
0.00238677
0.00240864
0.0024264
0.00243831
0.00244277
0.0024382
0.00242305
0.0023959
0.00235572
0.00230218
0.00223575
0.00215778
0.00207041
0.00197641
0.001879
0.00178157
0.00168742
0.00159937
0.00151949
0.00144892
0.00138794
0.0013363
0.00129347
0.00125876
0.00123129
0.00120995
0.00119356
0.001181
0.00117133
0.00116388
0.00115813
0.00115373
0.00115039
0.00114788
0.00114601
0.00114464
0.00114365
0.00114295
0.00114246
0.00114214
0.00114193
0.00114181
0.00114175
0.00114173
0.00114174
0.00114177
0.00114181
0.00114185
0.0011419
0.00114193
0.00114197
9.08342e-05
0.000318738
0.000489797
0.000651914
0.000815731
0.000982833
0.00114777
0.00130324
0.00144411
0.00156828
0.00167571
0.00176714
0.00184317
0.0019039
0.0019486
0.00197571
0.00198288
0.00196819
0.00193036
0.00186887
0.00178388
0.001676
0.00154565
0.00139221
0.00121391
0.00101057
0.000792254
0.000592791
0.00047934
0.000568674
0.000976017
0.00138114
0.00157745
0.00170494
0.00181569
0.0019114
0.00198882
0.002048
0.00209133
0.00212207
0.00214347
0.00215844
0.00216959
0.00217923
0.00218939
0.00220174
0.00221729
0.0022362
0.00225769
0.00228021
0.00230186
0.00232071
0.00233503
0.0023432
0.00234359
0.00233452
0.00231434
0.00228176
0.00223613
0.00217764
0.00210738
0.00202729
0.00193999
0.00184858
0.00175641
0.00166678
0.0015826
0.00150605
0.00143841
0.00138006
0.00133074
0.00128986
0.00125663
0.00123018
0.00120949
0.00119348
0.00118116
0.00117166
0.00116435
0.00115872
0.00115442
0.00115116
0.0011487
0.00114688
0.00114554
0.00114457
0.00114388
0.0011434
0.00114308
0.00114288
0.00114276
0.00114269
0.00114267
0.00114268
0.00114271
0.00114274
0.00114278
0.00114283
0.00114286
0.0011429
8.69065e-05
0.000226963
0.000348819
0.000429927
0.000502556
0.000586944
0.000688231
0.000801738
0.000919288
0.00103319
0.00113771
0.00122926
0.00130601
0.00136727
0.00141224
0.00143957
0.00144877
0.0014396
0.00141174
0.00136475
0.00129792
0.00120999
0.00109914
0.000963811
0.000806006
0.000638327
0.000493609
0.000433158
0.000564226
0.000942904
0.00126805
0.0014431
0.0015748
0.0016935
0.00179734
0.00188279
0.00194953
0.00199951
0.00203564
0.00206094
0.00207822
0.00208995
0.00209829
0.0021052
0.00211249
0.00212172
0.00213404
0.00214984
0.00216864
0.00218921
0.00220982
0.00222869
0.00224417
0.00225469
0.00225865
0.00225432
0.0022399
0.00221385
0.00217523
0.00212393
0.00206078
0.0019875
0.00190653
0.00182085
0.00173373
0.00164845
0.00156795
0.00149453
0.00142956
0.00137353
0.00132622
0.00128697
0.001255
0.00122941
0.00120925
0.00119355
0.00118141
0.00117203
0.00116481
0.00115925
0.001155
0.00115178
0.00114935
0.00114754
0.0011462
0.00114524
0.00114454
0.00114406
0.00114373
0.00114352
0.00114339
0.00114331
0.00114329
0.00114328
0.0011433
0.00114333
0.00114336
0.0011434
0.00114343
0.00114346
)
;

boundaryField
{
    outlet
    {
        type            calculated;
        value           nonuniform List<scalar> 
55
(
0.00114377
0.00114394
0.00114402
0.00114403
0.00114398
0.00114387
0.00114372
0.00114353
0.00114331
0.00114306
0.00114278
0.00114248
0.00114215
0.00114179
0.00114141
0.001141
0.00114055
0.00114009
0.0011396
0.00113911
0.00113861
0.00113813
0.00113765
0.00113717
0.00113667
0.00113608
0.00113525
0.00113393
0.00113157
0.00112719
0.00111895
0.00110374
0.00107638
0.00102893
0.000949963
0.000824867
0.00063959
0.000400255
0.000195052
0.000158797
0.000216872
0.000288208
0.000559824
0.000800286
0.000951357
0.00103756
0.00108516
0.00111117
0.00112544
0.00113336
0.00113784
0.00114043
0.00114197
0.0011429
0.00114346
)
;
    }
    inlet
    {
        type            calculated;
        value           uniform 0.00117023;
    }
    lowerWall
    {
        type            nutkWallFunction;
        Cmu             0.09;
        kappa           0.41;
        E               9.8;
        value           nonuniform List<scalar> 
148
(
3.87012e-07
1.22524e-06
1.99422e-06
2.68579e-06
3.29664e-06
3.82572e-06
4.2747e-06
4.64784e-06
4.95125e-06
5.19218e-06
5.37833e-06
5.51739e-06
5.61669e-06
5.68294e-06
5.72214e-06
5.73955e-06
5.73965e-06
5.72623e-06
5.70247e-06
5.67095e-06
5.63379e-06
5.59268e-06
5.54895e-06
5.50364e-06
5.45751e-06
5.41114e-06
5.36486e-06
5.31899e-06
5.27303e-06
5.22933e-06
5.17567e-06
5.16879e-06
4.92861e-06
3.58769e-06
9.62027e-06
1.32924e-05
1.53894e-05
1.63046e-05
1.63656e-05
1.58442e-05
1.49331e-05
1.37638e-05
1.23123e-05
1.05782e-05
8.68592e-06
7.26369e-06
6.89786e-06
6.30152e-06
3.58769e-06
1.88594e-05
1.92486e-05
1.85877e-05
2.0581e-05
2.66509e-05
3.33598e-05
3.90077e-05
4.35392e-05
4.71753e-05
5.0132e-05
5.2566e-05
5.45808e-05
5.62431e-05
5.75991e-05
5.86865e-05
5.95425e-05
6.02074e-05
6.07246e-05
6.11391e-05
6.14948e-05
6.18282e-05
6.21444e-05
6.2474e-05
6.28371e-05
6.32466e-05
6.37069e-05
6.42134e-05
6.47491e-05
6.52821e-05
6.57617e-05
6.61166e-05
6.62597e-05
6.6106e-05
6.5609e-05
6.48005e-05
6.38102e-05
6.27998e-05
6.16685e-05
6.03757e-05
5.89555e-05
5.7459e-05
5.5933e-05
5.44141e-05
5.29276e-05
5.14886e-05
5.01038e-05
4.87734e-05
4.74928e-05
4.62536e-05
4.50448e-05
4.38538e-05
4.2667e-05
4.14703e-05
4.02502e-05
3.89949e-05
3.76955e-05
3.63471e-05
3.49507e-05
3.3515e-05
3.20575e-05
3.0606e-05
2.92002e-05
2.789e-05
2.67313e-05
2.57746e-05
2.50496e-05
2.45527e-05
2.425e-05
2.40911e-05
2.40253e-05
2.40137e-05
2.40316e-05
2.40657e-05
2.41089e-05
2.41571e-05
2.42072e-05
2.42568e-05
2.43044e-05
2.4349e-05
2.43903e-05
2.44281e-05
2.44625e-05
2.44934e-05
2.45212e-05
2.45461e-05
2.45682e-05
2.45878e-05
2.46051e-05
2.46204e-05
2.46339e-05
2.46458e-05
2.46561e-05
2.46652e-05
2.46732e-05
2.46801e-05
2.46861e-05
2.46914e-05
2.46958e-05
2.47008e-05
)
;
    }
    upperWall
    {
        type            nutkWallFunction;
        Cmu             0.09;
        kappa           0.41;
        E               9.8;
        value           nonuniform List<scalar> 
133
(
1.45074e-05
1.50271e-05
1.5526e-05
1.60017e-05
1.64543e-05
1.68848e-05
1.72941e-05
1.76831e-05
1.80527e-05
1.84038e-05
1.87371e-05
1.90533e-05
1.93533e-05
1.96378e-05
1.99075e-05
2.0163e-05
2.0405e-05
2.06342e-05
2.08511e-05
2.10563e-05
2.12505e-05
2.14341e-05
2.16076e-05
2.17715e-05
2.19264e-05
2.20725e-05
2.22104e-05
2.23404e-05
2.24629e-05
2.25783e-05
2.26869e-05
2.2789e-05
2.2885e-05
2.29894e-05
2.31023e-05
2.32095e-05
2.33109e-05
2.34059e-05
2.34944e-05
2.35759e-05
2.36499e-05
2.37161e-05
2.37738e-05
2.38224e-05
2.38613e-05
2.38898e-05
2.39071e-05
2.39121e-05
2.3904e-05
2.38817e-05
2.38439e-05
2.37893e-05
2.37167e-05
2.36245e-05
2.35114e-05
2.33758e-05
2.32165e-05
2.30322e-05
2.28221e-05
2.25859e-05
2.23237e-05
2.20368e-05
2.17273e-05
2.13987e-05
2.1056e-05
2.07056e-05
2.03549e-05
2.00124e-05
1.96866e-05
1.93853e-05
1.91147e-05
1.88789e-05
1.86791e-05
1.85141e-05
1.83798e-05
1.82725e-05
1.81927e-05
1.8133e-05
1.80853e-05
1.80425e-05
1.79987e-05
1.79496e-05
1.7893e-05
1.78283e-05
1.77563e-05
1.76785e-05
1.75966e-05
1.75117e-05
1.74247e-05
1.73367e-05
1.72493e-05
1.71651e-05
1.70869e-05
1.70171e-05
1.69567e-05
1.69057e-05
1.68629e-05
1.6827e-05
1.67966e-05
1.67709e-05
1.67492e-05
1.67312e-05
1.67168e-05
1.67057e-05
1.66976e-05
1.66924e-05
1.66896e-05
1.66891e-05
1.66903e-05
1.66929e-05
1.66965e-05
1.67007e-05
1.67053e-05
1.671e-05
1.67145e-05
1.67188e-05
1.67229e-05
1.67265e-05
1.67298e-05
1.67327e-05
1.67353e-05
1.67375e-05
1.67394e-05
1.67409e-05
1.67422e-05
1.67433e-05
1.67441e-05
1.67448e-05
1.67453e-05
1.67456e-05
1.67458e-05
1.67462e-05
1.67451e-05
)
;
    }
    frontAndBack
    {
        type            empty;
    }
}


// ************************************************************************* //
