/*--------------------------------*- C++ -*----------------------------------*\
| =========                 |                                                 |
| \\      /  F ield         | OpenFOAM: The Open Source CFD Toolbox           |
|  \\    /   O peration     | Version:  2.1.1                                 |
|   \\  /    A nd           | Web:      www.OpenFOAM.org                      |
|    \\/     M anipulation  |                                                 |
\*---------------------------------------------------------------------------*/
FoamFile
{
    version     2.0;
    format      ascii;
    class       volScalarField;
    location    "0.2";
    object      p;
}
// * * * * * * * * * * * * * * * * * * * * * * * * * * * * * * * * * * * * * //

dimensions      [0 2 -2 0 0 0 0];

internalField   nonuniform List<scalar> 
6820
(
9.07375
-8.76345
-11.7761
-11.9683
-12.147
-12.0804
-12.0313
-12.0522
-12.1086
-12.1853
-12.2738
-12.3687
-12.4677
-12.5697
-12.6741
-12.7805
-12.8888
-12.9988
-13.1105
-13.2238
-13.3386
-13.455
-13.5728
-13.6919
-13.8125
-13.934
-14.0565
-14.1792
-14.3022
-14.422
-14.5457
-14.6439
-14.7942
2.39331
-8.58148
-11.4641
-11.7694
-12.0281
-12.0578
-12.0453
-12.0774
-12.1356
-12.2094
-12.2939
-12.3852
-12.4812
-12.5808
-12.6833
-12.7884
-12.8957
-13.005
-13.1162
-13.2292
-13.3438
-13.4598
-13.5775
-13.6966
-13.8172
-13.939
-14.0617
-14.1849
-14.3085
-14.4306
-14.5565
-14.6733
-14.8478
-0.320176
-7.1498
-10.442
-11.2054
-11.6799
-11.8845
-11.9509
-12.0158
-12.0933
-12.1794
-12.2725
-12.3704
-12.4714
-12.5746
-12.6797
-12.7864
-12.8948
-13.0047
-13.1161
-13.2291
-13.3436
-13.4595
-13.577
-13.696
-13.8164
-13.938
-14.0612
-14.1855
-14.311
-14.4367
-14.5674
-14.695
-14.8484
-2.30443
-6.9213
-10.0187
-10.8833
-11.3615
-11.645
-11.7816
-11.8906
-11.9992
-12.1057
-12.2118
-12.3183
-12.4256
-12.5338
-12.6429
-12.7529
-12.864
-12.9762
-13.0895
-13.204
-13.3197
-13.4366
-13.5549
-13.6746
-13.7958
-13.9185
-14.043
-14.1693
-14.2985
-14.4315
-14.5729
-14.7241
-14.9076
-3.93864
-7.02039
-9.62544
-10.5341
-11.0479
-11.4106
-11.6171
-11.7656
-11.8985
-12.0215
-12.139
-12.2543
-12.3681
-12.4811
-12.5939
-12.7069
-12.8203
-12.9342
-13.0487
-13.164
-13.2802
-13.3974
-13.5159
-13.6357
-13.7571
-13.8804
-14.006
-14.1346
-14.2678
-14.4078
-14.5599
-14.7299
-14.937
-5.15976
-7.19978
-9.37293
-10.3222
-10.855
-11.2447
-11.4861
-11.6571
-11.806
-11.9416
-12.0684
-12.1905
-12.3099
-12.4273
-12.5435
-12.6589
-12.7741
-12.8892
-13.0045
-13.1202
-13.2366
-13.3537
-13.4719
-13.5914
-13.7126
-13.836
-13.9622
-14.0928
-14.2296
-14.3749
-14.5344
-14.7148
-14.9332
-6.10869
-7.4844
-9.25368
-10.1655
-10.6858
-11.0836
-11.355
-11.5514
-11.7181
-11.867
-12.0034
-12.1324
-12.2568
-12.3781
-12.4971
-12.6148
-12.7316
-12.8479
-12.964
-13.0802
-13.1967
-13.3138
-13.4317
-13.5509
-13.6718
-13.7951
-13.9216
-14.0527
-14.1903
-14.3371
-14.4982
-14.6797
-14.8933
-6.85262
-7.78848
-9.2003
-10.0474
-10.5561
-10.9553
-11.2452
-11.4587
-11.6372
-11.7954
-11.9391
-12.0737
-12.2026
-12.3274
-12.4493
-12.5691
-12.6876
-12.805
-12.9218
-13.0383
-13.1548
-13.2717
-13.3891
-13.5077
-13.6278
-13.7501
-13.8757
-14.0058
-14.1424
-14.2881
-14.447
-14.6233
-14.8248
-7.44249
-8.08973
-9.20798
-9.97471
-10.4608
-10.8482
-11.1443
-11.3692
-11.5574
-11.7241
-11.875
-12.0154
-12.1487
-12.2771
-12.4017
-12.5236
-12.6435
-12.762
-12.8794
-12.9961
-13.1125
-13.2289
-13.3457
-13.4633
-13.5823
-13.7033
-13.8273
-13.9556
-14.0897
-14.2318
-14.3846
-14.5513
-14.7358
-7.91613
-8.37249
-9.25321
-9.93114
-10.3881
-10.7594
-11.0562
-11.2887
-11.4843
-11.6572
-11.8136
-11.9585
-12.0955
-12.2267
-12.3536
-12.4772
-12.5983
-12.7176
-12.8354
-12.9521
-13.0682
-13.184
-13.2998
-13.4161
-13.5335
-13.6525
-13.7741
-13.8991
-14.029
-14.1653
-14.3098
-14.4641
-14.6299
-8.30042
-8.62905
-9.32216
-9.91284
-10.3372
-10.689
-10.9802
-11.2153
-11.4149
-11.5922
-11.7529
-11.9017
-12.042
-12.1759
-12.305
-12.4302
-12.5525
-12.6725
-12.7906
-12.9072
-13.0229
-13.1378
-13.2524
-13.3671
-13.4825
-13.599
-13.7174
-13.8384
-13.963
-14.0921
-14.2267
-14.3674
-14.5142
-8.61501
-8.85704
-9.40392
-9.91291
-10.3022
-10.6323
-10.9142
-11.1486
-11.3504
-11.5306
-11.6946
-11.8465
-11.9894
-12.1255
-12.2563
-12.3829
-12.5061
-12.6265
-12.7446
-12.861
-12.9759
-13.0897
-13.2028
-13.3156
-13.4284
-13.5419
-13.6564
-13.7725
-13.8908
-14.0118
-14.1357
-14.2624
-14.391
-8.87419
-9.05651
-9.49038
-9.92603
-10.2799
-10.5878
-10.8578
-11.0888
-11.2904
-11.4719
-11.6379
-11.792
-11.937
-12.0749
-12.2072
-12.3349
-12.4588
-12.5795
-12.6976
-12.8135
-12.9275
-13.04
-13.1514
-13.262
-13.372
-13.482
-13.5922
-13.7029
-13.8144
-13.9268
-14.0399
-14.153
-14.2648
-9.08851
-9.2289
-9.57586
-9.94757
-10.2671
-10.5526
-10.8093
-11.0346
-11.2345
-11.4161
-11.5832
-11.7388
-11.8854
-12.0247
-12.1582
-12.2867
-12.4111
-12.5319
-12.6497
-12.7649
-12.8778
-12.9888
-13.0982
-13.2062
-13.3132
-13.4193
-13.5247
-13.6297
-13.7341
-13.8378
-13.9403
-14.0408
-14.1375
-9.26581
-9.37618
-9.65643
-9.97358
-10.2608
-10.5247
-10.7675
-10.9857
-11.1826
-11.3631
-11.5304
-11.6869
-11.8344
-11.9748
-12.109
-12.2381
-12.3628
-12.4835
-12.6009
-12.7153
-12.827
-12.9363
-13.0435
-13.1487
-13.2523
-13.3544
-13.4549
-13.554
-13.6513
-13.7467
-13.8393
-13.9282
-14.0117
-9.41192
-9.50043
-9.72946
-10.0008
-10.2584
-10.5019
-10.7308
-10.9411
-11.134
-11.3126
-11.4794
-11.6361
-11.7842
-11.9252
-12.06
-12.1895
-12.3142
-12.4347
-12.5515
-12.6648
-12.7751
-12.8825
-12.9873
-13.0897
-13.1898
-13.2876
-13.3832
-13.4763
-13.5668
-13.6542
-13.7376
-13.8163
-13.8886
-9.53124
-9.60357
-9.79322
-10.0267
-10.2579
-10.4824
-10.6979
-10.9
-11.0882
-11.2644
-11.4301
-11.5865
-11.7349
-11.8762
-12.0113
-12.1409
-12.2655
-12.3856
-12.5016
-12.6138
-12.7225
-12.8279
-12.9303
-13.0296
-13.1261
-13.2197
-13.3104
-13.3978
-13.4818
-13.5618
-13.6371
-13.7068
-13.7695
-9.62707
-9.68727
-9.84661
-10.049
-10.2571
-10.4645
-10.6675
-10.8613
-11.0446
-11.218
-11.3822
-11.5381
-11.6863
-11.8277
-11.9629
-12.0924
-12.2167
-12.3363
-12.4514
-12.5623
-12.6693
-12.7727
-12.8724
-12.9687
-13.0616
-13.151
-13.2368
-13.3189
-13.3967
-13.47
-13.538
-13.6
-13.6549
-9.70188
-9.75291
-9.88888
-10.0662
-10.2544
-10.4466
-10.6382
-10.8242
-11.0026
-11.173
-11.3356
-11.4907
-11.6386
-11.7799
-11.915
-12.0444
-12.1683
-12.2872
-12.4013
-12.5109
-12.6162
-12.7173
-12.8145
-12.9077
-12.997
-13.0824
-13.1637
-13.2406
-13.313
-13.3802
-13.4419
-13.4975
-13.5459
-9.75747
-9.80153
-9.91954
-10.0767
-10.2483
-10.4273
-10.6088
-10.7878
-10.9615
-11.1291
-11.29
-11.4442
-11.5917
-11.7327
-11.8677
-11.9967
-12.1201
-12.2382
-12.3513
-12.4594
-12.5629
-12.6618
-12.7564
-12.8465
-12.9324
-13.0138
-13.0908
-13.163
-13.2303
-13.2922
-13.3485
-13.3985
-13.4417
-9.7951
-9.83388
-9.93817
-10.0795
-10.2374
-10.4054
-10.5783
-10.7511
-10.9208
-11.0857
-11.2452
-11.3985
-11.5457
-11.6865
-11.8213
-11.95
-12.073
-12.1903
-12.3023
-12.409
-12.5107
-12.6074
-12.6994
-12.7866
-12.8691
-12.9469
-13.0198
-13.0878
-13.1505
-13.2078
-13.2594
-13.3049
-13.3439
-9.81559
-9.85042
-9.94439
-10.0735
-10.2206
-10.3797
-10.5456
-10.7134
-10.8796
-11.0425
-11.2007
-11.3534
-11.5002
-11.6409
-11.7755
-11.9039
-12.0263
-12.1428
-12.2536
-12.3588
-12.4587
-12.5532
-12.6427
-12.727
-12.8063
-12.8806
-12.9497
-13.0137
-13.0724
-13.1256
-13.1731
-13.2148
-13.2503
-9.81931
-9.85128
-9.93773
-10.0578
-10.1967
-10.3491
-10.5098
-10.6738
-10.8376
-10.9991
-11.1567
-11.3092
-11.4561
-11.5969
-11.7315
-11.8598
-11.9818
-12.0976
-12.2074
-12.3112
-12.4093
-12.5018
-12.5888
-12.6705
-12.7467
-12.8177
-12.8835
-12.9439
-12.9989
-13.0485
-13.0925
-13.131
-13.1637
-9.8063
-9.8363
-9.9176
-10.0315
-10.1647
-10.3125
-10.4697
-10.6313
-10.7938
-10.9547
-11.1122
-11.2649
-11.4121
-11.5532
-11.6879
-11.816
-11.9376
-12.0527
-12.1614
-12.2638
-12.3602
-12.4506
-12.5352
-12.6141
-12.6875
-12.7554
-12.8179
-12.875
-12.9267
-12.973
-13.014
-13.0497
-13.08
-9.77618
-9.80502
-9.88328
-9.99357
-10.1237
-10.2691
-10.4249
-10.586
-10.7486
-10.9101
-11.0686
-11.2224
-11.3706
-11.5125
-11.6478
-11.7763
-11.8978
-12.0124
-12.1203
-12.2215
-12.3163
-12.4048
-12.4872
-12.5636
-12.6343
-12.6993
-12.7587
-12.8128
-12.8614
-12.9049
-12.9431
-12.9763
-13.0045
-9.72818
-9.75658
-9.83376
-9.94289
-10.0723
-10.2176
-10.3739
-10.5359
-10.6999
-10.863
-11.023
-11.1784
-11.328
-11.471
-11.607
-11.7358
-11.8573
-11.9714
-12.0784
-12.1784
-12.2716
-12.3581
-12.4383
-12.5123
-12.5803
-12.6425
-12.699
-12.7501
-12.796
-12.8366
-12.8723
-12.9033
-12.9296
-9.66105
-9.68978
-9.76788
-9.87851
-10.01
-10.158
-10.3174
-10.483
-10.6506
-10.8172
-10.9806
-11.1389
-11.2911
-11.4361
-11.5737
-11.7034
-11.8253
-11.9394
-12.0458
-12.1448
-12.2365
-12.3213
-12.3993
-12.4709
-12.5364
-12.5959
-12.6497
-12.698
-12.7411
-12.7791
-12.8123
-12.8409
-12.8651
-9.57302
-9.6028
-9.68378
-9.79833
-9.93427
-10.0871
-10.2515
-10.422
-10.5943
-10.7654
-10.9328
-11.0947
-11.2498
-11.3972
-11.5365
-11.6674
-11.7898
-11.9039
-12.0098
-12.1077
-12.1981
-12.281
-12.357
-12.4262
-12.4891
-12.5459
-12.597
-12.6425
-12.6828
-12.7182
-12.749
-12.7754
-12.7978
-9.46168
-9.49354
-9.58011
-9.7023
-9.84683
-10.0088
-10.1825
-10.3619
-10.5425
-10.7211
-10.8949
-11.0623
-11.2218
-11.3728
-11.5146
-11.6473
-11.7706
-11.885
-11.9905
-12.0875
-12.1764
-12.2576
-12.3314
-12.3982
-12.4585
-12.5125
-12.5607
-12.6034
-12.6409
-12.6735
-12.7015
-12.7253
-12.7452
-9.32356
-9.35822
-9.45245
-9.58449
-9.73934
-9.91178
-10.0959
-10.2852
-10.4751
-10.6621
-10.8434
-11.0172
-11.182
-11.3372
-11.4824
-11.6173
-11.7421
-11.857
-11.9624
-12.0587
-12.1463
-12.2257
-12.2974
-12.3618
-12.4194
-12.4706
-12.5159
-12.5556
-12.5902
-12.62
-12.6454
-12.6668
-12.6844
-9.15459
-9.19447
-9.30218
-9.45183
-9.62536
-9.81651
-10.0183
-10.2237
-10.4276
-10.6265
-10.8177
-10.9996
-11.1709
-11.3309
-11.4796
-11.6169
-11.743
-11.8583
-11.9633
-12.0585
-12.1445
-12.2218
-12.291
-12.3527
-12.4072
-12.4553
-12.4972
-12.5336
-12.5647
-12.5911
-12.6131
-12.6312
-12.6455
-8.94745
-8.99198
-9.11347
-9.28004
-9.47089
-9.6801
-9.90029
-10.1233
-10.3435
-10.5571
-10.7612
-10.9539
-11.134
-11.3011
-11.4551
-11.596
-11.7245
-11.841
-11.9461
-12.0406
-12.1252
-12.2006
-12.2674
-12.3262
-12.3778
-12.4226
-12.4613
-12.4942
-12.522
-12.5451
-12.5639
-12.579
-12.5906
-8.69704
-8.75609
-8.91001
-9.11417
-9.34027
-9.58126
-9.82913
-10.0754
-10.3148
-10.544
-10.7608
-10.9636
-11.1516
-11.3245
-11.4826
-11.6262
-11.756
-11.8727
-11.9771
-12.0701
-12.1524
-12.2249
-12.2884
-12.3436
-12.3912
-12.4318
-12.4661
-12.4946
-12.5178
-12.5363
-12.5506
-12.561
-12.5678
-8.38142
-8.44286
-8.61661
-8.84713
-9.10343
-9.37893
-9.6621
-9.94126
-10.21
-10.4647
-10.7027
-10.9225
-11.1238
-11.3067
-11.472
-11.6203
-11.7529
-11.8707
-11.975
-12.0668
-12.1472
-12.2171
-12.2775
-12.3293
-12.3732
-12.41
-12.4403
-12.4648
-12.4839
-12.4984
-12.5087
-12.5154
-12.5189
-8.01085
-8.12735
-8.38623
-8.68747
-8.99432
-9.30977
-9.62515
-9.92998
-10.2198
-10.492
-10.7445
-10.9761
-11.1867
-11.3766
-11.5466
-11.6978
-11.8314
-11.9488
-12.0513
-12.1401
-12.2167
-12.282
-12.3373
-12.3835
-12.4215
-12.4522
-12.4762
-12.4942
-12.5068
-12.5146
-12.5182
-12.5181
-12.5148
-7.47328
-7.56359
-7.85984
-8.2284
-8.61559
-9.01404
-9.40327
-9.76957
-10.1094
-10.4208
-10.7029
-10.9562
-11.1822
-11.3826
-11.5593
-11.7144
-11.8496
-11.967
-12.0682
-12.1548
-12.2285
-12.2905
-12.342
-12.3842
-12.4181
-12.4443
-12.4638
-12.4772
-12.4849
-12.4878
-12.4862
-12.4809
-12.4728
-6.97011
-7.29163
-7.75706
-8.17235
-8.57813
-9.00171
-9.41493
-9.80441
-10.1686
-10.504
-10.8076
-11.079
-11.3191
-11.5296
-11.7124
-11.8699
-12.0046
-12.1188
-12.2148
-12.2947
-12.3604
-12.4137
-12.456
-12.4886
-12.5128
-12.5294
-12.5392
-12.5428
-12.5408
-12.5336
-12.5213
-12.5048
-12.4842
-5.66112
-5.98158
-6.75194
-7.44777
-8.07951
-8.68027
-9.21816
-9.69311
-10.1156
-10.4895
-10.8184
-11.1065
-11.358
-11.576
-11.7639
-11.9246
-12.0608
-12.1751
-12.27
-12.3477
-12.4103
-12.4596
-12.4974
-12.525
-12.5438
-12.5546
-12.5584
-12.5556
-12.5463
-12.5308
-12.5081
-12.4793
-12.4393
-5.64371
-6.38725
-6.98776
-7.44928
-8.04293
-8.66922
-9.25166
-9.79296
-10.287
-10.7233
-11.1011
-11.424
-11.6962
-11.9227
-12.1089
-12.26
-12.381
-12.4763
-12.5498
-12.6049
-12.6447
-12.6716
-12.6878
-12.6952
-12.6952
-12.6891
-12.6777
-12.6615
-12.6407
-12.6142
-12.5796
-12.5333
-12.4626
0.615327
-3.99178
-5.77173
-6.61676
-7.61233
-8.48081
-9.17303
-9.77203
-10.2943
-10.7403
-11.1191
-11.4392
-11.707
-11.9288
-12.1106
-12.2578
-12.3755
-12.4679
-12.539
-12.5921
-12.6301
-12.6556
-12.6706
-12.6769
-12.6762
-12.6697
-12.6585
-12.6434
-12.6256
-12.6045
-12.5831
-12.5557
-12.5351
-14.6462
-15.4519
-17.2706
-19.3137
-21.1871
-22.4621
-22.8867
-22.2921
-20.4124
-16.9566
-12.0283
-6.50048
-1.58665
1.5646
2.47745
1.05329
-2.71118
-8.19864
-14.8611
-22.1305
-29.4316
-36.2952
-42.3268
-47.1349
-50.3116
-51.6149
-51.0098
-48.7796
-45.2647
-40.732
-35.4891
-29.9756
-24.6441
-19.7769
-15.4705
-11.7339
-8.55203
-5.89667
-3.72441
-1.98011
-0.604081
0.462262
1.27285
1.8752
2.30981
2.61049
2.80501
2.91598
2.96175
2.95717
2.91415
2.84214
2.74836
2.63788
2.51373
2.37749
2.22858
2.06288
1.87249
1.6331
1.29318
0.7917
0.0803706
-0.895399
-2.24965
-4.19423
-7.05374
-11.3413
-17.8428
-27.5544
-40.7121
-55.003
-66.5533
-72.0656
-70.2597
-60.919
-46.6335
-31.2592
-18.4942
-9.9459
-4.9828
-2.26647
-0.798631
0.0836236
0.764356
1.27287
1.57288
1.68763
1.70537
1.67735
1.629
1.56828
1.51448
1.45175
1.42244
1.34493
1.34597
1.15948
1.08321
0.639896
-14.9186
-15.6265
-17.2821
-19.2058
-20.9316
-22.0518
-22.3362
-21.6151
-19.6598
-16.2793
-11.6592
-6.57995
-2.07748
0.854088
1.66761
0.264034
-3.1986
-8.32667
-14.508
-21.2216
-27.9981
-34.3994
-40.0278
-44.5022
-47.4661
-48.7515
-48.3484
-46.424
-43.1782
-38.8544
-33.8409
-28.644
-23.6835
-19.1633
-15.1378
-11.6134
-8.58477
-6.03455
-3.92919
-2.22263
-0.863057
0.201618
1.02031
1.63682
2.08904
2.40895
2.62316
2.75353
2.81795
2.83097
2.80434
2.74741
2.66734
2.56927
2.45624
2.32988
2.18975
2.03182
1.84847
1.61649
1.28402
0.788391
0.0805137
-0.891649
-2.23599
-4.15706
-6.97188
-11.1789
-17.5361
-26.9907
-39.7451
-53.581
-64.7901
-70.1795
-68.5521
-59.5974
-45.7447
-30.7284
-18.2074
-9.8121
-4.93772
-2.26373
-0.821923
0.0224002
0.676344
1.18906
1.50708
1.63733
1.66619
1.64696
1.60506
1.55007
1.4986
1.44105
1.40666
1.3418
1.31375
1.1829
0.982757
0.814685
-15.0318
-15.8034
-17.3006
-18.9925
-20.456
-21.3641
-21.4888
-20.6582
-18.7018
-15.5353
-11.3931
-6.94342
-3.04379
-0.484983
0.303214
-0.93741
-4.09813
-8.77967
-14.4673
-20.6263
-26.8205
-32.681
-37.8512
-41.9791
-44.7686
-46.0698
-45.8274
-44.0838
-40.9831
-36.8323
-32.1066
-27.303
-22.7473
-18.571
-14.8132
-11.4903
-8.60951
-6.16286
-4.12506
-2.45792
-1.11687
-0.0558885
0.76914
1.39838
1.8671
2.20547
2.43887
2.58835
2.67129
2.70191
2.69175
2.65003
2.58386
2.4984
2.39673
2.28048
2.1493
1.99931
1.82297
1.59827
1.27408
0.78669
0.0857072
-0.879378
-2.21045
-4.10363
-6.86648
-10.9802
-17.1698
-26.3267
-38.6201
-51.9411
-62.764
-68.0178
-66.565
-58.0229
-44.6531
-30.0589
-17.8394
-9.63168
-4.86181
-2.23861
-0.82641
-0.0213003
0.600547
1.11102
1.44382
1.58828
1.62736
1.6164
1.58063
1.53121
1.48188
1.42948
1.38974
1.33781
1.28017
1.20601
0.880732
0.983812
-15.1898
-15.9129
-17.1415
-18.5238
-19.6986
-20.3769
-20.3463
-19.4621
-17.6209
-14.8182
-11.2915
-7.57473
-4.3303
-2.16458
-1.46841
-2.49084
-5.25591
-9.46041
-14.6245
-20.2562
-25.9189
-31.258
-35.9628
-39.7583
-42.3915
-43.6475
-43.3887
-41.6405
-38.6152
-34.7011
-30.3695
-26.0132
-21.8574
-18.0015
-14.493
-11.3621
-8.62516
-6.28112
-4.31153
-2.68543
-1.36491
-0.309631
0.519917
1.16039
1.64445
2.00044
2.25244
2.42068
2.52195
2.57011
2.57646
2.55008
2.498
2.42536
2.33531
2.22945
2.10743
1.96556
1.79639
1.57948
1.26516
0.788897
0.0984151
-0.855938
-2.16985
-4.02978
-6.73193
-10.7378
-16.7342
-25.5515
-37.3287
-50.0828
-60.486
-65.598
-64.3198
-56.2156
-43.3753
-29.2621
-17.3973
-9.4088
-4.75664
-2.18999
-0.80966
-0.045272
0.538773
1.04025
1.38356
1.54047
1.58893
1.58575
1.55583
1.5118
1.46444
1.41715
1.3719
1.33303
1.24574
1.22859
0.779369
1.14711
-15.2503
-15.8751
-16.8413
-17.9038
-18.7759
-19.2255
-19.0801
-18.2244
-16.5949
-14.2203
-11.3078
-8.27471
-5.63895
-3.88606
-3.33799
-4.19867
-6.53409
-10.1935
-14.8109
-19.9279
-25.113
-30.0083
-34.3159
-37.7875
-40.1522
-41.1688
-40.7415
-38.9694
-36.1232
-32.579
-28.7099
-24.7964
-21.0106
-17.4504
-14.1767
-11.2298
-8.63275
-6.38979
-4.48871
-2.90502
-1.60687
-0.559247
0.273041
0.92323
1.42144
1.79413
2.06411
2.25068
2.37005
2.43565
2.45853
2.44757
2.40971
2.35007
2.27183
2.17659
2.06395
1.93041
1.76863
1.55993
1.25698
0.794853
0.118883
-0.820388
-2.1124
-3.93274
-6.5643
-10.4464
-16.2245
-24.6651
-35.8808
-48.0254
-57.9784
-62.9384
-61.8329
-54.1883
-41.9208
-28.3459
-16.8882
-9.14981
-4.62702
-2.1213
-0.774408
-0.0509539
0.491119
0.977449
1.32686
1.4943
1.55114
1.55514
1.5307
1.49183
1.44625
1.40398
1.3531
1.3273
1.21056
1.24999
0.679903
1.30229
-15.2476
-15.7779
-16.5203
-17.313
-17.941
-18.2222
-18.0153
-17.2244
-15.807
-13.8049
-11.3963
-8.91345
-6.76758
-5.3625
-4.97177
-5.75213
-7.75356
-10.8856
-14.9015
-19.4447
-24.1231
-28.5724
-32.4814
-35.5539
-37.5501
-38.3195
-37.8265
-36.2
-33.6889
-30.5873
-27.1701
-23.6567
-20.2039
-16.9163
-13.864
-11.0937
-8.63241
-6.48893
-4.6565
-3.11642
-1.84239
-0.804284
0.0289765
0.687357
1.19846
1.58692
1.87417
2.07861
2.21577
2.29867
2.33803
2.34256
2.31905
2.27257
2.20634
2.12196
2.01896
1.89397
1.7398
1.53957
1.24912
0.803853
0.146537
-0.772925
-2.03802
-3.81251
-6.36404
-10.1076
-15.6446
-23.6767
-34.2931
-45.7912
-55.2658
-60.064
-59.1307
-51.964
-40.3081
-27.3242
-16.3224
-8.86212
-4.47762
-2.0347
-0.721537
-0.0384424
0.458361
0.923503
1.27424
1.45001
1.51416
1.5247
1.50535
1.47138
1.42739
1.38999
1.3334
1.3205
1.17482
1.26951
0.583268
1.44606
-15.1876
-15.6338
-16.2098
-16.8033
-17.2516
-17.409
-17.1608
-16.4318
-15.1979
-13.5071
-11.5125
-9.48023
-7.739
-6.61437
-6.33707
-7.05012
-8.79362
-11.4859
-14.932
-18.857
-22.9416
-26.8583
-30.2934
-32.963
-34.693
-35.3689
-34.9743
-33.6114
-31.4695
-28.7746
-25.7484
-22.5842
-19.432
-16.3982
-13.5559
-10.9548
-8.6248
-6.5789
-4.815
-3.31954
-2.07121
-1.0444
-0.211885
0.45316
0.9759
1.37911
1.6829
1.90468
2.0593
2.1593
2.21507
2.23509
2.22601
2.19283
2.13877
2.06546
1.97235
1.85619
1.70994
1.51846
1.24146
0.815606
0.181135
-0.713475
-1.94635
-3.66877
-6.13139
-9.723
-14.999
-22.5957
-32.5821
-43.4038
-52.3772
-57.0049
-56.2429
-49.5684
-38.5585
-26.214
-15.7125
-8.55468
-4.31438
-1.93365
-0.653171
-0.00902484
0.440335
0.878918
1.22619
1.40788
1.47818
1.49456
1.47984
1.45049
1.40787
1.37517
1.31285
1.3125
1.13873
1.28654
0.490612
1.57592
-15.0919
-15.4663
-15.9137
-16.3524
-16.6605
-16.7243
-16.4543
-15.7932
-14.7282
-13.3081
-11.6627
-10.0069
-8.6037
-7.71479
-7.53398
-8.18509
-9.70193
-12.0178
-14.9713
-18.3333
-21.8386
-25.2112
-28.1866
-30.5356
-32.0902
-32.7363
-32.4536
-31.3192
-29.4804
-27.1197
-24.4261
-21.5713
-18.6942
-15.8972
-13.2533
-10.8135
-8.61041
-6.66
-4.96432
-3.51429
-2.29309
-1.27925
-0.449159
0.221035
0.754125
1.17107
1.4906
1.72915
1.90084
2.01769
2.08976
2.12525
2.13066
2.1109
2.06918
2.00713
1.92418
1.81714
1.67917
1.49671
1.23384
0.829658
0.222208
-0.64217
-1.83711
-3.50112
-5.86637
-9.29374
-14.2917
-21.4322
-30.7667
-40.8911
-49.3465
-53.7964
-53.2045
-47.0329
-36.6983
-25.0359
-15.0736
-8.2376
-4.14376
-1.82174
-0.571277
0.0362191
0.436979
0.844133
1.18314
1.3682
1.4434
1.46486
1.45429
1.42921
1.38775
1.35951
1.29152
1.30318
1.10252
1.30045
0.402976
1.68981
-14.9719
-15.282
-15.6273
-15.9468
-16.1498
-16.1485
-15.8728
-15.2802
-14.3663
-13.1782
-11.8263
-10.4842
-9.3624
-8.67128
-8.57309
-9.17168
-10.4962
-12.4933
-15.0313
-17.9193
-20.9337
-23.8418
-26.4249
-28.4832
-29.8558
-30.4442
-30.231
-29.2703
-27.6753
-25.5958
-23.1926
-20.6159
-17.9908
-15.414
-12.9569
-10.6708
-8.58989
-6.73271
-5.1047
-3.7007
-2.50789
-1.50858
-0.682513
-0.0086556
0.533497
0.963111
1.29757
1.55226
1.74058
1.87402
1.96221
2.01312
2.03305
2.0268
1.99754
1.94694
1.87442
1.77683
1.64756
1.47442
1.22614
0.84545
0.268995
-0.55956
-1.71049
-3.30971
-5.56974
-8.82224
-13.5285
-20.1983
-28.8687
-38.2844
-46.2113
-50.4777
-50.0543
-44.3928
-34.7577
-23.8143
-14.4228
-7.92205
-3.97289
-1.70321
-0.478322
0.0956801
0.447697
0.819281
1.14543
1.3312
1.41001
1.43574
1.4288
1.4076
1.36708
1.34301
1.26946
1.29242
1.06639
1.3107
0.321257
1.78598
-14.8352
-15.0902
-15.3556
-15.5846
-15.7097
-15.6635
-15.393
-14.8676
-14.0892
-13.1015
-11.9974
-10.9173
-10.0298
-9.50388
-9.47314
-10.0243
-11.1831
-12.9073
-15.0896
-17.5721
-20.167
-22.6763
-24.9078
-26.6903
-27.8883
-28.416
-28.2487
-27.4231
-26.0296
-24.1914
-22.0439
-19.7167
-17.3218
-14.9492
-12.6674
-10.5274
-8.56392
-6.79751
-5.23641
-3.87883
-2.71551
-1.73217
-0.911646
-0.235574
0.314361
0.755577
1.10409
1.37428
1.57877
1.72845
1.83258
1.89881
1.93327
1.9406
1.92393
1.88494
1.82311
1.73534
1.61524
1.45178
1.21829
0.862421
0.320539
-0.46656
-1.5671
-3.09514
-5.24291
-8.31185
-12.7168
-18.908
-26.9114
-35.6167
-43.0114
-47.0911
-46.8346
-41.687
-32.7708
-22.5765
-13.7792
-7.61989
-3.80927
-1.58267
-0.37702
0.167594
0.47175
0.804316
1.11329
1.2971
1.3782
1.40736
1.40348
1.38573
1.34592
1.32568
1.24675
1.28012
1.03054
1.31681
0.246198
1.86325
-14.6902
-14.8982
-15.1003
-15.2607
-15.3289
-15.2545
-14.9975
-14.5372
-13.8792
-13.0632
-12.1669
-11.3042
-10.61
-10.2201
-10.2436
-10.7523
-11.7681
-13.257
-15.1317
-17.2619
-19.4898
-21.6471
-23.5681
-25.1079
-26.1479
-26.6101
-26.4689
-25.7512
-24.5276
-22.898
-20.9755
-18.8719
-16.6869
-14.5031
-12.3858
-10.3842
-8.53326
-6.85499
-5.35984
-4.04887
-2.91594
-1.94986
-1.13631
-0.459417
0.0970421
0.548784
0.910489
1.19549
1.41562
1.5812
1.70104
1.78247
1.83142
1.85236
1.8484
1.82118
1.77028
1.6927
1.5823
1.42896
1.21034
0.880018
0.375676
-0.364513
-1.40804
-2.85848
-4.88772
-7.76652
-11.8643
-17.576
-24.9186
-32.9215
-39.7878
-43.6806
-43.5893
-38.9572
-30.7749
-21.3525
-13.1631
-7.34332
-3.66058
-1.46511
-0.270532
0.249767
0.507947
0.798886
1.0868
1.26606
1.34813
1.37986
1.37844
1.36369
1.32434
1.30751
1.22344
1.26617
0.995161
1.3184
0.17833
1.92111
-14.5406
-14.7091
-14.8619
-14.9713
-14.9998
-14.9097
-14.672
-14.2731
-13.7213
-13.0519
-12.33
-11.6474
-11.1125
-10.8338
-10.8999
-11.3693
-12.2603
-13.5456
-15.154
-16.9777
-18.8848
-20.7327
-22.3804
-23.7028
-24.5966
-24.9938
-24.8686
-24.2384
-23.1576
-21.7076
-19.983
-18.0797
-16.0857
-14.0764
-12.1127
-10.2419
-8.49874
-6.90581
-5.47542
-4.21104
-3.10924
-2.16157
-1.35631
-0.679919
-0.118161
0.343041
0.717049
1.01616
1.2514
1.43249
1.56777
1.66425
1.72762
1.76221
1.77104
1.75573
1.71601
1.649
1.54883
1.40617
1.2024
0.897755
0.433079
-0.255235
-1.23506
-2.60139
-4.50658
-7.19079
-10.9798
-16.2171
-22.9142
-30.2322
-36.5812
-40.2903
-40.3634
-36.247
-28.8096
-20.1741
-12.5952
-7.10446
-3.53445
-1.35588
-0.162478
0.339615
0.554727
0.802357
1.06585
1.23818
1.31994
1.35339
1.35381
1.34155
1.30241
1.28853
1.19961
1.2505
0.960399
1.31519
0.117929
1.95974
-14.3912
-14.527
-14.6417
-14.7136
-14.7152
-14.6188
-14.4037
-14.062
-13.6032
-13.0586
-12.4821
-11.9481
-11.5432
-11.354
-11.4521
-11.8847
-12.6668
-13.776
-15.154
-16.7118
-18.3393
-19.916
-21.3226
-22.4513
-23.2129
-23.5472
-23.4288
-22.8681
-21.9075
-20.6126
-19.0622
-17.3382
-15.518
-13.6694
-11.849
-10.1017
-8.4612
-6.95068
-5.58369
-4.36567
-3.29553
-2.36726
-1.5715
-0.896858
-0.330978
0.138639
0.524065
0.836563
1.08636
1.28254
1.43298
1.54433
1.62203
1.67028
1.69197
1.68872
1.66039
1.60431
1.51494
1.38358
1.19467
0.91528
0.491347
-0.141006
-1.05066
-2.32626
-4.10246
-6.58962
-10.072
-14.8464
-20.9211
-27.5802
-33.4304
-36.963
-37.2016
-33.6011
-26.9163
-19.0737
-12.0961
-6.91486
-3.43832
-1.26061
-0.0570515
0.434002
0.610026
0.813745
1.05018
1.21347
1.29376
1.3281
1.32972
1.31939
1.2802
1.26874
1.17533
1.23304
0.926395
1.307
0.0650092
1.98001
-14.2439
-14.3532
-14.4387
-14.4839
-14.4686
-14.3728
-14.1821
-13.8928
-13.5151
-13.0761
-12.6205
-12.2084
-11.909
-11.791
-11.9123
-12.3098
-12.9961
-13.9524
-15.1308
-16.458
-17.842
-19.1817
-20.3762
-21.3327
-21.9746
-22.2487
-22.1308
-21.6262
-20.7671
-19.6064
-18.2094
-16.6458
-14.9832
-13.2824
-11.5954
-9.96425
-8.42155
-6.99038
-5.68524
-4.51316
-3.47503
-2.56698
-1.7818
-1.11006
-0.541174
-0.0641505
0.331825
0.656997
0.920781
1.13162
1.2969
1.42292
1.51486
1.57673
1.61135
1.62029
1.60355
1.55876
1.48072
1.36134
1.18742
0.932441
0.549146
-0.0244782
-0.858138
-2.03644
-3.67901
-5.96835
-9.14977
-13.4778
-18.9602
-24.9945
-30.3709
-33.7389
-34.1472
-31.0643
-25.1371
-18.0832
-11.6846
-6.78515
-3.37943
-1.1853
0.0408927
0.529161
0.671212
0.831679
1.03927
1.19187
1.26969
1.30411
1.30628
1.2973
1.25778
1.24818
1.15065
1.21372
0.893247
1.29378
0.0193447
1.98339
-14.1013
-14.1894
-14.253
-14.2798
-14.255
-14.1644
-13.9986
-13.7567
-13.449
-13.0988
-12.743
-12.4303
-12.2155
-12.1533
-12.2892
-12.6538
-13.2554
-14.0788
-15.0845
-16.2118
-17.3843
-18.5173
-19.5255
-20.3298
-20.8642
-21.082
-20.9603
-20.5006
-19.7273
-18.6827
-17.4207
-16.0006
-14.4809
-12.9159
-11.3527
-9.83062
-8.38073
-7.02575
-5.78075
-4.65399
-3.64802
-2.76087
-1.98719
-1.3194
-0.748551
-0.265082
0.140602
0.477742
0.754941
0.98
1.15981
1.30027
1.40631
1.48176
1.52936
1.55061
1.54566
1.51247
1.44628
1.33957
1.18091
0.94931
0.605378
0.091503
-0.661648
-1.73637
-3.24079
-5.33263
-8.22153
-12.1244
-17.0502
-22.5003
-27.4344
-30.6544
-31.2414
-28.6809
-23.5128
-17.2319
-11.3773
-6.72485
-3.36495
-1.13646
0.125726
0.620587
0.73498
0.854349
1.03239
1.17321
1.24778
1.28155
1.28363
1.27537
1.23525
1.22687
1.12562
1.19252
0.861024
1.27555
-0.0194507
1.97166
-13.9642
-14.0355
-14.0832
-14.0978
-14.0689
-13.9866
-13.8452
-13.6457
-13.398
-13.1221
-12.8484
-12.6159
-12.4684
-12.4489
-12.5936
-12.926
-13.4525
-14.16
-15.016
-15.9703
-16.9594
-17.9126
-18.7578
-19.4279
-19.8662
-20.0319
-19.9036
-19.4801
-18.7795
-17.8356
-16.6927
-15.4008
-14.0106
-12.5699
-11.1215
-9.70171
-8.33971
-7.05767
-5.87095
-4.78872
-3.8149
-2.94912
-2.18774
-1.52483
-0.952956
-0.463938
-0.0493444
0.299081
0.589137
0.827974
1.02197
1.17666
1.29666
1.38563
1.44623
1.47991
1.48694
1.46562
1.41172
1.31834
1.17539
0.966177
0.659367
0.204217
-0.465997
-1.43184
-2.79359
-4.68866
-7.29525
-10.7974
-15.2068
-20.1186
-24.6467
-27.7411
-28.5228
-26.4934
-22.0817
-16.5442
-11.1871
-6.7426
-3.40253
-1.1214
0.190916
0.70297
0.797304
0.879499
1.02858
1.15721
1.22805
1.26054
1.26188
1.25371
1.21266
1.20483
1.10028
1.16941
0.829745
1.25243
-0.0518278
1.94662
-13.8338
-13.8923
-13.9285
-13.9357
-13.9066
-13.8344
-13.7161
-13.554
-13.3572
-13.143
-12.9361
-12.7679
-12.6731
-12.6854
-12.8332
-13.1346
-13.5941
-14.2007
-14.927
-15.7316
-16.562
-17.3591
-18.0622
-18.6145
-18.9675
-19.0857
-18.9491
-18.5549
-17.9162
-17.0598
-16.0219
-14.8447
-13.5716
-12.2448
-10.9027
-9.57845
-8.29949
-7.08711
-5.95667
-4.91801
-3.97612
-3.13202
-2.38357
-1.72633
-1.15428
-0.660532
-0.237771
0.121297
0.423673
0.675858
0.883719
1.05239
1.1862
1.28863
1.36222
1.40843
1.42763
1.41842
1.37719
1.29772
1.171
0.983464
0.710991
0.311489
-0.276231
-1.12997
-2.34497
-4.0437
-6.37861
-9.50599
-13.442
-17.8656
-22.0282
-25.0266
-26.0269
-24.5414
-20.8761
-16.0375
-11.1236
-6.84707
-3.50118
-1.14884
0.228881
0.770198
0.853529
0.904467
1.02669
1.14353
1.21048
1.24116
1.24117
1.23241
1.19012
1.18211
1.07468
1.14439
0.7994
1.2246
-0.0781994
1.90981
-13.7102
-13.7589
-13.7872
-13.7905
-13.7636
-13.7023
-13.6054
-13.4758
-13.3221
-13.1586
-13.0057
-12.8884
-12.834
-12.8692
-13.0157
-13.2873
-13.6871
-14.2054
-14.8194
-15.4948
-16.188
-16.8498
-17.4294
-17.8788
-18.1565
-18.2318
-18.0864
-17.7161
-17.1304
-16.3501
-15.4051
-14.3304
-13.1633
-11.9407
-10.6968
-9.46177
-8.26109
-7.11506
-6.03881
-5.04258
-4.13225
-3.30997
-2.57491
-1.92398
-1.35248
-0.854716
-0.424456
-0.0553341
0.258863
0.523992
0.745398
0.927816
1.07529
1.19108
1.27766
1.33648
1.368
1.37114
1.34288
1.27778
1.16781
1.00159
0.760678
0.412116
-0.0968905
-0.838811
-1.90465
-3.40712
-5.47997
-8.25816
-11.7644
-15.752
-19.5952
-22.5341
-23.7857
-22.8596
-19.9185
-15.7211
-11.1942
-7.04872
-3.67265
-1.22949
0.230797
0.815437
0.899003
0.92632
1.02542
1.13173
1.19501
1.22351
1.22159
1.21155
1.16767
1.15871
1.04881
1.11745
0.76992
1.19223
-0.0989111
1.86229
-13.5939
-13.6354
-13.6586
-13.6603
-13.6373
-13.587
-13.5094
-13.4078
-13.2898
-13.1676
-13.0578
-12.9802
-12.9563
-13.0068
-13.1484
-13.3916
-13.7379
-14.1788
-14.6954
-15.2593
-15.8342
-16.3792
-16.8519
-17.2116
-17.4234
-17.4604
-17.3061
-16.9557
-16.4155
-15.7019
-14.8391
-13.8562
-12.7851
-11.6578
-10.5045
-9.35259
-8.22557
-7.14258
-6.11834
-5.16329
-4.28394
-3.48343
-2.76205
-2.11793
-1.54756
-1.04639
-0.609199
-0.230541
0.0950321
0.372735
0.607393
0.803334
0.964305
1.09338
1.19292
1.26439
1.30838
1.32407
1.309
1.25859
1.1658
1.02085
0.809236
0.506155
0.0689743
-0.566181
-1.48438
-2.79162
-4.6104
-7.06207
-10.18
-13.7814
-17.3603
-20.285
-21.829
-21.4739
-19.2178
-15.5975
-11.4076
-7.36246
-3.93299
-1.37689
0.1864
0.831167
0.929168
0.942004
1.02344
1.12136
1.18155
1.20763
1.20326
1.19125
1.1454
1.1347
1.02268
1.08862
0.741232
1.15556
-0.114244
1.80478
-13.4842
-13.5203
-13.5404
-13.5422
-13.5238
-13.484
-13.4235
-13.3456
-13.2571
-13.1682
-13.0922
-13.045
-13.0434
-13.1032
-13.2373
-13.4532
-13.7515
-14.1248
-14.5571
-15.0248
-15.4978
-15.9423
-16.3227
-16.605
-16.7594
-16.7627
-16.6002
-16.2665
-15.7659
-15.1109
-14.321
-13.4204
-12.4362
-11.3959
-10.3263
-9.25186
-8.19404
-7.1708
-6.19631
-5.28104
-4.43197
-3.65299
-2.94541
-2.30841
-1.7396
-1.23548
-0.79183
-0.40406
-0.067484
0.222475
0.470124
0.679386
0.853709
0.995973
1.10845
1.19259
1.24914
1.27755
1.27587
1.24034
1.16498
1.04132
0.857508
0.594807
0.220629
-0.317809
-1.09628
-2.2138
-3.78679
-5.93143
-8.69766
-11.9587
-15.337
-18.3056
-20.1839
-20.3935
-18.7696
-15.6684
-11.7784
-7.81057
-4.30423
-1.60825
0.0838871
0.808962
0.938794
0.948614
1.01954
1.112
1.16999
1.19355
1.18626
1.17154
1.12332
1.11002
0.996222
1.05785
0.713185
1.11476
-0.124514
1.73779
-13.3819
-13.4142
-13.4325
-13.4354
-13.422
-13.3918
-13.3459
-13.2877
-13.2232
-13.1606
-13.1108
-13.0862
-13.1
-13.1644
-13.2888
-13.4787
-13.734
-14.0479
-14.4071
-14.7919
-15.1774
-15.5355
-15.8366
-16.0522
-16.157
-16.131
-15.9612
-15.6421
-15.1761
-14.5729
-13.848
-13.0215
-12.116
-11.1554
-10.163
-9.16052
-8.16762
-7.20091
-6.27389
-5.3969
-4.57721
-3.81936
-3.12548
-2.49573
-1.92874
-1.42199
-0.972203
-0.575634
-0.228341
0.0736239
0.334051
0.556458
0.743995
0.89935
1.0247
1.12152
1.19067
1.23192
1.24378
1.22324
1.16539
1.063
0.906084
0.679906
0.359908
-0.0952528
-0.74929
-1.6914
-3.03268
-4.8915
-7.34
-10.3142
-13.5596
-16.6292
-18.8615
-19.6069
-18.5639
-15.9429
-12.3327
-8.42511
-4.81567
-1.94503
-0.0907771
0.740615
0.922466
0.943685
1.01276
1.10332
1.16022
1.18129
1.17066
1.15255
1.10151
1.08475
0.969434
1.0252
0.685654
1.07007
-0.130096
1.6619
-13.285
-13.3146
-13.332
-13.3365
-13.3279
-13.3061
-13.2726
-13.2306
-13.1851
-13.143
-13.113
-13.1048
-13.1286
-13.1937
-13.307
-13.4723
-13.6889
-13.9509
-14.2468
-14.5603
-14.8709
-15.1552
-15.3885
-15.547
-15.6093
-15.5584
-15.3826
-15.0765
-14.6413
-14.0841
-13.4175
-12.6577
-11.8239
-10.9362
-10.015
-9.07956
-8.14752
-7.23419
-6.35233
-5.51202
-4.72069
-3.98336
-3.3029
-2.68034
-2.11522
-1.60597
-1.15021
-0.745019
-0.387181
-0.0733725
0.199685
0.435106
0.635747
0.804107
0.942273
1.05174
1.13351
1.18764
1.2131
1.20757
1.16714
1.08582
0.955153
0.763005
0.490253
0.10487
-0.444838
-1.23582
-2.37253
-3.97748
-6.15066
-8.90016
-12.0684
-15.2648
-17.8402
-19.0891
-18.599
-16.4455
-13.11
-9.24905
-5.50448
-2.41364
-0.352464
0.618837
0.875568
0.925488
1.00256
1.09516
1.15216
1.17081
1.15645
1.13421
1.07987
1.05874
0.942134
0.990558
0.658389
1.02164
-0.131478
1.57784
-13.1955
-13.2231
-13.2401
-13.2464
-13.242
-13.2274
-13.204
-13.1749
-13.1441
-13.1175
-13.1018
-13.1048
-13.1342
-13.1969
-13.298
-13.4401
-13.6219
-13.8381
-14.0792
-14.3315
-14.5779
-14.7991
-14.9747
-15.0846
-15.111
-15.039
-14.8586
-14.5645
-14.157
-13.6412
-13.027
-12.3277
-11.5591
-10.7384
-9.88305
-9.01
-8.135
-7.27203
-6.43303
-5.62771
-4.86356
-4.14598
-3.47845
-2.86277
-2.29936
-1.78754
-1.32579
-0.911992
-0.543648
-0.218054
0.0675612
0.315913
0.529567
0.710841
0.861743
0.983804
1.07815
1.14515
1.18421
1.19367
1.17049
1.10989
1.00485
0.84516
0.615173
0.289331
-0.174496
-0.842689
-1.81154
-3.20599
-5.15777
-7.73114
-10.8407
-14.163
-17.0754
-18.8254
-18.893
-17.218
-14.1631
-10.3352
-6.41514
-3.04335
-0.717927
0.435234
0.795149
0.893456
0.988995
1.08763
1.1458
1.16207
1.14364
1.11657
1.05843
1.03204
0.914279
0.953947
0.631212
0.969696
-0.129187
1.48638
-13.1097
-13.1358
-13.1526
-13.1605
-13.1597
-13.1509
-13.1356
-13.1164
-13.0968
-13.0815
-13.0758
-13.0858
-13.1174
-13.1755
-13.2641
-13.3843
-13.5349
-13.7112
-13.9049
-14.1047
-14.2965
-14.4642
-14.5909
-14.66
-14.6562
-14.5672
-14.3838
-14.1012
-13.719
-13.2408
-12.6742
-12.03
-11.3212
-10.5622
-9.76781
-8.95293
-8.13143
-7.31595
-6.51754
-5.74547
-5.00719
-4.30838
-3.65305
-3.04371
-2.48161
-1.96691
-1.49892
-1.07634
-0.697359
-0.359899
-0.0616907
0.199585
0.426209
0.620323
0.783867
0.918411
1.02523
1.10497
1.15751
1.18177
1.17556
1.1352
1.05506
0.926683
0.736941
0.464605
0.0742878
-0.491942
-1.32356
-2.549
-4.31261
-6.72585
-9.78868
-13.2608
-16.5432
-18.8277
-19.4851
-18.3166
-15.5528
-11.7395
-7.59175
-3.86465
-1.20538
0.183197
0.68097
0.84844
0.972768
1.0811
1.14115
1.15492
1.132
1.09937
1.03687
1.00431
0.885501
0.915136
0.603733
0.914321
-0.123795
1.3883
-13.032
-13.0566
-13.0732
-13.0822
-13.0841
-13.0797
-13.0704
-13.0584
-13.0467
-13.0391
-13.0397
-13.0532
-13.084
-13.1359
-13.2113
-13.311
-13.4335
-13.5745
-13.7272
-13.882
-14.0272
-14.1496
-14.2351
-14.2699
-14.2413
-14.1385
-13.9538
-13.6825
-13.3238
-12.88
-12.3571
-11.7634
-11.1096
-10.4076
-9.67006
-8.90956
-8.13831
-7.36762
-6.60759
-5.86699
-5.15315
-4.47193
-3.82784
-3.22404
-2.66256
-2.14439
-1.66968
-1.2379
-0.847977
-0.498424
-0.187482
0.0867803
0.326367
0.533262
0.709353
0.856271
0.975434
1.06779
1.13363
1.17246
1.18284
1.16213
1.10604
1.00784
0.856805
0.635152
0.312761
-0.16146
-0.871437
-1.93941
-3.52947
-5.81017
-8.86384
-12.5362
-16.2477
-19.1251
-20.4245
-19.7976
-17.3297
-13.5014
-9.06349
-4.90081
-1.82528
-0.138614
0.535309
0.792758
0.955323
1.07629
1.13848
1.14933
1.12144
1.08252
1.0151
0.975513
0.855688
0.874116
0.575705
0.855656
-0.11594
1.28433
-12.9555
-12.9787
-12.9949
-13.0046
-13.0084
-13.0072
-13.0021
-12.9952
-12.9888
-12.9859
-12.99
-13.0044
-13.0325
-13.077
-13.1395
-13.2203
-13.3176
-13.4279
-13.5453
-13.6617
-13.7676
-13.852
-13.9032
-13.9098
-13.8611
-13.748
-13.5637
-13.304
-12.9676
-12.5559
-12.0734
-11.5265
-10.9239
-10.275
-9.59058
-8.88117
-8.15731
-7.42892
-6.70517
-5.99425
-5.30327
-4.63829
-4.00419
-3.40481
-2.84293
-2.32036
-1.83812
-1.39646
-0.995022
-0.632948
-0.308981
-0.0215725
0.231017
0.450623
0.639096
0.798147
0.929362
1.034
1.11277
1.16575
1.19221
1.19045
1.15742
1.08813
0.974302
0.801681
0.545197
0.159937
-0.430756
-1.3517
-2.79014
-4.96243
-8.04367
-11.9804
-16.2035
-19.7526
-21.7516
-21.6897
-19.5041
-15.6212
-10.8281
-6.1511
-2.57605
-0.525983
0.363382
0.730192
0.938697
1.07416
1.13804
1.14509
1.11142
1.06534
0.992408
0.944962
0.824149
0.830406
0.546547
0.793713
-0.106196
1.17526
-12.8887
-12.9103
-12.9256
-12.9352
-12.9398
-12.9403
-12.9376
-12.9334
-12.9298
-12.9292
-12.934
-12.947
-12.9705
-13.0065
-13.056
-13.1189
-13.1935
-13.2767
-13.3633
-13.4469
-13.5195
-13.5719
-13.5946
-13.578
-13.5133
-13.3929
-13.2106
-12.9628
-12.6477
-12.2663
-11.8216
-11.3185
-10.7637
-10.1648
-9.53043
-8.86933
-8.19035
-7.50208
-6.81264
-6.12958
-5.4598
-4.80943
-4.1838
-3.58736
-3.02368
-2.49544
-2.0045
-1.55196
-1.13818
-0.76295
-0.425506
-0.124677
0.141036
0.373347
0.574102
0.74512
0.888171
1.0048
1.09615
1.16281
1.20474
1.22108
1.20997
1.16809
1.08963
0.963964
0.771223
0.472658
-0.00303928
-0.782948
-2.07535
-4.1546
-7.30729
-11.5916
-16.4271
-20.7271
-23.4641
-23.9639
-22.0266
-18.0412
-12.8363
-7.58012
-3.4364
-0.96539
0.174188
0.665988
0.925599
1.07609
1.14056
1.14248
1.10195
1.04771
0.968577
0.912491
0.790677
0.783935
0.51592
0.728459
-0.0953434
1.06159
-12.8198
-12.8395
-12.8536
-12.8626
-12.8673
-12.8684
-12.8668
-12.8639
-12.8614
-12.8611
-12.8649
-12.875
-12.893
-12.9203
-12.9574
-13.0039
-13.0584
-13.1179
-13.1784
-13.2342
-13.2789
-13.3049
-13.3045
-13.2696
-13.1929
-13.068
-12.8896
-12.6544
-12.3605
-12.0082
-11.5995
-11.138
-10.6286
-10.0772
-9.49059
-8.87564
-8.23959
-7.58959
-6.93268
-6.27572
-5.62528
-4.98762
-4.3685
-3.77303
-3.20562
-2.66988
-2.16861
-1.70376
-1.2765
-0.887229
-0.535716
-0.221144
0.0577597
0.302611
0.515283
0.697746
0.852013
0.979979
1.08324
1.16289
1.21954
1.25312
1.26284
1.24694
1.20213
1.12161
0.990902
0.778438
0.418822
-0.217727
-1.36472
-3.36558
-6.63714
-11.3617
-16.9117
-22.0188
-25.499
-26.5336
-24.7976
-20.6516
-14.9869
-9.11306
-4.36098
-1.43227
-0.019334
0.60672
0.919257
1.0837
1.14673
1.14145
1.09239
1.02865
0.942487
0.876984
0.754159
0.733866
0.483036
0.65983
-0.0836756
0.944197
-12.7642
-12.7815
-12.7935
-12.8009
-12.8044
-12.8046
-12.8024
-12.7988
-12.7953
-12.7932
-12.7941
-12.7995
-12.8107
-12.8284
-12.8531
-12.8841
-12.9201
-12.9586
-12.9962
-13.0282
-13.0492
-13.0533
-13.0338
-12.9844
-12.8989
-12.7719
-12.599
-12.3769
-12.104
-11.78
-11.406
-10.9844
-10.5187
-10.0132
-9.47266
-8.90237
-8.3078
-7.69461
-7.06866
-6.43601
-5.80291
-5.17573
-4.56071
-3.96375
-3.39018
-2.84461
-2.33084
-1.8518
-1.40947
-1.00494
-0.638476
-0.309612
-0.0172549
0.24017
0.46462
0.65826
0.823391
0.962171
1.07669
1.16852
1.23888
1.28842
1.31738
1.32563
1.31243
1.27496
1.20533
1.07972
0.839317
0.353922
-0.640541
-2.56905
-6.00022
-11.2581
-17.6111
-23.5474
-27.7422
-29.2675
-27.6814
-23.3113
-17.1466
-10.6435
-5.28155
-1.89039
-0.199574
0.56096
0.924147
1.09969
1.15844
1.14336
1.08357
1.00853
0.914165
0.838342
0.714403
0.680082
0.447428
0.587378
-0.0725414
0.824019
-12.7015
-12.7162
-12.7259
-12.7313
-12.7331
-12.7318
-12.728
-12.7229
-12.7173
-12.7125
-12.7097
-12.7098
-12.7139
-12.7224
-12.7355
-12.7525
-12.7723
-12.7927
-12.8109
-12.823
-12.8247
-12.811
-12.7767
-12.7166
-12.6255
-12.499
-12.3333
-12.1256
-11.8742
-11.5784
-11.2387
-10.8564
-10.4336
-9.97316
-9.47807
-8.95175
-8.3979
-7.82052
-7.22413
-6.61389
-5.99572
-5.37616
-4.76211
-4.16035
-3.57734
-3.01885
-2.48986
-1.99432
-1.53508
-1.11394
-0.731673
-0.388139
-0.0823995
0.187119
0.422506
0.626226
0.80094
0.949404
1.07411
1.17713
1.26031
1.32484
1.37182
1.40252
1.41889
1.42284
1.41368
1.37613
1.26187
0.943109
0.118842
-1.72508
-5.3425
-11.2223
-18.4438
-25.1856
-30.0219
-31.969
-30.4873
-25.8431
-19.1586
-12.0447
-6.11352
-2.2937
-0.34423
0.539592
0.946024
1.12735
1.17758
1.14905
1.07554
0.986787
0.882541
0.795138
0.669739
0.621079
0.407841
0.510798
-0.0621951
0.701537
-12.6584
-12.6693
-12.6756
-12.6776
-12.6761
-12.6716
-12.6646
-12.6559
-12.6464
-12.637
-12.6285
-12.6219
-12.6176
-12.6162
-12.6174
-12.6209
-12.6254
-12.6293
-12.6302
-12.6249
-12.6101
-12.5817
-12.5355
-12.4672
-12.3729
-12.2488
-12.0918
-11.8994
-11.67
-11.4026
-11.0972
-10.7541
-10.3743
-9.9589
-9.50935
-9.02709
-8.51385
-7.9718
-7.40393
-6.81439
-6.20872
-5.59375
-4.97713
-4.36676
-3.77036
-3.19499
-2.64703
-2.13169
-1.65283
-1.21298
-0.813408
-0.454255
-0.134651
0.147067
0.393234
0.606633
0.790224
0.947363
1.08118
1.19387
1.28809
1.36547
1.42795
1.47825
1.5211
1.56333
1.6123
1.66387
1.68794
1.56289
0.946097
-0.780293
-4.60455
-11.1899
-19.2988
-26.7454
-32.0759
-34.3379
-32.9174
-28.0077
-20.8353
-13.1761
-6.76339
-2.58916
-0.425947
0.557236
0.993682
1.17277
1.20895
1.16251
1.07129
0.965295
0.848429
0.747477
0.619685
0.556025
0.363034
0.42799
-0.0534365
0.569435
-12.6011
-12.6084
-12.6111
-12.6098
-12.605
-12.5971
-12.5866
-12.5741
-12.5604
-12.5462
-12.532
-12.5187
-12.5065
-12.4957
-12.4863
-12.4777
-12.469
-12.4588
-12.4451
-12.4256
-12.3975
-12.3577
-12.3028
-12.2296
-12.1348
-12.0154
-11.869
-11.6935
-11.4873
-11.2493
-10.9789
-10.6759
-10.3399
-9.97066
-9.56783
-9.13081
-8.65913
-8.15276
-7.6128
-7.04215
-6.44592
-5.8315
-5.20761
-4.58357
-3.96886
-3.3721
-2.80117
-2.26257
-1.76127
-1.30066
-0.882537
-0.5073
-0.174126
0.118823
0.374188
0.595347
0.785891
0.949961
1.09095
1.21268
1.31723
1.40669
1.4832
1.55054
1.61587
1.69143
1.7947
1.94043
2.12752
2.23832
1.87145
0.294099
-3.76944
-11.1035
-20.0228
-27.971
-33.5796
-36.0247
-34.6421
-29.5291
-21.9732
-13.8979
-7.14165
-2.72423
-0.415208
0.631092
1.07768
1.24245
1.2563
1.18575
1.07193
0.944422
0.811005
0.693195
0.560979
0.481373
0.30975
0.337093
-0.0403032
0.417274
-12.5725
-12.5744
-12.5719
-12.5653
-12.5551
-12.5416
-12.5254
-12.507
-12.4869
-12.4657
-12.4439
-12.4221
-12.4005
-12.3794
-12.3585
-12.3376
-12.3159
-12.2922
-12.2652
-12.233
-12.1933
-12.144
-12.0825
-12.0062
-11.9127
-11.7997
-11.6652
-11.5076
-11.3254
-11.1177
-10.8833
-10.6215
-10.3311
-10.0104
-9.65741
-9.2692
-8.84272
-8.37519
-7.86519
-7.31372
-6.72516
-6.10753
-5.47101
-4.82672
-4.18592
-3.55946
-2.95805
-2.38985
-1.86091
-1.37552
-0.935953
-0.542748
-0.194913
0.109728
0.374246
0.602732
0.799244
0.968636
1.11504
1.24278
1.35452
1.45229
1.53854
1.61773
1.69972
1.80422
1.96496
2.22315
2.60113
2.9702
2.85432
1.43054
-2.89597
-10.8953
-20.4188
-28.6028
-34.2776
-36.7821
-35.4136
-30.1833
-22.4023
-14.097
-7.17698
-2.65403
-0.283111
0.780809
1.21235
1.34747
1.32872
1.22596
1.08186
0.925436
0.769407
0.63039
0.490837
0.394716
0.245302
0.23579
-0.0220751
0.236746
-12.5204
-12.5176
-12.5106
-12.4994
-12.4846
-12.4663
-12.445
-12.4212
-12.3952
-12.3676
-12.3389
-12.3094
-12.2794
-12.249
-12.2182
-12.1867
-12.1539
-12.119
-12.081
-12.0385
-11.99
-11.9336
-11.8676
-11.7902
-11.6996
-11.5942
-11.4726
-11.3337
-11.1766
-11.0003
-10.804
-10.5865
-10.3462
-10.0803
-9.78455
-9.45344
-9.08017
-8.65789
-8.18127
-7.64863
-7.06378
-6.43632
-5.77825
-5.10406
-4.42885
-3.76396
-3.12302
-2.51702
-1.954
-1.43914
-0.975176
-0.562696
-0.200479
0.114195
0.385346
0.617837
0.817033
0.989586
1.14047
1.27468
1.39484
1.50225
1.59852
1.68845
1.78539
1.91855
2.13868
2.50581
3.05839
3.63793
3.72167
2.4193
-2.08574
-10.4673
-20.29
-28.4749
-34.0794
-36.5508
-35.1569
-29.8833
-22.0496
-13.7284
-6.84364
-2.35969
-0.0131353
1.02038
1.4079
1.49355
1.4274
1.28118
1.0982
0.90539
0.718852
0.551901
0.400863
0.288034
0.16207
0.124617
-0.000576665
0.0500499
-12.5081
-12.498
-12.4841
-12.4655
-12.4429
-12.4168
-12.3875
-12.3553
-12.3207
-12.2841
-12.2459
-12.2065
-12.166
-12.1247
-12.0825
-12.0392
-11.9945
-11.9478
-11.8984
-11.8454
-11.7877
-11.7242
-11.6537
-11.5752
-11.4875
-11.3898
-11.2817
-11.1627
-11.0326
-10.8915
-10.7389
-10.5739
-10.3944
-10.1964
-9.97343
-9.71618
-9.41268
-9.04989
-8.61622
-8.10508
-7.51875
-6.87024
-6.17634
-5.45271
-4.71807
-3.9947
-3.29811
-2.64113
-2.03338
-1.48093
-0.986752
-0.551131
-0.172171
0.153749
0.431692
0.667787
0.868829
1.04095
1.19208
1.32933
1.4546
1.56865
1.67247
1.76942
1.87304
2.02043
2.27306
2.69283
3.32522
3.99952
4.20877
2.98605
-1.40496
-9.70081
-19.4868
-27.533
-33.0057
-35.3787
-33.9247
-28.6688
-20.948
-12.8252
-6.16649
-1.85321
0.391577
1.35198
1.67009
1.68781
1.55911
1.3551
1.11872
0.876007
0.650342
0.452797
0.291687
0.166829
0.0637529
0.0102677
-0.00967019
-0.0778508
-12.4616
-12.4469
-12.4285
-12.4047
-12.3764
-12.344
-12.3081
-12.2687
-12.2265
-12.1819
-12.1351
-12.0864
-12.0362
-11.9844
-11.9312
-11.8764
-11.8199
-11.7613
-11.7003
-11.6363
-11.5689
-11.4975
-11.4216
-11.3413
-11.2565
-11.1676
-11.0751
-10.9797
-10.8822
-10.7834
-10.6833
-10.5814
-10.4748
-10.3583
-10.2222
-10.0521
-9.82944
-9.53304
-9.1437
-8.64987
-8.05477
-7.37428
-6.62662
-5.83844
-5.03601
-4.24245
-3.47748
-2.75777
-2.09559
-1.49849
-0.969939
-0.509955
-0.115873
0.217208
0.495753
0.728864
0.926683
1.09971
1.25292
1.3988
1.53727
1.66532
1.7771
1.86864
1.94989
2.05719
2.2502
2.62776
3.27084
3.94259
4.12062
3.00352
-0.837685
-8.51489
-17.9377
-25.8008
-31.1469
-33.3993
-31.8805
-26.7213
-19.2753
-11.5426
-5.26089
-1.20863
0.887508
1.74686
1.97354
1.90468
1.69791
1.42411
1.12693
0.830884
0.56673
0.342467
0.17735
0.0469805
-0.0344461
-0.0939482
-0.0693754
-0.111958
-12.4604
-12.439
-12.4115
-12.3763
-12.3365
-12.2927
-12.2446
-12.1928
-12.1377
-12.0797
-12.0191
-11.9561
-11.8911
-11.8241
-11.7553
-11.6849
-11.6128
-11.5392
-11.4642
-11.3878
-11.3103
-11.232
-11.1535
-11.0754
-10.9985
-10.9237
-10.8522
-10.7852
-10.724
-10.6694
-10.6218
-10.5808
-10.5438
-10.505
-10.4535
-10.3715
-10.2338
-10.0102
-9.66989
-9.19047
-8.57435
-7.85111
-7.05025
-6.19845
-5.32459
-4.45702
-3.62072
-2.8359
-2.11712
-1.47334
-0.908443
-0.422163
-0.0110699
0.330709
0.611252
0.84018
1.02955
1.19556
1.33915
1.47861
1.6092
1.72619
1.82125
1.88496
1.92316
1.98518
2.14534
2.48898
3.06592
3.60183
3.5985
2.67513
-0.332358
-6.9779
-15.7473
-23.4095
-28.7
-30.8661
-29.3142
-24.3386
-17.29
-10.0801
-4.26543
-0.525992
1.39136
2.13898
2.27522
2.11844
1.82913
1.48111
1.117
0.770395
0.481056
0.246444
0.0890585
-0.0389627
-0.106368
-0.159027
-0.150818
-0.0259826
-12.4054
-12.3923
-12.3616
-12.3156
-12.2652
-12.2108
-12.1515
-12.0882
-12.0215
-11.9519
-11.8797
-11.8054
-11.7291
-11.6514
-11.5724
-11.4926
-11.4124
-11.332
-11.252
-11.1728
-11.0949
-11.019
-10.9456
-10.8755
-10.8097
-10.749
-10.6945
-10.647
-10.6077
-10.5772
-10.556
-10.5439
-10.5389
-10.5359
-10.5241
-10.4851
-10.3915
-10.2097
-9.9037
-9.44676
-8.84692
-8.12244
-7.30081
-6.41669
-5.50413
-4.59459
-3.71593
-2.89096
-2.13647
-1.46318
-0.876127
-0.375614
0.0416798
0.381937
0.65387
0.868816
1.04188
1.18721
1.33067
1.46989
1.60835
1.73661
1.83937
1.90469
1.93862
1.98213
2.12794
2.47683
2.97232
3.2937
3.1075
2.33328
0.0657541
-5.30622
-13.1848
-20.6718
-26.007
-28.1685
-26.6878
-21.9845
-15.4307
-8.79048
-3.44281
0.0158594
1.78815
2.43479
2.47447
2.23945
1.88775
1.48572
1.09026
0.727677
0.435117
0.198986
0.0495646
-0.0768613
-0.138029
-0.169994
-0.217518
0.121948
-12.4073
-12.399
-12.3652
-12.3103
-12.2501
-12.1862
-12.1179
-12.0464
-11.9725
-11.8964
-11.8184
-11.7389
-11.6582
-11.5765
-11.4943
-11.4118
-11.3294
-11.2476
-11.1666
-11.087
-11.0093
-10.934
-10.8617
-10.793
-10.7287
-10.6695
-10.6163
-10.5701
-10.5316
-10.5016
-10.4809
-10.4702
-10.47
-10.4781
-10.486
-10.4765
-10.4206
-10.2793
-10.0033
-9.54824
-8.92711
-8.19116
-7.36118
-6.47017
-5.55087
-4.63372
-3.74645
-2.9122
-2.14817
-1.46571
-0.870202
-0.362146
0.061688
0.407508
0.684054
0.902703
1.07842
1.22612
1.36135
1.49092
1.61703
1.73472
1.83582
1.91379
1.98145
2.08831
2.29776
2.63943
3.0198
3.19197
2.92386
2.11894
0.242329
-3.96672
-10.6229
-17.8627
-23.4514
-25.8252
-24.487
-20.055
-13.9376
-7.79411
-2.86076
0.325611
1.94085
2.51977
2.54946
2.29337
1.90752
1.4813
1.07741
0.71638
0.430911
0.196626
0.0525049
-0.0704515
-0.12686
-0.128539
-0.215446
0.255498
-12.5074
-12.4496
-12.3944
-12.3349
-12.2709
-12.2039
-12.1339
-12.0612
-11.9862
-11.9091
-11.8303
-11.7502
-11.6689
-11.5868
-11.5043
-11.4217
-11.3393
-11.2576
-11.1771
-11.098
-11.0209
-10.9463
-10.8748
-10.8069
-10.7433
-10.6848
-10.6319
-10.5856
-10.5464
-10.5148
-10.4909
-10.4742
-10.463
-10.4525
-10.4334
-10.3895
-10.2967
-10.1253
-9.84447
-9.42478
-8.85004
-8.13692
-7.32728
-6.45152
-5.5442
-4.6366
-3.75687
-2.92852
-2.16859
-1.48921
-0.895986
-0.389777
0.0325703
0.377533
0.654342
0.875162
1.05497
1.20873
1.35199
1.49099
1.62603
1.75099
1.85758
1.94289
2.02092
2.13379
2.34041
2.67337
3.03052
3.14326
2.8137
1.89526
-0.155866
-4.23164
-10.2169
-16.6713
-21.7684
-24.1544
-23.1405
-19.0401
-13.2741
-7.49635
-2.84835
0.244466
1.8772
2.46888
2.46439
2.20597
1.85079
1.46173
1.08203
0.728802
0.444522
0.209192
0.0646554
-0.0591557
-0.113917
-0.108829
-0.19376
0.269574
-16.2809
-16.2438
-16.1513
-16.0914
-16.2885
-16.7553
-17.3738
-17.9932
-18.4947
-18.8548
-19.1049
-19.2467
-19.2937
-19.2638
-19.1987
-19.1579
-19.1899
-19.396
-19.7587
-20.4043
-21.5527
-23.425
-25.997
-28.9799
-31.8665
-34.0876
-35.2161
-35.0269
-33.3004
-29.9223
-25.2166
-19.6292
-13.5159
-7.20868
-1.10853
4.28857
8.49954
11.2804
12.7173
13.1118
12.8163
12.1481
11.3257
10.4813
9.67642
8.94755
8.28084
7.59984
6.89759
6.22341
5.61665
5.10857
4.68931
4.31438
3.94781
3.59879
3.31134
3.10893
2.95997
2.7986
2.56611
2.22715
1.75671
1.12089
0.260649
-0.90654
-2.4854
-4.5989
-7.35942
-10.8996
-15.1865
-19.7347
-23.4563
-25.0408
-23.4465
-18.561
-11.7347
-4.91072
0.559411
4.20802
6.16128
6.83688
6.69501
6.10266
5.32924
4.55315
3.8618
3.28307
2.8139
2.42434
2.10829
1.81787
1.62079
1.40013
1.4074
1.19564
1.49531
0.973947
1.45761
-0.145281
-16.4456
-16.4184
-16.3841
-16.5244
-16.9747
-17.6382
-18.3543
-18.9808
-19.4353
-19.6777
-19.6981
-19.5674
-19.3585
-19.1266
-18.9192
-18.7861
-18.7935
-19.0471
-19.6523
-20.6936
-22.6067
-25.7025
-29.8728
-34.5337
-38.8185
-41.8535
-42.9497
-41.7717
-38.5694
-34.0324
-28.6638
-22.7733
-16.5701
-10.1985
-3.90707
1.847
6.4958
9.69603
11.4767
12.1245
12.0254
11.515
10.8207
10.069
9.32463
8.59865
7.89219
7.24112
6.63692
6.06245
5.50098
5.00258
4.59322
4.26298
3.98327
3.73025
3.49068
3.26107
3.04226
2.82758
2.5854
2.26859
1.83649
1.24961
0.449173
-0.648787
-2.1572
-4.22828
-7.03172
-10.8337
-15.7815
-21.4109
-26.2569
-28.2582
-26.2124
-20.6124
-13.0896
-5.63369
0.303184
4.19614
6.18063
6.78012
6.5565
5.95309
5.24918
4.54627
3.888
3.31202
2.83138
2.42977
2.1061
1.81813
1.62125
1.39957
1.38588
1.16016
1.46933
0.936213
1.61593
-0.496656
-16.6672
-16.737
-17.1183
-17.8804
-18.7922
-19.6813
-20.4451
-20.9984
-21.2769
-21.2536
-20.9771
-20.5311
-20.0269
-19.565
-19.1977
-19.0062
-19.1662
-19.9317
-21.8331
-25.1204
-29.68
-35.0123
-40.4088
-45.1344
-48.5606
-50.2208
-49.8615
-47.5466
-43.5838
-38.4135
-32.6013
-26.5946
-20.5389
-14.348
-8.02294
-1.9218
3.28553
7.08001
9.35722
10.3853
10.5892
10.3335
9.85746
9.29329
8.70574
8.1243
7.56076
7.01314
6.47244
5.93116
5.43551
4.98186
4.56967
4.19931
3.87206
3.58186
3.33164
3.1374
2.99063
2.84083
2.62945
2.31834
1.88259
1.28757
0.464717
-0.694605
-2.33761
-4.67229
-7.9069
-12.3976
-18.3669
-25.13
-30.8688
-33.3568
-31.2352
-24.8922
-16.2556
-7.70605
-0.929394
3.45249
5.67223
6.392
6.24873
5.69536
4.997
4.31307
3.71286
3.1928
2.7572
2.39159
2.09297
1.82195
1.63385
1.4327
1.44949
1.25728
1.60968
1.01996
1.96535
-0.787887
-16.7436
-17.0172
-17.9303
-18.8871
-19.8418
-20.6995
-21.4109
-21.9145
-22.188
-22.1904
-21.9011
-21.4037
-20.8261
-20.2939
-19.8979
-19.8334
-20.406
-22.2584
-25.7849
-30.8401
-36.7931
-42.8744
-48.4655
-53.1026
-56.3527
-57.7696
-57.0088
-54.0173
-49.0776
-42.8734
-36.2581
-29.8748
-23.8491
-17.8843
-11.703
-5.48083
0.122946
4.41112
7.13845
8.5514
9.08515
9.11375
8.87716
8.50618
8.06834
7.5964
7.10809
6.61899
6.13744
5.66617
5.2175
4.7999
4.42101
4.07511
3.74487
3.43493
3.17771
2.99522
2.86859
2.74016
2.54624
2.24191
1.79862
1.18063
0.313357
-0.930692
-2.72821
-5.34812
-9.07435
-14.4001
-21.7749
-30.2692
-37.4265
-40.4619
-37.9477
-30.5018
-20.4674
-10.5613
-2.7442
2.28921
4.84829
5.72685
5.6848
5.23371
4.65337
4.06914
3.53418
3.07446
2.68899
2.36042
2.09079
1.84996
1.69032
1.51541
1.53879
1.34551
1.7355
1.09929
2.287
-0.961526
-16.7681
-17.27
-18.2623
-19.1372
-20.0265
-20.8194
-21.4976
-21.9848
-22.2437
-22.2612
-22.0601
-21.6645
-21.1935
-20.7555
-20.4897
-20.6679
-21.8835
-24.8406
-29.6662
-35.84
-42.5363
-49.1172
-55.2182
-60.4694
-64.2825
-65.9528
-64.9672
-61.2352
-55.15
-47.6232
-39.8614
-32.7749
-26.5032
-20.6083
-14.5531
-8.31576
-2.51977
2.04407
5.06509
6.77151
7.59037
7.88125
7.87124
7.68743
7.40049
7.05159
6.66661
6.26217
5.84799
5.43212
5.02694
4.64041
4.27749
3.93988
3.62289
3.3182
3.03479
2.80925
2.66309
2.54923
2.37454
2.07125
1.60785
0.945494
0.000549578
-1.37043
-3.36755
-6.31307
-10.6007
-16.8816
-25.8598
-36.2461
-44.8104
-48.4037
-45.548
-37.0394
-25.5508
-14.1379
-5.19739
0.584787
3.61971
4.80966
4.98769
4.70222
4.24638
3.76301
3.31616
2.92242
2.58419
2.2917
2.04982
1.8311
1.68555
1.5231
1.55832
1.38861
1.81839
1.14568
2.49278
-1.09435
-16.5398
-17.2054
-18.0527
-18.9429
-19.8992
-20.8228
-21.6211
-22.187
-22.4667
-22.437
-22.1468
-21.7116
-21.2058
-20.7463
-20.4986
-20.8669
-22.6519
-26.4739
-32.2229
-39.1479
-46.419
-53.6034
-60.4921
-66.6343
-71.1534
-73.085
-71.8586
-67.4975
-60.5038
-51.8821
-43.0715
-35.2426
-28.6186
-22.6304
-16.5725
-10.3169
-4.47835
0.15831
3.30324
5.19348
6.23198
6.74251
6.92777
6.90631
6.75007
6.50511
6.20247
5.8645
5.50694
5.14152
4.77923
4.42865
4.09597
3.78229
3.48247
3.19076
2.91255
2.67188
2.4945
2.35385
2.16455
1.84682
1.35834
0.651068
-0.372187
-1.87321
-4.07835
-7.36316
-12.255
-19.5711
-30.1424
-42.3393
-52.1855
-56.3578
-53.2869
-43.8271
-30.9286
-18.0988
-7.98035
-1.40889
2.13221
3.67913
4.14308
4.08579
3.8044
3.45105
3.09743
2.77183
2.48479
2.23076
2.01771
1.82234
1.69263
1.53925
1.56629
1.38454
1.80218
1.11404
2.52756
-1.16704
-15.9334
-16.5372
-17.3731
-18.3816
-19.4814
-20.5389
-21.4446
-22.0737
-22.3558
-22.2653
-21.8523
-21.2256
-20.51
-19.8421
-19.4391
-19.8813
-22.0875
-26.5677
-32.9927
-40.4696
-48.2273
-55.9801
-63.5765
-70.4237
-75.4168
-77.4691
-76.0864
-71.3811
-63.9205
-54.7018
-45.2849
-37.023
-30.1689
-24.0343
-17.8775
-11.6057
-5.84148
-1.29452
1.83961
3.82182
5.01569
5.69685
6.03976
6.15376
6.11134
5.96248
5.74228
5.47556
5.17972
4.86777
4.55061
4.23645
3.93125
3.63829
3.35641
3.08029
2.80923
2.56022
2.35676
2.18271
1.96369
1.61822
1.09628
0.341344
-0.757212
-2.37946
-4.77895
-8.38259
-13.8401
-22.1557
-34.1132
-47.887
-58.8117
-63.4937
-60.3249
-50.1063
-36.02
-21.9396
-10.7801
-3.47627
0.558942
2.46476
3.23412
3.43806
3.3521
3.13331
2.87333
2.61482
2.37612
2.1577
1.97101
1.79652
1.6805
1.53767
1.56093
1.37571
1.7645
1.07546
2.46059
-1.16911
-14.9531
-15.4909
-16.4429
-17.5773
-18.8212
-20.0023
-20.9769
-21.5941
-21.7655
-21.472
-20.7855
-19.8259
-18.7352
-17.6881
-17.0249
-17.5122
-20.0914
-25.1283
-32.1032
-40.0527
-48.2137
-56.4001
-64.4547
-71.6906
-76.9069
-79.004
-77.5717
-72.764
-65.1789
-55.8229
-46.3057
-38.0108
-31.0984
-24.8314
-18.5584
-12.3167
-6.73965
-2.39749
0.643218
2.658
3.95729
4.76605
5.23233
5.45673
5.51069
5.44541
5.29749
5.09324
4.8517
4.58724
4.31139
4.03289
3.75804
3.49027
3.22926
2.97119
2.71426
2.46817
2.24948
2.04592
1.7924
1.41216
0.852496
0.0504034
-1.11647
-2.84527
-5.41502
-9.29809
-15.2412
-24.3973
-37.5379
-52.3514
-64.1413
-69.2562
-66.0974
-55.3534
-40.3693
-25.2778
-13.2713
-5.36764
-0.915635
1.29598
2.3319
2.78684
2.90434
2.82832
2.66332
2.46885
2.27547
2.09055
1.92853
1.77378
1.67051
1.53876
1.5569
1.37016
1.71474
1.04032
2.32702
-1.0954
-13.9377
-14.4995
-15.5487
-16.8386
-18.2386
-19.5243
-20.5083
-21.0167
-20.9423
-20.2648
-19.0811
-17.5547
-15.8918
-14.3622
-13.46
-14.0596
-17.0252
-22.5653
-30.0232
-38.3488
-46.8275
-55.2626
-63.4816
-70.78
-75.985
-78.0588
-76.663
-71.9576
-64.5385
-55.4362
-46.2595
-38.2571
-31.4276
-25.0658
-18.7215
-12.6059
-7.31902
-3.24686
-0.336752
1.67578
3.04178
3.94147
4.50165
4.81519
4.95103
4.95981
4.87827
4.73314
4.54407
4.32597
4.09056
3.84671
3.60073
3.35663
3.1157
2.87557
2.6334
2.39421
2.16737
1.94035
1.65492
1.23971
0.642311
-0.203786
-1.42919
-3.2453
-5.95314
-10.0615
-16.3883
-26.1727
-40.1166
-55.6549
-67.9973
-73.4395
-70.3712
-59.3405
-43.7602
-27.9388
-15.2958
-6.94228
-2.17265
0.276164
1.51395
2.17703
2.48165
2.54114
2.46527
2.3296
2.17705
2.02222
1.88215
1.74494
1.65233
1.53157
1.54527
1.36539
1.66406
1.02371
2.16444
-0.951915
-13.3631
-13.9597
-15.1274
-16.5905
-18.1496
-19.5072
-20.4245
-20.7093
-20.2387
-18.9834
-17.0668
-14.7591
-12.3965
-10.3769
-9.32701
-10.117
-13.4566
-19.4202
-27.2482
-35.8647
-44.542
-53.0573
-61.2026
-68.3089
-73.3194
-75.3283
-74.035
-69.5768
-62.5287
-53.9686
-45.437
-37.9103
-31.2244
-24.8135
-18.4943
-12.6237
-7.69883
-3.91372
-1.14004
0.851038
2.25514
3.21776
3.84935
4.23526
4.44052
4.51363
4.49041
4.39745
4.25473
4.07764
3.87835
3.66613
3.44765
3.22714
3.00648
2.78447
2.55827
2.32961
2.10169
1.85929
1.54843
1.10252
0.470808
-0.414026
-1.68709
-3.57
-6.38091
-10.6538
-17.2519
-27.4477
-41.8524
-57.7826
-70.4282
-76.0863
-73.148
-62.0424
-46.1571
-29.8833
-16.8099
-8.15073
-3.16528
-0.548147
0.824784
1.63573
2.09565
2.27883
2.286
2.20373
2.08774
1.95968
1.83899
1.71744
1.63391
1.52363
1.53181
1.36271
1.61337
1.02283
1.9903
-0.754743
-13.4927
-14.1491
-15.4485
-17.1338
-18.8985
-20.339
-21.1348
-21.0916
-20.0862
-18.088
-15.2645
-12.0128
-8.89495
-6.4026
-5.3026
-6.2932
-9.94984
-16.2114
-24.2595
-33.0359
-41.7983
-50.2629
-58.1807
-64.9475
-69.6648
-71.5756
-70.3986
-66.244
-59.693
-51.8694
-44.1348
-37.1165
-30.5779
-24.1844
-18.0204
-12.501
-7.96316
-4.44668
-1.80041
0.157729
1.57906
2.58395
3.26981
3.71441
3.97803
4.10649
4.13441
4.08802
3.98739
3.84814
3.68256
3.50007
3.30746
3.10918
2.90765
2.70277
2.49193
2.27441
2.04902
1.79736
1.46781
0.997338
0.336883
-0.580011
-1.8896
-3.81952
-6.69959
-11.0779
-17.8384
-28.2467
-42.8265
-58.8564
-71.5984
-77.3757
-74.6007
-63.5858
-47.6433
-31.1637
-17.848
-9.01037
-3.89871
-1.17453
0.280451
1.18165
1.75638
2.04376
2.12409
2.08889
2.00489
1.90036
1.7967
1.68905
1.61306
1.51257
1.51474
1.3598
1.56314
1.03433
1.81511
-0.522923
-14.1157
-14.8517
-16.3346
-18.3038
-20.3402
-21.8705
-22.5448
-22.1973
-20.6705
-17.8707
-14.0296
-9.78583
-5.80509
-3.00041
-1.8983
-3.06141
-6.93576
-13.327
-21.4164
-30.194
-38.9161
-47.2269
-54.8355
-61.2059
-65.5943
-67.3802
-66.2943
-62.4553
-56.4905
-49.5117
-42.5732
-35.9913
-29.5896
-23.3112
-17.4359
-12.3294
-8.15873
-4.87572
-2.34437
-0.426238
0.998131
2.03086
2.75815
3.25021
3.56252
3.73813
3.81026
3.80462
3.74114
3.63547
3.5
3.34432
3.17542
2.99795
2.81456
2.62585
2.4297
2.22394
2.00425
1.74916
1.40788
0.919754
0.237061
-0.704665
-2.04007
-3.99891
-6.91745
-11.3482
-18.1757
-28.6307
-43.1588
-59.0635
-71.7384
-77.5534
-74.9627
-64.1672
-48.3619
-31.8791
-18.4804
-9.57058
-4.40538
-1.62492
-0.127463
0.817192
1.46705
1.83668
1.98073
1.98673
1.93049
1.84638
1.75741
1.66193
1.59223
1.50084
1.49655
1.35725
1.51443
1.05441
1.6452
-0.274142
-14.7012
-15.5535
-17.1656
-19.2906
-21.401
-22.8932
-23.488
-23.0484
-21.3366
-18.0836
-13.3998
-8.21582
-3.62214
-0.443256
0.605809
-0.711828
-4.68236
-11.0195
-18.9574
-27.5631
-36.1062
-44.1702
-51.4246
-57.3882
-61.4442
-63.0852
-62.0681
-58.5681
-53.2633
-47.138
-40.8768
-34.6266
-28.3786
-22.3331
-16.8447
-12.1559
-8.30644
-5.22115
-2.79388
-0.91976
0.498505
1.54886
2.30747
2.83757
3.19016
3.40569
3.516
3.54609
3.51565
3.44022
3.33216
3.20107
3.05406
2.8959
2.72943
2.55571
2.37313
2.17847
1.96551
1.71072
1.3634
0.864107
0.165797
-0.793612
-2.1452
-4.11746
-7.04846
-11.4874
-18.3045
-28.6776
-42.9855
-58.6015
-71.088
-76.8801
-74.4867
-63.9997
-48.4731
-32.1433
-18.79
-9.89267
-4.72922
-1.9309
-0.41806
0.536425
1.22682
1.65703
1.85473
1.89594
1.86336
1.79689
1.72066
1.63588
1.57139
1.48832
1.47741
1.35438
1.46755
1.07937
1.48414
-0.0236996
-14.8181
-15.7184
-17.4422
-19.6066
-21.6892
-23.108
-23.5997
-23.1243
-21.3952
-18.0565
-12.9627
-7.23747
-2.13925
1.0991
2.11229
0.719724
-3.25049
-9.40173
-17.0214
-25.2869
-33.5103
-41.2374
-48.1033
-53.6646
-57.3996
-58.8913
-57.9597
-54.8552
-50.2442
-44.8579
-39.092
-33.0928
-27.0663
-21.369
-16.308
-11.9978
-8.41726
-5.49971
-3.1673
-1.33843
0.0682315
1.12886
1.91084
2.47125
2.85712
3.10644
3.24966
3.31098
3.3097
3.26116
3.17761
3.06865
2.94147
2.80099
2.65013
2.49022
2.32013
2.13611
1.93087
1.67968
1.33147
0.826956
0.119171
-0.851299
-2.21046
-4.18292
-7.1048
-11.5163
-18.2638
-28.4637
-42.4378
-57.6569
-69.871
-75.5967
-73.3994
-63.2725
-48.12
-32.0586
-18.8518
-10.0337
-4.91338
-2.126
-0.616001
0.327765
1.03267
1.5038
1.74502
1.8159
1.80341
1.75208
1.68678
1.61131
1.55114
1.47571
1.4583
1.35143
1.42336
1.10679
1.33493
0.218648
-14.8148
-15.4938
-17.3155
-19.4512
-21.4466
-22.7809
-23.2669
-22.7567
-20.9736
-17.5582
-12.518
-6.78189
-1.52491
1.86653
2.76678
1.17045
-2.66257
-8.47752
-15.6488
-23.4454
-31.2296
-38.536
-44.98
-50.1455
-53.5741
-54.9481
-54.1574
-51.5149
-47.5501
-42.6953
-37.234
-31.4589
-25.7589
-20.4933
-15.8486
-11.8598
-8.50055
-5.72602
-3.47948
-1.69484
-0.302912
0.762669
1.5618
2.14628
2.55959
2.83751
3.00906
3.09765
3.1221
3.09752
3.036
2.94707
2.83796
2.71367
2.57719
2.43003
2.27135
2.09707
1.89932
1.65312
1.30729
0.802254
0.0904877
-0.885202
-2.24511
-4.20798
-7.10498
-11.4634
-18.099
-28.0631
-41.6296
-56.382
-68.2686
-73.8977
-71.8945
-62.1589
-47.4393
-31.7187
-18.7264
-10.0358
-4.98867
-2.23335
-0.741329
0.1769
0.877663
1.3742
1.65002
1.74573
1.7501
1.71165
1.65572
1.58836
1.53176
1.46318
1.43942
1.34809
1.38176
1.13423
1.19788
0.44371
)
;

boundaryField
{
    outlet
    {
        type            fixedValue;
        value           uniform 0;
    }
    inlet
    {
        type            zeroGradient;
    }
    lowerWall
    {
        type            zeroGradient;
    }
    upperWall
    {
        type            zeroGradient;
    }
    frontAndBack
    {
        type            empty;
    }
}


// ************************************************************************* //
