/*--------------------------------*- C++ -*----------------------------------*\
| =========                 |                                                 |
| \\      /  F ield         | OpenFOAM: The Open Source CFD Toolbox           |
|  \\    /   O peration     | Version:  2.1.1                                 |
|   \\  /    A nd           | Web:      www.OpenFOAM.org                      |
|    \\/     M anipulation  |                                                 |
\*---------------------------------------------------------------------------*/
FoamFile
{
    version     2.0;
    format      ascii;
    class       volScalarField;
    location    "0.03";
    object      epsilon;
}
// * * * * * * * * * * * * * * * * * * * * * * * * * * * * * * * * * * * * * //

dimensions      [0 2 -3 0 0 0 0];

internalField   nonuniform List<scalar> 
6820
(
151.447
203.15
260.734
321.763
383.644
443.771
499.872
550.249
593.859
630.273
659.567
682.187
698.814
710.247
717.311
720.802
721.447
719.885
716.663
712.237
706.978
701.187
695.098
688.896
682.716
676.662
670.798
665.185
659.767
654.909
648.84
649.889
617.926
11.7448
21.414
29.9323
38.5982
47.5299
56.4715
65.1845
73.4666
81.1552
88.1418
94.3715
99.837
104.569
108.622
112.068
114.983
117.445
119.526
121.29
122.794
124.09
125.217
126.214
127.112
127.939
128.723
129.492
130.284
131.141
132.146
133.387
135.142
137.983
5.83778
7.51729
9.20791
10.8114
12.3229
13.7514
15.0932
16.3444
17.503
18.5688
19.5433
20.4297
21.233
21.9595
22.6159
23.2097
23.748
24.2379
24.6859
25.0981
25.4797
25.8357
26.17
26.4863
26.7878
27.077
27.3563
27.6281
27.8942
28.1582
28.4219
28.687
29.001
5.24226
5.56003
6.00456
6.49389
6.98665
7.46363
7.91578
8.33881
8.73108
9.09241
9.42356
9.72584
10.0009
10.2506
10.4768
10.6816
10.8669
11.0344
11.1861
11.3234
11.448
11.5613
11.6644
11.7585
11.8446
11.9234
11.9956
12.0616
12.1214
12.1753
12.2217
12.2625
12.2873
5.17349
5.18678
5.26824
5.39785
5.55655
5.72996
5.90822
6.0849
6.25599
6.41904
6.57268
6.7162
6.84935
6.9722
7.085
7.18815
7.28213
7.36749
7.44479
7.5146
7.5775
7.63403
7.68475
7.73017
7.77076
7.80699
7.83929
7.86804
7.89362
7.91638
7.93656
7.95465
7.97041
5.16877
5.12129
5.09599
5.09478
5.11534
5.15306
5.20298
5.26072
5.32285
5.38679
5.45066
5.51314
5.57331
5.63054
5.68445
5.73481
5.78151
5.82455
5.86397
5.89989
5.93245
5.96181
5.98814
6.01165
6.03254
6.05102
6.06729
6.08159
6.09416
6.10524
6.11515
6.12418
6.13283
5.16887
5.11168
5.06116
5.01964
4.98843
4.96758
4.95619
4.95281
4.95585
4.96378
4.97525
4.98914
5.00454
5.02072
5.03712
5.05331
5.06896
5.08384
5.09777
5.11064
5.12238
5.13296
5.14238
5.15065
5.15782
5.16393
5.16906
5.17331
5.17677
5.17959
5.18195
5.18405
5.1862
5.16901
5.11062
5.05513
5.00339
4.95621
4.91418
4.87754
4.84621
4.81984
4.79794
4.77991
4.76518
4.75317
4.7434
4.73539
4.72877
4.72321
4.71843
4.71421
4.71036
4.70675
4.70324
4.69976
4.69623
4.69262
4.68889
4.68503
4.68107
4.67703
4.67296
4.66896
4.66516
4.66174
5.16903
5.11054
5.05431
5.00049
4.9493
4.90096
4.85569
4.81361
4.77476
4.73908
4.70642
4.6766
4.64937
4.62449
4.6017
4.58078
4.56149
4.54363
4.52701
4.51147
4.49687
4.48307
4.46998
4.4575
4.44555
4.43409
4.42307
4.41246
4.40225
4.39247
4.38315
4.37436
4.36623
5.16904
5.11053
5.0542
5.00002
4.94797
4.89808
4.85037
4.80487
4.76161
4.72059
4.68179
4.64516
4.61062
4.57808
4.54743
4.51855
4.49132
4.46562
4.44132
4.41833
4.39653
4.37582
4.35613
4.33736
4.31946
4.30236
4.28601
4.27038
4.25545
4.24122
4.22771
4.21497
4.20308
5.16904
5.11052
5.05417
4.99994
4.94774
4.89752
4.84922
4.80279
4.75822
4.71545
4.67447
4.63524
4.59772
4.56186
4.52761
4.4949
4.46368
4.43387
4.4054
4.37822
4.35224
4.32742
4.30368
4.28097
4.25923
4.23842
4.21851
4.19945
4.18125
4.16388
4.14738
4.13178
4.11713
5.16903
5.11052
5.05416
4.99991
4.94768
4.89739
4.84896
4.80232
4.7574
4.71414
4.6725
4.63242
4.59385
4.55676
4.52109
4.4868
4.45384
4.42217
4.39175
4.36251
4.33443
4.30745
4.28154
4.25665
4.23274
4.20979
4.18776
4.16664
4.14642
4.1271
4.1087
4.09125
4.07479
5.16903
5.11051
5.05415
4.99989
4.94765
4.89735
4.84888
4.80219
4.75718
4.7138
4.67197
4.63164
4.59275
4.55525
4.5191
4.48424
4.45063
4.41822
4.38699
4.35688
4.32787
4.29991
4.27298
4.24703
4.22205
4.19801
4.17489
4.15268
4.13137
4.11097
4.09149
4.07298
4.05546
5.16903
5.11051
5.05414
4.99988
4.94763
4.89731
4.84883
4.80212
4.75708
4.71366
4.67178
4.63138
4.5924
4.55477
4.51846
4.48342
4.44958
4.41692
4.38539
4.35495
4.32558
4.29722
4.26986
4.24347
4.21802
4.19349
4.16987
4.14714
4.12531
4.10439
4.08437
4.06531
4.04721
5.16903
5.1105
5.05413
4.99986
4.94761
4.89728
4.84879
4.80206
4.75701
4.71357
4.67167
4.63124
4.59222
4.55456
4.51819
4.48308
4.44917
4.41642
4.38478
4.35423
4.32472
4.29621
4.26869
4.24212
4.21648
4.19176
4.16793
4.14499
4.12293
4.10176
4.0815
4.06216
4.04377
5.16903
5.1105
5.05413
4.99985
4.94759
4.89726
4.84876
4.80202
4.75695
4.7135
4.67158
4.63113
4.59209
4.5544
4.51801
4.48287
4.44893
4.41614
4.38446
4.35385
4.32428
4.29572
4.26813
4.24149
4.21578
4.19097
4.16705
4.14402
4.12186
4.10058
4.08019
4.06071
4.04214
5.16903
5.1105
5.05412
4.99984
4.94758
4.89723
4.84873
4.80197
4.7569
4.71343
4.67149
4.63103
4.59197
4.55427
4.51786
4.48269
4.44872
4.41591
4.3842
4.35357
4.32397
4.29537
4.26775
4.24107
4.21531
4.19046
4.1665
4.14341
4.12119
4.09984
4.07937
4.05979
4.0411
5.16903
5.1105
5.05412
4.99984
4.94756
4.89721
4.8487
4.80194
4.75685
4.71337
4.67142
4.63094
4.59186
4.55414
4.51771
4.48252
4.44853
4.41569
4.38396
4.3533
4.32368
4.29505
4.2674
4.24069
4.2149
4.19001
4.16601
4.14288
4.12061
4.0992
4.07866
4.05898
4.04018
5.16903
5.11049
5.05411
4.99983
4.94755
4.8972
4.84867
4.8019
4.75681
4.71331
4.67135
4.63085
4.59176
4.55402
4.51757
4.48236
4.44835
4.41549
4.38373
4.35305
4.32339
4.29474
4.26706
4.24032
4.21449
4.18957
4.16552
4.14234
4.12002
4.09855
4.07793
4.05816
4.03924
5.16903
5.11049
5.05411
4.99982
4.94754
4.89718
4.84865
4.80187
4.75676
4.71326
4.67128
4.63077
4.59166
4.5539
4.51743
4.48221
4.44817
4.41529
4.38351
4.35279
4.32311
4.29443
4.26671
4.23994
4.21408
4.18911
4.16502
4.14179
4.11941
4.09787
4.07716
4.0573
4.03826
5.16903
5.11049
5.05411
4.99982
4.94753
4.89717
4.84863
4.80184
4.75673
4.71321
4.67122
4.63069
4.59157
4.55379
4.51731
4.48206
4.448
4.41509
4.38329
4.35254
4.32283
4.29412
4.26637
4.23955
4.21365
4.18864
4.1645
4.14121
4.11877
4.09716
4.07636
4.05639
4.03724
5.16903
5.11049
5.05411
4.99981
4.94753
4.89716
4.84861
4.80182
4.75669
4.71317
4.67116
4.63062
4.59149
4.55369
4.51718
4.48192
4.44784
4.4149
4.38307
4.3523
4.32256
4.29381
4.26602
4.23917
4.21322
4.18816
4.16397
4.14062
4.11811
4.09642
4.07554
4.05546
4.03618
5.16903
5.11049
5.05411
4.99981
4.94752
4.89715
4.8486
4.8018
4.75666
4.71312
4.67111
4.63056
4.59141
4.55359
4.51707
4.48178
4.44767
4.41471
4.38286
4.35206
4.32228
4.2935
4.26567
4.23878
4.21279
4.18768
4.16343
4.14002
4.11744
4.09567
4.07469
4.05451
4.03511
5.16903
5.11049
5.0541
4.99981
4.94752
4.89714
4.84859
4.80178
4.75664
4.71309
4.67106
4.6305
4.59133
4.5535
4.51696
4.48165
4.44752
4.41454
4.38265
4.35182
4.32201
4.29319
4.26533
4.23839
4.21236
4.1872
4.16289
4.13942
4.11676
4.09491
4.07384
4.05356
4.03404
5.16903
5.11049
5.0541
4.99981
4.94751
4.89713
4.84857
4.80176
4.75661
4.71305
4.67102
4.63044
4.59126
4.55341
4.51685
4.48152
4.44737
4.41436
4.38245
4.35159
4.32175
4.29289
4.26499
4.23801
4.21193
4.18671
4.16235
4.13881
4.11608
4.09415
4.073
4.05261
4.03297
5.16903
5.11049
5.0541
4.99981
4.94751
4.89712
4.84856
4.80174
4.75659
4.71302
4.67098
4.63039
4.59119
4.55333
4.51675
4.4814
4.44723
4.41419
4.38225
4.35136
4.32149
4.2926
4.26466
4.23763
4.2115
4.18624
4.16182
4.13822
4.11542
4.09341
4.07216
4.05167
4.03193
5.16903
5.11049
5.0541
4.99981
4.94751
4.89712
4.84855
4.80173
4.75657
4.71299
4.67094
4.63033
4.59112
4.55325
4.51665
4.48128
4.44709
4.41403
4.38206
4.35114
4.32124
4.29231
4.26433
4.23726
4.21109
4.18577
4.16129
4.13763
4.11476
4.09267
4.07135
4.05076
4.03091
5.16903
5.11049
5.0541
4.99981
4.94751
4.89712
4.84855
4.80172
4.75655
4.71297
4.6709
4.63029
4.59107
4.55318
4.51656
4.48117
4.44696
4.41388
4.38188
4.35094
4.321
4.29204
4.26402
4.23691
4.21069
4.18533
4.16079
4.13707
4.11414
4.09197
4.07057
4.04989
4.02994
5.16903
5.11049
5.05411
4.99981
4.9475
4.89711
4.84854
4.80171
4.75653
4.71294
4.67087
4.63024
4.59101
4.5531
4.51647
4.48106
4.44683
4.41373
4.38171
4.35073
4.32077
4.29177
4.26372
4.23657
4.2103
4.18489
4.16031
4.13653
4.11353
4.0913
4.06982
4.04906
4.02902
5.16903
5.11049
5.0541
4.9998
4.9475
4.89711
4.84854
4.8017
4.75653
4.71293
4.67085
4.63022
4.59098
4.55306
4.51641
4.48099
4.44674
4.41361
4.38157
4.35057
4.32057
4.29154
4.26346
4.23627
4.20996
4.18451
4.15987
4.13604
4.11299
4.09069
4.06914
4.04831
4.02818
5.16903
5.1105
5.05411
4.99981
4.94751
4.89712
4.84854
4.8017
4.75651
4.71291
4.67082
4.63018
4.59092
4.55299
4.51634
4.4809
4.44663
4.41348
4.38142
4.3504
4.32038
4.29132
4.26321
4.23599
4.20965
4.18415
4.15948
4.1356
4.1125
4.09015
4.06854
4.04764
4.02745
5.16903
5.11049
5.05411
4.99981
4.94752
4.89713
4.84857
4.80174
4.75656
4.71296
4.67088
4.63023
4.59097
4.55304
4.51637
4.48092
4.44664
4.41348
4.3814
4.35036
4.32032
4.29125
4.26311
4.23587
4.2095
4.18398
4.15928
4.13537
4.11223
4.08985
4.0682
4.04726
4.02702
5.16903
5.11051
5.05415
4.99987
4.94759
4.89721
4.84864
4.8018
4.75662
4.71302
4.67093
4.63029
4.59103
4.5531
4.51644
4.48099
4.44672
4.41358
4.38151
4.35049
4.32048
4.29143
4.26331
4.2361
4.20977
4.18428
4.15961
4.13574
4.11264
4.0903
4.06869
4.04779
4.02758
5.16903
5.1105
5.05415
4.99991
4.94769
4.89738
4.84888
4.8021
4.75698
4.71344
4.67142
4.63084
4.59166
4.55381
4.51725
4.48192
4.44778
4.41478
4.38288
4.35204
4.32222
4.29339
4.26551
4.23855
4.21247
4.18726
4.16288
4.13931
4.11652
4.0945
4.07321
4.05264
4.03277
5.16905
5.11065
5.05444
5.00031
4.94817
4.89794
4.84955
4.80295
4.75806
4.71482
4.67318
4.63307
4.59443
4.55721
4.52135
4.48681
4.45352
4.42145
4.39053
4.36073
4.33201
4.30431
4.27761
4.25185
4.22702
4.20306
4.17995
4.15767
4.13617
4.11544
4.09544
4.07615
4.05754
5.16908
5.11077
5.05486
5.00134
4.95014
4.90114
4.8543
4.80954
4.76682
4.72608
4.68724
4.65023
4.61497
4.58137
4.54934
4.51881
4.48968
4.46188
4.43532
4.40994
4.38565
4.3624
4.34011
4.31874
4.29823
4.27852
4.25956
4.24131
4.22374
4.20679
4.19044
4.17465
4.15938
5.1694
5.11365
5.06209
5.01466
4.97137
4.93216
4.89685
4.86515
4.83675
4.81132
4.78854
4.76811
4.74973
4.73314
4.71811
4.70443
4.6919
4.68035
4.66964
4.65963
4.6502
4.64124
4.63268
4.62441
4.61638
4.60852
4.60078
4.59311
4.58547
4.57782
4.57014
4.5624
4.55459
5.17806
5.16336
5.16904
5.19007
5.22246
5.2632
5.30992
5.36071
5.41419
5.46929
5.52517
5.58121
5.63692
5.69191
5.74591
5.79873
5.8502
5.90024
5.94881
5.99587
6.04144
6.08555
6.12826
6.16962
6.20973
6.24868
6.28657
6.32352
6.35966
6.39512
6.43004
6.46456
6.4988
5.63868
6.43079
7.14691
7.8305
8.50512
9.16482
9.80381
10.42
11.0135
11.5856
12.138
12.6725
13.1912
13.6957
14.1878
14.6689
15.1405
15.6038
16.06
16.51
16.955
17.3959
17.8333
18.2682
18.7012
19.133
19.5641
19.9952
20.4267
20.859
21.2925
21.7277
22.1643
44.7794
48.3125
51.8867
55.466
59.0314
62.5709
66.0736
69.5297
72.9302
76.2671
79.5332
82.7225
85.8295
88.85
91.7804
94.6178
97.3601
100.006
102.554
105.003
107.355
109.608
111.764
113.824
115.788
117.659
119.437
121.124
122.722
124.233
125.659
127.002
128.265
722.955
872.051
1036.22
1190.77
1282.35
1277.51
1193.26
1072.8
952.956
852.205
774.333
716.581
671.365
631.329
589.898
541.246
480.491
404.699
314.965
218.783
130.143
63.9138
26.813
13.0385
10.4349
11.036
12.1421
13.1526
13.9687
14.571
14.9545
15.1335
15.1418
15.0241
14.8271
14.5906
14.3427
14.0981
13.8619
13.6352
13.421
13.2255
13.0545
12.9075
12.7721
12.6229
12.4258
12.1451
11.7516
11.2288
10.5772
9.81454
8.97419
8.09992
7.23898
6.43429
5.71786
5.10719
4.60528
4.2039
3.88831
3.64185
3.44911
3.29743
3.17718
3.08131
3.00469
2.94349
2.89477
2.85618
2.82582
2.8021
2.78372
2.7696
2.75886
2.75078
2.74478
2.74039
2.73722
2.73499
2.73345
2.73243
2.73178
2.73138
2.73117
2.73107
2.73103
2.73104
2.73105
2.73106
2.73105
2.73101
2.73095
2.73086
2.73075
2.7306
2.73044
2.73019
2.73026
2.72854
140.816
151.824
181.622
239.263
327.351
435.043
542.084
628.522
682.421
702.469
693.86
659.502
606.894
542.649
470.465
391.997
308.932
225.038
147.07
83.4581
40.6189
18.7338
11.1248
9.72846
10.1096
10.8525
11.6218
12.3356
12.9476
13.4176
13.7238
13.8688
13.8752
13.7773
13.6128
13.4149
13.2071
13.0019
12.8025
12.6083
12.4212
12.2472
12.0944
11.9661
11.8548
11.7401
11.5913
11.3742
11.0586
10.6254
10.0703
9.40599
8.65989
7.87053
7.08118
6.33273
5.65733
5.07438
4.5899
4.19885
3.88922
3.64627
3.45575
3.30556
3.18632
3.09105
3.01466
2.95337
2.9043
2.86516
2.83412
2.80964
2.79048
2.77558
2.76409
2.7553
2.74864
2.74364
2.73993
2.73721
2.73524
2.73383
2.73284
2.73214
2.73166
2.73133
2.7311
2.73092
2.73078
2.73065
2.73053
2.73039
2.73024
2.73008
2.72989
2.72969
2.72948
2.72918
2.72923
2.72746
29.3374
29.5354
29.3666
30.2003
35.878
50.7541
76.1321
109.043
143.615
172.837
191.844
201.026
198.356
183.235
157.334
124.308
89.1258
57.1463
32.7772
17.9765
11.3264
9.30925
9.05771
9.32419
9.7747
10.3179
10.8992
11.4638
11.9584
12.3425
12.5956
12.7178
12.7262
12.6478
12.5131
12.35
12.1787
12.0095
11.8441
11.6804
11.5188
11.3646
11.2269
11.1123
11.0183
10.9297
10.8198
10.6564
10.4093
10.0568
9.5907
9.01819
8.36111
7.65259
6.93181
6.23742
5.60146
5.04504
4.57702
4.19546
3.89106
3.65104
3.46229
3.31329
3.19487
3.10013
3.02398
2.96265
2.9133
2.87369
2.84204
2.81686
2.79694
2.78128
2.76903
2.75952
2.75218
2.74655
2.74226
2.73902
2.73657
2.73474
2.73337
2.73234
2.73157
2.73098
2.73051
2.73014
2.72982
2.72954
2.72928
2.72903
2.72878
2.72852
2.72826
2.72799
2.72772
2.72738
2.72738
2.72556
12.3189
12.3248
12.1167
11.3808
9.96879
8.46379
8.10928
9.69725
13.1365
17.6152
22.0779
25.1741
26.2811
25.2072
22.2733
18.3081
14.3931
11.3975
9.60834
8.77038
8.45189
8.39439
8.52275
8.80283
9.1957
9.65997
10.1514
10.6241
11.0363
11.3569
11.5702
11.6764
11.6887
11.6285
11.5209
11.3891
11.2505
11.1138
10.9796
10.8446
10.7071
10.5716
10.4472
10.3431
10.2611
10.1911
10.111
9.99145
9.80247
9.52078
9.1346
8.64625
8.07206
7.43993
6.78479
6.14279
5.54548
5.01532
4.56367
4.19154
3.89225
3.65497
3.46781
3.31988
3.20224
3.10804
3.0322
2.97096
2.92146
2.88153
2.84939
2.82362
2.80304
2.78668
2.77373
2.76353
2.75552
2.74927
2.74441
2.74063
2.7377
2.73543
2.73366
2.73228
2.7312
2.73033
2.72962
2.72902
2.72852
2.72807
2.72766
2.72728
2.72692
2.72657
2.72622
2.72587
2.72554
2.72514
2.7251
2.72322
7.98653
8.00605
8.02555
8.01191
7.8697
7.48851
6.90618
6.37228
6.19368
6.72113
7.53866
8.25261
8.70984
8.87051
8.7739
8.51257
8.19314
7.8995
7.68289
7.57172
7.57757
7.69714
7.91798
8.22458
8.59815
9.01346
9.43915
9.84151
10.1896
10.4607
10.6434
10.7383
10.7555
10.7122
10.6287
10.5247
10.4151
10.3075
10.2015
10.0929
9.97841
9.86071
9.74869
9.65302
9.57922
9.52199
9.46387
9.37866
9.23771
9.01673
8.70103
8.2886
7.79068
7.23009
6.63748
6.04626
5.48708
4.98327
4.54833
4.18592
3.89192
3.65743
3.47183
3.32492
3.20804
3.11443
3.039
2.97796
2.92848
2.88838
2.85592
2.8297
2.80859
2.79165
2.77809
2.76727
2.75866
2.75183
2.74641
2.74212
2.73872
2.73601
2.73386
2.73212
2.73072
2.72956
2.7286
2.72779
2.72708
2.72646
2.7259
2.72539
2.72491
2.72445
2.72402
2.72359
2.72319
2.72273
2.72264
2.72071
6.1427
6.15653
6.17827
6.21149
6.25231
6.28111
6.26952
6.21223
6.14973
6.16288
6.24523
6.36213
6.477
6.56568
6.61983
6.64518
6.65702
6.67474
6.71745
6.80127
6.93741
7.13149
7.38409
7.69008
8.0375
8.40779
8.77764
9.12209
9.41849
9.65027
9.80932
9.89623
9.91899
9.89105
9.82892
9.74924
9.66511
9.5831
9.50249
9.41802
9.32507
9.22458
9.12448
9.03619
8.96805
8.91903
8.87623
8.81704
8.71464
8.54449
8.28975
7.94474
7.51611
7.02187
6.48846
5.9463
5.42476
4.94756
4.5299
4.1778
3.88948
3.65799
3.47404
3.32815
3.21205
3.11906
3.04411
2.9834
2.93408
2.89398
2.86136
2.83488
2.81339
2.79601
2.78196
2.77062
2.7615
2.75416
2.74825
2.74349
2.73965
2.73655
2.73402
2.73195
2.73024
2.72881
2.7276
2.72657
2.72567
2.72488
2.72417
2.72352
2.72292
2.72237
2.72184
2.72134
2.72088
2.72036
2.72022
2.71822
5.18916
5.19476
5.20623
5.22707
5.25915
5.30158
5.34942
5.39534
5.43536
5.4772
5.52628
5.58338
5.64607
5.71124
5.77743
5.84609
5.92186
6.01167
6.12341
6.2647
6.44179
6.65839
6.91449
7.20552
7.52193
7.84943
8.1704
8.46624
8.72035
8.92069
9.06137
9.14286
9.17125
9.15703
9.11365
9.05517
8.99314
8.93348
8.87523
8.81259
8.7397
8.65577
8.56739
8.48606
8.42208
8.37806
8.34533
8.30502
8.2326
8.104
7.90097
7.61489
7.24839
6.81507
6.33724
5.84223
5.35775
4.90744
4.50774
4.16665
3.88457
3.65643
3.47428
3.32948
3.21416
3.12181
3.0474
2.98711
2.93808
2.89812
2.86552
2.83892
2.81723
2.79955
2.78515
2.77344
2.7639
2.75615
2.74983
2.74468
2.74046
2.737
2.73414
2.73177
2.72979
2.72811
2.72668
2.72544
2.72436
2.72341
2.72256
2.72179
2.72108
2.72043
2.71982
2.71925
2.71872
2.71814
2.71796
2.7159
4.65858
4.6569
4.65937
4.66845
4.68594
4.71283
4.74895
4.79292
4.84269
4.8973
4.95653
5.02044
5.08919
5.16332
5.24396
5.3332
5.43415
5.55076
5.68741
5.84837
6.03692
6.2544
6.49956
6.76797
7.05164
7.33928
7.61748
7.8724
8.0918
8.26685
8.39313
8.47088
8.50458
8.50238
8.47518
8.43493
8.39188
8.35148
8.31275
8.26961
8.21517
8.14705
8.07028
7.99587
7.93536
7.89423
7.86764
7.84039
7.79055
7.69509
7.53509
7.2997
6.98819
6.61018
6.18409
5.73406
5.28585
4.8626
4.4815
4.1522
3.87701
3.65264
3.47252
3.32891
3.21439
3.1227
3.04885
2.98904
2.94039
2.90069
2.86824
2.84168
2.81993
2.8021
2.7875
2.77553
2.76571
2.75765
2.75102
2.74556
2.74104
2.73729
2.73417
2.73154
2.72932
2.72743
2.7258
2.72439
2.72315
2.72206
2.72108
2.7202
2.7194
2.71866
2.71798
2.71734
2.71675
2.71612
2.7159
2.71379
4.35785
4.35011
4.34565
4.34633
4.35375
4.36906
4.39296
4.42547
4.46617
4.51461
4.57041
4.63342
4.70383
4.7822
4.86958
4.96758
5.07831
5.20428
5.34809
5.51202
5.69755
5.90472
6.13164
6.37408
6.62537
6.87664
7.11767
7.33814
7.52895
7.68348
7.79826
7.87324
7.91161
7.91961
7.90611
7.88129
7.85432
7.83033
7.80844
7.78247
7.74482
7.69161
7.62627
7.55892
7.5017
7.46227
7.43908
7.42036
7.38697
7.31732
7.19245
7
6.73653
6.40819
6.02978
5.62229
5.20931
4.81309
4.45115
4.13437
3.86674
3.64665
3.46886
3.32655
3.21288
3.12185
3.04856
2.98925
2.94102
2.90166
2.86945
2.84304
2.82136
2.80353
2.78885
2.77675
2.76677
2.75852
2.75168
2.746
2.74126
2.7373
2.73396
2.73114
2.72874
2.72668
2.72489
2.72334
2.72198
2.72077
2.71969
2.71872
2.71783
2.71703
2.71628
2.71559
2.71495
2.71428
2.71403
2.71187
4.19049
4.17789
4.16805
4.16235
4.16218
4.16869
4.18275
4.20496
4.23563
4.27491
4.32287
4.37962
4.44544
4.52083
4.60659
4.70383
4.81389
4.93829
5.07844
5.23543
5.40962
5.60029
5.80529
6.02082
6.24138
6.46005
6.66902
6.86049
7.02761
7.16524
7.27054
7.34317
7.38529
7.40166
7.39947
7.38747
7.37391
7.3637
7.35613
7.34513
7.32254
7.28322
7.22899
7.16887
7.11504
7.07677
7.05521
7.04171
7.01986
6.96984
6.87315
6.71655
6.49452
6.21029
5.8754
5.50777
5.1287
4.75924
4.41684
4.11324
3.85385
3.63855
3.46341
3.32259
3.20982
3.11944
3.0467
2.98788
2.94009
2.9011
2.8692
2.84302
2.82149
2.80375
2.78911
2.777
2.76695
2.75861
2.75166
2.74586
2.74098
2.73688
2.73341
2.73045
2.72792
2.72573
2.72384
2.72218
2.72072
2.71943
2.71827
2.71723
2.71629
2.71542
2.71463
2.71389
2.71322
2.71252
2.71224
2.71005
4.10143
4.0852
4.07135
4.06096
4.05518
4.05509
4.06162
4.07556
4.09749
4.12789
4.16715
4.21563
4.27374
4.34198
4.421
4.51153
4.61445
4.73057
4.86059
5.00483
5.16305
5.33417
5.51604
5.70536
5.89769
6.08756
6.26899
6.43598
6.58323
6.70666
6.80382
6.87412
6.91894
6.94187
6.94877
6.94719
6.94463
6.9458
6.95025
6.9521
6.94286
6.91631
6.87274
6.81989
6.7697
6.73244
6.71147
6.70087
6.68684
6.65143
6.57698
6.44991
6.26321
6.01774
5.72216
5.39153
5.0448
4.70155
4.37887
4.089
3.83847
3.62849
3.45637
3.31722
3.20545
3.11573
3.04352
2.98516
2.93778
2.89917
2.86759
2.84169
2.82038
2.80281
2.78828
2.77623
2.76622
2.75787
2.7509
2.74504
2.74011
2.73593
2.73238
2.72935
2.72674
2.72448
2.72252
2.72079
2.71927
2.71792
2.71671
2.71562
2.71464
2.71374
2.71291
2.71214
2.71145
2.71072
2.71042
2.70821
4.05699
4.03827
4.02161
4.00788
3.99803
3.99302
3.99376
4.00107
4.01567
4.03817
4.06912
4.10902
4.15836
4.21763
4.28737
4.36812
4.46042
4.5647
4.68123
4.80993
4.95024
5.10099
5.2602
5.42509
5.59204
5.75675
5.91453
6.0607
6.19104
6.30223
6.39209
6.45983
6.50626
6.53405
6.548
6.55469
6.56096
6.57138
6.58577
6.59852
6.60097
6.58599
6.55248
6.50686
6.4605
6.42434
6.40343
6.39421
6.38526
6.3605
6.30337
6.20033
6.04344
5.8317
5.57131
5.27469
4.95848
4.64067
4.33766
4.06192
3.82078
3.61662
3.4479
3.31068
3.2
3.11098
3.03928
2.98135
2.93436
2.8961
2.86484
2.83922
2.81816
2.80079
2.78642
2.7745
2.76458
2.75629
2.74935
2.74352
2.73858
2.7344
2.73083
2.72776
2.72512
2.72283
2.72083
2.71908
2.71753
2.71615
2.71491
2.71379
2.71278
2.71186
2.71102
2.71023
2.70952
2.70878
2.70847
2.70624
4.03639
4.01608
3.99758
3.98156
3.96884
3.96022
3.95656
3.95863
3.96716
3.98283
4.00623
4.03793
4.07845
4.12827
4.18785
4.25762
4.33793
4.42901
4.53088
4.64328
4.76556
4.8966
5.03465
5.17739
5.32188
5.46469
5.60211
5.73038
5.8461
5.94647
6.02953
6.09437
6.14135
6.17247
6.19168
6.20473
6.21792
6.23571
6.25818
6.28006
6.29264
6.28805
6.2639
6.2253
6.18293
6.14802
6.12696
6.11818
6.11234
6.09522
6.05141
5.96776
5.83581
5.65317
5.42398
5.15834
4.87068
4.5773
4.29371
4.0323
3.801
3.60314
3.4382
3.30315
3.19372
3.10544
3.03426
2.97673
2.93009
2.89215
2.86119
2.83584
2.81502
2.79786
2.78368
2.77192
2.76213
2.75395
2.74709
2.74132
2.73643
2.73227
2.72873
2.72568
2.72304
2.72075
2.71875
2.71699
2.71543
2.71404
2.7128
2.71168
2.71066
2.70973
2.70888
2.70809
2.70737
2.70663
2.70631
2.70408
4.02742
4.00618
3.9865
3.96894
3.95418
3.94291
3.93587
3.93377
3.93733
3.94718
3.96394
3.98818
4.02041
4.06109
4.11066
4.16945
4.23772
4.3156
4.40301
4.49965
4.60487
4.71765
4.83653
4.95955
5.08434
5.20811
5.32788
5.4406
5.54346
5.63405
5.71062
5.77218
5.81878
5.85189
5.8748
5.89257
5.91104
5.93456
5.9635
5.99293
6.01418
6.01881
6.00328
5.97141
5.93308
5.89959
5.87833
5.86941
5.86536
5.85361
5.81997
5.75187
5.64062
5.48289
5.28118
5.04353
4.78232
4.51216
4.24753
4.0005
3.77937
3.58821
3.42742
3.29481
3.18679
3.09935
3.0287
2.97156
2.92524
2.88759
2.85689
2.83179
2.8112
2.79425
2.78026
2.76867
2.75903
2.75097
2.74422
2.73854
2.73373
2.72964
2.72614
2.72313
2.72053
2.71826
2.71628
2.71454
2.71299
2.71162
2.71038
2.70926
2.70825
2.70733
2.70648
2.70569
2.70497
2.70423
2.70391
2.70168
4.02358
4.00176
3.9813
3.96268
3.94642
3.93314
3.92347
3.91804
3.91749
3.92243
3.93345
3.95108
3.97582
4.00811
4.04835
4.09684
4.15378
4.21927
4.29321
4.37529
4.46495
4.56129
4.6631
4.76875
4.8763
4.98349
5.08786
5.18691
5.27829
5.35994
5.43023
5.48817
5.5336
5.56758
5.59287
5.61398
5.63633
5.6642
5.69819
5.73379
5.76241
5.77516
5.76747
5.74197
5.70763
5.67567
5.65426
5.64488
5.64169
5.63366
5.60775
5.55204
5.45793
5.3214
5.14371
4.93116
4.69426
4.44598
4.19965
3.9669
3.75613
3.572
3.4157
3.28581
3.17938
3.09288
3.0228
2.96606
2.92005
2.88265
2.85219
2.82731
2.80693
2.79018
2.77637
2.76494
2.75545
2.74753
2.7409
2.73532
2.73061
2.72659
2.72316
2.72022
2.71766
2.71544
2.7135
2.71179
2.71027
2.70891
2.70769
2.70659
2.70559
2.70468
2.70384
2.70306
2.70235
2.70161
2.7013
2.69908
4.0217
3.99949
3.97848
3.95905
3.94165
3.92678
3.91499
3.90683
3.90287
3.90366
3.90974
3.92162
3.93976
3.96457
3.99643
4.0356
4.08229
4.13656
4.19833
4.26735
4.34312
4.42491
4.51168
4.60211
4.69458
4.78726
4.8781
4.96505
5.0461
5.11945
5.18366
5.23773
5.28135
5.31529
5.34189
5.36519
5.39025
5.42129
5.45915
5.49969
5.53451
5.55436
5.55378
5.53422
5.50377
5.47342
5.45191
5.44188
5.43896
5.43343
5.41336
5.36753
5.28753
5.169
5.01219
4.822
4.60727
4.37942
4.15062
3.93186
3.73153
3.55469
3.40317
3.27625
3.17161
3.08617
3.01674
2.96042
2.91471
2.87756
2.84731
2.82263
2.80243
2.78585
2.77221
2.76094
2.7516
2.74381
2.73731
2.73184
2.72722
2.72329
2.71994
2.71706
2.71457
2.7124
2.7105
2.70883
2.70735
2.70602
2.70483
2.70375
2.70277
2.70187
2.70104
2.70028
2.69958
2.69885
2.69855
2.69633
4.02047
3.99795
3.97648
3.95639
3.93804
3.92186
3.90831
3.89787
3.89104
3.88832
3.89018
3.89709
3.90948
3.92774
3.95221
3.98315
4.02074
4.06507
4.11608
4.17355
4.23709
4.30608
4.37967
4.45677
4.53605
4.61599
4.69489
4.77104
4.84272
4.90839
4.96671
5.01674
5.05807
5.09127
5.1183
5.14285
5.16967
5.2029
5.24362
5.28807
5.32805
5.35408
5.3599
5.34586
5.31914
5.29042
5.26885
5.25809
5.255
5.25108
5.23541
5.19745
5.12908
5.02576
4.88706
4.71668
4.52204
4.31313
4.10093
3.89577
3.70584
3.53644
3.38995
3.26624
3.16358
3.07933
3.01062
2.95476
2.90937
2.87247
2.84242
2.81791
2.79788
2.78146
2.76797
2.75684
2.74764
2.73998
2.73359
2.72823
2.72371
2.71988
2.71661
2.7138
2.71137
2.70926
2.70741
2.70578
2.70434
2.70304
2.70188
2.70083
2.69987
2.69899
2.69818
2.69743
2.69674
2.69602
2.69573
2.69352
4.01937
3.99658
3.97471
3.95403
3.93487
3.91757
3.90253
3.89015
3.88088
3.87515
3.87339
3.87603
3.88345
3.89602
3.91404
3.93779
3.96742
4.00304
4.04461
4.09196
4.14479
4.20258
4.26464
4.33007
4.39778
4.4665
4.53482
4.6013
4.66447
4.72299
4.77566
4.82158
4.86029
4.89218
4.91898
4.94402
4.97181
5.00643
5.04917
5.09664
5.14089
5.17227
5.18381
5.17487
5.15171
5.12461
5.10303
5.09148
5.08792
5.08496
5.07257
5.04087
4.98209
4.89163
4.76856
4.61567
4.43913
4.24764
4.05107
3.85899
3.6793
3.51743
3.37613
3.25585
3.15534
3.07241
3.00453
2.94918
2.90413
2.86748
2.83763
2.81329
2.79342
2.77715
2.76379
2.7528
2.74371
2.73618
2.7299
2.72464
2.72022
2.71647
2.71328
2.71055
2.70818
2.70613
2.70433
2.70275
2.70134
2.70009
2.69895
2.69793
2.69699
2.69613
2.69534
2.6946
2.69393
2.69322
2.69293
2.69074
4.01826
3.9952
3.97295
3.95176
3.93187
3.91359
3.89725
3.88321
3.87184
3.86354
3.85867
3.85763
3.86076
3.86841
3.88085
3.89834
3.92104
3.94906
3.98239
4.02092
4.06439
4.1124
4.16438
4.21959
4.27713
4.33594
4.39486
4.45266
4.50809
4.55998
4.60726
4.64906
4.68493
4.71513
4.74117
4.76612
4.79426
4.82961
4.87367
4.9234
4.97113
5.00712
5.02379
5.01954
4.99976
4.97426
4.9527
4.94031
4.93607
4.93357
4.9236
4.89689
4.84601
4.7664
4.65681
4.5193
4.359
4.18346
4.00148
3.82187
3.65216
3.4978
3.36184
3.24514
3.14695
3.06548
2.9985
2.94372
2.89906
2.86267
2.83303
2.80886
2.78913
2.77299
2.75977
2.7489
2.73993
2.73251
2.72633
2.72118
2.71684
2.71318
2.71007
2.7074
2.7051
2.70311
2.70136
2.69982
2.69845
2.69723
2.69613
2.69513
2.69422
2.69338
2.69261
2.69188
2.69122
2.69052
2.69025
2.68806
4.01711
3.99378
3.97118
3.9495
3.92896
3.90981
3.89234
3.87686
3.86368
3.85316
3.84562
3.84141
3.84084
3.84423
3.85184
3.8639
3.88059
3.902
3.92816
3.95899
3.9943
4.03376
4.07691
4.12315
4.17174
4.2218
4.27235
4.32235
4.37074
4.4165
4.45866
4.49643
4.52934
4.55757
4.58247
4.60687
4.63486
4.67042
4.71522
4.76658
4.81712
4.85705
4.87829
4.87837
4.86178
4.83785
4.81634
4.80311
4.79803
4.79559
4.78736
4.76461
4.72024
4.64981
4.55183
4.42781
4.28202
4.12098
3.95254
3.78474
3.62468
3.47774
3.34716
3.23418
3.13844
3.05854
2.99256
2.93842
2.89417
2.85807
2.82865
2.80465
2.78507
2.76906
2.75596
2.74521
2.73635
2.72903
2.72296
2.71789
2.71365
2.71007
2.70702
2.70443
2.70219
2.70025
2.69855
2.69706
2.69573
2.69454
2.69347
2.6925
2.69161
2.69079
2.69003
2.68932
2.68867
2.68799
2.68772
2.68555
4.01591
3.99233
3.96939
3.94726
3.92613
3.90621
3.88774
3.871
3.85626
3.84381
3.83396
3.82702
3.82326
3.82297
3.8264
3.83376
3.84522
3.86089
3.88081
3.90493
3.93312
3.9651
4.00053
4.0389
4.07959
4.1219
4.16499
4.20799
4.24999
4.29008
4.32743
4.36129
4.39119
4.41728
4.44076
4.46427
4.49173
4.52707
4.57215
4.6246
4.67736
4.72067
4.74598
4.75004
4.73647
4.71408
4.69265
4.67858
4.67254
4.66988
4.66284
4.64319
4.60419
4.54151
4.45353
4.34132
4.20846
4.06057
3.90461
3.7479
3.5971
3.45741
3.33221
3.22302
3.12985
3.05162
2.98672
2.93328
2.88949
2.85371
2.82451
2.80069
2.78126
2.76539
2.7524
2.74176
2.73301
2.72579
2.71981
2.71483
2.71067
2.70716
2.70419
2.70166
2.69948
2.69759
2.69594
2.69449
2.6932
2.69205
2.691
2.69006
2.68919
2.68839
2.68765
2.68696
2.68632
2.68564
2.68538
2.68322
4.01468
3.99086
3.9676
3.94505
3.92338
3.90277
3.88343
3.86558
3.84947
3.83536
3.82352
3.8142
3.80769
3.80422
3.80403
3.80732
3.81424
3.82492
3.83941
3.85769
3.87965
3.9051
3.93375
3.9652
3.99894
4.03437
4.07081
4.10752
4.14371
4.1786
4.21144
4.24154
4.26847
4.29232
4.31419
4.33656
4.36319
4.398
4.44296
4.49606
4.55055
4.59671
4.62566
4.63338
4.62268
4.60181
4.58051
4.56562
4.55855
4.55542
4.54912
4.53189
4.49731
4.44116
4.36178
4.2599
4.13852
4.00249
3.858
3.71165
3.56964
3.43698
3.3171
3.21174
3.1212
3.04474
2.98099
2.9283
2.88501
2.84956
2.82061
2.79698
2.7777
2.76196
2.74909
2.73856
2.72991
2.72279
2.7169
2.71201
2.70792
2.70449
2.70159
2.69911
2.69699
2.69515
2.69355
2.69214
2.69088
2.68976
2.68875
2.68782
2.68698
2.6862
2.68547
2.68479
2.68417
2.6835
2.68325
2.6811
4.01344
3.98938
3.96582
3.94289
3.92073
3.8995
3.87938
3.86056
3.84326
3.8277
3.81412
3.80277
3.79386
3.78764
3.78432
3.78407
3.78706
3.79341
3.80316
3.81634
3.83287
3.8526
3.87531
3.90067
3.92826
3.9576
3.98812
4.01917
4.0501
4.08022
4.10885
4.13538
4.15941
4.18098
4.20112
4.22218
4.24778
4.28179
4.32634
4.37971
4.4355
4.48407
4.51624
4.52734
4.51938
4.50004
4.47893
4.46326
4.45511
4.45133
4.4454
4.43002
4.39905
4.34842
4.27643
4.18358
4.07236
3.94701
3.81298
3.67624
3.54253
3.41663
3.30196
3.20042
3.11256
3.03792
2.97538
2.92348
2.88072
2.84564
2.81695
2.79351
2.77439
2.75878
2.74603
2.7356
2.72705
2.72002
2.71422
2.70941
2.7054
2.70204
2.6992
2.69679
2.69472
2.69293
2.69137
2.68999
2.68877
2.68768
2.68669
2.6858
2.68497
2.68421
2.6835
2.68283
2.68222
2.68156
2.68132
2.67917
4.01221
3.98792
3.96408
3.9408
3.91819
3.8964
3.87558
3.85591
3.83756
3.82075
3.80567
3.79254
3.78156
3.77296
3.76691
3.7636
3.76318
3.76575
3.77139
3.78012
3.7919
3.80663
3.82412
3.84411
3.86629
3.89022
3.91545
3.94143
3.96759
3.99334
4.01808
4.04125
4.06246
4.08177
4.10013
4.11976
4.14417
4.17719
4.22108
4.27443
4.33113
4.38171
4.41677
4.43101
4.42568
4.40788
4.38703
4.37065
4.36141
4.35683
4.35098
4.33698
4.30894
4.26296
4.19733
4.11234
4.01012
3.89434
3.76981
3.64194
3.516
3.39654
3.28691
3.18913
3.10396
3.03118
2.96989
2.91883
2.87663
2.84193
2.8135
2.79027
2.77131
2.75583
2.7432
2.73288
2.72442
2.71748
2.71176
2.70703
2.70309
2.6998
2.69702
2.69466
2.69264
2.6909
2.68938
2.68805
2.68686
2.6858
2.68483
2.68396
2.68315
2.68241
2.68171
2.68106
2.68046
2.67981
2.67957
2.67744
4.01098
3.98649
3.96238
3.93877
3.91576
3.89347
3.87204
3.85161
3.83235
3.81444
3.79805
3.78338
3.77061
3.75994
3.75154
3.74557
3.74217
3.74146
3.74351
3.74837
3.756
3.76633
3.77924
3.79452
3.8119
3.83104
3.85155
3.87298
3.89483
3.91659
3.93773
3.95775
3.97628
3.99338
4.00993
4.02806
4.05118
4.08307
4.12612
4.17917
4.23647
4.28873
4.32636
4.34353
4.34077
4.32454
4.30406
4.28706
4.27675
4.27128
4.26527
4.25225
4.22658
4.18452
4.12435
4.04623
3.95195
3.84471
3.72878
3.60902
3.49031
3.37691
3.27211
3.17799
3.09549
3.02457
2.96455
2.91435
2.87272
2.83842
2.81028
2.78725
2.76845
2.75311
2.74059
2.73037
2.72201
2.71515
2.70951
2.70485
2.70099
2.69775
2.69504
2.69273
2.69076
2.68906
2.68758
2.68628
2.68513
2.68409
2.68315
2.6823
2.68151
2.68078
2.6801
2.67946
2.67887
2.67823
2.678
2.67588
4.00979
3.9851
3.96075
3.93684
3.91347
3.89073
3.86875
3.84765
3.82759
3.80871
3.79118
3.77517
3.76085
3.74839
3.73794
3.72966
3.72368
3.72012
3.71905
3.72051
3.72451
3.73101
3.73989
3.75101
3.76416
3.77904
3.79535
3.81269
3.83066
3.84879
3.86661
3.88368
3.89967
3.91462
3.92938
3.946
3.96775
3.99841
4.04044
4.09299
4.15062
4.20426
4.24421
4.26415
4.26391
4.24933
4.22935
4.21185
4.20052
4.19411
4.18777
4.17542
4.15168
4.11293
4.05746
3.98532
3.89804
3.79841
3.6902
3.57782
3.46574
3.35799
3.25775
3.16714
3.08723
3.01815
2.9594
2.91007
2.86903
2.83512
2.80726
2.78445
2.7658
2.75059
2.73819
2.72806
2.71979
2.71302
2.70746
2.70287
2.69907
2.6959
2.69323
2.69098
2.68906
2.6874
2.68596
2.68469
2.68356
2.68255
2.68164
2.68081
2.68004
2.67932
2.67866
2.67803
2.67744
2.67682
2.67659
2.67448
4.00864
3.98375
3.95918
3.935
3.9113
3.88816
3.86569
3.84401
3.82324
3.80353
3.78501
3.76784
3.75216
3.73814
3.72592
3.71564
3.70742
3.70137
3.69757
3.69608
3.69691
3.70003
3.70538
3.71284
3.72224
3.73335
3.74591
3.75959
3.77405
3.78887
3.80366
3.81799
3.83158
3.84448
3.85748
3.87256
3.89291
3.92224
3.96315
4.01501
4.07276
4.12755
4.16961
4.19222
4.1945
4.18169
4.16237
4.14451
4.13226
4.1249
4.11814
4.10625
4.0841
4.04818
3.9968
3.9299
3.84877
3.75586
3.65454
3.54878
3.44271
3.34013
3.24412
3.15681
3.07935
3.01204
2.95453
2.90604
2.86558
2.83207
2.80449
2.78188
2.76339
2.74831
2.73601
2.72598
2.7178
2.7111
2.70561
2.70109
2.69735
2.69424
2.69163
2.68942
2.68754
2.68592
2.68452
2.68328
2.68218
2.6812
2.68031
2.67949
2.67874
2.67804
2.67739
2.67677
2.6762
2.67558
2.67536
2.67325
4.00754
3.98248
3.95771
3.93328
3.90928
3.88578
3.86288
3.84069
3.8193
3.79885
3.77947
3.76129
3.74444
3.72907
3.71531
3.70328
3.69312
3.68491
3.67873
3.67466
3.67271
3.67288
3.67512
3.67935
3.68544
3.6932
3.70242
3.71283
3.72412
3.73595
3.74795
3.75976
3.77109
3.78203
3.79332
3.80686
3.82577
3.85372
3.89339
3.94443
4.00213
4.0579
4.10198
4.12722
4.13211
4.12121
4.10274
4.08473
4.07169
4.06347
4.05628
4.04477
4.02401
3.99059
3.94282
3.88053
3.80481
3.71779
3.62251
3.52259
3.42185
3.32388
3.23167
3.14735
3.07215
3.00647
2.95011
2.90242
2.8625
2.82936
2.80204
2.77962
2.76128
2.74631
2.73412
2.72418
2.71607
2.70945
2.70403
2.69957
2.69589
2.69283
2.69027
2.68811
2.68627
2.68469
2.68331
2.68211
2.68104
2.68008
2.67921
2.67841
2.67767
2.67699
2.67635
2.67574
2.67518
2.67456
2.67435
2.67225
4.0065
3.98129
3.95633
3.93168
3.90741
3.8836
3.86032
3.83767
3.81575
3.79466
3.77453
3.75547
3.73761
3.72107
3.70597
3.69244
3.68058
3.67049
3.66225
3.65592
3.65154
3.64911
3.64863
3.65001
3.65317
3.65797
3.66422
3.6717
3.68014
3.68926
3.69873
3.7082
3.71743
3.72648
3.73611
3.74812
3.76555
3.79206
3.83041
3.88054
3.93811
3.99482
4.04093
4.06891
4.0766
4.06786
4.05052
4.03259
4.01898
4.01008
4.0026
3.99155
3.97217
3.9411
3.89661
3.83842
3.76741
3.68549
3.59538
3.50042
3.4042
3.31017
3.2212
3.13944
3.06618
3.00191
2.94655
2.89953
2.86007
2.82726
2.80016
2.7779
2.75968
2.74482
2.73271
2.72285
2.71481
2.70826
2.7029
2.6985
2.69487
2.69186
2.68934
2.68722
2.68542
2.68388
2.68253
2.68135
2.68031
2.67937
2.67852
2.67774
2.67702
2.67635
2.67572
2.67512
2.67457
2.67396
2.67376
2.67167
4.00555
3.9802
3.95508
3.93023
3.90573
3.88164
3.85803
3.83498
3.81259
3.79096
3.77018
3.75036
3.73162
3.71407
3.69783
3.68299
3.66966
3.65794
3.64791
3.63962
3.63312
3.62844
3.62556
3.62445
3.62504
3.62722
3.63085
3.63573
3.64164
3.64831
3.65546
3.66276
3.67001
3.67727
3.68525
3.69572
3.71165
3.73667
3.77367
3.82289
3.88038
3.93819
3.98659
4.01767
4.02855
4.0224
4.00657
3.98908
3.97523
3.96597
3.95853
3.94822
3.93043
3.90175
3.86037
3.80585
3.7389
3.66122
3.57531
3.48432
3.39166
3.30066
3.21419
3.13437
3.06256
2.99934
2.94469
2.89815
2.85901
2.8264
2.79945
2.77729
2.75915
2.74436
2.73231
2.7225
2.71452
2.70802
2.70271
2.69836
2.69477
2.69181
2.68933
2.68725
2.68548
2.68397
2.68265
2.6815
2.68048
2.67956
2.67873
2.67797
2.67726
2.6766
2.67598
2.67539
2.67485
2.67425
2.67405
2.67197
4.00473
3.97926
3.95399
3.92898
3.90428
3.87996
3.85607
3.8327
3.80991
3.78782
3.76649
3.74604
3.72656
3.70816
3.69094
3.675
3.66043
3.64732
3.63575
3.62579
3.61748
3.61085
3.60592
3.60267
3.60103
3.60094
3.60226
3.60484
3.60847
3.61291
3.6179
3.62316
3.6285
3.63399
3.64035
3.64929
3.66373
3.6873
3.72306
3.77158
3.82937
3.88883
3.94023
3.97522
3.99013
3.98729
3.97358
3.95706
3.94345
3.93435
3.92749
3.91846
3.90266
3.8766
3.83826
3.78703
3.72344
3.64904
3.56618
3.4779
3.38755
3.29843
3.2134
3.13464
3.06355
3.00078
2.94639
2.89999
2.8609
2.8283
2.80134
2.77917
2.76103
2.74624
2.7342
2.72441
2.71645
2.70998
2.7047
2.70038
2.69683
2.69389
2.69145
2.6894
2.68766
2.68617
2.68488
2.68375
2.68275
2.68185
2.68103
2.68028
2.67959
2.67894
2.67834
2.67776
2.67722
2.67663
2.67644
2.67437
4.00424
3.97869
3.95333
3.9282
3.90337
3.87888
3.85479
3.83118
3.80811
3.78567
3.76394
3.74301
3.72297
3.70392
3.68595
3.66914
3.6536
3.6394
3.62662
3.61531
3.60554
3.59733
3.5907
3.58563
3.58208
3.57998
3.57922
3.57965
3.5811
3.58337
3.58622
3.58943
3.59287
3.59666
3.60151
3.6091
3.62232
3.64481
3.67984
3.72839
3.7875
3.84994
3.90593
3.94649
3.96697
3.96872
3.9581
3.94325
3.93052
3.92222
3.91664
3.90958
3.89636
3.8732
3.83783
3.78939
3.72826
3.65589
3.57461
3.48745
3.39779
3.30899
3.22398
3.14501
3.07356
3.01037
2.95552
2.90869
2.86921
2.83628
2.80905
2.78667
2.76838
2.75347
2.74135
2.73151
2.72352
2.71703
2.71175
2.70743
2.70389
2.70097
2.69854
2.6965
2.69478
2.69331
2.69204
2.69092
2.68993
2.68905
2.68825
2.68751
2.68683
2.68619
2.68559
2.68502
2.68449
2.68391
2.68372
2.68168
4.00485
3.97935
3.95403
3.92895
3.90414
3.87967
3.85558
3.83195
3.80883
3.7863
3.76444
3.74333
3.72305
3.70368
3.68531
3.66802
3.65188
3.63697
3.62333
3.61103
3.60009
3.59054
3.58238
3.57558
3.57011
3.56589
3.56286
3.56091
3.55993
3.55979
3.56038
3.5616
3.56339
3.56597
3.57006
3.57729
3.59046
3.61326
3.64918
3.69971
3.76251
3.83072
3.89437
3.94357
3.9723
3.98069
3.97451
3.96217
3.95086
3.94388
3.94015
3.93564
3.92539
3.90522
3.87241
3.82586
3.76584
3.69378
3.61209
3.52392
3.4328
3.34224
3.25533
3.17443
3.10113
3.03622
2.97987
2.93175
2.8912
2.85741
2.82949
2.80659
2.78788
2.77266
2.7603
2.75029
2.74217
2.73558
2.73023
2.72587
2.7223
2.71935
2.71691
2.71487
2.71315
2.71168
2.71041
2.7093
2.70832
2.70744
2.70664
2.70592
2.70524
2.70461
2.70402
2.70346
2.70294
2.70236
2.70218
2.70017
4.01043
3.9854
3.96057
3.93599
3.9117
3.88775
3.86419
3.84107
3.81846
3.79641
3.77499
3.75426
3.73429
3.71514
3.69685
3.67949
3.66308
3.64765
3.63323
3.61983
3.60744
3.59606
3.58569
3.57633
3.56798
3.56068
3.55446
3.54941
3.5456
3.54311
3.54204
3.54245
3.54444
3.54824
3.55452
3.56472
3.58145
3.60834
3.64913
3.70594
3.77713
3.85624
3.93282
3.99558
4.03656
4.05425
4.05381
4.04421
4.03403
4.02796
4.02576
4.02349
4.01576
3.99771
3.96612
3.91958
3.85832
3.78389
3.69892
3.60682
3.51137
3.41632
3.32495
3.23982
3.16264
3.09428
3.03496
2.98433
2.94173
2.90628
2.87704
2.8531
2.83359
2.81774
2.8049
2.79452
2.78611
2.77931
2.77379
2.7693
2.76563
2.76262
2.76012
2.75804
2.75629
2.7548
2.75351
2.75239
2.75141
2.75053
2.74973
2.749
2.74833
2.7477
2.74712
2.74656
2.74604
2.74548
2.74529
2.74332
4.03666
4.0133
3.99016
3.96727
3.94466
3.92236
3.9004
3.8788
3.8576
3.83681
3.81645
3.79655
3.7771
3.7581
3.73954
3.7214
3.70366
3.68631
3.66932
3.65271
3.63654
3.62089
3.60593
3.59188
3.57906
3.56782
3.55858
3.55177
3.5478
3.54702
3.54968
3.55591
3.56572
3.57915
3.59646
3.61864
3.64782
3.6874
3.74136
3.81254
3.90019
3.99818
4.09518
4.17775
4.2352
4.26385
4.26836
4.25896
4.24648
4.23776
4.23377
4.23061
4.22218
4.20273
4.16836
4.11741
4.05019
3.96857
3.87557
3.77496
3.67088
3.56736
3.46794
3.37535
3.29144
3.21718
3.1528
3.09792
3.05182
3.01354
2.98204
2.9563
2.93536
2.9184
2.90469
2.89362
2.88469
2.87747
2.87162
2.86688
2.86301
2.85984
2.85722
2.85504
2.85321
2.85166
2.85033
2.84918
2.84816
2.84726
2.84644
2.8457
2.84502
2.84439
2.8438
2.84324
2.84272
2.84215
2.84197
2.84002
4.14218
4.12283
4.10352
4.08421
4.06489
4.04552
4.02608
4.0065
3.98675
3.96678
3.94653
3.92594
3.90497
3.88359
3.86179
3.8396
3.81712
3.79453
3.77209
3.75021
3.72941
3.71035
3.69382
3.68067
3.67182
3.66814
3.67041
3.6792
3.69488
3.71748
3.74679
3.78229
3.82324
3.8688
3.91831
3.97174
4.03038
4.09722
4.17656
4.27221
4.38455
4.50768
4.62879
4.73125
4.80069
4.83114
4.82756
4.80305
4.77245
4.74598
4.72623
4.70915
4.68746
4.65414
4.60451
4.5368
4.45168
4.35156
4.24005
4.12143
4.0002
3.88067
3.76655
3.66072
3.56509
3.48065
3.40757
3.3454
3.29327
3.25006
3.21456
3.1856
3.16209
3.14307
3.12772
3.11535
3.10537
3.09732
3.09081
3.08553
3.08124
3.07772
3.07482
3.07242
3.0704
3.0687
3.06724
3.06599
3.06488
3.06391
3.06304
3.06225
3.06152
3.06086
3.06023
3.05965
3.05911
3.05852
3.05833
3.05636
4.54534
4.53433
4.52266
4.51026
4.49708
4.48309
4.46827
4.45265
4.4363
4.41934
4.402
4.38456
4.36747
4.35128
4.33674
4.32477
4.31647
4.31316
4.31628
4.32744
4.34826
4.38032
4.42502
4.48342
4.55614
4.64323
4.74406
4.85735
4.98116
5.11306
5.25014
5.38927
5.52712
5.66038
5.78605
5.90211
6.0085
6.10805
6.20633
6.30943
6.41972
6.53143
6.6293
6.69263
6.70392
6.65759
6.56341
6.44223
6.31656
6.20168
6.1016
6.01092
5.91997
5.81982
5.70502
5.57406
5.42839
5.27134
5.10719
4.9406
4.77617
4.61814
4.47004
4.33448
4.21311
4.10662
4.01483
3.93694
3.8717
3.81763
3.77318
3.73686
3.7073
3.68333
3.66392
3.6482
3.63548
3.62517
3.61679
3.60996
3.60438
3.59978
3.59598
3.59282
3.59017
3.58793
3.58601
3.58436
3.58292
3.58166
3.58054
3.57954
3.57863
3.5778
3.57704
3.57632
3.57568
3.57498
3.57473
3.57255
6.53874
6.58571
6.63524
6.68803
6.74492
6.8069
6.87517
6.95112
7.03639
7.13284
7.2426
7.36805
7.51182
7.67671
7.86571
8.08183
8.32803
8.60702
8.92106
9.27175
9.65973
10.0844
10.5438
11.0343
11.5506
12.0857
12.6314
13.1782
13.716
14.2342
14.7216
15.1672
15.559
15.8851
16.1342
16.2976
16.372
16.3621
16.28
16.14
15.951
15.7095
15.3998
15.0021
14.5079
13.9296
13.3009
12.6654
12.0609
11.508
11.0083
10.5506
10.1199
9.70453
9.29855
8.90116
8.5146
8.14224
7.78758
7.45377
7.14352
6.85895
6.60152
6.37189
6.1699
5.99456
5.84418
5.71657
5.60922
5.51952
5.44495
5.38316
5.33205
5.28982
5.25493
5.22606
5.20214
5.18228
5.16575
5.15194
5.14037
5.13064
5.12242
5.11546
5.10952
5.10445
5.10009
5.09633
5.09306
5.09021
5.08772
5.08552
5.08358
5.08185
5.0803
5.0789
5.07765
5.07642
5.07575
5.07267
22.6775
23.2817
23.9154
24.5811
25.2818
26.0202
26.7989
27.6207
28.4882
29.4038
30.3697
31.3877
32.459
33.5843
34.7634
35.9953
37.2776
38.607
39.9786
41.3862
42.8218
44.2761
45.7383
47.1961
48.636
50.0435
51.4029
52.6977
53.91
55.0203
56.0065
56.8425
57.4965
57.9314
58.1064
57.9832
57.5345
56.7527
55.6515
54.2643
52.6227
50.7451
48.6397
46.3211
43.83
41.241
38.6496
36.1468
33.7956
31.622
29.6228
27.7809
26.0789
24.5062
23.0584
21.7338
20.5306
19.4447
18.4703
17.6002
16.8268
16.1428
15.5412
15.0149
14.5572
14.1614
13.8209
13.529
13.2795
13.0665
12.8849
12.73
12.5977
12.4847
12.388
12.305
12.2338
12.1725
12.1197
12.074
12.0346
12.0004
11.9707
11.945
11.9226
11.9031
11.8861
11.8713
11.8584
11.8471
11.8373
11.8288
11.8213
11.8148
11.8092
11.8043
11.8005
11.7972
11.7959
11.7933
129.637
131.112
132.506
133.807
135.008
136.098
137.069
137.909
138.608
139.152
139.531
139.73
139.736
139.536
139.116
138.464
137.569
136.423
135.018
133.354
131.435
129.272
126.881
124.288
121.528
118.64
115.669
112.664
109.672
106.733
103.882
101.135
98.4936
95.9482
93.4891
91.1205
88.8661
86.7627
84.8443
83.1407
81.6434
80.315
79.1119
77.9986
76.9563
75.981
75.0774
74.2489
73.4928
72.7999
72.1583
71.5578
70.992
70.4583
69.9566
69.4876
69.0517
68.6487
68.278
67.9389
67.6307
67.3525
67.1031
66.8809
66.6838
66.5096
66.3559
66.2203
66.1005
65.9946
65.9007
65.8174
65.7433
65.6772
65.6184
65.5659
65.5189
65.477
65.4395
65.406
65.376
65.3493
65.3253
65.3039
65.2848
65.2678
65.2526
65.239
65.2269
65.2161
65.2064
65.1978
65.1902
65.1833
65.1772
65.1717
65.1667
65.161
65.1588
65.1439
22.3456
20.2376
32.3783
58.9998
102.293
157.771
220.281
285.03
348.829
410.024
467.913
522.204
572.782
619.676
663.103
703.508
741.589
778.278
814.389
848.998
882.488
914.915
945.836
974.111
997.752
1013.88
1019.02
1009.85
984.554
943.997
891.93
834.267
777.924
721.914
664.637
607.188
551.071
497.406
446.822
399.563
355.616
314.841
277.07
242.165
210.059
180.761
154.335
130.859
110.386
92.9005
78.3183
66.4896
57.2171
50.259
45.3209
42.0517
40.0638
38.9768
38.4689
38.3067
38.3453
38.5045
38.7415
39.0299
39.3502
39.6863
40.0254
40.3581
40.6782
40.9815
41.2658
41.5299
41.7733
41.9965
42.2
42.3847
42.5517
42.7023
42.8376
42.9589
43.0672
43.1639
43.2499
43.3263
43.394
43.4539
43.5068
43.5535
43.5945
43.6306
43.6623
43.69
43.7143
43.7356
43.7542
43.7704
43.7845
43.7969
43.8072
43.8202
134.861
113.052
135.435
174.935
218.739
258.197
290.778
316.311
336.247
352.334
365.993
378.026
388.715
398.079
406.177
413.355
420.406
428.507
438.587
449.34
461.188
474.748
490.338
507.911
526.687
544.81
559.147
565.676
560.807
543.262
514.877
479.228
439.911
399.454
359.642
321.701
286.367
253.97
224.538
197.914
173.84
152.033
132.229
114.209
97.8146
82.9484
69.5682
57.6702
47.2671
38.3631
30.9315
24.9011
20.1534
16.5317
13.8565
11.9427
10.6142
9.71519
9.11648
8.71852
8.45065
8.26691
8.13968
8.05303
7.99738
7.96604
7.95357
7.95528
7.96718
7.98607
8.00945
8.03546
8.0627
8.09017
8.11713
8.14308
8.16766
8.19067
8.21199
8.23159
8.24946
8.26566
8.28027
8.29337
8.30506
8.31546
8.32467
8.33278
8.33991
8.34616
8.3516
8.35633
8.36042
8.36394
8.36697
8.36956
8.37179
8.37361
8.37545
8.37646
265.881
195.609
213.146
238.411
260.83
276.817
287.97
296.896
305.893
316.175
327.912
340.507
353.018
364.511
374.28
381.895
387.112
389.797
390.065
388.578
386.096
383.565
382.336
383.949
389.729
400.117
413.766
426.869
433.758
429.56
413.493
388.58
358.59
326.492
294.316
263.374
234.449
207.929
183.909
162.292
142.869
125.383
109.577
95.2219
82.1339
70.1839
59.2987
49.4559
40.6707
32.9766
26.4004
20.9398
16.5474
13.1289
10.5532
8.66983
7.32823
6.39108
5.74267
5.29194
4.97223
4.73829
4.56173
4.42582
4.32082
4.24055
4.18038
4.13642
4.10523
4.0839
4.07006
4.06185
4.05779
4.05678
4.05792
4.06056
4.06416
4.06833
4.07279
4.07732
4.08178
4.08604
4.09005
4.09376
4.09715
4.10022
4.10296
4.10539
4.10753
4.10939
4.111
4.11237
4.11353
4.1145
4.1153
4.11594
4.11647
4.11681
4.11737
4.11646
362.929
236.93
242.127
252.194
259.986
266.042
272.799
282.027
294.407
309.673
326.971
345.142
362.963
379.317
393.282
404.109
411.143
413.794
411.649
404.699
393.167
377.782
359.872
341.318
324.343
311.053
302.735
299.383
299.779
300.397
296.318
285.742
269.951
250.939
230.36
209.447
189.073
169.799
151.926
135.555
120.647
107.081
94.7005
83.3437
72.8674
63.1621
54.1613
45.8449
38.2355
31.3867
25.3641
20.2203
15.9725
12.5895
9.9919
8.06504
6.678
5.70191
5.02298
4.5493
4.21247
3.96544
3.77816
3.6326
3.51814
3.42819
3.3581
3.30413
3.26308
3.23224
3.20936
3.19265
3.1807
3.17239
3.16685
3.16338
3.16146
3.16064
3.16062
3.16113
3.16199
3.16306
3.16423
3.16542
3.16658
3.16768
3.1687
3.16961
3.17041
3.17111
3.17169
3.17218
3.17257
3.17287
3.17309
3.17324
3.17333
3.1733
3.17354
3.17222
404.706
242.181
238.431
242.453
246.656
252.378
261.151
273.505
289.244
307.763
328.207
349.54
370.629
390.342
407.61
421.438
430.885
435.084
433.601
426.555
414.257
397.269
376.462
352.928
327.715
301.333
273.137
242.495
213.782
196.059
189.828
187.42
183.516
176.731
167.428
156.442
144.607
132.59
120.854
109.674
99.1779
89.3894
80.267
71.7362
63.7147
56.1315
48.9415
42.1343
35.7382
29.816
24.4527
19.7348
15.7267
12.4505
9.87786
7.93472
6.51721
5.51106
4.80827
4.31788
3.97033
3.71685
3.52585
3.37802
3.26182
3.1701
3.09794
3.04155
2.9978
2.9641
2.9383
2.91869
2.90392
2.89292
2.88484
2.879
2.87488
2.87206
2.8702
2.86906
2.86842
2.86814
2.8681
2.86822
2.86843
2.86869
2.86895
2.86921
2.86943
2.86961
2.86976
2.86985
2.8699
2.86991
2.86987
2.86979
2.86969
2.8695
2.8696
2.86807
403.265
230.551
222.215
226.406
232.494
240.72
251.763
265.786
282.604
301.808
322.732
344.436
365.777
385.531
402.523
415.721
424.317
427.798
426.18
419.757
409.053
394.766
377.688
358.471
337.064
311.737
278.493
233.953
183.274
142.632
122.939
118.4
118.751
118.514
116.198
111.936
106.29
99.8213
92.9763
86.0645
79.2781
72.7166
66.412
60.3527
54.5051
48.8321
43.309
37.9348
32.7404
27.7894
23.1718
18.989
15.3325
12.2621
9.7911
7.88462
6.46939
5.45147
4.73415
4.23149
3.87541
3.61694
3.42368
3.27537
3.15966
3.06876
2.99736
2.94146
2.8979
2.86409
2.83796
2.81785
2.80246
2.79076
2.78194
2.77535
2.7705
2.76696
2.76442
2.76264
2.76141
2.76058
2.76005
2.75972
2.75953
2.75942
2.75936
2.75932
2.75928
2.75924
2.75918
2.7591
2.75899
2.75886
2.75871
2.75853
2.75834
2.75806
2.7581
2.75646
372.995
215.538
205.876
212.177
221.334
231.997
244.263
258.402
274.515
292.444
311.691
331.421
350.566
367.982
382.616
393.639
400.525
403.176
401.805
396.889
389.095
379.161
367.697
354.712
338.593
314.713
276.01
220.003
157.98
109.798
85.4656
78.851
79.3457
80.7192
80.9
79.6507
77.2595
74.0754
70.3896
66.4206
62.3211
58.1869
54.0664
49.9717
45.8921
41.8086
37.7074
33.5917
29.4906
25.4628
21.5942
17.9878
14.746
11.9501
9.64292
7.82165
6.44207
5.43261
4.71142
4.20109
3.83771
3.57394
3.37762
3.22815
3.1126
3.02263
2.95247
2.89787
2.85549
2.82269
2.79737
2.77791
2.763
2.75164
2.74306
2.73662
2.73184
2.72832
2.72577
2.72394
2.72265
2.72176
2.72115
2.72074
2.72047
2.72029
2.72015
2.72005
2.71996
2.71986
2.71975
2.71962
2.71948
2.71931
2.71912
2.71891
2.7187
2.7184
2.71843
2.71673
330.232
206.91
193.113
201.855
214.137
226.82
239.628
253.001
267.351
282.797
299.073
315.56
331.407
345.701
357.632
366.621
372.393
375.071
375.01
372.788
369.109
364.611
359.465
352.435
339.191
311.257
260.461
190.941
123.406
78.5828
59.597
55.753
56.8484
58.2322
58.6945
58.2318
57.0788
55.4392
53.4563
51.2327
48.8442
46.3432
43.7587
41.0973
38.3496
35.4992
32.5331
29.4521
26.2793
23.0645
19.8845
16.8358
14.0209
11.53
9.42369
7.72222
6.40562
5.42345
4.70976
4.19762
3.82923
3.56036
3.36013
3.20822
3.09153
3.00137
2.93165
2.87783
2.8364
2.80459
2.78026
2.76171
2.74764
2.73703
2.72908
2.7232
2.71889
2.71577
2.71355
2.71201
2.71096
2.71027
2.70983
2.70956
2.70941
2.70932
2.70928
2.70925
2.70921
2.70917
2.7091
2.70901
2.7089
2.70876
2.7086
2.70841
2.70821
2.70793
2.70798
2.70627
278.556
201.291
186.083
195.624
210.449
225.018
238.325
250.811
263.152
275.793
288.79
301.838
314.397
325.842
335.624
343.38
349.023
352.778
355.083
356.541
357.773
359.049
359.439
355.131
337.6
295.665
226.632
147.498
84.84
51.9216
41.9894
41.8279
43.5423
44.6083
44.7768
44.3325
43.5306
42.5109
41.337
40.0391
38.6357
37.1388
35.551
33.8638
32.0584
30.1121
28.0061
25.7342
23.3104
20.7738
18.1891
15.6426
13.2304
11.0433
9.15024
7.5866
6.35073
5.41024
4.71423
4.20668
3.8368
3.56434
3.36039
3.20543
3.08656
2.99502
2.92456
2.8705
2.82918
2.79775
2.77394
2.75601
2.74259
2.73264
2.72533
2.72004
2.71627
2.71365
2.71188
2.71073
2.71003
2.70965
2.70948
2.70946
2.70951
2.70962
2.70973
2.70984
2.70993
2.70999
2.71002
2.71001
2.70997
2.70989
2.70978
2.70964
2.70949
2.70924
2.70931
2.70763
221.257
193.75
184.358
193.757
209.947
226.142
240.237
252.332
263.205
273.585
283.874
294.121
304.118
313.539
322.077
329.546
336.031
341.818
347.377
353.231
359.616
365.682
367.888
357.987
323.742
258.073
173.078
97.0691
50.9485
33.7865
31.638
33.5168
35.142
35.7483
35.6091
35.0805
34.3837
33.6188
32.8175
31.9834
31.1109
30.1917
29.212
28.1507
26.9798
25.6682
24.1891
22.5273
20.6869
18.6952
16.6046
14.4892
12.4357
10.5307
8.84532
7.42349
6.27657
5.38662
4.71589
4.21871
3.85131
3.57775
3.37138
3.2138
3.09254
2.999
2.92698
2.87177
2.82969
2.79781
2.77384
2.75595
2.74272
2.73306
2.7261
2.72119
2.71781
2.71557
2.71417
2.71337
2.71299
2.7129
2.713
2.71321
2.71349
2.71378
2.71407
2.71433
2.71455
2.71473
2.71486
2.71494
2.71498
2.71497
2.71492
2.71483
2.71472
2.71452
2.71463
2.71298
163.257
181.021
186.588
198.01
214.803
232.023
247.019
259.351
269.646
278.765
287.383
295.868
304.33
312.727
320.983
329.105
337.326
345.99
355.463
365.798
375.938
382.199
376.394
346.183
282.709
194.567
109.547
53.0213
29.0539
24.4846
26.1809
28.261
29.3319
29.5221
29.2068
28.6639
28.0463
27.4215
26.8102
26.2124
25.6198
25.0202
24.3957
23.7205
22.9614
22.0815
21.0467
19.8338
18.437
16.8728
15.1814
13.4249
11.6794
10.0247
8.53044
7.24456
6.18717
5.35136
4.71041
4.2278
3.8664
3.59439
3.38749
3.22843
3.10533
3.00988
2.93604
2.87921
2.83577
2.80283
2.77806
2.75963
2.74606
2.73623
2.72922
2.72435
2.72108
2.71899
2.71775
2.71713
2.71694
2.71704
2.71731
2.71769
2.71812
2.71855
2.71897
2.71934
2.71967
2.71994
2.72016
2.72032
2.72042
2.72047
2.72047
2.72042
2.72035
2.72017
2.72031
2.71869
112.982
162.73
192.685
213.261
232.531
250.555
265.985
278.418
288.376
296.755
304.393
311.892
319.62
327.784
336.521
346.096
356.792
368.775
381.736
394.081
401.528
395.622
364.431
299.478
208.348
117.824
54.8011
26.0759
19.4726
20.7468
23.0204
24.4403
24.9613
24.9041
24.5425
24.0494
23.5204
23.0009
22.5074
22.0422
21.6016
21.1777
20.7559
20.3125
19.814
19.2212
18.4958
17.6081
16.5441
15.3104
13.9366
12.4732
10.9861
9.54721
8.22245
7.06104
6.08862
5.30653
4.697
4.23136
3.8784
3.61015
3.40451
3.24536
3.12137
3.02458
2.94917
2.89071
2.84572
2.81139
2.78543
2.76603
2.7517
2.74128
2.73384
2.72866
2.72519
2.72297
2.72166
2.72102
2.72083
2.72095
2.72127
2.72169
2.72217
2.72266
2.72313
2.72356
2.72394
2.72426
2.72451
2.72471
2.72484
2.72492
2.72495
2.72493
2.72487
2.72472
2.72487
2.72326
84.7422
156.458
220.192
260.278
286.059
303.987
316.922
326.358
333.495
339.413
344.999
350.905
357.604
365.469
374.843
385.979
398.701
412.055
423.511
427.814
416.171
377.783
306.516
211.413
118.531
53.6229
23.3873
15.92
16.8074
19.0152
20.5799
21.3438
21.5398
21.3916
21.0567
20.6376
20.1965
19.7656
19.3583
18.9789
18.6281
18.3037
17.9976
17.6915
17.3554
16.9513
16.4393
15.7854
14.9693
13.9897
12.8665
11.6402
10.3669
9.11068
7.93284
6.88202
5.98717
5.25576
4.6771
4.2292
3.88598
3.62292
3.4199
3.26184
3.13796
3.04058
2.96412
2.90434
2.85793
2.82218
2.79491
2.77432
2.75897
2.74769
2.73953
2.73378
2.72983
2.72724
2.72565
2.72477
2.72441
2.7244
2.72461
2.72496
2.72538
2.72583
2.72627
2.72668
2.72704
2.72734
2.72759
2.72778
2.72791
2.72799
2.72801
2.72799
2.72794
2.72778
2.72793
2.72631
81.5822
239.333
380.822
450.163
469.001
465.109
454.671
444.514
436.714
431.57
428.945
428.725
431.017
436.129
443.833
453.081
461.765
466.04
459.674
434.192
381.352
299.35
200.322
109.219
47.8803
20.0858
13.33
14.0525
16.0042
17.5063
18.3866
18.7846
18.847
18.69
18.4044
18.0577
17.6943
17.3383
17
16.6837
16.3923
16.1284
15.8899
15.6651
15.4297
15.149
14.7837
14.2978
13.6664
12.8819
11.9563
10.921
9.82365
8.72064
7.66838
6.71395
5.88816
5.20289
4.65319
4.22255
3.88936
3.63212
3.43251
3.27636
3.15336
3.05609
2.97916
2.91851
2.87097
2.83399
2.80547
2.78369
2.76724
2.75497
2.74595
2.73944
2.73486
2.73172
2.72967
2.72841
2.72772
2.72744
2.72743
2.7276
2.72786
2.72818
2.72851
2.72883
2.72911
2.72935
2.72954
2.72968
2.72978
2.72982
2.72981
2.72977
2.72969
2.72952
2.72965
2.72801
65.885
986.753
1334.62
1285.1
1109.69
940.578
812.58
722.708
660.348
616.765
586.236
565.275
552.467
544.886
539.146
531.179
515.769
486.549
437.046
363.563
269.937
171.097
88.6561
37.4299
16.0891
11.457
12.2111
13.7788
15.0596
15.937
16.4657
16.7082
16.7275
16.5884
16.3516
16.0669
15.7686
15.4751
15.1939
14.9278
14.6804
14.4568
14.2599
14.0841
13.9114
13.7115
13.4474
13.0828
12.5899
11.9561
11.1867
10.3057
9.35297
8.37799
7.43232
6.56095
5.79558
5.15138
4.62788
4.21323
3.88962
3.63819
3.44222
3.28838
3.16672
3.07006
2.99314
2.93205
2.88375
2.84581
2.81624
2.79337
2.77587
2.76261
2.75268
2.74536
2.74005
2.73628
2.73367
2.73193
2.73083
2.73019
2.72987
2.72977
2.72981
2.72993
2.73009
2.73026
2.73042
2.73055
2.73065
2.73072
2.73074
2.73072
2.73067
2.73057
2.73046
2.73025
2.73036
2.72869
)
;

boundaryField
{
    outlet
    {
        type            zeroGradient;
    }
    inlet
    {
        type            fixedValue;
        value           uniform 5.199;
    }
    lowerWall
    {
        type            epsilonWallFunction;
        Cmu             0.09;
        kappa           0.41;
        E               9.8;
        value           nonuniform List<scalar> 
148
(
151.447
203.15
260.734
321.763
383.644
443.771
499.872
550.249
593.859
630.273
659.567
682.187
698.814
710.247
717.311
720.802
721.447
719.885
716.663
712.237
706.978
701.187
695.098
688.896
682.716
676.662
670.798
665.185
659.767
654.909
648.84
649.889
617.926
22.3456
134.861
265.881
362.929
404.706
403.265
372.995
330.232
278.556
221.257
163.257
112.982
84.7422
81.5822
65.885
22.3456
20.2376
32.3783
58.9998
102.293
157.771
220.281
285.03
348.829
410.024
467.913
522.204
572.782
619.676
663.103
703.508
741.589
778.278
814.389
848.998
882.488
914.915
945.836
974.111
997.752
1013.88
1019.02
1009.85
984.554
943.997
891.93
834.267
777.924
721.914
664.637
607.188
551.071
497.406
446.822
399.563
355.616
314.841
277.07
242.165
210.059
180.761
154.335
130.859
110.386
92.9005
78.3183
66.4896
57.2171
50.259
45.3209
42.0517
40.0638
38.9768
38.4689
38.3067
38.3453
38.5045
38.7415
39.0299
39.3502
39.6863
40.0254
40.3581
40.6782
40.9815
41.2658
41.5299
41.7733
41.9965
42.2
42.3847
42.5517
42.7023
42.8376
42.9589
43.0672
43.1639
43.2499
43.3263
43.394
43.4539
43.5068
43.5535
43.5945
43.6306
43.6623
43.69
43.7143
43.7356
43.7542
43.7704
43.7845
43.7969
43.8072
43.8202
)
;
    }
    upperWall
    {
        type            epsilonWallFunction;
        Cmu             0.09;
        kappa           0.41;
        E               9.8;
        value           nonuniform List<scalar> 
133
(
44.7794
48.3125
51.8867
55.466
59.0314
62.5709
66.0736
69.5297
72.9302
76.2671
79.5332
82.7225
85.8295
88.85
91.7804
94.6178
97.3601
100.006
102.554
105.003
107.355
109.608
111.764
113.824
115.788
117.659
119.437
121.124
122.722
124.233
125.659
127.002
128.265
129.637
131.112
132.506
133.807
135.008
136.098
137.069
137.909
138.608
139.152
139.531
139.73
139.736
139.536
139.116
138.464
137.569
136.423
135.018
133.354
131.435
129.272
126.881
124.288
121.528
118.64
115.669
112.664
109.672
106.733
103.882
101.135
98.4936
95.9482
93.4891
91.1205
88.8661
86.7627
84.8443
83.1407
81.6434
80.315
79.1119
77.9986
76.9563
75.981
75.0774
74.2489
73.4928
72.7999
72.1583
71.5578
70.992
70.4583
69.9566
69.4876
69.0517
68.6487
68.278
67.9389
67.6307
67.3525
67.1031
66.8809
66.6838
66.5096
66.3559
66.2203
66.1005
65.9946
65.9007
65.8174
65.7433
65.6772
65.6184
65.5659
65.5189
65.477
65.4395
65.406
65.376
65.3493
65.3253
65.3039
65.2848
65.2678
65.2526
65.239
65.2269
65.2161
65.2064
65.1978
65.1902
65.1833
65.1772
65.1717
65.1667
65.161
65.1588
65.1439
)
;
    }
    frontAndBack
    {
        type            empty;
    }
}


// ************************************************************************* //
