/*--------------------------------*- C++ -*----------------------------------*\
| =========                 |                                                 |
| \\      /  F ield         | OpenFOAM: The Open Source CFD Toolbox           |
|  \\    /   O peration     | Version:  2.1.1                                 |
|   \\  /    A nd           | Web:      www.OpenFOAM.org                      |
|    \\/     M anipulation  |                                                 |
\*---------------------------------------------------------------------------*/
FoamFile
{
    version     2.0;
    format      ascii;
    class       volScalarField;
    location    "0.03";
    object      k;
}
// * * * * * * * * * * * * * * * * * * * * * * * * * * * * * * * * * * * * * //

dimensions      [0 2 -2 0 0 0 0];

internalField   nonuniform List<scalar> 
6820
(
0.288909
0.351397
0.415004
0.477468
0.536874
0.591597
0.64046
0.682798
0.718414
0.747489
0.770473
0.787989
0.80074
0.809447
0.814803
0.817442
0.817927
0.816742
0.8143
0.810939
0.806937
0.802519
0.797861
0.793101
0.788345
0.783669
0.779127
0.774765
0.770542
0.766744
0.761986
0.762797
0.737546
0.265531
0.269394
0.27052
0.271332
0.272535
0.274166
0.276137
0.278331
0.280636
0.282965
0.28526
0.287489
0.289641
0.291717
0.293731
0.295698
0.297636
0.299562
0.301488
0.303427
0.305387
0.307373
0.309388
0.311438
0.313524
0.315653
0.317834
0.320089
0.322446
0.324978
0.327763
0.331133
0.335322
0.262038
0.264257
0.263604
0.261567
0.259013
0.256332
0.25364
0.25095
0.24825
0.245532
0.242798
0.240062
0.237342
0.234659
0.232035
0.229492
0.227045
0.22471
0.222498
0.220418
0.218474
0.21667
0.215006
0.213481
0.212093
0.210839
0.209717
0.208724
0.207858
0.207127
0.206518
0.206081
0.205759
0.259884
0.26027
0.259793
0.258532
0.256827
0.254893
0.252838
0.250718
0.248559
0.246375
0.244174
0.241963
0.239749
0.237539
0.235341
0.233164
0.231013
0.228898
0.226823
0.224796
0.22282
0.220899
0.219037
0.217236
0.215497
0.213821
0.212207
0.210655
0.209162
0.207728
0.206347
0.205025
0.203734
0.259299
0.258404
0.257599
0.256567
0.255296
0.253852
0.252296
0.250669
0.248995
0.247292
0.245572
0.243842
0.242109
0.240379
0.238655
0.236943
0.235246
0.233569
0.231913
0.230283
0.228681
0.22711
0.225571
0.224065
0.222595
0.221161
0.219763
0.218401
0.217075
0.215785
0.214529
0.213309
0.21212
0.259224
0.257847
0.256621
0.255435
0.254226
0.252971
0.251665
0.250318
0.248938
0.247536
0.246119
0.244695
0.243269
0.241846
0.240429
0.239021
0.237626
0.236245
0.234881
0.233536
0.232211
0.230908
0.229628
0.228372
0.227142
0.225937
0.224757
0.223605
0.222478
0.221379
0.220306
0.219262
0.21825
0.259217
0.257715
0.256309
0.25498
0.253699
0.252444
0.251199
0.249957
0.248713
0.247467
0.246222
0.244979
0.24374
0.242508
0.241285
0.240072
0.238872
0.237687
0.236517
0.235363
0.234227
0.23311
0.232013
0.230935
0.229879
0.228843
0.227829
0.226838
0.225868
0.224922
0.224
0.223105
0.22224
0.259218
0.25769
0.256224
0.254822
0.253478
0.252183
0.250927
0.249702
0.2485
0.247318
0.246153
0.245003
0.243868
0.242747
0.24164
0.240549
0.239473
0.238413
0.23737
0.236344
0.235335
0.234345
0.233373
0.23242
0.231486
0.230572
0.229677
0.228803
0.22795
0.227119
0.226312
0.225531
0.22478
0.259218
0.257686
0.256207
0.25478
0.253406
0.252082
0.250803
0.249566
0.248365
0.247197
0.246059
0.244946
0.243858
0.242792
0.241748
0.240724
0.239721
0.238736
0.237772
0.236826
0.2359
0.234993
0.234105
0.233236
0.232386
0.231556
0.230745
0.229955
0.229185
0.228438
0.227715
0.227018
0.226352
0.259218
0.257686
0.256203
0.254769
0.253384
0.252047
0.250755
0.249505
0.248297
0.247126
0.24599
0.244887
0.243815
0.242771
0.241754
0.240763
0.239796
0.238853
0.237932
0.237033
0.236156
0.235299
0.234463
0.233648
0.232853
0.232078
0.231324
0.230591
0.229879
0.22919
0.228525
0.227887
0.227281
0.259218
0.257685
0.256202
0.254767
0.253379
0.252036
0.250738
0.249482
0.248267
0.247092
0.245953
0.244849
0.243779
0.242741
0.241733
0.240754
0.239803
0.238878
0.237978
0.237103
0.236251
0.235422
0.234616
0.233832
0.23307
0.232329
0.231609
0.230912
0.230237
0.229586
0.22896
0.228362
0.227795
0.259218
0.257685
0.256201
0.254765
0.253376
0.252033
0.250732
0.249474
0.248256
0.247076
0.245935
0.244829
0.243758
0.242719
0.241713
0.240737
0.23979
0.238871
0.23798
0.237114
0.236274
0.235459
0.234667
0.233899
0.233154
0.232432
0.231732
0.231056
0.230403
0.229774
0.229172
0.228597
0.228054
0.259218
0.257685
0.256201
0.254765
0.253375
0.252031
0.250729
0.24947
0.24825
0.247069
0.245926
0.244818
0.243746
0.242706
0.241699
0.240722
0.239776
0.238859
0.237969
0.237107
0.236271
0.235461
0.234675
0.233914
0.233177
0.232463
0.231774
0.231108
0.230466
0.22985
0.22926
0.228699
0.228168
0.259218
0.257685
0.2562
0.254764
0.253375
0.25203
0.250728
0.249467
0.248247
0.247065
0.245921
0.244812
0.243738
0.242698
0.241689
0.240712
0.239765
0.238847
0.237958
0.237096
0.236261
0.235452
0.234668
0.233909
0.233175
0.232465
0.231779
0.231118
0.230482
0.229871
0.229287
0.228731
0.228206
0.259218
0.257685
0.2562
0.254764
0.253374
0.252029
0.250726
0.249466
0.248245
0.247062
0.245917
0.244808
0.243733
0.242692
0.241682
0.240704
0.239756
0.238838
0.237948
0.237085
0.23625
0.23544
0.234657
0.233898
0.233165
0.232456
0.231772
0.231112
0.230477
0.229868
0.229286
0.228732
0.228207
0.259218
0.257684
0.2562
0.254763
0.253373
0.252028
0.250725
0.249464
0.248243
0.24706
0.245914
0.244804
0.243729
0.242686
0.241676
0.240698
0.239749
0.23883
0.237939
0.237076
0.236239
0.235429
0.234645
0.233886
0.233152
0.232443
0.231759
0.231099
0.230464
0.229855
0.229272
0.228717
0.22819
0.259218
0.257684
0.2562
0.254763
0.253373
0.252027
0.250724
0.249463
0.248241
0.247058
0.245911
0.244801
0.243725
0.242682
0.241671
0.240692
0.239742
0.238822
0.23793
0.237066
0.236229
0.235419
0.234634
0.233874
0.233139
0.232429
0.231744
0.231083
0.230447
0.229837
0.229253
0.228695
0.228166
0.259218
0.257684
0.2562
0.254763
0.253372
0.252026
0.250723
0.249461
0.248239
0.247056
0.245909
0.244798
0.243721
0.242678
0.241666
0.240686
0.239736
0.238815
0.237922
0.237058
0.23622
0.235408
0.234622
0.233861
0.233125
0.232414
0.231728
0.231066
0.230429
0.229817
0.22923
0.22867
0.228136
0.259218
0.257684
0.2562
0.254763
0.253372
0.252026
0.250722
0.24946
0.248238
0.247054
0.245906
0.244795
0.243718
0.242673
0.241661
0.240681
0.23973
0.238808
0.237915
0.237049
0.23621
0.235397
0.23461
0.233848
0.233111
0.232399
0.231711
0.231048
0.230409
0.229794
0.229205
0.228641
0.228103
0.259218
0.257684
0.256199
0.254762
0.253372
0.252025
0.250722
0.249459
0.248236
0.247052
0.245904
0.244792
0.243714
0.24267
0.241657
0.240675
0.239724
0.238801
0.237907
0.23704
0.2362
0.235387
0.234598
0.233835
0.233097
0.232383
0.231694
0.231028
0.230387
0.22977
0.229178
0.22861
0.228068
0.259218
0.257684
0.256199
0.254762
0.253371
0.252025
0.250721
0.249458
0.248235
0.24705
0.245902
0.24479
0.243711
0.242666
0.241653
0.24067
0.239718
0.238795
0.237899
0.237032
0.236191
0.235376
0.234587
0.233822
0.233082
0.232367
0.231676
0.231008
0.230365
0.229745
0.229149
0.228578
0.228031
0.259218
0.257684
0.256199
0.254762
0.253371
0.252024
0.25072
0.249457
0.248234
0.247049
0.2459
0.244787
0.243708
0.242663
0.241649
0.240666
0.239712
0.238788
0.237892
0.237023
0.236181
0.235365
0.234575
0.233809
0.233068
0.232351
0.231657
0.230988
0.230341
0.229719
0.22912
0.228545
0.227993
0.259218
0.257684
0.256199
0.254762
0.253371
0.252024
0.25072
0.249457
0.248233
0.247048
0.245899
0.244785
0.243706
0.242659
0.241645
0.240661
0.239707
0.238782
0.237885
0.237015
0.236172
0.235355
0.234563
0.233796
0.233053
0.232334
0.231638
0.230967
0.230318
0.229692
0.22909
0.228511
0.227955
0.259218
0.257684
0.256199
0.254762
0.253371
0.252024
0.250719
0.249456
0.248232
0.247046
0.245897
0.244783
0.243703
0.242656
0.241641
0.240657
0.239702
0.238776
0.237878
0.237007
0.236163
0.235344
0.234551
0.233782
0.233038
0.232317
0.23162
0.230945
0.230294
0.229666
0.22906
0.228477
0.227916
0.259218
0.257684
0.256199
0.254762
0.253371
0.252024
0.250719
0.249456
0.248231
0.247045
0.245896
0.244781
0.243701
0.242653
0.241638
0.240652
0.239697
0.23877
0.237871
0.236999
0.236154
0.235334
0.23454
0.233769
0.233023
0.2323
0.231601
0.230924
0.23027
0.229639
0.22903
0.228443
0.227878
0.259218
0.257684
0.256199
0.254762
0.253371
0.252023
0.250719
0.249455
0.248231
0.247044
0.245894
0.24478
0.243699
0.242651
0.241634
0.240649
0.239692
0.238765
0.237865
0.236992
0.236145
0.235324
0.234528
0.233756
0.233009
0.232284
0.231582
0.230904
0.230247
0.229613
0.229
0.228409
0.22784
0.259218
0.257684
0.256199
0.254762
0.25337
0.252023
0.250719
0.249455
0.24823
0.247043
0.245893
0.244778
0.243697
0.242648
0.241631
0.240645
0.239688
0.238759
0.237858
0.236985
0.236137
0.235315
0.234517
0.233744
0.232994
0.232268
0.231564
0.230883
0.230224
0.229587
0.228971
0.228377
0.227804
0.259218
0.257684
0.256199
0.254762
0.25337
0.252023
0.250718
0.249454
0.24823
0.247043
0.245892
0.244777
0.243695
0.242646
0.241628
0.240641
0.239684
0.238754
0.237853
0.236978
0.236129
0.235306
0.234507
0.233732
0.232981
0.232253
0.231547
0.230864
0.230202
0.229563
0.228944
0.228346
0.22777
0.259218
0.257684
0.256199
0.254762
0.25337
0.252023
0.250718
0.249454
0.248229
0.247042
0.245891
0.244775
0.243693
0.242644
0.241626
0.240638
0.239679
0.238749
0.237847
0.236971
0.236121
0.235297
0.234497
0.233721
0.232968
0.232238
0.231531
0.230845
0.230182
0.229539
0.228918
0.228317
0.227737
0.259218
0.257684
0.256199
0.254762
0.25337
0.252023
0.250718
0.249454
0.248229
0.247042
0.245891
0.244775
0.243692
0.242642
0.241624
0.240635
0.239676
0.238746
0.237842
0.236966
0.236115
0.235289
0.234488
0.233711
0.232956
0.232225
0.231516
0.230829
0.230163
0.229518
0.228894
0.228291
0.227708
0.259218
0.257684
0.256199
0.254762
0.253371
0.252023
0.250718
0.249454
0.248229
0.247041
0.24589
0.244774
0.243691
0.242641
0.241622
0.240633
0.239673
0.238742
0.237838
0.236961
0.236109
0.235282
0.23448
0.233701
0.232946
0.232213
0.231503
0.230814
0.230146
0.229499
0.228873
0.228267
0.227681
0.259218
0.257684
0.256199
0.254762
0.253371
0.252024
0.25072
0.249456
0.248231
0.247043
0.245892
0.244776
0.243693
0.242642
0.241623
0.240634
0.239674
0.238742
0.237837
0.236959
0.236107
0.235279
0.234476
0.233696
0.23294
0.232206
0.231494
0.230803
0.230134
0.229485
0.228857
0.228248
0.22766
0.259218
0.257685
0.256201
0.254764
0.253374
0.252027
0.250722
0.249458
0.248233
0.247046
0.245895
0.244778
0.243695
0.242645
0.241625
0.240636
0.239675
0.238743
0.237838
0.23696
0.236106
0.235278
0.234474
0.233693
0.232935
0.2322
0.231486
0.230793
0.230122
0.229471
0.22884
0.228229
0.227637
0.259218
0.257685
0.256201
0.254766
0.253378
0.252033
0.250731
0.249469
0.248245
0.247059
0.245908
0.244792
0.243709
0.242659
0.241639
0.240649
0.239688
0.238754
0.237848
0.236968
0.236113
0.235282
0.234476
0.233692
0.232931
0.232192
0.231475
0.230778
0.230102
0.229446
0.228809
0.228192
0.227594
0.259219
0.25769
0.256211
0.254779
0.253392
0.252049
0.250747
0.249485
0.248262
0.247076
0.245926
0.244809
0.243726
0.242674
0.241652
0.24066
0.239696
0.238759
0.237848
0.236962
0.236101
0.235264
0.23445
0.233658
0.232888
0.232139
0.23141
0.230702
0.230014
0.229344
0.228694
0.228062
0.227448
0.25922
0.257694
0.25622
0.254799
0.253423
0.25209
0.250796
0.249539
0.248318
0.247131
0.245977
0.244855
0.243763
0.242701
0.241667
0.24066
0.23968
0.238725
0.237795
0.236889
0.236006
0.235145
0.234306
0.233489
0.232691
0.231914
0.231157
0.230419
0.229699
0.228998
0.228315
0.227649
0.227
0.259229
0.25774
0.256296
0.254886
0.253514
0.252178
0.250876
0.249608
0.248371
0.247163
0.245983
0.244831
0.243706
0.242607
0.241533
0.240484
0.239459
0.238458
0.23748
0.236525
0.235591
0.23468
0.233789
0.23292
0.23207
0.23124
0.23043
0.229638
0.228865
0.22811
0.227373
0.226653
0.225951
0.259264
0.257821
0.256451
0.255121
0.253798
0.252473
0.25115
0.249836
0.248537
0.247261
0.246009
0.244786
0.243593
0.242429
0.241296
0.240192
0.239116
0.23807
0.23705
0.236058
0.235091
0.234151
0.233235
0.232343
0.231476
0.230632
0.229811
0.229012
0.228237
0.227483
0.226752
0.226043
0.225355
0.2596
0.258635
0.257581
0.256546
0.255595
0.254726
0.253926
0.253183
0.252493
0.251856
0.251269
0.250736
0.250256
0.24983
0.249459
0.249143
0.248882
0.248675
0.248523
0.248425
0.248382
0.248392
0.248457
0.248574
0.248745
0.248969
0.249246
0.249576
0.249958
0.250393
0.250879
0.251417
0.252004
0.266719
0.28057
0.294242
0.307623
0.320669
0.333362
0.34569
0.357642
0.369209
0.380387
0.391171
0.40156
0.411553
0.421153
0.430363
0.439188
0.447634
0.455707
0.463415
0.470766
0.477768
0.484432
0.490764
0.496776
0.502475
0.507873
0.512977
0.517798
0.522343
0.526624
0.530647
0.534421
0.53796
0.856013
1.05808
1.34647
1.70417
2.05197
2.30709
2.44852
2.50769
2.52655
2.53209
2.5337
2.52955
2.51053
2.46602
2.38478
2.25509
2.06543
1.80778
1.48468
1.11996
0.766607
0.494826
0.352912
0.326249
0.355106
0.398677
0.443507
0.48485
0.520324
0.548642
0.569432
0.583224
0.591212
0.594887
0.595682
0.594715
0.592693
0.589996
0.586855
0.583517
0.580282
0.577396
0.57488
0.572391
0.569203
0.564328
0.556702
0.545394
0.529785
0.509676
0.48534
0.457502
0.427268
0.395991
0.365094
0.335884
0.309382
0.286224
0.266633
0.250489
0.237431
0.226986
0.218665
0.212029
0.206722
0.202466
0.199052
0.196318
0.194138
0.19241
0.191048
0.189984
0.189159
0.188524
0.188042
0.187678
0.187409
0.187211
0.187069
0.18697
0.186902
0.186857
0.18683
0.186814
0.186806
0.186804
0.186805
0.186808
0.186812
0.186815
0.186818
0.18682
0.18682
0.18682
0.186818
0.186815
0.186811
0.186804
0.186808
0.186749
0.341373
0.359065
0.400988
0.487032
0.637258
0.852032
1.10667
1.36315
1.58643
1.7558
1.86343
1.90275
1.87994
1.80266
1.67513
1.49909
1.27839
1.02515
0.764751
0.535359
0.376675
0.305846
0.301912
0.328113
0.363544
0.401212
0.437979
0.471725
0.500802
0.524096
0.541242
0.552628
0.559205
0.562197
0.562803
0.561964
0.56026
0.557965
0.555218
0.552196
0.549176
0.546458
0.544183
0.542161
0.539814
0.536243
0.530411
0.521351
0.508357
0.491109
0.469741
0.444836
0.417366
0.388568
0.359784
0.332281
0.307086
0.284872
0.26593
0.250211
0.237422
0.227145
0.218928
0.212358
0.207092
0.20286
0.199454
0.196716
0.194522
0.192772
0.191384
0.19029
0.189434
0.188769
0.188257
0.187866
0.18757
0.187349
0.187186
0.187067
0.186981
0.186921
0.18688
0.186852
0.186834
0.186822
0.186815
0.186811
0.186808
0.186806
0.186804
0.186802
0.186799
0.186795
0.186791
0.186785
0.186779
0.18677
0.186772
0.186712
0.205353
0.205497
0.206698
0.210483
0.221775
0.248054
0.295645
0.365768
0.452485
0.542681
0.622545
0.685679
0.71974
0.715889
0.672333
0.595112
0.497713
0.399514
0.321484
0.278411
0.270583
0.285006
0.308977
0.337218
0.367774
0.398968
0.429182
0.456888
0.480759
0.499904
0.514028
0.523433
0.528875
0.531353
0.53187
0.531219
0.529877
0.528032
0.525736
0.523087
0.520317
0.517749
0.515624
0.513907
0.512179
0.509664
0.50538
0.498347
0.487782
0.473249
0.454741
0.43269
0.407924
0.381555
0.35484
0.328999
0.305061
0.283742
0.265399
0.25006
0.237501
0.22736
0.219225
0.212705
0.20747
0.203254
0.199852
0.197109
0.1949
0.193128
0.191714
0.19059
0.189703
0.189007
0.188464
0.188043
0.18772
0.187474
0.187287
0.187147
0.187042
0.186965
0.186908
0.186867
0.186837
0.186815
0.186799
0.186786
0.186776
0.186768
0.18676
0.186753
0.186746
0.186739
0.186731
0.186723
0.186714
0.186704
0.186704
0.186641
0.202326
0.200832
0.199213
0.197194
0.194797
0.192963
0.193547
0.197824
0.206108
0.21772
0.230979
0.242679
0.250763
0.253783
0.25166
0.246346
0.241542
0.241165
0.247315
0.259413
0.275642
0.295042
0.317273
0.341691
0.367363
0.393243
0.418169
0.44095
0.460555
0.476298
0.487953
0.495757
0.500312
0.502429
0.502943
0.502526
0.501573
0.500204
0.498397
0.496169
0.493693
0.491286
0.489261
0.487721
0.486412
0.484701
0.48169
0.476412
0.468029
0.456001
0.440183
0.420857
0.398702
0.374702
0.350014
0.325809
0.30311
0.282669
0.26491
0.249934
0.23759
0.227572
0.219508
0.213031
0.207823
0.203622
0.200226
0.197479
0.195258
0.193468
0.19203
0.190879
0.189963
0.189237
0.188664
0.188214
0.187864
0.187591
0.187381
0.187219
0.187094
0.186999
0.186926
0.18687
0.186828
0.186794
0.186768
0.186746
0.186729
0.186713
0.1867
0.186688
0.186676
0.186664
0.186653
0.186642
0.186631
0.186618
0.186616
0.186551
0.210772
0.209296
0.207936
0.206685
0.205439
0.204135
0.203011
0.202585
0.203316
0.205725
0.209043
0.21262
0.216321
0.220245
0.224685
0.230086
0.236924
0.24557
0.256286
0.269251
0.284516
0.301949
0.32123
0.341911
0.363396
0.3849
0.405503
0.424275
0.440422
0.453422
0.463105
0.469655
0.473547
0.475437
0.476021
0.475871
0.475317
0.474431
0.473133
0.471363
0.469225
0.467007
0.465065
0.463615
0.462561
0.461425
0.459417
0.455609
0.449134
0.439366
0.426033
0.409271
0.389609
0.367898
0.345192
0.3226
0.301132
0.281569
0.264393
0.249779
0.237647
0.227748
0.219751
0.213314
0.20813
0.203945
0.200557
0.19781
0.195582
0.193779
0.192322
0.191148
0.190206
0.189453
0.188853
0.188376
0.188
0.187702
0.187468
0.187285
0.187141
0.187027
0.186938
0.186868
0.186812
0.186767
0.18673
0.186699
0.186673
0.186651
0.186631
0.186613
0.186597
0.186581
0.186566
0.186552
0.186538
0.186523
0.186519
0.186451
0.217106
0.215857
0.214724
0.213774
0.21305
0.212575
0.212383
0.212558
0.213245
0.214645
0.216745
0.219491
0.222887
0.227016
0.232018
0.238067
0.245349
0.254034
0.264267
0.276142
0.28967
0.304756
0.321201
0.338676
0.35669
0.374603
0.391689
0.407224
0.420602
0.431427
0.439568
0.445165
0.448589
0.450368
0.451081
0.451217
0.45106
0.450649
0.44986
0.448569
0.446807
0.444818
0.442966
0.441558
0.440636
0.439878
0.43862
0.435999
0.431146
0.423369
0.412288
0.3979
0.38059
0.361073
0.340293
0.319291
0.299052
0.280375
0.263795
0.249554
0.23764
0.227863
0.219933
0.213536
0.208377
0.204209
0.200831
0.198088
0.195859
0.194047
0.192577
0.191386
0.190424
0.189649
0.189025
0.188525
0.188125
0.187805
0.187549
0.187345
0.187182
0.187052
0.186947
0.186863
0.186794
0.186737
0.18669
0.18665
0.186616
0.186587
0.186561
0.186537
0.186516
0.186496
0.186477
0.18646
0.186443
0.186425
0.18642
0.186349
0.221273
0.220231
0.219316
0.218614
0.218183
0.21806
0.218278
0.218876
0.219908
0.221445
0.223541
0.226243
0.229605
0.233696
0.238603
0.244432
0.2513
0.259317
0.26857
0.279107
0.290927
0.303956
0.31802
0.332832
0.347984
0.362967
0.377209
0.390155
0.401341
0.410466
0.417424
0.422317
0.425431
0.427188
0.428071
0.428503
0.42873
0.428773
0.428479
0.427673
0.426317
0.424594
0.42286
0.421476
0.420603
0.420066
0.419335
0.417634
0.414117
0.408053
0.398972
0.386748
0.371627
0.354191
0.335272
0.315831
0.296819
0.279043
0.263078
0.249228
0.237546
0.227899
0.220041
0.213685
0.208553
0.204403
0.201039
0.198304
0.196077
0.194264
0.192786
0.191584
0.190607
0.189815
0.189173
0.188653
0.188233
0.187894
0.18762
0.187398
0.187218
0.187072
0.186953
0.186855
0.186774
0.186707
0.18665
0.186602
0.18656
0.186524
0.186492
0.186463
0.186437
0.186413
0.186391
0.18637
0.186351
0.18633
0.186323
0.18625
0.22395
0.223064
0.222296
0.221721
0.221405
0.221403
0.221756
0.2225
0.223672
0.225316
0.227473
0.230182
0.233488
0.237448
0.242127
0.2476
0.253946
0.261238
0.269532
0.278858
0.289201
0.300482
0.312543
0.325143
0.337948
0.350553
0.362514
0.373406
0.382873
0.390682
0.396745
0.401129
0.404052
0.40585
0.406926
0.407648
0.408237
0.408704
0.40888
0.408551
0.407615
0.406194
0.404612
0.403258
0.402387
0.401954
0.401565
0.400545
0.398094
0.393467
0.386125
0.37584
0.36273
0.347248
0.33011
0.312193
0.294402
0.277542
0.262215
0.24878
0.23735
0.227846
0.220067
0.213756
0.208652
0.204523
0.201174
0.19845
0.196231
0.19442
0.192941
0.191733
0.190748
0.189944
0.189288
0.188754
0.188319
0.187964
0.187675
0.187438
0.187244
0.187085
0.186953
0.186844
0.186752
0.186676
0.18661
0.186554
0.186506
0.186463
0.186426
0.186392
0.186362
0.186334
0.186309
0.186285
0.186263
0.186241
0.186232
0.186156
0.225621
0.22485
0.224186
0.223695
0.22344
0.223475
0.223846
0.22459
0.225742
0.227335
0.229403
0.231983
0.235112
0.238834
0.243197
0.248252
0.254051
0.260642
0.268058
0.276309
0.285366
0.295152
0.30553
0.316296
0.32718
0.337864
0.348004
0.357274
0.3654
0.372195
0.377582
0.381602
0.384415
0.38629
0.387565
0.38856
0.38948
0.390332
0.390944
0.391071
0.390558
0.389463
0.388068
0.386767
0.38588
0.385475
0.385284
0.384741
0.38311
0.379656
0.373798
0.365221
0.353932
0.34026
0.324811
0.308372
0.291791
0.275858
0.261193
0.248199
0.237042
0.227698
0.220008
0.213747
0.208674
0.204567
0.201235
0.198525
0.196315
0.194511
0.193035
0.191827
0.190839
0.190029
0.189365
0.188821
0.188376
0.188009
0.187708
0.18746
0.187255
0.187085
0.186944
0.186825
0.186725
0.18664
0.186567
0.186505
0.18645
0.186403
0.18636
0.186323
0.186289
0.186258
0.18623
0.186203
0.18618
0.186155
0.186144
0.186067
0.22662
0.225926
0.225328
0.22488
0.224637
0.224652
0.224971
0.225634
0.226677
0.228131
0.230027
0.232394
0.235264
0.238671
0.242651
0.247241
0.252475
0.258382
0.264977
0.272255
0.280181
0.288682
0.297638
0.306879
0.316192
0.325326
0.334015
0.342004
0.34908
0.35509
0.359962
0.363716
0.366468
0.368433
0.369895
0.371138
0.372351
0.373545
0.37455
0.375102
0.375003
0.374248
0.373069
0.37185
0.370951
0.370529
0.370432
0.370202
0.36918
0.36666
0.36204
0.354942
0.345276
0.333265
0.319401
0.304381
0.28899
0.273989
0.260008
0.24748
0.236621
0.227454
0.219866
0.213662
0.208624
0.204539
0.201225
0.198529
0.196332
0.194537
0.193068
0.191864
0.190876
0.190065
0.189398
0.188849
0.188397
0.188024
0.187715
0.187459
0.187246
0.187068
0.186919
0.186793
0.186687
0.186596
0.186517
0.18645
0.186391
0.186339
0.186293
0.186252
0.186215
0.186181
0.186151
0.186123
0.186097
0.186071
0.186059
0.18598
0.227179
0.226534
0.225974
0.225543
0.225288
0.225257
0.225494
0.226038
0.226926
0.228188
0.229855
0.231954
0.234512
0.237558
0.241118
0.245219
0.249882
0.255124
0.260949
0.267342
0.274267
0.281655
0.289405
0.297377
0.305402
0.31328
0.320805
0.327775
0.334019
0.339409
0.343878
0.347428
0.350141
0.352191
0.353816
0.355273
0.356738
0.358228
0.359579
0.36052
0.360814
0.360401
0.359461
0.358351
0.357454
0.356997
0.356926
0.356884
0.356297
0.3545
0.350893
0.345054
0.336818
0.326308
0.313916
0.300246
0.286014
0.271944
0.258663
0.246626
0.236088
0.227119
0.219645
0.213507
0.208506
0.204446
0.20115
0.19847
0.196286
0.194501
0.193041
0.191843
0.19086
0.190051
0.189385
0.188835
0.18838
0.188004
0.187691
0.18743
0.187213
0.18703
0.186876
0.186745
0.186634
0.186538
0.186456
0.186385
0.186322
0.186267
0.186219
0.186175
0.186136
0.186101
0.186068
0.186039
0.186012
0.185984
0.185972
0.185891
0.227465
0.226847
0.226304
0.225872
0.22559
0.225499
0.22564
0.226051
0.226766
0.227817
0.229233
0.231041
0.233265
0.23593
0.239056
0.242663
0.246767
0.251373
0.25648
0.26207
0.268106
0.274529
0.281252
0.288163
0.295122
0.301974
0.308552
0.314697
0.320267
0.325153
0.329291
0.33267
0.335349
0.337465
0.339224
0.340855
0.342528
0.344266
0.345917
0.347204
0.347864
0.347786
0.347095
0.346119
0.345245
0.344751
0.344664
0.344722
0.344431
0.343182
0.340388
0.335604
0.328608
0.319441
0.308401
0.296002
0.282888
0.26974
0.257168
0.245642
0.235448
0.226696
0.219353
0.213289
0.208331
0.204298
0.20102
0.198355
0.196184
0.194411
0.19296
0.191771
0.190794
0.18999
0.189327
0.188779
0.188325
0.187948
0.187634
0.187372
0.187152
0.186967
0.18681
0.186677
0.186563
0.186465
0.18638
0.186306
0.186242
0.186185
0.186134
0.186089
0.186049
0.186012
0.185979
0.185948
0.18592
0.185892
0.185878
0.185797
0.227592
0.226986
0.226446
0.226001
0.225683
0.225529
0.225574
0.225851
0.226395
0.227235
0.228401
0.229916
0.231806
0.234091
0.23679
0.239918
0.243486
0.247495
0.251942
0.256807
0.262056
0.267639
0.273483
0.279495
0.285563
0.291562
0.297356
0.302816
0.307823
0.312283
0.316133
0.319356
0.321992
0.324149
0.326008
0.327774
0.329612
0.331552
0.333454
0.335045
0.336038
0.336279
0.335842
0.335016
0.334185
0.333661
0.333538
0.333636
0.333538
0.332692
0.33054
0.326629
0.320696
0.312716
0.302904
0.291689
0.279644
0.267397
0.255538
0.244538
0.234709
0.226194
0.218995
0.213016
0.208108
0.204104
0.200846
0.198195
0.196036
0.194274
0.192833
0.191652
0.190683
0.189885
0.189228
0.188684
0.188233
0.187858
0.187545
0.187284
0.187064
0.186878
0.186721
0.186587
0.186472
0.186373
0.186287
0.186212
0.186147
0.186089
0.186037
0.185991
0.18595
0.185913
0.185879
0.185847
0.185819
0.18579
0.185777
0.185695
0.227635
0.22703
0.226483
0.226019
0.225663
0.225446
0.225398
0.225551
0.225935
0.226577
0.227506
0.228745
0.230317
0.232242
0.234536
0.237213
0.24028
0.243739
0.247585
0.251799
0.256353
0.261202
0.266287
0.27153
0.276841
0.282116
0.287246
0.292122
0.296643
0.300728
0.304317
0.307386
0.309962
0.312134
0.314057
0.31592
0.317881
0.31998
0.32209
0.323941
0.325233
0.325773
0.325586
0.32492
0.324149
0.323605
0.323438
0.323538
0.323557
0.323003
0.321351
0.318153
0.313122
0.306179
0.297471
0.287349
0.276314
0.264942
0.253791
0.243328
0.23388
0.225619
0.21858
0.212697
0.207845
0.203874
0.200637
0.198001
0.195853
0.194101
0.19267
0.191498
0.190537
0.189746
0.189094
0.188556
0.188109
0.187738
0.187428
0.187169
0.186951
0.186766
0.18661
0.186476
0.186362
0.186263
0.186177
0.186103
0.186037
0.185979
0.185927
0.185881
0.18584
0.185802
0.185768
0.185736
0.185708
0.185679
0.185665
0.185583
0.227635
0.227025
0.226467
0.22598
0.225586
0.22531
0.225178
0.225218
0.225457
0.225921
0.226634
0.227621
0.228901
0.230495
0.232417
0.23468
0.237291
0.240251
0.243556
0.24719
0.251128
0.255334
0.259757
0.264335
0.268992
0.273642
0.278196
0.282561
0.286653
0.290397
0.293739
0.296651
0.29915
0.301309
0.303263
0.305188
0.307235
0.309453
0.311728
0.3138
0.315356
0.316171
0.316224
0.315723
0.315024
0.314473
0.314261
0.314339
0.314423
0.314076
0.312808
0.310188
0.305914
0.29987
0.292146
0.283023
0.272935
0.262401
0.251946
0.242024
0.23297
0.22498
0.218116
0.21234
0.207551
0.203617
0.200403
0.197782
0.195646
0.193904
0.192481
0.191318
0.190364
0.18958
0.188935
0.188402
0.187961
0.187594
0.187288
0.187032
0.186817
0.186635
0.186481
0.186349
0.186236
0.186138
0.186053
0.185979
0.185914
0.185857
0.185805
0.18576
0.185718
0.185681
0.185647
0.185615
0.185587
0.185558
0.185545
0.185463
0.227615
0.226997
0.226425
0.225915
0.225484
0.225154
0.224947
0.224887
0.224998
0.225303
0.225826
0.226587
0.227608
0.228904
0.230492
0.232383
0.234584
0.237098
0.23992
0.243039
0.246433
0.250073
0.253917
0.257912
0.261997
0.2661
0.270145
0.274056
0.277758
0.281187
0.28429
0.28704
0.289445
0.291565
0.293522
0.295477
0.297577
0.299879
0.302283
0.304538
0.306324
0.307389
0.307669
0.307333
0.306714
0.306165
0.305912
0.305955
0.306068
0.305862
0.304889
0.302733
0.299091
0.293822
0.286967
0.278749
0.26954
0.259803
0.250025
0.240642
0.231991
0.224284
0.217607
0.21195
0.207233
0.203342
0.200153
0.197549
0.195425
0.193692
0.192277
0.191121
0.190174
0.189397
0.188758
0.188231
0.187796
0.187434
0.187133
0.186881
0.186669
0.18649
0.186338
0.186209
0.186098
0.186002
0.185919
0.185846
0.185782
0.185725
0.185675
0.18563
0.185589
0.185552
0.185518
0.185487
0.185459
0.185431
0.185417
0.185336
0.227585
0.226958
0.226371
0.225838
0.225373
0.224994
0.224721
0.224574
0.224573
0.22474
0.225096
0.22566
0.226451
0.227485
0.228777
0.230339
0.232177
0.234294
0.236689
0.239352
0.242266
0.245407
0.24874
0.252223
0.255802
0.25942
0.263012
0.266512
0.269857
0.272989
0.275861
0.278444
0.280741
0.282802
0.284736
0.286693
0.288818
0.291173
0.293674
0.296078
0.298063
0.299353
0.299845
0.29967
0.299136
0.298598
0.298307
0.298308
0.298424
0.298314
0.297564
0.29578
0.292664
0.288057
0.281965
0.274562
0.266161
0.257175
0.248048
0.239197
0.230953
0.223538
0.217062
0.211533
0.206896
0.203054
0.199894
0.197308
0.195196
0.193473
0.192066
0.190916
0.189976
0.189205
0.188573
0.188051
0.187621
0.187264
0.186968
0.18672
0.186512
0.186337
0.186188
0.186062
0.185953
0.185859
0.185778
0.185707
0.185644
0.185589
0.185539
0.185495
0.185455
0.185419
0.185386
0.185356
0.185328
0.1853
0.185286
0.185205
0.227549
0.226912
0.226311
0.225756
0.22526
0.224838
0.224506
0.224283
0.224185
0.224233
0.224443
0.224836
0.225427
0.226232
0.227265
0.228537
0.230055
0.231824
0.233842
0.236103
0.238594
0.241294
0.244176
0.247204
0.250335
0.25352
0.256704
0.259832
0.262848
0.265701
0.268348
0.270761
0.272938
0.274923
0.276814
0.278751
0.280877
0.28326
0.285827
0.288351
0.290506
0.291997
0.292687
0.292666
0.292219
0.291697
0.291373
0.291329
0.291432
0.291382
0.290799
0.289312
0.286632
0.282589
0.277165
0.270489
0.262827
0.254542
0.246038
0.237704
0.229867
0.222752
0.216484
0.211095
0.206546
0.202757
0.199631
0.197065
0.194967
0.193253
0.191854
0.190711
0.189777
0.189012
0.188385
0.187869
0.187444
0.187092
0.186801
0.186557
0.186353
0.186181
0.186036
0.185912
0.185806
0.185715
0.185636
0.185567
0.185506
0.185452
0.185404
0.18536
0.185321
0.185286
0.185254
0.185224
0.185197
0.185169
0.185156
0.185075
0.22751
0.226863
0.226247
0.225672
0.225148
0.224687
0.224304
0.224014
0.223833
0.223777
0.223863
0.224107
0.224524
0.22513
0.225937
0.226956
0.228194
0.229657
0.231344
0.233251
0.235369
0.23768
0.240164
0.242789
0.24552
0.248317
0.251133
0.253921
0.256633
0.259224
0.261654
0.263895
0.265946
0.267842
0.269673
0.271573
0.273679
0.276067
0.278678
0.281294
0.283593
0.285263
0.286134
0.286262
0.285902
0.285401
0.285047
0.284956
0.285033
0.285017
0.284559
0.28331
0.28099
0.277428
0.272583
0.266555
0.259564
0.251928
0.244013
0.23618
0.228744
0.221932
0.21588
0.210637
0.206184
0.202456
0.199367
0.196825
0.194741
0.193038
0.191646
0.19051
0.189582
0.188823
0.188201
0.18769
0.18727
0.186923
0.186636
0.186397
0.186197
0.186029
0.185887
0.185766
0.185663
0.185574
0.185497
0.185429
0.18537
0.185318
0.185271
0.185229
0.185191
0.185156
0.185125
0.185095
0.185069
0.185042
0.185029
0.184949
0.227468
0.226811
0.226182
0.225587
0.225037
0.224543
0.224115
0.223767
0.223513
0.223368
0.223345
0.223461
0.223728
0.224161
0.224772
0.22557
0.226564
0.227758
0.229155
0.230752
0.232541
0.234509
0.236639
0.238907
0.241282
0.243731
0.246215
0.248693
0.251124
0.253468
0.255689
0.257761
0.259681
0.261479
0.263238
0.265086
0.267158
0.269533
0.272166
0.274852
0.277271
0.279098
0.280136
0.280404
0.280131
0.279654
0.279275
0.279136
0.279179
0.279178
0.278811
0.277751
0.275729
0.272574
0.268233
0.262777
0.256392
0.249354
0.241992
0.234639
0.227595
0.221085
0.215254
0.210165
0.205814
0.202152
0.199104
0.196588
0.194522
0.19283
0.191447
0.190317
0.189395
0.188641
0.188024
0.187519
0.187103
0.186761
0.186478
0.186243
0.186047
0.185882
0.185743
0.185626
0.185525
0.185439
0.185364
0.185298
0.185241
0.18519
0.185145
0.185104
0.185067
0.185033
0.185002
0.184974
0.184947
0.184921
0.184908
0.184829
0.227425
0.226758
0.226115
0.225503
0.22493
0.224405
0.223937
0.223539
0.223222
0.222999
0.222883
0.222888
0.223025
0.223308
0.223748
0.224355
0.225135
0.226096
0.227238
0.228562
0.230061
0.231727
0.233544
0.235494
0.237552
0.239688
0.241872
0.244068
0.246241
0.248354
0.250376
0.252282
0.254068
0.255763
0.257442
0.259227
0.261251
0.263599
0.266237
0.268972
0.27149
0.273456
0.274646
0.275047
0.27486
0.274411
0.274009
0.273822
0.273827
0.273824
0.273522
0.272611
0.270836
0.268026
0.264121
0.259171
0.253331
0.24684
0.239993
0.233096
0.226431
0.220221
0.214613
0.209682
0.205438
0.201846
0.198844
0.196357
0.19431
0.19263
0.191256
0.190134
0.189218
0.188469
0.187857
0.187356
0.186946
0.186608
0.186329
0.186098
0.185905
0.185744
0.185609
0.185494
0.185396
0.185312
0.185239
0.185176
0.18512
0.18507
0.185026
0.184987
0.184951
0.184918
0.184888
0.18486
0.184834
0.184808
0.184796
0.184717
0.22738
0.226704
0.226049
0.225421
0.224826
0.224274
0.223771
0.223329
0.222957
0.222667
0.22247
0.222378
0.222403
0.222557
0.222848
0.223288
0.223882
0.224638
0.225558
0.226642
0.227887
0.229286
0.230827
0.232494
0.234268
0.236125
0.238038
0.239977
0.241911
0.243809
0.245642
0.247388
0.249042
0.25063
0.252223
0.253936
0.255903
0.258213
0.26084
0.263608
0.266206
0.268293
0.269622
0.270148
0.270046
0.269628
0.269207
0.268976
0.268937
0.268922
0.268663
0.26787
0.266298
0.263781
0.260253
0.255748
0.250395
0.244402
0.238032
0.231565
0.225265
0.219346
0.21396
0.20919
0.205058
0.201541
0.198588
0.196133
0.194106
0.192441
0.191077
0.189962
0.189051
0.188308
0.187701
0.187205
0.186798
0.186465
0.18619
0.185962
0.185774
0.185616
0.185483
0.185371
0.185276
0.185194
0.185124
0.185062
0.185008
0.18496
0.184917
0.184879
0.184844
0.184812
0.184782
0.184755
0.18473
0.184704
0.184693
0.184614
0.227335
0.22665
0.225983
0.22534
0.224727
0.224149
0.223616
0.223135
0.222715
0.222366
0.222099
0.221924
0.221852
0.221892
0.222055
0.222349
0.222782
0.223359
0.224084
0.224958
0.22598
0.227143
0.228439
0.229855
0.231377
0.232983
0.234651
0.236357
0.238072
0.239771
0.241426
0.243018
0.244542
0.246022
0.247525
0.249163
0.251065
0.253326
0.255931
0.258716
0.261377
0.263569
0.265024
0.26567
0.265652
0.265268
0.264834
0.26456
0.264476
0.26444
0.264208
0.263507
0.262102
0.259834
0.256631
0.252517
0.247598
0.242057
0.236126
0.23006
0.224106
0.21847
0.213303
0.208694
0.204677
0.201238
0.198337
0.195915
0.193911
0.19226
0.190907
0.1898
0.188896
0.188158
0.187556
0.187064
0.186662
0.186332
0.186061
0.185838
0.185652
0.185498
0.185368
0.185259
0.185166
0.185087
0.185018
0.184958
0.184906
0.184859
0.184818
0.18478
0.184746
0.184715
0.184686
0.18466
0.184635
0.18461
0.184599
0.18452
0.22729
0.226597
0.225919
0.225262
0.224631
0.224032
0.223471
0.222955
0.222494
0.222094
0.221766
0.221519
0.221362
0.221305
0.221356
0.221524
0.221815
0.222237
0.222791
0.223481
0.224305
0.22526
0.22634
0.227534
0.22883
0.230212
0.23166
0.233153
0.234669
0.236183
0.237672
0.239118
0.240515
0.241888
0.2433
0.244857
0.24669
0.248895
0.251467
0.254255
0.256964
0.259246
0.260817
0.261576
0.261643
0.261297
0.260856
0.260544
0.260415
0.260353
0.260135
0.259504
0.258237
0.256179
0.253259
0.249487
0.244954
0.239819
0.234289
0.228597
0.222969
0.217603
0.212649
0.2082
0.204297
0.200938
0.19809
0.195705
0.193724
0.19209
0.190747
0.189648
0.188751
0.188019
0.187421
0.186934
0.186536
0.18621
0.185943
0.185723
0.18554
0.185389
0.185262
0.185156
0.185065
0.184988
0.184921
0.184863
0.184812
0.184767
0.184727
0.18469
0.184657
0.184627
0.184599
0.184573
0.184549
0.184524
0.184513
0.184435
0.227246
0.226544
0.225857
0.225187
0.22454
0.223921
0.223336
0.22279
0.222292
0.221848
0.221467
0.221157
0.220926
0.220784
0.220738
0.220796
0.220965
0.22125
0.221656
0.222184
0.222835
0.223607
0.224496
0.225493
0.226588
0.227768
0.229018
0.230319
0.231652
0.232996
0.234329
0.235636
0.236913
0.23818
0.2395
0.240975
0.242734
0.244876
0.247406
0.250184
0.252928
0.255286
0.256962
0.25783
0.257982
0.257681
0.257241
0.256898
0.256726
0.256636
0.256424
0.255847
0.254695
0.252816
0.250138
0.246666
0.242476
0.237706
0.23254
0.227189
0.221865
0.216755
0.212005
0.207712
0.203922
0.200643
0.19785
0.195502
0.193545
0.191928
0.190597
0.189507
0.188616
0.187889
0.187296
0.186813
0.186419
0.186097
0.185833
0.185616
0.185437
0.185289
0.185165
0.185061
0.184973
0.184897
0.184832
0.184776
0.184727
0.184683
0.184644
0.184608
0.184576
0.184546
0.184519
0.184494
0.18447
0.184446
0.184435
0.184357
0.227203
0.226494
0.225797
0.225116
0.224454
0.223818
0.22321
0.222638
0.222108
0.221625
0.221198
0.220833
0.220539
0.220323
0.220193
0.220156
0.220217
0.220383
0.220658
0.221045
0.221544
0.222155
0.222874
0.223696
0.224613
0.225613
0.226685
0.227812
0.228978
0.230165
0.231354
0.23253
0.23369
0.234854
0.236082
0.237473
0.239154
0.241226
0.243705
0.246463
0.249227
0.251648
0.25342
0.254394
0.254636
0.254387
0.253958
0.253593
0.253386
0.253268
0.253056
0.252523
0.251467
0.249741
0.247275
0.244067
0.240179
0.235734
0.230896
0.225856
0.220812
0.215939
0.211382
0.207237
0.203557
0.200356
0.197618
0.195306
0.193375
0.191774
0.190455
0.189373
0.188489
0.187767
0.187179
0.1867
0.18631
0.185992
0.185731
0.185518
0.185342
0.185196
0.185075
0.184973
0.184887
0.184813
0.18475
0.184695
0.184647
0.184605
0.184567
0.184532
0.184501
0.184472
0.184445
0.18442
0.184397
0.184373
0.184363
0.184286
0.227162
0.226445
0.225739
0.225048
0.224374
0.223721
0.223095
0.222499
0.22194
0.221424
0.220956
0.220545
0.220195
0.219915
0.219712
0.219591
0.219559
0.219622
0.219783
0.220045
0.220411
0.22088
0.221449
0.222116
0.222874
0.223713
0.224624
0.225594
0.226608
0.227649
0.228703
0.229755
0.230803
0.231866
0.233001
0.234305
0.235903
0.2379
0.240318
0.243043
0.245815
0.248289
0.25015
0.251228
0.251564
0.25138
0.250974
0.250599
0.250365
0.250225
0.250014
0.249519
0.248546
0.246956
0.244676
0.2417
0.23808
0.233922
0.229376
0.224617
0.219825
0.215169
0.210789
0.206783
0.203207
0.200081
0.197394
0.195118
0.193211
0.191626
0.190319
0.189245
0.188367
0.187651
0.187067
0.186592
0.186206
0.185891
0.185634
0.185423
0.18525
0.185107
0.184988
0.184888
0.184804
0.184733
0.184672
0.184618
0.184571
0.18453
0.184493
0.184459
0.184429
0.184401
0.184375
0.18435
0.184328
0.184304
0.184294
0.184217
0.227122
0.226399
0.225686
0.224985
0.224299
0.223633
0.222989
0.222373
0.221789
0.221243
0.220741
0.220288
0.21989
0.219555
0.219287
0.219094
0.218981
0.218953
0.219015
0.219168
0.219416
0.21976
0.220197
0.220726
0.221341
0.222036
0.222802
0.223628
0.224501
0.225408
0.226334
0.227267
0.228205
0.229168
0.230208
0.231422
0.232931
0.234844
0.23719
0.23987
0.242637
0.245154
0.247099
0.248283
0.248723
0.248615
0.24825
0.247881
0.247634
0.247481
0.247274
0.246817
0.245923
0.244456
0.242344
0.239573
0.23619
0.232288
0.228
0.223487
0.21892
0.214458
0.210237
0.206356
0.202874
0.199817
0.197178
0.194935
0.19305
0.19148
0.190183
0.189117
0.188245
0.187534
0.186955
0.186484
0.186101
0.185789
0.185535
0.185327
0.185157
0.185016
0.1849
0.184802
0.18472
0.184651
0.184591
0.184539
0.184493
0.184453
0.184417
0.184384
0.184355
0.184327
0.184302
0.184278
0.184256
0.184232
0.184223
0.184146
0.227085
0.226356
0.225636
0.224926
0.22423
0.223551
0.222893
0.222259
0.221654
0.221082
0.220549
0.22006
0.219621
0.219237
0.218914
0.218658
0.218474
0.218367
0.218341
0.218398
0.218543
0.218775
0.219094
0.219499
0.219985
0.220549
0.221181
0.221874
0.222617
0.223396
0.224199
0.225016
0.225844
0.226703
0.227645
0.228761
0.230173
0.231991
0.234254
0.236877
0.239628
0.242179
0.244206
0.245502
0.246057
0.246044
0.245737
0.245392
0.245147
0.244993
0.244801
0.244388
0.243573
0.242225
0.240268
0.237685
0.234514
0.230837
0.226775
0.222478
0.218105
0.213812
0.209729
0.205957
0.202557
0.199559
0.196962
0.194747
0.192882
0.191325
0.190038
0.188979
0.188112
0.187405
0.18683
0.186362
0.185983
0.185674
0.185423
0.185218
0.185051
0.184913
0.184798
0.184703
0.184623
0.184555
0.184497
0.184446
0.184402
0.184363
0.184328
0.184296
0.184267
0.18424
0.184215
0.184192
0.18417
0.184147
0.184138
0.184061
0.227052
0.226318
0.225591
0.224873
0.224168
0.223478
0.222807
0.222157
0.221533
0.220939
0.220379
0.219859
0.219383
0.218957
0.218586
0.218275
0.218028
0.217851
0.217746
0.217719
0.21777
0.217901
0.218112
0.218404
0.218771
0.219212
0.219719
0.220285
0.2209
0.221554
0.222235
0.222934
0.223649
0.224399
0.225235
0.226246
0.227551
0.229262
0.23143
0.233983
0.236708
0.239288
0.241398
0.242814
0.243498
0.243597
0.243368
0.243064
0.242838
0.242697
0.242532
0.242172
0.241444
0.240216
0.23841
0.236004
0.233025
0.229548
0.225684
0.221573
0.217367
0.213216
0.209249
0.205568
0.202236
0.199286
0.196724
0.194532
0.192682
0.191136
0.189856
0.188803
0.187941
0.187238
0.186667
0.186203
0.185827
0.185522
0.185274
0.185073
0.184908
0.184772
0.18466
0.184567
0.184489
0.184423
0.184366
0.184317
0.184274
0.184236
0.184202
0.184171
0.184143
0.184116
0.184092
0.184069
0.184048
0.184025
0.184016
0.183939
0.227022
0.226283
0.22555
0.224826
0.224113
0.223413
0.22273
0.222066
0.221425
0.220811
0.220228
0.21968
0.219172
0.218708
0.218293
0.217932
0.217628
0.217387
0.21721
0.217103
0.217066
0.217102
0.217211
0.217393
0.217645
0.217965
0.218347
0.218786
0.219273
0.219798
0.220353
0.220929
0.221525
0.222161
0.222884
0.223782
0.22497
0.226565
0.228626
0.231097
0.233787
0.236392
0.238586
0.24013
0.240956
0.24118
0.241042
0.240792
0.240594
0.240477
0.240351
0.240056
0.239425
0.238325
0.236672
0.234437
0.231641
0.228347
0.224659
0.220709
0.216645
0.212613
0.208743
0.205135
0.201857
0.198946
0.19641
0.194236
0.192398
0.190861
0.189587
0.188539
0.187682
0.186984
0.186417
0.185957
0.185585
0.185284
0.18504
0.184841
0.18468
0.184547
0.184438
0.184347
0.184272
0.184207
0.184153
0.184105
0.184063
0.184027
0.183993
0.183963
0.183936
0.18391
0.183886
0.183864
0.183843
0.18382
0.183812
0.183734
0.226997
0.226253
0.225515
0.224784
0.224064
0.223355
0.22266
0.221983
0.221326
0.220693
0.220087
0.219512
0.218973
0.218472
0.218014
0.217604
0.217244
0.216938
0.21669
0.216502
0.216377
0.216315
0.216319
0.216387
0.216519
0.216712
0.216964
0.217269
0.217621
0.218012
0.218436
0.218885
0.219361
0.21988
0.22049
0.221273
0.222341
0.223811
0.225752
0.228129
0.230769
0.233389
0.235662
0.237332
0.2383
0.23865
0.238599
0.238398
0.238225
0.238133
0.23805
0.237829
0.237307
0.236345
0.234853
0.232793
0.230176
0.227058
0.223534
0.219733
0.215796
0.21187
0.208082
0.204537
0.201305
0.198425
0.195911
0.193752
0.191924
0.190396
0.189129
0.188088
0.187237
0.186545
0.185984
0.18553
0.185164
0.184868
0.184628
0.184434
0.184277
0.184148
0.184042
0.183955
0.183882
0.18382
0.183767
0.183722
0.183682
0.183646
0.183614
0.183585
0.183559
0.183534
0.18351
0.183488
0.183468
0.183445
0.183437
0.183359
0.22697
0.22622
0.225476
0.224737
0.224007
0.223287
0.222579
0.221886
0.22121
0.220555
0.219923
0.219317
0.218741
0.218199
0.217692
0.217225
0.216801
0.216423
0.216093
0.215814
0.215587
0.215416
0.215301
0.215243
0.215242
0.215298
0.215409
0.215573
0.215787
0.216044
0.216341
0.216671
0.217037
0.217453
0.217961
0.218636
0.219585
0.220922
0.222725
0.224978
0.227537
0.230137
0.232458
0.234226
0.235307
0.235751
0.235758
0.235575
0.235402
0.235318
0.235272
0.235129
0.234725
0.233914
0.232597
0.230723
0.228295
0.22536
0.222006
0.218355
0.214548
0.210728
0.207026
0.203545
0.200361
0.197516
0.195027
0.192887
0.191075
0.189559
0.188304
0.187274
0.186434
0.185752
0.1852
0.184755
0.184397
0.184109
0.183877
0.18369
0.183538
0.183415
0.183314
0.183231
0.183161
0.183103
0.183053
0.18301
0.182972
0.182938
0.182908
0.18288
0.182855
0.182831
0.182808
0.182787
0.182766
0.182744
0.182737
0.182657
0.226918
0.226158
0.225401
0.224649
0.223902
0.223163
0.222434
0.221716
0.221011
0.220322
0.219651
0.219001
0.218375
0.217775
0.217203
0.216662
0.216155
0.215684
0.215252
0.214862
0.214515
0.214215
0.213965
0.213767
0.213624
0.213539
0.213511
0.213543
0.213633
0.213776
0.21397
0.214208
0.214491
0.214827
0.215249
0.21582
0.216636
0.217805
0.219413
0.221468
0.223859
0.226351
0.228633
0.230417
0.231535
0.232003
0.231998
0.231774
0.231552
0.231442
0.231418
0.231352
0.231078
0.230439
0.229321
0.227662
0.225451
0.222728
0.219573
0.216103
0.212454
0.208768
0.205175
0.201782
0.198667
0.195876
0.19343
0.191325
0.189542
0.188052
0.18682
0.185811
0.18499
0.184326
0.183791
0.183361
0.183017
0.182741
0.18252
0.182343
0.1822
0.182085
0.181991
0.181914
0.181849
0.181796
0.18175
0.18171
0.181675
0.181644
0.181616
0.18159
0.181565
0.181543
0.181521
0.1815
0.18148
0.181459
0.181452
0.181371
0.226753
0.225969
0.225185
0.224403
0.223623
0.222847
0.222077
0.221313
0.220557
0.219811
0.219077
0.218356
0.217652
0.216965
0.216298
0.215654
0.215034
0.214443
0.213883
0.213359
0.212874
0.212434
0.212045
0.211712
0.21144
0.211235
0.2111
0.211035
0.211039
0.211106
0.211229
0.211399
0.211608
0.211858
0.212168
0.212586
0.21319
0.214084
0.215361
0.217061
0.219115
0.221331
0.22342
0.225083
0.226121
0.226511
0.226409
0.226075
0.225759
0.225599
0.225593
0.225621
0.225507
0.225081
0.224209
0.222817
0.220881
0.218429
0.215536
0.212308
0.208878
0.205384
0.201956
0.198702
0.195702
0.193007
0.19064
0.188602
0.186875
0.185435
0.184246
0.183275
0.182488
0.181854
0.181346
0.180941
0.180618
0.180361
0.180156
0.179994
0.179864
0.179759
0.179675
0.179606
0.17955
0.179502
0.179462
0.179427
0.179396
0.179368
0.179342
0.179319
0.179296
0.179275
0.179254
0.179234
0.179216
0.179194
0.179188
0.179104
0.226264
0.22543
0.224593
0.223753
0.222911
0.222069
0.221227
0.220386
0.219547
0.218713
0.217884
0.217063
0.216252
0.215452
0.214667
0.213901
0.213156
0.212439
0.211753
0.211106
0.210503
0.209954
0.209463
0.209039
0.208685
0.208404
0.208195
0.208054
0.207973
0.20794
0.207941
0.207961
0.20799
0.208021
0.208064
0.20815
0.208346
0.208749
0.209467
0.210575
0.212064
0.213797
0.215516
0.216922
0.217779
0.218022
0.217782
0.217324
0.216922
0.216746
0.216811
0.216998
0.217116
0.216976
0.216427
0.215378
0.213794
0.211695
0.209144
0.206241
0.203112
0.19989
0.196703
0.193658
0.190838
0.188297
0.18606
0.184132
0.1825
0.18114
0.180022
0.179111
0.178377
0.177788
0.17732
0.176948
0.176655
0.176424
0.176242
0.176098
0.175985
0.175895
0.175823
0.175765
0.175717
0.175678
0.175644
0.175614
0.175588
0.175564
0.175542
0.175521
0.175501
0.175482
0.175463
0.175444
0.175426
0.175405
0.1754
0.175313
0.225151
0.224243
0.223329
0.22241
0.221486
0.220558
0.219627
0.218695
0.217763
0.216833
0.215908
0.214991
0.214084
0.213191
0.212318
0.21147
0.210652
0.209871
0.209133
0.208445
0.207814
0.207243
0.206738
0.206297
0.205919
0.205598
0.205327
0.205093
0.204883
0.204684
0.204481
0.204262
0.204017
0.203736
0.203423
0.203095
0.202804
0.20264
0.202728
0.203188
0.204071
0.205297
0.206634
0.20776
0.208395
0.20843
0.20798
0.207329
0.206786
0.206552
0.206648
0.206942
0.207224
0.207281
0.206952
0.206139
0.204806
0.202969
0.200687
0.198054
0.195189
0.19222
0.189268
0.186437
0.183809
0.181435
0.179344
0.177542
0.176018
0.174751
0.17371
0.172866
0.172188
0.171647
0.171218
0.170881
0.170616
0.170409
0.170247
0.170121
0.170022
0.169944
0.169883
0.169833
0.169793
0.169759
0.16973
0.169705
0.169682
0.169661
0.169641
0.169622
0.169604
0.169585
0.169567
0.169549
0.169531
0.16951
0.169506
0.169416
0.224579
0.223707
0.22284
0.221982
0.221135
0.220303
0.219489
0.218698
0.217936
0.217209
0.216523
0.215886
0.215306
0.214794
0.214359
0.214013
0.213767
0.213634
0.213626
0.213756
0.214033
0.214467
0.215062
0.215821
0.216738
0.217805
0.219004
0.220313
0.221703
0.223137
0.22457
0.225952
0.227219
0.228304
0.229139
0.229678
0.229919
0.229931
0.229856
0.229851
0.230009
0.230259
0.230343
0.229903
0.228649
0.226531
0.223789
0.220844
0.218113
0.215841
0.214039
0.212543
0.211121
0.209562
0.207725
0.205542
0.203
0.200125
0.196978
0.193642
0.190218
0.186813
0.183525
0.180438
0.177613
0.175088
0.172878
0.17098
0.169376
0.168039
0.166938
0.16604
0.165312
0.164726
0.164256
0.16388
0.16358
0.163341
0.163149
0.162996
0.162873
0.162774
0.162693
0.162626
0.16257
0.162522
0.162481
0.162445
0.162412
0.162383
0.162356
0.16233
0.162306
0.162282
0.16226
0.162238
0.162217
0.162193
0.162187
0.162093
0.252758
0.253725
0.254826
0.256076
0.25749
0.259083
0.26087
0.262869
0.265098
0.267574
0.270317
0.273346
0.276679
0.280336
0.284332
0.288683
0.293402
0.298498
0.303975
0.309832
0.316063
0.322652
0.329577
0.336802
0.344285
0.351969
0.359786
0.367652
0.37547
0.383124
0.390478
0.397375
0.403634
0.409048
0.413397
0.416472
0.418117
0.418276
0.417013
0.414411
0.410527
0.405297
0.398511
0.389949
0.379591
0.367752
0.355035
0.342132
0.329595
0.317704
0.306482
0.295814
0.285571
0.275675
0.266115
0.256917
0.24812
0.239757
0.23186
0.224462
0.217595
0.21129
0.205566
0.200433
0.195885
0.191901
0.188447
0.185479
0.182948
0.180802
0.178991
0.177465
0.176183
0.175105
0.174198
0.173435
0.172792
0.172248
0.171788
0.171396
0.171063
0.170778
0.170533
0.170323
0.170141
0.169983
0.169846
0.169727
0.169622
0.16953
0.169449
0.169377
0.169313
0.169256
0.169206
0.16916
0.169122
0.169084
0.169068
0.168988
0.541791
0.545897
0.54976
0.553356
0.556664
0.559661
0.562323
0.564622
0.566531
0.56802
0.569054
0.569601
0.569624
0.569087
0.567953
0.566185
0.563751
0.560621
0.556773
0.552196
0.546891
0.540875
0.534185
0.52688
0.519044
0.510777
0.502201
0.493446
0.484647
0.475928
0.467391
0.459095
0.451054
0.443244
0.43564
0.428256
0.421166
0.414493
0.408354
0.40286
0.398001
0.39367
0.389731
0.38607
0.382624
0.379384
0.376365
0.373583
0.371036
0.368695
0.366524
0.364486
0.362562
0.360743
0.359029
0.357422
0.355926
0.354539
0.353261
0.35209
0.351024
0.350061
0.349196
0.348425
0.34774
0.347135
0.346601
0.346129
0.345713
0.345344
0.345018
0.344728
0.34447
0.344241
0.344036
0.343854
0.34369
0.343544
0.343414
0.343297
0.343193
0.3431
0.343016
0.342942
0.342875
0.342816
0.342763
0.342715
0.342673
0.342635
0.342602
0.342572
0.342545
0.342521
0.3425
0.34248
0.342463
0.342443
0.342435
0.342383
0.128377
0.195024
0.265981
0.396325
0.572278
0.764454
0.955463
1.13496
1.29887
1.44688
1.58019
1.70026
1.80838
1.90578
1.99377
2.07388
2.14794
2.21806
2.28597
2.35015
2.41144
2.4701
2.52548
2.57572
2.61756
2.64623
2.65591
2.64088
2.5976
2.52671
2.43369
2.32811
2.22235
2.11483
2.00193
1.8853
1.76769
1.65137
1.53783
1.4278
1.32153
1.21894
1.11988
1.02423
0.932062
0.843701
0.759724
0.680907
0.608116
0.542189
0.483858
0.433711
0.392165
0.359376
0.335072
0.318405
0.307993
0.302182
0.299413
0.298489
0.298641
0.299436
0.300643
0.302119
0.30376
0.305482
0.307218
0.308919
0.310552
0.312097
0.313541
0.314881
0.316114
0.317242
0.31827
0.319201
0.320042
0.320799
0.321479
0.322087
0.322631
0.323115
0.323546
0.323928
0.324267
0.324566
0.324831
0.325064
0.325269
0.325449
0.325607
0.325746
0.325867
0.325973
0.326065
0.326146
0.326217
0.326279
0.32633
0.326394
0.424519
0.832638
0.946551
1.10629
1.29167
1.47195
1.64416
1.81243
1.98302
2.15984
2.34321
2.52984
2.71409
2.8896
3.05092
3.19444
3.31871
3.42446
3.51578
3.60513
3.69844
3.80157
3.91917
4.05405
4.2051
4.36512
4.51881
4.64311
4.7123
4.70793
4.62714
4.47986
4.28119
4.04627
3.78926
3.52257
3.25596
2.99628
2.7476
2.51183
2.28934
2.07958
1.88159
1.69441
1.5173
1.34993
1.19245
1.04545
0.909775
0.786378
0.676022
0.579112
0.495617
0.425137
0.367022
0.320449
0.284378
0.257446
0.237957
0.224053
0.214006
0.206464
0.20053
0.195703
0.19173
0.188477
0.185843
0.183732
0.18205
0.18071
0.179643
0.17879
0.178108
0.177562
0.177124
0.176771
0.176487
0.176256
0.176068
0.175914
0.175787
0.175682
0.175593
0.175518
0.175453
0.175397
0.175349
0.175305
0.175267
0.175232
0.1752
0.175171
0.175143
0.175118
0.175094
0.175071
0.17505
0.175027
0.175021
0.174944
0.667223
1.34428
1.50167
1.63703
1.78946
1.95353
2.13402
2.33487
2.5546
2.78525
3.0147
3.22958
3.41824
3.57268
3.68946
3.76915
3.81512
3.83232
3.8255
3.79688
3.75276
3.70169
3.65593
3.63052
3.64121
3.70084
3.81392
3.97009
4.13956
4.2768
4.34328
4.32593
4.2316
4.0753
3.87457
3.6463
3.40465
3.1602
2.91997
2.68802
2.46621
2.25496
2.0539
1.86234
1.6796
1.5053
1.33949
1.18269
1.03582
0.900106
0.77675
0.666721
0.570529
0.488169
0.419183
0.362788
0.317958
0.28341
0.257575
0.238659
0.224847
0.214555
0.206597
0.200212
0.194972
0.190647
0.187093
0.184196
0.181847
0.179945
0.178403
0.17715
0.176129
0.175296
0.174613
0.174053
0.173591
0.173209
0.172891
0.172625
0.172402
0.172213
0.172052
0.171914
0.171795
0.171692
0.171602
0.171523
0.171453
0.17139
0.171334
0.171283
0.171236
0.171194
0.171155
0.171119
0.171086
0.171051
0.171037
0.170936
0.821074
1.62047
1.8134
1.93776
2.07871
2.25191
2.45903
2.69379
2.94437
3.19679
3.43786
3.65663
3.84507
3.99825
4.11386
4.19099
4.22865
4.22482
4.1767
4.08224
3.94221
3.76145
3.55002
3.32389
3.10476
2.91879
2.79514
2.76592
2.86138
3.06644
3.29373
3.46046
3.53358
3.51674
3.42883
3.2915
3.12356
2.93933
2.74868
2.55789
2.37051
2.18826
2.01175
1.84095
1.67562
1.51562
1.36109
1.21259
1.07111
0.938023
0.81487
0.70312
0.603897
0.517796
0.444844
0.384572
0.336124
0.298323
0.269698
0.248538
0.233057
0.221617
0.212918
0.206067
0.200526
0.195993
0.192286
0.189274
0.186841
0.184882
0.183304
0.182032
0.181004
0.180172
0.179498
0.17895
0.178504
0.17814
0.177841
0.177594
0.17739
0.177219
0.177076
0.176954
0.176851
0.176762
0.176684
0.176617
0.176557
0.176504
0.176456
0.176413
0.176373
0.176337
0.176303
0.176272
0.176243
0.176213
0.1762
0.176106
0.882972
1.68868
1.92502
2.0726
2.23024
2.4228
2.64817
2.89505
3.15066
3.40386
3.64552
3.86799
4.06492
4.23114
4.36243
4.45492
4.50436
4.50584
4.45537
4.35127
4.19329
3.9832
3.72577
3.42925
3.10497
2.76567
2.42492
2.1105
1.90929
1.94245
2.18437
2.47019
2.6814
2.78914
2.8082
2.763
2.67508
2.56058
2.43065
2.29267
2.15123
2.00902
1.86747
1.72724
1.58859
1.45171
1.31693
1.18488
1.05662
0.933591
0.817525
0.710231
0.613321
0.527958
0.454716
0.393565
0.343954
0.304906
0.27509
0.252908
0.236644
0.224682
0.215691
0.208715
0.203153
0.198653
0.195002
0.192056
0.189692
0.187802
0.186292
0.185085
0.184121
0.183349
0.18273
0.182235
0.181838
0.181519
0.181261
0.181052
0.180882
0.180743
0.180628
0.180532
0.180452
0.180384
0.180325
0.180274
0.180229
0.180189
0.180153
0.18012
0.18009
0.180062
0.180036
0.180011
0.179988
0.179963
0.179954
0.179869
0.880897
1.64107
1.92062
2.10928
2.29498
2.50358
2.73394
2.97737
3.22521
3.4703
3.70607
3.92577
4.12251
4.28973
4.42161
4.51316
4.56014
4.55896
4.50781
4.40586
4.25335
4.0517
3.80388
3.51422
3.18698
2.82276
2.41605
1.97263
1.56885
1.37775
1.48707
1.75161
1.99488
2.15147
2.22545
2.23797
2.20819
2.15004
2.07314
1.98398
1.8869
1.7847
1.67908
1.57105
1.46117
1.34985
1.23758
1.12506
1.01334
0.903896
0.798519
0.699205
0.607883
0.52615
0.455061
0.395031
0.345862
0.306831
0.276791
0.254286
0.237712
0.225525
0.21642
0.209433
0.203932
0.199534
0.196003
0.193179
0.190931
0.189149
0.18774
0.186626
0.185745
0.185048
0.184499
0.184065
0.183724
0.183454
0.183241
0.183072
0.182938
0.182831
0.182745
0.182675
0.182617
0.182569
0.182529
0.182494
0.182463
0.182436
0.182411
0.182388
0.182367
0.182346
0.182327
0.182308
0.182291
0.182271
0.182265
0.182188
0.836246
1.54845
1.86721
2.09933
2.31399
2.53385
2.76121
2.99294
3.2251
3.45352
3.67312
3.87763
4.06005
4.21359
4.33235
4.4118
4.44872
4.44138
4.38904
4.29173
4.15003
3.96489
3.73733
3.46741
3.15142
2.7773
2.3277
1.8172
1.35549
1.11877
1.16851
1.36878
1.56492
1.69941
1.77399
1.80398
1.80255
1.77876
1.73867
1.68645
1.62508
1.55662
1.48246
1.40349
1.32027
1.23325
1.1429
1.0499
0.955287
0.860452
0.767183
0.677526
0.593577
0.517212
0.449845
0.39227
0.344626
0.306456
0.276817
0.254419
0.2378
0.225524
0.216358
0.209366
0.203916
0.199606
0.196184
0.193473
0.191338
0.189664
0.188354
0.18733
0.186532
0.185911
0.18543
0.185057
0.184769
0.184548
0.184378
0.184248
0.184148
0.184071
0.184011
0.183965
0.183929
0.1839
0.183875
0.183855
0.183838
0.183822
0.183807
0.183793
0.18378
0.183766
0.183753
0.18374
0.183727
0.183712
0.18371
0.183639
0.77102
1.42543
1.79412
2.06928
2.31234
2.54224
2.76433
2.98056
3.1913
3.39534
3.58947
3.76872
3.92708
4.05856
4.15806
4.22183
4.24759
4.23456
4.18258
4.09196
3.96303
3.79557
3.58771
3.3335
3.01824
2.61567
2.10786
1.5484
1.10077
0.927062
1.0052
1.17022
1.31014
1.40104
1.45253
1.47707
1.48296
1.47493
1.45578
1.42735
1.39099
1.3477
1.29819
1.24292
1.18217
1.1162
1.04534
0.970171
0.89158
0.810862
0.729711
0.650136
0.574274
0.50415
0.44141
0.387128
0.341725
0.304989
0.27618
0.254186
0.237699
0.225418
0.216207
0.209188
0.203745
0.199477
0.196119
0.193484
0.191429
0.189834
0.188602
0.187652
0.186923
0.186366
0.185942
0.185622
0.185382
0.185204
0.185072
0.184976
0.184907
0.184857
0.184822
0.184797
0.18478
0.184767
0.184758
0.184751
0.184745
0.184739
0.184734
0.184728
0.184721
0.184714
0.184707
0.184698
0.18469
0.184679
0.184679
0.184614
0.688315
1.29023
1.70493
2.0216
2.29379
2.53627
2.7554
2.95664
3.14426
3.32039
3.48454
3.63393
3.76434
3.87115
3.95029
3.99873
4.01478
3.99778
3.94756
3.86405
3.74657
3.59256
3.39531
3.1395
2.79644
2.33307
1.76176
1.2057
0.856307
0.797109
0.911686
1.04562
1.13956
1.19445
1.22384
1.23798
1.24234
1.23937
1.23011
1.21499
1.19424
1.16797
1.13619
1.09881
1.05573
1.00688
0.952361
0.892519
0.82807
0.760146
0.690296
0.620425
0.552631
0.48898
0.431242
0.38068
0.337927
0.302979
0.275284
0.253902
0.237687
0.225477
0.216247
0.209188
0.20372
0.199448
0.196106
0.193501
0.191484
0.189932
0.188745
0.187842
0.187159
0.186646
0.186265
0.185985
0.185783
0.185638
0.185537
0.185469
0.185425
0.185398
0.185383
0.185377
0.185375
0.185377
0.185381
0.185385
0.185389
0.185392
0.185394
0.185395
0.185395
0.185393
0.18539
0.185386
0.185381
0.185373
0.185376
0.185315
0.590349
1.15147
1.59959
1.9524
2.25204
2.5091
2.72909
2.91918
3.08665
3.23688
3.37238
3.49296
3.59651
3.68002
3.74045
3.7754
3.78339
3.76348
3.71494
3.63655
3.52532
3.37418
3.16783
2.87767
2.46552
1.92034
1.32676
0.867319
0.683404
0.730996
0.851054
0.948847
1.00836
1.04
1.05537
1.06185
1.06316
1.06085
1.05542
1.04686
1.03492
1.01923
0.999332
0.974693
0.944802
0.909251
0.867834
0.820654
0.768199
0.711398
0.651625
0.590638
0.530438
0.473058
0.420316
0.373581
0.333639
0.300649
0.274231
0.253602
0.23777
0.225711
0.216507
0.209423
0.203919
0.199619
0.19626
0.193647
0.19163
0.190085
0.18891
0.188024
0.187362
0.186872
0.186515
0.186259
0.186079
0.185957
0.185877
0.185829
0.185803
0.185792
0.185793
0.1858
0.185811
0.185824
0.185837
0.18585
0.185862
0.185872
0.18588
0.185886
0.185891
0.185893
0.185894
0.185893
0.185891
0.185885
0.18589
0.185833
0.482048
1.01917
1.49137
1.87207
2.19118
2.45849
2.67947
2.86173
3.01401
3.14378
3.25595
3.3526
3.4336
3.49745
3.54212
3.56578
3.56687
3.54385
3.4947
3.4157
3.29919
3.12963
2.87908
2.50918
1.99929
1.40778
0.895995
0.624773
0.605324
0.701165
0.798125
0.863448
0.900485
0.919139
0.927218
0.929524
0.928651
0.92584
0.921562
0.915853
0.908464
0.898912
0.886529
0.870526
0.850091
0.824514
0.793303
0.756296
0.713743
0.666355
0.615309
0.562193
0.508876
0.457314
0.409309
0.366284
0.329125
0.298123
0.273039
0.253239
0.23787
0.226033
0.216908
0.209832
0.204307
0.199976
0.196585
0.193944
0.191901
0.190336
0.189148
0.188253
0.187588
0.187099
0.186747
0.186497
0.186326
0.186213
0.186143
0.186105
0.186088
0.186087
0.186096
0.186111
0.18613
0.18615
0.186169
0.186188
0.186205
0.186219
0.186232
0.186242
0.186249
0.186255
0.186258
0.186259
0.186259
0.186255
0.186261
0.186206
0.377141
0.901442
1.40499
1.80837
2.13337
2.39805
2.61251
2.78523
2.92484
3.03916
3.13398
3.21267
3.27643
3.32493
3.35702
3.37121
3.36541
3.33672
3.28034
3.18742
3.04163
2.8156
2.47335
1.99389
1.42303
0.901525
0.586871
0.518148
0.586693
0.676139
0.744073
0.786964
0.811135
0.823111
0.827689
0.82802
0.826008
0.822713
0.818674
0.814088
0.808875
0.802669
0.794817
0.784449
0.770589
0.752309
0.72888
0.699896
0.665378
0.625818
0.582191
0.535904
0.488675
0.442352
0.398689
0.35912
0.324592
0.295502
0.271733
0.25278
0.237916
0.226351
0.217355
0.210327
0.204807
0.200459
0.197039
0.194362
0.192283
0.190683
0.189463
0.188543
0.187856
0.187351
0.186986
0.186729
0.186552
0.186436
0.186365
0.186327
0.186311
0.186312
0.186323
0.18634
0.186361
0.186384
0.186406
0.186426
0.186445
0.186462
0.186476
0.186488
0.186497
0.186503
0.186508
0.18651
0.186511
0.186508
0.186515
0.18646
0.3113
0.870614
1.39842
1.8014
2.10873
2.35082
2.54465
2.7001
2.82476
2.92516
3.00631
3.07149
3.12222
3.15874
3.18037
3.18492
3.16867
3.12542
3.04467
2.90888
2.69151
2.36127
1.9035
1.36229
0.862534
0.545438
0.454286
0.500821
0.578611
0.644606
0.691182
0.720885
0.737991
0.746394
0.749197
0.748641
0.746185
0.742712
0.73875
0.734608
0.73039
0.72592
0.720694
0.713893
0.704501
0.691469
0.673891
0.651166
0.623101
0.589986
0.552599
0.512161
0.470233
0.428541
0.388766
0.352327
0.320211
0.292893
0.270362
0.252228
0.237875
0.226609
0.217778
0.210831
0.205343
0.200997
0.19756
0.194854
0.192739
0.191099
0.18984
0.188883
0.188164
0.187632
0.187243
0.186966
0.186773
0.186644
0.186562
0.186515
0.186493
0.186489
0.186496
0.18651
0.186529
0.186549
0.18657
0.186589
0.186607
0.186623
0.186637
0.186648
0.186657
0.186663
0.186668
0.18667
0.186671
0.186668
0.186674
0.18662
0.303487
0.980657
1.543
1.9291
2.1863
2.37012
2.51357
2.63151
2.72984
2.8112
2.87721
2.92901
2.96716
2.99167
3.00004
2.98746
2.94612
2.86372
2.72198
2.49688
2.16516
1.72401
1.22251
0.772067
0.488745
0.402857
0.437033
0.502296
0.562652
0.609814
0.643502
0.66555
0.678404
0.684598
0.686375
0.685447
0.682952
0.67958
0.675782
0.671896
0.668151
0.66456
0.660807
0.656211
0.649807
0.640507
0.627301
0.60943
0.586529
0.558698
0.52653
0.491069
0.453716
0.416069
0.379725
0.34607
0.316114
0.290395
0.268993
0.251619
0.237754
0.226791
0.218139
0.211296
0.205861
0.201536
0.198097
0.195372
0.193227
0.19155
0.190252
0.189256
0.1885
0.187933
0.187514
0.18721
0.186994
0.186845
0.186746
0.186684
0.18665
0.186634
0.186632
0.186639
0.186651
0.186666
0.186682
0.186698
0.186713
0.186726
0.186737
0.186746
0.186753
0.186758
0.186761
0.186762
0.186762
0.186758
0.186764
0.186709
0.263321
1.65648
2.39515
2.61873
2.63502
2.61514
2.61526
2.63891
2.6754
2.71464
2.74997
2.77731
2.79412
2.79482
2.77223
2.71657
2.61454
2.4493
2.203
1.8648
1.44732
1.0058
0.634856
0.417143
0.359138
0.389898
0.443695
0.496311
0.541218
0.576644
0.602468
0.619567
0.629519
0.634191
0.635336
0.63431
0.631999
0.62892
0.625412
0.621782
0.61832
0.615184
0.612243
0.608987
0.60456
0.597904
0.587958
0.573857
0.555091
0.531597
0.503795
0.472561
0.439142
0.405007
0.371662
0.340455
0.312403
0.288098
0.267697
0.251004
0.237585
0.226906
0.218434
0.2117
0.206332
0.20204
0.198611
0.195878
0.193711
0.192005
0.190671
0.189638
0.188845
0.188243
0.187791
0.187456
0.187213
0.18704
0.18692
0.186839
0.186789
0.186759
0.186745
0.186741
0.186744
0.186751
0.18676
0.18677
0.186779
0.186788
0.186795
0.186801
0.186805
0.186807
0.186808
0.186807
0.186805
0.1868
0.186805
0.186748
)
;

boundaryField
{
    outlet
    {
        type            zeroGradient;
    }
    inlet
    {
        type            fixedValue;
        value           uniform 0.26;
    }
    lowerWall
    {
        type            kqRWallFunction;
        value           nonuniform List<scalar> 
148
(
0.288909
0.351397
0.415004
0.477468
0.536874
0.591597
0.64046
0.682798
0.718414
0.747489
0.770473
0.787989
0.80074
0.809447
0.814803
0.817442
0.817927
0.816742
0.8143
0.810939
0.806937
0.802519
0.797861
0.793101
0.788345
0.783669
0.779127
0.774765
0.770542
0.766744
0.761986
0.762797
0.737546
0.128377
0.424519
0.667223
0.821074
0.882972
0.880897
0.836246
0.77102
0.688315
0.590349
0.482048
0.377141
0.3113
0.303487
0.263321
0.128377
0.195024
0.265981
0.396325
0.572278
0.764454
0.955463
1.13496
1.29887
1.44688
1.58019
1.70026
1.80838
1.90578
1.99377
2.07388
2.14794
2.21806
2.28597
2.35015
2.41144
2.4701
2.52548
2.57572
2.61756
2.64623
2.65591
2.64088
2.5976
2.52671
2.43369
2.32811
2.22235
2.11483
2.00193
1.8853
1.76769
1.65137
1.53783
1.4278
1.32153
1.21894
1.11988
1.02423
0.932062
0.843701
0.759724
0.680907
0.608116
0.542189
0.483858
0.433711
0.392165
0.359376
0.335072
0.318405
0.307993
0.302182
0.299413
0.298489
0.298641
0.299436
0.300643
0.302119
0.30376
0.305482
0.307218
0.308919
0.310552
0.312097
0.313541
0.314881
0.316114
0.317242
0.31827
0.319201
0.320042
0.320799
0.321479
0.322087
0.322631
0.323115
0.323546
0.323928
0.324267
0.324566
0.324831
0.325064
0.325269
0.325449
0.325607
0.325746
0.325867
0.325973
0.326065
0.326146
0.326217
0.326279
0.32633
0.326394
)
;
    }
    upperWall
    {
        type            kqRWallFunction;
        value           nonuniform List<scalar> 
133
(
0.266719
0.28057
0.294242
0.307623
0.320669
0.333362
0.34569
0.357642
0.369209
0.380387
0.391171
0.40156
0.411553
0.421153
0.430363
0.439188
0.447634
0.455707
0.463415
0.470766
0.477768
0.484432
0.490764
0.496776
0.502475
0.507873
0.512977
0.517798
0.522343
0.526624
0.530647
0.534421
0.53796
0.541791
0.545897
0.54976
0.553356
0.556664
0.559661
0.562323
0.564622
0.566531
0.56802
0.569054
0.569601
0.569624
0.569087
0.567953
0.566185
0.563751
0.560621
0.556773
0.552196
0.546891
0.540875
0.534185
0.52688
0.519044
0.510777
0.502201
0.493446
0.484647
0.475928
0.467391
0.459095
0.451054
0.443244
0.43564
0.428256
0.421166
0.414493
0.408354
0.40286
0.398001
0.39367
0.389731
0.38607
0.382624
0.379384
0.376365
0.373583
0.371036
0.368695
0.366524
0.364486
0.362562
0.360743
0.359029
0.357422
0.355926
0.354539
0.353261
0.35209
0.351024
0.350061
0.349196
0.348425
0.34774
0.347135
0.346601
0.346129
0.345713
0.345344
0.345018
0.344728
0.34447
0.344241
0.344036
0.343854
0.34369
0.343544
0.343414
0.343297
0.343193
0.3431
0.343016
0.342942
0.342875
0.342816
0.342763
0.342715
0.342673
0.342635
0.342602
0.342572
0.342545
0.342521
0.3425
0.34248
0.342463
0.342443
0.342435
0.342383
)
;
    }
    frontAndBack
    {
        type            empty;
    }
}


// ************************************************************************* //
