/*--------------------------------*- C++ -*----------------------------------*\
| =========                 |                                                 |
| \\      /  F ield         | OpenFOAM: The Open Source CFD Toolbox           |
|  \\    /   O peration     | Version:  2.1.1                                 |
|   \\  /    A nd           | Web:      www.OpenFOAM.org                      |
|    \\/     M anipulation  |                                                 |
\*---------------------------------------------------------------------------*/
FoamFile
{
    version     2.0;
    format      ascii;
    class       volScalarField;
    location    "0.015";
    object      nut;
}
// * * * * * * * * * * * * * * * * * * * * * * * * * * * * * * * * * * * * * //

dimensions      [0 2 -1 0 0 0 0];

internalField   nonuniform List<scalar> 
6820
(
4.96024e-05
5.47041e-05
5.94494e-05
6.37673e-05
6.76196e-05
7.09857e-05
7.38652e-05
7.6277e-05
7.82549e-05
7.98415e-05
8.10845e-05
8.20326e-05
8.27327e-05
8.32289e-05
8.35606e-05
8.37629e-05
8.38661e-05
8.3896e-05
8.38748e-05
8.38208e-05
8.37492e-05
8.36723e-05
8.36022e-05
8.35408e-05
8.34893e-05
8.34503e-05
8.34257e-05
8.34166e-05
8.34222e-05
8.34499e-05
8.34608e-05
8.36491e-05
8.30105e-05
0.000540277
0.000305125
0.000220233
0.000171915
0.00014094
0.000120124
0.000105631
9.52676e-05
8.77141e-05
8.21347e-05
7.79796e-05
7.48754e-05
7.2561e-05
7.085e-05
6.96059e-05
6.87274e-05
6.81375e-05
6.77768e-05
6.75987e-05
6.75654e-05
6.76462e-05
6.7814e-05
6.8043e-05
6.82926e-05
6.85291e-05
6.87323e-05
6.88997e-05
6.90336e-05
6.91365e-05
6.92163e-05
6.92576e-05
6.93446e-05
6.91891e-05
0.00105861
0.000835966
0.000679032
0.000569366
0.000489769
0.00042981
0.000383387
0.000346551
0.000316682
0.000292021
0.000271352
0.000253815
0.000238783
0.000225787
0.000214471
0.000204558
0.000195828
0.000188105
0.000181245
0.000175131
0.000169661
0.00016475
0.000160338
0.000156232
0.000152533
0.000149442
0.00014692
0.000144901
0.000143322
0.000142169
0.000141385
0.000141172
0.000141115
0.00115954
0.00109647
0.0010115
0.00092612
0.000849377
0.000783026
0.000726285
0.000677741
0.000635984
0.000599796
0.000568183
0.000540349
0.000515661
0.000493618
0.000473818
0.00045594
0.000439724
0.00042496
0.000411473
0.000399121
0.000387796
0.000377339
0.000367686
0.00035908
0.000351467
0.000344804
0.000339057
0.000334192
0.000330176
0.000327015
0.000324684
0.000323348
0.000322781
0.00116967
0.00115862
0.00113359
0.0010975
0.0010556
0.00101209
0.000969553
0.000929286
0.000891838
0.000857334
0.000825688
0.000796713
0.000770188
0.000745888
0.0007236
0.000703127
0.000684295
0.00066695
0.000650958
0.000636182
0.000622509
0.000609963
0.000598476
0.000588014
0.000578555
0.000570084
0.000562589
0.000556064
0.000550511
0.00054595
0.000542395
0.000539943
0.000538526
0.00117006
0.00116839
0.00116304
0.00115259
0.00113713
0.0011177
0.00109563
0.0010721
0.00104804
0.00102409
0.00100069
0.000978132
0.000956564
0.000936073
0.000916694
0.000898427
0.000881252
0.000865135
0.000850022
0.000835907
0.000822761
0.000810555
0.000799263
0.000788868
0.000779359
0.000770731
0.000762988
0.000756138
0.000750198
0.000745199
0.000741173
0.000738182
0.000736229
0.00116996
0.00116938
0.00116821
0.00116568
0.00116123
0.00115461
0.00114592
0.00113544
0.00112357
0.0011107
0.00109718
0.00108331
0.00106934
0.00105546
0.00104182
0.00102852
0.00101564
0.00100325
0.000991395
0.000980109
0.000969419
0.000959343
0.000949897
0.000941095
0.000932953
0.000925487
0.000918716
0.000912663
0.000907357
0.000902834
0.000899139
0.000896326
0.000894434
0.00116994
0.0011694
0.00116883
0.00116802
0.00116674
0.00116474
0.00116185
0.001158
0.00115322
0.00114758
0.00114119
0.0011342
0.00112675
0.00111897
0.00111097
0.00110287
0.00109476
0.00108672
0.00107883
0.00107114
0.0010637
0.00105656
0.00104976
0.00104334
0.00103733
0.00103177
0.00102668
0.0010221
0.00101807
0.00101462
0.00101182
0.00100973
0.0010084
0.00116994
0.00116939
0.00116886
0.00116832
0.00116771
0.00116694
0.00116592
0.00116455
0.0011628
0.00116061
0.00115799
0.00115496
0.00115155
0.00114782
0.00114381
0.00113959
0.00113521
0.00113073
0.00112621
0.00112169
0.00111723
0.00111286
0.00110863
0.00110458
0.00110076
0.00109719
0.00109391
0.00109097
0.00108839
0.00108622
0.00108453
0.00108338
0.00108285
0.00116994
0.00116938
0.00116885
0.00116833
0.00116782
0.0011673
0.00116674
0.0011661
0.00116535
0.00116445
0.00116338
0.00116212
0.00116068
0.00115905
0.00115725
0.00115529
0.0011532
0.00115101
0.00114874
0.00114642
0.00114408
0.00114176
0.00113949
0.0011373
0.00113522
0.00113329
0.00113153
0.00112997
0.00112866
0.00112764
0.00112696
0.0011267
0.00112695
0.00116994
0.00116938
0.00116884
0.00116832
0.00116782
0.00116734
0.00116686
0.00116639
0.0011659
0.00116538
0.00116482
0.00116421
0.00116353
0.00116279
0.00116198
0.0011611
0.00116016
0.00115916
0.00115812
0.00115705
0.00115597
0.00115489
0.00115385
0.00115285
0.00115192
0.00115109
0.00115037
0.00114979
0.00114939
0.00114919
0.00114926
0.00114967
0.00115051
0.00116994
0.00116938
0.00116884
0.00116832
0.00116782
0.00116733
0.00116687
0.00116642
0.00116598
0.00116555
0.00116513
0.00116471
0.00116428
0.00116385
0.0011634
0.00116294
0.00116248
0.001162
0.00116152
0.00116105
0.00116058
0.00116014
0.00115974
0.00115938
0.00115909
0.00115888
0.00115876
0.00115876
0.00115889
0.0011592
0.00115972
0.00116054
0.00116175
0.00116994
0.00116938
0.00116884
0.00116832
0.00116781
0.00116733
0.00116686
0.00116641
0.00116598
0.00116557
0.00116517
0.00116479
0.00116443
0.00116408
0.00116375
0.00116343
0.00116313
0.00116284
0.00116258
0.00116234
0.00116213
0.00116196
0.00116184
0.00116177
0.00116177
0.00116186
0.00116203
0.0011623
0.0011627
0.00116325
0.001164
0.00116501
0.00116638
0.00116994
0.00116938
0.00116884
0.00116832
0.00116781
0.00116733
0.00116686
0.00116641
0.00116597
0.00116556
0.00116517
0.00116479
0.00116444
0.00116411
0.0011638
0.00116352
0.00116326
0.00116303
0.00116283
0.00116267
0.00116254
0.00116247
0.00116245
0.00116249
0.0011626
0.00116279
0.00116307
0.00116345
0.00116395
0.00116458
0.0011654
0.00116646
0.00116786
0.00116994
0.00116938
0.00116884
0.00116832
0.00116781
0.00116732
0.00116685
0.0011664
0.00116597
0.00116555
0.00116515
0.00116478
0.00116443
0.00116409
0.00116379
0.00116351
0.00116325
0.00116303
0.00116285
0.0011627
0.0011626
0.00116254
0.00116254
0.00116261
0.00116275
0.00116296
0.00116327
0.00116366
0.00116416
0.0011648
0.0011656
0.00116664
0.001168
0.00116994
0.00116938
0.00116884
0.00116832
0.00116781
0.00116732
0.00116685
0.00116639
0.00116596
0.00116554
0.00116514
0.00116476
0.00116441
0.00116407
0.00116376
0.00116348
0.00116322
0.001163
0.00116281
0.00116266
0.00116255
0.00116249
0.00116249
0.00116255
0.00116268
0.00116288
0.00116317
0.00116354
0.00116402
0.00116461
0.00116537
0.00116635
0.00116763
0.00116994
0.00116938
0.00116884
0.00116831
0.00116781
0.00116732
0.00116685
0.00116639
0.00116595
0.00116553
0.00116513
0.00116475
0.00116439
0.00116405
0.00116373
0.00116345
0.00116318
0.00116295
0.00116275
0.00116259
0.00116248
0.00116241
0.00116239
0.00116243
0.00116254
0.00116273
0.00116298
0.00116332
0.00116376
0.0011643
0.001165
0.0011659
0.00116709
0.00116994
0.00116938
0.00116884
0.00116831
0.00116781
0.00116732
0.00116684
0.00116639
0.00116595
0.00116552
0.00116512
0.00116474
0.00116437
0.00116403
0.00116371
0.00116341
0.00116315
0.00116291
0.0011627
0.00116253
0.0011624
0.00116232
0.00116228
0.00116231
0.0011624
0.00116255
0.00116278
0.00116308
0.00116347
0.00116396
0.00116459
0.00116542
0.00116652
0.00116994
0.00116938
0.00116884
0.00116831
0.00116781
0.00116732
0.00116684
0.00116638
0.00116594
0.00116552
0.00116511
0.00116472
0.00116436
0.00116401
0.00116368
0.00116338
0.00116311
0.00116286
0.00116265
0.00116247
0.00116233
0.00116223
0.00116218
0.00116218
0.00116225
0.00116237
0.00116257
0.00116283
0.00116317
0.00116361
0.00116418
0.00116493
0.00116594
0.00116994
0.00116938
0.00116884
0.00116831
0.00116781
0.00116731
0.00116684
0.00116638
0.00116594
0.00116551
0.0011651
0.00116471
0.00116434
0.00116399
0.00116366
0.00116336
0.00116307
0.00116282
0.0011626
0.00116241
0.00116225
0.00116214
0.00116208
0.00116206
0.0011621
0.0011622
0.00116236
0.00116259
0.00116289
0.00116327
0.00116378
0.00116446
0.00116539
0.00116994
0.00116938
0.00116884
0.00116831
0.00116781
0.00116731
0.00116684
0.00116638
0.00116593
0.00116551
0.00116509
0.0011647
0.00116433
0.00116397
0.00116364
0.00116333
0.00116304
0.00116278
0.00116255
0.00116235
0.00116218
0.00116206
0.00116198
0.00116194
0.00116196
0.00116204
0.00116217
0.00116236
0.00116261
0.00116295
0.0011634
0.00116401
0.00116486
0.00116994
0.00116938
0.00116884
0.00116831
0.00116781
0.00116731
0.00116684
0.00116637
0.00116593
0.0011655
0.00116509
0.00116469
0.00116432
0.00116396
0.00116362
0.0011633
0.00116301
0.00116274
0.0011625
0.00116229
0.00116212
0.00116198
0.00116188
0.00116183
0.00116183
0.00116188
0.00116198
0.00116213
0.00116235
0.00116264
0.00116303
0.00116358
0.00116436
0.00116994
0.00116938
0.00116884
0.00116831
0.00116781
0.00116731
0.00116684
0.00116637
0.00116593
0.0011655
0.00116508
0.00116468
0.0011643
0.00116394
0.0011636
0.00116328
0.00116298
0.00116271
0.00116246
0.00116224
0.00116205
0.0011619
0.00116179
0.00116172
0.0011617
0.00116172
0.0011618
0.00116192
0.0011621
0.00116234
0.00116269
0.00116318
0.0011639
0.00116994
0.00116938
0.00116884
0.00116832
0.00116781
0.00116731
0.00116683
0.00116637
0.00116592
0.00116549
0.00116508
0.00116468
0.00116429
0.00116393
0.00116358
0.00116326
0.00116295
0.00116267
0.00116242
0.00116219
0.00116199
0.00116183
0.0011617
0.00116162
0.00116158
0.00116158
0.00116163
0.00116172
0.00116186
0.00116207
0.00116237
0.00116281
0.00116346
0.00116994
0.00116938
0.00116884
0.00116832
0.00116781
0.00116731
0.00116683
0.00116637
0.00116592
0.00116549
0.00116507
0.00116467
0.00116428
0.00116392
0.00116357
0.00116324
0.00116293
0.00116264
0.00116238
0.00116214
0.00116194
0.00116176
0.00116162
0.00116152
0.00116146
0.00116145
0.00116147
0.00116153
0.00116164
0.00116181
0.00116207
0.00116246
0.00116306
0.00116994
0.00116938
0.00116884
0.00116832
0.00116781
0.00116731
0.00116683
0.00116637
0.00116592
0.00116548
0.00116507
0.00116466
0.00116427
0.0011639
0.00116355
0.00116322
0.0011629
0.00116261
0.00116234
0.0011621
0.00116188
0.0011617
0.00116155
0.00116143
0.00116136
0.00116132
0.00116132
0.00116136
0.00116144
0.00116158
0.00116179
0.00116214
0.00116269
0.00116994
0.00116938
0.00116884
0.00116832
0.00116781
0.00116731
0.00116683
0.00116637
0.00116592
0.00116548
0.00116506
0.00116466
0.00116427
0.00116389
0.00116354
0.0011632
0.00116288
0.00116259
0.00116231
0.00116206
0.00116184
0.00116164
0.00116148
0.00116135
0.00116126
0.00116121
0.00116119
0.0011612
0.00116126
0.00116136
0.00116154
0.00116185
0.00116236
0.00116994
0.00116938
0.00116884
0.00116832
0.00116781
0.00116731
0.00116683
0.00116637
0.00116592
0.00116548
0.00116506
0.00116465
0.00116426
0.00116388
0.00116353
0.00116318
0.00116286
0.00116256
0.00116228
0.00116202
0.00116179
0.00116159
0.00116142
0.00116128
0.00116117
0.0011611
0.00116107
0.00116106
0.00116109
0.00116116
0.00116131
0.00116159
0.00116206
0.00116994
0.00116938
0.00116884
0.00116832
0.00116781
0.00116731
0.00116683
0.00116637
0.00116591
0.00116548
0.00116505
0.00116465
0.00116425
0.00116388
0.00116351
0.00116317
0.00116285
0.00116254
0.00116225
0.00116199
0.00116175
0.00116154
0.00116136
0.00116121
0.00116109
0.00116101
0.00116095
0.00116093
0.00116094
0.00116099
0.00116111
0.00116135
0.00116179
0.00116994
0.00116938
0.00116884
0.00116832
0.00116781
0.00116731
0.00116683
0.00116637
0.00116591
0.00116548
0.00116505
0.00116464
0.00116425
0.00116387
0.00116351
0.00116316
0.00116283
0.00116252
0.00116223
0.00116196
0.00116172
0.0011615
0.00116131
0.00116115
0.00116103
0.00116093
0.00116086
0.00116082
0.0011608
0.00116083
0.00116093
0.00116115
0.00116155
0.00116994
0.00116938
0.00116884
0.00116832
0.00116781
0.00116731
0.00116683
0.00116637
0.00116591
0.00116548
0.00116505
0.00116464
0.00116425
0.00116386
0.0011635
0.00116315
0.00116282
0.00116251
0.00116222
0.00116194
0.00116169
0.00116147
0.00116127
0.00116111
0.00116097
0.00116086
0.00116078
0.00116072
0.00116069
0.0011607
0.00116077
0.00116096
0.00116134
0.00116994
0.00116938
0.00116884
0.00116832
0.00116781
0.00116731
0.00116684
0.00116637
0.00116592
0.00116548
0.00116506
0.00116464
0.00116425
0.00116387
0.0011635
0.00116315
0.00116282
0.0011625
0.00116221
0.00116193
0.00116168
0.00116145
0.00116124
0.00116106
0.00116092
0.00116079
0.0011607
0.00116062
0.00116057
0.00116056
0.00116061
0.00116077
0.00116112
0.00116994
0.00116938
0.00116884
0.00116832
0.00116782
0.00116732
0.00116685
0.00116638
0.00116593
0.00116549
0.00116507
0.00116466
0.00116426
0.00116387
0.00116351
0.00116315
0.00116281
0.00116249
0.00116218
0.0011619
0.00116163
0.00116139
0.00116116
0.00116096
0.00116079
0.00116064
0.00116051
0.0011604
0.00116031
0.00116025
0.00116025
0.00116036
0.00116064
0.00116994
0.00116938
0.00116885
0.00116833
0.00116783
0.00116734
0.00116687
0.0011664
0.00116595
0.00116551
0.00116508
0.00116466
0.00116424
0.00116384
0.00116344
0.00116306
0.00116268
0.00116231
0.00116196
0.00116161
0.00116127
0.00116095
0.00116064
0.00116035
0.00116007
0.00115981
0.00115956
0.00115931
0.00115908
0.00115887
0.00115871
0.00115864
0.00115873
0.00116994
0.0011694
0.00116887
0.00116836
0.00116786
0.00116737
0.00116687
0.00116638
0.00116587
0.00116537
0.00116484
0.00116431
0.00116376
0.0011632
0.00116261
0.00116201
0.00116139
0.00116076
0.00116011
0.00115944
0.00115877
0.00115808
0.00115739
0.00115669
0.00115599
0.00115528
0.00115457
0.00115386
0.00115315
0.00115244
0.00115178
0.00115119
0.00115075
0.00116995
0.0011694
0.00116886
0.0011683
0.00116769
0.001167
0.00116622
0.00116534
0.00116435
0.00116324
0.00116202
0.00116068
0.00115924
0.00115769
0.00115604
0.00115431
0.0011525
0.00115063
0.0011487
0.00114673
0.00114472
0.0011427
0.00114066
0.00113861
0.00113658
0.00113455
0.00113255
0.00113056
0.0011286
0.00112668
0.00112482
0.00112306
0.00112146
0.00116996
0.00116917
0.00116791
0.00116609
0.00116369
0.00116072
0.00115718
0.00115313
0.00114862
0.0011437
0.00113844
0.00113291
0.00112718
0.00112128
0.00111529
0.00110925
0.0011032
0.00109718
0.00109122
0.00108534
0.00107958
0.00107394
0.00106845
0.00106312
0.00105794
0.00105293
0.00104808
0.00104338
0.00103883
0.00103442
0.00103017
0.00102607
0.00102218
0.0011683
0.00115873
0.00114542
0.00112921
0.00111086
0.00109106
0.00107045
0.00104952
0.00102866
0.00100813
0.000988115
0.000968729
0.000950042
0.000932089
0.000914879
0.0008984
0.000882631
0.000867542
0.000853095
0.000839251
0.000825968
0.000813204
0.000800918
0.00078907
0.000777622
0.00076654
0.00075579
0.000745345
0.000735182
0.000725285
0.000715646
0.000706268
0.000697168
0.00107567
0.000936038
0.000835246
0.00075558
0.000689795
0.000635076
0.00058922
0.000550388
0.000517132
0.000488343
0.000463169
0.00044096
0.000421208
0.000403517
0.000387577
0.000373136
0.000359994
0.000347988
0.000336984
0.000326874
0.000317564
0.00030898
0.000301057
0.000293742
0.000286988
0.000280756
0.000275011
0.000269721
0.000264859
0.000260396
0.000256307
0.000252567
0.00024915
0.000142979
0.000146644
0.000150175
0.000153552
0.000156774
0.000159846
0.000162773
0.000165561
0.000168215
0.000170738
0.000173136
0.000175413
0.000177573
0.000179621
0.00018156
0.000183396
0.000185131
0.00018677
0.000188315
0.000189772
0.000191142
0.000192429
0.000193636
0.000194766
0.000195823
0.000196807
0.000197724
0.000198574
0.00019936
0.000200085
0.000200752
0.000201362
0.00020192
9.19734e-05
0.000112107
0.000153854
0.000226742
0.000330956
0.000449809
0.000559462
0.000640991
0.000679949
0.000665194
0.00059136
0.000469134
0.000347757
0.000356772
0.000796267
0.00142921
0.00178493
0.00206553
0.00230554
0.00249623
0.00263949
0.00274229
0.00281033
0.00284629
0.00285057
0.00282298
0.00276425
0.00267691
0.00256557
0.00243665
0.00229777
0.00215674
0.00202037
0.00189335
0.00177803
0.00167515
0.00158501
0.00150788
0.00144364
0.00139123
0.00134886
0.00131449
0.00128637
0.00126319
0.00124403
0.00122821
0.00121517
0.00120444
0.00119564
0.00118845
0.00118258
0.00117781
0.00117395
0.00117085
0.00116837
0.0011664
0.00116484
0.00116362
0.00116267
0.00116194
0.0011614
0.00116099
0.0011607
0.00116049
0.00116036
0.00116027
0.00116023
0.00116022
0.00116023
0.00116026
0.00116029
0.00116034
0.00116039
0.00116043
0.00116048
0.00116053
0.00116058
0.00116062
0.00116066
0.0011607
0.00116073
0.00116076
0.00116079
0.00116082
0.00116084
0.00116086
0.00116088
0.00116089
0.00116091
0.00116092
0.00116093
0.00116093
0.00116094
0.00116095
0.00116095
0.00116096
0.00116096
0.00116097
0.00116097
0.00116095
6.99386e-05
7.165e-05
7.43517e-05
8.06587e-05
9.6272e-05
0.000126011
0.000168148
0.000212428
0.000243784
0.000251103
0.000238885
0.000245732
0.000391829
0.00080201
0.00117275
0.00146868
0.00175641
0.00201816
0.00223451
0.00240183
0.00252623
0.00261597
0.0026771
0.00271221
0.00272117
0.00270282
0.00265656
0.00258352
0.00248695
0.0023721
0.00224574
0.0021152
0.00198725
0.001867
0.00175743
0.00165978
0.00157438
0.00150125
0.00143999
0.00138956
0.0013484
0.00131478
0.00128716
0.00126432
0.0012454
0.00122972
0.00121674
0.00120602
0.00119718
0.00118991
0.00118395
0.00117908
0.00117512
0.00117192
0.00116933
0.00116726
0.00116561
0.0011643
0.00116328
0.00116248
0.00116186
0.00116139
0.00116104
0.00116079
0.0011606
0.00116048
0.0011604
0.00116035
0.00116033
0.00116033
0.00116034
0.00116036
0.00116039
0.00116042
0.00116046
0.00116049
0.00116052
0.00116056
0.00116059
0.00116062
0.00116064
0.00116067
0.00116069
0.00116071
0.00116072
0.00116074
0.00116075
0.00116077
0.00116078
0.00116078
0.00116079
0.0011608
0.0011608
0.00116081
0.00116081
0.00116082
0.00116082
0.00116082
0.00116082
0.0011608
0.000143021
0.00014633
0.000149051
0.000150174
0.000149967
0.000150769
0.000156731
0.000172859
0.000206909
0.000276453
0.000410658
0.000604015
0.000801216
0.00101327
0.00126155
0.00152564
0.00177693
0.00199614
0.00217458
0.00231257
0.00241595
0.00249181
0.00254541
0.00257888
0.00259165
0.00258175
0.00254748
0.0024886
0.002407
0.00230673
0.00219361
0.00207435
0.00195556
0.00184259
0.00173895
0.00164633
0.00156524
0.0014956
0.00143691
0.00138821
0.00134814
0.00131521
0.00128805
0.00126555
0.00124685
0.00123131
0.0012184
0.00120769
0.00119881
0.00119147
0.00118542
0.00118045
0.00117638
0.00117306
0.00117037
0.00116819
0.00116644
0.00116503
0.00116392
0.00116303
0.00116234
0.0011618
0.00116139
0.00116108
0.00116084
0.00116067
0.00116054
0.00116046
0.0011604
0.00116037
0.00116035
0.00116035
0.00116036
0.00116037
0.00116038
0.0011604
0.00116042
0.00116044
0.00116046
0.00116048
0.00116049
0.00116051
0.00116053
0.00116054
0.00116055
0.00116056
0.00116057
0.00116058
0.00116059
0.00116059
0.0011606
0.0011606
0.00116061
0.00116061
0.00116061
0.00116061
0.00116061
0.00116062
0.00116061
0.00116059
0.000324162
0.000327445
0.000331353
0.000335768
0.000341849
0.0003521
0.000370575
0.00040292
0.000455769
0.000535144
0.000645541
0.000790391
0.000968411
0.00117117
0.00138655
0.00160094
0.00180045
0.00197376
0.00211526
0.00222553
0.00230919
0.00237189
0.00241795
0.00244908
0.00246444
0.00246161
0.00243805
0.0023924
0.00232528
0.00223953
0.00213993
0.00203249
0.00192349
0.00181835
0.00172094
0.00163335
0.00155637
0.00148997
0.00143367
0.0013866
0.0013476
0.00131536
0.00128869
0.00126654
0.00124811
0.00123275
0.00121994
0.00120927
0.00120038
0.001193
0.00118688
0.00118182
0.00117766
0.00117423
0.00117143
0.00116914
0.00116729
0.00116578
0.00116458
0.00116361
0.00116283
0.00116222
0.00116174
0.00116137
0.00116107
0.00116085
0.00116068
0.00116055
0.00116046
0.00116039
0.00116035
0.00116032
0.0011603
0.00116029
0.00116028
0.00116028
0.00116028
0.00116029
0.0011603
0.0011603
0.00116031
0.00116032
0.00116033
0.00116033
0.00116034
0.00116034
0.00116035
0.00116035
0.00116036
0.00116036
0.00116036
0.00116036
0.00116037
0.00116037
0.00116037
0.00116037
0.00116037
0.00116037
0.00116037
0.00116035
0.000538586
0.000540501
0.000544248
0.000550556
0.000560853
0.000577274
0.000602865
0.000641551
0.000697687
0.000775175
0.000876494
0.001002
0.0011493
0.00131266
0.00148346
0.00165147
0.00180666
0.00194132
0.00205182
0.0021388
0.00220577
0.00225715
0.00229638
0.00232488
0.00234175
0.00234446
0.00233003
0.00229624
0.00224262
0.00217087
0.00208469
0.00198931
0.00189051
0.00179362
0.00170272
0.00162025
0.0015473
0.00148401
0.00143
0.00138453
0.00134659
0.00131508
0.00128892
0.00126716
0.00124902
0.00123387
0.0012212
0.00121061
0.00120176
0.00119438
0.00118822
0.00118311
0.00117886
0.00117535
0.00117245
0.00117007
0.00116812
0.00116653
0.00116523
0.00116418
0.00116333
0.00116264
0.00116209
0.00116165
0.0011613
0.00116103
0.00116081
0.00116064
0.0011605
0.0011604
0.00116032
0.00116026
0.00116022
0.00116018
0.00116016
0.00116014
0.00116013
0.00116012
0.00116011
0.00116011
0.00116011
0.0011601
0.0011601
0.0011601
0.0011601
0.0011601
0.0011601
0.0011601
0.0011601
0.0011601
0.0011601
0.0011601
0.0011601
0.0011601
0.0011601
0.0011601
0.00116009
0.00116009
0.00116009
0.00116007
0.000735393
0.000736235
0.000739369
0.000745858
0.000757319
0.000775807
0.000803693
0.000843478
0.000897589
0.000968073
0.00105606
0.00116109
0.00128067
0.00141024
0.0015436
0.00167357
0.00179324
0.00189737
0.00198353
0.00205224
0.00210611
0.00214847
0.00218206
0.00220801
0.00222557
0.00223237
0.00222533
0.00220173
0.00216026
0.00210155
0.00202831
0.00194487
0.00185642
0.00176804
0.00168388
0.00160665
0.00153773
0.00147751
0.00142575
0.00138187
0.00134503
0.00131428
0.00128866
0.00126731
0.00124948
0.00123457
0.00122209
0.00121162
0.00120285
0.0011955
0.00118935
0.00118421
0.00117992
0.00117635
0.00117338
0.00117093
0.0011689
0.00116722
0.00116585
0.00116472
0.00116379
0.00116304
0.00116242
0.00116192
0.00116152
0.00116119
0.00116093
0.00116071
0.00116054
0.0011604
0.00116029
0.0011602
0.00116013
0.00116007
0.00116003
0.00115999
0.00115996
0.00115993
0.00115991
0.0011599
0.00115988
0.00115987
0.00115986
0.00115986
0.00115985
0.00115984
0.00115984
0.00115983
0.00115983
0.00115983
0.00115982
0.00115982
0.00115982
0.00115981
0.00115981
0.00115981
0.0011598
0.0011598
0.0011598
0.00115977
0.000893464
0.000894079
0.000897182
0.000903972
0.000915915
0.000934611
0.000961757
0.000999041
0.00104796
0.00110951
0.00118385
0.00127
0.00136569
0.00146743
0.00157082
0.00167097
0.00176323
0.00184409
0.00191186
0.00196689
0.00201103
0.0020467
0.00207597
0.00209976
0.00211749
0.00212713
0.00212577
0.00211055
0.00207958
0.00203264
0.00197148
0.00189953
0.00182131
0.00174153
0.00166425
0.00159236
0.00152753
0.00147037
0.00142087
0.0013786
0.00134289
0.00131294
0.00128789
0.00126697
0.00124948
0.00123483
0.00122255
0.00121223
0.00120357
0.00119629
0.00119018
0.00118505
0.00118076
0.00117716
0.00117415
0.00117165
0.00116956
0.00116782
0.00116638
0.00116519
0.00116421
0.00116339
0.00116272
0.00116217
0.00116171
0.00116133
0.00116103
0.00116077
0.00116056
0.00116039
0.00116025
0.00116013
0.00116003
0.00115995
0.00115989
0.00115983
0.00115979
0.00115975
0.00115971
0.00115969
0.00115966
0.00115964
0.00115962
0.00115961
0.0011596
0.00115958
0.00115957
0.00115956
0.00115956
0.00115955
0.00115954
0.00115954
0.00115953
0.00115953
0.00115952
0.00115952
0.00115951
0.00115951
0.0011595
0.00115948
0.0010079
0.00100892
0.00101234
0.0010193
0.00103112
0.00104913
0.0010746
0.00110856
0.00115177
0.00120451
0.00126641
0.00133638
0.00141249
0.00149216
0.00157234
0.00164979
0.00172145
0.001785
0.00183924
0.00188436
0.00192156
0.00195254
0.00197874
0.00200089
0.00201852
0.00203001
0.00203283
0.0020242
0.00200197
0.00196529
0.00191506
0.00185387
0.0017855
0.00171419
0.00164381
0.00157734
0.00151663
0.00146258
0.00141538
0.00137476
0.00134023
0.0013111
0.00128665
0.00126617
0.00124902
0.00123465
0.00122258
0.00121243
0.0012039
0.00119672
0.00119068
0.00118559
0.00118132
0.00117772
0.00117471
0.00117218
0.00117006
0.00116828
0.0011668
0.00116556
0.00116453
0.00116367
0.00116295
0.00116235
0.00116186
0.00116144
0.00116109
0.00116081
0.00116057
0.00116036
0.00116019
0.00116005
0.00115993
0.00115983
0.00115975
0.00115968
0.00115961
0.00115956
0.00115952
0.00115948
0.00115945
0.00115942
0.00115939
0.00115937
0.00115935
0.00115933
0.00115932
0.0011593
0.00115929
0.00115928
0.00115927
0.00115926
0.00115926
0.00115925
0.00115924
0.00115924
0.00115923
0.00115923
0.00115922
0.0011592
0.00108312
0.0010849
0.0010889
0.00109616
0.00110782
0.00112493
0.00114841
0.00117889
0.00121666
0.00126158
0.00131304
0.00136992
0.00143064
0.00149334
0.00155598
0.00161649
0.00167294
0.00172381
0.00176826
0.0018063
0.00183867
0.00186645
0.0018906
0.00191159
0.00192905
0.0019417
0.00194745
0.00194382
0.00192859
0.00190054
0.00185992
0.00180852
0.00174939
0.00168624
0.00162266
0.00156161
0.00150508
0.00145418
0.00140931
0.0013704
0.00133708
0.00130882
0.00128499
0.00126497
0.00124817
0.00123407
0.00122222
0.00121225
0.00120386
0.00119679
0.00119084
0.00118582
0.00118158
0.00117802
0.00117501
0.00117248
0.00117035
0.00116856
0.00116706
0.00116579
0.00116473
0.00116384
0.00116309
0.00116246
0.00116193
0.00116149
0.00116111
0.0011608
0.00116053
0.00116031
0.00116012
0.00115996
0.00115982
0.0011597
0.0011596
0.00115951
0.00115944
0.00115938
0.00115932
0.00115927
0.00115923
0.0011592
0.00115916
0.00115914
0.00115911
0.00115909
0.00115907
0.00115906
0.00115904
0.00115903
0.00115902
0.001159
0.00115899
0.00115899
0.00115898
0.00115897
0.00115896
0.00115896
0.00115895
0.00115893
0.00112801
0.00113055
0.00113516
0.00114272
0.00115419
0.00117041
0.00119204
0.00121942
0.00125253
0.00129096
0.00133399
0.00138057
0.00142944
0.0014793
0.00152885
0.00157684
0.00162213
0.00166375
0.0017011
0.00173407
0.00176305
0.00178865
0.00181143
0.00183163
0.00184892
0.00186227
0.00187002
0.00187004
0.00186026
0.00183927
0.00180684
0.00176412
0.00171346
0.001658
0.001601
0.00154528
0.00149293
0.00144522
0.00140273
0.00136557
0.00133352
0.00130616
0.00128299
0.00126344
0.00124699
0.00123316
0.00122153
0.00121174
0.00120349
0.00119654
0.00119068
0.00118574
0.00118156
0.00117804
0.00117507
0.00117255
0.00117044
0.00116865
0.00116714
0.00116587
0.00116479
0.00116388
0.00116312
0.00116247
0.00116192
0.00116146
0.00116107
0.00116073
0.00116045
0.00116021
0.00116
0.00115982
0.00115967
0.00115954
0.00115943
0.00115934
0.00115925
0.00115918
0.00115912
0.00115906
0.00115902
0.00115897
0.00115894
0.00115891
0.00115888
0.00115885
0.00115883
0.00115881
0.00115879
0.00115878
0.00115876
0.00115875
0.00115874
0.00115873
0.00115872
0.00115871
0.00115871
0.0011587
0.00115869
0.00115866
0.00115218
0.00115533
0.0011604
0.00116815
0.00117939
0.0011948
0.00121481
0.00123955
0.00126879
0.00130198
0.00133835
0.00137693
0.00141675
0.00145692
0.00149668
0.00153538
0.00157241
0.00160719
0.00163928
0.0016685
0.00169498
0.00171901
0.00174083
0.00176047
0.00177758
0.00179135
0.00180042
0.00180304
0.00179739
0.00178204
0.00175644
0.00172122
0.00167814
0.00162979
0.00157902
0.0015285
0.00148029
0.00143578
0.00139571
0.00136035
0.00132961
0.0013032
0.00128071
0.00126165
0.00124557
0.00123201
0.00122059
0.00121097
0.00120287
0.00119603
0.00119027
0.0011854
0.00118129
0.00117782
0.00117489
0.00117241
0.00117031
0.00116854
0.00116704
0.00116577
0.0011647
0.00116379
0.00116302
0.00116237
0.00116181
0.00116134
0.00116093
0.00116059
0.0011603
0.00116005
0.00115983
0.00115965
0.00115949
0.00115935
0.00115923
0.00115913
0.00115904
0.00115896
0.0011589
0.00115884
0.00115878
0.00115874
0.0011587
0.00115866
0.00115863
0.00115861
0.00115858
0.00115856
0.00115854
0.00115852
0.00115851
0.0011585
0.00115848
0.00115847
0.00115846
0.00115845
0.00115845
0.00115844
0.00115843
0.0011584
0.00116378
0.00116728
0.00117259
0.00118037
0.00119131
0.00120594
0.00122454
0.00124706
0.00127313
0.00130211
0.0013332
0.00136556
0.00139842
0.0014312
0.00146354
0.00149522
0.00152599
0.00155557
0.00158361
0.0016099
0.0016344
0.00165715
0.00167818
0.00169735
0.00171427
0.00172824
0.00173817
0.00174264
0.00174007
0.00172912
0.0017091
0.00168025
0.00164384
0.00160192
0.00155698
0.00151142
0.00146726
0.00142593
0.00138831
0.00135479
0.00132541
0.00129999
0.00127821
0.00125967
0.00124396
0.00123069
0.00121948
0.00121003
0.00120206
0.00119533
0.00118966
0.00118487
0.00118082
0.00117741
0.00117452
0.00117208
0.00117001
0.00116827
0.00116679
0.00116553
0.00116447
0.00116357
0.0011628
0.00116215
0.0011616
0.00116112
0.00116072
0.00116038
0.00116008
0.00115983
0.00115961
0.00115942
0.00115926
0.00115912
0.00115899
0.00115889
0.0011588
0.00115872
0.00115865
0.00115858
0.00115853
0.00115848
0.00115844
0.00115841
0.00115837
0.00115834
0.00115832
0.0011583
0.00115828
0.00115826
0.00115824
0.00115823
0.00115822
0.0011582
0.00115819
0.00115818
0.00115818
0.00115817
0.00115816
0.00115813
0.00116857
0.00117219
0.00117753
0.00118519
0.00119573
0.0012096
0.00122693
0.00124756
0.001271
0.00129657
0.00132345
0.00135089
0.0013783
0.00140533
0.00143192
0.00145814
0.00148403
0.00150948
0.00153425
0.00155811
0.00158089
0.00160249
0.00162277
0.00164146
0.00165814
0.00167216
0.00168262
0.00168837
0.00168808
0.00168055
0.00166503
0.00164151
0.00161086
0.00157469
0.0015351
0.00149422
0.00145397
0.00141578
0.00138061
0.00134895
0.00132097
0.00129658
0.00127554
0.00125755
0.00124223
0.00122925
0.00121826
0.00120897
0.00120113
0.00119451
0.00118893
0.00118421
0.00118023
0.00117686
0.00117402
0.00117162
0.00116959
0.00116787
0.00116641
0.00116518
0.00116413
0.00116324
0.00116249
0.00116185
0.0011613
0.00116083
0.00116043
0.00116009
0.0011598
0.00115954
0.00115933
0.00115914
0.00115898
0.00115884
0.00115872
0.00115861
0.00115852
0.00115844
0.00115837
0.00115831
0.00115825
0.0011582
0.00115816
0.00115812
0.00115809
0.00115806
0.00115804
0.00115801
0.00115799
0.00115798
0.00115796
0.00115795
0.00115793
0.00115792
0.00115791
0.0011579
0.00115789
0.00115789
0.00115788
0.00115785
0.00117006
0.00117364
0.00117886
0.00118627
0.00119636
0.00120947
0.00122566
0.00124465
0.0012659
0.00128865
0.0013121
0.00133558
0.00135862
0.00138108
0.00140309
0.00142494
0.00144688
0.00146894
0.00149095
0.00151267
0.00153387
0.00155435
0.00157384
0.00159199
0.00160833
0.00162227
0.00163304
0.00163968
0.00164107
0.00163618
0.00162426
0.00160515
0.00157943
0.00154833
0.00151358
0.00147707
0.00144054
0.00140541
0.00137266
0.00134288
0.00131632
0.001293
0.00127274
0.00125532
0.00124041
0.00122773
0.00121697
0.00120785
0.00120014
0.00119363
0.00118812
0.00118348
0.00117955
0.00117624
0.00117344
0.00117108
0.00116908
0.00116739
0.00116596
0.00116475
0.00116372
0.00116285
0.00116211
0.00116148
0.00116094
0.00116048
0.00116009
0.00115976
0.00115947
0.00115922
0.00115901
0.00115883
0.00115867
0.00115853
0.00115841
0.00115831
0.00115821
0.00115814
0.00115807
0.001158
0.00115795
0.0011579
0.00115786
0.00115783
0.00115779
0.00115777
0.00115774
0.00115772
0.0011577
0.00115768
0.00115766
0.00115765
0.00115764
0.00115762
0.00115761
0.0011576
0.00115759
0.00115759
0.00115758
0.00115755
0.00117012
0.00117357
0.00117859
0.00118568
0.00119529
0.00120769
0.00122284
0.0012404
0.00125977
0.00128016
0.00130078
0.00132101
0.00134048
0.00135921
0.00137748
0.00139575
0.0014144
0.00143358
0.00145317
0.00147295
0.00149265
0.00151199
0.00153063
0.00154816
0.00156409
0.00157784
0.00158874
0.00159597
0.00159861
0.00159575
0.00158671
0.00157124
0.0015497
0.00152302
0.00149262
0.00146013
0.00142711
0.00139492
0.00136456
0.00133664
0.00131152
0.00128928
0.00126983
0.001253
0.00123853
0.00122617
0.00121564
0.0012067
0.00119913
0.00119272
0.0011873
0.00118272
0.00117885
0.00117558
0.00117283
0.0011705
0.00116853
0.00116687
0.00116546
0.00116427
0.00116327
0.00116241
0.00116169
0.00116107
0.00116055
0.0011601
0.00115972
0.00115939
0.00115911
0.00115887
0.00115867
0.00115849
0.00115834
0.0011582
0.00115809
0.00115798
0.0011579
0.00115782
0.00115775
0.00115769
0.00115764
0.0011576
0.00115756
0.00115752
0.00115749
0.00115746
0.00115744
0.00115741
0.00115739
0.00115738
0.00115736
0.00115735
0.00115733
0.00115732
0.00115731
0.0011573
0.00115729
0.00115729
0.00115728
0.00115725
0.00116963
0.00117291
0.00117769
0.00118445
0.00119359
0.00120531
0.00121953
0.00123585
0.00125361
0.00127199
0.00129023
0.00130775
0.00132426
0.00133989
0.00135505
0.00137032
0.00138619
0.00140287
0.00142032
0.0014383
0.00145655
0.00147474
0.00149248
0.00150932
0.00152474
0.0015382
0.00154909
0.0015567
0.00156025
0.00155897
0.00155223
0.00153976
0.00152174
0.0014989
0.00147237
0.00144353
0.00141379
0.00138441
0.00135635
0.00133028
0.0013066
0.00128546
0.00126684
0.00125062
0.00123661
0.00122458
0.0012143
0.00120555
0.00119811
0.00119181
0.00118647
0.00118196
0.00117815
0.00117493
0.00117221
0.00116991
0.00116798
0.00116634
0.00116496
0.00116379
0.0011628
0.00116197
0.00116126
0.00116066
0.00116015
0.00115971
0.00115934
0.00115902
0.00115875
0.00115852
0.00115832
0.00115815
0.001158
0.00115787
0.00115776
0.00115766
0.00115758
0.00115751
0.00115744
0.00115738
0.00115733
0.00115729
0.00115725
0.00115722
0.00115719
0.00115716
0.00115714
0.00115711
0.0011571
0.00115708
0.00115706
0.00115705
0.00115704
0.00115702
0.00115701
0.00115701
0.001157
0.00115699
0.00115698
0.00115695
0.00116897
0.00117207
0.0011766
0.00118303
0.00119172
0.00120283
0.00121623
0.00123147
0.00124784
0.00126451
0.00128073
0.00129596
0.00130999
0.00132301
0.00133556
0.00134828
0.00136175
0.00137624
0.00139176
0.00140808
0.00142494
0.00144197
0.00145877
0.00147485
0.0014897
0.00150279
0.00151355
0.00152137
0.00152559
0.00152553
0.00152064
0.00151062
0.00149558
0.00147604
0.00145293
0.0014274
0.0014007
0.00137395
0.00134811
0.00132385
0.00130159
0.00128155
0.00126378
0.00124819
0.00123465
0.00122297
0.00121295
0.00120439
0.0011971
0.00119091
0.00118566
0.00118122
0.00117746
0.00117429
0.00117161
0.00116934
0.00116744
0.00116583
0.00116447
0.00116332
0.00116235
0.00116153
0.00116084
0.00116025
0.00115976
0.00115933
0.00115897
0.00115867
0.0011584
0.00115818
0.00115799
0.00115782
0.00115768
0.00115756
0.00115745
0.00115736
0.00115728
0.0011572
0.00115714
0.00115709
0.00115704
0.001157
0.00115696
0.00115693
0.0011569
0.00115687
0.00115685
0.00115683
0.00115681
0.00115679
0.00115678
0.00115677
0.00115675
0.00115674
0.00115673
0.00115672
0.00115671
0.00115671
0.0011567
0.00115667
0.00116826
0.00117118
0.00117548
0.00118161
0.00118989
0.00120046
0.00121314
0.00122743
0.0012426
0.00125781
0.00127231
0.00128559
0.00129751
0.00130834
0.00131865
0.0013292
0.00134059
0.00135316
0.00136692
0.00138171
0.00139723
0.00141312
0.00142896
0.00144425
0.00145847
0.00147112
0.00148167
0.00148958
0.00149426
0.00149514
0.00149173
0.00148374
0.00147121
0.00145452
0.0014344
0.00141184
0.00138791
0.00136364
0.00133991
0.00131739
0.00129653
0.0012776
0.00126067
0.00124573
0.00123267
0.00122136
0.00121161
0.00120325
0.00119611
0.00119004
0.00118488
0.0011805
0.0011768
0.00117367
0.00117103
0.0011688
0.00116692
0.00116534
0.001164
0.00116287
0.00116192
0.00116112
0.00116044
0.00115987
0.00115938
0.00115897
0.00115862
0.00115833
0.00115807
0.00115786
0.00115767
0.00115751
0.00115738
0.00115726
0.00115716
0.00115707
0.00115699
0.00115692
0.00115686
0.00115681
0.00115677
0.00115673
0.00115669
0.00115666
0.00115663
0.00115661
0.00115658
0.00115656
0.00115655
0.00115653
0.00115652
0.0011565
0.00115649
0.00115648
0.00115647
0.00115646
0.00115645
0.00115645
0.00115644
0.0011564
0.00116757
0.00117032
0.0011744
0.00118025
0.00118817
0.00119826
0.0012103
0.00122377
0.0012379
0.00125186
0.00126489
0.00127651
0.00128664
0.00129559
0.00130401
0.00131268
0.00132227
0.00133313
0.00134532
0.00135867
0.00137293
0.00138771
0.00140259
0.00141707
0.00143063
0.00144278
0.00145305
0.00146094
0.00146594
0.00146754
0.00146532
0.00145901
0.00144858
0.00143433
0.00141684
0.00139693
0.00137552
0.00135354
0.0013318
0.00131095
0.00129146
0.00127361
0.00125753
0.00124324
0.00123068
0.00121974
0.00121027
0.00120212
0.00119514
0.00118919
0.00118412
0.00117982
0.00117617
0.00117309
0.00117049
0.00116829
0.00116644
0.00116488
0.00116356
0.00116246
0.00116152
0.00116074
0.00116007
0.00115951
0.00115904
0.00115864
0.0011583
0.00115801
0.00115777
0.00115756
0.00115738
0.00115723
0.0011571
0.00115698
0.00115689
0.0011568
0.00115673
0.00115666
0.00115661
0.00115656
0.00115652
0.00115648
0.00115644
0.00115641
0.00115639
0.00115636
0.00115634
0.00115632
0.00115631
0.00115629
0.00115628
0.00115626
0.00115625
0.00115624
0.00115623
0.00115622
0.00115621
0.00115621
0.0011562
0.00115616
0.0011669
0.00116949
0.00117339
0.00117898
0.00118658
0.00119625
0.00120774
0.00122049
0.00123373
0.00124659
0.00125836
0.00126857
0.00127717
0.00128452
0.00129132
0.00129838
0.00130639
0.00131573
0.0013265
0.00133855
0.00135161
0.00136533
0.00137926
0.00139291
0.00140579
0.00141743
0.00142736
0.00143515
0.00144034
0.00144249
0.00144122
0.00143629
0.00142764
0.00141548
0.00140028
0.00138272
0.0013636
0.00134372
0.00132384
0.00130459
0.00128641
0.00126962
0.00125438
0.00124074
0.00122868
0.00121812
0.00120894
0.00120101
0.00119419
0.00118836
0.00118339
0.00117916
0.00117558
0.00117254
0.00116998
0.00116781
0.00116599
0.00116445
0.00116316
0.00116207
0.00116115
0.00116038
0.00115973
0.00115919
0.00115872
0.00115834
0.00115801
0.00115773
0.00115749
0.00115729
0.00115712
0.00115697
0.00115684
0.00115674
0.00115664
0.00115656
0.00115649
0.00115643
0.00115638
0.00115633
0.00115629
0.00115625
0.00115622
0.00115619
0.00115617
0.00115614
0.00115612
0.00115611
0.00115609
0.00115607
0.00115606
0.00115605
0.00115604
0.00115603
0.00115602
0.00115601
0.001156
0.00115599
0.00115598
0.00115595
0.00116627
0.00116872
0.00117244
0.00117781
0.00118513
0.00119442
0.00120543
0.00121756
0.00123002
0.00124195
0.00125263
0.00126163
0.00126892
0.00127491
0.00128031
0.00128598
0.00129262
0.00130062
0.00131011
0.00132095
0.00133289
0.00134559
0.00135861
0.00137145
0.00138365
0.00139474
0.0014043
0.00141192
0.00141721
0.00141977
0.00141927
0.00141547
0.00140831
0.00139794
0.00138474
0.00136926
0.00135219
0.00133424
0.00131609
0.00129833
0.00128141
0.00126565
0.00125123
0.00123824
0.00122668
0.0012165
0.00120762
0.00119991
0.00119326
0.00118756
0.00118269
0.00117854
0.00117501
0.00117203
0.0011695
0.00116737
0.00116557
0.00116406
0.00116278
0.00116171
0.00116081
0.00116006
0.00115942
0.00115889
0.00115844
0.00115806
0.00115774
0.00115747
0.00115724
0.00115704
0.00115688
0.00115674
0.00115661
0.00115651
0.00115642
0.00115635
0.00115628
0.00115622
0.00115617
0.00115613
0.00115609
0.00115605
0.00115602
0.00115599
0.00115597
0.00115595
0.00115593
0.00115591
0.00115589
0.00115588
0.00115587
0.00115585
0.00115584
0.00115583
0.00115582
0.00115581
0.0011558
0.0011558
0.00115579
0.00115576
0.00116568
0.001168
0.00117156
0.00117674
0.0011838
0.00119277
0.00120335
0.00121494
0.00122672
0.00123785
0.0012476
0.00125556
0.00126174
0.00126656
0.00127077
0.00127524
0.00128067
0.00128749
0.00129582
0.00130556
0.00131646
0.0013282
0.00134033
0.00135239
0.00136391
0.00137444
0.0013836
0.00139102
0.00139632
0.00139918
0.00139928
0.00139642
0.00139052
0.00138169
0.00137021
0.00135657
0.00134133
0.00132513
0.00130858
0.00129223
0.0012765
0.00126173
0.00124811
0.00123576
0.0012247
0.0012149
0.00120631
0.00119883
0.00119236
0.00118679
0.00118201
0.00117794
0.00117448
0.00117154
0.00116905
0.00116695
0.00116518
0.00116369
0.00116244
0.00116138
0.0011605
0.00115976
0.00115913
0.00115861
0.00115817
0.0011578
0.00115749
0.00115723
0.00115701
0.00115682
0.00115666
0.00115652
0.00115641
0.00115631
0.00115622
0.00115615
0.00115609
0.00115603
0.00115598
0.00115594
0.0011559
0.00115587
0.00115584
0.00115581
0.00115579
0.00115577
0.00115575
0.00115573
0.00115572
0.00115571
0.00115569
0.00115568
0.00115567
0.00115566
0.00115565
0.00115564
0.00115563
0.00115563
0.00115562
0.00115558
0.00116513
0.00116733
0.00117075
0.00117575
0.00118259
0.00119128
0.00120148
0.0012126
0.0012238
0.00123423
0.00124318
0.00125025
0.00125548
0.00125931
0.0012625
0.00126593
0.00127031
0.00127608
0.00128337
0.0012921
0.00130205
0.00131288
0.00132417
0.00133547
0.00134632
0.0013563
0.00136505
0.00137222
0.00137749
0.00138055
0.00138113
0.00137904
0.00137419
0.00136667
0.00135669
0.00134466
0.00133106
0.00131644
0.00130136
0.00128631
0.00127171
0.00125788
0.00124503
0.0012333
0.00122273
0.00121332
0.00120502
0.00119777
0.00119147
0.00118603
0.00118136
0.00117737
0.00117397
0.00117108
0.00116863
0.00116656
0.00116482
0.00116335
0.00116212
0.00116108
0.00116021
0.00115948
0.00115887
0.00115836
0.00115793
0.00115757
0.00115727
0.00115701
0.0011568
0.00115661
0.00115646
0.00115633
0.00115622
0.00115612
0.00115604
0.00115597
0.00115591
0.00115586
0.00115581
0.00115577
0.00115574
0.00115571
0.00115568
0.00115565
0.00115563
0.00115561
0.00115559
0.00115558
0.00115556
0.00115555
0.00115554
0.00115552
0.00115551
0.0011555
0.00115549
0.00115549
0.00115548
0.00115547
0.00115546
0.00115543
0.00116461
0.00116671
0.00117
0.00117485
0.0011815
0.00118993
0.00119981
0.00121052
0.00122121
0.00123103
0.0012393
0.00124562
0.00125004
0.00125302
0.00125534
0.00125787
0.00126133
0.00126616
0.00127252
0.00128033
0.0012894
0.00129938
0.00130989
0.00132046
0.00133067
0.00134011
0.00134843
0.00135534
0.00136052
0.00136371
0.00136466
0.0013632
0.00135924
0.00135283
0.00134416
0.00133353
0.00132138
0.00130819
0.00129444
0.0012806
0.00126706
0.00125412
0.00124202
0.00123089
0.0012208
0.00121176
0.00120376
0.00119673
0.00119061
0.0011853
0.00118074
0.00117682
0.00117348
0.00117064
0.00116823
0.0011662
0.00116448
0.00116303
0.00116182
0.0011608
0.00115994
0.00115923
0.00115863
0.00115813
0.00115771
0.00115735
0.00115706
0.00115681
0.0011566
0.00115643
0.00115628
0.00115615
0.00115605
0.00115596
0.00115588
0.00115581
0.00115575
0.0011557
0.00115566
0.00115562
0.00115559
0.00115556
0.00115553
0.00115551
0.00115549
0.00115547
0.00115545
0.00115543
0.00115542
0.00115541
0.0011554
0.00115538
0.00115537
0.00115536
0.00115535
0.00115535
0.00115534
0.00115533
0.00115532
0.00115529
0.00116414
0.00116615
0.00116933
0.00117404
0.00118051
0.00118872
0.00119831
0.00120866
0.00121891
0.00122821
0.00123589
0.00124157
0.00124531
0.00124757
0.00124915
0.0012509
0.00125355
0.00125756
0.00126308
0.00127006
0.00127831
0.00128751
0.00129727
0.00130716
0.00131674
0.00132566
0.00133357
0.00134019
0.00134526
0.00134852
0.00134975
0.00134881
0.00134559
0.00134013
0.00133257
0.00132319
0.00131232
0.0013004
0.00128786
0.00127513
0.00126257
0.00125048
0.00123908
0.00122852
0.0012189
0.00121024
0.00120252
0.00119572
0.00118977
0.0011846
0.00118013
0.0011763
0.00117302
0.00117023
0.00116786
0.00116585
0.00116416
0.00116274
0.00116154
0.00116054
0.0011597
0.00115899
0.00115841
0.00115791
0.0011575
0.00115716
0.00115687
0.00115663
0.00115643
0.00115626
0.00115612
0.00115599
0.00115589
0.0011558
0.00115573
0.00115567
0.00115561
0.00115556
0.00115552
0.00115548
0.00115545
0.00115542
0.0011554
0.00115538
0.00115536
0.00115534
0.00115532
0.00115531
0.00115529
0.00115528
0.00115527
0.00115526
0.00115525
0.00115524
0.00115523
0.00115522
0.00115521
0.0011552
0.00115519
0.00115516
0.00116371
0.00116563
0.00116871
0.0011733
0.00117962
0.00118763
0.00119697
0.001207
0.00121687
0.00122573
0.00123291
0.00123805
0.0012412
0.00124286
0.0012438
0.00124488
0.00124683
0.00125011
0.00125488
0.0012611
0.0012686
0.00127708
0.00128615
0.00129538
0.00130438
0.00131279
0.00132029
0.00132662
0.00133154
0.00133483
0.00133628
0.00133575
0.00133315
0.0013285
0.00132191
0.0013136
0.00130387
0.00129309
0.00128164
0.00126992
0.00125827
0.00124696
0.00123623
0.00122623
0.00121705
0.00120875
0.00120132
0.00119474
0.00118896
0.00118392
0.00117956
0.0011758
0.00117259
0.00116984
0.00116751
0.00116554
0.00116387
0.00116247
0.00116129
0.0011603
0.00115947
0.00115878
0.0011582
0.00115772
0.00115732
0.00115698
0.0011567
0.00115646
0.00115627
0.0011561
0.00115596
0.00115585
0.00115575
0.00115567
0.00115559
0.00115553
0.00115548
0.00115543
0.00115539
0.00115536
0.00115533
0.0011553
0.00115528
0.00115526
0.00115524
0.00115522
0.0011552
0.00115519
0.00115518
0.00115516
0.00115515
0.00115514
0.00115513
0.00115512
0.00115511
0.0011551
0.0011551
0.00115509
0.00115508
0.00115505
0.00116332
0.00116517
0.00116816
0.00117264
0.00117882
0.00118665
0.00119577
0.00120552
0.00121506
0.00122354
0.0012303
0.00123498
0.00123765
0.00123879
0.00123919
0.00123969
0.00124104
0.00124366
0.00124776
0.00125331
0.00126013
0.00126793
0.00127635
0.00128498
0.00129343
0.00130135
0.00130846
0.0013145
0.00131926
0.00132253
0.00132414
0.00132394
0.00132186
0.0013179
0.00131214
0.00130476
0.00129603
0.00128626
0.0012758
0.001265
0.00125417
0.0012436
0.00123349
0.00122402
0.00121527
0.00120731
0.00120015
0.00119379
0.00118818
0.00118327
0.00117901
0.00117533
0.00117217
0.00116948
0.00116718
0.00116524
0.00116359
0.00116221
0.00116105
0.00116008
0.00115926
0.00115858
0.00115801
0.00115754
0.00115714
0.00115681
0.00115654
0.00115631
0.00115612
0.00115596
0.00115583
0.00115571
0.00115562
0.00115554
0.00115547
0.00115541
0.00115536
0.00115532
0.00115528
0.00115525
0.00115522
0.00115519
0.00115517
0.00115515
0.00115513
0.00115511
0.0011551
0.00115508
0.00115507
0.00115506
0.00115505
0.00115504
0.00115503
0.00115502
0.00115501
0.001155
0.00115499
0.00115499
0.00115498
0.00115494
0.00116297
0.00116475
0.00116766
0.00117204
0.0011781
0.00118577
0.00119469
0.0012042
0.00121346
0.00122162
0.00122802
0.00123232
0.00123458
0.00123529
0.00123523
0.00123524
0.00123605
0.00123811
0.00124161
0.00124654
0.00125274
0.00125993
0.00126776
0.00127583
0.00128375
0.00129122
0.00129794
0.0013037
0.00130829
0.00131152
0.00131324
0.00131332
0.00131168
0.0013083
0.00130325
0.00129669
0.00128883
0.00127995
0.00127036
0.00126039
0.00125032
0.00124042
0.00123089
0.00122191
0.00121356
0.00120593
0.00119904
0.00119288
0.00118743
0.00118265
0.00117848
0.00117488
0.00117178
0.00116913
0.00116687
0.00116496
0.00116334
0.00116198
0.00116083
0.00115987
0.00115907
0.0011584
0.00115784
0.00115737
0.00115698
0.00115666
0.00115639
0.00115617
0.00115598
0.00115583
0.0011557
0.00115559
0.0011555
0.00115542
0.00115535
0.0011553
0.00115525
0.00115521
0.00115517
0.00115514
0.00115511
0.00115509
0.00115507
0.00115505
0.00115503
0.00115501
0.001155
0.00115498
0.00115497
0.00115496
0.00115495
0.00115494
0.00115493
0.00115492
0.00115491
0.0011549
0.00115489
0.00115489
0.00115488
0.00115484
0.00116265
0.00116437
0.00116721
0.00117151
0.00117745
0.00118499
0.00119373
0.00120303
0.00121204
0.00121992
0.00122602
0.00123
0.00123193
0.00123228
0.00123183
0.00123142
0.00123177
0.00123333
0.0012363
0.00124068
0.00124633
0.00125297
0.00126025
0.0012678
0.00127525
0.0012823
0.00128867
0.00129416
0.00129859
0.00130178
0.00130359
0.0013039
0.00130263
0.00129975
0.00129532
0.00128946
0.00128235
0.00127425
0.00126543
0.00125619
0.00124679
0.00123749
0.00122849
0.00121995
0.00121198
0.00120465
0.001198
0.00119203
0.00118673
0.00118207
0.001178
0.00117447
0.00117142
0.00116881
0.00116659
0.0011647
0.0011631
0.00116175
0.00116062
0.00115967
0.00115888
0.00115822
0.00115767
0.00115721
0.00115683
0.00115651
0.00115625
0.00115603
0.00115585
0.0011557
0.00115557
0.00115547
0.00115538
0.0011553
0.00115524
0.00115519
0.00115514
0.0011551
0.00115506
0.00115503
0.00115501
0.00115498
0.00115496
0.00115494
0.00115493
0.00115491
0.0011549
0.00115488
0.00115487
0.00115486
0.00115485
0.00115484
0.00115483
0.00115482
0.00115481
0.0011548
0.0011548
0.00115479
0.00115478
0.00115475
0.00116237
0.00116404
0.00116682
0.00117103
0.00117687
0.00118428
0.00119287
0.00120198
0.00121077
0.00121842
0.00122426
0.00122797
0.00122962
0.00122967
0.0012289
0.00122814
0.0012281
0.00122923
0.00123175
0.00123565
0.0012408
0.00124695
0.00125376
0.00126086
0.0012679
0.00127458
0.00128066
0.00128594
0.00129024
0.00129342
0.00129532
0.00129584
0.0012949
0.00129247
0.00128856
0.0012833
0.00127683
0.00126938
0.00126121
0.00125259
0.00124376
0.00123497
0.00122642
0.00121826
0.0012106
0.00120353
0.00119709
0.00119129
0.00118612
0.00118156
0.00117756
0.00117409
0.00117109
0.00116852
0.00116632
0.00116445
0.00116287
0.00116154
0.00116042
0.00115948
0.00115869
0.00115804
0.00115749
0.00115704
0.00115667
0.00115635
0.0011561
0.00115588
0.0011557
0.00115555
0.00115543
0.00115533
0.00115524
0.00115517
0.00115511
0.00115505
0.00115501
0.00115497
0.00115494
0.00115491
0.00115488
0.00115486
0.00115484
0.00115482
0.00115481
0.00115479
0.00115478
0.00115476
0.00115475
0.00115474
0.00115473
0.00115472
0.00115471
0.0011547
0.00115469
0.00115468
0.00115468
0.00115467
0.00115466
0.00115463
0.00116213
0.00116374
0.00116646
0.0011706
0.00117634
0.00118363
0.00119207
0.00120099
0.00120958
0.00121701
0.00122263
0.0012261
0.00122751
0.00122733
0.0012263
0.00122526
0.0012249
0.00122569
0.00122783
0.00123133
0.00123609
0.00124184
0.00124826
0.00125501
0.00126175
0.00126818
0.00127407
0.00127924
0.00128352
0.00128675
0.0012888
0.00128956
0.00128894
0.00128689
0.00128344
0.00127867
0.00127272
0.00126579
0.00125812
0.00124996
0.00124156
0.00123315
0.00122493
0.00121704
0.0012096
0.00120271
0.00119641
0.00119072
0.00118563
0.00118113
0.00117718
0.00117374
0.00117076
0.00116821
0.00116602
0.00116416
0.00116259
0.00116126
0.00116015
0.00115921
0.00115843
0.00115778
0.00115724
0.00115679
0.00115642
0.00115611
0.00115585
0.00115564
0.00115546
0.00115531
0.00115519
0.00115509
0.001155
0.00115493
0.00115487
0.00115482
0.00115478
0.00115474
0.00115471
0.00115468
0.00115465
0.00115463
0.00115461
0.00115459
0.00115458
0.00115456
0.00115455
0.00115453
0.00115452
0.00115451
0.0011545
0.00115449
0.00115448
0.00115447
0.00115446
0.00115445
0.00115445
0.00115444
0.00115443
0.00115439
0.00116186
0.00116342
0.00116606
0.00117011
0.00117573
0.00118287
0.00119112
0.00119984
0.0012082
0.00121539
0.00122077
0.00122403
0.00122523
0.00122486
0.00122365
0.00122241
0.00122185
0.0012224
0.00122429
0.00122753
0.00123202
0.00123753
0.00124374
0.00125031
0.00125692
0.0012633
0.0012692
0.00127443
0.00127883
0.00128224
0.00128453
0.00128558
0.00128528
0.0012836
0.00128052
0.00127613
0.00127054
0.00126396
0.00125661
0.00124873
0.00124056
0.00123234
0.00122426
0.00121648
0.00120911
0.00120226
0.00119598
0.00119029
0.0011852
0.00118068
0.00117672
0.00117326
0.00117027
0.00116769
0.00116549
0.00116361
0.00116202
0.00116069
0.00115956
0.00115861
0.00115783
0.00115717
0.00115662
0.00115617
0.00115579
0.00115548
0.00115522
0.001155
0.00115482
0.00115467
0.00115455
0.00115445
0.00115436
0.00115429
0.00115423
0.00115418
0.00115413
0.00115409
0.00115406
0.00115403
0.001154
0.00115398
0.00115396
0.00115394
0.00115392
0.00115391
0.00115389
0.00115388
0.00115387
0.00115386
0.00115384
0.00115383
0.00115382
0.00115381
0.0011538
0.00115379
0.00115378
0.00115378
0.00115377
0.00115372
0.0011613
0.00116274
0.00116524
0.0011691
0.00117451
0.00118137
0.00118932
0.00119769
0.00120569
0.00121253
0.00121761
0.00122062
0.00122165
0.00122115
0.00121987
0.0012186
0.00121801
0.00121854
0.0012204
0.00122361
0.00122808
0.00123358
0.00123983
0.00124649
0.00125324
0.0012598
0.00126592
0.00127141
0.00127609
0.00127979
0.00128238
0.00128371
0.0012837
0.00128229
0.00127947
0.0012753
0.00126991
0.00126349
0.00125625
0.00124845
0.00124031
0.00123206
0.00122392
0.00121604
0.00120855
0.00120157
0.00119515
0.00118932
0.00118409
0.00117945
0.00117537
0.0011718
0.00116872
0.00116606
0.00116379
0.00116185
0.00116021
0.00115883
0.00115766
0.00115668
0.00115587
0.00115518
0.00115462
0.00115414
0.00115375
0.00115343
0.00115315
0.00115293
0.00115274
0.00115259
0.00115246
0.00115235
0.00115225
0.00115218
0.00115211
0.00115205
0.001152
0.00115196
0.00115193
0.00115189
0.00115186
0.00115184
0.00115181
0.00115179
0.00115177
0.00115175
0.00115174
0.00115172
0.0011517
0.00115169
0.00115168
0.00115166
0.00115165
0.00115164
0.00115163
0.00115161
0.0011516
0.00115159
0.00115159
0.00115152
0.00115915
0.00116028
0.00116241
0.00116583
0.00117071
0.00117698
0.00118426
0.00119193
0.00119926
0.00120551
0.00121012
0.00121282
0.00121371
0.00121325
0.00121215
0.00121116
0.00121092
0.00121182
0.00121403
0.00121758
0.00122235
0.00122814
0.00123466
0.00124159
0.00124861
0.00125542
0.00126177
0.00126745
0.00127227
0.00127609
0.00127875
0.00128014
0.00128016
0.00127878
0.00127598
0.00127185
0.00126649
0.00126009
0.00125286
0.00124502
0.00123681
0.00122846
0.00122016
0.00121208
0.00120439
0.00119717
0.0011905
0.00118443
0.00117897
0.00117411
0.00116983
0.00116608
0.00116283
0.00116003
0.00115763
0.00115558
0.00115385
0.00115238
0.00115114
0.0011501
0.00114923
0.0011485
0.00114789
0.00114738
0.00114696
0.0011466
0.00114631
0.00114606
0.00114585
0.00114568
0.00114553
0.00114541
0.0011453
0.00114521
0.00114514
0.00114507
0.00114501
0.00114496
0.00114491
0.00114487
0.00114483
0.0011448
0.00114477
0.00114474
0.00114471
0.00114469
0.00114466
0.00114464
0.00114462
0.0011446
0.00114458
0.00114456
0.00114454
0.00114452
0.0011445
0.00114449
0.00114447
0.00114445
0.00114445
0.00114434
0.00115052
0.00115084
0.00115206
0.00115447
0.0011582
0.0011632
0.00116915
0.00117551
0.00118162
0.00118687
0.00119077
0.00119313
0.00119405
0.00119398
0.00119354
0.00119341
0.00119409
0.00119587
0.00119884
0.00120293
0.00120804
0.00121394
0.00122038
0.00122706
0.00123367
0.00123993
0.00124561
0.00125054
0.00125456
0.00125758
0.00125949
0.00126021
0.00125969
0.0012579
0.00125486
0.00125063
0.00124531
0.00123906
0.00123205
0.00122447
0.00121652
0.00120841
0.0012003
0.00119237
0.00118475
0.00117756
0.00117087
0.00116474
0.00115919
0.00115423
0.00114982
0.00114596
0.00114259
0.00113967
0.00113716
0.00113501
0.00113318
0.00113163
0.00113031
0.00112921
0.00112827
0.00112749
0.00112683
0.00112628
0.00112581
0.00112542
0.00112509
0.00112482
0.00112458
0.00112438
0.00112421
0.00112407
0.00112394
0.00112383
0.00112373
0.00112364
0.00112357
0.0011235
0.00112344
0.00112338
0.00112332
0.00112328
0.00112323
0.00112319
0.00112314
0.00112311
0.00112307
0.00112303
0.001123
0.00112296
0.00112293
0.0011229
0.00112287
0.00112284
0.00112281
0.00112278
0.00112275
0.00112272
0.00112272
0.00112252
0.00111987
0.00111858
0.00111805
0.00111854
0.0011202
0.00112298
0.00112666
0.00113081
0.00113494
0.00113858
0.00114139
0.00114321
0.00114418
0.00114462
0.00114504
0.00114587
0.00114739
0.00114966
0.00115256
0.00115595
0.0011597
0.00116368
0.00116773
0.00117167
0.0011753
0.00117849
0.00118113
0.00118315
0.00118454
0.00118529
0.00118537
0.00118475
0.00118339
0.00118125
0.0011783
0.00117456
0.00117008
0.00116496
0.00115928
0.00115317
0.00114676
0.00114015
0.00113349
0.00112689
0.00112048
0.00111434
0.00110855
0.00110318
0.00109826
0.0010938
0.0010898
0.00108626
0.00108314
0.00108041
0.00107805
0.001076
0.00107425
0.00107275
0.00107148
0.00107039
0.00106947
0.0010687
0.00106804
0.00106748
0.001067
0.0010666
0.00106626
0.00106596
0.00106571
0.00106549
0.0010653
0.00106513
0.00106498
0.00106485
0.00106473
0.00106463
0.00106453
0.00106444
0.00106435
0.00106427
0.0010642
0.00106412
0.00106406
0.00106399
0.00106393
0.00106387
0.00106381
0.00106375
0.00106369
0.00106364
0.00106359
0.00106353
0.00106348
0.00106343
0.00106338
0.00106333
0.00106329
0.00106323
0.00106324
0.00106287
0.00101792
0.00101344
0.00100951
0.00100631
0.00100399
0.00100257
0.00100193
0.00100179
0.0010018
0.00100162
0.00100098
0.000999737
0.000997909
0.000995687
0.000993344
0.00099111
0.000989071
0.000987158
0.000985246
0.000983263
0.000981239
0.00097926
0.000977412
0.000975753
0.000974319
0.000973143
0.000972268
0.000971734
0.000971569
0.000971763
0.000972259
0.000972942
0.000973659
0.000974242
0.00097455
0.000974484
0.000973999
0.000973089
0.000971767
0.000970053
0.000967977
0.000965581
0.00096292
0.000960065
0.000957096
0.00095409
0.00095112
0.000948247
0.000945519
0.00094297
0.000940623
0.000938489
0.00093657
0.000934863
0.000933356
0.000932037
0.000930889
0.000929896
0.00092904
0.000928305
0.000927675
0.000927135
0.000926674
0.000926278
0.000925938
0.000925644
0.00092539
0.000925168
0.000924972
0.000924798
0.000924642
0.000924501
0.000924372
0.000924252
0.00092414
0.000924035
0.000923935
0.000923839
0.000923747
0.000923657
0.000923571
0.000923486
0.000923403
0.000923321
0.000923241
0.000923162
0.000923084
0.000923007
0.000922932
0.000922857
0.000922783
0.00092271
0.000922638
0.000922567
0.000922497
0.000922427
0.000922362
0.000922275
0.000922305
0.000921739
0.000686917
0.000675531
0.000664498
0.000654034
0.000644363
0.000635663
0.000628005
0.000621307
0.00061532
0.000609658
0.000603876
0.000597569
0.00059049
0.000582629
0.000574235
0.000565745
0.000557669
0.000550465
0.000544452
0.000539787
0.000536489
0.000534489
0.000533687
0.000533994
0.000535352
0.000537724
0.000541079
0.000545372
0.000550529
0.000556441
0.000562962
0.000569914
0.000577092
0.000584286
0.000591308
0.00059801
0.000604292
0.000610096
0.00061539
0.000620155
0.000624381
0.000628075
0.000631264
0.000633989
0.000636306
0.000638275
0.000639953
0.000641394
0.00064264
0.00064373
0.000644692
0.00064555
0.000646321
0.00064702
0.000647655
0.000648236
0.000648766
0.000649252
0.000649695
0.000650099
0.000650466
0.000650798
0.000651097
0.000651365
0.000651603
0.000651813
0.000651998
0.000652158
0.000652295
0.000652411
0.000652508
0.000652586
0.000652648
0.000652695
0.000652728
0.000652749
0.000652758
0.000652758
0.000652748
0.00065273
0.000652705
0.000652673
0.000652636
0.000652594
0.000652547
0.000652497
0.000652444
0.000652388
0.00065233
0.00065227
0.000652208
0.000652145
0.000652081
0.000652017
0.000651952
0.000651885
0.000651826
0.000651736
0.000651788
0.000651184
0.000245546
0.000241812
0.000238451
0.000235516
0.000233091
0.000231284
0.000230199
0.000229886
0.000230286
0.000231196
0.000232284
0.000233161
0.000233497
0.000233134
0.000232139
0.000230792
0.000229489
0.000228613
0.000228433
0.000229044
0.000230391
0.000232326
0.000234683
0.000237325
0.000240159
0.000243127
0.000246187
0.000249299
0.000252415
0.000255485
0.000258463
0.000261306
0.000263981
0.000266455
0.0002687
0.000270697
0.00027244
0.00027394
0.000275219
0.000276309
0.000277244
0.000278061
0.000278796
0.000279487
0.000280169
0.000280872
0.000281619
0.000282423
0.00028329
0.00028422
0.000285206
0.000286238
0.000287306
0.000288395
0.000289493
0.000290587
0.000291665
0.000292718
0.000293736
0.000294713
0.000295643
0.000296522
0.000297348
0.000298119
0.000298835
0.000299497
0.000300104
0.00030066
0.000301165
0.000301623
0.000302036
0.000302406
0.000302737
0.000303032
0.000303292
0.000303522
0.000303723
0.000303898
0.000304049
0.000304178
0.000304289
0.000304382
0.000304459
0.000304522
0.000304573
0.000304612
0.000304642
0.000304663
0.000304677
0.000304683
0.000304684
0.000304679
0.00030467
0.000304657
0.000304639
0.000304618
0.000304594
0.000304554
0.000304567
0.000304205
0.000202507
0.000203119
0.000203678
0.000204185
0.000204634
0.000205011
0.000205289
0.000205432
0.000205398
0.000205154
0.00020468
0.000203982
0.000203088
0.000202044
0.000200901
0.0001997
0.00019847
0.000197222
0.000195959
0.000194679
0.000193383
0.000192073
0.000190756
0.00018944
0.000188135
0.00018685
0.000185593
0.000184373
0.000183193
0.000182056
0.000180961
0.000179908
0.000178891
0.00017791
0.000176964
0.000176053
0.000175179
0.000174341
0.000173541
0.000172777
0.000172049
0.000171356
0.000170699
0.000170077
0.00016949
0.000168938
0.000168419
0.000167933
0.00016748
0.000167057
0.000166665
0.000166301
0.000165965
0.000165655
0.000165369
0.000165107
0.000164866
0.000164646
0.000164445
0.000164262
0.000164095
0.000163944
0.000163806
0.000163682
0.00016357
0.000163469
0.000163378
0.000163296
0.000163223
0.000163157
0.000163098
0.000163046
0.000163
0.000162958
0.000162922
0.00016289
0.000162861
0.000162836
0.000162814
0.000162795
0.000162779
0.000162764
0.000162752
0.000162741
0.000162732
0.000162724
0.000162718
0.000162713
0.000162708
0.000162705
0.000162702
0.000162699
0.000162698
0.000162697
0.000162696
0.000162695
0.000162695
0.000162696
0.000162694
0.000162704
5.01826e-05
0.000168341
0.000223872
0.000282098
0.000336684
0.000384689
0.000425954
0.000461416
0.000492105
0.00051884
0.000542284
0.000563046
0.000581366
0.000595725
0.00060561
0.000610516
0.000609964
0.000603655
0.00059156
0.000573956
0.000551478
0.00052517
0.00049606
0.000464534
0.00043153
0.000398344
0.000366277
0.00033638
0.000309318
0.00028539
0.000264675
0.000247219
0.000233093
0.000222291
0.00021457
0.000209407
0.000206145
0.00020418
0.000203068
0.000202524
0.000202378
0.000202521
0.000202878
0.000203389
0.000204006
0.000204689
0.000205409
0.000206143
0.000206875
0.00020759
0.000208281
0.000208941
0.000209567
0.000210157
0.000210708
0.000211222
0.000211699
0.00021214
0.000212546
0.00021292
0.000213262
0.000213575
0.000213861
0.000214121
0.000214358
0.000214573
0.000214768
0.000214945
0.000215104
0.000215248
0.000215378
0.000215495
0.0002156
0.000215694
0.000215779
0.000215855
0.000215923
0.000215984
0.000216038
0.000216087
0.00021613
0.000216169
0.000216203
0.000216234
0.000216262
0.000216286
0.000216308
0.000216328
0.000216345
0.000216361
0.000216375
0.000216388
0.000216399
0.000216409
0.000216418
0.000216427
0.000216434
0.000216442
0.000216445
0.000216468
0.000116798
0.000918208
0.00114407
0.00129865
0.0014624
0.00165202
0.00187174
0.00212072
0.00239428
0.00268401
0.00297625
0.00324881
0.00347644
0.00369418
0.00390071
0.00408407
0.00423003
0.00432573
0.00436244
0.00433623
0.00424777
0.00410226
0.00390922
0.00368234
0.00343667
0.00318662
0.00294408
0.00271618
0.0025033
0.00229886
0.00209263
0.00187756
0.00165639
0.00144265
0.00125364
0.00110076
0.000984849
0.000898926
0.000833774
0.00078189
0.000738616
0.000701543
0.000669501
0.000641816
0.00061795
0.000597395
0.000579681
0.000564388
0.000551157
0.000539684
0.000529712
0.000521025
0.000513439
0.0005068
0.000500976
0.000495855
0.000491344
0.000487361
0.000483839
0.000480718
0.000477949
0.000475488
0.000473297
0.000471346
0.000469606
0.000468052
0.000466664
0.000465423
0.000464313
0.000463319
0.000462428
0.000461629
0.000460913
0.000460271
0.000459694
0.000459176
0.00045871
0.000458291
0.000457914
0.000457574
0.000457267
0.00045699
0.000456739
0.000456512
0.000456305
0.000456118
0.000455947
0.000455791
0.000455648
0.000455516
0.000455395
0.000455283
0.000455179
0.000455082
0.000454991
0.000454906
0.000454828
0.000454735
0.000454742
0.000454253
0.000158233
0.00143805
0.00193608
0.0022262
0.00249668
0.00277276
0.00304296
0.00328946
0.00349904
0.0036693
0.00381097
0.00394619
0.00410141
0.00427754
0.00447531
0.00468608
0.00489001
0.0050599
0.00517
0.00520234
0.00514862
0.00501083
0.00480076
0.00453718
0.00424184
0.00393676
0.00364203
0.00337368
0.00314077
0.00294188
0.00276293
0.0025807
0.00237476
0.00214238
0.00190325
0.00168701
0.00151432
0.00138822
0.00129902
0.00123375
0.00118237
0.00113921
0.00110175
0.00106903
0.00104052
0.00101577
0.000994293
0.000975632
0.00095938
0.000945196
0.00093279
0.00092192
0.000912377
0.000903983
0.000896588
0.000890061
0.000884289
0.000879178
0.000874644
0.000870617
0.000867035
0.000863846
0.000861002
0.000858464
0.000856198
0.000854171
0.000852359
0.000850736
0.000849282
0.000847979
0.000846811
0.000845763
0.000844822
0.000843977
0.000843217
0.000842534
0.00084192
0.000841367
0.000840869
0.000840419
0.000840013
0.000839646
0.000839314
0.000839012
0.000838738
0.000838489
0.000838262
0.000838053
0.000837863
0.000837687
0.000837525
0.000837375
0.000837236
0.000837107
0.000836985
0.000836871
0.000836766
0.000836643
0.000836649
0.000836014
0.000180821
0.00165097
0.00237664
0.00275531
0.00304549
0.00329252
0.00348977
0.00362609
0.00369942
0.00372011
0.00370919
0.00369361
0.00370108
0.0037581
0.00389021
0.00410985
0.00440511
0.00473081
0.00502228
0.00522465
0.00530634
0.00526097
0.00510284
0.00485808
0.00455695
0.00422892
0.00390026
0.00359304
0.00332389
0.00310117
0.00292049
0.00276161
0.00259324
0.00239024
0.00215399
0.00191442
0.00170799
0.0015538
0.00144877
0.00137826
0.00132765
0.00128754
0.00125358
0.00122426
0.00119907
0.00117757
0.00115931
0.00114376
0.0011305
0.00111915
0.0011094
0.00110101
0.00109378
0.00108752
0.0010821
0.00107739
0.00107329
0.0010697
0.00106657
0.00106382
0.0010614
0.00105927
0.00105739
0.00105573
0.00105426
0.00105295
0.00105179
0.00105076
0.00104984
0.00104902
0.00104828
0.00104763
0.00104704
0.00104651
0.00104604
0.00104562
0.00104524
0.00104489
0.00104458
0.0010443
0.00104405
0.00104382
0.00104361
0.00104343
0.00104325
0.0010431
0.00104295
0.00104282
0.0010427
0.00104259
0.00104248
0.00104239
0.0010423
0.00104221
0.00104213
0.00104206
0.00104199
0.00104191
0.00104191
0.00104149
0.000192256
0.00167571
0.00254539
0.00297679
0.0032563
0.00345596
0.00358218
0.0036292
0.00359461
0.00348407
0.00331398
0.00311478
0.00293156
0.00281009
0.00279374
0.00292722
0.00325359
0.00375774
0.00431904
0.00479585
0.00510274
0.00521529
0.00515486
0.00496368
0.00468647
0.00436233
0.00402321
0.00369482
0.00339753
0.00314554
0.00294331
0.00278031
0.00262902
0.00245505
0.00224068
0.00200277
0.0017811
0.00160743
0.00148839
0.00141166
0.00136032
0.00132197
0.00129039
0.00126341
0.00124046
0.0012212
0.00120517
0.00119183
0.0011807
0.0011714
0.00116359
0.00115704
0.00115153
0.0011469
0.00114298
0.00113968
0.00113688
0.0011345
0.00113248
0.00113076
0.00112928
0.00112802
0.00112693
0.001126
0.00112519
0.00112449
0.00112388
0.00112334
0.00112288
0.00112247
0.00112211
0.00112179
0.00112151
0.00112126
0.00112104
0.00112084
0.00112067
0.00112051
0.00112037
0.00112024
0.00112012
0.00112002
0.00111992
0.00111983
0.00111975
0.00111968
0.00111961
0.00111955
0.00111949
0.00111944
0.00111939
0.00111934
0.0011193
0.00111926
0.00111922
0.00111918
0.00111915
0.00111911
0.0011191
0.00111889
0.000197219
0.0016075
0.00255391
0.0030273
0.00330434
0.00347731
0.00356461
0.003564
0.00347098
0.00328647
0.00302411
0.00271958
0.00243117
0.00219135
0.00200811
0.00191464
0.00203211
0.00252125
0.00330837
0.00411088
0.00469924
0.00500146
0.00505425
0.00492878
0.00469037
0.00438849
0.00405912
0.00372939
0.00342075
0.00314979
0.00292609
0.00274737
0.00259474
0.00243605
0.00224458
0.0020229
0.00180407
0.00162411
0.00149726
0.00141562
0.00136271
0.00132475
0.00129424
0.00126845
0.00124668
0.00122862
0.0012138
0.00120168
0.00119173
0.00118354
0.00117679
0.00117123
0.00116665
0.00116287
0.00115975
0.00115719
0.00115507
0.00115333
0.00115189
0.0011507
0.00114972
0.00114891
0.00114824
0.00114769
0.00114723
0.00114684
0.00114652
0.00114625
0.00114603
0.00114584
0.00114568
0.00114554
0.00114542
0.00114532
0.00114523
0.00114516
0.00114509
0.00114503
0.00114498
0.00114493
0.00114489
0.00114485
0.00114481
0.00114478
0.00114475
0.00114473
0.0011447
0.00114468
0.00114465
0.00114463
0.00114461
0.00114459
0.00114457
0.00114455
0.00114454
0.00114452
0.0011445
0.00114449
0.00114448
0.00114438
0.00019814
0.00149105
0.00248144
0.00300083
0.00329605
0.00347014
0.00355263
0.00354752
0.00345367
0.00327512
0.00302989
0.0027552
0.00249092
0.00223869
0.00196971
0.00167185
0.00144358
0.00159198
0.00234531
0.0033998
0.00425569
0.00472524
0.00486868
0.00479803
0.00459988
0.00433
0.00402455
0.00370936
0.00340502
0.00312851
0.00289186
0.00269808
0.00253616
0.00238083
0.00220524
0.00200338
0.00179864
0.00162407
0.001497
0.00141355
0.00135944
0.00132121
0.001291
0.0012657
0.0012445
0.00122706
0.00121291
0.00120146
0.00119219
0.00118466
0.00117853
0.00117354
0.00116949
0.0011662
0.00116354
0.00116139
0.00115965
0.00115825
0.00115712
0.00115622
0.0011555
0.00115493
0.00115448
0.00115412
0.00115383
0.00115361
0.00115344
0.0011533
0.0011532
0.00115312
0.00115306
0.00115301
0.00115297
0.00115295
0.00115293
0.00115291
0.0011529
0.00115289
0.00115288
0.00115287
0.00115287
0.00115286
0.00115286
0.00115285
0.00115285
0.00115284
0.00115283
0.00115283
0.00115282
0.00115282
0.00115281
0.00115281
0.0011528
0.00115279
0.00115279
0.00115278
0.00115277
0.00115277
0.00115276
0.00115271
0.000196574
0.00130925
0.00237098
0.00294761
0.00327957
0.00347817
0.00358097
0.0035991
0.00353697
0.0034025
0.00321336
0.00299514
0.00275844
0.00249185
0.00216909
0.00177361
0.00135809
0.0012013
0.0017351
0.00288126
0.00390783
0.0044632
0.00464435
0.00460488
0.00444184
0.00420818
0.00393517
0.00364505
0.00335641
0.00308562
0.00284564
0.00264263
0.00247139
0.00231389
0.00214754
0.00196342
0.0017768
0.00161444
0.00149281
0.00141062
0.00135625
0.00131773
0.00128751
0.00126241
0.0012415
0.00122438
0.00121057
0.00119949
0.00119059
0.00118343
0.00117767
0.00117304
0.00116932
0.00116634
0.00116397
0.00116208
0.00116059
0.00115941
0.00115849
0.00115778
0.00115723
0.0011568
0.00115649
0.00115625
0.00115608
0.00115596
0.00115588
0.00115582
0.00115579
0.00115578
0.00115578
0.00115579
0.0011558
0.00115582
0.00115583
0.00115585
0.00115587
0.00115589
0.00115591
0.00115593
0.00115594
0.00115595
0.00115597
0.00115598
0.00115598
0.00115599
0.001156
0.001156
0.00115601
0.00115601
0.00115601
0.00115601
0.00115601
0.00115601
0.00115601
0.00115601
0.00115601
0.00115601
0.001156
0.00115597
0.000192734
0.00111631
0.00220507
0.00286149
0.00324738
0.00348438
0.00361801
0.00366568
0.0036362
0.00353845
0.00338456
0.0031856
0.00293808
0.00262831
0.00224171
0.00177397
0.00128582
0.00104356
0.00148977
0.00266424
0.00371412
0.00423796
0.00440006
0.00437206
0.00424004
0.00404418
0.00380754
0.00354795
0.00328178
0.00302443
0.00278897
0.00258333
0.00240639
0.00224624
0.00208578
0.00191645
0.00174791
0.00160018
0.00148686
0.00140782
0.00135401
0.00131534
0.00128508
0.00126014
0.00123946
0.00122256
0.00120895
0.00119804
0.00118932
0.00118234
0.00117676
0.00117231
0.00116879
0.001166
0.00116381
0.00116209
0.00116076
0.00115974
0.00115896
0.00115837
0.00115794
0.00115763
0.00115741
0.00115727
0.00115718
0.00115713
0.00115712
0.00115713
0.00115715
0.00115719
0.00115723
0.00115728
0.00115733
0.00115738
0.00115743
0.00115747
0.00115751
0.00115755
0.00115759
0.00115763
0.00115766
0.00115768
0.00115771
0.00115773
0.00115775
0.00115776
0.00115778
0.00115779
0.0011578
0.00115781
0.00115782
0.00115782
0.00115783
0.00115783
0.00115783
0.00115784
0.00115784
0.00115784
0.00115784
0.00115782
0.000186613
0.000941775
0.00197581
0.00270348
0.0031504
0.00342815
0.0035903
0.00366016
0.0036497
0.00356744
0.0034207
0.00321179
0.00293276
0.00257443
0.00213397
0.00161616
0.00111437
0.000928833
0.00149389
0.00271885
0.00363031
0.00402426
0.0041387
0.00411723
0.00401558
0.00385711
0.00365698
0.00342933
0.00318859
0.00294906
0.00272351
0.00252075
0.0023425
0.0021817
0.0020264
0.00186976
0.0017178
0.00158465
0.00148048
0.00140546
0.00135268
0.00131402
0.00128372
0.00125893
0.00123848
0.00122179
0.00120832
0.00119752
0.00118887
0.00118195
0.00117644
0.00117206
0.00116861
0.0011659
0.00116379
0.00116217
0.00116092
0.00115999
0.00115929
0.00115879
0.00115843
0.00115819
0.00115804
0.00115796
0.00115793
0.00115794
0.00115798
0.00115803
0.0011581
0.00115818
0.00115825
0.00115833
0.00115841
0.00115848
0.00115856
0.00115862
0.00115868
0.00115874
0.00115879
0.00115884
0.00115888
0.00115892
0.00115895
0.00115898
0.00115901
0.00115903
0.00115905
0.00115907
0.00115909
0.0011591
0.00115911
0.00115912
0.00115913
0.00115913
0.00115914
0.00115915
0.00115915
0.00115915
0.00115915
0.00115913
0.000178005
0.000798651
0.00170673
0.00244456
0.00293197
0.00323956
0.0034209
0.00350317
0.00350016
0.00341971
0.00326626
0.00303692
0.00272605
0.00233396
0.00186242
0.00133003
0.000890369
0.000886846
0.00173508
0.00291415
0.00354718
0.00378987
0.00386683
0.00385789
0.00378622
0.00366221
0.00349587
0.00329882
0.00308387
0.00286412
0.00265171
0.00245581
0.00228007
0.00212121
0.00197158
0.00182633
0.00168911
0.00156939
0.00147418
0.0014035
0.0013521
0.00131361
0.00128331
0.00125863
0.00123837
0.00122186
0.00120851
0.00119777
0.00118914
0.00118224
0.00117672
0.00117235
0.00116889
0.00116619
0.00116409
0.00116248
0.00116126
0.00116035
0.00115968
0.00115921
0.00115889
0.00115868
0.00115857
0.00115852
0.00115852
0.00115856
0.00115862
0.00115871
0.0011588
0.0011589
0.001159
0.00115909
0.00115919
0.00115928
0.00115937
0.00115945
0.00115952
0.00115959
0.00115965
0.00115971
0.00115976
0.0011598
0.00115984
0.00115988
0.00115991
0.00115994
0.00115996
0.00115998
0.00116
0.00116002
0.00116003
0.00116004
0.00116005
0.00116006
0.00116007
0.00116008
0.00116008
0.00116009
0.00116009
0.00116007
0.000167132
0.000688541
0.0014375
0.00209269
0.00256076
0.00286966
0.00305748
0.0031469
0.0031493
0.00307018
0.00291071
0.0026679
0.002344
0.00194389
0.00146761
0.000977598
0.000701624
0.00103993
0.00218531
0.00304268
0.003387
0.00353455
0.00360117
0.00360986
0.00356466
0.00346994
0.00333313
0.00316399
0.00297372
0.00277411
0.00257648
0.00239
0.00221969
0.00206506
0.00192188
0.00178705
0.00166272
0.00155486
0.00146791
0.00140158
0.00135186
0.00131381
0.00128362
0.00125907
0.00123896
0.00122258
0.0012093
0.00119859
0.00118996
0.00118302
0.00117747
0.00117305
0.00116956
0.00116681
0.00116468
0.00116303
0.00116178
0.00116085
0.00116017
0.00115968
0.00115935
0.00115915
0.00115903
0.00115898
0.00115899
0.00115903
0.0011591
0.00115919
0.00115929
0.0011594
0.0011595
0.00115961
0.00115971
0.00115981
0.0011599
0.00115999
0.00116007
0.00116014
0.0011602
0.00116026
0.00116032
0.00116037
0.00116041
0.00116045
0.00116048
0.00116051
0.00116054
0.00116056
0.00116058
0.0011606
0.00116061
0.00116063
0.00116064
0.00116065
0.00116065
0.00116066
0.00116067
0.00116067
0.00116067
0.00116066
0.000155874
0.000624066
0.00118739
0.00166639
0.00203723
0.00230916
0.00249182
0.00259018
0.00260567
0.00253793
0.00238537
0.00215179
0.00184249
0.00145558
0.00101388
0.000658975
0.000684815
0.00154359
0.00255364
0.00297594
0.00316691
0.00328637
0.00335871
0.00338279
0.00335778
0.0032865
0.00317472
0.0030304
0.00286303
0.002683
0.00250072
0.00232519
0.00216227
0.00201358
0.00187744
0.00175214
0.00163887
0.00154116
0.00146152
0.00139937
0.00135154
0.00131421
0.00128434
0.00125999
0.00124005
0.00122376
0.00121053
0.00119981
0.00119114
0.00118416
0.00117854
0.00117405
0.00117049
0.00116767
0.00116547
0.00116376
0.00116245
0.00116147
0.00116074
0.00116021
0.00115985
0.00115961
0.00115947
0.0011594
0.00115939
0.00115942
0.00115947
0.00115955
0.00115964
0.00115974
0.00115984
0.00115994
0.00116003
0.00116013
0.00116022
0.0011603
0.00116038
0.00116045
0.00116051
0.00116057
0.00116062
0.00116067
0.00116071
0.00116075
0.00116079
0.00116081
0.00116084
0.00116086
0.00116088
0.0011609
0.00116092
0.00116093
0.00116094
0.00116095
0.00116096
0.00116097
0.00116097
0.00116098
0.00116098
0.00116096
0.000147947
0.000525646
0.000864532
0.00115434
0.00140724
0.00162392
0.00179342
0.0019019
0.00193657
0.00189087
0.00176606
0.00156409
0.00128272
0.000933833
0.00060863
0.000519625
0.00109313
0.002108
0.00257091
0.00279187
0.00295066
0.00306957
0.00314649
0.00317934
0.00316821
0.00311522
0.00302445
0.00290195
0.00275546
0.00259399
0.00242699
0.00226312
0.00210882
0.00196715
0.00183829
0.00172159
0.00161769
0.00152845
0.00145508
0.00139674
0.00135088
0.00131451
0.00128514
0.00126111
0.00124139
0.00122522
0.00121203
0.0012013
0.00119258
0.00118552
0.00117982
0.00117524
0.00117159
0.00116868
0.00116639
0.00116461
0.00116322
0.00116217
0.00116137
0.00116079
0.00116037
0.00116008
0.0011599
0.00115979
0.00115975
0.00115974
0.00115977
0.00115983
0.0011599
0.00115997
0.00116006
0.00116014
0.00116023
0.00116031
0.00116039
0.00116046
0.00116053
0.0011606
0.00116066
0.00116071
0.00116076
0.0011608
0.00116084
0.00116088
0.00116091
0.00116093
0.00116096
0.00116098
0.001161
0.00116101
0.00116103
0.00116104
0.00116105
0.00116106
0.00116107
0.00116107
0.00116108
0.00116109
0.00116108
0.00116107
0.000123307
0.000325356
0.000520788
0.000684698
0.000837516
0.000985733
0.00111883
0.00121562
0.00125829
0.00123565
0.00114019
0.000967848
0.000730423
0.000495049
0.000419967
0.00086404
0.00174284
0.00217124
0.00241889
0.00261715
0.00277358
0.00288803
0.00296241
0.00299827
0.00299639
0.00295776
0.00288466
0.00278128
0.00265369
0.00250954
0.00235733
0.00220533
0.00206022
0.0019261
0.00180444
0.00169537
0.00159928
0.00151698
0.00144883
0.00139382
0.00134988
0.00131456
0.00128582
0.00126222
0.00124277
0.00122677
0.00121365
0.00120291
0.00119414
0.00118701
0.00118122
0.00117655
0.00117279
0.00116979
0.0011674
0.00116552
0.00116405
0.00116291
0.00116204
0.00116139
0.00116091
0.00116056
0.00116032
0.00116017
0.00116008
0.00116004
0.00116003
0.00116005
0.00116009
0.00116015
0.00116021
0.00116027
0.00116034
0.00116041
0.00116047
0.00116054
0.00116059
0.00116065
0.0011607
0.00116074
0.00116079
0.00116082
0.00116086
0.00116089
0.00116091
0.00116094
0.00116096
0.00116098
0.00116099
0.00116101
0.00116102
0.00116103
0.00116104
0.00116105
0.00116105
0.00116106
0.00116106
0.00116107
0.00116107
0.00116105
)
;

boundaryField
{
    outlet
    {
        type            calculated;
        value           nonuniform List<scalar> 
55
(
0.00116095
0.0011608
0.00116059
0.00116035
0.00116007
0.00115977
0.00115948
0.0011592
0.00115893
0.00115866
0.0011584
0.00115813
0.00115785
0.00115755
0.00115725
0.00115695
0.00115667
0.0011564
0.00115616
0.00115595
0.00115576
0.00115558
0.00115543
0.00115529
0.00115516
0.00115505
0.00115494
0.00115484
0.00115475
0.00115463
0.00115439
0.00115372
0.00115152
0.00114434
0.00112252
0.00106287
0.000921739
0.000651184
0.000304205
0.000162704
0.000216468
0.000454253
0.000836014
0.00104149
0.00111889
0.00114438
0.00115271
0.00115597
0.00115782
0.00115913
0.00116007
0.00116066
0.00116096
0.00116107
0.00116105
)
;
    }
    inlet
    {
        type            calculated;
        value           uniform 0.00117023;
    }
    lowerWall
    {
        type            nutkWallFunction;
        Cmu             0.09;
        kappa           0.41;
        E               9.8;
        value           nonuniform List<scalar> 
148
(
3.86998e-07
1.2252e-06
1.99418e-06
2.68588e-06
3.29709e-06
3.82694e-06
4.27725e-06
4.65246e-06
4.95887e-06
5.20388e-06
5.39536e-06
5.54115e-06
5.64871e-06
5.72492e-06
5.77591e-06
5.8071e-06
5.82316e-06
5.82807e-06
5.8252e-06
5.81739e-06
5.80695e-06
5.7958e-06
5.78577e-06
5.77698e-06
5.76972e-06
5.76441e-06
5.76129e-06
5.76057e-06
5.76208e-06
5.76697e-06
5.76933e-06
5.79853e-06
5.70239e-06
5.08008e-07
1.06183e-05
1.65388e-05
1.97095e-05
2.13262e-05
2.20557e-05
2.22281e-05
2.20565e-05
2.15682e-05
2.07582e-05
1.95915e-05
1.80892e-05
1.64981e-05
1.53424e-05
1.17663e-05
5.08008e-07
1.80033e-05
2.54511e-05
3.30324e-05
4.00055e-05
4.60536e-05
5.11942e-05
5.55692e-05
5.93244e-05
6.25726e-05
6.54e-05
6.78823e-05
7.00557e-05
7.17257e-05
7.28461e-05
7.33601e-05
7.32151e-05
7.23793e-05
7.08512e-05
6.86646e-05
6.58961e-05
6.26696e-05
5.90902e-05
5.52079e-05
5.11425e-05
4.70527e-05
4.30948e-05
3.93938e-05
3.60291e-05
3.30389e-05
3.04407e-05
2.82503e-05
2.64849e-05
2.51453e-05
2.41962e-05
2.35663e-05
2.31706e-05
2.29338e-05
2.2802e-05
2.27412e-05
2.27306e-05
2.27568e-05
2.28101e-05
2.28826e-05
2.29681e-05
2.30618e-05
2.31596e-05
2.32588e-05
2.33571e-05
2.3453e-05
2.35454e-05
2.36335e-05
2.37168e-05
2.37952e-05
2.38685e-05
2.39366e-05
2.39998e-05
2.40582e-05
2.4112e-05
2.41614e-05
2.42067e-05
2.42481e-05
2.42859e-05
2.43203e-05
2.43516e-05
2.438e-05
2.44057e-05
2.4429e-05
2.44501e-05
2.44691e-05
2.44862e-05
2.45016e-05
2.45154e-05
2.45279e-05
2.45391e-05
2.45491e-05
2.4558e-05
2.45661e-05
2.45732e-05
2.45797e-05
2.45854e-05
2.45905e-05
2.45951e-05
2.45991e-05
2.46028e-05
2.4606e-05
2.46089e-05
2.46115e-05
2.46138e-05
2.46159e-05
2.46177e-05
2.46194e-05
2.46209e-05
2.46222e-05
2.46235e-05
2.46246e-05
2.46256e-05
2.46266e-05
2.4627e-05
2.46302e-05
)
;
    }
    upperWall
    {
        type            nutkWallFunction;
        Cmu             0.09;
        kappa           0.41;
        E               9.8;
        value           nonuniform List<scalar> 
133
(
1.45074e-05
1.50271e-05
1.55261e-05
1.60018e-05
1.64544e-05
1.68847e-05
1.72938e-05
1.76824e-05
1.80515e-05
1.84018e-05
1.8734e-05
1.90488e-05
1.93471e-05
1.96293e-05
1.98963e-05
2.01485e-05
2.03867e-05
2.06113e-05
2.0823e-05
2.10221e-05
2.12093e-05
2.1385e-05
2.15496e-05
2.17035e-05
2.18473e-05
2.19812e-05
2.21057e-05
2.22211e-05
2.23277e-05
2.2426e-05
2.25163e-05
2.25989e-05
2.26745e-05
2.2754e-05
2.28371e-05
2.29132e-05
2.29819e-05
2.30422e-05
2.30914e-05
2.31253e-05
2.31389e-05
2.31268e-05
2.30851e-05
2.30125e-05
2.29108e-05
2.27848e-05
2.26409e-05
2.24855e-05
2.23236e-05
2.21582e-05
2.19903e-05
2.182e-05
2.16471e-05
2.14716e-05
2.12941e-05
2.11155e-05
2.09371e-05
2.076e-05
2.05856e-05
2.04151e-05
2.02493e-05
2.00888e-05
1.99341e-05
1.97849e-05
1.96409e-05
1.95019e-05
1.93675e-05
1.92378e-05
1.91128e-05
1.89928e-05
1.88778e-05
1.87678e-05
1.86628e-05
1.85627e-05
1.84675e-05
1.83771e-05
1.82915e-05
1.82108e-05
1.81347e-05
1.80633e-05
1.79965e-05
1.79341e-05
1.78759e-05
1.78219e-05
1.77718e-05
1.77255e-05
1.76828e-05
1.76435e-05
1.76074e-05
1.75742e-05
1.75439e-05
1.75163e-05
1.7491e-05
1.74681e-05
1.74472e-05
1.74283e-05
1.74112e-05
1.73958e-05
1.73819e-05
1.73693e-05
1.73581e-05
1.7348e-05
1.73389e-05
1.73309e-05
1.73237e-05
1.73173e-05
1.73116e-05
1.73066e-05
1.73022e-05
1.72982e-05
1.72948e-05
1.72918e-05
1.72892e-05
1.72869e-05
1.72849e-05
1.72832e-05
1.72818e-05
1.72805e-05
1.72795e-05
1.72786e-05
1.72779e-05
1.72773e-05
1.72768e-05
1.72764e-05
1.72761e-05
1.72759e-05
1.72757e-05
1.72756e-05
1.72756e-05
1.72756e-05
1.72756e-05
1.72754e-05
1.72768e-05
)
;
    }
    frontAndBack
    {
        type            empty;
    }
}


// ************************************************************************* //
