/*--------------------------------*- C++ -*----------------------------------*\
| =========                 |                                                 |
| \\      /  F ield         | OpenFOAM: The Open Source CFD Toolbox           |
|  \\    /   O peration     | Version:  2.1.1                                 |
|   \\  /    A nd           | Web:      www.OpenFOAM.org                      |
|    \\/     M anipulation  |                                                 |
\*---------------------------------------------------------------------------*/
FoamFile
{
    version     2.0;
    format      ascii;
    class       volScalarField;
    location    "0.015";
    object      p;
}
// * * * * * * * * * * * * * * * * * * * * * * * * * * * * * * * * * * * * * //

dimensions      [0 2 -2 0 0 0 0];

internalField   nonuniform List<scalar> 
6820
(
-8.82595
-10.6748
-11.2567
-11.3955
-11.516
-11.6122
-11.6869
-11.7569
-11.8265
-11.8961
-11.9668
-12.0396
-12.1148
-12.1928
-12.274
-12.3589
-12.4477
-12.541
-12.6391
-12.7426
-12.8517
-12.9671
-13.0886
-13.2181
-13.3617
-13.519
-13.6909
-13.8798
-14.0882
-14.3223
-14.5857
-14.8974
-15.257
-12.7776
-12.2452
-11.8306
-11.6507
-11.639
-11.6668
-11.7071
-11.7584
-11.8174
-11.8812
-11.9487
-12.0198
-12.0942
-12.172
-12.2532
-12.3381
-12.427
-12.5204
-12.6185
-12.722
-12.8314
-12.9478
-13.0728
-13.2075
-13.3528
-13.5101
-13.6812
-13.8688
-14.0746
-14.3053
-14.5585
-14.8704
-15.1802
-11.1346
-10.8331
-11.1265
-11.3802
-11.5007
-11.593
-11.6719
-11.7444
-11.815
-11.8852
-11.9561
-12.0285
-12.1031
-12.1802
-12.2604
-12.3441
-12.4317
-12.5237
-12.6206
-12.7229
-12.8313
-12.9468
-13.0703
-13.2005
-13.3424
-13.4967
-13.6645
-13.8475
-14.0472
-14.2679
-14.5065
-14.7785
-15.0311
-11.6404
-11.6775
-11.6839
-11.6342
-11.6386
-11.6753
-11.7213
-11.7731
-11.8303
-11.8915
-11.9562
-12.0241
-12.0954
-12.1702
-12.2486
-12.3308
-12.4172
-12.5082
-12.604
-12.7053
-12.8122
-12.9271
-13.0482
-13.1808
-13.3223
-13.4751
-13.6402
-13.8192
-14.0128
-14.2238
-14.4478
-14.6943
-14.9211
-11.4829
-11.3835
-11.434
-11.5123
-11.5788
-11.6421
-11.7025
-11.7628
-11.8248
-11.8887
-11.9549
-12.0235
-12.0949
-12.1694
-12.2472
-12.3286
-12.4141
-12.504
-12.5988
-12.699
-12.8057
-12.9176
-13.0379
-13.1674
-13.3056
-13.4544
-13.6148
-13.7876
-13.9734
-14.1733
-14.3836
-14.608
-14.8206
-11.5371
-11.5237
-11.5548
-11.5878
-11.6227
-11.6681
-11.7189
-11.773
-11.8306
-11.8911
-11.9545
-12.0208
-12.0902
-12.1628
-12.2389
-12.3187
-12.4026
-12.4909
-12.5841
-12.6826
-12.7869
-12.8975
-13.0158
-13.1425
-13.2778
-13.423
-13.5786
-13.7453
-13.9232
-14.1128
-14.311
-14.519
-14.7221
-11.5305
-11.5121
-11.5342
-11.5735
-11.6166
-11.6655
-11.7174
-11.7716
-11.8285
-11.8882
-11.9505
-12.0157
-12.0838
-12.1552
-12.2299
-12.3083
-12.3906
-12.4773
-12.5687
-12.6653
-12.7676
-12.876
-12.9915
-13.1147
-13.2461
-13.3864
-13.5361
-13.6957
-13.865
-14.044
-14.2307
-14.4251
-14.6196
-11.5421
-11.5369
-11.5585
-11.5928
-11.6305
-11.6741
-11.7222
-11.7736
-11.8281
-11.8856
-11.9461
-12.0094
-12.0757
-12.1452
-12.2181
-12.2946
-12.375
-12.4596
-12.5488
-12.6429
-12.7425
-12.848
-12.9601
-13.0794
-13.2062
-13.3411
-13.4844
-13.6364
-13.7968
-13.9656
-14.1414
-14.3238
-14.5094
-11.5508
-11.5491
-11.5674
-11.5984
-11.6346
-11.6766
-11.723
-11.7727
-11.8254
-11.8811
-11.9397
-12.0012
-12.0657
-12.1333
-12.2042
-12.2786
-12.3568
-12.4391
-12.5257
-12.6171
-12.7136
-12.8157
-12.9239
-13.0386
-13.1602
-13.289
-13.4252
-13.5691
-13.7203
-13.8787
-14.0434
-14.2141
-14.3896
-11.5595
-11.561
-11.5784
-11.607
-11.641
-11.6803
-11.7242
-11.7716
-11.8221
-11.8758
-11.9323
-11.9917
-12.0541
-12.1195
-12.1882
-12.2602
-12.3359
-12.4154
-12.4991
-12.5873
-12.6803
-12.7784
-12.8821
-12.9917
-13.1075
-13.2297
-13.3584
-13.4937
-13.6353
-13.7831
-13.9366
-14.0955
-14.2595
-11.5675
-11.5705
-11.5867
-11.613
-11.6449
-11.682
-11.7237
-11.769
-11.8175
-11.869
-11.9234
-11.9806
-12.0408
-12.1039
-12.1701
-12.2395
-12.3124
-12.3889
-12.4693
-12.5539
-12.6429
-12.7367
-12.8354
-12.9395
-13.0489
-13.164
-13.2847
-13.411
-13.5427
-13.6796
-13.8215
-13.968
-14.1193
-11.5744
-11.5783
-11.5937
-11.618
-11.648
-11.683
-11.7224
-11.7654
-11.8117
-11.861
-11.9131
-11.968
-12.0257
-12.0863
-12.1498
-12.2164
-12.2862
-12.3594
-12.4363
-12.5169
-12.6016
-12.6905
-12.7838
-12.8818
-12.9845
-13.092
-13.2043
-13.3213
-13.4427
-13.5685
-13.6983
-13.832
-13.9695
-11.5801
-11.5844
-11.599
-11.6215
-11.6496
-11.6825
-11.7197
-11.7605
-11.8046
-11.8515
-11.9013
-11.9537
-12.0089
-12.0667
-12.1274
-12.1909
-12.2574
-12.327
-12.3999
-12.4763
-12.5562
-12.6399
-12.7275
-12.8191
-12.9146
-13.0142
-13.1177
-13.225
-13.3359
-13.4502
-13.5676
-13.6879
-13.811
-11.5845
-11.5888
-11.6026
-11.6236
-11.6498
-11.6807
-11.7158
-11.7544
-11.7961
-11.8406
-11.8879
-11.9378
-11.9902
-12.0451
-12.1027
-12.1629
-12.2258
-12.2916
-12.3603
-12.4321
-12.507
-12.5851
-12.6666
-12.7514
-12.8394
-12.9308
-13.0252
-13.1226
-13.2227
-13.3253
-13.43
-13.5366
-13.6448
-11.5874
-11.5917
-11.6046
-11.6242
-11.6486
-11.6775
-11.7105
-11.7468
-11.7861
-11.8282
-11.8729
-11.9201
-11.9696
-12.0215
-12.0758
-12.1325
-12.1916
-12.2533
-12.3175
-12.3844
-12.4539
-12.5262
-12.6012
-12.6789
-12.7592
-12.842
-12.9272
-13.0145
-13.1036
-13.1942
-13.2861
-13.3788
-13.4721
-11.5888
-11.5929
-11.605
-11.6232
-11.6459
-11.6729
-11.7037
-11.7378
-11.7747
-11.8143
-11.8562
-11.9005
-11.9471
-11.9957
-12.0466
-12.0995
-12.1547
-12.212
-12.2715
-12.3332
-12.3972
-12.4633
-12.5316
-12.602
-12.6743
-12.7484
-12.8241
-12.9011
-12.9791
-13.0578
-13.1368
-13.2157
-13.2941
-11.5887
-11.5925
-11.6038
-11.6206
-11.6417
-11.6668
-11.6955
-11.7272
-11.7617
-11.7987
-11.8379
-11.8792
-11.9226
-11.9679
-12.0151
-12.0641
-12.1151
-12.1678
-12.2224
-12.2787
-12.3368
-12.3966
-12.458
-12.5208
-12.585
-12.6502
-12.7163
-12.783
-12.8499
-12.9167
-12.983
-13.0483
-13.112
-11.5869
-11.5905
-11.601
-11.6165
-11.636
-11.6592
-11.6857
-11.7152
-11.7471
-11.7814
-11.8178
-11.856
-11.8961
-11.9379
-11.9813
-12.0263
-12.0728
-12.1208
-12.1703
-12.221
-12.2731
-12.3263
-12.3806
-12.4358
-12.4916
-12.548
-12.6045
-12.6608
-12.7168
-12.7718
-12.8255
-12.8775
-12.9272
-11.5835
-11.5868
-11.5965
-11.6107
-11.6286
-11.65
-11.6744
-11.7015
-11.731
-11.7625
-11.7959
-11.831
-11.8677
-11.9059
-11.9454
-11.9861
-12.0281
-12.0712
-12.1153
-12.1604
-12.2062
-12.2528
-12.2998
-12.3473
-12.3948
-12.4422
-12.4891
-12.5353
-12.5803
-12.6239
-12.6655
-12.7046
-12.7407
-11.5785
-11.5815
-11.5904
-11.6034
-11.6197
-11.6392
-11.6616
-11.6863
-11.7132
-11.7419
-11.7723
-11.8042
-11.8374
-11.8718
-11.9073
-11.9437
-11.981
-12.019
-12.0577
-12.0969
-12.1365
-12.1762
-12.216
-12.2557
-12.2948
-12.3333
-12.3708
-12.407
-12.4415
-12.4739
-12.5037
-12.5306
-12.5539
-11.5719
-11.5746
-11.5826
-11.5944
-11.6092
-11.6269
-11.6471
-11.6695
-11.6938
-11.7197
-11.7471
-11.7756
-11.8053
-11.8358
-11.8671
-11.8991
-11.9316
-11.9645
-11.9977
-12.0309
-12.0641
-12.0971
-12.1296
-12.1615
-12.1924
-12.2221
-12.2504
-12.2768
-12.301
-12.3226
-12.3413
-12.3565
-12.3678
-11.5636
-11.5661
-11.5733
-11.5839
-11.5972
-11.613
-11.6311
-11.6512
-11.6728
-11.6959
-11.7201
-11.7453
-11.7714
-11.798
-11.8251
-11.8526
-11.8802
-11.9079
-11.9355
-11.9627
-11.9896
-12.0157
-12.041
-12.0652
-12.088
-12.1091
-12.1283
-12.1453
-12.1596
-12.171
-12.1791
-12.1834
-12.1835
-11.5538
-11.556
-11.5624
-11.5718
-11.5836
-11.5976
-11.6136
-11.6313
-11.6503
-11.6705
-11.6916
-11.7135
-11.7358
-11.7585
-11.7814
-11.8043
-11.827
-11.8494
-11.8714
-11.8927
-11.9132
-11.9326
-11.9507
-11.9673
-11.9822
-11.995
-12.0055
-12.0134
-12.0183
-12.02
-12.018
-12.0122
-12.0019
-11.5424
-11.5443
-11.5499
-11.5581
-11.5684
-11.5807
-11.5946
-11.6099
-11.6264
-11.6437
-11.6617
-11.6801
-11.6987
-11.7174
-11.736
-11.7543
-11.7722
-11.7894
-11.8058
-11.8212
-11.8353
-11.8481
-11.8592
-11.8685
-11.8757
-11.8805
-11.8826
-11.8818
-11.8778
-11.8704
-11.8591
-11.8438
-11.8239
-11.5295
-11.5311
-11.5359
-11.543
-11.5519
-11.5623
-11.5742
-11.5872
-11.6011
-11.6156
-11.6304
-11.6454
-11.6604
-11.6752
-11.6895
-11.7032
-11.7162
-11.7282
-11.7391
-11.7486
-11.7566
-11.7629
-11.7672
-11.7694
-11.7691
-11.7662
-11.7604
-11.7514
-11.739
-11.723
-11.7031
-11.679
-11.6505
-11.5151
-11.5165
-11.5205
-11.5265
-11.5338
-11.5426
-11.5524
-11.5631
-11.5744
-11.586
-11.5978
-11.6094
-11.6207
-11.6316
-11.6417
-11.6509
-11.6591
-11.666
-11.6715
-11.6753
-11.6773
-11.6773
-11.6751
-11.6704
-11.663
-11.6528
-11.6394
-11.6228
-11.6026
-11.5787
-11.5508
-11.5188
-11.4823
-11.4994
-11.5005
-11.5038
-11.5086
-11.5147
-11.5217
-11.5297
-11.5382
-11.547
-11.5558
-11.5646
-11.5729
-11.5806
-11.5876
-11.5936
-11.5984
-11.6018
-11.6037
-11.6039
-11.6022
-11.5984
-11.5923
-11.5837
-11.5725
-11.5584
-11.5412
-11.5208
-11.497
-11.4695
-11.4383
-11.4031
-11.3638
-11.3203
-11.4824
-11.4833
-11.4857
-11.4893
-11.4939
-11.4992
-11.5051
-11.5114
-11.5177
-11.5238
-11.5296
-11.5347
-11.539
-11.5422
-11.5442
-11.5447
-11.5436
-11.5407
-11.5359
-11.5289
-11.5195
-11.5077
-11.4931
-11.4758
-11.4553
-11.4317
-11.4048
-11.3743
-11.3402
-11.3023
-11.2605
-11.2147
-11.1647
-11.4643
-11.465
-11.4668
-11.4696
-11.473
-11.477
-11.4813
-11.4855
-11.4896
-11.4932
-11.496
-11.498
-11.4988
-11.4984
-11.4964
-11.4927
-11.4871
-11.4795
-11.4697
-11.4576
-11.4429
-11.4255
-11.4053
-11.382
-11.3556
-11.326
-11.2929
-11.2563
-11.216
-11.172
-11.1242
-11.0725
-11.0169
-11.4451
-11.4452
-11.4457
-11.4468
-11.4485
-11.4506
-11.4529
-11.4551
-11.4569
-11.4581
-11.4583
-11.4575
-11.4552
-11.4514
-11.4459
-11.4384
-11.4288
-11.417
-11.4027
-11.3858
-11.3663
-11.3438
-11.3184
-11.2899
-11.2581
-11.2229
-11.1843
-11.1422
-11.0965
-11.0471
-10.994
-10.9371
-10.8765
-11.4256
-11.4262
-11.4271
-11.4283
-11.4296
-11.4308
-11.4318
-11.4322
-11.4318
-11.4305
-11.4279
-11.4239
-11.4183
-11.4109
-11.4015
-11.39
-11.3762
-11.3599
-11.3411
-11.3195
-11.2951
-11.2677
-11.2372
-11.2035
-11.1666
-11.1262
-11.0825
-11.0352
-10.9844
-10.93
-10.8721
-10.8106
-10.7454
-11.4037
-11.4014
-11.3984
-11.3962
-11.3951
-11.3946
-11.3942
-11.3933
-11.3917
-11.3889
-11.3847
-11.3789
-11.3712
-11.3614
-11.3493
-11.3349
-11.3179
-11.2983
-11.2758
-11.2505
-11.2221
-11.1906
-11.1559
-11.118
-11.0767
-11.032
-10.9839
-10.9323
-10.8773
-10.8187
-10.7567
-10.6914
-10.6226
-11.3878
-11.3915
-11.3926
-11.3924
-11.3914
-11.3896
-11.3869
-11.3834
-11.3787
-11.3725
-11.3648
-11.3552
-11.3436
-11.3298
-11.3137
-11.2951
-11.2739
-11.2499
-11.2231
-11.1933
-11.1605
-11.1246
-11.0854
-11.043
-10.9972
-10.9481
-10.8956
-10.8398
-10.7806
-10.718
-10.6522
-10.5831
-10.5108
-11.3518
-11.3402
-11.33
-11.3257
-11.3248
-11.3248
-11.3244
-11.3231
-11.3203
-11.3158
-11.3091
-11.3
-11.2885
-11.2743
-11.2572
-11.2374
-11.2145
-11.1886
-11.1595
-11.1273
-11.0918
-11.0531
-11.011
-10.9656
-10.9168
-10.8646
-10.8091
-10.7503
-10.6882
-10.6228
-10.5543
-10.4827
-10.408
-11.3775
-11.3903
-11.3888
-11.3808
-11.3722
-11.3641
-11.356
-11.3471
-11.3371
-11.3257
-11.3126
-11.2975
-11.2802
-11.2605
-11.2383
-11.2134
-11.1858
-11.1552
-11.1216
-11.0849
-11.0451
-11.0021
-10.9559
-10.9064
-10.8537
-10.7976
-10.7384
-10.6759
-10.6103
-10.5416
-10.4698
-10.3952
-10.3177
-11.2555
-11.2091
-11.198
-11.2097
-11.2216
-11.2305
-11.237
-11.2408
-11.2414
-11.2387
-11.2325
-11.2228
-11.2098
-11.1932
-11.1732
-11.1498
-11.1229
-11.0926
-11.0588
-11.0216
-10.9809
-10.9369
-10.8895
-10.8387
-10.7846
-10.7272
-10.6667
-10.6029
-10.5361
-10.4662
-10.3933
-10.3176
-10.2392
-11.4824
-11.512
-11.4696
-11.4175
-11.3853
-11.365
-11.3471
-11.3297
-11.3126
-11.295
-11.2761
-11.2554
-11.2328
-11.2078
-11.1803
-11.1501
-11.1171
-11.0812
-11.0422
-11.0001
-10.9549
-10.9066
-10.855
-10.8003
-10.7423
-10.6813
-10.6171
-10.5499
-10.4797
-10.4066
-10.3308
-10.2524
-10.1715
-10.9886
-10.8687
-10.9274
-11.0258
-11.0791
-11.1108
-11.1359
-11.1532
-11.163
-11.1663
-11.164
-11.1565
-11.1442
-11.1275
-11.1064
-11.0813
-11.0522
-11.0193
-10.9827
-10.9425
-10.8988
-10.8517
-10.8012
-10.7475
-10.6906
-10.6306
-10.5675
-10.5016
-10.4327
-10.361
-10.2865
-10.2093
-10.1294
-12.194
-11.852
-11.5833
-11.4533
-11.3973
-11.3589
-11.3268
-11.3008
-11.2783
-11.2567
-11.2347
-11.2116
-11.1867
-11.1596
-11.1299
-11.0976
-11.0623
-11.0239
-10.9824
-10.9377
-10.8898
-10.8387
-10.7844
-10.7269
-10.6662
-10.6025
-10.5359
-10.4663
-10.394
-10.3191
-10.2416
-10.1617
-10.0795
-9.68645
-10.3907
-10.7861
-10.9296
-11.0187
-11.0852
-11.1262
-11.1494
-11.1612
-11.164
-11.1593
-11.1485
-11.1323
-11.1113
-11.086
-11.0564
-11.023
-10.9859
-10.9453
-10.9012
-10.8539
-10.8035
-10.75
-10.6938
-10.6347
-10.5731
-10.5088
-10.4421
-10.3728
-10.3011
-10.2269
-10.1501
-10.0708
-15.7112
-14.2841
-14.3229
-15.4821
-17.3919
-19.6301
-21.8881
-24.0297
-25.9176
-27.4117
-28.352
-28.5642
-27.9036
-26.3789
-24.0997
-21.2555
-18.2392
-15.3773
-12.8056
-10.5665
-8.63778
-6.98287
-5.57008
-4.36888
-3.35152
-2.49389
-1.775
-1.17655
-0.682642
-0.279253
0.0460782
0.304545
0.506286
0.660547
0.77576
0.859436
0.917934
0.956315
0.978505
0.987635
0.986336
0.97686
0.961121
0.9407
0.916884
0.890703
0.862984
0.834383
0.805416
0.776488
0.747908
0.719908
0.692656
0.66627
0.640826
0.616366
0.592908
0.570447
0.548964
0.528427
0.508796
0.490025
0.472062
0.454856
0.43835
0.42249
0.407224
0.392497
0.378259
0.364462
0.35106
0.338007
0.325264
0.312792
0.300553
0.288515
0.276647
0.26492
0.253307
0.241784
0.230328
0.21892
0.20754
0.196171
0.184797
0.173405
0.161981
0.150513
0.13899
0.127403
0.11574
0.103996
0.0921583
0.0802265
0.0681781
0.0560367
0.043729
0.031382
0.0186981
0.00627525
-15.8671
-15.3125
-15.25
-16.0802
-17.4307
-19.1545
-21.0675
-22.9478
-24.6233
-25.9136
-26.6504
-26.7131
-26.0558
-24.6675
-22.6241
-20.1355
-17.4897
-14.8982
-12.519
-10.4166
-8.58327
-6.99533
-5.62893
-4.45924
-3.46258
-2.61766
-1.90545
-1.30916
-0.813994
-0.406821
-0.0758836
0.189438
0.398816
0.56111
0.684406
0.775924
0.841815
0.887053
0.915567
0.930534
0.934623
0.930115
0.918937
0.902688
0.882672
0.859944
0.835354
0.809582
0.783171
0.756548
0.730044
0.703913
0.678342
0.653469
0.629383
0.606144
0.583783
0.562306
0.541706
0.521962
0.503042
0.484907
0.467515
0.450819
0.43477
0.419319
0.404417
0.390016
0.376068
0.36253
0.349357
0.33651
0.323948
0.311636
0.29954
0.287629
0.275872
0.264244
0.252717
0.24127
0.229883
0.218533
0.207205
0.195881
0.184548
0.173191
0.161797
0.150356
0.138856
0.127288
0.115643
0.103914
0.0920892
0.0801694
0.0681323
0.0559997
0.043702
0.0313582
0.0186891
0.00625312
-15.3848
-15.0825
-15.111
-15.8906
-17.1717
-18.7353
-20.4048
-22.0037
-23.3906
-24.433
-25.0115
-25.0272
-24.4114
-23.141
-21.3223
-19.1342
-16.7643
-14.413
-12.2241
-10.2583
-8.52145
-7.00191
-5.68329
-4.5463
-3.57132
-2.7399
-2.03509
-1.4416
-0.945755
-0.535295
-0.199163
0.0726961
0.289485
0.459659
0.590948
0.69027
0.763567
0.815715
0.850638
0.871545
0.881134
0.881704
0.875198
0.863229
0.84712
0.827949
0.806588
0.783742
0.759978
0.735746
0.7114
0.687213
0.663394
0.640096
0.617427
0.595463
0.574246
0.553797
0.53412
0.515204
0.497026
0.479557
0.462762
0.446599
0.431028
0.416004
0.401483
0.387422
0.373778
0.36051
0.347577
0.334944
0.322572
0.310429
0.298482
0.286703
0.275063
0.263537
0.252102
0.240735
0.229417
0.21813
0.206855
0.195579
0.184287
0.172967
0.161605
0.150191
0.138715
0.127168
0.115542
0.103829
0.0920182
0.0801104
0.0680846
0.0559606
0.043674
0.0313336
0.018682
0.00623104
-15.2319
-15.2853
-15.5015
-16.1997
-17.2468
-18.499
-19.845
-21.1519
-22.2941
-23.1498
-23.5986
-23.5354
-22.9147
-21.7633
-20.1461
-18.1906
-16.0661
-13.9386
-11.9278
-10.0938
-8.45271
-7.00219
-5.73245
-4.62931
-3.67705
-2.86005
-2.16343
-1.57344
-1.07753
-0.66431
-0.323424
-0.0453803
0.178548
0.356403
0.49555
0.602603
0.683289
0.742381
0.783781
0.810713
0.825897
0.831646
0.829913
0.822325
0.810225
0.794709
0.776674
0.756848
0.735821
0.714064
0.691955
0.669788
0.647789
0.626131
0.604939
0.584302
0.564279
0.544903
0.52619
0.508138
0.490737
0.473963
0.457791
0.442186
0.427114
0.412536
0.398414
0.384709
0.371382
0.358397
0.345716
0.333306
0.321133
0.309166
0.297375
0.285734
0.274216
0.262798
0.251458
0.240175
0.228931
0.217708
0.20649
0.195264
0.184015
0.172732
0.161403
0.150018
0.138568
0.127043
0.115436
0.10374
0.0919441
0.0800489
0.0680349
0.0559201
0.0436453
0.0313085
0.0186769
0.00620922
-15.0859
-15.2409
-15.4891
-16.0846
-16.9785
-18.0551
-19.2096
-20.3217
-21.2735
-21.9572
-22.2779
-22.1626
-21.5736
-20.5206
-19.0638
-17.3143
-15.4086
-13.4808
-11.6335
-9.92485
-8.37747
-6.99583
-5.77568
-4.70741
-3.77892
-2.9773
-2.28974
-1.70401
-1.2087
-0.793312
-0.448172
-0.16436
0.0663703
0.251641
0.398452
0.513112
0.60113
0.667164
0.715079
0.748101
0.768958
0.779971
0.783101
0.779988
0.771989
0.760222
0.745604
0.728888
0.710683
0.691486
0.671693
0.651618
0.631509
0.611555
0.591899
0.572645
0.553866
0.535609
0.517901
0.500753
0.484161
0.468114
0.452593
0.437572
0.423021
0.40891
0.395205
0.381872
0.368877
0.356187
0.343769
0.331593
0.319627
0.307845
0.296217
0.284721
0.27333
0.262025
0.250784
0.239589
0.228422
0.217266
0.206108
0.194933
0.18373
0.172487
0.161193
0.149838
0.138414
0.126913
0.115326
0.103647
0.0918668
0.0799849
0.0679833
0.0558781
0.0436158
0.0312829
0.018674
0.00618788
-14.9692
-15.2003
-15.5105
-16.0623
-16.8332
-17.7346
-18.6832
-19.5854
-20.3453
-20.8729
-21.0873
-20.9251
-20.3549
-19.3881
-18.0756
-16.5062
-14.7909
-13.0405
-11.3429
-9.75274
-8.29612
-6.98261
-5.81243
-4.77991
-3.87621
-3.09099
-2.41341
-1.83275
-1.33877
-0.921848
-0.573001
-0.283889
-0.0467482
0.145623
0.299858
0.421961
0.517221
0.590167
0.644612
0.683767
0.710358
0.726707
0.73478
0.736225
0.732414
0.724484
0.713372
0.69985
0.684553
0.667995
0.650594
0.632686
0.614536
0.59635
0.57829
0.560474
0.54299
0.525899
0.509239
0.493032
0.477286
0.461998
0.447156
0.432744
0.418739
0.405116
0.391846
0.378903
0.366255
0.353874
0.341732
0.3298
0.318052
0.306462
0.295005
0.28366
0.272403
0.261216
0.250079
0.238975
0.227889
0.216804
0.205708
0.194588
0.183432
0.172231
0.160973
0.14965
0.138253
0.126776
0.11521
0.10355
0.091786
0.079918
0.0679296
0.0558346
0.0435855
0.0312568
0.0186729
0.00616723
-14.8548
-15.1147
-15.4381
-15.9276
-16.5794
-17.3318
-18.1166
-18.8556
-19.4656
-19.8684
-19.9961
-19.7978
-19.2495
-18.3603
-17.1726
-15.7591
-14.2106
-12.6183
-11.0574
-9.57837
-8.20906
-6.96246
-5.8423
-4.84625
-3.96831
-3.20049
-2.53385
-1.95915
-1.46727
-1.04949
-0.697531
-0.403631
-0.160515
0.0385996
0.199979
0.329324
0.431702
0.511503
0.572467
0.617778
0.650148
0.671892
0.684975
0.691053
0.69151
0.687497
0.679973
0.669729
0.657419
0.643578
0.628646
0.612976
0.596852
0.580499
0.564094
0.547772
0.531635
0.515756
0.500188
0.484962
0.470098
0.455602
0.44147
0.427695
0.414259
0.401146
0.388332
0.375795
0.36351
0.351453
0.339598
0.327923
0.316402
0.305014
0.293736
0.282549
0.271433
0.260369
0.249341
0.238333
0.227331
0.21632
0.205289
0.194226
0.18312
0.171962
0.160742
0.149453
0.138085
0.126633
0.115089
0.103448
0.0917016
0.0798482
0.0678736
0.0557893
0.0435542
0.0312301
0.0186732
0.00614744
-14.7339
-15.0015
-15.3241
-15.7629
-16.3187
-16.9458
-17.588
-18.1809
-18.656
-18.9482
-19.0013
-18.7736
-18.2452
-17.424
-16.3451
-15.0675
-13.6652
-12.2138
-10.7776
-9.40254
-8.11676
-6.93547
-5.8651
-4.90602
-4.0547
-3.30528
-2.65055
-2.0827
-1.59374
-1.17582
-0.821383
-0.523249
-0.274631
-0.0691701
0.0990379
0.235394
0.344735
0.431302
0.498751
0.550218
0.588391
0.615573
0.633723
0.644499
0.649294
0.649274
0.645414
0.638524
0.629278
0.618231
0.605839
0.592477
0.578446
0.563989
0.549298
0.534525
0.519786
0.505168
0.490735
0.476532
0.462586
0.448915
0.435524
0.422413
0.409572
0.396991
0.384654
0.372542
0.360637
0.348918
0.337365
0.325957
0.314674
0.303498
0.292407
0.281386
0.270415
0.259481
0.248567
0.23766
0.226746
0.215813
0.20485
0.193847
0.182793
0.171681
0.160501
0.149246
0.137909
0.126483
0.114963
0.103342
0.0916132
0.0797753
0.0678151
0.0557421
0.0435217
0.0312027
0.0186743
0.00612869
-14.6022
-14.8633
-15.1702
-15.5579
-16.027
-16.5442
-17.0639
-17.5335
-17.896
-18.0969
-18.0893
-17.8391
-17.3302
-16.5694
-15.5854
-14.4263
-13.1526
-11.827
-10.5043
-9.22606
-8.0198
-6.90193
-5.88081
-4.95899
-4.13502
-3.4049
-2.76304
-2.20295
-1.71774
-1.30044
-0.944192
-0.64241
-0.388798
-0.177418
-0.00272737
0.140375
0.256495
0.349712
0.423583
0.481183
0.525167
0.557813
0.581072
0.596599
0.605794
0.609834
0.609709
0.606246
0.600135
0.591952
0.582171
0.571185
0.559311
0.546811
0.533894
0.520725
0.507435
0.494126
0.480872
0.467731
0.454741
0.441929
0.42931
0.416891
0.404672
0.392646
0.380806
0.369138
0.35763
0.346265
0.335026
0.323899
0.312865
0.301909
0.291015
0.280167
0.26935
0.258551
0.247757
0.236954
0.226133
0.215282
0.20439
0.193449
0.18245
0.171386
0.160248
0.149029
0.137724
0.126327
0.11483
0.103231
0.0915207
0.079699
0.0677541
0.055693
0.0434879
0.0311747
0.0186755
0.00611112
-14.4582
-14.7043
-14.9875
-15.3266
-15.7202
-16.1432
-16.5584
-16.9227
-17.189
-17.3123
-17.2539
-16.9859
-16.4954
-15.7878
-14.8866
-13.8311
-12.6706
-11.4573
-10.2379
-9.04974
-7.91888
-6.86229
-5.88963
-5.00513
-4.20906
-3.49906
-2.87096
-2.31952
-1.8389
-1.42297
-1.06561
-0.760787
-0.502714
-0.28587
-0.105071
0.0444844
0.16717
0.266893
0.347097
0.410786
0.460565
0.498686
0.527081
0.547401
0.561048
0.569207
0.57288
0.572909
0.570002
0.564751
0.557647
0.5491
0.539447
0.528965
0.517877
0.506366
0.494576
0.482621
0.470591
0.458553
0.446556
0.434638
0.422823
0.411124
0.399551
0.388105
0.376784
0.36558
0.354485
0.343489
0.33258
0.321745
0.310972
0.300247
0.289557
0.278891
0.268235
0.257577
0.246908
0.236216
0.225491
0.214725
0.203908
0.193033
0.182091
0.171077
0.159983
0.148803
0.137531
0.126162
0.114691
0.103114
0.0914239
0.0796191
0.0676902
0.0556419
0.0434527
0.0311459
0.0186759
0.00609482
-14.302
-14.528
-14.7827
-15.0749
-15.4015
-15.7426
-16.0683
-16.3429
-16.528
-16.5865
-16.4864
-16.2051
-15.732
-15.0715
-14.2428
-13.278
-12.2175
-11.1045
-9.97919
-8.87444
-7.81481
-6.81714
-5.89191
-5.04455
-4.27676
-3.58753
-2.97401
-2.43207
-1.95686
-1.54308
-1.18529
-0.878061
-0.61608
-0.394249
-0.20774
-0.0520481
0.0769617
0.18302
0.269443
0.33915
0.394691
0.438279
0.471824
0.496965
0.515104
0.527431
0.534958
0.53854
0.538898
0.536641
0.532277
0.526232
0.518859
0.510451
0.501249
0.491448
0.481207
0.470654
0.45989
0.448994
0.438028
0.427038
0.416057
0.405108
0.394208
0.383365
0.372584
0.361863
0.3512
0.340589
0.330023
0.319494
0.308993
0.298509
0.288033
0.277556
0.267068
0.256559
0.24602
0.235443
0.22482
0.214143
0.203404
0.192597
0.181716
0.170753
0.159705
0.148565
0.137328
0.12599
0.114546
0.102992
0.0913226
0.0795357
0.0676236
0.0555886
0.0434158
0.0311164
0.0186748
0.00607982
-14.1348
-14.3377
-14.5615
-14.8092
-15.0763
-15.3466
-15.5957
-15.7942
-15.9108
-15.9151
-15.7808
-15.4895
-15.0327
-14.4139
-13.6489
-12.7637
-11.7916
-10.7685
-9.72859
-8.70104
-7.70845
-6.76719
-5.8881
-5.07749
-4.33815
-3.67023
-3.07198
-2.54033
-2.07132
-1.66044
-1.30293
-0.993922
-0.728599
-0.502275
-0.310473
-0.148985
-0.013916
0.0982792
0.190782
0.266416
0.327663
0.376691
0.415383
0.445361
0.468022
0.484557
0.495985
0.503171
0.50685
0.507644
0.506078
0.502593
0.497557
0.491279
0.484015
0.475974
0.46733
0.458224
0.448769
0.439055
0.429156
0.419127
0.409012
0.398842
0.38864
0.378424
0.368204
0.357986
0.347772
0.337563
0.327355
0.317144
0.306926
0.296694
0.286442
0.276162
0.265849
0.255494
0.245092
0.234635
0.224118
0.213534
0.202877
0.192141
0.181323
0.170415
0.159415
0.148317
0.137117
0.125811
0.114394
0.102865
0.0912167
0.0794486
0.0675539
0.0555331
0.0433772
0.031086
0.0186717
0.00606611
-13.9579
-14.1361
-14.3283
-14.5342
-14.7484
-14.9572
-15.1406
-15.2747
-15.3337
-15.2928
-15.1308
-14.8324
-14.391
-13.8094
-13.1004
-12.2853
-11.3915
-10.4489
-9.48664
-8.53035
-7.60067
-6.71318
-5.87876
-5.10429
-4.39338
-3.74713
-3.16476
-2.64409
-2.18201
-1.77476
-1.41822
-1.10807
-0.839979
-0.609665
-0.413004
-0.24608
-0.10524
0.0128709
0.11129
0.192734
0.259611
0.314036
0.357855
0.392672
0.419871
0.440643
0.456009
0.466844
0.473893
0.477791
0.479076
0.478204
0.475558
0.471463
0.466186
0.459954
0.452954
0.445337
0.437232
0.428739
0.419943
0.410908
0.401689
0.392325
0.382848
0.373283
0.363646
0.35395
0.344203
0.33441
0.324574
0.314695
0.304771
0.294801
0.284782
0.274708
0.264577
0.254384
0.244124
0.233793
0.223386
0.212898
0.202327
0.191666
0.180913
0.170062
0.159112
0.148058
0.136896
0.125623
0.114236
0.102732
0.0911063
0.0793578
0.0674814
0.0554754
0.0433368
0.0310548
0.0186662
0.00605361
-13.7729
-13.9258
-14.0869
-14.2539
-14.4209
-14.5763
-14.7036
-14.7831
-14.7939
-14.7157
-14.5312
-14.2283
-13.8014
-13.253
-12.5934
-11.8402
-11.0159
-10.1455
-9.25378
-8.36315
-7.4923
-6.65585
-5.86447
-5.12534
-4.44266
-3.81829
-3.25225
-2.74318
-2.28871
-1.88578
-1.53087
-1.22022
-0.949929
-0.71614
-0.515065
-0.343081
-0.196778
-0.0729955
0.0311533
0.118271
0.190681
0.250438
0.299349
0.338991
0.370732
0.395758
0.415092
0.429612
0.440072
0.447119
0.451302
0.453092
0.452886
0.45102
0.447779
0.443402
0.438088
0.432004
0.425287
0.418053
0.410393
0.402385
0.394092
0.385561
0.376834
0.367942
0.358909
0.349754
0.340492
0.331132
0.321682
0.312147
0.30253
0.292832
0.283054
0.273195
0.263253
0.253228
0.243116
0.232915
0.222623
0.212236
0.201753
0.19117
0.180485
0.169695
0.158796
0.147787
0.136665
0.125427
0.114071
0.102593
0.0909913
0.0792633
0.0674058
0.0554155
0.0432945
0.0310227
0.0186581
0.00604221
-13.5812
-13.7092
-13.8403
-13.9713
-14.0964
-14.2054
-14.2847
-14.3181
-14.2886
-14.1797
-13.9774
-13.6719
-13.2588
-12.7402
-12.1245
-11.4261
-10.6637
-9.85803
-9.03034
-8.2001
-7.38411
-6.59593
-5.84583
-5.14106
-4.48624
-3.8838
-3.33444
-2.83748
-2.39123
-1.99327
-1.64064
-1.33008
-1.05817
-0.821419
-0.616385
-0.439732
-0.288292
-0.159101
-0.0494304
0.0432017
0.121028
0.186036
0.239987
0.284424
0.320698
0.349984
0.373302
0.391534
0.405439
0.415672
0.422796
0.427291
0.429568
0.429977
0.428816
0.426336
0.42275
0.418237
0.412947
0.407005
0.400516
0.393566
0.386226
0.378556
0.370603
0.362407
0.353998
0.345403
0.336642
0.32773
0.31868
0.309502
0.300202
0.290787
0.281259
0.271622
0.261878
0.252026
0.242068
0.232002
0.22183
0.211548
0.201157
0.190655
0.180041
0.169312
0.158468
0.147507
0.136426
0.125224
0.113899
0.102449
0.0908718
0.0791651
0.0673274
0.0553534
0.0432504
0.0309897
0.0186476
0.00603177
-13.3845
-13.4883
-13.5909
-13.689
-13.7768
-13.8456
-13.8839
-13.8784
-13.8154
-13.6814
-13.4652
-13.1588
-12.7589
-12.2671
-11.6905
-11.0409
-10.3335
-9.58611
-8.81653
-8.04177
-7.27682
-6.53412
-5.82343
-5.15192
-4.52443
-3.94383
-3.41136
-2.92692
-2.48943
-2.09701
-1.74726
-1.4374
-1.16443
-0.925228
-0.716693
-0.535772
-0.379534
-0.245218
-0.130253
-0.0322853
0.0508204
0.12098
0.1799
0.229089
0.269872
0.303412
0.330721
0.35268
0.370055
0.383505
0.393604
0.400841
0.40564
0.408364
0.409322
0.408779
0.406959
0.404054
0.400226
0.39561
0.390322
0.384459
0.378101
0.371316
0.364161
0.356682
0.348918
0.340901
0.332657
0.324208
0.315571
0.306762
0.29779
0.288667
0.279399
0.269992
0.260452
0.25078
0.240981
0.231056
0.221007
0.210835
0.200539
0.190121
0.17958
0.168916
0.158128
0.147215
0.136177
0.125013
0.113721
0.1023
0.090748
0.0790635
0.0672461
0.0552892
0.0432045
0.0309559
0.0186346
0.00602214
-13.1843
-13.2649
-13.3409
-13.409
-13.4638
-13.4977
-13.501
-13.4629
-13.3721
-13.2178
-12.991
-12.6852
-12.2979
-11.8304
-11.2887
-10.6824
-10.0244
-9.32933
-8.61249
-7.88862
-7.17103
-6.47106
-5.79784
-5.15836
-4.55755
-3.99857
-3.48307
-3.01147
-2.58318
-2.19685
-1.85054
-1.54194
-1.26844
-1.0273
-0.815721
-0.630939
-0.470257
-0.331111
-0.211098
-0.107992
-0.019761
0.0554319
0.119235
0.173115
0.218369
0.256142
0.287437
0.313131
0.333989
0.35068
0.36378
0.373791
0.381146
0.386219
0.389331
0.39076
0.390741
0.389477
0.387142
0.383884
0.379827
0.375078
0.369728
0.363852
0.357517
0.350775
0.343674
0.336252
0.328541
0.320569
0.312359
0.30393
0.295298
0.286476
0.277476
0.268307
0.258977
0.249492
0.239857
0.230078
0.220156
0.210096
0.199899
0.189568
0.179103
0.168505
0.157775
0.146914
0.13592
0.124795
0.113537
0.102145
0.0906198
0.0789584
0.067162
0.0552231
0.0431568
0.0309213
0.0186195
0.00601316
-12.9821
-13.0408
-13.0922
-13.1331
-13.1588
-13.1624
-13.1359
-13.0705
-12.9569
-12.7863
-12.5515
-12.2475
-11.8722
-11.427
-10.9165
-10.3491
-9.73517
-9.08722
-8.41825
-7.74101
-7.06729
-6.40733
-5.76962
-5.16085
-4.58594
-4.04823
-3.54969
-3.09113
-2.67241
-2.29262
-1.95027
-1.64345
-1.36995
-1.12736
-0.913205
-0.724971
-0.560205
-0.416541
-0.291739
-0.183709
-0.0905255
-0.0104349
0.058148
0.116643
0.166317
0.208289
0.243552
0.272975
0.297324
0.317266
0.333387
0.346196
0.356133
0.363584
0.368881
0.372312
0.374124
0.374533
0.373721
0.371847
0.369048
0.365439
0.36112
0.356176
0.350681
0.344696
0.338276
0.331465
0.324302
0.31682
0.309049
0.301011
0.292728
0.284217
0.275492
0.266568
0.257455
0.248162
0.238697
0.229067
0.219278
0.209334
0.199239
0.188997
0.17861
0.168081
0.157411
0.146602
0.135655
0.124569
0.113347
0.101986
0.0904877
0.0788501
0.0670754
0.0551551
0.0431075
0.0308859
0.0186025
0.00600472
-12.7792
-12.8174
-12.8462
-12.8627
-12.8627
-12.8402
-12.7885
-12.7002
-12.5678
-12.3844
-12.144
-11.8427
-11.479
-11.054
-10.5717
-10.039
-9.46475
-8.85929
-8.23376
-7.59922
-6.96605
-6.34346
-5.73929
-5.15985
-4.60996
-4.09306
-3.61134
-3.16594
-2.75707
-2.38422
-2.04629
-1.74175
-1.46874
-1.22518
-1.00888
-0.817609
-0.649125
-0.501262
-0.371944
-0.259219
-0.161272
-0.0764349
-0.00319148
0.0598283
0.113853
0.159978
0.199178
0.232314
0.260147
0.283346
0.302498
0.318119
0.330659
0.340511
0.348017
0.353475
0.357145
0.359251
0.359988
0.359525
0.358007
0.35556
0.352294
0.348302
0.343666
0.338456
0.332733
0.326548
0.319946
0.312968
0.305646
0.29801
0.290085
0.281893
0.273452
0.26478
0.25589
0.246794
0.237504
0.228028
0.218374
0.208549
0.198559
0.188409
0.178103
0.167645
0.157037
0.146282
0.135382
0.124338
0.113151
0.101822
0.0903518
0.0787388
0.0669865
0.0550854
0.0430568
0.0308499
0.018584
0.0059967
-12.5769
-12.596
-12.6043
-12.599
-12.5765
-12.5315
-12.4583
-12.351
-12.2035
-12.01
-11.7659
-11.4681
-11.1155
-10.709
-10.2523
-9.75083
-9.21214
-8.64502
-8.05894
-7.46346
-6.86771
-6.27995
-5.70734
-5.1558
-4.62998
-4.13333
-3.66821
-3.23597
-2.83715
-2.47156
-2.13845
-1.83663
-1.56457
-1.3205
-1.10251
-0.908596
-0.736761
-0.585024
-0.451474
-0.334296
-0.231788
-0.142372
-0.0646029
0.00283475
0.0611287
0.111346
0.15444
0.19126
0.22256
0.249008
0.271193
0.289634
0.304788
0.317056
0.326789
0.334296
0.339844
0.34367
0.345977
0.346945
0.346729
0.345465
0.34327
0.340249
0.336489
0.332069
0.327057
0.321511
0.315484
0.30902
0.302159
0.294934
0.287375
0.27951
0.27136
0.262945
0.254284
0.24539
0.236279
0.226961
0.217446
0.207744
0.197862
0.187806
0.177583
0.167197
0.156652
0.145953
0.135101
0.1241
0.11295
0.101654
0.0902125
0.0786248
0.0668954
0.0550142
0.0430047
0.0308134
0.0185643
0.00598905
-12.3764
-12.378
-12.3677
-12.343
-12.3007
-12.2364
-12.1452
-12.0222
-11.8623
-11.6612
-11.415
-11.1213
-10.7793
-10.39
-9.9563
-9.48301
-8.97639
-8.4439
-7.89363
-7.33386
-6.7726
-6.21721
-5.67422
-5.14912
-4.64636
-4.16933
-3.72047
-3.30133
-2.91266
-2.55458
-2.22664
-1.92794
-1.65726
-1.41311
-1.19383
-0.997679
-0.822858
-0.667576
-0.530086
-0.408707
-0.301853
-0.20804
-0.125894
-0.0541599
0.00830686
0.0625406
0.109472
0.149935
0.184675
0.214354
0.239562
0.260822
0.278594
0.293286
0.305258
0.314826
0.322268
0.32783
0.331724
0.334141
0.335244
0.335179
0.334073
0.332036
0.329167
0.325551
0.321263
0.316369
0.310927
0.304987
0.298595
0.291789
0.284605
0.277073
0.26922
0.261069
0.252641
0.243955
0.235026
0.225869
0.216497
0.20692
0.197148
0.187189
0.17705
0.166739
0.156259
0.145616
0.134814
0.123856
0.112745
0.101482
0.0900702
0.0785085
0.0668025
0.0549418
0.0429516
0.0307765
0.0185438
0.00598174
-12.1787
-12.1644
-12.1373
-12.0954
-12.036
-11.9551
-11.8487
-11.7128
-11.5432
-11.3363
-11.0893
-10.8001
-10.4683
-10.0948
-9.68213
-9.23428
-8.7566
-8.25542
-7.73768
-7.21054
-6.68101
-6.15566
-5.64038
-5.14025
-4.65948
-4.20136
-3.76836
-3.36214
-2.98367
-2.63328
-2.31078
-2.01554
-1.74662
-1.50278
-1.28262
-1.08461
-0.907163
-0.748666
-0.60753
-0.482212
-0.371239
-0.27322
-0.186862
-0.110967
-0.0444377
0.0137235
0.064422
0.108474
0.146612
0.179494
0.207707
0.231773
0.252158
0.269274
0.283489
0.295126
0.304471
0.311779
0.317273
0.32115
0.323586
0.324733
0.324727
0.323688
0.321722
0.318921
0.315367
0.311135
0.306287
0.30088
0.294965
0.288586
0.281783
0.27459
0.267039
0.259156
0.250966
0.242491
0.233748
0.224756
0.215529
0.206079
0.196419
0.186559
0.176507
0.166271
0.155858
0.145273
0.134522
0.123608
0.112536
0.101307
0.0899253
0.0783901
0.066708
0.0548683
0.0428977
0.0307394
0.0185226
0.00597478
-11.9849
-11.9561
-11.9139
-11.857
-11.7827
-11.6877
-11.5686
-11.4221
-11.2448
-11.0339
-10.7871
-10.5028
-10.1808
-9.82186
-9.42828
-9.00346
-8.55193
-8.07909
-7.5909
-7.09354
-6.59318
-6.09563
-5.60621
-5.12959
-4.6697
-4.22972
-3.8121
-3.41857
-3.05024
-2.70764
-2.39079
-2.09931
-1.83249
-1.58933
-1.36866
-1.16916
-0.989428
-0.82804
-0.683555
-0.554564
-0.439706
-0.337688
-0.247292
-0.167384
-0.0969179
-0.034932
0.0194498
0.0670231
0.108508
0.144552
0.175738
0.202589
0.225572
0.245104
0.261557
0.275261
0.286512
0.295572
0.302671
0.308017
0.311793
0.314161
0.315265
0.315233
0.314178
0.3122
0.30939
0.305826
0.301579
0.296712
0.291281
0.285334
0.278917
0.272069
0.264824
0.257213
0.249265
0.241003
0.23245
0.223625
0.214545
0.205225
0.195679
0.185919
0.175955
0.165796
0.15545
0.144924
0.134225
0.123356
0.112323
0.101129
0.0897782
0.0782702
0.0666124
0.0547942
0.0428434
0.0307023
0.0185011
0.00596825
-11.7957
-11.7539
-11.6984
-11.6282
-11.541
-11.4341
-11.3044
-11.1494
-10.9662
-10.7526
-10.5068
-10.2276
-9.91491
-9.56954
-9.19341
-8.78947
-8.36161
-7.91444
-7.45308
-6.98291
-6.50931
-6.03744
-5.57209
-5.11752
-4.67739
-4.25473
-3.85194
-3.47078
-3.11248
-2.77769
-2.46665
-2.17916
-1.91473
-1.67257
-1.45173
-1.25108
-1.06941
-0.905445
-0.757906
-0.62551
-0.50701
-0.401206
-0.306959
-0.2232
-0.148934
-0.0832402
-0.0252724
0.025742
0.0705067
0.10966
0.143778
0.173381
0.198937
0.220866
0.239544
0.255309
0.26846
0.279269
0.287974
0.294791
0.29991
0.303503
0.305722
0.306701
0.306562
0.305414
0.303352
0.300462
0.296822
0.292499
0.287556
0.282046
0.276019
0.269518
0.262582
0.255247
0.247543
0.239498
0.231136
0.22248
0.213549
0.204361
0.19493
0.185271
0.175396
0.165315
0.155037
0.144571
0.133924
0.123101
0.112108
0.10095
0.0896297
0.0781492
0.0665161
0.0547198
0.0427889
0.0306656
0.0184797
0.00596227
-11.6122
-11.5586
-11.4914
-11.4096
-11.3114
-11.1943
-11.056
-10.8941
-10.7065
-10.4913
-10.2471
-9.97315
-9.66936
-9.33652
-8.97634
-8.59137
-8.18494
-7.76103
-7.32405
-6.87866
-6.42958
-5.98139
-5.53838
-5.10442
-4.68291
-4.2767
-3.88813
-3.51898
-3.1705
-2.8435
-2.53833
-2.25501
-1.99321
-1.75234
-1.53164
-1.33015
-1.14686
-0.980628
-0.830326
-0.694795
-0.572898
-0.463529
-0.365628
-0.278191
-0.200275
-0.131003
-0.0695596
-0.0151979
0.0327683
0.0749647
0.11196
0.144272
0.172365
0.196663
0.217544
0.235351
0.25039
0.262939
0.273243
0.281526
0.287987
0.292804
0.296136
0.298128
0.298908
0.29859
0.297279
0.295066
0.292034
0.288258
0.283805
0.278734
0.273099
0.266948
0.260324
0.253266
0.245808
0.23798
0.229812
0.221326
0.212545
0.203489
0.194175
0.184618
0.174833
0.16483
0.154621
0.144215
0.133621
0.122844
0.111892
0.100769
0.0894804
0.0780278
0.0664196
0.0546456
0.0427347
0.0306294
0.0184585
0.005957
-11.4349
-11.3708
-11.2933
-11.2014
-11.0938
-10.9683
-10.8228
-10.6555
-10.4647
-10.2488
-10.0068
-9.73813
-9.44281
-9.1216
-8.77601
-8.40828
-8.02129
-7.61845
-7.2036
-6.78079
-6.35415
-5.92774
-5.5054
-5.09064
-4.6866
-4.29596
-3.92096
-3.56335
-3.22444
-2.90511
-2.60585
-2.32681
-2.06782
-1.82848
-1.60819
-1.40617
-1.22154
-1.05334
-0.900555
-0.762156
-0.63711
-0.524403
-0.423052
-0.33212
-0.250718
-0.178009
-0.113214
-0.0556125
-0.00453701
0.0406242
0.080431
0.115394
0.145978
0.172605
0.195657
0.21548
0.232386
0.246657
0.258546
0.268285
0.276078
0.282112
0.286554
0.289554
0.291249
0.291761
0.291199
0.289661
0.287238
0.284009
0.280047
0.275415
0.270173
0.264372
0.25806
0.251279
0.244068
0.236459
0.228483
0.220168
0.211538
0.202615
0.193417
0.183963
0.174267
0.164344
0.154204
0.143859
0.133317
0.122586
0.111675
0.100588
0.0893311
0.0779065
0.0663236
0.0545719
0.0426812
0.0305943
0.0184381
0.0059527
-11.2646
-11.1913
-11.1047
-11.0042
-10.8886
-10.7559
-10.6047
-10.4332
-10.2402
-10.0243
-9.78489
-9.52146
-9.23416
-8.92373
-8.59151
-8.23946
-7.87008
-7.48635
-7.09158
-6.6893
-6.28316
-5.87673
-5.47346
-5.07653
-4.68881
-4.31282
-3.95069
-3.60413
-3.27446
-2.96263
-2.66923
-2.39452
-2.13848
-1.90086
-1.68121
-1.47891
-1.29322
-1.12332
-0.96833
-0.827326
-0.699378
-0.583563
-0.478975
-0.384741
-0.300024
-0.224033
-0.156025
-0.0953033
-0.0412238
0.00681037
0.0493487
0.0868953
0.119911
0.148817
0.173997
0.195799
0.21454
0.230507
0.24396
0.255135
0.264246
0.271484
0.277024
0.281025
0.283628
0.284962
0.285144
0.284278
0.28246
0.279775
0.2763
0.272106
0.267255
0.261803
0.255802
0.249298
0.242331
0.23494
0.227157
0.219013
0.210533
0.201742
0.192661
0.183309
0.173703
0.163858
0.153788
0.143503
0.133014
0.12233
0.111459
0.100407
0.0891826
0.0777861
0.0662285
0.0544994
0.0426291
0.0305606
0.0184188
0.00594967
-11.1019
-11.0204
-10.9259
-10.818
-10.6956
-10.5572
-10.4013
-10.2267
-10.0322
-9.81702
-9.58041
-9.32215
-9.04244
-8.74199
-8.42201
-8.08423
-7.73083
-7.3644
-6.98783
-6.60422
-6.21675
-5.82861
-5.44287
-5.06242
-4.68988
-4.32761
-3.9776
-3.64153
-3.32073
-3.01616
-2.7285
-2.45811
-2.2051
-1.96934
-1.75052
-1.54817
-1.36167
-1.19033
-1.03339
-0.890032
-0.759429
-0.640739
-0.533131
-0.435795
-0.347948
-0.268842
-0.197769
-0.134062
-0.077098
-0.0262963
0.0188807
0.058929
0.0943053
0.125428
0.152682
0.176416
0.196952
0.21458
0.229566
0.242151
0.252556
0.260978
0.267601
0.272586
0.276085
0.278231
0.279148
0.278946
0.277725
0.275578
0.272587
0.268825
0.264361
0.259255
0.253562
0.247332
0.240609
0.233434
0.225842
0.217867
0.209536
0.200876
0.191911
0.182661
0.173144
0.163377
0.153375
0.14315
0.132713
0.122075
0.111245
0.100229
0.0890358
0.0776674
0.0661352
0.0544286
0.0425789
0.0305287
0.0184011
0.0059483
-10.9475
-10.8589
-10.7576
-10.6433
-10.5153
-10.3721
-10.2125
-10.0356
-9.8404
-9.62623
-9.3926
-9.13939
-8.86684
-8.57562
-8.26684
-7.94202
-7.6031
-7.25233
-6.89224
-6.52555
-6.15506
-5.7836
-5.41392
-5.04863
-4.69014
-4.34062
-4.00197
-3.67579
-3.3634
-3.0658
-2.7837
-2.51757
-2.26761
-2.0338
-1.81596
-1.61373
-1.42664
-1.2541
-1.09545
-0.949989
-0.816972
-0.69564
-0.585234
-0.485005
-0.394221
-0.312177
-0.238203
-0.171658
-0.111942
-0.0584915
-0.0107825
0.0316726
0.0693246
0.10259
0.131851
0.157459
0.179737
0.198981
0.21546
0.22942
0.241088
0.250668
0.258348
0.264298
0.268673
0.271615
0.273253
0.273702
0.273069
0.27145
0.268933
0.265596
0.261513
0.256747
0.251357
0.245396
0.238913
0.231951
0.224547
0.216738
0.208554
0.200024
0.191172
0.182022
0.172593
0.162903
0.152968
0.142802
0.132418
0.121825
0.111035
0.100054
0.088892
0.0775514
0.0660444
0.0543603
0.0425314
0.0304994
0.0183857
0.00594903
-10.8016
-10.7068
-10.5997
-10.4802
-10.3475
-10.2004
-10.038
-9.85953
-9.66415
-9.45135
-9.22081
-8.97249
-8.70666
-8.42396
-8.12541
-7.81237
-7.48655
-7.14993
-6.80473
-6.45334
-6.09825
-5.74195
-5.38692
-5.03551
-4.68993
-4.35219
-4.02409
-3.70715
-3.40268
-3.11167
-2.83491
-2.5729
-2.32594
-2.09412
-1.87736
-1.67542
-1.48791
-1.31438
-1.15425
-1.00692
-0.871728
-0.747988
-0.63501
-0.532102
-0.438583
-0.353792
-0.27709
-0.207867
-0.145546
-0.0895811
-0.0394607
0.00529247
0.0451228
0.0804423
0.111632
0.139045
0.163004
0.183807
0.201729
0.217021
0.229914
0.240617
0.249324
0.256211
0.261439
0.265156
0.267495
0.268578
0.268518
0.267414
0.26536
0.262439
0.258727
0.254293
0.2492
0.243503
0.237254
0.230499
0.22328
0.215633
0.207593
0.199189
0.190449
0.181397
0.172054
0.16244
0.152571
0.142462
0.132129
0.121581
0.110829
0.0998831
0.088752
0.0774388
0.065957
0.0542951
0.0424872
0.0304732
0.0183735
0.00595254
-10.6655
-10.5654
-10.4532
-10.3291
-10.1925
-10.0424
-9.87783
-9.69827
-9.50311
-9.29192
-9.06449
-8.82084
-8.56129
-8.28644
-7.99722
-7.69486
-7.38088
-7.05701
-6.72523
-6.38764
-6.04644
-5.70385
-5.3621
-5.02331
-4.68951
-4.36256
-4.04416
-3.73577
-3.43865
-3.15381
-2.88207
-2.62399
-2.37995
-2.15011
-1.93449
-1.73294
-1.54519
-1.37085
-1.20946
-1.06048
-0.923347
-0.797433
-0.682112
-0.576749
-0.480709
-0.39337
-0.314129
-0.242404
-0.177639
-0.119307
-0.0669113
-0.019984
0.0219119
0.0591837
0.0922103
0.121343
0.146907
0.169203
0.188507
0.205075
0.219142
0.230924
0.240618
0.248407
0.254456
0.258919
0.261934
0.263629
0.264121
0.263515
0.261908
0.259388
0.256035
0.251921
0.247114
0.241672
0.23565
0.229096
0.222054
0.214565
0.206664
0.198383
0.18975
0.180793
0.171533
0.161991
0.152187
0.142134
0.13185
0.121345
0.110631
0.0997187
0.0886176
0.077331
0.0658741
0.0542339
0.0424476
0.0304508
0.0183656
0.00595914
-10.5386
-10.434
-10.3178
-10.1901
-10.0504
-9.8979
-9.73185
-9.55174
-9.35712
-9.14769
-8.92332
-8.68411
-8.43038
-8.16272
-7.88199
-7.58929
-7.28598
-6.9736
-6.65389
-6.3287
-5.99999
-5.66974
-5.33995
-5.01256
-4.68941
-4.37225
-4.06266
-3.76205
-3.47166
-3.19251
-2.92542
-2.671
-2.42971
-2.20178
-1.9873
-1.78621
-1.59833
-1.42335
-1.26088
-1.11047
-0.971613
-0.843752
-0.726318
-0.618723
-0.520379
-0.430702
-0.34912
-0.275077
-0.208042
-0.147505
-0.0929816
-0.0440164
-0.000179911
0.0389302
0.0736897
0.104449
0.131532
0.155243
0.17586
0.193642
0.208828
0.221637
0.232274
0.240923
0.247757
0.252933
0.256596
0.258877
0.259897
0.259768
0.25859
0.256454
0.253446
0.249641
0.245108
0.239911
0.234107
0.227746
0.220875
0.213538
0.20577
0.197607
0.189078
0.180212
0.171032
0.161561
0.151817
0.141819
0.131582
0.121118
0.110442
0.0995613
0.0884893
0.0772286
0.0657961
0.0541772
0.0424132
0.030433
0.0183642
0.00597048
-10.423
-10.3144
-10.1945
-10.0637
-9.92141
-9.76697
-9.5998
-9.41946
-9.22562
-9.01805
-8.7967
-8.56169
-8.31337
-8.0523
-7.77926
-7.49527
-7.20152
-6.8994
-6.59045
-6.27631
-5.95871
-5.63945
-5.32032
-5.00308
-4.68944
-4.38102
-4.07932
-3.78572
-3.50139
-3.22738
-2.96453
-2.71349
-2.47476
-2.24864
-2.0353
-1.83473
-1.64683
-1.47136
-1.30801
-1.15638
-1.01602
-0.886454
-0.767145
-0.657558
-0.557142
-0.46535
-0.381641
-0.305485
-0.23637
-0.173805
-0.117321
-0.0664731
-0.0208391
0.019977
0.0563474
0.0886204
0.117121
0.142152
0.163996
0.182913
0.199145
0.212917
0.224436
0.233893
0.241463
0.247308
0.251578
0.254409
0.255927
0.256245
0.25547
0.253696
0.251012
0.247496
0.243222
0.238256
0.232656
0.226476
0.219767
0.212572
0.20493
0.196877
0.188446
0.179666
0.170562
0.161156
0.151471
0.141523
0.13133
0.120906
0.110264
0.0994144
0.08837
0.0771338
0.0657252
0.0541263
0.0423856
0.0304202
0.0183707
0.00598497
-10.3175
-10.206
-10.0836
-9.95052
-9.80647
-9.65076
-9.48292
-9.30264
-9.10966
-8.90387
-8.6853
-8.45412
-8.2107
-7.9556
-7.68954
-7.41342
-7.12831
-6.83543
-6.53614
-6.23188
-5.9242
-5.6147
-5.305
-4.99673
-4.69146
-4.39072
-4.09595
-3.80846
-3.52944
-3.25992
-3.00077
-2.75269
-2.51621
-2.29169
-2.07934
-1.87924
-1.69131
-1.51541
-1.35127
-1.19855
-1.05686
-0.925752
-0.80476
-0.693378
-0.591094
-0.49739
-0.411752
-0.333674
-0.262665
-0.198249
-0.139971
-0.0873948
-0.0401082
0.00227986
0.0401376
0.0738111
0.103625
0.129882
0.152866
0.172839
0.190048
0.204719
0.217063
0.227275
0.235535
0.242008
0.246848
0.250196
0.252181
0.252921
0.252525
0.251092
0.248713
0.245471
0.24144
0.236691
0.231284
0.225277
0.218719
0.211658
0.204136
0.196188
0.187849
0.17915
0.170117
0.160774
0.151143
0.141244
0.131093
0.120706
0.110097
0.0992762
0.0882582
0.0770454
0.0656603
0.0540809
0.0423657
0.0304142
0.018392
0.00600911
-10.2243
-10.1097
-9.98465
-9.84941
-9.70368
-9.5469
-9.37868
-9.19876
-9.00694
-8.80315
-8.58743
-8.35998
-8.12115
-7.87148
-7.61163
-7.34244
-7.06486
-6.78
-6.48906
-6.19334
-5.89422
-5.59315
-5.29162
-4.99111
-4.69311
-4.39906
-4.11033
-3.82822
-3.55389
-3.28838
-3.03256
-2.78717
-2.55277
-2.32976
-2.11839
-1.91879
-1.73094
-1.55473
-1.38995
-1.23632
-1.09348
-0.961054
-0.83859
-0.725628
-0.621689
-0.526283
-0.438922
-0.359123
-0.286411
-0.220329
-0.160432
-0.106297
-0.0575166
-0.0137074
0.0254956
0.0604362
0.0914379
0.118804
0.14282
0.163749
0.181841
0.197325
0.210414
0.221309
0.230191
0.237232
0.242587
0.246401
0.248807
0.249927
0.249873
0.248748
0.246644
0.243648
0.239838
0.235284
0.230051
0.224198
0.217778
0.210838
0.203423
0.195569
0.187314
0.178687
0.169718
0.160432
0.150851
0.140995
0.130882
0.120528
0.109948
0.0991538
0.0881598
0.0769681
0.0656051
0.0540429
0.0423542
0.0304118
0.0184243
0.00602975
-10.1445
-10.0288
-9.90271
-9.76655
-9.62005
-9.46271
-9.2942
-9.1144
-8.92325
-8.72081
-8.50727
-8.28295
-8.04823
-7.80361
-7.54968
-7.28712
-7.01675
-6.73948
-6.45634
-6.16849
-5.87716
-5.58365
-5.28933
-4.99558
-4.7038
-4.41535
-4.13159
-3.85378
-3.58311
-3.32063
-3.06725
-2.82374
-2.5907
-2.36856
-2.15761
-1.95801
-1.7698
-1.59292
-1.42721
-1.27244
-1.12831
-0.994458
-0.870474
-0.755927
-0.650362
-0.553311
-0.464305
-0.382877
-0.308568
-0.240929
-0.179528
-0.123945
-0.0737825
-0.0286582
0.0117896
0.047903
0.0800053
0.1084
0.133374
0.155192
0.174106
0.190348
0.204135
0.215668
0.225134
0.232707
0.238546
0.2428
0.245603
0.247082
0.247352
0.246516
0.244673
0.241911
0.238309
0.233941
0.228874
0.223168
0.216879
0.210054
0.202741
0.194977
0.186801
0.178245
0.169337
0.160104
0.15057
0.140755
0.130679
0.120357
0.109806
0.0990363
0.0880656
0.0768945
0.0655541
0.0540094
0.0423539
0.0304217
0.0184996
0.0060772
-10.0745
-9.95628
-9.82813
-9.69047
-9.5431
-9.38558
-9.21763
-9.0391
-8.84992
-8.65009
-8.43973
-8.21908
-7.98853
-7.74854
-7.4997
-7.24268
-6.97824
-6.70723
-6.43059
-6.14935
-5.86463
-5.57761
-5.28954
-5.0017
-4.7154
-4.43197
-4.15268
-3.8788
-3.61148
-3.35179
-3.10066
-2.85887
-2.62705
-2.40568
-2.19508
-1.99544
-1.80686
-1.62931
-1.46267
-1.30677
-1.16133
-1.02604
-0.900532
-0.784393
-0.677199
-0.578508
-0.487869
-0.404835
-0.328959
-0.259806
-0.19695
-0.13998
-0.0884998
-0.0421323
-0.000516359
0.0366903
0.0698117
0.0991534
0.125003
0.147631
0.167289
0.184214
0.198626
0.21073
0.220716
0.228761
0.235029
0.239669
0.242822
0.244616
0.245169
0.244587
0.242972
0.240413
0.236992
0.232786
0.227863
0.222284
0.216108
0.209383
0.202158
0.194472
0.186364
0.177868
0.169013
0.159827
0.150333
0.140554
0.130509
0.120214
0.109687
0.0989389
0.087988
0.0768337
0.065513
0.0539801
0.0423556
0.0304179
0.0185659
0.00608734
-10.0333
-9.91642
-9.78927
-9.65214
-9.50489
-9.34709
-9.17864
-8.99968
-8.81054
-8.61162
-8.40341
-8.18633
-7.96073
-7.72685
-7.48493
-7.23524
-6.97823
-6.71451
-6.44489
-6.17031
-5.8918
-5.61047
-5.32748
-5.04404
-4.76139
-4.48084
-4.2037
-3.93126
-3.66478
-3.40542
-3.15417
-2.91188
-2.6792
-2.45661
-2.24449
-2.04308
-1.85252
-1.67287
-1.50407
-1.34598
-1.19835
-1.06089
-0.93324
-0.815004
-0.70577
-0.605105
-0.51257
-0.427721
-0.350116
-0.279323
-0.214916
-0.156485
-0.103633
-0.0559798
-0.0131628
0.0251631
0.0593248
0.0896311
0.116373
0.139824
0.16024
0.177861
0.192911
0.205598
0.216116
0.224646
0.231353
0.236392
0.239906
0.242025
0.242871
0.242553
0.241175
0.238827
0.235596
0.231559
0.226786
0.221342
0.215284
0.208665
0.201532
0.193929
0.185894
0.177461
0.168662
0.159525
0.150075
0.140334
0.130322
0.120057
0.109556
0.0988306
0.0879012
0.0767664
0.0654686
0.053955
0.0423784
0.0304546
0.0187889
0.00617092
-9.98185
-9.86345
-9.73513
-9.59773
-9.4512
-9.29502
-9.1289
-8.95274
-8.76654
-8.57047
-8.36488
-8.15027
-7.92718
-7.69607
-7.45736
-7.21137
-6.95849
-6.69925
-6.43436
-6.16468
-5.89115
-5.6148
-5.33666
-5.05784
-4.77949
-4.50284
-4.22917
-3.95975
-3.69582
-3.43852
-3.18887
-2.94771
-2.71575
-2.49352
-2.28143
-2.07976
-1.88867
-1.70823
-1.53841
-1.37909
-1.23007
-1.0911
-0.961845
-0.841957
-0.731045
-0.628702
-0.53451
-0.448043
-0.368875
-0.296581
-0.230747
-0.170967
-0.116846
-0.0680058
-0.0240839
0.0152665
0.0503746
0.0815524
0.109094
0.133278
0.154363
0.172593
0.188197
0.201386
0.21236
0.2213
0.228378
0.233752
0.237566
0.239955
0.241042
0.24094
0.239754
0.237579
0.234501
0.2306
0.225948
0.22061
0.214647
0.208112
0.201053
0.193515
0.185536
0.177154
0.168399
0.1593
0.149884
0.140172
0.130186
0.119943
0.109461
0.0987527
0.0878386
0.0767155
0.0654321
0.0539194
0.0423721
0.0304001
0.0188592
0.00616041
-9.97512
-9.85792
-9.73035
-9.59197
-9.44242
-9.28162
-9.11006
-8.92876
-8.73905
-8.54224
-8.33927
-8.1305
-7.91562
-7.69389
-7.46454
-7.22714
-6.98181
-6.72914
-6.47008
-6.20562
-5.9367
-5.66419
-5.38894
-5.1119
-4.83417
-4.55703
-4.28191
-4.01032
-3.74379
-3.48372
-3.23125
-2.98727
-2.75241
-2.52716
-2.31198
-2.10725
-1.91329
-1.73029
-1.55823
-1.39698
-1.24629
-1.10583
-0.975261
-0.854197
-0.742239
-0.638963
-0.543933
-0.456711
-0.376854
-0.30393
-0.237514
-0.177194
-0.122572
-0.0732649
-0.028907
0.0108503
0.0463382
0.07787
0.105741
0.130231
0.151599
0.170092
0.185938
0.19935
0.210528
0.219655
0.226904
0.232434
0.236389
0.238906
0.24011
0.240113
0.239022
0.236931
0.23393
0.230097
0.225506
0.220223
0.214308
0.207816
0.200795
0.193291
0.185343
0.176987
0.168255
0.159177
0.149779
0.140083
0.130111
0.11988
0.10941
0.0987125
0.0878091
0.0766982
0.0654298
0.0539448
0.0424451
0.030557
0.0194479
0.00613471
-19.0054
-19.1683
-19.3515
-19.7191
-20.2006
-20.8063
-21.4692
-22.1126
-22.6255
-22.891
-22.8153
-22.327
-21.2715
-19.5428
-17.2303
-14.463
-11.4291
-8.32926
-5.35469
-2.66002
-0.353643
1.5144
2.94589
3.97208
4.64556
5.03133
5.19557
5.19811
5.08864
4.90571
4.67763
4.4244
4.15983
3.89351
3.63242
3.38178
3.14516
2.92438
2.71975
2.53054
2.35561
2.19374
2.04384
1.90499
1.77639
1.65733
1.54715
1.44522
1.35098
1.26386
1.18336
1.10898
1.04027
0.976806
0.918172
0.863993
0.813914
0.767604
0.724752
0.685069
0.648285
0.61415
0.58243
0.552909
0.525387
0.499677
0.475609
0.453023
0.431773
0.411725
0.392754
0.374748
0.357601
0.341217
0.32551
0.3104
0.295812
0.281682
0.267947
0.254554
0.241451
0.228594
0.215942
0.203457
0.191106
0.178859
0.166687
0.154566
0.142474
0.130391
0.118298
0.106181
0.0940215
0.0818128
0.0695374
0.0572003
0.0447915
0.0323146
0.0199776
0.00707123
-18.1843
-18.6685
-19.0062
-19.5262
-20.2869
-21.2768
-22.413
-23.5693
-24.5843
-25.2856
-25.5017
-25.094
-24.0323
-22.3973
-20.1959
-17.5156
-14.5116
-11.3794
-8.31029
-5.46339
-2.95464
-0.849872
0.833381
2.11341
3.03261
3.64742
4.01905
4.20573
4.25792
4.21599
4.10998
3.96101
3.78383
3.58935
3.38629
3.18178
2.98135
2.78879
2.60625
2.43456
2.27376
2.12348
1.98322
1.85248
1.73073
1.6175
1.5123
1.41466
1.32411
1.2402
1.16248
1.09053
1.02395
0.962341
0.905347
0.852614
0.803813
0.758634
0.716785
0.677991
0.641998
0.608566
0.577472
0.548509
0.521483
0.496215
0.47254
0.450305
0.429368
0.409598
0.390875
0.373088
0.356137
0.339927
0.324374
0.3094
0.294933
0.28091
0.26727
0.25396
0.240931
0.228139
0.215544
0.203109
0.190802
0.178593
0.166455
0.154364
0.142298
0.130238
0.118164
0.106063
0.093918
0.0817217
0.0694509
0.0571221
0.0446706
0.0322056
0.0194112
0.00702591
-18.8012
-19.6833
-20.3755
-21.1564
-22.1455
-23.2863
-24.4875
-25.6424
-26.6388
-27.3643
-27.6997
-27.5045
-26.6839
-25.1633
-22.95
-20.144
-16.9406
-13.5845
-10.2951
-7.23864
-4.53007
-2.23315
-0.367554
1.07992
2.14851
2.89298
3.37387
3.65034
3.77558
3.79409
3.74032
3.63867
3.50503
3.34963
3.18013
3.00353
2.82623
2.65314
2.4872
2.32976
2.18119
2.04148
1.9104
1.78767
1.67297
1.56596
1.46627
1.37353
1.28734
1.20731
1.13306
1.06422
1.00041
0.941292
0.886525
0.835789
0.788778
0.745204
0.704794
0.667293
0.632458
0.600064
0.569901
0.541772
0.515493
0.490895
0.467819
0.446119
0.425659
0.406316
0.387974
0.370526
0.353877
0.337936
0.322621
0.307859
0.29358
0.279722
0.266229
0.253049
0.240134
0.227443
0.214937
0.20258
0.190342
0.178192
0.166107
0.154062
0.142036
0.13001
0.117966
0.105892
0.0937684
0.081591
0.0693333
0.0570188
0.0445622
0.0321259
0.0192702
0.00699322
-20.0514
-21.008
-21.8471
-22.7805
-23.9272
-25.2436
-26.6459
-28.0331
-29.2924
-30.2976
-30.9035
-30.9429
-30.246
-28.6926
-26.2583
-23.0695
-19.4107
-15.6434
-12.0276
-8.71623
-5.80449
-3.34454
-1.34803
0.208637
1.37312
2.20481
2.76546
3.11344
3.30082
3.37193
3.3626
3.29984
3.20218
3.08129
2.9446
2.79801
2.64714
2.49691
2.35065
2.21012
2.07607
1.94881
1.82847
1.71506
1.6085
1.50863
1.41523
1.32804
1.24677
1.1711
1.10074
1.03535
0.974626
0.91826
0.865953
0.817416
0.772375
0.730564
0.691734
0.655647
0.622079
0.590822
0.561676
0.534457
0.508994
0.485125
0.462701
0.441584
0.421645
0.402767
0.384838
0.36776
0.351438
0.335789
0.320734
0.306201
0.292125
0.278448
0.265114
0.252074
0.239283
0.226701
0.214291
0.202018
0.189853
0.177769
0.16574
0.153744
0.141761
0.129773
0.117762
0.105715
0.0936153
0.0814584
0.0692142
0.0569138
0.0444483
0.0320259
0.019088
0.00688182
-21.4292
-22.2838
-23.1414
-24.1732
-25.4392
-26.9113
-28.5125
-30.1482
-31.7068
-33.0542
-34.0264
-34.4176
-33.9796
-32.4875
-29.8444
-26.1612
-21.8403
-17.4985
-13.5057
-9.95991
-6.88867
-4.31615
-2.23584
-0.608574
0.623743
1.52504
2.15695
2.57518
2.82844
2.95836
2.99953
2.97936
2.91806
2.82924
2.72168
2.60166
2.47459
2.34529
2.2173
2.09264
1.97237
1.85708
1.74715
1.64284
1.54426
1.45142
1.36423
1.28255
1.20616
1.13485
1.06835
1.00641
0.948775
0.895166
0.845325
0.798996
0.755931
0.715891
0.678648
0.643983
0.611689
0.581573
0.553449
0.527146
0.502501
0.479365
0.457596
0.437063
0.417646
0.399233
0.381719
0.36501
0.349017
0.333659
0.318863
0.304559
0.290687
0.277189
0.264014
0.251114
0.238446
0.225972
0.213657
0.201468
0.189377
0.177356
0.165383
0.153437
0.141496
0.129545
0.117566
0.105547
0.0934708
0.0813341
0.0691054
0.0568193
0.0443597
0.03195
0.0190168
0.00682711
-22.322
-23.0612
-23.8718
-24.9754
-26.3502
-27.9811
-29.7972
-31.7111
-33.611
-35.3538
-36.7525
-37.5601
-37.4541
-36.1208
-33.3764
-29.27
-24.1914
-19.0625
-14.604
-10.8521
-7.68117
-5.06301
-2.96197
-1.31662
-0.0572531
0.883287
1.56477
2.03871
2.34924
2.53403
2.62494
2.64813
2.62402
2.56744
2.48865
2.39495
2.29199
2.18436
2.07548
1.96752
1.86181
1.75921
1.66038
1.56579
1.47577
1.39048
1.30996
1.23419
1.16304
1.09639
1.03404
0.975792
0.921445
0.870775
0.823559
0.779577
0.738611
0.700449
0.664886
0.631724
0.600777
0.571865
0.54482
0.519481
0.495698
0.473332
0.452252
0.432334
0.413465
0.39554
0.378461
0.362139
0.34649
0.331438
0.316912
0.302849
0.289189
0.275878
0.262869
0.250115
0.237576
0.225216
0.213
0.200898
0.188883
0.176929
0.165015
0.153119
0.141223
0.12931
0.117365
0.105375
0.0933236
0.0812082
0.0689964
0.0567248
0.0442746
0.0318726
0.0189559
0.0067486
-22.4566
-23.2
-23.9293
-25.0881
-26.5507
-28.3166
-30.3138
-32.4568
-34.6314
-36.6862
-38.4161
-39.5336
-39.7055
-38.5981
-35.9675
-31.7331
-26.1547
-20.2836
-15.3297
-11.4039
-8.1947
-5.59571
-3.53062
-1.91021
-0.655064
0.30157
1.01502
1.53133
1.88948
2.12285
2.26005
2.32518
2.33781
2.31306
2.2622
2.19359
2.11348
2.02651
1.93596
1.84409
1.75244
1.66216
1.57414
1.48909
1.40748
1.32964
1.25573
1.18581
1.11987
1.05785
0.99963
0.945072
0.894016
0.846287
0.801702
0.760073
0.721212
0.684935
0.65106
0.61941
0.589816
0.562115
0.536153
0.511783
0.488868
0.467277
0.446888
0.427587
0.40927
0.391836
0.375194
0.359261
0.343957
0.329212
0.314958
0.301136
0.287689
0.274567
0.261724
0.249117
0.236707
0.22446
0.212344
0.200329
0.188391
0.176504
0.164648
0.152804
0.140952
0.129078
0.117166
0.105206
0.0931792
0.0810851
0.0688914
0.0566347
0.0441985
0.0318036
0.0189199
0.00668537
-21.9263
-22.6508
-23.3734
-24.579
-26.1175
-27.9864
-30.1107
-32.3998
-34.731
-36.941
-38.8141
-40.0649
-40.3933
-39.4926
-37.1043
-33.032
-27.3508
-21.0867
-15.7416
-11.6732
-8.4847
-5.96169
-3.97277
-2.40404
-1.17199
-0.214481
0.517497
1.06417
1.45965
1.73336
1.91081
2.01386
2.0608
2.06642
2.04236
1.99771
1.93932
1.872
1.799
1.72259
1.64453
1.56621
1.48875
1.41302
1.33968
1.26917
1.20176
1.13763
1.07685
1.01942
0.965305
0.91441
0.866628
0.821827
0.779862
0.740579
0.70382
0.669424
0.637234
0.607094
0.578852
0.552362
0.527483
0.504083
0.482035
0.461219
0.441523
0.42284
0.405074
0.388131
0.371927
0.356383
0.341425
0.326987
0.313005
0.299424
0.286191
0.273257
0.26058
0.24812
0.235839
0.223706
0.211689
0.199762
0.1879
0.176081
0.164283
0.152489
0.140682
0.128847
0.116969
0.105038
0.0930364
0.0809639
0.0687887
0.056547
0.0441264
0.0317376
0.0188889
0.00662019
-21.0132
-21.5506
-22.3535
-23.6034
-25.2185
-27.1731
-29.3859
-31.758
-34.1578
-36.4151
-38.3141
-39.5935
-39.9784
-39.1879
-36.965
-33.0559
-27.5006
-21.2981
-15.8634
-11.7268
-8.61978
-6.22019
-4.32781
-2.81984
-1.61774
-0.666898
0.0750118
0.643048
1.06722
1.37362
1.58505
1.72127
1.79917
1.83284
1.83393
1.81186
1.77385
1.72489
1.66828
1.6064
1.54114
1.47412
1.40666
1.33981
1.27434
1.21083
1.14965
1.09107
1.03524
0.982224
0.932051
0.884685
0.840061
0.798088
0.758657
0.721644
0.68692
0.654348
0.623793
0.595118
0.568188
0.542874
0.519049
0.496591
0.475387
0.455324
0.436302
0.418221
0.400991
0.384526
0.368748
0.353583
0.338962
0.324822
0.311106
0.297759
0.284734
0.271984
0.259469
0.247151
0.234996
0.222973
0.211053
0.199212
0.187424
0.17567
0.163929
0.152185
0.140421
0.128624
0.116779
0.104876
0.092899
0.0808476
0.068691
0.0564641
0.0440598
0.0316768
0.0188618
0.00656098
-19.8789
-20.108
-21.0168
-22.3175
-24.0248
-26.069
-28.3538
-30.7723
-33.1878
-35.4298
-37.291
-38.5352
-38.9101
-38.1547
-36.0005
-32.1634
-26.7824
-20.8955
-15.649
-11.6101
-8.66885
-6.41898
-4.62377
-3.17353
-2.00132
-1.06051
-0.314342
0.268234
0.714022
1.04642
1.28592
1.45044
1.5555
1.61443
1.63855
1.63732
1.61812
1.5861
1.54465
1.49624
1.44293
1.38651
1.32847
1.26998
1.21197
1.15508
1.09982
1.04651
0.995379
0.946575
0.900165
0.856169
0.814563
0.775295
0.738288
0.703449
0.670675
0.639852
0.610866
0.583597
0.557929
0.533745
0.510932
0.489381
0.468987
0.44965
0.431276
0.413774
0.39706
0.381056
0.365688
0.350888
0.336591
0.322739
0.309278
0.296158
0.283332
0.270759
0.2584
0.246219
0.234185
0.222269
0.210443
0.198683
0.186967
0.175275
0.163589
0.151893
0.140171
0.12841
0.116596
0.104721
0.0927678
0.0807369
0.0685984
0.056386
0.0439977
0.0316204
0.0188344
0.00650543
-18.9325
-18.7229
-19.5856
-20.8977
-22.6926
-24.8287
-27.1759
-29.6172
-32.0141
-34.2009
-35.985
-37.1515
-37.4635
-36.6689
-34.4774
-30.6459
-25.5209
-20.0637
-15.1395
-11.3894
-8.68973
-6.5853
-4.87437
-3.47429
-2.32992
-1.40094
-0.654528
-0.0625407
0.399305
0.752175
1.01464
1.203
1.33156
1.41281
1.45766
1.47537
1.47331
1.4567
1.42907
1.39302
1.35074
1.30414
1.25486
1.20419
1.15314
1.10247
1.05275
1.0044
0.9577
0.912859
0.869997
0.829178
0.790421
0.753707
0.718992
0.686209
0.655278
0.626111
0.598609
0.572673
0.548199
0.525085
0.503232
0.482541
0.462916
0.444267
0.426508
0.409555
0.393332
0.377764
0.362786
0.348331
0.334342
0.320763
0.307545
0.294639
0.282003
0.269597
0.257386
0.245336
0.233417
0.221601
0.209864
0.198182
0.186534
0.174902
0.163268
0.151617
0.139935
0.128208
0.116424
0.104575
0.0926445
0.080633
0.068512
0.0563134
0.0439406
0.031569
0.0188064
0.00645496
-17.99
-17.4396
-18.1475
-19.4513
-21.3216
-23.5439
-25.9446
-28.3924
-30.749
-32.857
-34.5393
-35.5952
-35.796
-34.884
-32.5656
-28.7574
-23.9815
-18.9525
-14.4816
-11.1679
-8.71068
-6.72469
-5.08364
-3.7276
-2.60979
-1.69411
-0.950406
-0.352867
0.120702
0.489583
0.7707
0.978988
1.12766
1.22841
1.29164
1.32632
1.33966
1.33694
1.32179
1.29696
1.26475
1.22719
1.186
1.14257
1.098
1.05312
1.00858
0.964862
0.922312
0.881183
0.841648
0.80381
0.767727
0.733411
0.700847
0.669995
0.640798
0.613186
0.58708
0.562395
0.539045
0.516939
0.495988
0.476105
0.457205
0.439203
0.422022
0.405586
0.389824
0.374668
0.360055
0.345927
0.332227
0.318906
0.305915
0.293211
0.280754
0.268506
0.256434
0.244507
0.232695
0.220975
0.20932
0.197711
0.186128
0.174551
0.162966
0.151358
0.139713
0.128019
0.116263
0.104438
0.0925295
0.0805364
0.0684319
0.0562465
0.0438883
0.0315223
0.0187787
0.00640936
-17.922
-16.7346
-17.0124
-18.1801
-20.0528
-22.3154
-24.7377
-27.167
-29.4612
-31.4717
-33.0308
-33.9421
-33.9783
-32.8745
-30.4125
-26.7276
-22.3073
-17.7342
-13.8813
-11.0007
-8.72545
-6.833
-5.25353
-3.93867
-2.84717
-1.94592
-1.20704
-0.606788
-0.124828
0.256501
0.55272
0.777583
0.943347
1.06099
1.14037
1.19007
1.21714
1.22682
1.22287
1.20814
1.18507
1.15575
1.12197
1.08521
1.04661
1.0071
0.96737
0.927957
0.889266
0.851598
0.815165
0.78011
0.746522
0.714445
0.683891
0.654844
0.627266
0.601108
0.576306
0.552792
0.530492
0.509327
0.48922
0.470093
0.451869
0.434473
0.417833
0.40188
0.386549
0.371777
0.357507
0.343682
0.330253
0.317172
0.304394
0.291879
0.279588
0.267488
0.255546
0.243733
0.232023
0.220391
0.208814
0.197273
0.185749
0.174225
0.162686
0.151117
0.139507
0.127843
0.116114
0.104312
0.0924232
0.0804473
0.0683583
0.0561851
0.043841
0.0314803
0.0187527
0.00636867
-16.9209
-15.8753
-15.9001
-16.9602
-18.8263
-21.1266
-23.5676
-25.9676
-28.186
-30.0819
-31.4896
-32.2154
-32.0321
-30.7062
-28.176
-24.6823
-20.6218
-16.6771
-13.443
-10.8627
-8.7181
-6.90908
-5.38838
-4.11374
-3.04841
-2.16219
-1.4295
-0.828592
-0.340783
0.0501722
0.358594
0.597221
0.777476
0.909672
1.00313
1.06607
1.10529
1.126
1.13204
1.12639
1.11155
1.0897
1.06269
1.03202
0.998925
0.964355
0.929065
0.893639
0.858528
0.824073
0.790523
0.758055
0.726789
0.696797
0.668115
0.640747
0.614677
0.589872
0.566285
0.543861
0.522538
0.50225
0.482928
0.464504
0.44691
0.430077
0.41394
0.398436
0.383506
0.369091
0.355139
0.341598
0.328421
0.315562
0.302983
0.290643
0.278507
0.266544
0.254722
0.243016
0.231399
0.219849
0.208345
0.196867
0.185399
0.173923
0.162426
0.150895
0.139316
0.12768
0.115976
0.104195
0.0923254
0.0803654
0.068291
0.0561293
0.0437984
0.0314427
0.01873
0.00633264
-18.2448
-15.3197
-15.2666
-16.3685
-18.1529
-20.3328
-22.6449
-24.9146
-26.9913
-28.7164
-29.9158
-30.394
-29.9413
-28.441
-25.9576
-22.7395
-19.2046
-15.9193
-13.1042
-10.7171
-8.6856
-6.95759
-5.49401
-4.25835
-3.21846
-2.34727
-1.62157
-1.02148
-0.529798
-0.131516
0.186662
0.436611
0.629028
0.773628
0.879241
0.953705
1.00359
1.03405
1.04897
1.05142
1.04398
1.02888
1.00799
0.982885
0.95481
0.924772
0.893565
0.861815
0.83001
0.798527
0.767647
0.737578
0.708467
0.68041
0.653464
0.627657
0.602988
0.57944
0.556982
0.535571
0.515156
0.495681
0.47709
0.459319
0.442309
0.425998
0.410329
0.395243
0.380685
0.366602
0.352945
0.339666
0.326722
0.314071
0.301675
0.289498
0.277506
0.265669
0.25396
0.242353
0.230822
0.219348
0.207911
0.196492
0.185075
0.173644
0.162186
0.150689
0.13914
0.12753
0.115848
0.104088
0.0922356
0.0802905
0.0682295
0.0560784
0.0437601
0.0314091
0.0187112
0.0063009
)
;

boundaryField
{
    outlet
    {
        type            fixedValue;
        value           uniform 0;
    }
    inlet
    {
        type            zeroGradient;
    }
    lowerWall
    {
        type            zeroGradient;
    }
    upperWall
    {
        type            zeroGradient;
    }
    frontAndBack
    {
        type            empty;
    }
}


// ************************************************************************* //
