/*--------------------------------*- C++ -*----------------------------------*\
| =========                 |                                                 |
| \\      /  F ield         | OpenFOAM: The Open Source CFD Toolbox           |
|  \\    /   O peration     | Version:  2.1.1                                 |
|   \\  /    A nd           | Web:      www.OpenFOAM.org                      |
|    \\/     M anipulation  |                                                 |
\*---------------------------------------------------------------------------*/
FoamFile
{
    version     2.0;
    format      ascii;
    class       volScalarField;
    location    "0.135";
    object      p;
}
// * * * * * * * * * * * * * * * * * * * * * * * * * * * * * * * * * * * * * //

dimensions      [0 2 -2 0 0 0 0];

internalField   nonuniform List<scalar> 
6820
(
7.39908
-10.4374
-13.4481
-13.6382
-13.8144
-13.7451
-13.6929
-13.7105
-13.7634
-13.8364
-13.9211
-14.0123
-14.1077
-14.2061
-14.3071
-14.4105
-14.5162
-14.6242
-14.7344
-14.847
-14.9622
-15.08
-15.2007
-15.3246
-15.4515
-15.582
-15.7161
-15.8536
-15.9954
-16.1383
-16.2906
-16.423
-16.6157
0.718271
-10.2558
-13.1365
-13.4396
-13.6958
-13.7226
-13.707
-13.7357
-13.7903
-13.8604
-13.9411
-14.0286
-14.1209
-14.2169
-14.3161
-14.4181
-14.5227
-14.6299
-14.7396
-14.8518
-14.9667
-15.0844
-15.2048
-15.3282
-15.4551
-15.5853
-15.7195
-15.8572
-15.999
-16.1435
-16.2972
-16.4478
-16.6648
-1.99582
-8.82485
-12.1153
-12.8765
-13.3484
-13.55
-13.6132
-13.6747
-13.7486
-13.831
-13.9203
-14.0143
-14.1116
-14.2111
-14.3128
-14.4164
-14.5219
-14.6296
-14.7393
-14.8514
-14.9658
-15.0829
-15.2027
-15.3255
-15.4517
-15.5814
-15.7144
-15.8515
-15.9933
-16.1387
-16.2928
-16.4465
-16.6297
-3.98064
-8.59702
-11.693
-12.5555
-13.0313
-13.3121
-13.4455
-13.5511
-13.6561
-13.7589
-13.8611
-13.9638
-14.0673
-14.1718
-14.2774
-14.3843
-14.4925
-14.6022
-14.7135
-14.8268
-14.9421
-15.0596
-15.1795
-15.3021
-15.4277
-15.5565
-15.6888
-15.825
-15.9658
-16.1117
-16.2668
-16.4301
-16.6201
-5.61552
-8.69684
-11.3006
-12.2073
-12.719
-13.079
-13.2826
-13.4279
-13.5574
-13.6769
-13.7908
-13.9023
-14.0124
-14.1217
-14.2311
-14.3407
-14.4511
-14.5622
-14.6745
-14.7881
-14.9032
-15.0201
-15.139
-15.2602
-15.384
-15.5107
-15.6406
-15.7743
-15.9128
-16.0567
-16.2102
-16.3749
-16.5639
-6.83741
-8.87703
-11.049
-11.9964
-12.5271
-12.9143
-13.1528
-13.3208
-13.4664
-13.5985
-13.7218
-13.8403
-13.956
-14.0698
-14.1825
-14.2946
-14.4066
-14.5189
-14.6316
-14.7452
-14.8599
-14.9758
-15.0933
-15.2125
-15.3339
-15.4577
-15.5843
-15.7145
-15.8492
-15.9902
-16.1401
-16.3015
-16.4845
-7.78719
-9.16252
-10.9307
-11.8408
-12.3591
-12.7545
-13.0231
-13.2165
-13.3801
-13.5255
-13.6584
-13.7839
-13.9047
-14.0223
-14.1378
-14.2519
-14.3653
-14.4785
-14.5916
-14.7051
-14.8191
-14.934
-15.0499
-15.1672
-15.2861
-15.407
-15.5304
-15.6569
-15.7875
-15.9234
-16.0668
-16.2197
-16.3885
-8.53207
-9.46758
-10.8783
-11.7239
-12.2306
-12.6275
-12.9148
-13.1253
-13.3007
-13.4555
-13.5958
-13.7269
-13.8521
-13.9733
-14.0915
-14.2078
-14.3227
-14.4367
-14.5502
-14.6634
-14.7768
-14.8905
-15.0048
-15.12
-15.2362
-15.354
-15.4735
-15.5955
-15.7206
-15.8499
-15.9848
-16.1269
-16.279
-9.123
-9.7699
-10.8872
-11.6524
-12.1366
-12.5217
-12.8153
-13.0373
-13.2225
-13.3859
-13.5334
-13.6703
-13.8
-13.9247
-14.0455
-14.1637
-14.2798
-14.3945
-14.5081
-14.6211
-14.7336
-14.846
-14.9585
-15.0712
-15.1846
-15.2988
-15.4141
-15.5311
-15.6502
-15.772
-15.8975
-16.027
-16.1615
-9.59781
-10.0538
-10.9336
-11.6101
-12.0652
-12.4344
-12.7287
-12.9585
-13.151
-13.3207
-13.4738
-13.6151
-13.7484
-13.8759
-13.9989
-14.1187
-14.2358
-14.351
-14.4646
-14.5771
-14.6886
-14.7995
-14.91
-15.0202
-15.1304
-15.2408
-15.3516
-15.4631
-15.5756
-15.6893
-15.8045
-15.921
-16.0383
-9.98339
-10.3117
-11.0039
-11.5932
-12.0158
-12.3656
-12.6543
-12.8867
-13.0834
-13.2575
-13.4149
-13.5601
-13.6967
-13.8268
-13.9519
-14.0731
-14.1912
-14.3068
-14.4203
-14.5322
-14.6426
-14.7518
-14.8601
-14.9676
-15.0745
-15.1808
-15.2868
-15.3925
-15.498
-15.6033
-15.7081
-15.8118
-15.9133
-10.2994
-10.5411
-11.0871
-11.5948
-11.9823
-12.3105
-12.59
-12.8218
-13.0206
-13.1977
-13.3584
-13.5067
-13.6459
-13.7782
-13.9049
-14.0272
-14.146
-14.2617
-14.3749
-14.486
-14.5951
-14.7026
-14.8085
-14.9131
-15.0165
-15.1186
-15.2196
-15.3193
-15.4178
-15.5146
-15.6093
-15.701
-15.7882
-10.5601
-10.7421
-11.1751
-11.6095
-11.9618
-12.2677
-12.5354
-12.7638
-12.9626
-13.141
-13.3037
-13.4542
-13.5954
-13.7294
-13.8575
-13.9808
-14.1001
-14.2159
-14.3287
-14.4388
-14.5465
-14.6521
-14.7556
-14.8572
-14.9569
-15.0548
-15.1506
-15.2444
-15.3359
-15.4245
-15.5097
-15.5904
-15.6651
-10.7761
-10.9162
-11.2623
-11.6328
-11.9507
-12.2344
-12.4888
-12.7116
-12.9087
-13.0872
-13.251
-13.4031
-13.5458
-13.6812
-13.8103
-13.9343
-14.0538
-14.1695
-14.2817
-14.3908
-14.497
-14.6005
-14.7015
-14.8
-14.896
-14.9895
-15.0803
-15.1682
-15.2529
-15.3338
-15.4102
-15.4811
-15.5449
-10.9552
-11.0653
-11.3447
-11.6607
-11.9463
-12.2084
-12.449
-12.6648
-12.8589
-13.0364
-13.2004
-13.3533
-13.497
-13.6333
-13.7632
-13.8876
-14.0072
-14.1226
-14.2341
-14.342
-14.4467
-14.5481
-14.6465
-14.7419
-14.8342
-14.9234
-15.0093
-15.0916
-15.1699
-15.2436
-15.3121
-15.3744
-15.4291
-11.1033
-11.1915
-11.4198
-11.69
-11.9461
-12.1877
-12.4145
-12.6224
-12.8125
-12.9882
-13.1517
-13.3048
-13.4491
-13.586
-13.7164
-13.841
-13.9606
-14.0755
-14.1862
-14.2929
-14.3958
-14.4951
-14.5909
-14.6831
-14.7718
-14.8568
-14.9379
-15.0149
-15.0872
-15.1545
-15.2159
-15.2708
-15.318
-11.2247
-11.2968
-11.4857
-11.718
-11.9477
-12.1705
-12.384
-12.5836
-12.7691
-12.9424
-13.1048
-13.2577
-13.4022
-13.5394
-13.67
-13.7947
-13.9141
-14.0284
-14.1382
-14.2436
-14.3448
-14.4419
-14.5351
-14.6243
-14.7094
-14.7904
-14.867
-14.939
-15.006
-15.0674
-15.1228
-15.1714
-15.2123
-11.3228
-11.3827
-11.5413
-11.7427
-11.9493
-12.155
-12.356
-12.5475
-12.7282
-12.8986
-13.0596
-13.2119
-13.3563
-13.4935
-13.6242
-13.7488
-13.8678
-13.9815
-14.0903
-14.1943
-14.2937
-14.3887
-14.4793
-14.5655
-14.6472
-14.7243
-14.7967
-14.8641
-14.9262
-14.9825
-15.0326
-15.076
-15.1119
-11.4001
-11.4508
-11.5861
-11.7624
-11.9492
-12.1397
-12.3294
-12.5132
-12.6889
-12.8565
-13.0159
-13.1674
-13.3115
-13.4487
-13.5792
-13.7036
-13.8222
-13.9352
-14.043
-14.1456
-14.2433
-14.3362
-14.4243
-14.5076
-14.586
-14.6596
-14.7281
-14.7914
-14.8491
-14.901
-14.9466
-14.9857
-15.0176
-11.4583
-11.5021
-11.6194
-11.7756
-11.9458
-12.1233
-12.3029
-12.4796
-12.6509
-12.8156
-12.9734
-13.1241
-13.2678
-13.4047
-13.5351
-13.6592
-13.7773
-13.8895
-13.9962
-14.0974
-14.1934
-14.2841
-14.3698
-14.4503
-14.5257
-14.5959
-14.6608
-14.7203
-14.7742
-14.8222
-14.864
-14.8995
-14.9283
-11.4987
-11.5372
-11.6409
-11.7813
-11.9379
-12.1043
-12.2754
-12.4461
-12.6133
-12.7755
-12.9319
-13.0818
-13.2252
-13.362
-13.4922
-13.6161
-13.7337
-13.8453
-13.951
-14.0509
-14.1452
-14.234
-14.3173
-14.3953
-14.4679
-14.535
-14.5967
-14.6529
-14.7033
-14.748
-14.7867
-14.8193
-14.8456
-11.5222
-11.5568
-11.6501
-11.7784
-11.9242
-12.0818
-12.246
-12.4117
-12.5756
-12.7357
-12.8909
-13.0404
-13.1835
-13.3202
-13.4503
-13.574
-13.6911
-13.8019
-13.9066
-14.0052
-14.0978
-14.1846
-14.2658
-14.3412
-14.4111
-14.4754
-14.5341
-14.5872
-14.6346
-14.6764
-14.7123
-14.7426
-14.7669
-11.5291
-11.5609
-11.6467
-11.766
-11.9037
-12.0547
-12.2137
-12.3757
-12.5373
-12.6962
-12.8508
-13.0002
-13.1435
-13.2804
-13.4107
-13.5343
-13.6512
-13.7615
-13.8653
-13.9627
-14.0539
-14.139
-14.2181
-14.2913
-14.3588
-14.4205
-14.4765
-14.5269
-14.5717
-14.611
-14.6447
-14.6729
-14.6956
-11.5195
-11.5493
-11.6301
-11.7431
-11.8753
-12.0217
-12.1774
-12.3371
-12.4975
-12.6559
-12.8106
-12.9602
-13.1039
-13.2412
-13.3718
-13.4954
-13.612
-13.7217
-13.8247
-13.9209
-14.0106
-14.094
-14.1711
-14.2421
-14.3071
-14.3664
-14.4199
-14.4678
-14.5101
-14.5471
-14.5787
-14.6052
-14.6266
-11.493
-11.5216
-11.5994
-11.7089
-11.8381
-11.9823
-12.1366
-12.2959
-12.4565
-12.6157
-12.7715
-12.9224
-13.0673
-13.2057
-13.337
-13.4611
-13.5779
-13.6874
-13.7898
-13.8851
-13.9736
-14.0554
-14.1308
-14.1998
-14.2628
-14.3198
-14.371
-14.4167
-14.4569
-14.4918
-14.5216
-14.5466
-14.5667
-11.4488
-11.477
-11.5538
-11.6622
-11.7908
-11.9349
-12.0898
-12.2503
-12.4124
-12.5733
-12.7308
-12.8834
-13.0299
-13.1695
-13.3017
-13.4264
-13.5433
-13.6526
-13.7544
-13.8488
-13.936
-14.0163
-14.0898
-14.1569
-14.2177
-14.2725
-14.3215
-14.3649
-14.403
-14.4359
-14.464
-14.4874
-14.5064
-11.3857
-11.4143
-11.492
-11.602
-11.7328
-11.8798
-12.038
-12.2021
-12.368
-12.5327
-12.6938
-12.8496
-12.9988
-13.1407
-13.2747
-13.4006
-13.5183
-13.6278
-13.7294
-13.8231
-13.9093
-13.9883
-14.0602
-14.1255
-14.1843
-14.2371
-14.284
-14.3253
-14.3614
-14.3924
-14.4187
-14.4406
-14.4581
-11.3019
-11.3315
-11.4122
-11.5263
-11.6616
-11.8135
-11.9769
-12.1461
-12.3169
-12.4862
-12.6516
-12.8111
-12.9635
-13.108
-13.244
-13.3713
-13.4898
-13.5996
-13.701
-13.794
-13.8792
-13.9567
-14.027
-14.0904
-14.1472
-14.1978
-14.2425
-14.2817
-14.3156
-14.3446
-14.3691
-14.3894
-14.4057
-11.195
-11.2267
-11.3131
-11.4349
-11.579
-11.7403
-11.9131
-12.0915
-12.2709
-12.4479
-12.62
-12.7853
-12.9425
-13.0908
-13.2297
-13.3591
-13.4789
-13.5894
-13.6908
-13.7834
-13.8676
-13.9439
-14.0125
-14.074
-14.1288
-14.1772
-14.2197
-14.2566
-14.2883
-14.3152
-14.3376
-14.3558
-14.3702
-11.0615
-11.0961
-11.1902
-11.322
-11.4765
-11.6484
-11.8319
-12.0204
-12.2093
-12.3949
-12.5747
-12.7467
-12.9095
-13.0624
-13.2049
-13.3369
-13.4584
-13.5699
-13.6715
-13.7637
-13.847
-13.9219
-13.9889
-14.0484
-14.101
-14.1471
-14.1872
-14.2217
-14.251
-14.2756
-14.2958
-14.3122
-14.3249
-10.8973
-10.9372
-11.0448
-11.1944
-11.3679
-11.5588
-11.7603
-11.9652
-12.1683
-12.3663
-12.5564
-12.7369
-12.9065
-13.0646
-13.2111
-13.3459
-13.4692
-13.5815
-13.6832
-13.7748
-13.8571
-13.9304
-13.9954
-14.0527
-14.1028
-14.1463
-14.1836
-14.2153
-14.2418
-14.2635
-14.2809
-14.2944
-14.3042
-10.6951
-10.7396
-10.8612
-11.0279
-11.2188
-11.428
-11.6481
-11.8709
-12.0907
-12.3036
-12.5069
-12.6986
-12.8774
-13.0429
-13.1951
-13.3339
-13.46
-13.5738
-13.6761
-13.7675
-13.8487
-13.9205
-13.9835
-14.0385
-14.086
-14.1267
-14.1612
-14.1899
-14.2134
-14.2323
-14.247
-14.258
-14.2657
-10.4497
-10.5089
-10.6631
-10.8676
-11.0941
-11.3355
-11.5836
-11.8301
-12.0695
-12.2987
-12.5152
-12.7173
-12.9045
-13.0764
-13.2331
-13.3752
-13.5031
-13.6177
-13.7198
-13.8101
-13.8896
-13.9591
-14.0194
-14.0712
-14.1153
-14.1523
-14.1829
-14.2077
-14.2272
-14.2419
-14.2525
-14.2592
-14.2625
-10.1392
-10.2008
-10.3749
-10.606
-10.8629
-11.1391
-11.4229
-11.7026
-11.9719
-12.2269
-12.465
-12.6847
-12.8856
-13.068
-13.2324
-13.3796
-13.5108
-13.627
-13.7294
-13.8191
-13.897
-13.9644
-14.022
-14.0709
-14.1117
-14.1453
-14.1723
-14.1934
-14.2092
-14.2203
-14.2273
-14.2307
-14.2312
-9.77378
-9.89057
-10.1501
-10.4523
-10.7602
-11.0769
-11.3935
-11.6994
-11.9903
-12.2635
-12.5167
-12.7487
-12.9596
-13.1495
-13.3193
-13.47
-13.6028
-13.7192
-13.8203
-13.9077
-13.9824
-14.0457
-14.0987
-14.1425
-14.1779
-14.2058
-14.2269
-14.2419
-14.2515
-14.2563
-14.2569
-14.2538
-14.2477
-9.2411
-9.33173
-9.62888
-9.9987
-10.3874
-10.7874
-11.1783
-11.5463
-11.8877
-12.2007
-12.4841
-12.7386
-12.9655
-13.1665
-13.3436
-13.4988
-13.6338
-13.7507
-13.8512
-13.9368
-14.0092
-14.0696
-14.1193
-14.1595
-14.191
-14.2149
-14.2318
-14.2424
-14.2475
-14.2475
-14.2433
-14.2355
-14.225
-8.74291
-9.06486
-9.53155
-9.94869
-10.3567
-10.7826
-11.1983
-11.5903
-11.9569
-12.2945
-12.6
-12.8733
-13.115
-13.3267
-13.5106
-13.6688
-13.804
-13.9184
-14.0143
-14.0939
-14.1589
-14.2112
-14.2523
-14.2835
-14.3059
-14.3205
-14.3281
-14.3294
-14.325
-14.3152
-14.3005
-14.2817
-14.259
-7.43818
-7.75945
-8.53135
-9.22928
-9.86353
-10.4672
-11.0082
-11.4865
-11.9123
-12.2895
-12.6215
-12.9127
-13.1668
-13.3874
-13.5774
-13.74
-13.8778
-13.9934
-14.0893
-14.1677
-14.2306
-14.2799
-14.3174
-14.3443
-14.362
-14.3715
-14.3736
-14.3689
-14.3575
-14.3398
-14.315
-14.2846
-14.2438
-7.42408
-8.16864
-8.77201
-9.23746
-9.83557
-10.4667
-11.0542
-11.6006
-12.0996
-12.5407
-12.9229
-13.25
-13.5261
-13.7563
-13.9457
-14.0998
-14.2234
-14.3209
-14.3962
-14.4528
-14.4936
-14.521
-14.5373
-14.5442
-14.5432
-14.5355
-14.522
-14.5032
-14.4791
-14.4487
-14.4093
-14.3581
-14.281
-1.17139
-5.77912
-7.56232
-8.41164
-9.41203
-10.2858
-10.9835
-11.5879
-12.1153
-12.5662
-12.9496
-13.2739
-13.5455
-13.7707
-13.9555
-14.1054
-14.2253
-14.3196
-14.3921
-14.4462
-14.4848
-14.5104
-14.525
-14.5305
-14.5284
-14.52
-14.5065
-14.4885
-14.4674
-14.4426
-14.4169
-14.3854
-14.3597
-16.5274
-17.4987
-18.8344
-19.5402
-19.9025
-20.1675
-20.194
-19.6994
-18.4781
-16.514
-13.9997
-11.2827
-8.78102
-6.87092
-5.84563
-5.84141
-6.88467
-8.96745
-12.111
-16.2898
-21.3791
-27.1215
-33.1218
-38.884
-43.8863
-47.644
-49.9089
-50.6748
-49.8286
-46.9982
-41.95
-35.4741
-28.9928
-23.3348
-18.6035
-14.6563
-11.3468
-8.56369
-6.22005
-4.2468
-2.592
-1.2196
-0.111739
0.73767
1.31179
1.54036
1.31699
0.25428
-2.66398
-8.51234
-17.1736
-27.1255
-36.5578
-44.0079
-48.4474
-49.3335
-46.5971
-40.7756
-33.1951
-25.4375
-18.6697
-13.3178
-9.29257
-6.33753
-4.20395
-2.69073
-1.64054
-0.930963
-0.467436
-0.177792
-0.00782857
0.0820669
0.119674
0.122996
0.101334
0.0562847
-0.0183343
-0.137232
-0.324416
-0.62153
-1.12637
-2.10109
-4.18875
-8.41617
-15.3198
-23.8872
-31.5857
-35.3994
-33.8931
-27.4096
-18.6705
-10.7307
-5.29128
-2.30406
-0.897813
-0.297388
-0.0780906
0.0326523
-0.0512518
0.198842
-16.7973
-17.5819
-18.7508
-19.4448
-19.8067
-20.0343
-19.9866
-19.406
-18.1212
-16.1401
-13.6585
-11.0082
-8.58575
-6.76374
-5.80849
-5.83972
-6.90529
-9.03638
-12.1433
-16.1744
-21.0162
-26.4292
-32.0523
-37.4411
-42.1302
-45.7059
-47.9649
-48.7899
-47.9168
-44.9283
-39.842
-33.698
-27.7552
-22.5689
-18.1669
-14.4365
-11.2709
-8.58455
-6.30612
-4.37668
-2.75104
-1.39754
-0.300848
0.542625
1.11501
1.34975
1.13399
0.147259
-2.48941
-7.78088
-15.7177
-24.9941
-33.9058
-41.0046
-45.26
-46.153
-43.6419
-38.2849
-31.3517
-24.277
-18.0741
-13.1062
-9.30784
-6.47327
-4.39586
-2.90154
-1.84918
-1.12613
-0.643733
-0.333421
-0.143147
-0.0346119
0.0191882
0.0357154
0.0240563
-0.0143975
-0.0858238
-0.205002
-0.395712
-0.697499
-1.19925
-2.13452
-4.08028
-7.97699
-14.3454
-22.2871
-29.4671
-33.0703
-31.7647
-25.8142
-17.7212
-10.3283
-5.22326
-2.37342
-0.990518
-0.370954
-0.126269
0.00386211
-0.0620166
0.19148
-16.8251
-17.5661
-18.5807
-19.2362
-19.5715
-19.7255
-19.5779
-18.9192
-17.624
-15.7208
-13.3936
-10.9345
-8.68288
-6.96607
-6.05463
-6.10989
-7.17264
-9.26404
-12.3185
-16.1994
-20.7754
-25.8432
-31.0849
-36.1026
-40.4885
-43.9046
-46.1187
-46.8895
-45.8343
-42.6145
-37.6013
-31.9269
-26.5565
-21.8251
-17.7352
-14.2148
-11.193
-8.60625
-6.39673
-4.51501
-2.92249
-1.59205
-0.510988
0.321708
0.886578
1.12135
0.909343
-0.0193703
-2.40346
-7.15202
-14.3358
-22.8674
-31.1838
-37.879
-41.9307
-42.8418
-40.5932
-35.752
-29.5053
-23.1263
-17.4829
-12.8917
-9.31758
-6.60479
-4.58628
-3.11344
-2.06084
-1.32554
-0.824921
-0.494146
-0.283464
-0.155987
-0.085584
-0.0553817
-0.0565047
-0.087757
-0.155307
-0.273864
-0.466917
-0.772078
-1.27017
-2.16759
-3.9753
-7.54343
-13.3697
-20.6691
-27.3138
-30.7003
-29.5933
-24.1856
-16.7556
-9.92512
-5.16223
-2.45116
-1.09071
-0.450941
-0.179153
-0.0288977
-0.07314
0.17974
-16.8826
-17.5035
-18.304
-18.8617
-19.137
-19.2066
-18.9788
-18.2962
-17.074
-15.3507
-13.2833
-11.1096
-9.10571
-7.54839
-6.6876
-6.70564
-7.71781
-9.72047
-12.636
-16.3453
-20.6685
-25.3939
-30.251
-34.901
-39.0002
-42.2465
-44.3253
-44.8685
-43.4743
-40.0834
-35.3346
-30.2295
-25.4169
-21.1045
-17.307
-13.991
-11.1138
-8.62928
-6.49207
-4.66176
-3.10616
-1.8027
-0.741502
0.0758444
0.628014
0.857484
0.645696
-0.238902
-2.39768
-6.62546
-13.0479
-20.7865
-28.447
-34.6948
-38.5283
-39.4715
-37.523
-33.2398
-27.6996
-22.008
-16.9047
-12.6762
-9.32153
-6.73135
-4.77448
-3.32585
-2.27508
-1.52888
-1.0108
-0.659848
-0.428698
-0.281983
-0.194519
-0.150065
-0.140047
-0.163466
-0.226391
-0.343348
-0.537511
-0.844624
-1.33785
-2.19784
-3.87084
-7.11491
-12.3993
-19.0507
-25.1547
-28.3246
-27.4145
-22.5539
-15.7951
-9.53266
-5.11215
-2.5375
-1.19774
-0.536948
-0.236715
-0.0658157
-0.0847768
0.163541
-16.8238
-17.3089
-17.9095
-18.3519
-18.5588
-18.5582
-18.2857
-17.6329
-16.547
-15.0666
-13.3175
-11.4878
-9.79079
-8.44272
-7.65582
-7.6318
-8.51751
-10.3696
-13.112
-16.601
-20.6625
-25.0747
-29.5766
-33.8749
-37.681
-40.6611
-42.4261
-42.5524
-40.8112
-37.442
-33.1397
-28.6331
-24.3373
-20.4081
-16.8858
-13.7687
-11.0356
-8.65514
-6.59315
-4.81765
-3.30259
-2.02987
-0.992493
-0.194614
0.340371
0.559789
0.346686
-0.5023
-2.46508
-6.21012
-11.8915
-18.8168
-25.7773
-31.5389
-35.1391
-36.1253
-34.5059
-30.8033
-25.9657
-20.9353
-16.3445
-12.462
-9.321
-6.85375
-4.96088
-3.53896
-2.49204
-1.7363
-1.20152
-0.830668
-0.578974
-0.412704
-0.307708
-0.24845
-0.22665
-0.24152
-0.299
-0.413313
-0.607235
-0.914725
-1.40171
-2.22463
-3.76757
-6.69724
-11.45
-17.4593
-23.0247
-25.9783
-25.2599
-20.9436
-14.8557
-9.1591
-5.07615
-2.63354
-1.31223
-0.62957
-0.299532
-0.107322
-0.0972278
0.142964
-16.7279
-17.1077
-17.5498
-17.8817
-18.0225
-17.9704
-17.68
-17.0779
-16.1299
-14.8704
-13.4014
-11.8755
-10.4744
-9.38049
-8.75018
-8.73963
-9.50052
-11.1385
-13.644
-16.889
-20.679
-24.7876
-28.958
-32.9082
-36.353
-38.9052
-40.1685
-39.8442
-37.9509
-34.8529
-31.0971
-27.1546
-23.3186
-19.7367
-16.4737
-13.5497
-10.9595
-8.6845
-6.70026
-4.98267
-3.5115
-2.27299
-1.26304
-0.488201
0.0261945
0.231489
0.0158712
-0.802144
-2.59849
-5.9123
-10.8995
-17.022
-23.2595
-28.5059
-31.8605
-32.8972
-31.6212
-28.4965
-24.3318
-19.9198
-15.8061
-12.2505
-9.31669
-6.97224
-5.14548
-3.75271
-2.71164
-1.94777
-1.39707
-1.00661
-0.73429
-0.548113
-0.425062
-0.350365
-0.316083
-0.32166
-0.372857
-0.483463
-0.675753
-0.982012
-1.46151
-2.24844
-3.6684
-6.29888
-10.539
-15.9216
-20.9568
-23.6958
-23.1633
-19.3822
-13.9553
-8.81334
-5.05695
-2.73946
-1.43388
-0.728598
-0.367566
-0.153409
-0.110611
0.118299
-16.6041
-16.9033
-17.2302
-17.4742
-17.563
-17.478
-17.1841
-16.6314
-15.7997
-14.7213
-13.4812
-12.2057
-11.0485
-10.1653
-9.69013
-9.74827
-10.4554
-11.9042
-14.1245
-17.049
-20.5137
-24.2863
-28.0952
-31.6505
-34.6135
-36.6284
-37.4183
-36.8802
-35.1315
-32.465
-29.241
-25.7898
-22.3567
-19.0916
-16.0734
-13.3362
-10.8872
-8.71815
-6.81371
-5.15678
-3.73255
-2.53144
-1.55215
-0.80342
-0.312125
-0.123839
-0.34264
-1.13112
-2.78573
-5.72472
-10.0848
-15.4473
-20.969
-25.6896
-28.7918
-29.8777
-28.9372
-26.3595
-22.8152
-18.9669
-15.2916
-12.0431
-9.30966
-7.08748
-5.32865
-3.96731
-2.93404
-2.16343
-1.5976
-1.1878
-0.894723
-0.688241
-0.546568
-0.455768
-0.408249
-0.403708
-0.447702
-0.553484
-0.742695
-1.04604
-1.51673
-2.26903
-3.57463
-5.92553
-9.68006
-14.461
-18.9821
-21.5114
-21.1568
-17.8949
-13.1099
-8.50255
-5.05646
-2.85541
-1.56263
-0.834051
-0.440912
-0.204098
-0.125133
0.089987
-16.4669
-16.706
-16.9492
-17.1232
-17.1685
-17.0603
-16.7713
-16.2686
-15.5419
-14.6209
-13.5767
-12.5136
-11.5582
-10.8414
-10.4838
-10.5956
-11.2681
-12.5663
-14.5124
-17.0658
-20.107
-23.4352
-26.7874
-29.8525
-32.3052
-33.9114
-34.5102
-34.0439
-32.5877
-30.3403
-27.5643
-24.5279
-21.4497
-18.4747
-15.6872
-13.1299
-10.8194
-8.7565
-6.93348
-5.33959
-3.96503
-2.80411
-1.85825
-1.13812
-0.671666
-0.502001
-0.724059
-1.48244
-3.01313
-5.63135
-9.44238
-14.1148
-18.9601
-23.1665
-26.0145
-27.1374
-26.5016
-24.4152
-21.4229
-18.0782
-14.802
-11.8411
-9.30098
-7.20015
-5.51076
-4.18298
-3.15944
-2.38343
-1.80323
-1.37432
-1.06031
-0.833058
-0.67212
-0.564457
-0.502886
-0.487346
-0.523179
-0.622998
-0.807654
-1.10636
-1.56689
-2.28593
-3.48676
-5.58122
-8.88446
-13.0985
-17.1295
-19.4568
-19.2707
-16.5053
-12.3339
-8.23258
-5.0758
-2.98116
-1.69817
-0.945657
-0.51935
-0.259096
-0.140848
0.0586539
-16.322
-16.5121
-16.691
-16.8092
-16.8203
-16.6988
-16.4228
-15.9708
-15.3392
-14.5553
-13.6792
-12.7975
-12.0157
-11.4439
-11.1854
-11.333
-11.9624
-13.1229
-14.8247
-17.0266
-19.6278
-22.4629
-25.3058
-27.8968
-29.9901
-31.3899
-31.9415
-31.5824
-30.3693
-28.4525
-26.0412
-23.3592
-20.5967
-17.8879
-15.3169
-12.932
-10.757
-8.79985
-7.05939
-5.53051
-4.20796
-3.08963
-2.17951
-1.4899
-1.04927
-0.898556
-1.12324
-1.85007
-3.26848
-5.6123
-8.95245
-13.0199
-17.2528
-20.9769
-23.5747
-24.713
-24.333
-22.6672
-20.1525
-17.2519
-14.3377
-11.6459
-9.29187
-7.3111
-5.6924
-4.40015
-3.38816
-2.60807
-2.01419
-1.56633
-1.23113
-0.982559
-0.801627
-0.67626
-0.599756
-0.572259
-0.598897
-0.691577
-0.870189
-1.16249
-1.61146
-2.29864
-3.40486
-5.26858
-8.16086
-11.8509
-15.423
-17.5594
-17.5309
-15.2333
-11.6383
-8.0071
-5.11518
-3.11633
-1.84028
-1.06321
-0.602655
-0.318063
-0.157819
0.0250087
-16.1739
-16.3248
-16.4556
-16.5317
-16.5176
-16.3899
-16.1314
-15.7287
-15.1828
-14.519
-13.7881
-13.0621
-12.4288
-11.9797
-11.8026
-11.9762
-12.5627
-13.6001
-15.091
-16.9945
-19.2202
-21.6289
-24.0395
-26.2525
-28.0567
-29.2607
-29.7374
-29.4426
-28.4121
-26.7594
-24.6533
-22.2787
-19.7978
-17.3322
-14.9637
-12.7436
-10.7005
-8.84825
-7.19104
-5.72871
-4.4601
-3.38633
-2.51371
-1.85594
-1.44137
-1.30894
-1.53484
-2.22838
-3.54178
-5.64742
-8.58606
-12.1338
-15.83
-19.1175
-21.4743
-22.6018
-22.4217
-21.1033
-18.9952
-16.4848
-13.899
-11.4587
-9.28362
-7.4213
-5.87427
-4.61937
-3.62066
-2.8377
-2.23076
-1.76401
-1.40726
-1.13671
-0.934944
-0.790922
-0.698514
-0.65803
-0.674383
-0.758723
-0.929813
-1.21393
-1.64989
-2.30644
-3.32824
-4.98826
-7.5141
-10.73
-13.881
-15.8411
-15.9581
-14.094
-11.0305
-7.82754
-5.17408
-3.26056
-1.98882
-1.18644
-0.690457
-0.380471
-0.175964
-0.0101703
-16.0268
-16.1459
-16.24
-16.2843
-16.252
-16.1236
-15.8857
-15.5304
-15.0618
-14.5029
-13.8967
-13.3034
-12.7959
-12.4506
-12.3415
-12.5342
-13.0795
-14.0065
-15.3142
-16.9646
-18.8791
-20.9391
-22.9938
-24.8702
-26.3944
-27.4128
-27.8181
-27.5639
-26.6733
-25.2367
-23.3893
-21.2817
-19.0518
-16.8082
-14.6288
-12.5655
-10.6504
-8.90158
-7.32784
-5.93316
-4.71997
-3.69228
-2.85842
-2.23321
-1.84442
-1.72879
-1.9537
-2.61205
-3.8253
-5.7197
-8.31312
-11.4161
-14.6484
-17.5491
-19.6776
-20.7705
-20.7388
-19.7032
-17.9407
-15.7736
-13.4861
-11.2809
-9.27761
-7.53186
-6.05725
-4.84137
-3.85754
-3.07283
-2.45334
-1.96764
-1.58882
-1.29549
-1.07192
-0.908174
-0.798791
-0.744205
-0.749114
-0.82388
-0.985995
-1.26018
-1.68163
-2.30851
-3.25554
-4.73894
-6.94501
-9.74145
-12.5144
-14.316
-14.566
-13.0964
-10.5132
-7.693
-5.25153
-3.41366
-2.14381
-1.31516
-0.782397
-0.445785
-0.195203
-0.0461428
-15.8826
-15.9762
-16.0427
-16.0639
-16.0202
-15.8956
-15.6801
-15.3697
-14.9704
-14.5029
-14.0039
-13.5235
-13.1224
-12.8637
-12.8094
-13.0138
-13.5183
-14.3451
-15.4906
-16.9201
-18.5651
-20.3247
-22.0705
-23.6569
-24.9429
-25.7985
-26.1307
-25.8996
-25.1216
-23.8656
-22.2385
-20.3634
-18.3571
-16.316
-14.3125
-12.3981
-10.6068
-8.95957
-7.46904
-6.14264
-4.98591
-4.00535
-3.21101
-2.61851
-2.25468
-2.15388
-2.37507
-2.99626
-4.11313
-5.81679
-8.10887
-10.8276
-13.6581
-16.2171
-18.132
-19.1742
-19.251
-18.4466
-16.9796
-15.1158
-13.0995
-11.114
-9.27525
-7.64405
-6.24244
-5.06708
-4.0996
-3.31413
-2.68243
-2.17754
-1.77597
-1.45886
-1.21235
-1.02767
-0.900125
-0.83024
-0.822487
-0.886423
-1.03815
-1.30071
-1.70612
-2.30395
-3.18485
-4.51744
-6.45035
-8.88429
-11.3264
-12.9899
-13.3597
-12.242
-10.0841
-7.60072
-5.34652
-3.57583
-2.30555
-1.44925
-0.878107
-0.513434
-0.215413
-0.0822118
-15.7434
-15.8166
-15.8624
-15.8676
-15.8173
-15.6995
-15.5071
-15.2384
-14.9008
-14.5127
-14.1052
-13.7204
-13.4082
-13.2212
-13.2107
-13.4213
-13.8861
-14.6216
-15.6226
-16.8577
-18.2675
-19.7659
-21.2446
-22.5823
-23.6608
-24.372
-24.6382
-24.4232
-23.7364
-22.6306
-21.1913
-19.519
-17.7121
-15.8553
-14.0154
-12.2419
-10.5696
-9.02178
-7.61374
-6.3558
-5.2561
-4.32326
-3.5687
-3.00856
-2.66842
-2.58016
-2.79468
-3.37676
-4.40066
-5.93029
-7.95597
-10.339
-12.8179
-15.0737
-16.7911
-17.7746
-17.9312
-17.3177
-16.1046
-14.5093
-12.7395
-10.9592
-9.27804
-7.75929
-6.43112
-5.29765
-4.34788
-3.56246
-2.91871
-2.39416
-1.9689
-1.62681
-1.35601
-1.14903
-1.00199
-0.915524
-0.893832
-0.94566
-1.08565
-1.33498
-1.72284
-2.29185
-3.11392
-4.31911
-6.02316
-8.15128
-10.3115
-11.8586
-12.3351
-11.5249
-9.73662
-7.54696
-5.45856
-3.74786
-2.47464
-1.58873
-0.977313
-0.582939
-0.236524
-0.117776
-15.6099
-15.6672
-15.6979
-15.6923
-15.6397
-15.5311
-15.3616
-15.1316
-14.8486
-14.5291
-14.1997
-13.8953
-13.6572
-13.5288
-13.5521
-13.7635
-14.1894
-14.8417
-15.7141
-16.7783
-17.983
-19.255
-20.503
-21.6263
-22.5256
-23.1109
-23.3164
-23.1099
-22.4967
-21.5171
-20.2388
-18.7437
-17.1146
-15.4256
-13.7373
-12.0968
-10.5387
-9.08765
-7.76095
-6.57118
-5.52864
-4.64363
-3.92867
-3.4001
-3.08201
-3.00376
-3.20869
-3.74989
-4.68411
-6.0543
-7.8429
-9.93053
-12.1001
-14.0863
-15.6255
-16.5447
-16.7595
-16.3039
-15.3093
-13.9517
-12.4064
-10.8176
-9.28753
-7.87918
-6.62483
-5.53453
-4.60365
-3.81891
-3.16302
-2.61807
-2.1679
-1.79931
-1.50266
-1.27178
-1.10378
-0.999344
-0.962393
-1.00083
-1.12778
-1.36245
-1.73128
-2.27136
-3.04036
-4.13821
-5.65344
-7.52923
-9.45578
-10.9083
-11.4781
-10.9315
-9.4613
-7.52817
-5.58818
-3.93124
-2.65198
-1.73379
-1.07984
-0.653843
-0.258473
-0.152288
-15.4832
-15.5281
-15.5481
-15.536
-15.4841
-15.386
-15.2387
-15.0438
-14.8088
-14.5484
-14.285
-14.0477
-13.8706
-13.7892
-13.8379
-14.0459
-14.4341
-15.0109
-15.7689
-16.6831
-17.7091
-18.7848
-19.8336
-20.7717
-21.5156
-21.9907
-22.1414
-21.9394
-21.3864
-20.513
-19.3729
-18.033
-16.5626
-15.0261
-13.4781
-11.9628
-10.5138
-9.15655
-7.90959
-6.78727
-5.80155
-4.96407
-4.2881
-3.78993
-3.492
-3.42111
-3.61364
-4.11257
-4.96038
-6.18416
-7.76116
-9.58838
-11.4854
-13.232
-14.6074
-15.463
-15.7192
-15.3942
-14.5877
-13.4409
-12.1
-10.6905
-9.30536
-8.00552
-6.82539
-5.77946
-4.86853
-4.08488
-3.41645
-2.84999
-2.3733
-1.97636
-1.65197
-1.39539
-1.20478
-1.0809
-1.02733
-1.05109
-1.16378
-1.3825
-1.731
-2.24178
-2.96189
-3.9686
-5.32913
-7.00026
-8.73793
-10.1155
-10.7659
-10.4436
-9.24797
-7.5423
-5.7373
-4.12818
-2.83886
-1.88482
-1.18566
-0.725754
-0.281239
-0.185231
-15.3633
-15.3989
-15.4115
-15.3961
-15.3472
-15.2604
-15.1341
-14.9708
-14.7778
-14.5678
-14.36
-14.1784
-14.0509
-14.0067
-14.0734
-14.2746
-14.6263
-15.134
-15.7903
-16.5726
-17.443
-18.3487
-19.2257
-20.0041
-20.614
-20.9932
-21.0949
-20.8942
-20.3906
-19.6071
-18.5863
-17.3824
-16.0538
-14.6558
-13.2375
-11.8396
-10.4946
-9.22777
-8.05857
-7.00254
-6.07288
-5.28219
-4.64422
-4.17499
-3.89514
-3.82899
-4.00652
-4.46215
-5.22688
-6.31596
-7.70364
-9.30093
-10.9579
-12.4917
-13.7187
-14.5108
-14.795
-14.5779
-13.9337
-12.9743
-11.8203
-10.579
-9.3333
-8.14038
-7.03498
-6.03461
-5.14454
-4.36212
-3.68037
-3.09085
-2.58558
-2.15799
-1.80356
-1.51924
-1.30417
-1.15926
-1.08768
-1.09553
-1.19283
-1.39452
-1.72161
-2.20259
-2.87661
-3.80441
-5.03752
-6.54361
-8.13012
-9.44952
-10.1706
-10.0418
-9.08861
-7.58979
-5.90925
-4.34164
-3.03702
-2.04247
-1.2949
-0.798371
-0.304806
-0.216048
-15.2508
-15.2795
-15.2874
-15.271
-15.2266
-15.1512
-15.0446
-14.9095
-14.7527
-14.5855
-14.4239
-14.2879
-14.2003
-14.1847
-14.2634
-14.4549
-14.7715
-15.2165
-15.7822
-16.4489
-17.1839
-17.9425
-18.6714
-19.312
-19.8062
-20.1022
-20.1606
-19.9595
-19.4968
-18.7898
-17.8721
-16.7879
-15.5858
-14.3137
-13.015
-11.727
-10.4806
-9.30057
-8.20678
-7.21548
-6.3407
-5.59572
-4.99443
-4.55241
-4.2885
-4.22445
-4.3847
-4.79645
-5.48149
-6.44649
-7.66434
-9.05816
-10.5034
-11.8482
-12.9411
-13.6712
-13.9733
-13.8454
-13.3417
-12.5495
-11.5669
-10.4841
-9.37321
-8.28606
-7.25615
-6.3026
-5.43418
-4.65282
-3.95653
-3.34184
-2.80532
-2.34427
-1.95705
-1.64261
-1.40103
-1.23338
-1.14239
-1.13314
-1.21403
-1.39781
-1.70269
-2.15347
-2.78322
-3.64078
-4.7668
-6.13846
-7.60283
-8.87798
-9.66464
-9.71009
-8.97946
-7.67371
-6.1087
-4.57536
-3.24871
-2.20767
-1.40767
-0.871447
-0.329161
-0.244117
-15.145
-15.1688
-15.174
-15.1583
-15.1192
-15.0552
-14.9664
-14.8561
-14.7304
-14.5992
-14.4758
-14.3768
-14.3206
-14.3264
-14.4119
-14.5916
-14.8745
-15.2625
-15.7477
-16.3129
-16.9302
-17.5618
-18.1632
-18.6854
-19.0803
-19.3044
-19.3247
-19.1222
-18.6937
-18.0522
-17.2241
-16.2453
-15.1564
-13.9984
-12.8098
-11.6244
-10.4712
-9.37421
-8.35314
-7.42463
-6.60321
-5.90248
-5.33629
-4.91957
-4.66939
-4.60488
-4.74599
-5.11367
-5.72255
-6.57314
-7.6383
-8.85168
-10.1098
-11.2868
-12.2586
-12.9294
-13.2416
-13.1878
-12.8062
-12.164
-11.3396
-10.4069
-9.4271
-8.44522
-7.49194
-6.58662
-5.74055
-4.95974
-4.24713
-3.60447
-3.03331
-2.53533
-2.11203
-1.76467
-1.49428
-1.30209
-1.19028
-1.16281
-1.22642
-1.39164
-1.67384
-2.0943
-2.68111
-3.47445
-4.50787
-5.76709
-7.13194
-8.37514
-9.22862
-9.4401
-8.92128
-7.79924
-6.34158
-4.83412
-3.47681
-2.38167
-1.52408
-0.944659
-0.354247
-0.268723
-15.0466
-15.067
-15.0711
-15.0571
-15.0239
-14.9705
-14.8979
-14.8091
-14.7098
-14.6084
-14.5162
-14.4467
-14.4148
-14.4359
-14.524
-14.6902
-14.9411
-15.2774
-15.6909
-16.1672
-16.6822
-17.2042
-17.6958
-18.1165
-18.426
-18.5883
-18.5756
-18.3712
-17.9718
-17.3866
-16.6365
-15.7507
-14.7631
-13.7087
-12.6213
-11.5314
-10.466
-9.44796
-8.49664
-7.62867
-6.85873
-6.20051
-5.66758
-5.27411
-5.03547
-4.96819
-5.08866
-5.41242
-5.9487
-6.6938
-7.6214
-8.67444
-9.76702
-10.7952
-11.6574
-12.272
-12.5887
-12.5966
-12.3219
-11.8152
-11.1377
-10.3485
-9.49715
-8.6209
-7.74602
-6.89061
-6.06754
-5.28638
-4.55497
-3.88066
-3.27056
-2.73128
-2.26802
-1.88446
-1.58269
-1.36404
-1.23002
-1.18334
-1.22899
-1.37522
-1.63458
-2.02497
-2.57018
-3.30389
-4.25529
-5.41803
-6.7022
-7.92662
-8.85321
-9.2296
-8.91769
-7.97324
-6.61538
-5.12399
-3.725
-2.56582
-1.64444
-1.01755
-0.379942
-0.289079
-14.9543
-14.9725
-14.9763
-14.9648
-14.9374
-14.8939
-14.8355
-14.7651
-14.6879
-14.6111
-14.5439
-14.4975
-14.4839
-14.5152
-14.6024
-14.7539
-14.9744
-15.2629
-15.6138
-16.0126
-16.439
-16.8666
-17.2641
-17.5978
-17.8343
-17.9437
-17.9026
-17.6967
-17.3221
-16.7857
-16.1039
-15.3005
-14.4036
-13.4431
-12.4485
-11.4474
-10.4644
-9.52115
-8.63635
-7.82636
-7.10575
-6.48804
-5.98637
-5.61401
-5.38476
-5.31272
-5.41129
-5.69163
-6.15892
-6.80673
-7.61019
-8.52046
-9.46616
-10.3624
-11.1257
-11.6874
-12.0043
-12.0639
-11.8835
-11.5003
-10.9606
-10.3098
-9.58574
-8.81666
-8.02279
-7.21947
-6.42004
-5.63715
-4.88361
-4.17287
-3.51843
-2.93244
-2.42451
-2.00091
-1.66486
-1.41771
-1.26013
-1.19342
-1.22064
-1.34773
-1.58444
-1.94538
-2.45062
-3.12886
-4.00695
-5.08674
-6.30668
-7.52548
-8.53398
-9.0788
-8.97393
-8.20448
-6.93966
-5.45265
-3.99795
-2.7619
-1.76902
-1.08953
-0.406003
-0.304348
-14.8693
-14.8861
-14.8904
-14.8817
-14.86
-14.8253
-14.7791
-14.7244
-14.6654
-14.6083
-14.561
-14.5322
-14.5317
-14.569
-14.6526
-14.7887
-14.9805
-15.2266
-15.5211
-15.8518
-16.2014
-16.5477
-16.8645
-17.1239
-17.2983
-17.3626
-17.2973
-17.0901
-16.7372
-16.2434
-15.6217
-14.8913
-14.0756
-13.2002
-12.2908
-11.3719
-10.4659
-9.59315
-8.77146
-8.01667
-7.34299
-6.76358
-6.29101
-5.93761
-5.71566
-5.63715
-5.7128
-5.95051
-6.35242
-6.9105
-7.60175
-8.38454
-9.19984
-9.97858
-10.6525
-11.1648
-11.4789
-11.5823
-11.4858
-11.2162
-10.8072
-10.2917
-9.6955
-9.0367
-8.32767
-7.5793
-6.80421
-6.01766
-5.23757
-4.48422
-3.77851
-3.13917
-2.58086
-2.11272
-1.73916
-1.46138
-1.27899
-1.1916
-1.20021
-1.30829
-1.52281
-1.85522
-2.32231
-2.94905
-3.76155
-4.77045
-5.94022
-7.16603
-8.26736
-8.98916
-9.09726
-8.50444
-7.32676
-5.83008
-4.30155
-2.97239
-1.89805
-1.15991
-0.432029
-0.31371
-14.7889
-14.805
-14.8101
-14.8042
-14.7876
-14.7606
-14.7249
-14.683
-14.6388
-14.5975
-14.5653
-14.5496
-14.558
-14.598
-14.6759
-14.7964
-14.9613
-15.169
-15.4137
-15.6852
-15.9685
-16.245
-16.4929
-16.6892
-16.8108
-16.8371
-16.7516
-16.5438
-16.21
-15.7537
-15.185
-14.5196
-13.777
-12.9787
-12.1472
-11.3041
-10.47
-9.66344
-8.90131
-8.19872
-7.56938
-7.0259
-6.58017
-6.24354
-6.02692
-5.94041
-5.99248
-6.18855
-6.5286
-7.00389
-7.59355
-8.2622
-8.96141
-9.63525
-10.2284
-10.6946
-11.0037
-11.1444
-11.1234
-10.9596
-10.6764
-10.295
-9.82943
-9.28604
-8.66735
-7.97775
-7.22781
-6.43494
-5.62245
-4.81859
-4.05284
-3.35197
-2.73633
-2.21837
-1.8037
-1.49308
-1.28475
-1.17633
-1.1665
-1.25609
-1.44923
-1.7543
-2.18513
-2.76402
-3.51727
-4.46528
-5.5969
-6.8424
-8.05043
-8.96374
-9.29773
-8.88838
-7.79324
-6.27032
-4.64424
-3.2008
-2.03204
-1.22791
-0.457428
-0.316456
-14.7163
-14.7318
-14.7379
-14.7346
-14.7225
-14.7021
-14.675
-14.6434
-14.6109
-14.5816
-14.5608
-14.5542
-14.5679
-14.6076
-14.6782
-14.7829
-14.9226
-15.0955
-15.2962
-15.5158
-15.7417
-15.9583
-16.1475
-16.2901
-16.3671
-16.3614
-16.2592
-16.0515
-15.7348
-15.3117
-14.79
-14.1826
-13.5055
-12.7771
-12.0168
-11.2437
-10.4763
-9.73159
-9.02537
-8.37187
-7.78412
-7.27407
-6.85285
-6.53084
-6.31766
-6.22182
-6.24992
-6.40551
-6.68714
-7.08595
-7.58335
-8.14954
-8.74505
-9.32483
-9.84465
-10.2678
-10.5703
-10.7431
-10.7907
-10.7267
-10.5664
-10.3205
-9.99092
-9.5708
-9.05009
-8.42425
-7.70039
-6.8976
-6.04511
-5.18051
-4.34376
-3.5712
-2.88989
-2.31601
-1.85623
-1.51054
-1.27534
-1.14588
-1.11816
-1.19016
-1.36301
-1.64209
-2.03849
-2.57253
-3.27172
-4.1669
-5.27084
-6.54894
-7.88099
-9.00761
-9.5896
-9.37811
-8.36336
-6.79359
-5.03878
-3.4525
-2.17203
-1.29276
-0.481441
-0.312128
-14.6464
-14.6616
-14.6685
-14.6675
-14.6591
-14.6441
-14.6239
-14.6005
-14.5769
-14.5566
-14.5439
-14.5433
-14.5595
-14.5969
-14.6591
-14.7483
-14.8647
-15.0063
-15.1683
-15.343
-15.5196
-15.685
-15.8244
-15.9217
-15.9613
-15.929
-15.8133
-15.6066
-15.3058
-14.9123
-14.4327
-13.8771
-13.2591
-12.5941
-11.8988
-11.1901
-10.4844
-9.7973
-9.14329
-8.53567
-7.98666
-7.50746
-7.10838
-6.79885
-6.58733
-6.48096
-6.4849
-6.60127
-6.82776
-7.15586
-7.56925
-8.04314
-8.5455
-9.04051
-9.49349
-9.87617
-10.1706
-10.3709
-10.4815
-10.513
-10.4748
-10.3686
-10.1839
-9.89829
-9.48585
-8.93022
-8.23342
-7.41591
-6.51366
-5.57537
-4.65398
-3.79717
-3.04017
-2.40331
-1.89406
-1.51112
-1.24848
-1.09844
-1.05393
-1.10978
-1.26394
-1.51865
-1.88242
-2.37385
-3.0228
-3.87108
-4.95608
-6.27995
-7.7579
-9.12957
-9.99498
-10.0074
-9.07492
-7.43147
-5.5045
-3.73596
-2.32005
-1.35383
-0.503248
-0.300643
-14.5852
-14.6
-14.6076
-14.6083
-14.6028
-14.5919
-14.5768
-14.5595
-14.5424
-14.5283
-14.5207
-14.5233
-14.5395
-14.5728
-14.6256
-14.6994
-14.7941
-14.9074
-15.0351
-15.1705
-15.3045
-15.4262
-15.5232
-15.5823
-15.5906
-15.5363
-15.4099
-15.2049
-14.9186
-14.5518
-14.1098
-13.6007
-13.0359
-12.4283
-11.7924
-11.1428
-10.4941
-9.86041
-9.25493
-8.68994
-8.17677
-7.72578
-7.34645
-7.0473
-6.83575
-6.71781
-6.69746
-6.7759
-6.95036
-7.21295
-7.5496
-7.93985
-8.35804
-8.77611
-9.16757
-9.51166
-9.79645
-10.0201
-10.189
-10.3131
-10.3986
-10.4396
-10.4126
-10.2769
-9.98638
-9.5093
-8.84085
-8.00244
-7.03793
-6.00959
-4.98626
-4.02981
-3.18523
-2.47735
-1.91399
-1.49179
-1.20151
-1.03189
-0.972224
-1.0138
-1.15117
-1.38328
-1.71602
-2.16661
-2.76773
-3.57309
-4.64617
-6.02958
-7.68226
-9.34554
-10.5494
-10.8282
-9.98351
-8.22815
-6.06913
-4.06362
-2.47942
-1.4107
-0.522145
-0.282296
-14.5242
-14.5385
-14.5464
-14.5482
-14.5449
-14.537
-14.5257
-14.5127
-14.5
-14.49
-14.4854
-14.489
-14.5035
-14.5315
-14.5747
-14.634
-14.7087
-14.7968
-14.8945
-14.996
-15.0936
-15.1783
-15.2396
-15.2669
-15.2494
-15.1773
-15.0429
-14.8406
-14.568
-14.2257
-13.8176
-13.3506
-12.8338
-12.2785
-11.6967
-11.1013
-10.5052
-9.92084
-9.36028
-8.83469
-8.35443
-7.92901
-7.56706
-7.27622
-7.06301
-6.93249
-6.88782
-6.92954
-7.0548
-7.2565
-7.5227
-7.83674
-8.1783
-8.52587
-8.85995
-9.1665
-9.43963
-9.68246
-9.90535
-10.1205
-10.3336
-10.5328
-10.6814
-10.7165
-10.5664
-10.1794
-9.54137
-8.67464
-7.63165
-6.49189
-5.34435
-4.26897
-3.32252
-2.53446
-1.91217
-1.44908
-1.13168
-0.944297
-0.871951
-0.901964
-1.02508
-1.23671
-1.53968
-1.95025
-2.50416
-3.26824
-4.33415
-5.79256
-7.65948
-9.68158
-11.3037
-11.9079
-11.1572
-9.23757
-6.76661
-4.4511
-2.65452
-1.463
-0.537742
-0.257496
-14.4744
-14.4878
-14.4955
-14.4977
-14.4954
-14.4892
-14.4802
-14.4697
-14.4594
-14.4512
-14.4473
-14.4499
-14.4611
-14.4826
-14.5156
-14.5605
-14.6166
-14.6819
-14.7529
-14.8247
-14.8909
-14.9439
-14.9751
-14.9757
-14.9367
-14.8504
-14.71
-14.5111
-14.2513
-13.9313
-13.5539
-13.1248
-12.6516
-12.1437
-11.6113
-11.0655
-10.5177
-9.97886
-9.4597
-8.97031
-8.52008
-8.11761
-7.77067
-7.4861
-7.26963
-7.1256
-7.05653
-7.06264
-7.1412
-7.28602
-7.48716
-7.73118
-8.00228
-8.2844
-8.56397
-8.83305
-9.09172
-9.34918
-9.62178
-9.92714
-10.2736
-10.6465
-10.9956
-11.2317
-11.2496
-10.9706
-10.3671
-9.46185
-8.31774
-7.03628
-5.7343
-4.51499
-3.44906
-2.57033
-1.88416
-1.37904
-1.03578
-0.833171
-0.751281
-0.772911
-0.884659
-1.07806
-1.3527
-1.72359
-2.2296
-2.95138
-4.01251
-5.56475
-7.69906
-10.1697
-12.3097
-13.306
-12.6522
-10.5056
-7.6272
-4.91287
-2.84921
-1.5098
-0.550026
-0.226035
-14.421
-14.4334
-14.4404
-14.4425
-14.4406
-14.4353
-14.4273
-14.418
-14.4087
-14.401
-14.3965
-14.397
-14.4039
-14.4185
-14.4415
-14.4731
-14.5124
-14.5575
-14.6054
-14.6518
-14.6914
-14.7178
-14.724
-14.7027
-14.6467
-14.5493
-14.4052
-14.2105
-13.9634
-13.6641
-13.3149
-12.9205
-12.487
-12.0223
-11.5351
-11.035
-10.5315
-10.0346
-9.55355
-9.09733
-8.67432
-8.29222
-7.95796
-7.67764
-7.4563
-7.29774
-7.20411
-7.17551
-7.20951
-7.30089
-7.44148
-7.62061
-7.82619
-8.04662
-8.27339
-8.50395
-8.74444
-9.01102
-9.32816
-9.72252
-10.2103
-10.7788
-11.3666
-11.8519
-12.0827
-11.9406
-11.379
-10.4195
-9.13798
-7.66958
-6.16886
-4.77044
-3.56189
-2.57994
-1.82491
-1.27759
-0.91101
-0.69714
-0.610199
-0.627871
-0.732064
-0.909722
-1.15699
-1.48744
-1.94248
-2.6168
-3.6727
-5.34071
-7.80699
-10.829
-13.5876
-15.0354
-14.477
-12.0421
-8.65999
-5.45402
-3.06364
-1.54844
-0.559021
-0.186109
-14.3831
-14.3937
-14.3993
-14.4004
-14.3977
-14.3917
-14.3834
-14.3736
-14.3635
-14.3544
-14.3475
-14.3441
-14.3454
-14.3522
-14.3649
-14.3834
-14.4068
-14.4334
-14.4606
-14.4847
-14.5012
-14.5049
-14.49
-14.4504
-14.3804
-14.2744
-14.1281
-13.9382
-13.7031
-13.4229
-13.0995
-12.7366
-12.3393
-11.9141
-11.4683
-11.0099
-10.5473
-10.0889
-9.64285
-9.2169
-8.81841
-8.45416
-8.13028
-7.85215
-7.62432
-7.45016
-7.33166
-7.26897
-7.26013
-7.30086
-7.38459
-7.50293
-7.64683
-7.8083
-7.98295
-8.17291
-8.39
-8.658
-9.01201
-9.49292
-10.1333
-10.9324
-11.8221
-12.6363
-13.153
-13.1948
-12.6855
-11.6418
-10.1648
-8.43838
-6.67126
-5.04198
-3.65854
-2.55733
-1.72818
-1.13947
-0.753394
-0.533282
-0.446543
-0.465222
-0.566191
-0.731554
-0.953207
-1.24206
-1.63991
-2.25603
-3.30181
-5.10614
-7.97066
-11.6392
-15.0978
-17.0399
-16.5713
-13.7976
-9.83477
-6.05937
-3.28933
-1.57259
-0.563965
-0.133231
-14.3365
-14.3451
-14.3489
-14.3485
-14.3446
-14.3376
-14.3282
-14.3172
-14.3056
-14.2943
-14.2844
-14.2768
-14.2722
-14.2714
-14.2744
-14.281
-14.2904
-14.3008
-14.3102
-14.3153
-14.3125
-14.2975
-14.2654
-14.2114
-14.1306
-14.0186
-13.8719
-13.6876
-13.4645
-13.2026
-12.9034
-12.5698
-12.2059
-11.8171
-11.4095
-10.9898
-10.565
-10.1421
-9.72818
-9.3298
-8.95325
-8.60437
-8.28851
-8.01045
-7.77432
-7.58333
-7.43945
-7.34313
-7.29295
-7.28554
-7.31568
-7.37686
-7.46232
-7.56681
-7.68897
-7.83443
-8.01991
-8.27731
-8.65557
-9.21817
-10.0291
-11.1166
-12.4093
-13.6728
-14.577
-14.8612
-14.4106
-13.2443
-11.4976
-9.41224
-7.27833
-5.34119
-3.73631
-2.49444
-1.58575
-0.958608
-0.559628
-0.341005
-0.262146
-0.2887
-0.3918
-0.54807
-0.744529
-0.98777
-1.31584
-1.85475
-2.8772
-4.83057
-8.14841
-12.5352
-16.745
-19.2051
-18.8169
-15.6674
-11.0775
-6.68727
-3.50526
-1.57058
-0.561618
-0.060214
-14.3122
-14.3177
-14.3186
-14.3154
-14.3088
-14.2991
-14.2869
-14.273
-14.258
-14.2428
-14.2282
-14.2147
-14.2031
-14.1937
-14.1865
-14.1812
-14.177
-14.1724
-14.1655
-14.1537
-14.134
-14.1027
-14.056
-13.99
-13.9006
-13.7842
-13.638
-13.4598
-13.2483
-13.0036
-12.7267
-12.4201
-12.0871
-11.7319
-11.3596
-10.9756
-10.5857
-10.1956
-9.8111
-9.43769
-9.08058
-8.74465
-8.4345
-8.15438
-7.90815
-7.699
-7.5291
-7.39931
-7.30888
-7.25533
-7.23459
-7.24156
-7.27105
-7.31942
-7.38671
-7.4802
-7.61994
-7.84646
-8.22808
-8.86522
-9.87491
-11.3323
-13.1576
-15.0092
-16.4074
-16.9931
-16.6164
-15.3017
-13.2109
-10.6519
-8.02586
-5.67858
-3.78887
-2.37778
-1.3834
-0.722831
-0.320075
-0.112653
-0.05062
-0.0929804
-0.205194
-0.357266
-0.529037
-0.718664
-0.95587
-1.38994
-2.36709
-4.47095
-8.27894
-13.4242
-18.4021
-21.3779
-21.0516
-17.5043
-12.2775
-7.27012
-3.67638
-1.52471
-0.544744
0.0420779
-14.2718
-14.2742
-14.2723
-14.2664
-14.257
-14.2447
-14.2297
-14.2127
-14.1943
-14.1751
-14.1558
-14.1367
-14.1185
-14.1012
-14.0847
-14.0689
-14.0527
-14.0352
-14.0145
-13.9886
-13.9549
-13.9105
-13.8524
-13.7771
-13.6817
-13.5632
-13.4191
-13.2478
-13.0483
-12.8204
-12.5651
-12.2841
-11.9801
-11.6565
-11.3171
-10.9664
-10.6089
-10.2492
-9.8918
-9.54103
-9.201
-8.87564
-8.5688
-8.28429
-8.02593
-7.79715
-7.60058
-7.43764
-7.30824
-7.21057
-7.14129
-7.09593
-7.06979
-7.05933
-7.0641
-7.0907
-7.16105
-7.32626
-7.68227
-8.38162
-9.61169
-11.5035
-13.9544
-16.4748
-18.4114
-19.3347
-19.0907
-17.6826
-15.2504
-12.1507
-8.91866
-6.04908
-3.79914
-2.18503
-1.10011
-0.415966
-0.0244456
0.156412
0.187967
0.118933
-0.00912645
-0.159147
-0.302265
-0.422853
-0.541674
-0.840593
-1.74818
-3.99436
-8.30534
-14.1978
-19.8954
-23.34
-23.0543
-19.1215
-13.2987
-7.72459
-3.75865
-1.41361
-0.500481
0.180638
-14.2631
-14.2609
-14.2543
-14.2437
-14.2296
-14.2124
-14.1924
-14.1702
-14.1463
-14.1211
-14.0951
-14.0688
-14.0423
-14.0159
-13.9894
-13.9625
-13.9345
-13.9044
-13.8707
-13.8318
-13.7856
-13.7298
-13.6618
-13.5791
-13.4791
-13.3596
-13.2185
-13.0545
-12.8668
-12.6551
-12.4201
-12.1632
-11.8863
-11.5921
-11.2835
-10.964
-10.637
-10.3059
-9.97408
-9.64451
-9.32012
-9.00373
-8.6983
-8.40718
-8.13421
-7.88324
-7.65755
-7.45936
-7.28933
-7.14624
-7.02705
-6.9273
-6.84166
-6.76508
-6.69461
-6.6344
-6.60813
-6.67988
-6.97794
-7.71296
-9.14501
-11.4627
-14.5451
-17.7338
-20.1842
-21.4285
-21.3576
-19.9571
-17.2988
-13.7243
-9.86884
-6.40723
-3.73048
-1.87917
-0.700157
-0.00596708
0.355079
0.490471
0.4748
0.364741
0.209229
0.0553805
-0.0540499
-0.0878452
-0.0670779
-0.216834
-1.03901
-3.41246
-8.1903
-14.7254
-20.9916
-24.7929
-24.532
-20.2881
-13.9872
-7.96188
-3.70691
-1.21814
-0.412889
0.358
-14.2292
-14.2229
-14.2124
-14.198
-14.1801
-14.1588
-14.1346
-14.1079
-14.0791
-14.0486
-14.0167
-13.9839
-13.9503
-13.9159
-13.8807
-13.8443
-13.8062
-13.7656
-13.7212
-13.6718
-13.6156
-13.5509
-13.4756
-13.3877
-13.2853
-13.1663
-13.0294
-12.8733
-12.6973
-12.5014
-12.2859
-12.0518
-11.8009
-11.5349
-11.2563
-10.9674
-10.6706
-10.3681
-10.0619
-9.75332
-9.44385
-9.13484
-8.82819
-8.52686
-8.23518
-7.95787
-7.69917
-7.46217
-7.24807
-7.05575
-6.8818
-6.72095
-6.56735
-6.41547
-6.26095
-6.10645
-5.97695
-5.94585
-6.16359
-6.88417
-8.4301
-11.0838
-14.7573
-18.595
-21.5216
-23.0325
-23.0983
-21.7409
-18.9754
-15.0699
-10.6871
-6.65504
-3.5304
-1.42265
-0.151414
0.533164
0.836335
0.898805
0.812603
0.645494
0.453097
0.291634
0.21572
0.263149
0.411448
0.395252
-0.332322
-2.79817
-7.91144
-14.8681
-21.458
-25.4572
-25.2172
-20.7963
-14.2132
-7.91581
-3.49164
-0.929955
-0.265299
0.561326
-14.2378
-14.2247
-14.2078
-14.1866
-14.1616
-14.1333
-14.102
-14.0679
-14.0315
-13.9931
-13.9531
-13.9116
-13.869
-13.8251
-13.7799
-13.7332
-13.6845
-13.633
-13.578
-13.5183
-13.4526
-13.3795
-13.2973
-13.2046
-13.0998
-12.9814
-12.8484
-12.6999
-12.5352
-12.3545
-12.1582
-11.9472
-11.7226
-11.4861
-11.2392
-10.9834
-10.7198
-10.4492
-10.1716
-9.88671
-9.59353
-9.2913
-8.98007
-8.66199
-8.34217
-8.02701
-7.72286
-7.43491
-7.16612
-6.91657
-6.68387
-6.46444
-6.25455
-6.04973
-5.84336
-5.63083
-5.4279
-5.30768
-5.42933
-6.06136
-7.59911
-10.4943
-14.6926
-19.1273
-22.4702
-24.1722
-24.3021
-22.9426
-20.1019
-15.977
-11.2054
-6.70083
-3.16573
-0.805113
0.557037
1.22022
1.44448
1.40797
1.22477
0.97228
0.713981
0.517876
0.451062
0.553576
0.786523
0.859291
0.2184
-2.25296
-7.45438
-14.5281
-21.1703
-25.1998
-24.9784
-20.5409
-13.9127
-7.56044
-3.11093
-0.562729
-0.0536495
0.770714
-14.2112
-14.194
-14.1735
-14.148
-14.1181
-14.0846
-14.0477
-14.0078
-13.9651
-13.9202
-13.8731
-13.8242
-13.7736
-13.7213
-13.6672
-13.6111
-13.5526
-13.4912
-13.4262
-13.3567
-13.2818
-13.2005
-13.1115
-13.014
-12.9067
-12.7888
-12.6596
-12.5186
-12.3659
-12.2017
-12.0265
-11.841
-11.6461
-11.4426
-11.2311
-11.0119
-10.7847
-10.5483
-10.3006
-10.0388
-9.75928
-9.459
-9.13646
-8.79438
-8.44061
-8.08424
-7.73452
-7.39965
-7.08501
-6.79229
-6.51985
-6.26481
-6.02541
-5.80023
-5.58256
-5.36253
-5.14825
-4.98701
-5.00079
-5.50613
-6.97853
-9.93704
-14.4218
-19.2741
-22.9018
-24.6982
-24.8393
-23.4749
-20.5793
-16.322
-11.3178
-6.50395
-2.66864
-0.105404
1.32987
1.96052
2.09106
1.93711
1.6373
1.28309
0.944367
0.693903
0.590596
0.680073
0.938432
1.06323
0.476469
-1.84255
-6.8186
-13.6961
-20.1718
-24.1
-23.9007
-19.5975
-13.1537
-6.95678
-2.61216
-0.154144
0.214535
0.929853
-14.2328
-14.2088
-14.1801
-14.1446
-14.1049
-14.0615
-14.0144
-13.9638
-13.9105
-13.8546
-13.7963
-13.7359
-13.6733
-13.6087
-13.542
-13.4731
-13.4016
-13.3273
-13.2498
-13.1685
-13.0831
-12.9928
-12.8971
-12.7955
-12.6874
-12.5725
-12.4506
-12.3215
-12.1852
-12.0418
-11.8915
-11.7346
-11.5714
-11.4021
-11.2263
-11.0435
-10.852
-10.6494
-10.4321
-10.1952
-9.93245
-9.63751
-9.30536
-8.93802
-8.54856
-8.15156
-7.7615
-7.39099
-7.04842
-6.73695
-6.45604
-6.20449
-5.98232
-5.78826
-5.60821
-5.41353
-5.18721
-5.01191
-5.03603
-5.49472
-6.79686
-9.52845
-13.9094
-18.8479
-22.6116
-24.5206
-24.7193
-23.3479
-20.4188
-16.1129
-11.0332
-6.09949
-2.1188
0.561356
2.04162
2.64093
2.6854
2.41681
1.99566
1.52384
1.08096
0.749747
0.615572
0.71003
0.936963
0.996623
0.429009
-1.5724
-6.06614
-12.495
-18.6625
-22.4131
-22.2264
-18.1668
-12.0808
-6.20384
-2.07597
0.225753
0.496346
1.01134
-14.2087
-14.1941
-14.1632
-14.1175
-14.0679
-14.015
-13.9576
-13.8966
-13.8327
-13.7661
-13.697
-13.6257
-13.5523
-13.4769
-13.3997
-13.3205
-13.2395
-13.1566
-13.0715
-12.9842
-12.8945
-12.802
-12.7066
-12.6078
-12.5054
-12.3989
-12.2882
-12.1727
-12.0524
-11.927
-11.7964
-11.6604
-11.5188
-11.3712
-11.217
-11.0551
-10.8835
-10.6993
-10.4984
-10.2753
-10.0229
-9.73414
-9.40315
-9.03423
-8.64102
-8.23849
-7.84337
-7.46988
-7.12698
-6.81644
-6.53348
-6.27381
-6.04028
-5.84034
-5.67099
-5.51481
-5.37362
-5.2817
-5.38352
-5.89054
-7.07847
-9.38424
-13.2046
-17.817
-21.5915
-23.6512
-23.9548
-22.6175
-19.704
-15.4368
-10.4424
-5.59418
-1.65921
1.00857
2.47307
3.03028
3.01023
2.66906
2.17845
1.65457
1.18409
0.831637
0.659583
0.704284
0.862103
0.819427
0.250678
-1.45551
-5.36178
-11.1791
-16.9828
-20.5405
-20.3889
-16.6476
-11.0042
-5.52455
-1.63681
0.51185
0.740976
0.901147
-14.2201
-14.2115
-14.1787
-14.1242
-14.0648
-14.002
-13.9354
-13.8658
-13.7941
-13.7204
-13.645
-13.568
-13.4896
-13.4098
-13.3287
-13.2464
-13.1627
-13.0778
-12.9915
-12.9037
-12.8141
-12.7226
-12.6289
-12.5325
-12.4331
-12.3304
-12.2237
-12.1128
-11.9973
-11.8769
-11.7514
-11.6207
-11.4848
-11.3434
-11.1962
-11.0423
-10.8803
-10.7074
-10.5202
-10.3129
-10.0773
-9.80223
-9.47294
-9.0887
-8.68259
-8.26951
-7.86776
-7.49217
-7.15087
-6.84528
-6.5728
-6.32795
-6.10932
-5.91917
-5.75385
-5.60729
-5.50647
-5.53172
-5.8231
-6.48439
-7.55846
-9.3253
-12.2563
-16.1372
-19.8212
-22.2304
-22.8898
-21.6969
-18.7927
-14.6317
-9.80624
-5.15054
-1.35979
1.23232
2.66294
3.20034
3.15812
2.78753
2.26784
1.72129
1.23422
0.889352
0.738964
0.767088
0.852588
0.716956
0.0825777
-1.46697
-4.77333
-9.91203
-15.4187
-18.9301
-18.8469
-15.3525
-10.1223
-5.00651
-1.38122
0.594372
0.87058
0.693569
-14.3284
-14.2706
-14.2145
-14.1548
-14.0912
-14.0249
-13.9561
-13.8848
-13.8115
-13.7364
-13.6596
-13.5812
-13.5014
-13.4203
-13.338
-13.2544
-13.1696
-13.0836
-12.9962
-12.9073
-12.8169
-12.7245
-12.63
-12.533
-12.4331
-12.3298
-12.2228
-12.1117
-11.996
-11.8755
-11.7498
-11.6187
-11.482
-11.3393
-11.1898
-11.0326
-10.8658
-10.6867
-10.4915
-10.2753
-10.0311
-9.75323
-9.43326
-9.07529
-8.68568
-8.28715
-7.89554
-7.52476
-7.18258
-6.87043
-6.58565
-6.32502
-6.09029
-5.88666
-5.71716
-5.58765
-5.53122
-5.62673
-5.9557
-6.62526
-7.75398
-9.52167
-12.1902
-15.5418
-18.7201
-20.8685
-21.5311
-20.5463
-17.9559
-13.9585
-9.31508
-4.85629
-1.25637
1.20433
2.57852
3.10632
3.08243
2.74584
2.2648
1.75356
1.29555
0.96006
0.796835
0.798039
0.829208
0.631113
-0.0759772
-1.72211
-4.96237
-9.69439
-14.6516
-17.8712
-17.9067
-14.7142
-9.7873
-4.94275
-1.447
0.523507
0.827245
0.594342
-17.8464
-17.8612
-17.8533
-17.7786
-17.7694
-17.9107
-18.189
-18.5231
-18.848
-19.1319
-19.3947
-19.6592
-19.9084
-20.1492
-20.3983
-20.6713
-20.9361
-21.1843
-21.4339
-21.7383
-22.1732
-22.775
-23.6496
-24.9482
-26.7009
-28.6734
-30.3741
-31.2969
-31.1152
-29.4876
-26.3504
-22.1457
-17.3442
-12.3541
-7.51391
-3.09703
0.694741
3.70464
5.82639
6.99464
7.22038
6.68216
5.76575
4.75921
3.63472
2.57254
1.84795
1.37177
0.63988
-0.943683
-3.80213
-8.24342
-14.0849
-20.262
-25.3809
-28.2712
-28.1671
-24.8104
-18.9672
-12.1506
-5.76137
-0.734346
2.64739
4.56007
5.37315
5.50231
5.27076
4.85262
4.24481
3.51036
2.79605
2.19337
1.75571
1.48839
1.35436
1.29811
1.28084
1.30639
1.38529
1.47037
1.39513
0.835076
-0.607829
-3.4803
-8.26397
-14.4437
-20.1023
-22.8196
-21.013
-15.285
-8.26493
-2.28208
1.63174
3.4336
3.67493
3.013
2.20006
1.24696
0.815131
-0.17608
-17.9466
-17.9355
-17.957
-17.9413
-18.0457
-18.2857
-18.6028
-18.9132
-19.1676
-19.3673
-19.5247
-19.6681
-19.8604
-20.1203
-20.4451
-20.8179
-21.1823
-21.4265
-21.5565
-21.7398
-22.2107
-23.1396
-24.6864
-27.0985
-30.3773
-33.9978
-36.9711
-38.254
-37.2556
-34.278
-30.0598
-25.1078
-19.7966
-14.4545
-9.38424
-4.83847
-0.980072
2.11616
4.40676
5.84977
6.40182
6.1124
5.14123
3.85394
2.80428
2.17573
1.86863
1.61469
0.979882
-0.523714
-3.59648
-9.09725
-16.673
-24.715
-31.1251
-34.1736
-33.1879
-28.766
-22.0993
-14.5343
-7.49465
-1.93133
1.86323
4.0657
5.06046
5.27969
5.05068
4.5548
3.94809
3.32168
2.6937
2.14002
1.72931
1.4772
1.35783
1.32464
1.33909
1.38367
1.46373
1.57219
1.54168
1.05996
-0.21787
-3.0418
-8.32899
-15.7277
-22.6691
-25.7569
-23.4561
-16.9986
-9.1477
-2.48324
1.68986
3.39661
3.58855
3.06899
2.33445
1.34218
0.835872
-0.263139
-17.8521
-17.8444
-18.0748
-18.5525
-19.1384
-19.656
-19.9918
-20.1071
-20.0355
-19.8767
-19.7282
-19.6543
-19.7214
-19.9751
-20.3779
-20.8378
-21.2846
-21.6671
-22.1214
-22.9293
-24.4527
-27.1026
-31.032
-35.9288
-40.9944
-45.1892
-47.5821
-47.616
-45.2846
-41.0648
-35.6995
-29.7941
-23.7076
-17.7181
-12.1428
-7.28388
-3.30338
-0.191562
2.13992
3.75477
4.65418
4.79819
4.22678
3.13215
1.97426
1.27635
1.09722
0.937235
0.109655
-2.57279
-8.04779
-16.2994
-25.5996
-33.9988
-39.8784
-42.1625
-40.4721
-35.2152
-27.4712
-18.7638
-10.6716
-4.24911
0.174789
2.79971
4.08898
4.52135
4.46231
4.14026
3.66795
3.12036
2.5971
2.15205
1.80246
1.55801
1.41181
1.34384
1.3358
1.3868
1.50741
1.68055
1.74128
1.32449
-0.21798
-4.06804
-10.8983
-19.6593
-27.42
-30.8927
-28.3557
-20.9433
-11.8349
-4.03885
0.896411
3.04158
3.36486
2.806
2.07364
1.16742
0.742014
-0.357103
-17.9984
-18.1636
-18.9544
-19.9201
-20.7161
-21.1883
-21.3166
-21.1251
-20.7258
-20.2473
-19.8102
-19.5401
-19.5377
-19.8056
-20.2289
-20.7115
-21.2151
-21.8228
-22.7956
-24.5595
-27.6188
-32.2898
-38.381
-45.1222
-51.404
-56.1178
-58.3895
-57.7223
-54.1943
-48.508
-41.8039
-34.8438
-27.8621
-21.0354
-14.731
-9.36325
-5.11914
-1.93603
0.385062
2.03907
3.10772
3.55584
3.32999
2.48929
1.37672
0.525654
0.125863
-0.2755
-1.74753
-6.06444
-14.0259
-24.2397
-34.5134
-43.1834
-48.9714
-50.8874
-48.5496
-42.351
-33.4301
-23.4489
-14.1645
-6.77199
-1.65663
1.43406
3.04551
3.71135
3.82324
3.62546
3.2684
2.84507
2.41182
2.01649
1.69648
1.46575
1.32146
1.25049
1.24386
1.30371
1.43271
1.61155
1.68172
1.24143
-0.650473
-5.56205
-13.9379
-24.2177
-33.23
-37.2715
-34.3739
-25.8017
-15.1855
-6.07272
-0.31028
2.2436
2.78583
2.38701
1.77919
1.0381
0.67235
-0.29386
-18.0035
-18.4696
-19.6586
-20.5582
-21.1954
-21.4864
-21.4469
-21.1316
-20.5691
-19.9264
-19.3895
-19.0978
-19.1106
-19.359
-19.7248
-20.1512
-20.702
-21.578
-23.1592
-25.9817
-30.5459
-36.9709
-44.7645
-52.9213
-60.23
-65.5132
-67.8053
-66.5942
-62.023
-55.0963
-47.3232
-39.5868
-31.8989
-24.2971
-17.2282
-11.25
-6.64724
-3.31907
-0.951631
0.748743
1.92823
2.58812
2.66573
2.13375
1.16367
0.218447
-0.468221
-1.34215
-3.79747
-9.84128
-19.8274
-31.32
-42.2608
-51.2547
-57.0994
-58.7576
-55.9095
-48.9233
-38.963
-27.8338
-17.4642
-9.20674
-3.48725
0.0197588
1.93428
2.83605
3.14081
3.10738
2.88535
2.56735
2.22198
1.89738
1.62235
1.4128
1.27048
1.18838
1.15913
1.18462
1.27037
1.40381
1.42573
0.868556
-1.44925
-7.31619
-17.0543
-28.7364
-38.9906
-43.5833
-40.3825
-30.754
-18.7104
-8.3204
-1.68973
1.35951
2.16042
1.91611
1.43063
0.830116
0.535231
-0.196078
-17.8508
-18.5925
-19.6286
-20.3184
-20.7886
-20.9547
-20.8453
-20.4454
-19.8777
-19.239
-18.7197
-18.4482
-18.4366
-18.5709
-18.7766
-19.0819
-19.6386
-20.7441
-22.8746
-26.6006
-32.3356
-40.0131
-48.9528
-58.0484
-66.052
-71.7253
-74.0607
-72.5402
-67.3655
-59.7026
-51.3409
-43.2329
-35.1625
-26.9945
-19.3162
-12.8872
-8.02937
-4.55696
-2.08191
-0.272909
1.04044
1.88241
2.20694
1.9643
1.23533
0.317507
-0.59018
-1.96253
-5.42341
-12.9879
-24.4306
-36.8032
-48.2027
-57.4571
-63.3563
-64.8166
-61.5792
-54.0094
-43.2868
-31.2804
-20.0946
-11.2103
-5.05675
-1.2409
0.916869
2.02268
2.49833
2.60475
2.49857
2.27755
2.00706
1.73385
1.49137
1.29809
1.16034
1.07575
1.03823
1.04389
1.08801
1.14926
1.07089
0.350165
-2.34656
-8.9271
-19.6855
-32.4557
-43.6161
-48.626
-45.2485
-34.8337
-21.6957
-10.2897
-2.96172
0.489296
1.5271
1.45927
1.10953
0.658649
0.424629
-0.119524
-17.4269
-18.1751
-19.0645
-19.684
-20.1266
-20.2767
-20.1445
-19.7293
-19.131
-18.4868
-17.9562
-17.6383
-17.4743
-17.3793
-17.3601
-17.5108
-18.0454
-19.3298
-21.8806
-26.2446
-32.7247
-41.117
-50.6536
-60.2116
-68.5466
-74.3965
-76.8306
-75.2447
-69.9557
-62.1584
-53.7842
-45.7172
-37.4877
-28.9257
-20.8627
-14.2362
-9.30512
-5.76471
-3.18114
-1.23448
0.237579
1.27293
1.84306
1.88367
1.43825
0.678915
-0.327773
-2.10528
-6.37959
-15.0492
-27.433
-40.3795
-52.0791
-61.4976
-67.4062
-68.7352
-65.2418
-57.3001
-46.1068
-33.5688
-21.9132
-12.6986
-6.32339
-2.33036
-0.00441268
1.26344
1.88707
2.12234
2.12458
1.99243
1.79335
1.57476
1.36899
1.19617
1.06576
0.977623
0.926167
0.904745
0.902874
0.889372
0.701828
-0.182435
-3.1504
-10.1463
-21.4944
-34.939
-46.6388
-51.912
-48.4858
-37.6373
-23.8426
-11.7916
-3.98981
-0.240217
0.991381
1.07258
0.836755
0.507573
0.313779
-0.0613437
-16.6724
-17.3641
-18.3478
-19.0518
-19.5107
-19.6524
-19.4985
-19.0675
-18.4544
-17.7839
-17.1814
-16.6953
-16.2702
-15.8928
-15.6258
-15.614
-16.1169
-17.5347
-20.3719
-25.1127
-31.9512
-40.6101
-50.2984
-59.9242
-68.2759
-74.137
-76.5529
-75.1132
-70.0742
-62.6775
-54.8057
-47.0662
-38.7899
-29.9868
-21.7964
-15.2122
-10.3447
-6.79002
-4.1217
-2.05964
-0.459231
0.730897
1.5088
1.81363
1.63961
1.11001
0.139764
-1.88256
-6.68768
-16.0147
-28.8958
-42.1575
-54.0197
-63.4851
-69.3288
-70.5522
-66.9335
-58.8155
-47.4197
-34.6909
-22.9184
-13.6685
-7.27481
-3.22694
-0.80365
0.583103
1.32546
1.66717
1.76033
1.70419
1.56663
1.39502
1.22236
1.07056
0.949104
0.860115
0.799111
0.757021
0.717118
0.638831
0.355728
-0.657999
-3.77289
-10.9054
-22.435
-36.1148
-47.9894
-53.359
-49.9862
-39.055
-25.0521
-12.7488
-4.72837
-0.811874
0.555372
0.76021
0.619712
0.391717
0.223673
-0.00156351
-15.7471
-16.5649
-17.7186
-18.5574
-19.0673
-19.2229
-19.0646
-18.6191
-17.9641
-17.2036
-16.431
-15.6806
-14.9429
-14.2691
-13.7647
-13.6125
-14.0999
-15.6297
-18.6241
-23.5387
-30.4494
-39.0436
-48.5564
-57.9404
-66.0474
-71.7487
-74.1655
-72.9748
-68.4272
-61.8066
-54.7403
-47.4047
-39.1088
-30.2152
-22.1324
-15.7629
-11.0368
-7.50725
-4.79372
-2.66114
-0.980829
0.30708
1.22387
1.73533
1.79693
1.49297
0.654745
-1.44495
-6.48901
-16.0665
-29.0791
-42.4319
-54.3221
-63.7151
-69.428
-70.5597
-66.9103
-58.7962
-47.4338
-34.814
-23.2374
-14.2054
-7.95998
-3.95551
-1.49342
-0.0258484
0.808902
1.23893
1.41064
1.42203
1.34106
1.21525
1.07724
0.948046
0.838112
0.750373
0.680272
0.617422
0.542037
0.407856
0.0485741
-1.04926
-4.19533
-11.2332
-22.6004
-36.1333
-47.8717
-53.212
-49.9823
-39.2547
-25.4251
-13.2127
-5.20046
-1.23182
0.220273
0.521113
0.454808
0.304013
0.149073
0.0532928
-15.1341
-16.0433
-17.3283
-18.289
-18.8523
-19.0262
-18.8656
-18.3959
-17.6692
-16.7612
-15.7494
-14.6844
-13.6166
-12.6577
-11.9478
-11.6986
-12.1955
-13.8027
-16.9077
-21.8381
-28.6312
-36.95
-46.0671
-55.0102
-62.7145
-68.1597
-70.5687
-69.6786
-65.7706
-60.114
-53.8995
-46.8955
-38.578
-29.7569
-21.9797
-15.9345
-11.3973
-7.93216
-5.21737
-3.05692
-1.33628
0.00619953
1.00373
1.64997
1.89366
1.77097
1.10429
-0.933179
-5.9599
-15.4437
-28.2863
-41.5359
-53.3314
-62.5626
-68.1081
-69.1673
-65.5536
-57.5654
-46.4281
-34.168
-23.0389
-14.415
-8.43481
-4.5411
-2.0827
-0.564646
0.339671
0.840783
1.07813
1.14744
1.11586
1.03041
0.923438
0.816189
0.719401
0.635443
0.559798
0.480995
0.376944
0.198198
-0.216662
-1.35542
-4.43983
-11.2108
-22.1552
-35.2481
-46.6185
-51.8306
-48.8078
-38.5015
-25.1357
-13.2816
-5.45928
-1.53304
-0.038243
0.336538
0.330011
0.24021
0.0924051
0.102244
-15.2168
-16.1709
-17.407
-18.3273
-18.8673
-19.0533
-18.9045
-18.4103
-17.5874
-16.4898
-15.1952
-13.7892
-12.3897
-11.1673
-10.2994
-10.0007
-10.5344
-12.2189
-15.3763
-20.2444
-26.8087
-34.7282
-43.3293
-51.7262
-58.9494
-64.0941
-66.4845
-65.9061
-62.7075
-58.0326
-52.5253
-45.7105
-37.3953
-28.8299
-21.5138
-15.8584
-11.5424
-8.17611
-5.49495
-3.33585
-1.59785
-0.22229
0.82522
1.55532
1.92768
1.93476
1.42826
-0.454211
-5.26781
-14.3892
-26.8188
-39.7943
-51.3873
-60.3992
-65.7635
-66.7653
-63.2294
-55.4564
-44.6984
-32.9955
-22.4963
-14.4033
-8.75635
-5.01282
-2.58653
-1.04114
-0.0857729
0.47247
0.7654
0.88555
0.898617
0.850851
0.774022
0.688672
0.605288
0.526321
0.44683
0.354468
0.226085
0.0115526
-0.442014
-1.58782
-4.5459
-10.9373
-21.2852
-33.7364
-44.5832
-49.6045
-46.8271
-37.0855
-24.3811
-13.0704
-5.56555
-1.74854
-0.240866
0.191619
0.234201
0.192799
0.0497925
0.14148
-15.9691
-16.9605
-18.096
-18.7871
-19.1359
-19.2749
-19.1575
-18.6713
-17.7571
-16.4408
-14.8235
-13.0536
-11.3203
-9.86641
-8.88753
-8.58157
-9.18255
-10.9511
-14.1338
-18.8911
-25.1678
-32.6307
-40.6672
-48.4797
-55.1996
-60.0346
-62.3947
-62.1267
-59.642
-55.8163
-50.7787
-44.0165
-35.7875
-27.6598
-20.9027
-15.6583
-11.5746
-8.32601
-5.7003
-3.56197
-1.82213
-0.426469
0.655443
1.43983
1.89867
1.99407
1.60955
-0.0743458
-4.54708
-13.1166
-24.9467
-37.4979
-48.7938
-57.5475
-62.7279
-63.6848
-60.2559
-52.7687
-42.5144
-31.5144
-21.7585
-14.2567
-8.97021
-5.39442
-3.01744
-1.46148
-0.469585
0.134281
0.47399
0.638251
0.690761
0.676617
0.626878
0.561805
0.491845
0.419155
0.338306
0.236126
0.0887659
-0.153242
-0.631991
-1.76106
-4.55414
-10.5046
-20.1588
-31.8481
-42.0794
-46.8708
-44.3582
-35.2649
-23.339
-12.6826
-5.57312
-1.9076
-0.407093
0.0715765
0.15664
0.155333
0.0182961
0.170748
-16.736
-17.8866
-18.9314
-19.4107
-19.5801
-19.692
-19.6355
-19.1836
-18.1891
-16.6371
-14.6577
-12.4958
-10.4492
-8.78489
-7.7372
-7.46469
-8.16127
-10.0179
-13.2094
-17.8304
-23.7966
-30.7903
-38.2601
-45.4939
-51.7242
-56.2571
-58.5798
-58.6159
-56.7855
-53.577
-48.7714
-41.9846
-33.9791
-26.4302
-20.2596
-15.4086
-11.5491
-8.42371
-5.86517
-3.76035
-2.03112
-0.627503
0.476528
1.29623
1.81147
1.96566
1.66075
0.177858
-3.88988
-11.7934
-22.8916
-34.8928
-45.8068
-54.2701
-59.2663
-60.1896
-56.8951
-49.7578
-40.1058
-29.9021
-20.9392
-14.0384
-9.11014
-5.70506
-3.38694
-1.83241
-0.815202
-0.174936
0.204342
0.407171
0.494955
0.511513
0.487136
0.44147
0.384544
0.318438
0.237442
0.127809
-0.0345674
-0.297601
-0.791736
-1.88947
-4.49987
-9.98792
-18.9104
-29.7838
-39.3569
-43.8993
-41.657
-33.2479
-22.1525
-12.2016
-5.52401
-2.03111
-0.549564
-0.0329066
0.0901765
0.122855
-0.00547698
0.189903
-16.7892
-17.9784
-19.1697
-19.678
-19.8444
-20.0177
-20.0535
-19.6489
-18.5965
-16.8532
-14.568
-12.054
-9.72211
-7.92834
-6.85551
-6.64744
-7.45644
-9.40214
-12.5899
-17.0634
-22.7188
-29.2575
-36.1862
-42.873
-48.6463
-52.8919
-55.1798
-55.5059
-54.1949
-51.3388
-46.5604
-39.7661
-32.1548
-25.2621
-19.6458
-15.1467
-11.4932
-8.48934
-6.0031
-3.93947
-2.23008
-0.829489
0.285078
1.12538
1.67497
1.86744
1.60827
0.302043
-3.34709
-10.5353
-20.8212
-32.1765
-42.6368
-50.7806
-55.5909
-56.4906
-53.3573
-46.6258
-37.6478
-28.2869
-20.1171
-13.7921
-9.20127
-5.96052
-3.70521
-2.16017
-1.12603
-0.456705
-0.0439355
0.192506
0.311568
0.355653
0.354194
0.326336
0.281951
0.222957
0.143338
0.0288412
-0.14475
-0.423347
-0.925665
-1.98401
-4.40866
-9.44081
-17.6374
-27.6907
-36.6008
-40.8889
-38.9095
-31.1832
-20.9236
-11.6869
-5.44899
-2.13444
-0.677178
-0.128048
0.0299815
0.0922214
-0.0239947
0.200031
-16.7109
-17.5458
-18.887
-19.5631
-19.8786
-20.1439
-20.2214
-19.8073
-18.6815
-16.8068
-14.3505
-11.647
-9.13058
-7.23389
-6.20721
-6.1134
-7.03928
-9.06459
-12.2378
-16.5588
-21.9131
-28.0243
-34.452
-40.6379
-45.9948
-49.9749
-52.2437
-52.8377
-51.8629
-49.1012
-44.1843
-37.4859
-30.4344
-24.213
-19.0883
-14.892
-11.4231
-8.53539
-6.12284
-4.10477
-2.4216
-1.03269
0.0823169
0.931997
1.50023
1.71608
1.48099
0.315889
-2.9387
-9.41712
-18.8584
-29.5018
-39.4486
-47.2444
-51.8666
-52.7532
-49.8071
-43.5258
-35.2651
-26.7524
-19.3398
-13.5451
-9.26154
-6.17348
-3.98099
-2.45037
-1.40546
-0.712929
-0.271793
-0.00603097
0.140842
0.209809
0.229461
0.21835
0.18596
0.134074
0.0565822
-0.0610174
-0.242858
-0.532748
-1.03849
-2.05491
-4.30131
-8.90229
-16.4062
-25.6669
-33.9335
-37.9729
-36.2425
-29.1736
-19.7227
-11.1784
-5.36755
-2.22745
-0.796108
-0.218173
-0.0270456
0.0616903
-0.0391277
0.202395
)
;

boundaryField
{
    outlet
    {
        type            fixedValue;
        value           uniform 0;
    }
    inlet
    {
        type            zeroGradient;
    }
    lowerWall
    {
        type            zeroGradient;
    }
    upperWall
    {
        type            zeroGradient;
    }
    frontAndBack
    {
        type            empty;
    }
}


// ************************************************************************* //
