/*--------------------------------*- C++ -*----------------------------------*\
| =========                 |                                                 |
| \\      /  F ield         | OpenFOAM: The Open Source CFD Toolbox           |
|  \\    /   O peration     | Version:  2.1.1                                 |
|   \\  /    A nd           | Web:      www.OpenFOAM.org                      |
|    \\/     M anipulation  |                                                 |
\*---------------------------------------------------------------------------*/
FoamFile
{
    version     2.0;
    format      ascii;
    class       volScalarField;
    location    "0.125";
    object      p;
}
// * * * * * * * * * * * * * * * * * * * * * * * * * * * * * * * * * * * * * //

dimensions      [0 2 -2 0 0 0 0];

internalField   nonuniform List<scalar> 
6820
(
8.26761
-9.56766
-12.5751
-12.7606
-12.9307
-12.8533
-12.7911
-12.7963
-12.8344
-12.8902
-12.955
-13.0233
-13.0925
-13.1614
-13.229
-13.2947
-13.358
-13.4183
-13.4752
-13.528
-13.5761
-13.6189
-13.6556
-13.6854
-13.7074
-13.7207
-13.724
-13.7161
-13.6963
-13.6605
-13.6152
-13.5347
-13.4931
1.5864
-9.3865
-12.2639
-12.5624
-12.8124
-12.8311
-12.8054
-12.8218
-12.8618
-12.9146
-12.9755
-13.0402
-13.1065
-13.1731
-13.239
-13.3035
-13.366
-13.4258
-13.4824
-13.5351
-13.5833
-13.6262
-13.6633
-13.6935
-13.7161
-13.7301
-13.7344
-13.7276
-13.709
-13.6757
-13.6313
-13.5627
-13.522
-1.12836
-7.95624
-11.2434
-11.9998
-12.4655
-12.6591
-12.7122
-12.7615
-12.8209
-12.8862
-12.9558
-13.0272
-13.0987
-13.1691
-13.2378
-13.3044
-13.3683
-13.4292
-13.4866
-13.5401
-13.589
-13.6328
-13.6707
-13.7022
-13.7263
-13.7422
-13.749
-13.7457
-13.7315
-13.7045
-13.6669
-13.6103
-13.5531
-3.11394
-7.7292
-10.8219
-11.6796
-12.1491
-12.4218
-12.5451
-12.6386
-12.7293
-12.8154
-12.8982
-12.9788
-13.0571
-13.133
-13.2064
-13.2771
-13.3446
-13.4089
-13.4695
-13.526
-13.5779
-13.6249
-13.6663
-13.7017
-13.7303
-13.7517
-13.7652
-13.7703
-13.7669
-13.7546
-13.7356
-13.71
-13.6896
-4.74977
-7.83001
-10.4306
-11.3325
-11.8378
-12.1897
-12.3833
-12.5165
-12.6319
-12.7349
-12.8298
-12.9196
-13.0052
-13.0869
-13.1651
-13.2398
-13.3111
-13.3788
-13.4426
-13.5023
-13.5576
-13.6082
-13.6538
-13.6941
-13.7288
-13.7576
-13.7805
-13.7977
-13.81
-13.8186
-13.8273
-13.8409
-13.8734
-5.97281
-8.01136
-10.1802
-11.1228
-11.6472
-12.0264
-12.255
-12.4112
-12.543
-12.659
-12.7638
-12.8613
-12.9532
-13.0403
-13.1231
-13.2017
-13.2764
-13.3473
-13.4143
-13.4772
-13.5361
-13.5906
-13.6408
-13.6865
-13.7278
-13.7648
-13.7981
-13.8286
-13.8578
-13.8883
-13.9253
-13.9754
-14.0549
-6.92399
-8.29827
-10.0634
-10.9688
-11.4809
-11.8684
-12.1273
-12.3092
-12.4592
-12.589
-12.7041
-12.8092
-12.9071
-12.9991
-13.0859
-13.1682
-13.2463
-13.3204
-13.3905
-13.4567
-13.519
-13.5774
-13.632
-13.6829
-13.7305
-13.7751
-13.8177
-13.8596
-13.903
-13.951
-14.009
-14.0837
-14.1888
-7.67052
-8.60499
-10.0128
-10.8537
-11.3543
-11.7435
-12.0214
-12.2208
-12.3831
-12.5228
-12.6458
-12.7575
-12.8608
-12.9575
-13.0485
-13.1346
-13.2162
-13.2937
-13.3671
-13.4366
-13.5025
-13.5649
-13.6239
-13.68
-13.7336
-13.7856
-13.837
-13.8894
-13.9453
-14.008
-14.0826
-14.1751
-14.2959
-8.26337
-8.90926
-10.0236
-10.7844
-11.2627
-11.6404
-11.9248
-12.136
-12.3087
-12.4575
-12.5886
-12.7069
-12.8158
-12.9173
-13.0126
-13.1024
-13.1876
-13.2683
-13.3451
-13.4181
-13.4876
-13.5539
-13.6174
-13.6786
-13.7382
-13.797
-13.8564
-13.9182
-13.9847
-14.0591
-14.1459
-14.25
-14.3789
-8.7404
-9.19544
-10.0724
-10.7446
-11.194
-11.5561
-11.8416
-12.061
-12.2415
-12.3975
-12.5349
-12.6587
-12.7724
-12.8782
-12.9773
-13.0708
-13.1593
-13.2434
-13.3234
-13.3998
-13.473
-13.5432
-13.6111
-13.6771
-13.7422
-13.8074
-13.8739
-13.9436
-14.0188
-14.1023
-14.1978
-14.309
-14.4413
-9.12851
-9.45585
-10.1454
-10.7306
-11.1477
-11.4906
-11.7711
-11.9937
-12.1789
-12.34
-12.4827
-12.6115
-12.7298
-12.8398
-12.9428
-13.0398
-13.1318
-13.2193
-13.3027
-13.3825
-13.4592
-13.5333
-13.6054
-13.6761
-13.7463
-13.8171
-13.8899
-13.9663
-14.0484
-14.1385
-14.2397
-14.3547
-14.487
-9.44734
-9.68815
-10.2316
-10.7354
-11.1178
-11.4395
-11.7111
-11.9336
-12.1218
-12.2867
-12.4337
-12.5668
-12.6891
-12.8029
-12.9094
-13.0099
-13.1051
-13.1958
-13.2824
-13.3656
-13.4458
-13.5235
-13.5995
-13.6745
-13.7493
-13.8251
-13.903
-13.9848
-14.072
-14.1668
-14.2712
-14.3874
-14.5174
-9.71125
-9.8924
-10.323
-10.7537
-11.1012
-11.401
-11.6614
-11.8811
-12.07
-12.2372
-12.3873
-12.5238
-12.6497
-12.7669
-12.8768
-12.9806
-13.079
-13.1729
-13.2627
-13.3491
-13.4326
-13.5139
-13.5936
-13.6724
-13.7514
-13.8314
-13.9136
-13.9995
-14.0905
-14.1881
-14.2941
-14.4096
-14.5361
-9.93078
-10.0701
-10.414
-10.781
-11.0945
-11.3725
-11.6202
-11.835
-12.023
-12.1912
-12.3436
-12.483
-12.612
-12.7324
-12.8455
-12.9523
-13.0539
-13.1507
-13.2436
-13.3331
-13.4197
-13.5042
-13.5872
-13.6695
-13.7519
-13.8354
-13.921
-14.0099
-14.1033
-14.2024
-14.3083
-14.4219
-14.544
-10.1138
-10.2231
-10.5005
-10.8133
-11.0949
-11.3518
-11.5863
-11.7948
-11.9807
-12.149
-12.3027
-12.4444
-12.576
-12.6991
-12.8151
-12.9249
-13.0293
-13.1291
-13.2249
-13.3172
-13.4068
-13.4943
-13.5803
-13.6656
-13.7509
-13.8372
-13.9254
-14.0164
-14.1111
-14.2106
-14.3155
-14.4263
-14.5435
-10.2661
-10.3536
-10.58
-10.8474
-11.0998
-11.3369
-11.5581
-11.7596
-11.9424
-12.1099
-12.2645
-12.4078
-12.5416
-12.6673
-12.786
-12.8985
-13.0057
-13.1082
-13.2067
-13.3018
-13.394
-13.4841
-13.5728
-13.6606
-13.7483
-13.8367
-13.9266
-14.0188
-14.114
-14.2129
-14.316
-14.4235
-14.5356
-10.3921
-10.4636
-10.6508
-10.8807
-11.1071
-11.3258
-11.5345
-11.7285
-11.9077
-12.074
-12.2287
-12.3734
-12.5091
-12.637
-12.7581
-12.8732
-12.9829
-13.088
-13.189
-13.2866
-13.3813
-13.4737
-13.5646
-13.6545
-13.7441
-13.834
-13.925
-14.0177
-14.1126
-14.2103
-14.3111
-14.4149
-14.5219
-10.4952
-10.5546
-10.7118
-10.911
-11.1148
-11.317
-11.5138
-11.7006
-11.8759
-12.0405
-12.1952
-12.3408
-12.4782
-12.6081
-12.7315
-12.8489
-12.961
-13.0685
-13.1718
-13.2716
-13.3685
-13.4629
-13.5556
-13.6472
-13.7381
-13.829
-13.9205
-14.013
-14.1071
-14.203
-14.301
-14.401
-14.503
-10.5778
-10.6281
-10.7622
-10.9366
-11.1211
-11.3088
-11.495
-11.6749
-11.8464
-12.0093
-12.1638
-12.3101
-12.4489
-12.5808
-12.7062
-12.8259
-12.9402
-13.0499
-13.1554
-13.2572
-13.3559
-13.4521
-13.5463
-13.6391
-13.7309
-13.8223
-13.9138
-14.0057
-14.0985
-14.1923
-14.2873
-14.3834
-14.4804
-10.6417
-10.6851
-10.8015
-10.9562
-11.1246
-11.2998
-11.4768
-11.6506
-11.8185
-11.9798
-12.134
-12.281
-12.4212
-12.5548
-12.6822
-12.8039
-12.9203
-13.032
-13.1394
-13.243
-13.3433
-13.4409
-13.5362
-13.6298
-13.7221
-13.8135
-13.9045
-13.9954
-14.0864
-14.1778
-14.2696
-14.3617
-14.454
-10.6881
-10.7264
-10.8293
-10.9686
-11.1239
-11.2887
-11.4579
-11.6266
-11.7915
-11.9515
-12.1056
-12.2535
-12.3951
-12.5304
-12.6597
-12.7835
-12.9019
-13.0155
-13.1246
-13.2298
-13.3316
-13.4303
-13.5264
-13.6205
-13.7129
-13.804
-13.8941
-13.9837
-14.0727
-14.1615
-14.25
-14.3381
-14.4258
-10.7179
-10.7523
-10.8452
-10.9727
-11.1177
-11.2744
-11.4375
-11.602
-11.7647
-11.9239
-12.0782
-12.2271
-12.3701
-12.5071
-12.6384
-12.764
-12.8843
-12.9996
-13.1103
-13.2168
-13.3196
-13.4191
-13.5157
-13.6099
-13.702
-13.7924
-13.8814
-13.9692
-14.056
-14.1419
-14.227
-14.3112
-14.3945
-10.7313
-10.763
-10.8487
-10.9676
-11.1051
-11.2556
-11.4143
-11.5761
-11.7376
-11.8967
-12.0518
-12.2021
-12.3469
-12.4859
-12.6192
-12.7468
-12.869
-12.986
-13.0982
-13.206
-13.3097
-13.4099
-13.5068
-13.6008
-13.6924
-13.7818
-13.8694
-13.9552
-14.0396
-14.1226
-14.2043
-14.2846
-14.3635
-10.7285
-10.7583
-10.8391
-10.9523
-11.0847
-11.2314
-11.3875
-11.5479
-11.7092
-11.8689
-12.0254
-12.1774
-12.3241
-12.4653
-12.6006
-12.7302
-12.8541
-12.9726
-13.0861
-13.1948
-13.2992
-13.3996
-13.4964
-13.59
-13.6807
-13.7688
-13.8546
-13.9383
-14.0201
-14.1
-14.1782
-14.2546
-14.3293
-10.7089
-10.7377
-10.8158
-10.9258
-11.0557
-11.2008
-11.3563
-11.5172
-11.6798
-11.8414
-12.0002
-12.1548
-12.3043
-12.448
-12.5858
-12.7176
-12.8435
-12.9637
-13.0785
-13.1881
-13.2931
-13.3937
-13.4902
-13.5832
-13.6729
-13.7595
-13.8434
-13.9248
-14.0038
-14.0806
-14.1552
-14.2277
-14.2982
-10.6718
-10.7003
-10.7776
-10.8869
-11.0167
-11.1624
-11.3192
-11.4821
-11.6471
-11.8116
-11.9734
-12.131
-12.2833
-12.4299
-12.5702
-12.7042
-12.8319
-12.9535
-13.0694
-13.1797
-13.2849
-13.3854
-13.4814
-13.5734
-13.6617
-13.7466
-13.8283
-13.9071
-13.9832
-14.0567
-14.1277
-14.1964
-14.2627
-10.6159
-10.6448
-10.7233
-10.8346
-10.967
-11.1162
-11.2771
-11.4444
-11.6141
-11.7834
-11.9499
-12.1119
-12.2684
-12.4185
-12.562
-12.6987
-12.8287
-12.952
-13.069
-13.1801
-13.2855
-13.3857
-13.4811
-13.572
-13.6588
-13.7417
-13.8211
-13.8972
-13.9702
-14.0403
-14.1077
-14.1723
-14.2344
-10.5392
-10.5693
-10.651
-10.7667
-10.9041
-11.0588
-11.2255
-11.3987
-11.5743
-11.7492
-11.921
-12.0879
-12.2488
-12.4028
-12.5496
-12.689
-12.8211
-12.9461
-13.0642
-13.1757
-13.2812
-13.3809
-13.4753
-13.5648
-13.6498
-13.7305
-13.8073
-13.8805
-13.9503
-14.0169
-14.0804
-14.1412
-14.1992
-10.4394
-10.4717
-10.5593
-10.6831
-10.8297
-10.9943
-11.1711
-11.3542
-11.5392
-11.7227
-11.9022
-12.0759
-12.2426
-12.4016
-12.5525
-12.6952
-12.8297
-12.9564
-13.0755
-13.1875
-13.2928
-13.3919
-13.4852
-13.573
-13.6559
-13.7342
-13.8082
-13.8782
-13.9446
-14.0074
-14.067
-14.1235
-14.177
-10.3129
-10.348
-10.4436
-10.5777
-10.7352
-10.9109
-11.0989
-11.2929
-11.4881
-11.6811
-11.8693
-12.0506
-12.224
-12.3886
-12.5441
-12.6904
-12.8277
-12.9563
-13.0766
-13.189
-13.2941
-13.3923
-13.4842
-13.5702
-13.6508
-13.7264
-13.7974
-13.8641
-13.9268
-13.9859
-14.0415
-14.0939
-14.1434
-10.1554
-10.1959
-10.3053
-10.4574
-10.6342
-10.8294
-11.036
-11.2469
-11.4571
-11.6632
-11.8624
-12.0531
-12.2341
-12.4049
-12.5652
-12.7152
-12.8551
-12.9853
-13.1063
-13.2188
-13.3232
-13.4201
-13.5102
-13.5939
-13.6718
-13.7443
-13.8118
-13.8747
-13.9334
-13.9881
-14.0392
-14.0868
-14.1312
-9.95959
-10.0048
-10.1283
-10.2977
-10.4923
-10.7062
-10.9319
-11.1614
-11.3889
-11.6106
-11.8238
-12.0264
-12.2175
-12.3965
-12.5633
-12.7181
-12.8615
-12.9939
-13.1161
-13.2288
-13.3326
-13.4282
-13.5164
-13.5977
-13.6727
-13.7419
-13.8058
-13.8649
-13.9195
-13.97
-14.0168
-14.0602
-14.1005
-9.72024
-9.78013
-9.93635
-10.1439
-10.3744
-10.6207
-10.8749
-11.1285
-11.3761
-11.6146
-11.8416
-12.0554
-12.2555
-12.4414
-12.6135
-12.7721
-12.9179
-13.0516
-13.174
-13.2859
-13.3882
-13.4817
-13.567
-13.645
-13.7162
-13.7812
-13.8406
-13.8948
-13.9443
-13.9895
-14.0308
-14.0684
-14.1027
-9.41515
-9.47749
-9.65375
-9.88804
-10.1492
-10.4307
-10.721
-11.0083
-11.2862
-11.5511
-11.8003
-12.0322
-12.2466
-12.4437
-12.6239
-12.7883
-12.9378
-13.0735
-13.1966
-13.3081
-13.409
-13.5004
-13.583
-13.6578
-13.7254
-13.7865
-13.8417
-13.8915
-13.9364
-13.9769
-14.0135
-14.0465
-14.0765
-9.05465
-9.17227
-9.43405
-9.73954
-10.0518
-10.374
-10.6972
-11.011
-11.3109
-11.5943
-11.859
-12.1038
-12.3285
-12.5336
-12.7197
-12.8879
-13.0395
-13.1756
-13.2977
-13.407
-13.5047
-13.592
-13.6699
-13.7394
-13.8012
-13.8562
-13.9049
-13.948
-13.986
-14.0194
-14.0487
-14.0742
-14.0965
-8.52607
-8.61751
-8.91693
-9.2902
-9.6834
-10.0892
-10.487
-10.8632
-11.214
-11.5375
-11.8328
-12.1003
-12.3415
-12.558
-12.7517
-12.9247
-13.0787
-13.2156
-13.3372
-13.4449
-13.5404
-13.6247
-13.6993
-13.765
-13.8228
-13.8734
-13.9175
-13.9557
-13.9886
-14.0166
-14.0402
-14.0602
-14.0773
-8.03145
-8.3542
-8.82309
-9.24359
-9.65603
-10.0877
-10.5103
-10.9104
-11.2865
-11.6349
-11.9526
-12.2392
-12.4956
-12.7231
-12.9239
-13.1003
-13.2546
-13.3892
-13.5062
-13.6079
-13.696
-13.7721
-13.8378
-13.8943
-13.9426
-13.9837
-14.0182
-14.0467
-14.0696
-14.0873
-14.1
-14.1085
-14.1129
-6.72902
-7.05116
-7.82529
-8.52665
-9.16549
-9.77497
-10.3231
-10.8097
-11.2451
-11.6331
-11.9773
-12.2818
-12.5506
-12.7869
-12.9939
-13.1745
-13.3315
-13.4673
-13.5843
-13.6848
-13.7707
-13.8438
-13.9057
-13.9579
-14.0013
-14.0371
-14.0659
-14.0882
-14.1041
-14.1137
-14.1161
-14.1127
-14.0985
-6.71683
-7.46216
-8.06763
-8.53615
-9.13829
-9.7746
-10.3685
-10.9227
-11.4309
-11.8827
-12.277
-12.6175
-12.9083
-13.1543
-13.3607
-13.5328
-13.6755
-13.793
-13.8893
-13.9678
-14.0314
-14.0824
-14.1231
-14.1551
-14.1799
-14.1986
-14.2119
-14.2204
-14.2238
-14.2213
-14.21
-14.1868
-14.1381
-0.465157
-5.07339
-6.85825
-7.71025
-8.71438
-9.59313
-10.2971
-10.9093
-11.446
-11.9077
-12.3034
-12.6413
-12.9278
-13.1691
-13.3712
-13.5394
-13.6786
-13.7932
-13.887
-13.9632
-14.0248
-14.0741
-14.1132
-14.1438
-14.1675
-14.1854
-14.1985
-14.2076
-14.2138
-14.2163
-14.2182
-14.214
-14.2155
-13.1649
-13.4421
-14.5002
-15.88
-17.4189
-18.7898
-19.7186
-20.1651
-20.2428
-19.8838
-18.8127
-16.8851
-14.4993
-12.392
-11.3918
-11.9141
-13.9115
-17.1502
-21.2498
-25.7239
-30.1114
-33.9778
-36.8832
-38.4395
-38.4
-36.763
-33.7693
-29.8093
-25.2615
-20.3501
-15.185
-10.0373
-5.46227
-1.91187
0.54254
2.04323
2.70291
2.54412
1.44698
-0.845411
-4.59778
-9.88273
-16.4422
-23.724
-31.0413
-37.6863
-42.9969
-46.4017
-47.5267
-46.1768
-42.493
-36.9404
-30.2649
-23.3977
-17.1929
-12.1182
-8.21873
-5.32251
-3.22041
-1.73074
-0.705045
-0.0238283
0.407639
0.663061
0.797817
0.850884
0.847621
0.802503
0.719953
0.59643
0.419941
0.159126
-0.276922
-1.20458
-3.33401
-7.60337
-14.576
-23.699
-32.9199
-39.3569
-40.7841
-36.49
-27.6931
-17.7827
-9.98445
-5.24768
-2.71809
-1.36032
-0.590555
-0.152348
0.0821775
0.197031
0.245869
0.259284
0.247983
0.223931
0.181278
0.143661
0.0760481
0.0499477
-13.3234
-13.5301
-14.4842
-15.8177
-17.3122
-18.663
-19.6155
-20.1212
-20.248
-19.9135
-18.8706
-17.0437
-14.8452
-12.9619
-12.0746
-12.5466
-14.4079
-17.3976
-21.1149
-25.1498
-29.0819
-32.4983
-35.0344
-36.3785
-36.3245
-34.8733
-32.2012
-28.5883
-24.3224
-19.6248
-14.6905
-9.86516
-5.63707
-2.34028
-0.0209666
1.42161
2.06409
1.91395
0.870353
-1.27515
-4.75424
-9.64515
-15.7324
-22.5189
-29.3621
-35.5878
-40.5659
-43.7541
-44.8133
-43.554
-40.1132
-34.9398
-28.7567
-22.4353
-16.7221
-12.002
-8.3149
-5.52861
-3.47435
-1.99676
-0.962978
-0.263029
0.191826
0.471499
0.629096
0.702442
0.716476
0.685684
0.6149
0.500103
0.32918
0.0722917
-0.349477
-1.21663
-3.18697
-7.14827
-13.6463
-22.1674
-30.7876
-36.8059
-38.1482
-34.1433
-25.9566
-16.7866
-9.59773
-5.19801
-2.79161
-1.45883
-0.684713
-0.235675
0.0120237
0.141257
0.204032
0.229563
0.227887
0.211111
0.173548
0.139484
0.0742764
0.0493515
-13.4642
-13.776
-14.6848
-15.9177
-17.2819
-18.5373
-19.457
-19.9662
-20.0815
-19.7232
-18.7107
-17.0529
-15.1511
-13.6003
-12.939
-13.4312
-15.0635
-17.6802
-20.9967
-24.6286
-28.163
-31.2198
-33.467
-34.6307
-34.5444
-33.204
-30.7371
-27.3565
-23.3083
-18.8319
-14.1894
-9.73654
-5.86199
-2.80921
-0.62168
0.759939
1.38166
1.24078
0.249833
-1.75587
-4.96801
-9.46203
-15.0627
-21.3334
-27.6823
-33.473
-38.1089
-41.0779
-42.0692
-40.9001
-37.7091
-32.9348
-27.2691
-21.503
-16.2706
-11.8904
-8.40816
-5.73132
-3.7272
-2.26426
-1.22444
-0.507169
-0.0298017
0.273676
0.454
0.547762
0.579378
0.563211
0.50449
0.398971
0.234407
-0.0180669
-0.427869
-1.23933
-3.05097
-6.69197
-12.6891
-20.5761
-28.5689
-34.1554
-35.4123
-31.7117
-24.1708
-15.7774
-9.21282
-5.14884
-2.86255
-1.55448
-0.777197
-0.318447
-0.0581431
0.0853321
0.16209
0.199805
0.207786
0.198302
0.165808
0.135307
0.0723998
0.0488152
-13.7093
-14.0501
-14.843
-15.931
-17.1388
-18.2625
-19.0919
-19.5508
-19.6253
-19.2541
-18.3433
-16.9632
-15.4581
-14.2884
-13.8468
-14.3339
-15.7571
-18.002
-20.8594
-24.0323
-27.1688
-29.8983
-31.893
-32.9087
-32.792
-31.522
-29.1993
-26.0108
-22.1934
-18.0064
-13.7294
-9.67284
-6.13483
-3.30847
-1.24895
0.0682896
0.665882
0.53494
-0.402041
-2.27396
-5.22922
-9.33239
-14.442
-20.1833
-26.0226
-31.3667
-35.6541
-38.4018
-39.3225
-38.2467
-35.3193
-30.9687
-25.8382
-20.6197
-15.8435
-11.7825
-8.4967
-5.92905
-3.97773
-2.53228
-1.48868
-0.75574
-0.256948
0.0697254
0.272559
0.386814
0.436311
0.435194
0.38897
0.293306
0.135756
-0.111646
-0.510355
-1.26907
-2.92236
-6.23405
-11.7101
-18.9392
-26.2887
-31.4391
-32.6152
-29.2374
-22.3747
-14.7817
-8.84183
-5.10337
-2.93126
-1.64735
-0.868271
-0.40091
-0.128397
0.0293475
0.120223
0.170222
0.187915
0.185753
0.158309
0.131378
0.0706236
0.0485045
-13.9705
-14.3166
-14.9958
-15.9101
-16.913
-17.8453
-18.5243
-18.9008
-18.9425
-18.6148
-17.8839
-16.831
-15.7158
-14.8794
-14.6203
-15.1074
-16.359
-18.2787
-20.7005
-23.392
-26.0723
-28.4228
-30.1471
-31.0122
-30.8647
-29.6705
-27.5126
-24.5627
-21.0493
-17.2257
-13.3476
-9.67285
-6.44332
-3.82826
-1.8956
-0.646194
-0.0753357
-0.196086
-1.07629
-2.81843
-5.53072
-9.25925
-13.8863
-19.0945
-24.4135
-29.3007
-33.2331
-35.7566
-36.6052
-35.6323
-32.9891
-29.0824
-24.4876
-19.792
-15.4405
-11.678
-8.58094
-6.12219
-4.2259
-2.80058
-1.75551
-1.00865
-0.489643
-0.140469
0.0846004
0.2194
0.287053
0.301387
0.268097
0.182935
0.0332724
-0.208052
-0.595975
-1.30505
-2.80285
-5.78274
-10.7271
-17.2853
-23.9833
-28.6958
-29.7962
-26.7592
-20.6006
-13.82
-8.49366
-5.0656
-3.00076
-1.74011
-0.959853
-0.484097
-0.199116
-0.0267459
0.0784856
0.140877
0.168296
0.173436
0.150971
0.127588
0.0688006
0.0483188
-14.2024
-14.5355
-15.1035
-15.8432
-16.6423
-17.3787
-17.9642
-18.2912
-18.341
-18.0948
-17.544
-16.7613
-15.9443
-15.3544
-15.2251
-15.6959
-16.7934
-18.4448
-20.5042
-22.7738
-25.018
-26.9778
-28.4075
-29.0941
-28.9014
-27.7908
-25.828
-23.1621
-19.9957
-16.5523
-13.0556
-9.72734
-6.77721
-4.36056
-2.55335
-1.37392
-0.830963
-0.941507
-1.76343
-3.37909
-5.86401
-9.24204
-13.4084
-18.0934
-22.89
-27.3136
-30.8849
-33.1837
-33.9658
-33.1125
-30.773
-27.3159
-23.2354
-19.0233
-15.0607
-11.5762
-8.66063
-6.31035
-4.47121
-3.06867
-2.02455
-1.26567
-0.727754
-0.356859
-0.109877
0.0454939
0.131595
0.161848
0.141992
0.0679729
-0.0728976
-0.307016
-0.684248
-1.34817
-2.69796
-5.35149
-9.76315
-15.646
-21.6902
-25.9668
-27.0008
-24.3236
-18.8871
-12.9143
-8.17684
-5.03841
-3.07276
-1.83423
-1.053
-0.568527
-0.270414
-0.0828496
0.0370663
0.111992
0.149167
0.161599
0.144033
0.124171
0.0671203
0.048431
-14.3588
-14.6738
-15.1605
-15.7764
-16.4388
-17.057
-17.5472
-17.8318
-17.8874
-17.7037
-17.2882
-16.7094
-16.1209
-15.7226
-15.6957
-16.1538
-17.121
-18.5399
-20.2913
-22.2072
-24.085
-25.7084
-26.8671
-27.3824
-27.1404
-26.1062
-24.3305
-21.9361
-19.0939
-15.9961
-12.8395
-9.82084
-7.12616
-4.89763
-3.21405
-2.1057
-1.5912
-1.69129
-2.45431
-3.9462
-6.21815
-9.27339
-13.012
-17.2005
-21.4885
-25.4524
-28.6634
-30.7428
-31.4708
-30.7519
-28.7209
-25.6945
-22.0863
-18.3105
-14.7018
-11.4768
-8.7361
-6.49373
-4.71361
-3.33639
-2.29562
-1.52668
-0.971242
-0.579458
-0.310925
-0.134971
-0.0301387
0.0165135
0.0106588
-0.0515112
-0.182577
-0.408185
-0.774231
-1.39776
-2.61064
-4.95124
-8.8399
-14.0531
-19.4493
-23.2981
-24.2788
-21.9789
-17.2703
-12.0829
-7.89723
-5.02405
-3.14934
-1.93173
-1.14916
-0.654951
-0.342529
-0.138935
-0.00391598
0.0836894
0.130613
0.150279
0.137475
0.12107
0.0654677
0.0487625
-14.4771
-14.7757
-15.1998
-15.7186
-16.2687
-16.7805
-17.1891
-17.4386
-17.5049
-17.3824
-17.0858
-16.6741
-16.2668
-16.0175
-16.0673
-16.5071
-17.3592
-18.5786
-20.0664
-21.6808
-23.2501
-24.5903
-25.5216
-25.8942
-25.6124
-24.646
-23.0346
-20.8788
-18.3222
-15.5306
-12.6783
-9.94064
-7.48236
-5.43241
-3.86958
-2.83235
-2.34645
-2.4357
-3.1402
-4.51157
-6.5831
-9.34263
-12.6919
-16.4243
-20.2364
-23.762
-26.6271
-28.5009
-29.1863
-28.6027
-26.8615
-24.2242
-21.0352
-17.6483
-14.3619
-11.38
-8.80783
-6.67251
-4.95301
-3.60357
-2.56858
-1.79155
-1.22002
-0.808218
-0.518516
-0.32197
-0.1981
-0.134513
-0.125726
-0.175303
-0.295499
-0.511163
-0.864971
-1.45241
-2.54205
-4.59085
-7.9783
-12.5403
-17.3038
-20.7398
-21.6839
-19.7747
-15.7841
-11.3399
-7.65831
-5.0238
-3.23202
-2.03408
-1.24927
-0.743738
-0.415466
-0.194843
-0.0442405
0.0562082
0.112879
0.13972
0.131524
0.118503
0.0640091
0.0494841
-14.5623
-14.8412
-15.212
-15.6517
-16.1135
-16.5452
-16.8953
-17.1199
-17.1977
-17.1264
-16.9236
-16.6413
-16.3735
-16.2384
-16.3449
-16.7644
-17.5153
-18.5618
-19.8218
-21.1762
-22.4795
-23.5766
-24.3168
-24.5734
-24.2643
-23.3618
-21.8967
-19.9522
-17.6498
-15.1337
-12.5579
-10.078
-7.83925
-5.95845
-4.51282
-3.54617
-3.08899
-3.16707
-3.81371
-5.06843
-6.95086
-9.43869
-12.4362
-15.7584
-19.1402
-22.2658
-24.8134
-26.499
-27.1457
-26.6816
-25.1931
-22.8934
-20.071
-17.0311
-14.0397
-11.2863
-8.87652
-6.84708
-5.18957
-3.87021
-2.84337
-2.06023
-1.47404
-1.04311
-0.732635
-0.51548
-0.372248
-0.291156
-0.266994
-0.303138
-0.411336
-0.615519
-0.955604
-1.51044
-2.49206
-4.27707
-7.19773
-11.141
-15.2985
-18.3445
-19.2712
-17.7576
-14.4553
-10.693
-7.46062
-5.03816
-3.32216
-2.14262
-1.35412
-0.835175
-0.489214
-0.250426
-0.0837122
0.0297398
0.0961244
0.130032
0.126228
0.116471
0.0626684
0.0505466
-14.6221
-14.8817
-15.209
-15.5862
-15.9782
-16.3446
-16.6456
-16.8483
-16.936
-16.9087
-16.7841
-16.6062
-16.4482
-16.4005
-16.5471
-16.9435
-17.6043
-18.5005
-19.5637
-20.6942
-21.7699
-22.6601
-23.2379
-23.3965
-23.0657
-22.2209
-20.8865
-19.1313
-17.0585
-14.7929
-12.4699
-10.2266
-8.19157
-6.47053
-5.13798
-4.24069
-3.81203
-3.87879
-4.46855
-5.61104
-7.31517
-9.55226
-12.2311
-15.1859
-18.1847
-20.9544
-23.2181
-24.7321
-25.3374
-24.9694
-23.6933
-21.6834
-19.183
-16.4553
-13.7353
-11.1966
-8.94295
-7.01793
-5.42353
-4.1364
-3.11997
-2.33268
-1.73328
-1.28412
-0.953243
-0.715434
-0.552469
-0.453238
-0.412875
-0.434646
-0.529667
-0.720754
-1.04532
-1.56984
-2.4588
-4.01299
-6.51299
-9.88549
-13.4769
-16.1648
-17.0926
-15.966
-13.3
-10.1431
-7.30222
-5.0671
-3.42083
-2.25824
-1.46408
-0.92924
-0.563581
-0.305433
-0.122056
0.00456318
0.080619
0.121471
0.121811
0.115181
0.061588
0.052111
-14.662
-14.9025
-15.1931
-15.5193
-15.855
-16.1696
-16.433
-16.62
-16.7176
-16.7269
-16.6645
-16.567
-16.4918
-16.5084
-16.6809
-17.052
-17.6324
-18.3978
-19.2914
-20.2298
-21.1109
-21.8245
-22.2642
-22.3408
-21.9946
-21.2038
-19.9875
-18.4031
-16.538
-14.5
-12.4075
-10.3813
-8.53504
-6.9644
-5.74028
-4.91053
-4.50984
-4.56527
-5.0995
-6.13451
-7.67105
-9.67636
-12.0648
-14.6889
-17.3457
-19.7988
-21.808
-23.1642
-23.7252
-23.4329
-22.3364
-20.5786
-18.3641
-15.9189
-13.4488
-11.1118
-9.008
-7.18571
-5.65527
-4.40234
-3.39851
-2.60896
-1.99775
-1.53123
-1.18031
-0.921762
-0.738635
-0.620562
-0.563072
-0.569388
-0.649974
-0.826297
-1.13337
-1.62853
-2.43877
-3.79722
-5.93172
-8.796
-11.8757
-14.2454
-15.1886
-14.4231
-12.3207
-9.6842
-7.17949
-5.11042
-3.52896
-2.38155
-1.57925
-1.02579
-0.638334
-0.359606
-0.158997
-0.0190507
0.0666015
0.114225
0.118387
0.114693
0.0607324
0.0541592
-14.6852
-14.9078
-15.1673
-15.4525
-15.7433
-16.0168
-16.2499
-16.4239
-16.5292
-16.5678
-16.5545
-16.5193
-16.5071
-16.5706
-16.7585
-17.1029
-17.6112
-18.2627
-19.0102
-19.7838
-20.4984
-21.0618
-21.3853
-21.394
-21.0376
-20.297
-19.1876
-17.7569
-16.0794
-14.2477
-12.3652
-10.5379
-8.86625
-7.43666
-6.31578
-5.55112
-5.17754
-5.22161
-5.70212
-6.63473
-8.01433
-9.8057
-11.9293
-14.254
-16.6028
-18.7715
-20.5506
-21.7619
-22.2785
-22.0475
-21.1055
-19.5692
-17.6101
-15.4206
-13.1806
-11.0328
-9.07261
-7.35117
-5.88533
-4.66838
-3.67919
-2.88921
-2.26756
-1.78448
-1.41383
-1.13437
-0.930562
-0.792852
-0.717204
-0.706843
-0.771629
-0.931491
-1.219
-1.68462
-2.42741
-3.624
-5.45243
-7.88228
-10.5176
-12.6141
-13.579
-13.1309
-11.5058
-9.30531
-7.08824
-5.1682
-3.64744
-2.51293
-1.69955
-1.12455
-0.713165
-0.412604
-0.194193
-0.0407574
0.0543946
0.108582
0.116195
0.115211
0.0602252
0.0568377
-14.6957
-14.9017
-15.1349
-15.3864
-15.641
-15.8814
-16.0904
-16.2541
-16.3656
-16.4273
-16.452
-16.4637
-16.4974
-16.593
-16.7871
-17.1036
-17.5469
-18.0991
-18.7206
-19.3534
-19.9264
-20.363
-20.5892
-20.5425
-20.1806
-19.4872
-18.4746
-17.1827
-15.6745
-14.0298
-12.3384
-10.693
-9.18246
-7.88457
-6.86133
-6.15882
-5.81118
-5.84388
-6.27283
-7.1084
-8.34152
-9.93596
-11.8182
-13.8719
-15.9432
-17.8553
-19.4272
-20.506
-20.9789
-20.798
-19.9896
-18.6484
-16.9171
-14.9591
-12.9308
-10.9605
-9.13779
-7.51518
-6.11437
-4.935
-3.96238
-3.17369
-2.54286
-2.04398
-1.65378
-1.35316
-1.12804
-0.969778
-0.874827
-0.846424
-0.893896
-1.03557
-1.30144
-1.73648
-2.4198
-3.48407
-5.06403
-7.13742
-9.4028
-11.272
-12.2558
-12.0686
-10.8326
-8.99326
-7.025
-5.24108
-3.77726
-2.65276
-1.82494
-1.22534
-0.787802
-0.464076
-0.227278
-0.0601893
0.0443271
0.104808
0.115416
0.116851
0.0600697
0.0601572
-14.6953
-14.886
-15.0969
-15.3206
-15.5459
-15.7598
-15.9493
-16.1044
-16.2202
-16.2992
-16.3522
-16.3985
-16.4647
-16.5812
-16.7749
-17.0632
-17.448
-17.9137
-18.427
-18.9396
-19.3926
-19.7223
-19.8672
-19.7757
-19.4124
-18.7634
-17.8388
-16.6721
-15.3168
-13.8412
-12.3232
-10.8439
-9.48156
-8.30604
-7.37449
-6.73078
-6.4077
-6.42912
-6.80886
-7.55297
-8.64983
-10.0634
-11.7262
-13.5353
-15.3569
-17.0383
-18.4241
-19.3816
-19.8122
-19.6719
-18.979
-17.8094
-16.2813
-14.5329
-12.6996
-10.8956
-9.20466
-7.67879
-6.34325
-5.2029
-4.2486
-3.4628
-2.82396
-2.30987
-1.9002
-1.57802
-1.33082
-1.15094
-1.0354
-0.987456
-1.01595
-1.13766
-1.37984
-1.78279
-2.41138
-3.36632
-4.7478
-6.53769
-8.50595
-10.1896
-11.1821
-11.1976
-10.2732
-8.73591
-6.988
-5.33052
-3.91972
-2.80167
-1.95561
-1.32807
-0.862015
-0.513653
-0.257817
-0.0769067
0.0367991
0.103244
0.116316
0.119828
0.06038
0.0642506
-14.6867
-14.8634
-15.0552
-15.256
-15.4574
-15.6496
-15.8231
-15.9705
-16.0888
-16.1802
-16.2537
-16.3243
-16.4124
-16.5405
-16.7285
-16.9884
-17.3203
-17.7104
-18.1308
-18.5412
-18.8928
-19.133
-19.2111
-19.0842
-18.723
-18.1159
-17.2715
-16.2178
-15.0001
-13.6772
-12.3164
-10.9883
-9.76192
-8.69957
-7.85355
-7.26499
-6.96487
-6.97525
-7.30826
-7.96655
-8.93708
-10.1849
-11.6485
-13.2371
-14.8344
-16.3088
-17.5273
-18.3743
-18.7644
-18.657
-18.0639
-17.0455
-15.699
-14.1407
-12.4871
-10.8393
-9.27442
-7.84317
-6.57302
-5.47293
-4.53858
-3.75712
-3.11127
-2.58242
-2.15317
-1.80885
-1.5386
-1.33586
-1.19829
-1.12918
-1.13689
-1.23675
-1.45326
-1.82238
-2.39848
-3.25994
-4.48147
-6.04773
-7.78101
-9.31384
-10.3023
-10.4721
-9.8011
-8.52484
-6.9776
-5.43877
-4.07666
-2.9608
-2.09214
-1.43287
-0.935604
-0.560955
-0.285326
-0.0904208
0.0322431
0.10424
0.119142
0.124307
0.0611943
0.0691555
-14.6708
-14.835
-15.0103
-15.1919
-15.3735
-15.5478
-15.7078
-15.8484
-15.9673
-16.0669
-16.1542
-16.2409
-16.3424
-16.4752
-16.6537
-16.8857
-17.17
-17.4943
-17.835
-18.1588
-18.4252
-18.591
-18.6143
-18.4599
-18.1037
-17.5363
-16.7648
-15.813
-14.7194
-13.5342
-12.3154
-11.1247
-10.0224
-9.06417
-8.29738
-7.76011
-7.48121
-7.48085
-7.76965
-8.34782
-9.20167
-10.298
-11.5811
-12.9711
-14.3673
-15.6563
-16.7243
-17.4713
-17.8229
-17.7423
-17.2357
-16.3507
-15.1668
-13.7812
-12.2935
-10.7925
-9.34839
-8.00967
-6.80493
-5.74623
-4.83327
-4.05742
-3.40535
-2.86198
-2.41283
-2.04554
-1.75107
-1.524
-1.36277
-1.27071
-1.25573
-1.33179
-1.52071
-1.85427
-2.37856
-3.15628
-4.24438
-5.63024
-7.17446
-8.58099
-9.55879
-9.85161
-9.39782
-8.35645
-6.99604
-5.56899
-4.25069
-3.13197
-2.23552
-1.54009
-1.00834
-0.605537
-0.309237
-0.100164
0.0311614
0.108208
0.124208
0.130527
0.0626268
0.0749979
-14.6496
-14.8025
-14.9634
-15.1288
-15.2939
-15.4532
-15.6016
-15.7355
-15.8535
-15.9575
-16.0532
-16.1495
-16.2577
-16.3899
-16.5559
-16.7607
-17.0021
-17.2691
-17.5416
-17.7921
-17.9873
-18.0915
-18.0705
-17.8956
-17.5469
-17.017
-16.3121
-15.4521
-14.47
-13.4086
-12.3181
-11.2516
-10.2623
-9.39932
-8.70543
-8.21545
-7.95594
-7.94516
-8.19225
-8.69601
-9.44246
-10.4007
-11.5205
-12.732
-13.948
-15.0712
-16.0043
-16.661
-16.9766
-16.9176
-16.4862
-15.7193
-14.6814
-13.4531
-12.1189
-10.7562
-9.42797
-8.17982
-7.04048
-6.02418
-5.1339
-4.36472
-3.70702
-3.14907
-2.67939
-2.28803
-1.96788
-1.71476
-1.52802
-1.41108
-1.3714
-1.42164
-1.58112
-1.87758
-2.35013
-3.04984
-4.02145
-5.25549
-6.64153
-7.94168
-8.9097
-9.31109
-9.05432
-8.23103
-7.0469
-5.72534
-4.44545
-3.31776
-2.38718
-1.65022
-1.08003
-0.646876
-0.328896
-0.105493
0.0341103
0.115594
0.131832
0.138703
0.0647467
0.0818416
-14.6235
-14.7661
-14.9145
-15.0661
-15.217
-15.3634
-15.5015
-15.6288
-15.7444
-15.8499
-15.9497
-16.0503
-16.1601
-16.2876
-16.4394
-16.6182
-16.821
-17.0381
-17.2525
-17.4413
-17.5772
-17.6309
-17.5747
-17.385
-17.0458
-16.5513
-15.907
-15.1298
-14.2478
-13.2977
-12.3224
-11.3681
-10.4811
-9.70487
-9.07761
-8.63087
-8.38884
-8.36793
-8.57591
-9.01079
-9.65876
-10.4914
-11.4639
-12.5152
-13.57
-14.5452
-15.3575
-15.9328
-16.215
-16.1737
-15.808
-15.1462
-14.2397
-13.1552
-11.9635
-10.7314
-9.51469
-8.35536
-7.28143
-6.30847
-5.44201
-4.68037
-4.0173
-3.44441
-2.9532
-2.5363
-2.18867
-1.90748
-1.69312
-1.54918
-1.48271
-1.50512
-1.63337
-1.89149
-2.31243
-2.93814
-3.80474
-4.90638
-6.15689
-7.36895
-8.33427
-8.83912
-8.76751
-8.15065
-7.13486
-5.91319
-4.66568
-3.52148
-2.54889
-1.76373
-1.15048
-0.68434
-0.343536
-0.105671
0.0417248
0.126903
0.142389
0.149107
0.0676772
0.0898141
-14.5942
-14.7275
-14.8648
-15.0042
-15.143
-15.278
-15.4068
-15.5273
-15.6392
-15.7437
-15.844
-15.9449
-16.0524
-16.1722
-16.3086
-16.4627
-16.6309
-16.8046
-16.9694
-17.1065
-17.1933
-17.206
-17.1221
-16.9224
-16.5944
-16.1333
-15.5442
-14.8416
-14.0494
-13.1989
-12.327
-11.4735
-10.6788
-9.98106
-9.41426
-9.00672
-8.78025
-8.74946
-8.92098
-9.2923
-9.85023
-10.569
-11.4088
-12.3165
-13.2274
-14.0707
-14.7752
-15.2774
-15.5289
-15.5023
-15.1944
-14.6263
-13.839
-12.8863
-11.8276
-10.7193
-9.61022
-8.53826
-7.5299
-6.6012
-5.75958
-5.00607
-4.33758
-3.74896
-3.23478
-2.7904
-2.41303
-2.10142
-1.85705
-1.68381
-1.58836
-1.58093
-1.67629
-1.89503
-2.26484
-2.8203
-3.59131
-4.57634
-5.71083
-6.85148
-7.82247
-8.42938
-8.53591
-8.11834
-7.2659
-6.13943
-4.91734
-3.74722
-2.72285
-1.88112
-1.21939
-0.717156
-0.35226
-0.0998544
0.0547152
0.142689
0.156276
0.162002
0.0715157
0.0990009
-14.5614
-14.6861
-14.8136
-14.9423
-15.0702
-15.1951
-15.315
-15.4287
-15.5358
-15.6372
-15.7353
-15.8335
-15.9358
-16.046
-16.1665
-16.2972
-16.4345
-16.5706
-16.6935
-16.7873
-16.8338
-16.8136
-16.7083
-16.5028
-16.187
-15.7574
-15.2187
-14.5832
-13.8713
-13.1099
-12.3304
-11.5672
-10.8554
-10.2284
-9.71605
-9.34374
-9.13089
-9.09047
-9.22807
-9.54096
-10.0168
-10.6325
-11.353
-12.1323
-12.915
-13.6408
-14.2492
-14.6861
-14.9098
-14.8956
-14.639
-14.1552
-13.4761
-12.6453
-11.7111
-10.7209
-9.71637
-8.73077
-7.78838
-6.90494
-6.08905
-5.34402
-4.66965
-4.06399
-3.52481
-3.05045
-2.64057
-2.29577
-2.01871
-1.81365
-1.68695
-1.64772
-1.70865
-1.88724
-2.20663
-2.69557
-3.37968
-4.26217
-5.2978
-6.38097
-7.36576
-8.07614
-8.35865
-8.13835
-7.44775
-6.4127
-5.20785
-3.99994
-2.91146
-2.0031
-1.2863
-0.744374
-0.354013
-0.0870749
0.0738867
0.163573
0.173947
0.177697
0.076404
0.109531
-14.5272
-14.644
-14.7624
-14.8815
-14.9996
-15.1152
-15.2267
-15.3333
-15.4346
-15.5313
-15.6251
-15.7181
-15.8132
-15.9124
-16.0169
-16.1259
-16.2356
-16.3392
-16.4264
-16.4842
-16.4978
-16.4513
-16.3301
-16.122
-15.8192
-15.4192
-14.9262
-14.351
-13.7109
-13.0288
-12.3317
-11.6491
-11.0114
-10.4476
-9.984
-9.64304
-9.44192
-9.39205
-9.49818
-9.75752
-10.1588
-10.6814
-11.2949
-11.9595
-12.6281
-13.2494
-13.7724
-14.1511
-14.3498
-14.3465
-14.1358
-13.7282
-13.1485
-12.4308
-11.6143
-10.7375
-9.83514
-8.93551
-8.05986
-7.22283
-6.43353
-5.69705
-5.01585
-4.39121
-3.82432
-3.31679
-2.87097
-2.48967
-2.17683
-1.93722
-1.77694
-1.70397
-1.72909
-1.8669
-2.1367
-2.56257
-3.16742
-3.9592
-4.91059
-5.94836
-6.95553
-7.77414
-8.236
-8.21674
-7.69033
-6.74386
-5.54637
-4.28582
-3.11746
-2.13035
-1.35056
-0.76482
-0.347548
-0.0662299
0.100131
0.190221
0.195876
0.19649
0.0824682
0.121496
-14.4902
-14.5995
-14.7097
-14.82
-14.9291
-15.036
-15.1393
-15.2386
-15.3334
-15.4243
-15.5121
-15.5985
-15.6848
-15.7723
-15.8613
-15.9502
-16.0354
-16.1109
-16.1681
-16.1962
-16.1831
-16.1161
-15.9834
-15.7755
-15.4862
-15.1139
-14.6625
-14.1414
-13.5654
-12.9538
-12.3299
-11.719
-11.1471
-10.6395
-10.2193
-9.90593
-9.71469
-9.65554
-9.73249
-9.94285
-10.2765
-10.7153
-11.2329
-11.7952
-12.3623
-12.891
-13.3382
-13.6652
-13.8416
-13.8482
-13.679
-13.3411
-12.8531
-12.2415
-11.537
-10.7702
-9.96875
-9.15548
-8.34793
-7.55879
-6.79695
-6.06879
-5.37923
-4.73287
-4.13464
-3.58984
-3.10389
-2.68219
-2.33009
-2.05298
-1.85671
-1.7482
-1.7363
-1.83295
-2.05405
-2.41994
-2.95197
-3.66261
-4.5419
-5.54497
-6.5837
-7.51896
-8.16974
-8.3617
-8.00635
-7.14679
-5.94461
-4.61257
-3.34458
-2.26354
-1.41125
-0.777053
-0.331414
-0.0360727
0.134438
0.223369
0.222593
0.218714
0.0898743
0.135004
-14.4536
-14.556
-14.6584
-14.7604
-14.8612
-14.9596
-15.055
-15.1467
-15.2344
-15.3184
-15.3992
-15.4775
-15.5543
-15.6297
-15.7035
-15.7739
-15.8374
-15.8888
-15.9207
-15.9243
-15.8897
-15.8068
-15.6662
-15.4604
-15.1847
-14.8383
-14.4246
-13.9519
-13.4328
-12.8837
-12.3246
-11.777
-11.2634
-10.8055
-10.4234
-10.1341
-9.95094
-9.88259
-9.93248
-10.0981
-10.3705
-10.7339
-11.1657
-11.6369
-12.1138
-12.5603
-12.9404
-13.2217
-13.3785
-13.3943
-13.2631
-12.9895
-12.5871
-12.0759
-11.4793
-10.8203
-10.1197
-9.39426
-8.657
-7.91772
-7.18429
-6.46388
-5.76372
-5.09191
-4.4576
-3.87032
-3.33913
-2.87232
-2.47695
-2.1591
-1.92439
-1.77861
-1.7287
-1.78401
-1.9573
-2.26587
-2.73023
-3.36765
-4.18445
-5.16225
-6.24247
-7.30689
-8.16323
-8.58433
-8.41291
-7.64073
-6.41965
-4.99116
-3.59803
-2.40362
-1.46727
-0.779341
-0.303937
0.0047689
0.177854
0.263749
0.254609
0.244655
0.0987765
0.150104
-14.4142
-14.5099
-14.605
-14.6993
-14.792
-14.8825
-14.97
-15.054
-15.1343
-15.2108
-15.2838
-15.3535
-15.4202
-15.4837
-15.5432
-15.5968
-15.6412
-15.6718
-15.6826
-15.6662
-15.6147
-15.5199
-15.3744
-15.1724
-14.9104
-14.5881
-14.2086
-13.7792
-13.3106
-12.8169
-12.3149
-11.8231
-11.3608
-10.9465
-10.5977
-10.3291
-10.1523
-10.0749
-10.0996
-10.2244
-10.4414
-10.737
-11.092
-11.4821
-11.8791
-12.2527
-12.5734
-12.8143
-12.954
-12.9786
-12.8826
-12.6689
-12.3472
-11.9323
-11.4409
-10.8892
-10.2908
-9.65611
-8.99243
-8.30568
-7.60175
-6.88812
-6.17418
-5.4719
-4.79534
-4.15897
-3.57631
-3.05887
-2.6157
-2.25368
-1.9781
-1.79355
-1.70497
-1.71904
-1.84557
-2.09918
-2.49976
-3.06994
-3.83121
-4.79173
-5.92414
-7.13469
-8.22177
-8.90074
-8.93587
-8.25599
-6.99908
-5.43984
-3.88636
-2.55256
-1.51752
-0.769718
-0.263254
0.057773
0.231481
0.312126
0.292468
0.274593
0.109352
0.166809
-14.3777
-14.4669
-14.5549
-14.6417
-14.7268
-14.8094
-14.889
-14.9651
-15.0376
-15.1061
-15.1706
-15.2312
-15.2876
-15.3393
-15.3852
-15.4234
-15.4509
-15.4638
-15.4568
-15.4241
-15.3591
-15.2554
-15.1073
-14.9101
-14.6615
-14.3613
-14.0128
-13.6218
-13.1979
-12.7528
-12.301
-11.8581
-11.4405
-11.0643
-10.7442
-10.4931
-10.321
-10.2344
-10.2357
-10.3231
-10.49
-10.7247
-11.011
-11.3288
-11.6546
-11.9637
-12.2318
-12.4369
-12.5618
-12.595
-12.532
-12.3746
-12.13
-11.8085
-11.4213
-10.9782
-10.4854
-9.94606
-9.36071
-8.72999
-8.05684
-7.34852
-6.61656
-5.87731
-5.15062
-4.45696
-3.81512
-3.24043
-2.74425
-2.3343
-2.01543
-1.79081
-1.66315
-1.63634
-1.71714
-1.91763
-2.25726
-2.76424
-3.47481
-4.42468
-5.62062
-6.99985
-8.35522
-9.33801
-9.61865
-9.04354
-7.72762
-5.98861
-4.22434
-2.71463
-1.56126
-0.74605
-0.207342
0.124448
0.296352
0.369129
0.336592
0.308685
0.121773
0.185019
-14.3374
-14.4203
-14.5016
-14.5812
-14.6588
-14.7338
-14.8057
-14.8741
-14.9386
-14.999
-15.055
-15.1063
-15.1526
-15.1931
-15.2264
-15.2509
-15.2637
-15.2615
-15.2399
-15.1941
-15.1189
-15.0091
-14.8603
-14.6689
-14.4333
-14.1538
-13.833
-13.4765
-13.092
-12.6898
-12.2819
-11.8817
-11.5031
-11.1597
-10.8643
-10.6278
-10.4587
-10.3629
-10.3423
-10.3955
-10.5168
-10.6966
-10.9215
-11.1748
-11.4373
-11.689
-11.9103
-12.0837
-12.1957
-12.2374
-12.2055
-12.1017
-11.9315
-11.702
-11.4199
-11.0886
-10.7071
-10.2698
-9.76926
-9.19916
-8.55833
-7.85321
-7.09749
-6.31272
-5.52594
-4.76491
-4.05465
-3.41509
-2.86019
-2.39848
-2.03414
-1.76862
-1.60207
-1.53524
-1.57162
-1.72044
-2.00075
-2.44619
-3.1084
-4.05206
-5.32334
-6.90244
-8.58321
-9.94247
-10.5307
-10.0806
-8.6716
-6.68287
-4.63535
-2.89758
-1.5986
-0.706143
-0.134025
0.206357
0.373493
0.435347
0.387358
0.346967
0.136155
0.204515
-14.3037
-14.3803
-14.4548
-14.5273
-14.5975
-14.6648
-14.7288
-14.7892
-14.8455
-14.8974
-14.9446
-14.9866
-15.0228
-15.0523
-15.0739
-15.0858
-15.0856
-15.0703
-15.0365
-14.98
-14.8968
-14.7827
-14.6344
-14.4492
-14.2259
-13.9651
-13.6693
-13.3431
-12.9932
-12.6283
-12.2586
-11.8953
-11.5502
-11.2349
-10.9602
-10.7355
-10.568
-10.4627
-10.4214
-10.443
-10.5229
-10.6531
-10.8227
-11.0182
-11.2241
-11.4246
-11.604
-11.7491
-11.8496
-11.8995
-11.897
-11.8446
-11.7472
-11.6098
-11.4354
-11.2217
-10.9594
-10.6336
-10.2265
-9.72316
-9.11674
-8.41238
-7.62575
-6.78474
-5.92528
-5.0841
-4.29401
-3.58046
-2.96032
-2.44277
-2.03098
-1.72417
-1.5194
-1.41378
-1.40718
-1.50546
-1.72744
-2.11152
-2.72503
-3.6637
-5.02362
-6.84754
-8.93861
-10.7794
-11.7593
-11.4576
-9.90786
-7.57716
-5.14912
-3.11211
-1.63025
-0.647497
-0.0408064
0.305111
0.463749
0.51108
0.444935
0.389313
0.152656
0.224904
-14.2638
-14.3344
-14.4024
-14.4681
-14.5311
-14.591
-14.6474
-14.7
-14.7484
-14.7921
-14.8307
-14.8637
-14.8904
-14.9098
-14.9208
-14.9217
-14.9103
-14.8842
-14.8405
-14.7757
-14.6867
-14.5703
-14.4238
-14.2452
-14.0339
-13.7904
-13.517
-13.2178
-12.8985
-12.5663
-12.2297
-11.8984
-11.5821
-11.2907
-11.0332
-10.8176
-10.6503
-10.5353
-10.4744
-10.4667
-10.5086
-10.5938
-10.7135
-10.8569
-11.0119
-11.1662
-11.308
-11.4273
-11.5173
-11.5747
-11.6002
-11.5974
-11.5719
-11.528
-11.4658
-11.3775
-11.246
-11.0448
-10.7437
-10.3163
-9.74775
-9.04058
-8.21329
-7.30171
-6.35288
-5.41532
-4.53163
-3.73364
-3.04128
-2.46406
-2.00354
-1.65606
-1.41483
-1.27273
-1.22523
-1.27402
-1.43727
-1.75753
-2.31707
-3.24714
-4.71198
-6.84274
-9.45716
-11.9052
-13.3652
-13.2307
-11.4883
-8.7131
-5.79119
-3.36807
-1.65625
-0.566732
0.0756049
0.422863
0.568287
0.596736
0.509425
0.435296
0.171219
0.245605
-14.2359
-14.3
-14.3614
-14.4199
-14.4756
-14.5279
-14.5765
-14.621
-14.6611
-14.6962
-14.7261
-14.75
-14.7672
-14.7768
-14.7777
-14.7684
-14.7469
-14.7113
-14.659
-14.5874
-14.494
-14.3761
-14.2318
-14.0597
-13.8593
-13.6314
-13.3779
-13.1023
-12.8095
-12.5054
-12.1974
-11.8932
-11.6013
-11.3297
-11.0861
-10.8773
-10.7085
-10.5834
-10.5036
-10.4685
-10.4753
-10.5191
-10.5932
-10.6893
-10.798
-10.9102
-11.0173
-11.1127
-11.1926
-11.2568
-11.3084
-11.3535
-11.3994
-11.4511
-11.5074
-11.5566
-11.5729
-11.5171
-11.3422
-11.0056
-10.4811
-9.76773
-8.88612
-7.88255
-6.82005
-5.76321
-4.76719
-3.87136
-3.09849
-2.45757
-1.94749
-1.56062
-1.28552
-1.11001
-1.02435
-1.0253
-1.12891
-1.37942
-1.87236
-2.78423
-4.37202
-6.88392
-10.1445
-13.316
-15.3265
-15.3721
-13.3942
-10.0854
-6.56363
-3.66585
-1.67268
-0.458135
0.220036
0.562584
0.688552
0.692767
0.581134
0.484692
0.192156
0.265736
-14.1978
-14.2559
-14.3108
-14.3627
-14.4114
-14.4565
-14.4976
-14.5346
-14.5669
-14.5941
-14.6158
-14.6313
-14.6399
-14.6408
-14.6328
-14.6148
-14.5849
-14.5416
-14.4827
-14.4061
-14.3098
-14.1918
-14.0506
-13.8852
-13.6954
-13.4818
-13.2463
-12.9918
-12.7223
-12.4429
-12.1595
-11.8787
-11.6073
-11.3522
-11.1197
-10.9155
-10.744
-10.6083
-10.5099
-10.4488
-10.4227
-10.4283
-10.4604
-10.513
-10.5793
-10.6527
-10.7277
-10.8004
-10.8701
-10.9394
-11.0146
-11.1052
-11.2216
-11.3719
-11.557
-11.7633
-11.957
-12.0821
-12.068
-11.8475
-11.3767
-10.6488
-9.68756
-8.55716
-7.34449
-6.13559
-5.00169
-3.99075
-3.12763
-2.41919
-1.85996
-1.43687
-1.13235
-0.927948
-0.807483
-0.761199
-0.800822
-0.967688
-1.36999
-2.24577
-3.97069
-6.93479
-10.9472
-14.9274
-17.5358
-17.7744
-15.523
-11.6202
-7.42692
-3.98667
-1.66789
-0.312304
0.399892
0.729387
0.827673
0.800577
0.660568
0.536822
0.215552
0.284145
-14.1792
-14.2307
-14.2786
-14.3232
-14.3643
-14.4017
-14.4349
-14.4636
-14.4876
-14.5064
-14.5194
-14.5262
-14.5261
-14.5182
-14.5016
-14.4751
-14.4373
-14.3869
-14.322
-14.2411
-14.1424
-14.0246
-13.8864
-13.7271
-13.5467
-13.3458
-13.126
-12.8897
-12.6402
-12.3818
-12.1193
-11.858
-11.6036
-11.3617
-11.1375
-10.9356
-10.7599
-10.613
-10.4963
-10.41
-10.3528
-10.3224
-10.3154
-10.3275
-10.3543
-10.3915
-10.4358
-10.4861
-10.544
-10.6153
-10.7098
-10.8414
-11.0266
-11.2812
-11.6129
-12.0106
-12.4315
-12.7956
-12.9966
-12.9303
-12.5287
-11.7727
-10.6927
-9.38291
-7.96233
-6.54933
-5.23809
-4.08655
-3.11962
-2.33882
-1.73117
-1.27578
-0.947292
-0.719604
-0.56854
-0.475021
-0.441586
-0.500112
-0.777222
-1.59102
-3.4569
-6.92765
-11.7726
-16.6189
-19.8534
-20.276
-17.7192
-13.1892
-8.2974
-4.286
-1.61866
-0.114755
0.625263
0.930044
0.990001
0.922935
0.750058
0.592453
0.242923
0.298287
-14.1442
-14.1894
-14.2309
-14.2689
-14.3032
-14.3336
-14.3596
-14.3811
-14.3976
-14.4088
-14.4143
-14.4134
-14.4057
-14.3903
-14.3663
-14.3329
-14.2888
-14.2328
-14.1636
-14.0799
-13.9802
-13.8636
-13.7291
-13.5762
-13.4049
-13.2159
-13.0104
-12.7905
-12.5589
-12.3189
-12.0744
-11.8297
-11.5894
-11.358
-11.1397
-10.9383
-10.7569
-10.598
-10.4629
-10.352
-10.265
-10.2006
-10.1568
-10.131
-10.1206
-10.1232
-10.1372
-10.1631
-10.205
-10.2713
-10.3765
-10.542
-10.7954
-11.1666
-11.6767
-12.3197
-13.0398
-13.7219
-14.2072
-14.3415
-14.0182
-13.2122
-11.966
-10.4098
-8.70596
-7.01962
-5.47763
-4.15097
-3.06259
-2.20426
-1.55105
-1.07043
-0.726145
-0.481856
-0.302285
-0.15649
-0.0326476
0.0507222
-0.0639992
-0.788392
-2.78566
-6.79959
-12.5254
-18.2513
-22.1024
-22.6856
-19.7982
-14.6368
-9.06439
-4.50064
-1.49341
0.152117
0.908713
1.17438
1.18279
1.06406
0.851797
0.651462
0.276513
0.304108
-14.1389
-14.1768
-14.2108
-14.241
-14.2673
-14.2894
-14.3071
-14.3202
-14.3282
-14.3309
-14.3279
-14.3186
-14.3026
-14.2792
-14.2476
-14.207
-14.1565
-14.095
-14.0214
-13.9348
-13.834
-13.7183
-13.5869
-13.4395
-13.2763
-13.0976
-12.9046
-12.6988
-12.4823
-12.2579
-12.0286
-11.7976
-11.5687
-11.3452
-11.1306
-10.9279
-10.7397
-10.568
-10.4142
-10.2791
-10.1627
-10.0649
-9.98472
-9.92114
-9.8729
-9.83876
-9.81839
-9.81358
-9.83024
-9.8807
-9.986
-10.1782
-10.5006
-11.0025
-11.722
-12.6573
-13.7346
-14.7948
-15.6199
-16.0005
-15.7801
-14.9407
-13.5138
-11.6551
-9.58759
-7.54584
-5.70637
-4.16068
-2.92849
-1.98626
-1.29099
-0.793697
-0.444207
-0.193739
0.00812205
0.211222
0.445321
0.695198
0.758464
0.138614
-1.96958
-6.53162
-13.101
-19.6064
-23.974
-24.6843
-21.4961
-15.7698
-9.59999
-4.55741
-1.25655
0.505003
1.25977
1.46971
1.41281
1.23076
0.972972
0.717661
0.321874
0.290616
-14.1083
-14.1399
-14.1675
-14.1914
-14.2111
-14.2265
-14.2373
-14.2433
-14.2443
-14.2399
-14.2298
-14.2136
-14.1909
-14.161
-14.1233
-14.0772
-14.0218
-13.9564
-13.88
-13.792
-13.6913
-13.5776
-13.4501
-13.3087
-13.1534
-12.9846
-12.8031
-12.6102
-12.4074
-12.1966
-11.9802
-11.7607
-11.5408
-11.323
-11.11
-10.904
-10.7071
-10.521
-10.3469
-10.1859
-10.0386
-9.90571
-9.78735
-9.68344
-9.59362
-9.51737
-9.45497
-9.40945
-9.38961
-9.41304
-9.50892
-9.72123
-10.1093
-10.74
-11.6655
-12.8871
-14.3134
-15.7436
-16.905
-17.5423
-17.4898
-16.6582
-15.1011
-12.9646
-10.5209
-8.08141
-5.8933
-4.08757
-2.6895
-1.65963
-0.931665
-0.433804
-0.0961218
0.149555
0.371246
0.629965
0.963049
1.35643
1.56881
1.06218
-1.12699
-6.14345
-13.3588
-20.3887
-25.0752
-25.8767
-22.4969
-16.3809
-9.78661
-4.3995
-0.887305
0.949774
1.68227
1.82106
1.68494
1.42566
1.11416
0.789945
0.385131
0.244733
-14.1192
-14.1423
-14.1619
-14.1771
-14.1879
-14.1944
-14.1963
-14.1934
-14.1855
-14.1724
-14.1538
-14.1293
-14.0986
-14.0611
-14.0164
-13.9639
-13.9029
-13.8329
-13.7531
-13.6629
-13.5616
-13.4489
-13.3243
-13.1877
-13.0391
-12.8788
-12.7073
-12.5256
-12.3348
-12.1363
-11.9315
-11.7221
-11.5099
-11.2966
-11.0838
-10.8729
-10.6653
-10.462
-10.264
-10.0723
-9.88805
-9.71237
-9.54697
-9.39389
-9.25465
-9.13042
-9.02315
-8.93812
-8.88709
-8.89078
-8.98188
-9.20964
-9.64228
-10.3586
-11.4243
-12.852
-14.5489
-16.2849
-17.7367
-18.6081
-18.7187
-17.9746
-16.3752
-14.0598
-11.3196
-8.5244
-5.99466
-3.91696
-2.33918
-1.21611
-0.460967
0.0220449
0.324415
0.532814
0.733497
1.00534
1.38962
1.86425
2.16251
1.76288
-0.448446
-5.64846
-13.1494
-20.3719
-25.1562
-26.0113
-22.5824
-16.3236
-9.54457
-3.99415
-0.382776
1.47238
2.15721
2.21451
1.99368
1.65115
1.28076
0.870109
0.468544
0.133262
-14.0949
-14.1127
-14.1272
-14.1365
-14.141
-14.1409
-14.136
-14.1261
-14.1111
-14.091
-14.0655
-14.0342
-13.997
-13.9535
-13.9031
-13.8455
-13.7802
-13.7066
-13.6244
-13.5329
-13.4319
-13.3209
-13.1997
-13.0682
-12.9266
-12.7748
-12.6135
-12.4429
-12.2636
-12.0764
-11.882
-11.6812
-11.4747
-11.2631
-11.0468
-10.8265
-10.6027
-10.3762
-10.1478
-9.91939
-9.69323
-9.47306
-9.26357
-9.06938
-8.8942
-8.7402
-8.60917
-8.50598
-8.44306
-8.44222
-8.5348
-8.76549
-9.19935
-9.92462
-11.0344
-12.5707
-14.4461
-16.4042
-18.0756
-19.1248
-19.3619
-18.7012
-17.1276
-14.7483
-11.8425
-8.80802
-6.01869
-3.71536
-1.98017
-0.776303
-0.00619116
0.446334
0.695453
0.847494
1.00011
1.22811
1.57984
2.05508
2.37868
2.01901
-0.064564
-5.0319
-12.3852
-19.5149
-24.2354
-25.1172
-21.7763
-15.6231
-8.91416
-3.39248
0.205922
2.03193
2.65562
2.62577
2.31469
1.88314
1.44806
0.943006
0.576779
-0.0449423
-14.1177
-14.1282
-14.1338
-14.1324
-14.1262
-14.1155
-14.0998
-14.0792
-14.0537
-14.0233
-13.9878
-13.947
-13.9006
-13.8484
-13.79
-13.7251
-13.6534
-13.5745
-13.4882
-13.3942
-13.2922
-13.1822
-13.064
-12.9376
-12.8031
-12.6606
-12.5101
-12.3517
-12.1856
-12.0116
-11.8296
-11.6391
-11.4399
-11.2314
-11.0133
-10.7855
-10.5481
-10.3018
-10.048
-9.78926
-9.52964
-9.27536
-9.03479
-8.81702
-8.62936
-8.47532
-8.35498
-8.26902
-8.22323
-8.22968
-8.31085
-8.51238
-8.91189
-9.6083
-10.6969
-12.2306
-14.148
-16.2046
-18.0058
-19.1762
-19.5061
-18.908
-17.3737
-15.0036
-12.0533
-8.91997
-5.9961
-3.55484
-1.70977
-0.442577
0.341299
0.766274
0.95741
1.03246
1.10664
1.2799
1.61269
2.03838
2.25107
1.82025
0.0594308
-4.30928
-11.1359
-17.964
-22.5439
-23.4318
-20.2738
-14.4212
-7.9888
-2.66091
0.817262
2.55482
3.09941
2.99646
2.61632
2.10662
1.61394
1.00581
0.674542
-0.219335
-14.0938
-14.1133
-14.1163
-14.1047
-14.0887
-14.0686
-14.0431
-14.0127
-13.9777
-13.9382
-13.894
-13.845
-13.7911
-13.7321
-13.6679
-13.5983
-13.523
-13.442
-13.3549
-13.2618
-13.1625
-13.0569
-12.9449
-12.8265
-12.7014
-12.5696
-12.4307
-12.2844
-12.1301
-11.9673
-11.7951
-11.6127
-11.4192
-11.214
-10.9964
-10.7663
-10.5242
-10.2713
-10.01
-9.74365
-9.47782
-9.22033
-8.98084
-8.76866
-8.58943
-8.4428
-8.32435
-8.2342
-8.1853
-8.20012
-8.30178
-8.51958
-8.90785
-9.55187
-10.5512
-11.9798
-13.8068
-15.8156
-17.6179
-18.8204
-19.1888
-18.632
-17.1563
-14.8523
-11.9658
-8.8739
-5.96112
-3.50614
-1.63715
-0.350732
0.439176
0.8583
1.03986
1.11042
1.18063
1.33779
1.62583
1.94418
1.98649
1.47055
0.0260687
-3.59397
-9.63059
-16.0622
-20.4914
-21.3954
-18.5072
-13.0772
-7.05845
-2.02041
1.30262
2.96466
3.44972
3.26854
2.82179
2.2534
1.71237
1.03397
0.743088
-0.246246
-14.1091
-14.1346
-14.1359
-14.1156
-14.0898
-14.0601
-14.0255
-13.9868
-13.9444
-13.8984
-13.8485
-13.7948
-13.7369
-13.6748
-13.6082
-13.5369
-13.4607
-13.3794
-13.293
-13.2011
-13.1037
-13.0007
-12.8918
-12.7771
-12.6564
-12.5293
-12.3956
-12.2549
-12.1065
-11.9498
-11.7839
-11.6079
-11.4209
-11.222
-11.0106
-10.7863
-10.5492
-10.3
-10.0404
-9.77287
-9.50153
-9.23482
-8.9858
-8.76871
-8.59374
-8.46313
-8.37136
-8.31322
-8.29342
-8.32754
-8.44072
-8.66937
-9.06578
-9.69001
-10.6028
-11.8565
-13.447
-15.2377
-16.9285
-18.1506
-18.6154
-18.1503
-16.7348
-14.505
-11.7256
-8.74217
-5.91285
-3.50207
-1.64184
-0.342752
0.46808
0.909851
1.11294
1.20421
1.30204
1.48801
1.74974
1.94922
1.84642
1.25533
-0.0486313
-2.98089
-8.09619
-14.0845
-18.5358
-19.5698
-16.9143
-11.8638
-6.24213
-1.5082
1.61526
3.1446
3.55981
3.38334
2.94467
2.34214
1.77166
1.04141
0.75408
-0.213994
-14.2148
-14.1907
-14.1687
-14.1429
-14.1126
-14.079
-14.0419
-14.0013
-13.9571
-13.9095
-13.8581
-13.8029
-13.7437
-13.6804
-13.6127
-13.5405
-13.4635
-13.3816
-13.2946
-13.2023
-13.1045
-13.0011
-12.892
-12.7769
-12.6556
-12.5279
-12.3933
-12.2514
-12.1017
-11.9435
-11.7759
-11.5982
-11.4097
-11.2096
-10.9975
-10.7733
-10.5377
-10.2917
-10.0377
-9.77874
-9.52007
-9.26816
-9.03248
-8.82369
-8.64934
-8.51161
-8.40898
-8.34342
-8.32682
-8.37888
-8.52209
-8.78798
-9.21978
-9.86724
-10.7783
-11.981
-13.4449
-15.0342
-16.4987
-17.5377
-17.9052
-17.4704
-16.1791
-14.0864
-11.4203
-8.54558
-5.81532
-3.48941
-1.69008
-0.418733
0.395312
0.863196
1.10668
1.24383
1.37554
1.56765
1.8119
1.9612
1.78608
1.11961
-0.309774
-3.23133
-7.92324
-13.2344
-17.228
-18.3204
-16.0001
-11.2662
-5.96966
-1.48719
1.54861
3.10617
3.55799
3.34153
2.86755
2.27211
1.74893
1.04467
0.777795
-0.175974
-17.7505
-17.7786
-17.7296
-17.6013
-17.5192
-17.5193
-17.5763
-17.635
-17.6885
-17.7572
-17.8682
-18.0541
-18.341
-18.7501
-19.2665
-19.8562
-20.5148
-21.2349
-22.0072
-22.7874
-23.481
-23.9332
-23.9612
-23.4233
-22.155
-20.1014
-17.4698
-14.6087
-11.9269
-9.75621
-8.25549
-7.40416
-7.04106
-6.9699
-7.07795
-7.35153
-7.7048
-8.03319
-8.38388
-8.8918
-9.664
-10.8371
-12.6289
-15.2934
-18.9941
-23.5425
-28.2753
-32.2091
-34.3894
-34.1844
-30.9658
-24.8319
-16.9967
-8.80645
-1.57841
3.8094
7.139
8.72008
9.06599
8.70776
8.02596
7.24343
6.46528
5.66442
4.84967
4.1227
3.54417
3.1151
2.78779
2.52617
2.33568
2.20058
1.98255
1.41894
0.184097
-2.08869
-5.75547
-10.8512
-16.5572
-21.0253
-22.3917
-19.6593
-13.6168
-6.7024
-0.956511
2.7487
4.46102
4.73674
4.19368
3.3664
2.56871
1.91185
1.40223
1.00756
0.711538
0.477023
0.322715
0.169359
0.127457
-0.0260041
-17.9307
-17.9715
-17.9055
-17.7676
-17.6987
-17.7077
-17.7417
-17.7425
-17.6908
-17.6286
-17.6148
-17.7173
-17.9579
-18.3664
-18.9128
-19.58
-20.3587
-21.2865
-22.3899
-23.6365
-24.8934
-25.925
-26.412
-26.0248
-24.6782
-22.471
-19.5943
-16.4023
-13.3159
-10.7041
-8.79519
-7.62658
-7.07973
-6.97675
-7.14231
-7.4165
-7.68266
-7.95827
-8.34529
-8.88527
-9.58573
-10.6446
-12.5128
-15.7049
-20.5351
-26.73
-33.2719
-38.6659
-41.3866
-40.4093
-35.9804
-28.9866
-20.3765
-11.474
-3.5541
2.44435
6.25651
8.16223
8.6946
8.42971
7.78796
7.01347
6.19764
5.3983
4.6593
3.98827
3.43274
3.03607
2.77423
2.59063
2.44874
2.32139
2.11216
1.61675
0.517797
-1.6426
-5.52185
-11.443
-18.4324
-23.9902
-25.4133
-22.0296
-15.19
-7.43024
-1.05601
2.86756
4.47832
4.62341
4.12827
3.40794
2.63828
1.95046
1.40176
0.985283
0.682421
0.451654
0.299113
0.154319
0.11619
-0.0385444
-17.9025
-17.9293
-18.0142
-18.1449
-18.317
-18.4577
-18.4743
-18.342
-18.1038
-17.8349
-17.6081
-17.5245
-17.658
-18.0114
-18.5894
-19.4829
-20.7539
-22.4437
-24.5171
-26.8384
-29.1562
-31.1346
-32.3997
-32.5886
-31.4744
-29.0611
-25.6066
-21.5497
-17.4221
-13.6999
-10.7144
-8.62598
-7.41661
-6.91926
-6.91139
-7.16357
-7.497
-7.8368
-8.24719
-8.85346
-9.89692
-11.8694
-15.4567
-21.0303
-28.2323
-36.0157
-43.0359
-48.0543
-50.1019
-48.623
-43.6668
-35.8826
-26.3487
-16.3868
-7.36076
-0.347653
4.25797
6.69097
7.56342
7.53127
7.06613
6.43826
5.77175
5.1156
4.47954
3.89333
3.3993
3.00476
2.70402
2.48429
2.3416
2.26894
2.1514
1.70031
0.419874
-2.41484
-7.51851
-14.913
-23.0809
-29.3363
-31.0252
-27.1567
-19.1046
-9.92
-2.3606
2.27256
4.21457
4.46132
3.91273
3.14546
2.42556
1.80972
1.32059
0.946873
0.669207
0.454876
0.306222
0.169842
0.124879
-0.0395071
-18.0032
-18.0915
-18.462
-18.9151
-19.3018
-19.5023
-19.4788
-19.2288
-18.8059
-18.3227
-17.88
-17.6033
-17.6058
-17.8778
-18.5573
-19.8073
-21.7491
-24.4358
-27.785
-31.5612
-35.3758
-38.7327
-41.0852
-41.9184
-40.9331
-38.1243
-33.8075
-28.5356
-22.9926
-17.7947
-13.3772
-10.0056
-7.78069
-6.59742
-6.23183
-6.36442
-6.70397
-7.11305
-7.62173
-8.48745
-10.204
-13.5592
-19.1424
-26.8159
-35.6589
-44.4013
-51.8545
-57.0136
-58.9687
-57.1359
-51.593
-43.0666
-32.676
-21.7358
-11.6426
-3.59131
1.85817
4.88971
6.17947
6.4485
6.21324
5.76236
5.2289
4.67511
4.13301
3.628
3.18674
2.82474
2.53845
2.31778
2.17025
2.09151
1.9638
1.45734
-0.103955
-3.72727
-10.1496
-19.18
-28.9467
-36.3505
-38.2884
-33.6898
-24.1399
-13.199
-4.20343
1.25719
3.55396
3.94281
3.51512
2.86526
2.23231
1.7034
1.2782
0.939165
0.676413
0.470471
0.319018
0.190436
0.113053
0.00423597
-18.0543
-18.2826
-19.0003
-19.6461
-20.1145
-20.3085
-20.2165
-19.8715
-19.3458
-18.7539
-18.1794
-17.7876
-17.6792
-17.9035
-18.7169
-20.3615
-23.02
-26.7506
-31.4179
-36.682
-42.016
-46.7676
-50.2216
-51.6938
-50.7964
-47.5277
-42.2585
-35.6736
-28.6524
-21.965
-16.0841
-11.3224
-7.88952
-5.77894
-4.78563
-4.58172
-4.80463
-5.24344
-5.94402
-7.30434
-10.0156
-14.906
-22.2599
-31.4898
-41.4257
-50.8513
-58.7303
-64.1411
-66.1459
-64.1457
-58.1947
-49.0933
-38.0651
-26.4278
-15.5456
-6.69372
-0.573886
2.9685
4.65058
5.23518
5.25823
5.0162
4.65198
4.23583
3.80573
3.3883
3.00747
2.67671
2.39788
2.16802
1.98727
1.85438
1.65895
1.00793
-0.946165
-5.40291
-13.1083
-23.6962
-35.0759
-43.577
-45.7218
-40.412
-29.4435
-16.7867
-6.36078
-0.0206124
2.72498
3.34356
3.0539
2.51401
1.98664
1.53832
1.17379
0.881876
0.651379
0.467298
0.323244
0.206564
0.10167
0.0524236
-18.0436
-18.5067
-19.3993
-20.1384
-20.6613
-20.8535
-20.7159
-20.2971
-19.6891
-19.0024
-18.31
-17.8123
-17.5885
-17.7508
-18.654
-20.6155
-23.8692
-28.475
-34.2473
-40.7576
-47.369
-53.3105
-57.7321
-59.7888
-59.0036
-55.3298
-49.1944
-41.4077
-33.0759
-25.1697
-18.1432
-12.215
-7.64281
-4.56449
-2.8385
-2.14352
-2.1193
-2.5467
-3.51384
-5.49661
-9.25854
-15.5203
-24.235
-34.5284
-45.1748
-55.0681
-63.2687
-68.8888
-70.957
-68.8935
-62.6921
-53.2423
-41.8517
-29.8356
-18.508
-9.18128
-2.63922
1.25809
3.25093
4.11215
4.37159
4.31984
4.10143
3.79481
3.44937
3.09866
2.76718
2.47054
2.21357
1.9912
1.79745
1.61844
1.3317
0.499752
-1.84891
-7.03624
-15.8305
-27.7236
-40.3469
-49.6341
-51.8963
-46.0547
-33.9826
-19.9615
-8.38135
-1.33181
1.78667
2.63105
2.52461
2.14285
1.73692
1.37668
1.07293
0.821466
0.616632
0.450619
0.315068
0.20862
0.0994466
0.0649065
-17.7139
-18.3921
-19.3515
-20.2488
-20.8912
-21.1395
-20.9807
-20.4996
-19.8017
-19.002
-18.164
-17.5293
-17.1543
-17.1906
-18.0788
-20.2001
-23.8301
-29.0296
-35.5714
-42.9624
-50.4919
-57.3083
-62.4686
-65.0011
-64.3286
-60.4008
-53.6843
-45.0408
-35.735
-26.9847
-19.2822
-12.6142
-7.15698
-3.23049
-0.828297
0.363128
0.67715
0.282294
-0.957635
-3.54141
-8.19856
-15.4527
-25.0351
-35.9355
-46.9587
-57.091
-65.4424
-71.14
-73.2471
-71.1549
-64.9037
-55.3846
-43.9346
-31.8527
-20.4172
-10.9477
-4.24777
-0.168652
2.03462
3.11341
3.56952
3.67916
3.58795
3.38187
3.11812
2.8344
2.55457
2.29231
2.05351
1.83588
1.62992
1.40948
1.03486
0.0324829
-2.64103
-8.36509
-17.9247
-30.727
-44.1391
-53.8619
-56.162
-50.0177
-37.2535
-22.3553
-10.0321
-2.52061
0.870777
1.92285
1.99956
1.77051
1.48148
1.20461
0.958308
0.747392
0.570735
0.425197
0.301143
0.20512
0.0970401
0.0659049
-16.9563
-17.664
-18.7795
-19.9171
-20.7638
-21.1226
-20.9929
-20.4774
-19.6932
-18.7604
-17.7426
-16.9139
-16.3441
-16.1894
-16.934
-19.044
-22.8161
-28.3099
-35.2601
-43.1255
-51.146
-58.4245
-63.9783
-66.7724
-66.2169
-62.2794
-55.4191
-46.4428
-36.662
-27.5213
-19.5938
-12.6135
-6.60282
-2.05019
0.864459
2.43113
2.9892
2.64171
1.1944
-1.84032
-7.10331
-14.9328
-24.9272
-36.0479
-47.1572
-57.299
-65.6019
-71.2062
-73.2518
-71.202
-65.0707
-55.7318
-44.4951
-32.6248
-21.3714
-12.0432
-5.41389
-1.30289
1.02087
2.25954
2.87089
3.1105
3.1218
2.99597
2.79624
2.56427
2.32529
2.09352
1.87511
1.66855
1.46144
1.21713
0.779226
-0.350669
-3.24486
-9.29074
-19.274
-32.5372
-46.2793
-56.1239
-58.3893
-52.1274
-39.0851
-23.815
-11.188
-3.49538
0.0351758
1.24693
1.49453
1.41601
1.24054
1.04282
0.85086
0.67773
0.526836
0.399604
0.286594
0.199439
0.0953495
0.0649355
-15.7184
-16.4095
-17.7209
-19.1187
-20.21
-20.7405
-20.7123
-20.223
-19.3958
-18.3426
-17.144
-16.0827
-15.2935
-14.8864
-15.3844
-17.3306
-21.0471
-26.5773
-33.6223
-41.602
-49.7282
-57.0881
-62.7023
-65.5838
-65.1795
-61.4207
-54.7516
-45.9136
-36.1934
-27.1301
-19.3258
-12.3541
-6.1087
-1.18292
2.05124
3.83545
4.54072
4.2453
2.68973
-0.593416
-6.14886
-14.18
-24.2162
-35.2475
-46.2021
-56.1585
-64.2508
-69.65
-71.5843
-69.5899
-63.6867
-54.7034
-43.8834
-32.433
-21.5853
-12.6185
-6.23291
-2.20226
0.171306
1.5203
2.24989
2.5929
2.68932
2.6337
2.49297
2.31104
2.11329
1.91258
1.71421
1.5171
1.30852
1.04759
0.568193
-0.638816
-3.64334
-9.80798
-19.9036
-33.2262
-46.9102
-56.6113
-58.809
-52.5882
-39.6078
-24.3998
-11.8549
-4.2277
-0.674762
0.649518
1.04355
1.09623
1.01899
0.890093
0.746221
0.60758
0.481201
0.371795
0.270296
0.191695
0.0930191
0.0623075
-14.3365
-15.0237
-16.428
-18.043
-19.4005
-20.1542
-20.2764
-19.8624
-19.0287
-17.8771
-16.5068
-15.1901
-14.1576
-13.4908
-13.7102
-15.4036
-18.9206
-24.2878
-31.182
-39.0001
-46.9464
-54.1204
-59.584
-62.4353
-62.1582
-58.6774
-52.3937
-44.0089
-34.7752
-26.1891
-18.7679
-11.99
-5.72702
-0.664905
2.70227
4.5695
5.33314
5.07943
3.51167
0.169122
-5.41229
-13.3488
-23.1499
-33.8628
-44.4793
-54.1009
-61.8736
-67.0047
-68.8049
-66.8743
-61.2581
-52.7379
-42.4624
-31.5727
-21.2887
-12.8348
-6.80381
-2.92296
-0.54727
0.874428
1.69305
2.11891
2.28696
2.29235
2.20314
2.06408
1.90122
1.72763
1.54829
1.36274
1.15792
0.890751
0.39269
-0.842141
-3.8574
-9.96902
-19.9204
-32.9859
-46.3162
-55.6952
-57.7975
-51.7318
-39.0736
-24.2643
-12.1035
-4.73282
-1.25027
0.141373
0.65285
0.815472
0.82177
0.75223
0.650743
0.543091
0.438978
0.345692
0.254868
0.183873
0.0907741
0.0598332
-13.4453
-14.0377
-15.3386
-16.968
-18.4925
-19.4777
-19.7979
-19.5183
-18.7582
-17.5974
-16.1223
-14.5778
-13.2699
-12.3012
-12.2189
-13.6125
-16.8452
-21.9168
-28.4826
-35.9352
-43.4941
-50.2944
-55.4599
-58.1864
-58.0087
-54.8477
-49.0635
-41.3385
-32.8784
-25.0245
-18.1167
-11.6117
-5.46615
-0.454506
2.89011
4.74537
5.50988
5.28554
3.7728
0.513738
-4.90093
-12.5364
-21.915
-32.153
-42.3013
-51.484
-58.8688
-63.6999
-65.3603
-63.504
-58.2124
-50.2136
-40.5502
-30.3055
-20.6864
-12.8337
-7.21138
-3.51312
-1.16418
0.302466
1.18715
1.67969
1.90922
1.96956
1.92826
1.83002
1.70109
1.55462
1.39424
1.21925
1.01714
0.746657
0.244972
-0.978588
-3.92574
-9.85331
-19.4703
-32.052
-44.8268
-53.7713
-55.7622
-49.9304
-37.774
-23.6012
-12.0358
-5.04953
-1.69836
-0.273921
0.327156
0.576521
0.649484
0.628517
0.563028
0.482642
0.398716
0.320296
0.239633
0.175738
0.0881774
0.0572965
-13.1729
-13.6542
-14.7879
-16.2939
-17.8368
-18.9894
-19.5043
-19.3734
-18.7245
-17.6129
-16.0643
-14.3025
-12.6787
-11.422
-11.1102
-12.2582
-15.1824
-19.8611
-25.9568
-32.8865
-39.9065
-46.2048
-50.9777
-53.5169
-53.4065
-50.5753
-45.3541
-38.417
-30.8911
-23.8662
-17.4776
-11.252
-5.30997
-0.487989
2.72392
4.51575
5.25472
5.05198
3.62789
0.539476
-4.58836
-11.7981
-20.6431
-30.3115
-39.9105
-48.5915
-55.5509
-60.0714
-61.5972
-59.8289
-54.882
-47.4237
-38.3951
-28.8383
-19.938
-12.7195
-7.5144
-4.0052
-1.69852
-0.206665
0.726786
1.27363
1.55648
1.66612
1.66825
1.60671
1.50783
1.38506
1.24237
1.0786
0.881397
0.611387
0.11704
-1.06687
-3.88955
-9.54254
-18.699
-30.6519
-42.7498
-51.1967
-53.068
-47.5191
-35.9798
-22.5954
-11.7541
-5.22374
-2.03801
-0.606152
0.0598211
0.37503
0.500119
0.518852
0.484129
0.427792
0.361991
0.296976
0.225578
0.168085
0.0855729
0.0551866
-13.3913
-13.8564
-14.9146
-16.3162
-17.7717
-18.8973
-19.4729
-19.5079
-19.1103
-18.2509
-16.789
-14.9133
-12.9193
-11.225
-10.5263
-11.3848
-14.0352
-18.3359
-23.9098
-30.2161
-36.5874
-42.2924
-46.6096
-48.9183
-48.8486
-46.3437
-41.7168
-35.627
-29.0682
-22.8244
-16.8795
-10.9134
-5.2406
-0.702674
2.31601
4.02625
4.73643
4.54932
3.22245
0.343257
-4.43748
-11.1598
-19.4184
-28.4718
-37.4819
-45.6326
-52.1538
-56.3668
-57.7696
-56.1026
-51.5042
-44.5769
-36.1781
-27.3238
-19.1558
-12.5598
-7.7491
-4.42041
-2.16384
-0.661
0.308064
0.899382
1.22852
1.38228
1.42394
1.39623
1.32545
1.22544
1.09968
0.946399
0.75366
0.484759
0.00308525
-1.12391
-3.78677
-9.10976
-17.7322
-28.9773
-40.3385
-48.261
-50.0119
-44.7745
-33.9169
-21.4034
-11.3475
-5.29859
-2.29043
-0.867761
-0.157003
0.206439
0.371279
0.421956
0.413267
0.377985
0.328396
0.275502
0.212588
0.160941
0.0829882
0.0534091
-13.3623
-13.8079
-14.8737
-16.3028
-17.8538
-19.136
-19.8694
-20.0298
-19.7887
-19.1373
-17.8713
-15.8348
-13.47
-11.3929
-10.5228
-11.2494
-13.5893
-17.4329
-22.4375
-28.0902
-33.7768
-38.8494
-42.6782
-44.7312
-44.683
-42.4927
-38.4629
-33.2087
-27.5265
-21.9111
-16.3034
-10.5885
-5.2482
-1.04662
1.76333
3.39401
4.08206
3.9057
2.66933
0.00504698
-4.41097
-10.6278
-18.2886
-26.7186
-35.133
-42.7515
-48.8403
-52.7588
-54.0527
-52.4947
-48.2316
-41.8057
-34.0173
-25.8628
-18.411
-12.3949
-7.93861
-4.77427
-2.57067
-1.06666
-0.0717219
0.556261
0.925564
1.1185
1.19561
1.19833
1.15272
1.07296
0.962883
0.820125
0.632757
0.366104
-0.100182
-1.16092
-3.64517
-8.611
-16.6678
-27.1772
-37.7879
-45.1855
-46.8184
-41.9015
-31.7508
-20.1407
-10.8847
-5.3119
-2.47818
-1.07354
-0.332979
0.0648081
0.259623
0.336231
0.349879
0.333172
0.298064
0.256039
0.200755
0.154376
0.0804361
0.0519359
-13.2811
-13.5379
-14.6233
-16.053
-17.6355
-18.9864
-19.8242
-20.139
-20.0937
-19.6347
-18.5225
-16.5739
-14.1739
-11.9767
-10.818
-11.3088
-13.5605
-17.1454
-21.6232
-26.597
-31.5804
-36.0201
-39.3658
-41.1582
-41.1161
-39.2235
-35.7681
-31.2674
-26.2764
-21.0914
-15.721
-10.2768
-5.32599
-1.47544
1.13856
2.69994
3.37339
3.20592
2.04702
-0.415913
-4.47794
-10.2003
-17.2774
-25.0994
-32.9332
-40.0358
-45.7108
-49.3548
-50.5548
-49.1053
-45.1522
-39.19
-31.9871
-24.5162
-17.7421
-12.2467
-8.0985
-5.07933
-2.9278
-1.42863
-0.414951
0.243218
0.647059
0.874379
0.983016
1.01315
0.990533
0.92954
0.834134
0.70136
0.519405
0.255328
-0.195903
-1.18915
-3.49048
-8.09295
-15.5801
-25.3577
-35.2327
-42.1232
-43.6443
-39.0459
-29.6004
-18.8879
-10.4118
-5.29099
-2.62111
-1.23853
-0.4782
-0.055552
0.162397
0.260399
0.293345
0.29305
0.270886
0.238627
0.190214
0.148588
0.0781387
0.0508223
)
;

boundaryField
{
    outlet
    {
        type            fixedValue;
        value           uniform 0;
    }
    inlet
    {
        type            zeroGradient;
    }
    lowerWall
    {
        type            zeroGradient;
    }
    upperWall
    {
        type            zeroGradient;
    }
    frontAndBack
    {
        type            empty;
    }
}


// ************************************************************************* //
