/*--------------------------------*- C++ -*----------------------------------*\
| =========                 |                                                 |
| \\      /  F ield         | OpenFOAM: The Open Source CFD Toolbox           |
|  \\    /   O peration     | Version:  2.1.1                                 |
|   \\  /    A nd           | Web:      www.OpenFOAM.org                      |
|    \\/     M anipulation  |                                                 |
\*---------------------------------------------------------------------------*/
FoamFile
{
    version     2.0;
    format      ascii;
    class       volScalarField;
    location    "0.005";
    object      k;
}
// * * * * * * * * * * * * * * * * * * * * * * * * * * * * * * * * * * * * * //

dimensions      [0 2 -2 0 0 0 0];

internalField   nonuniform List<scalar> 
6820
(
0.288906
0.351389
0.415006
0.477476
0.53689
0.591821
0.641407
0.685002
0.721758
0.750713
0.77138
0.784186
0.79026
0.791406
0.789834
0.787492
0.785682
0.785002
0.785519
0.787032
0.789287
0.792089
0.795331
0.798975
0.803021
0.807483
0.812373
0.817683
0.823402
0.829441
0.835479
0.842156
0.84118
0.265523
0.269379
0.270504
0.271291
0.272337
0.273514
0.274666
0.275927
0.277739
0.280445
0.283749
0.286561
0.287562
0.285915
0.281908
0.276764
0.27186
0.26817
0.266003
0.265139
0.265122
0.265528
0.266078
0.266645
0.267201
0.267766
0.268372
0.26905
0.269837
0.270748
0.271958
0.273076
0.276142
0.262043
0.26428
0.263672
0.26168
0.259098
0.256207
0.253247
0.250871
0.250077
0.25153
0.254818
0.258369
0.260241
0.259221
0.255357
0.249873
0.24442
0.240207
0.237679
0.236653
0.23666
0.237237
0.238077
0.239044
0.240131
0.241404
0.242969
0.244981
0.247649
0.251318
0.256573
0.264256
0.276857
0.25988
0.260255
0.259781
0.25854
0.256785
0.254632
0.252411
0.250958
0.251372
0.254215
0.258796
0.263256
0.265525
0.264446
0.260285
0.254441
0.248623
0.244086
0.241309
0.240136
0.240104
0.240747
0.241752
0.242982
0.244441
0.246221
0.248479
0.251436
0.255413
0.26088
0.268663
0.279657
0.296666
0.259299
0.258403
0.257608
0.256594
0.255249
0.253565
0.251888
0.251125
0.252399
0.256193
0.261651
0.266767
0.269411
0.268459
0.264271
0.258322
0.252361
0.247668
0.244754
0.243487
0.243423
0.244102
0.245211
0.246615
0.248321
0.250437
0.25314
0.256681
0.261418
0.267853
0.276785
0.289117
0.306894
0.259223
0.25784
0.256625
0.255454
0.254162
0.252658
0.251267
0.250913
0.25272
0.257108
0.263124
0.268679
0.271612
0.270818
0.266692
0.260732
0.254705
0.249913
0.246894
0.245541
0.24543
0.246107
0.247259
0.248746
0.250576
0.252855
0.255761
0.259547
0.264556
0.271254
0.280329
0.292565
0.309384
0.259216
0.257712
0.256325
0.255014
0.253644
0.252133
0.250815
0.250631
0.252704
0.257425
0.263783
0.26964
0.272811
0.272184
0.268151
0.262213
0.256143
0.251264
0.248142
0.246697
0.246519
0.247161
0.248304
0.249803
0.251657
0.253964
0.256891
0.260671
0.26561
0.272109
0.280721
0.29208
0.307145
0.259217
0.257687
0.256238
0.254855
0.253422
0.25187
0.250543
0.250397
0.252569
0.257448
0.264006
0.270078
0.273452
0.27299
0.269061
0.263153
0.257044
0.252078
0.24885
0.247306
0.247049
0.247633
0.248734
0.250197
0.25201
0.254257
0.257089
0.260708
0.265376
0.271422
0.279272
0.289412
0.302482
0.259217
0.257684
0.256222
0.254815
0.253353
0.251771
0.250415
0.250249
0.252429
0.257362
0.264028
0.270253
0.2738
0.273494
0.269668
0.26379
0.257642
0.252589
0.249257
0.247615
0.247276
0.247794
0.248837
0.250241
0.251978
0.25412
0.256796
0.260179
0.264486
0.269976
0.276973
0.285834
0.296983
0.259217
0.257683
0.256218
0.254804
0.253333
0.251737
0.250358
0.250161
0.252315
0.257254
0.263978
0.270319
0.274014
0.273849
0.270118
0.264266
0.25808
0.252946
0.249516
0.247782
0.247364
0.247816
0.248798
0.250131
0.251779
0.253796
0.256293
0.259415
0.263335
0.268259
0.274425
0.282092
0.291538
0.259217
0.257683
0.256217
0.254802
0.25333
0.251728
0.250333
0.250106
0.252227
0.257154
0.263916
0.270349
0.274172
0.274132
0.270486
0.264656
0.258433
0.253224
0.249706
0.247888
0.247399
0.247789
0.24871
0.249972
0.251527
0.253415
0.255729
0.258588
0.262133
0.266522
0.271931
0.278544
0.286543
0.259217
0.257683
0.256217
0.254802
0.25333
0.251726
0.250319
0.250066
0.252156
0.257069
0.26386
0.270373
0.274308
0.274378
0.270803
0.26499
0.258732
0.253455
0.249859
0.247967
0.247415
0.247749
0.248611
0.249804
0.251267
0.253028
0.255163
0.257773
0.260968
0.264871
0.26961
0.275316
0.282108
0.259217
0.257683
0.256216
0.254802
0.253331
0.251726
0.25031
0.250035
0.252097
0.256998
0.263814
0.270396
0.27443
0.274594
0.27108
0.265278
0.258985
0.253647
0.249982
0.248026
0.247419
0.247702
0.24851
0.249637
0.251012
0.25265
0.254617
0.256993
0.259868
0.263336
0.267491
0.272425
0.278213
0.259217
0.257683
0.256216
0.254802
0.253332
0.251727
0.250302
0.250008
0.252046
0.256936
0.263775
0.270419
0.274538
0.274782
0.271315
0.265518
0.259193
0.2538
0.250075
0.248064
0.247409
0.247646
0.248405
0.24947
0.25076
0.252283
0.254091
0.256252
0.258838
0.26192
0.265567
0.269844
0.274797
0.259218
0.257684
0.256216
0.254802
0.253333
0.251728
0.250296
0.249984
0.252001
0.256883
0.263741
0.270439
0.27463
0.27494
0.27151
0.265712
0.259355
0.253912
0.250134
0.248077
0.24738
0.247579
0.248292
0.249298
0.250509
0.251923
0.253585
0.255549
0.257873
0.260614
0.26382
0.267537
0.271793
0.259218
0.257684
0.256216
0.254802
0.253334
0.251728
0.250291
0.249964
0.251963
0.256836
0.263712
0.270455
0.274707
0.275069
0.271665
0.26586
0.25947
0.253983
0.25016
0.248062
0.247332
0.247495
0.248168
0.249119
0.250255
0.251568
0.253094
0.254879
0.256969
0.259408
0.262232
0.265472
0.269142
0.259218
0.257684
0.256217
0.254803
0.253335
0.251729
0.250286
0.249946
0.251929
0.256795
0.263687
0.270469
0.274769
0.275172
0.271783
0.265966
0.259542
0.254014
0.250152
0.248021
0.247261
0.247395
0.24803
0.24893
0.249996
0.251216
0.252617
0.254239
0.256121
0.258294
0.260786
0.263617
0.266794
0.259218
0.257684
0.256217
0.254803
0.253336
0.25173
0.250282
0.249931
0.251899
0.25676
0.263665
0.270479
0.274819
0.27525
0.271867
0.266032
0.259575
0.254009
0.250113
0.247955
0.247171
0.247278
0.247879
0.248732
0.249734
0.250867
0.252154
0.253629
0.255324
0.257264
0.259467
0.261949
0.264709
0.259218
0.257685
0.256217
0.254804
0.253337
0.251731
0.250279
0.249918
0.251873
0.256729
0.263646
0.270487
0.274858
0.275308
0.271923
0.266065
0.259574
0.253973
0.250047
0.247866
0.247062
0.247146
0.247716
0.248526
0.249468
0.250521
0.251705
0.253048
0.254576
0.256311
0.258264
0.260446
0.262853
0.259218
0.257685
0.256218
0.254804
0.253338
0.251732
0.250276
0.249906
0.251851
0.256703
0.26363
0.270493
0.274887
0.275348
0.271955
0.266071
0.259545
0.253911
0.24996
0.24776
0.246939
0.247003
0.247545
0.248315
0.249201
0.250182
0.251271
0.252495
0.253876
0.25543
0.257166
0.25909
0.261197
0.259218
0.257685
0.256218
0.254805
0.253339
0.251733
0.250274
0.249896
0.251832
0.256681
0.263616
0.270498
0.27491
0.275375
0.271967
0.266054
0.259495
0.253831
0.249857
0.247642
0.246807
0.246853
0.247369
0.248101
0.248937
0.24985
0.250854
0.251972
0.253222
0.254617
0.256165
0.257867
0.259719
0.259218
0.257685
0.256218
0.254805
0.25334
0.251733
0.250272
0.249888
0.251816
0.256662
0.263605
0.270502
0.274926
0.275391
0.271965
0.266022
0.259429
0.253737
0.249744
0.247515
0.246668
0.246699
0.247191
0.247888
0.248677
0.24953
0.250457
0.251479
0.252613
0.253869
0.255253
0.256764
0.258397
0.259218
0.257686
0.256218
0.254805
0.253341
0.251734
0.250271
0.24988
0.251801
0.256646
0.263596
0.270506
0.274939
0.275399
0.271953
0.265979
0.259354
0.253636
0.249626
0.247386
0.246529
0.246545
0.247015
0.24768
0.248426
0.249222
0.25008
0.251017
0.252048
0.253182
0.254423
0.25577
0.257217
0.259218
0.257686
0.256219
0.254806
0.253341
0.251735
0.250269
0.249873
0.251788
0.256631
0.263587
0.270508
0.274948
0.275402
0.271935
0.26593
0.259275
0.253534
0.249509
0.24726
0.246393
0.246396
0.246845
0.24748
0.248186
0.248931
0.249726
0.250586
0.251526
0.252554
0.253671
0.254875
0.256162
0.259219
0.257686
0.256219
0.254806
0.253342
0.251735
0.250267
0.249867
0.251776
0.256617
0.263579
0.270509
0.274954
0.275401
0.271914
0.26588
0.259197
0.253434
0.249397
0.247139
0.246264
0.246254
0.246683
0.247291
0.247959
0.248658
0.249396
0.250188
0.251048
0.251981
0.25299
0.254071
0.255221
0.259219
0.257686
0.256219
0.254806
0.253342
0.251735
0.250266
0.249861
0.251764
0.256604
0.26357
0.270509
0.274959
0.275399
0.271892
0.265832
0.259123
0.253342
0.249293
0.247028
0.246145
0.246123
0.246533
0.247114
0.247748
0.248405
0.249091
0.249823
0.250611
0.251462
0.252376
0.253351
0.254383
0.259219
0.257686
0.256219
0.254806
0.253342
0.251735
0.250264
0.249855
0.251753
0.25659
0.263561
0.270507
0.274962
0.275397
0.271873
0.26579
0.259058
0.25326
0.2492
0.246928
0.246039
0.246005
0.246397
0.246953
0.247555
0.248173
0.248813
0.24949
0.250215
0.250993
0.251824
0.252707
0.253637
0.259219
0.257686
0.256219
0.254805
0.253342
0.251735
0.250262
0.249848
0.251741
0.256576
0.263549
0.270503
0.274963
0.275395
0.271858
0.265755
0.259003
0.25319
0.249121
0.246843
0.245946
0.2459
0.246275
0.246808
0.247381
0.247963
0.248561
0.249189
0.249858
0.250572
0.251331
0.252134
0.252976
0.259219
0.257686
0.256219
0.254805
0.253342
0.251735
0.250261
0.249842
0.251729
0.25656
0.263535
0.270497
0.274963
0.275394
0.271847
0.265728
0.258959
0.253133
0.249056
0.246772
0.245867
0.24581
0.246169
0.24668
0.247226
0.247776
0.248336
0.24892
0.249539
0.250197
0.250893
0.251627
0.252393
0.259219
0.257686
0.256218
0.254804
0.253341
0.251734
0.250258
0.249835
0.251716
0.256542
0.263519
0.270488
0.274962
0.275396
0.271843
0.265711
0.258929
0.253091
0.249006
0.246716
0.245804
0.245736
0.246079
0.246569
0.24709
0.247611
0.248137
0.248682
0.249257
0.249865
0.250506
0.251179
0.25188
0.259219
0.257686
0.256218
0.254804
0.253342
0.251735
0.250258
0.24983
0.251704
0.256524
0.263501
0.270476
0.274959
0.275398
0.271843
0.265702
0.258909
0.253062
0.24897
0.246674
0.245754
0.245676
0.246004
0.246476
0.246974
0.247468
0.247964
0.248474
0.249009
0.249574
0.250167
0.250787
0.251431
0.259218
0.257685
0.256217
0.254802
0.253339
0.251733
0.250254
0.249822
0.251688
0.256503
0.263481
0.270463
0.274957
0.275404
0.27185
0.265704
0.258902
0.253047
0.248948
0.246645
0.245718
0.24563
0.245945
0.2464
0.246877
0.247347
0.247815
0.248294
0.248795
0.249321
0.249872
0.250447
0.251042
0.259218
0.257686
0.256219
0.254807
0.253345
0.25174
0.25026
0.249824
0.251683
0.256491
0.263465
0.270452
0.274955
0.27541
0.271859
0.26571
0.258901
0.253039
0.248935
0.246627
0.245695
0.245598
0.245901
0.246341
0.2468
0.247248
0.247692
0.248144
0.248614
0.249107
0.249621
0.250156
0.250709
0.259218
0.257684
0.256216
0.254802
0.253341
0.251737
0.250257
0.249818
0.251672
0.256475
0.26345
0.270444
0.274959
0.275424
0.271878
0.265727
0.258914
0.253045
0.248935
0.246623
0.245684
0.245579
0.245871
0.246297
0.24674
0.247169
0.24759
0.248018
0.248461
0.248924
0.249407
0.249909
0.250426
0.259219
0.257692
0.256233
0.254827
0.253372
0.251772
0.250295
0.249855
0.251703
0.256498
0.263463
0.27045
0.274959
0.275421
0.271873
0.26572
0.258906
0.253038
0.248929
0.246617
0.245677
0.245568
0.245853
0.246267
0.246695
0.247108
0.24751
0.247917
0.248337
0.248775
0.249232
0.249704
0.250192
0.259219
0.25769
0.256233
0.254833
0.253386
0.251794
0.250322
0.249881
0.251719
0.256497
0.263444
0.270417
0.274921
0.275385
0.271842
0.265695
0.258883
0.253017
0.248907
0.246592
0.245645
0.245526
0.245796
0.246195
0.246605
0.246997
0.247379
0.247765
0.248163
0.248579
0.249012
0.249461
0.249925
0.259231
0.257748
0.256326
0.254946
0.253509
0.251921
0.250441
0.24997
0.251743
0.25642
0.263247
0.27011
0.274538
0.274971
0.271435
0.26532
0.258549
0.25272
0.248639
0.246339
0.245394
0.245265
0.245517
0.245891
0.246274
0.246639
0.246993
0.247351
0.247723
0.248112
0.24852
0.248944
0.249384
0.259262
0.257814
0.256452
0.255138
0.253739
0.252145
0.250592
0.249938
0.251405
0.2557
0.262182
0.268849
0.273273
0.273845
0.270499
0.264544
0.257871
0.252083
0.248005
0.245687
0.244712
0.244544
0.244751
0.245078
0.245413
0.245729
0.246037
0.24635
0.246677
0.247023
0.247388
0.24777
0.248169
0.259606
0.258649
0.257605
0.256601
0.255624
0.254558
0.253536
0.253265
0.254844
0.258983
0.265176
0.271617
0.276031
0.276858
0.273984
0.268631
0.262604
0.257437
0.253902
0.252013
0.251339
0.251354
0.251652
0.252005
0.252328
0.25261
0.252867
0.253115
0.253364
0.253616
0.253871
0.254127
0.254384
0.266719
0.280569
0.294252
0.307643
0.320673
0.333303
0.345583
0.357668
0.369651
0.38127
0.391772
0.40013
0.405535
0.407818
0.407536
0.405685
0.403277
0.401015
0.399202
0.397834
0.396763
0.395824
0.394906
0.393956
0.392958
0.391919
0.390845
0.389745
0.38862
0.387476
0.386311
0.385135
0.383919
0.8743
0.889054
0.684622
0.479102
0.816383
1.38788
1.88504
2.27344
2.5471
2.68577
2.65579
2.44593
2.09024
1.66531
1.26154
0.941371
0.718153
0.572492
0.479073
0.418331
0.377404
0.348554
0.32733
0.311167
0.298543
0.288508
0.280435
0.273884
0.268534
0.264147
0.260538
0.257566
0.255118
0.253102
0.251446
0.250088
0.248977
0.248073
0.24734
0.246749
0.246275
0.245898
0.245602
0.245371
0.245193
0.245059
0.244961
0.244891
0.244844
0.244815
0.244799
0.244795
0.244799
0.244809
0.244823
0.244841
0.24486
0.244881
0.244901
0.244922
0.244942
0.244961
0.244979
0.244996
0.245012
0.245026
0.245039
0.245051
0.245062
0.245071
0.24508
0.245087
0.245093
0.245098
0.245103
0.245106
0.245109
0.245112
0.245113
0.245115
0.245115
0.245116
0.245116
0.245115
0.245114
0.245114
0.245112
0.245111
0.245109
0.245108
0.245106
0.245104
0.245102
0.2451
0.245098
0.245095
0.245094
0.245089
0.2451
0.245018
0.276416
0.279192
0.350293
0.583907
0.919477
1.30821
1.67594
1.97663
2.1959
2.31118
2.29135
2.12352
1.83276
1.4809
1.1423
0.869707
0.676832
0.549694
0.467209
0.412365
0.374337
0.346919
0.326518
0.310925
0.298731
0.289021
0.281186
0.274803
0.269564
0.265241
0.26166
0.258685
0.25621
0.254151
0.252438
0.251015
0.249834
0.248857
0.24805
0.247387
0.246843
0.246399
0.246038
0.245747
0.245514
0.245328
0.245182
0.245068
0.24498
0.244913
0.244864
0.244829
0.244805
0.24479
0.244781
0.244777
0.244778
0.244781
0.244786
0.244793
0.2448
0.244808
0.244816
0.244824
0.244831
0.244838
0.244845
0.24485
0.244856
0.24486
0.244864
0.244868
0.24487
0.244872
0.244874
0.244875
0.244876
0.244876
0.244876
0.244876
0.244875
0.244874
0.244873
0.244872
0.24487
0.244868
0.244866
0.244864
0.244862
0.24486
0.244858
0.244856
0.244853
0.244851
0.244848
0.244846
0.244844
0.244839
0.24485
0.244768
0.299576
0.344463
0.432889
0.603807
0.865291
1.17001
1.45744
1.6965
1.87374
1.96927
1.95771
1.82697
1.59488
1.30969
1.03104
0.802732
0.638316
0.528233
0.455506
0.405928
0.370632
0.344676
0.325152
0.31016
0.298411
0.289042
0.281469
0.275285
0.270195
0.265978
0.262468
0.259535
0.257078
0.255017
0.253286
0.251832
0.250612
0.249588
0.248731
0.248013
0.247415
0.246916
0.246501
0.246157
0.245873
0.24564
0.245447
0.24529
0.245162
0.245058
0.244974
0.244907
0.244853
0.24481
0.244776
0.24475
0.244729
0.244713
0.2447
0.244691
0.244684
0.244679
0.244675
0.244672
0.244669
0.244667
0.244666
0.244665
0.244663
0.244662
0.244661
0.24466
0.244658
0.244657
0.244655
0.244653
0.244651
0.244649
0.244647
0.244645
0.244642
0.24464
0.244637
0.244635
0.244632
0.244629
0.244627
0.244624
0.244621
0.244618
0.244615
0.244613
0.24461
0.244607
0.244604
0.244601
0.244599
0.244594
0.244605
0.244523
0.324662
0.373121
0.458927
0.602504
0.802576
1.03163
1.25305
1.44202
1.58421
1.66287
1.65807
1.55923
1.37851
1.15247
0.927761
0.740027
0.601983
0.507553
0.443643
0.3989
0.366267
0.341838
0.323257
0.308899
0.29761
0.28859
0.281288
0.275316
0.270393
0.266305
0.262893
0.260033
0.257626
0.255596
0.253881
0.25243
0.251202
0.250161
0.24928
0.248535
0.247904
0.24737
0.24692
0.246539
0.246219
0.245948
0.245721
0.24553
0.245369
0.245234
0.245121
0.245026
0.244946
0.244879
0.244823
0.244776
0.244736
0.244702
0.244674
0.244649
0.244629
0.244611
0.244596
0.244582
0.244571
0.24456
0.244551
0.244543
0.244536
0.244529
0.244522
0.244517
0.244511
0.244506
0.244501
0.244496
0.244492
0.244487
0.244483
0.244479
0.244475
0.244471
0.244467
0.244463
0.24446
0.244456
0.244452
0.244449
0.244445
0.244442
0.244439
0.244435
0.244432
0.244429
0.244426
0.244423
0.24442
0.244415
0.244426
0.244344
0.335622
0.382969
0.457853
0.572534
0.725534
0.898797
1.06819
1.21554
1.32848
1.39328
1.3943
1.32248
1.18567
1.01078
0.833439
0.681986
0.567829
0.487567
0.431635
0.391384
0.361365
0.338519
0.320939
0.307249
0.296433
0.287764
0.280732
0.274972
0.270217
0.266265
0.262961
0.260186
0.257846
0.255867
0.254189
0.252763
0.25155
0.250516
0.249635
0.248883
0.248242
0.247694
0.247226
0.246827
0.246486
0.246195
0.245946
0.245734
0.245552
0.245396
0.245263
0.245149
0.245051
0.244967
0.244895
0.244832
0.244778
0.244731
0.244691
0.244655
0.244624
0.244597
0.244573
0.244551
0.244532
0.244516
0.2445
0.244487
0.244474
0.244463
0.244453
0.244443
0.244434
0.244426
0.244419
0.244412
0.244405
0.244399
0.244393
0.244387
0.244382
0.244377
0.244372
0.244367
0.244363
0.244358
0.244354
0.24435
0.244346
0.244342
0.244338
0.244335
0.244331
0.244328
0.244324
0.244321
0.244318
0.244313
0.244324
0.244241
0.335996
0.378466
0.4414
0.53186
0.647881
0.777469
0.90522
1.01858
1.10762
1.16127
1.16724
1.11777
1.01754
0.885742
0.7489
0.629018
0.535953
0.468316
0.419591
0.383531
0.356072
0.334846
0.318315
0.305324
0.294994
0.28668
0.279916
0.274364
0.269773
0.265952
0.262755
0.260067
0.257798
0.255876
0.254243
0.252853
0.251667
0.250653
0.249786
0.249043
0.248406
0.247859
0.247389
0.246985
0.246638
0.246339
0.246081
0.245859
0.245667
0.245501
0.245358
0.245233
0.245125
0.245032
0.24495
0.244878
0.244816
0.244761
0.244713
0.244671
0.244633
0.2446
0.244571
0.244544
0.244521
0.2445
0.244481
0.244463
0.244448
0.244434
0.244421
0.244409
0.244398
0.244388
0.244379
0.24437
0.244362
0.244355
0.244348
0.244341
0.244335
0.244329
0.244323
0.244318
0.244313
0.244308
0.244303
0.244299
0.244295
0.244291
0.244287
0.244283
0.244279
0.244275
0.244272
0.244268
0.244265
0.244259
0.244271
0.244187
0.330462
0.366736
0.4179
0.487833
0.574794
0.670973
0.766492
0.852849
0.922592
0.967133
0.976817
0.945098
0.874338
0.777753
0.674534
0.58133
0.506416
0.449857
0.407625
0.375485
0.35052
0.330928
0.315477
0.303213
0.293387
0.285435
0.27894
0.273593
0.269162
0.265468
0.262373
0.259768
0.257566
0.2557
0.254114
0.252762
0.251607
0.250618
0.249771
0.249044
0.248419
0.247881
0.247418
0.247018
0.246673
0.246375
0.246117
0.245893
0.245699
0.24553
0.245384
0.245256
0.245144
0.245047
0.244962
0.244887
0.244821
0.244762
0.244711
0.244665
0.244625
0.244589
0.244557
0.244528
0.244502
0.244479
0.244458
0.244439
0.244422
0.244406
0.244392
0.244379
0.244367
0.244356
0.244346
0.244337
0.244328
0.24432
0.244312
0.244305
0.244298
0.244292
0.244286
0.244281
0.244275
0.24427
0.244265
0.244261
0.244256
0.244252
0.244248
0.244244
0.24424
0.244236
0.244233
0.244229
0.244226
0.24422
0.244231
0.244148
0.322238
0.352232
0.392929
0.446387
0.511224
0.58238
0.653502
0.718894
0.773188
0.809959
0.821811
0.803329
0.75532
0.68648
0.610249
0.538898
0.479218
0.432245
0.395847
0.36737
0.344816
0.326848
0.312495
0.300978
0.291673
0.284094
0.277873
0.272733
0.268461
0.264891
0.261894
0.259368
0.257231
0.255418
0.253876
0.25256
0.251436
0.250473
0.249647
0.248938
0.248328
0.247802
0.247349
0.246958
0.246619
0.246326
0.246072
0.245852
0.24566
0.245493
0.245348
0.245221
0.24511
0.245012
0.244927
0.244851
0.244785
0.244726
0.244674
0.244628
0.244587
0.24455
0.244518
0.244488
0.244462
0.244438
0.244417
0.244397
0.244379
0.244363
0.244349
0.244335
0.244323
0.244312
0.244301
0.244292
0.244283
0.244274
0.244267
0.244259
0.244253
0.244246
0.24424
0.244234
0.244229
0.244224
0.244219
0.244214
0.24421
0.244205
0.244201
0.244197
0.244193
0.244189
0.244186
0.244182
0.244179
0.244173
0.244184
0.244101
0.31344
0.337838
0.369899
0.410681
0.459158
0.512062
0.565233
0.614786
0.656906
0.686939
0.699423
0.690063
0.658731
0.610847
0.555495
0.501497
0.454313
0.415534
0.384356
0.359289
0.339046
0.322671
0.309417
0.298661
0.289891
0.282696
0.276758
0.271828
0.267716
0.26427
0.261371
0.258922
0.256848
0.255086
0.253586
0.252305
0.25121
0.250272
0.249467
0.248775
0.24818
0.247668
0.247225
0.246843
0.246513
0.246227
0.245979
0.245764
0.245576
0.245413
0.245271
0.245147
0.245038
0.244942
0.244859
0.244785
0.244719
0.244662
0.244611
0.244565
0.244525
0.244489
0.244456
0.244427
0.244401
0.244378
0.244357
0.244337
0.24432
0.244304
0.24429
0.244276
0.244264
0.244253
0.244243
0.244233
0.244224
0.244216
0.244208
0.244201
0.244194
0.244188
0.244182
0.244176
0.24417
0.244165
0.24416
0.244156
0.244151
0.244147
0.244142
0.244138
0.244135
0.244131
0.244127
0.244123
0.24412
0.244114
0.244125
0.244042
0.305171
0.324934
0.35022
0.381557
0.418208
0.458038
0.498258
0.536128
0.568888
0.593215
0.605201
0.601601
0.58184
0.549107
0.509341
0.468746
0.431626
0.399781
0.373243
0.351329
0.333281
0.31845
0.306281
0.29629
0.288064
0.281263
0.275614
0.270902
0.266954
0.263634
0.260833
0.258462
0.25645
0.254738
0.253278
0.252031
0.250964
0.250049
0.249264
0.24859
0.24801
0.24751
0.247078
0.246706
0.246384
0.246105
0.245864
0.245654
0.245472
0.245313
0.245175
0.245054
0.244948
0.244856
0.244774
0.244702
0.244639
0.244583
0.244534
0.24449
0.24445
0.244415
0.244384
0.244356
0.244331
0.244308
0.244287
0.244269
0.244252
0.244236
0.244222
0.244209
0.244197
0.244186
0.244176
0.244167
0.244158
0.24415
0.244142
0.244135
0.244128
0.244122
0.244116
0.24411
0.244105
0.2441
0.244095
0.24409
0.244086
0.244081
0.244077
0.244073
0.244069
0.244065
0.244062
0.244058
0.244055
0.244049
0.24406
0.243976
0.297853
0.313916
0.334012
0.358399
0.386544
0.417033
0.44795
0.477299
0.503023
0.522716
0.533621
0.533369
0.521265
0.499091
0.470634
0.440186
0.411067
0.385038
0.362593
0.343567
0.327581
0.314229
0.303119
0.293888
0.28621
0.279809
0.274456
0.269965
0.266185
0.262995
0.260294
0.258001
0.256051
0.254389
0.25297
0.251757
0.250717
0.249826
0.24906
0.248402
0.247836
0.247348
0.246927
0.246564
0.24625
0.245979
0.245744
0.24554
0.245363
0.245208
0.245074
0.244957
0.244855
0.244765
0.244686
0.244617
0.244556
0.244502
0.244454
0.244412
0.244374
0.24434
0.24431
0.244283
0.244258
0.244236
0.244217
0.244198
0.244182
0.244167
0.244153
0.244141
0.244129
0.244119
0.244109
0.2441
0.244091
0.244083
0.244076
0.244069
0.244062
0.244056
0.24405
0.244044
0.244039
0.244034
0.244029
0.244024
0.24402
0.244016
0.244011
0.244007
0.244003
0.244
0.243996
0.243992
0.243989
0.243983
0.243994
0.24391
0.291536
0.304681
0.320819
0.340066
0.362036
0.385768
0.40992
0.433011
0.453466
0.469505
0.47916
0.480725
0.473541
0.458566
0.438188
0.415341
0.392535
0.371349
0.352479
0.336068
0.321997
0.310047
0.299959
0.291473
0.28434
0.278342
0.273289
0.269024
0.265416
0.262357
0.259758
0.257546
0.255659
0.254048
0.25267
0.251489
0.250477
0.249609
0.248862
0.24822
0.247668
0.247192
0.246781
0.246427
0.246121
0.245857
0.245628
0.245429
0.245257
0.245107
0.244977
0.244864
0.244764
0.244678
0.244602
0.244535
0.244476
0.244424
0.244378
0.244337
0.244301
0.244268
0.244239
0.244213
0.24419
0.244169
0.244149
0.244132
0.244116
0.244102
0.244089
0.244077
0.244065
0.244055
0.244045
0.244037
0.244028
0.24402
0.244013
0.244006
0.244
0.243994
0.243988
0.243982
0.243977
0.243972
0.243967
0.243963
0.243958
0.243954
0.24395
0.243946
0.243942
0.243938
0.243934
0.243931
0.243927
0.243921
0.243933
0.243848
0.286117
0.29696
0.310055
0.32545
0.342855
0.361603
0.380734
0.399136
0.415595
0.428765
0.437212
0.439692
0.43564
0.425552
0.410924
0.393756
0.375915
0.358734
0.342956
0.328886
0.316575
0.305938
0.296827
0.289064
0.282469
0.276871
0.272119
0.268082
0.264648
0.261723
0.259228
0.257097
0.255275
0.253715
0.252379
0.251232
0.250247
0.249401
0.248673
0.248048
0.247509
0.247044
0.246644
0.246298
0.246
0.245742
0.245519
0.245326
0.245159
0.245013
0.244887
0.244777
0.244681
0.244597
0.244523
0.244459
0.244402
0.244352
0.244308
0.244268
0.244233
0.244202
0.244174
0.244149
0.244127
0.244107
0.244088
0.244071
0.244056
0.244042
0.24403
0.244018
0.244007
0.243997
0.243988
0.243979
0.243971
0.243964
0.243956
0.24395
0.243943
0.243937
0.243932
0.243926
0.243921
0.243916
0.243911
0.243907
0.243902
0.243898
0.243894
0.24389
0.243886
0.243882
0.243878
0.243874
0.243871
0.243865
0.243876
0.243792
0.281462
0.290472
0.301201
0.313659
0.327625
0.342621
0.357948
0.372766
0.386135
0.397028
0.404377
0.407259
0.405206
0.398453
0.38794
0.375025
0.361081
0.347193
0.334063
0.322066
0.311353
0.301934
0.293746
0.286678
0.280606
0.275403
0.270951
0.267142
0.263883
0.261094
0.258705
0.256657
0.2549
0.253392
0.252097
0.250984
0.250027
0.249203
0.248495
0.247884
0.247359
0.246906
0.246515
0.246178
0.245887
0.245636
0.245419
0.245231
0.245068
0.244927
0.244804
0.244697
0.244604
0.244523
0.244452
0.24439
0.244335
0.244286
0.244244
0.244206
0.244172
0.244143
0.244116
0.244092
0.24407
0.244051
0.244033
0.244017
0.244002
0.243989
0.243977
0.243965
0.243955
0.243945
0.243936
0.243928
0.24392
0.243913
0.243906
0.243899
0.243893
0.243887
0.243881
0.243876
0.243871
0.243866
0.243861
0.243856
0.243852
0.243848
0.243843
0.243839
0.243836
0.243832
0.243828
0.243824
0.243821
0.243815
0.243826
0.243741
0.277443
0.284983
0.293849
0.304032
0.315361
0.327483
0.33988
0.351912
0.362855
0.371917
0.378291
0.381283
0.380506
0.376049
0.368501
0.358783
0.347896
0.336701
0.32582
0.315639
0.306361
0.298062
0.290736
0.28433
0.278763
0.273947
0.26979
0.266208
0.263125
0.260471
0.258188
0.256224
0.254533
0.253077
0.251824
0.250745
0.249816
0.249015
0.248325
0.24773
0.247218
0.246776
0.246395
0.246067
0.245783
0.245538
0.245326
0.245143
0.244985
0.244847
0.244728
0.244625
0.244534
0.244456
0.244387
0.244327
0.244274
0.244227
0.244186
0.24415
0.244118
0.244089
0.244063
0.24404
0.244019
0.244001
0.243984
0.243968
0.243954
0.243941
0.243929
0.243918
0.243908
0.243899
0.24389
0.243882
0.243874
0.243867
0.24386
0.243854
0.243848
0.243842
0.243836
0.243831
0.243826
0.243821
0.243816
0.243812
0.243807
0.243803
0.243799
0.243795
0.243791
0.243787
0.243783
0.24378
0.243776
0.24377
0.243782
0.243696
0.273956
0.280306
0.287688
0.296085
0.30536
0.315249
0.32536
0.335203
0.344218
0.351793
0.357315
0.36025
0.36028
0.357414
0.352016
0.344709
0.336218
0.327215
0.318228
0.309624
0.301624
0.294343
0.287818
0.282035
0.276952
0.272509
0.268641
0.265284
0.262374
0.259857
0.25768
0.255799
0.254174
0.252771
0.25156
0.250515
0.249613
0.248835
0.248164
0.247585
0.247086
0.246655
0.246283
0.245963
0.245686
0.245447
0.245241
0.245062
0.244908
0.244775
0.244659
0.244558
0.244471
0.244394
0.244328
0.24427
0.244219
0.244174
0.244134
0.244099
0.244068
0.24404
0.244016
0.243994
0.243974
0.243956
0.243939
0.243924
0.243911
0.243898
0.243887
0.243876
0.243867
0.243857
0.243849
0.243841
0.243833
0.243826
0.24382
0.243813
0.243807
0.243802
0.243796
0.243791
0.243786
0.243781
0.243776
0.243772
0.243767
0.243763
0.243759
0.243755
0.243751
0.243747
0.243743
0.24374
0.243736
0.24373
0.243742
0.243656
0.270916
0.276294
0.282483
0.289461
0.297119
0.305252
0.31356
0.321667
0.329138
0.3355
0.340281
0.343068
0.343598
0.341838
0.338004
0.33252
0.325906
0.31868
0.311279
0.304031
0.297159
0.290796
0.285006
0.279806
0.275182
0.271098
0.26751
0.264372
0.261634
0.259251
0.257179
0.255382
0.253823
0.252473
0.251305
0.250293
0.249419
0.248664
0.248011
0.247447
0.246961
0.246541
0.246178
0.245866
0.245596
0.245363
0.245162
0.244988
0.244838
0.244708
0.244595
0.244497
0.244412
0.244339
0.244274
0.244218
0.244169
0.244125
0.244087
0.244053
0.244023
0.243997
0.243973
0.243952
0.243932
0.243915
0.243899
0.243885
0.243872
0.24386
0.243849
0.243839
0.243829
0.24382
0.243812
0.243804
0.243797
0.24379
0.243784
0.243777
0.243771
0.243766
0.24376
0.243755
0.24375
0.243745
0.243741
0.243736
0.243732
0.243728
0.243723
0.243719
0.243715
0.243712
0.243708
0.243704
0.243701
0.243695
0.243706
0.24362
0.268254
0.272834
0.278056
0.283896
0.290265
0.297004
0.30388
0.3106
0.316827
0.322195
0.326336
0.328929
0.329756
0.328762
0.326071
0.321966
0.316821
0.311031
0.304949
0.298861
0.292977
0.287435
0.282315
0.277655
0.273461
0.269719
0.266402
0.263476
0.260906
0.258655
0.256688
0.254974
0.253481
0.252184
0.251057
0.25008
0.249233
0.2485
0.247865
0.247317
0.246843
0.246434
0.24608
0.245775
0.245512
0.245285
0.245088
0.244919
0.244773
0.244646
0.244536
0.244442
0.244359
0.244287
0.244225
0.244171
0.244123
0.244081
0.244044
0.244012
0.243983
0.243957
0.243934
0.243914
0.243895
0.243879
0.243863
0.24385
0.243837
0.243825
0.243815
0.243805
0.243796
0.243787
0.243779
0.243771
0.243764
0.243758
0.243751
0.243745
0.243739
0.243734
0.243728
0.243723
0.243718
0.243713
0.243709
0.243704
0.2437
0.243696
0.243692
0.243688
0.243684
0.24368
0.243676
0.243672
0.243669
0.243663
0.243674
0.243588
0.265914
0.269835
0.274267
0.279187
0.284522
0.290144
0.295872
0.301478
0.306698
0.311247
0.31484
0.317221
0.318211
0.317744
0.315888
0.312828
0.308833
0.304198
0.299209
0.294107
0.289082
0.284268
0.279754
0.27559
0.271798
0.268379
0.26532
0.2626
0.260193
0.258071
0.256208
0.254575
0.253147
0.251902
0.250817
0.249874
0.249054
0.248343
0.247727
0.247193
0.246732
0.246333
0.245988
0.245691
0.245434
0.245212
0.245021
0.244855
0.244713
0.244589
0.244483
0.24439
0.24431
0.244241
0.24418
0.244127
0.244081
0.244041
0.244005
0.243974
0.243946
0.243921
0.243899
0.243879
0.243862
0.243845
0.243831
0.243818
0.243805
0.243794
0.243784
0.243774
0.243765
0.243757
0.243749
0.243742
0.243735
0.243728
0.243722
0.243716
0.24371
0.243705
0.243699
0.243694
0.243689
0.243685
0.24368
0.243676
0.243671
0.243667
0.243663
0.243659
0.243655
0.243651
0.243647
0.243644
0.24364
0.243634
0.243646
0.24356
0.263853
0.267227
0.27101
0.27518
0.279677
0.284399
0.289202
0.293908
0.298309
0.302182
0.305303
0.307471
0.308536
0.308429
0.307182
0.304915
0.301818
0.298113
0.294025
0.289756
0.285473
0.281301
0.277331
0.27362
0.2702
0.267084
0.264269
0.261746
0.259497
0.257501
0.255738
0.254186
0.252822
0.251629
0.250585
0.249675
0.248882
0.248193
0.247595
0.247076
0.246627
0.246238
0.245902
0.245611
0.245361
0.245144
0.244957
0.244796
0.244657
0.244537
0.244433
0.244343
0.244265
0.244198
0.244139
0.244088
0.244043
0.244004
0.243969
0.243939
0.243912
0.243888
0.243867
0.243848
0.243831
0.243815
0.243801
0.243789
0.243777
0.243766
0.243756
0.243747
0.243738
0.24373
0.243722
0.243715
0.243708
0.243702
0.243696
0.24369
0.243684
0.243679
0.243673
0.243668
0.243664
0.243659
0.243654
0.24365
0.243645
0.243641
0.243637
0.243633
0.243629
0.243625
0.243622
0.243618
0.243614
0.243608
0.24362
0.243534
0.262033
0.26495
0.268197
0.271753
0.275568
0.279559
0.283612
0.287586
0.291318
0.294631
0.29735
0.299313
0.300395
0.300531
0.299728
0.298062
0.295666
0.292706
0.28936
0.285791
0.282145
0.278536
0.275051
0.27175
0.268673
0.265838
0.263254
0.260918
0.25882
0.256946
0.255281
0.253807
0.252507
0.251363
0.250361
0.249483
0.248717
0.24805
0.247469
0.246965
0.246527
0.246148
0.245821
0.245537
0.245292
0.245081
0.244899
0.244741
0.244606
0.244488
0.244387
0.2443
0.244224
0.244158
0.244101
0.244051
0.244008
0.24397
0.243937
0.243907
0.243882
0.243859
0.243838
0.24382
0.243803
0.243788
0.243775
0.243762
0.243751
0.24374
0.243731
0.243722
0.243713
0.243705
0.243698
0.243691
0.243684
0.243678
0.243672
0.243666
0.24366
0.243655
0.24365
0.243645
0.24364
0.243635
0.243631
0.243626
0.243622
0.243618
0.243614
0.24361
0.243606
0.243602
0.243598
0.243594
0.243591
0.243585
0.243596
0.24351
0.260423
0.262957
0.265759
0.268809
0.272065
0.27546
0.278903
0.282279
0.285461
0.28831
0.290685
0.292456
0.29352
0.293815
0.293334
0.292123
0.290274
0.287912
0.285173
0.282192
0.279091
0.275972
0.272916
0.269985
0.26722
0.264646
0.262278
0.260119
0.258164
0.256408
0.254837
0.253439
0.2522
0.251107
0.250144
0.249299
0.248559
0.247912
0.247349
0.246859
0.246433
0.246064
0.245744
0.245468
0.245229
0.245022
0.244844
0.24469
0.244558
0.244443
0.244345
0.244259
0.244185
0.244122
0.244066
0.244018
0.243976
0.243939
0.243907
0.243878
0.243853
0.243831
0.243811
0.243794
0.243778
0.243763
0.24375
0.243738
0.243727
0.243717
0.243707
0.243699
0.24369
0.243683
0.243676
0.243669
0.243662
0.243656
0.24365
0.243644
0.243639
0.243633
0.243628
0.243623
0.243619
0.243614
0.243609
0.243605
0.243601
0.243597
0.243592
0.243588
0.243585
0.243581
0.243577
0.243573
0.24357
0.243564
0.243575
0.243489
0.258997
0.26121
0.263641
0.266272
0.269068
0.271974
0.274916
0.277803
0.280532
0.282993
0.285074
0.28667
0.287694
0.288089
0.287841
0.286974
0.285553
0.283669
0.281427
0.278936
0.276298
0.273604
0.270928
0.268327
0.265845
0.263512
0.261344
0.25935
0.257533
0.255887
0.254407
0.253083
0.251904
0.250859
0.249935
0.249121
0.248407
0.247781
0.247235
0.246758
0.246344
0.245984
0.245672
0.245402
0.245169
0.244967
0.244793
0.244643
0.244513
0.244402
0.244305
0.244222
0.24415
0.244088
0.244034
0.243987
0.243946
0.243911
0.243879
0.243852
0.243828
0.243806
0.243787
0.24377
0.243754
0.24374
0.243728
0.243716
0.243705
0.243695
0.243686
0.243678
0.24367
0.243662
0.243655
0.243649
0.243642
0.243636
0.24363
0.243625
0.243619
0.243614
0.243609
0.243604
0.243599
0.243595
0.24359
0.243586
0.243581
0.243577
0.243573
0.243569
0.243565
0.243561
0.243558
0.243554
0.243551
0.243544
0.243556
0.243469
0.257734
0.259676
0.261796
0.26408
0.266495
0.268998
0.271527
0.274011
0.276366
0.278503
0.280334
0.281771
0.282742
0.283197
0.283115
0.282509
0.281422
0.279919
0.278082
0.276
0.273756
0.271428
0.269084
0.266777
0.264552
0.262437
0.260454
0.258615
0.256926
0.255387
0.253993
0.25274
0.251619
0.25062
0.249734
0.248951
0.248261
0.247656
0.247126
0.246663
0.24626
0.245909
0.245605
0.245341
0.245113
0.244916
0.244746
0.244599
0.244472
0.244363
0.244269
0.244188
0.244118
0.244057
0.244004
0.243959
0.243919
0.243884
0.243854
0.243827
0.243804
0.243783
0.243764
0.243748
0.243733
0.243719
0.243707
0.243696
0.243685
0.243676
0.243667
0.243659
0.243651
0.243644
0.243637
0.24363
0.243624
0.243618
0.243612
0.243607
0.243601
0.243596
0.243591
0.243586
0.243581
0.243577
0.243572
0.243568
0.243564
0.24356
0.243556
0.243552
0.243548
0.243544
0.24354
0.243536
0.243533
0.243527
0.243538
0.243452
0.256616
0.258328
0.260188
0.26218
0.26428
0.266449
0.268638
0.270788
0.272832
0.274698
0.276314
0.27761
0.278523
0.279009
0.279045
0.278636
0.277808
0.27661
0.275104
0.27336
0.271449
0.269436
0.267382
0.265336
0.263339
0.261424
0.259611
0.257916
0.256347
0.254907
0.253596
0.25241
0.251344
0.25039
0.24954
0.248787
0.248122
0.247536
0.247022
0.246573
0.24618
0.245838
0.245541
0.245284
0.245061
0.244868
0.244702
0.244558
0.244434
0.244327
0.244235
0.244156
0.244087
0.244028
0.243977
0.243932
0.243894
0.24386
0.243831
0.243805
0.243782
0.243762
0.243744
0.243728
0.243713
0.2437
0.243688
0.243677
0.243667
0.243658
0.243649
0.243641
0.243634
0.243626
0.24362
0.243613
0.243607
0.243601
0.243595
0.24359
0.243585
0.24358
0.243575
0.24357
0.243565
0.243561
0.243556
0.243552
0.243548
0.243543
0.243539
0.243535
0.243531
0.243528
0.243524
0.24352
0.243517
0.243511
0.243522
0.243435
0.255626
0.257144
0.258784
0.260533
0.262369
0.26426
0.266167
0.26804
0.269825
0.271463
0.272897
0.274066
0.274919
0.275417
0.275536
0.275274
0.274649
0.273694
0.272457
0.270994
0.269363
0.26762
0.265817
0.264001
0.26221
0.260473
0.258816
0.257253
0.255796
0.25445
0.253216
0.252095
0.251081
0.25017
0.249356
0.248631
0.247989
0.247422
0.246924
0.246487
0.246105
0.245771
0.245481
0.24523
0.245012
0.244823
0.24466
0.24452
0.244398
0.244294
0.244204
0.244126
0.244059
0.244001
0.243951
0.243908
0.24387
0.243838
0.243809
0.243784
0.243762
0.243742
0.243725
0.243709
0.243695
0.243682
0.243671
0.24366
0.24365
0.243641
0.243633
0.243625
0.243618
0.243611
0.243604
0.243598
0.243592
0.243586
0.24358
0.243575
0.24357
0.243565
0.24356
0.243555
0.24355
0.243546
0.243541
0.243537
0.243533
0.243529
0.243525
0.243521
0.243517
0.243513
0.243509
0.243505
0.243502
0.243496
0.243507
0.24342
0.254751
0.256104
0.257558
0.259102
0.260717
0.262378
0.264049
0.265691
0.26726
0.268707
0.269984
0.271042
0.271837
0.272333
0.272509
0.272358
0.271889
0.271128
0.27011
0.26888
0.267484
0.265971
0.264387
0.262772
0.261162
0.259587
0.25807
0.256629
0.255275
0.254015
0.252855
0.251794
0.25083
0.24996
0.249179
0.248482
0.247863
0.247314
0.246831
0.246406
0.246033
0.245708
0.245425
0.245179
0.244966
0.244781
0.244622
0.244484
0.244365
0.244263
0.244175
0.244099
0.244033
0.243977
0.243928
0.243886
0.243849
0.243817
0.243789
0.243765
0.243743
0.243724
0.243707
0.243692
0.243678
0.243666
0.243655
0.243644
0.243635
0.243626
0.243618
0.24361
0.243603
0.243596
0.24359
0.243583
0.243577
0.243572
0.243566
0.243561
0.243556
0.243551
0.243546
0.243541
0.243537
0.243532
0.243528
0.243523
0.243519
0.243515
0.243511
0.243507
0.243503
0.243499
0.243495
0.243492
0.243488
0.243482
0.243494
0.243407
0.253979
0.255191
0.256487
0.257859
0.259289
0.260756
0.262231
0.263681
0.265068
0.266353
0.267496
0.268457
0.269196
0.269683
0.269897
0.269828
0.269482
0.268875
0.268034
0.266996
0.265798
0.26448
0.263084
0.261644
0.260195
0.258764
0.257374
0.256043
0.254784
0.253606
0.252513
0.251508
0.250592
0.249761
0.249012
0.248341
0.247743
0.247212
0.246742
0.246329
0.245966
0.245649
0.245373
0.245132
0.244923
0.244742
0.244586
0.244451
0.244334
0.244234
0.244148
0.244073
0.244009
0.243954
0.243906
0.243865
0.243829
0.243798
0.243771
0.243747
0.243726
0.243707
0.243691
0.243676
0.243663
0.243651
0.24364
0.24363
0.243621
0.243612
0.243604
0.243597
0.243589
0.243583
0.243576
0.24357
0.243564
0.243559
0.243553
0.243548
0.243543
0.243538
0.243533
0.243528
0.243524
0.243519
0.243515
0.243511
0.243506
0.243502
0.243498
0.243494
0.24349
0.243486
0.243483
0.243479
0.243476
0.243469
0.243481
0.243394
0.2533
0.254391
0.255554
0.25678
0.258055
0.259359
0.260669
0.261957
0.263192
0.264341
0.26537
0.266245
0.266933
0.267406
0.267644
0.267636
0.267384
0.2669
0.266203
0.265323
0.26429
0.263138
0.261903
0.260616
0.259308
0.258005
0.256729
0.255498
0.254326
0.253221
0.252191
0.251239
0.250367
0.249572
0.248853
0.248207
0.247629
0.247115
0.246659
0.246257
0.245904
0.245594
0.245323
0.245088
0.244883
0.244706
0.244552
0.24442
0.244306
0.244207
0.244123
0.24405
0.243987
0.243933
0.243886
0.243845
0.24381
0.24378
0.243754
0.24373
0.24371
0.243692
0.243676
0.243661
0.243649
0.243637
0.243626
0.243616
0.243607
0.243599
0.243591
0.243584
0.243577
0.24357
0.243564
0.243558
0.243552
0.243547
0.243541
0.243536
0.243531
0.243526
0.243521
0.243517
0.243512
0.243508
0.243503
0.243499
0.243495
0.243491
0.243487
0.243483
0.243479
0.243475
0.243471
0.243467
0.243464
0.243458
0.243469
0.243382
0.252705
0.253693
0.254742
0.255845
0.256988
0.258156
0.259328
0.260481
0.261587
0.262621
0.263552
0.264353
0.264994
0.26545
0.265702
0.26574
0.265561
0.265174
0.264593
0.263843
0.262947
0.261936
0.260838
0.259684
0.258499
0.257309
0.256135
0.254994
0.253899
0.252863
0.25189
0.250987
0.250156
0.249395
0.248705
0.248082
0.247523
0.247024
0.246581
0.246189
0.245845
0.245542
0.245277
0.245047
0.244846
0.244672
0.244521
0.244391
0.244279
0.244183
0.244099
0.244028
0.243966
0.243913
0.243867
0.243828
0.243793
0.243764
0.243738
0.243715
0.243695
0.243677
0.243662
0.243648
0.243635
0.243624
0.243613
0.243604
0.243595
0.243587
0.243579
0.243572
0.243565
0.243559
0.243553
0.243547
0.243541
0.243535
0.24353
0.243525
0.24352
0.243515
0.24351
0.243506
0.243501
0.243497
0.243492
0.243488
0.243484
0.24348
0.243476
0.243472
0.243468
0.243464
0.24346
0.243456
0.243453
0.243447
0.243459
0.243371
0.252186
0.253086
0.254039
0.255037
0.256069
0.257122
0.258178
0.259216
0.260215
0.261151
0.262
0.262736
0.263335
0.263773
0.264033
0.264104
0.263981
0.26367
0.263184
0.262539
0.261758
0.260864
0.259884
0.258843
0.257766
0.256675
0.255591
0.25453
0.253506
0.252531
0.251611
0.250753
0.249959
0.24923
0.248565
0.247964
0.247423
0.246939
0.246508
0.246126
0.245789
0.245493
0.245234
0.245008
0.244811
0.24464
0.244493
0.244365
0.244254
0.244159
0.244078
0.244007
0.243947
0.243895
0.24385
0.243811
0.243777
0.243748
0.243723
0.243701
0.243681
0.243664
0.243649
0.243635
0.243623
0.243612
0.243602
0.243592
0.243584
0.243576
0.243568
0.243561
0.243554
0.243548
0.243542
0.243536
0.243531
0.243525
0.24352
0.243515
0.24351
0.243505
0.2435
0.243496
0.243491
0.243487
0.243482
0.243478
0.243474
0.24347
0.243466
0.243462
0.243458
0.243454
0.24345
0.243446
0.243443
0.243437
0.243449
0.243361
0.251736
0.252561
0.253431
0.25434
0.255279
0.256235
0.257193
0.258136
0.259044
0.259898
0.260676
0.261358
0.26192
0.262341
0.262604
0.262698
0.262618
0.262367
0.261955
0.261397
0.26071
0.259916
0.259035
0.258091
0.257107
0.256103
0.255098
0.254108
0.253147
0.252227
0.251355
0.250537
0.249777
0.249077
0.248437
0.247855
0.247331
0.24686
0.246441
0.246068
0.245738
0.245449
0.245194
0.244972
0.244779
0.244611
0.244466
0.24434
0.244232
0.244138
0.244058
0.243988
0.243929
0.243878
0.243834
0.243795
0.243763
0.243734
0.243709
0.243688
0.243668
0.243652
0.243637
0.243623
0.243611
0.243601
0.243591
0.243582
0.243573
0.243565
0.243558
0.243551
0.243544
0.243538
0.243532
0.243526
0.243521
0.243515
0.24351
0.243505
0.2435
0.243495
0.243491
0.243486
0.243482
0.243477
0.243473
0.243469
0.243465
0.24346
0.243456
0.243452
0.243449
0.243445
0.243441
0.243437
0.243434
0.243428
0.243439
0.243352
0.251351
0.252112
0.252912
0.253747
0.254606
0.25548
0.256356
0.257217
0.258049
0.258834
0.259554
0.260189
0.26072
0.261125
0.261389
0.261498
0.26145
0.261245
0.260893
0.260404
0.259795
0.259082
0.258285
0.257425
0.25652
0.25559
0.254654
0.253727
0.252822
0.25195
0.25112
0.250339
0.24961
0.248936
0.248318
0.247755
0.247245
0.246787
0.246378
0.246014
0.245691
0.245407
0.245158
0.244939
0.244749
0.244584
0.244441
0.244317
0.24421
0.244118
0.244039
0.243971
0.243912
0.243862
0.243818
0.243781
0.243749
0.243721
0.243696
0.243675
0.243656
0.24364
0.243625
0.243612
0.243601
0.24359
0.24358
0.243571
0.243563
0.243555
0.243548
0.243541
0.243535
0.243529
0.243523
0.243517
0.243512
0.243506
0.243501
0.243496
0.243491
0.243486
0.243482
0.243477
0.243473
0.243468
0.243464
0.24346
0.243456
0.243452
0.243448
0.243444
0.24344
0.243436
0.243432
0.243428
0.243425
0.243419
0.24343
0.243343
0.251024
0.251731
0.252473
0.253245
0.254039
0.254845
0.255653
0.256448
0.257216
0.257945
0.258618
0.259218
0.259725
0.260119
0.260382
0.260504
0.260478
0.260309
0.260003
0.259571
0.259025
0.258379
0.257652
0.25686
0.256022
0.255155
0.254277
0.253403
0.252545
0.251715
0.250921
0.250171
0.249468
0.248817
0.248217
0.247669
0.247173
0.246725
0.246324
0.245967
0.24565
0.245371
0.245125
0.24491
0.244723
0.24456
0.244418
0.244296
0.244191
0.2441
0.244021
0.243954
0.243896
0.243846
0.243804
0.243767
0.243735
0.243707
0.243683
0.243662
0.243644
0.243628
0.243614
0.243601
0.243589
0.243579
0.243569
0.24356
0.243552
0.243545
0.243538
0.243531
0.243525
0.243518
0.243513
0.243507
0.243502
0.243496
0.243491
0.243486
0.243481
0.243477
0.243472
0.243467
0.243463
0.243459
0.243454
0.24345
0.243446
0.243442
0.243438
0.243434
0.24343
0.243426
0.243422
0.243418
0.243415
0.243409
0.243421
0.243333
0.250753
0.251416
0.25211
0.252831
0.253573
0.254325
0.255078
0.255821
0.256541
0.257228
0.257869
0.258448
0.258945
0.259337
0.259606
0.259739
0.259733
0.259592
0.259323
0.258936
0.25844
0.257849
0.257177
0.256438
0.255652
0.254833
0.253999
0.253164
0.252341
0.251542
0.250774
0.250047
0.249363
0.248727
0.24814
0.247603
0.247115
0.246674
0.246279
0.245926
0.245613
0.245337
0.245094
0.244881
0.244695
0.244533
0.244393
0.244271
0.244166
0.244076
0.243998
0.243931
0.243874
0.243825
0.243782
0.243745
0.243714
0.243686
0.243663
0.243642
0.243624
0.243608
0.243594
0.243581
0.24357
0.243559
0.24355
0.243541
0.243533
0.243525
0.243518
0.243512
0.243505
0.243499
0.243494
0.243488
0.243483
0.243477
0.243472
0.243467
0.243462
0.243458
0.243453
0.243448
0.243444
0.24344
0.243435
0.243431
0.243427
0.243423
0.243419
0.243415
0.243411
0.243407
0.243403
0.243399
0.243396
0.24339
0.243401
0.243314
0.250458
0.251087
0.251748
0.252434
0.253141
0.253861
0.254583
0.255298
0.255998
0.256673
0.257312
0.257899
0.258412
0.258824
0.259114
0.25927
0.259292
0.259184
0.258954
0.25861
0.258159
0.257612
0.25698
0.256278
0.255523
0.254732
0.253919
0.253102
0.252292
0.251502
0.250741
0.250017
0.249335
0.248699
0.248111
0.247571
0.247081
0.246637
0.246239
0.245883
0.245567
0.245287
0.245042
0.244826
0.244638
0.244474
0.244332
0.244209
0.244103
0.244011
0.243932
0.243864
0.243806
0.243756
0.243713
0.243676
0.243644
0.243616
0.243592
0.243571
0.243552
0.243536
0.243522
0.243509
0.243497
0.243487
0.243477
0.243468
0.24346
0.243453
0.243445
0.243439
0.243432
0.243426
0.24342
0.243415
0.243409
0.243404
0.243399
0.243394
0.243389
0.243384
0.243379
0.243374
0.24337
0.243365
0.243361
0.243357
0.243353
0.243348
0.243344
0.24334
0.243336
0.243332
0.243328
0.243325
0.243321
0.243315
0.243327
0.243238
0.249889
0.250488
0.251119
0.251779
0.252462
0.253162
0.253869
0.254576
0.255275
0.255959
0.256618
0.257233
0.257777
0.258221
0.258541
0.258731
0.25879
0.258727
0.258547
0.258253
0.257849
0.257343
0.256745
0.25607
0.255335
0.254557
0.253752
0.252937
0.252125
0.25133
0.250561
0.249827
0.249134
0.248486
0.247887
0.247336
0.246835
0.246382
0.245975
0.245611
0.245287
0.245002
0.24475
0.24453
0.244337
0.24417
0.244025
0.243899
0.243791
0.243697
0.243617
0.243548
0.243488
0.243437
0.243393
0.243356
0.243323
0.243294
0.24327
0.243248
0.24323
0.243213
0.243198
0.243185
0.243173
0.243162
0.243152
0.243143
0.243135
0.243127
0.24312
0.243113
0.243106
0.2431
0.243093
0.243088
0.243082
0.243076
0.243071
0.243066
0.24306
0.243055
0.24305
0.243046
0.243041
0.243036
0.243032
0.243027
0.243023
0.243018
0.243014
0.24301
0.243006
0.243001
0.242997
0.242993
0.24299
0.242983
0.242996
0.242902
0.248627
0.249171
0.249747
0.250352
0.250981
0.251627
0.252283
0.252942
0.253596
0.254236
0.254848
0.255408
0.25589
0.256274
0.256548
0.256715
0.256779
0.256742
0.2566
0.256351
0.255994
0.255534
0.254983
0.254355
0.253665
0.25293
0.252166
0.251388
0.250611
0.249846
0.249105
0.248396
0.247724
0.247096
0.246514
0.245979
0.245491
0.24505
0.244655
0.244301
0.243988
0.243712
0.243469
0.243257
0.243073
0.242914
0.242776
0.242657
0.242556
0.242469
0.242394
0.242331
0.242276
0.24223
0.242191
0.242157
0.242128
0.242103
0.242082
0.242063
0.242047
0.242033
0.24202
0.242009
0.241999
0.241989
0.241981
0.241973
0.241965
0.241958
0.241951
0.241945
0.241939
0.241933
0.241927
0.241921
0.241915
0.24191
0.241904
0.241899
0.241894
0.241888
0.241883
0.241878
0.241873
0.241868
0.241863
0.241858
0.241853
0.241849
0.241844
0.241839
0.241835
0.24183
0.241826
0.241821
0.241817
0.24181
0.241824
0.241718
0.25468
0.255017
0.255353
0.255684
0.256005
0.256309
0.256587
0.256833
0.257038
0.257196
0.257298
0.257336
0.257301
0.257185
0.256988
0.25672
0.256387
0.255997
0.255548
0.25504
0.254472
0.253849
0.253179
0.252473
0.25174
0.250993
0.250241
0.249496
0.248764
0.248055
0.247373
0.246725
0.246115
0.245544
0.245014
0.244526
0.244079
0.243672
0.243303
0.242971
0.242674
0.242408
0.242172
0.241962
0.241777
0.241613
0.241469
0.241343
0.241232
0.241135
0.241049
0.240974
0.240909
0.240851
0.240801
0.240756
0.240717
0.240682
0.240651
0.240623
0.240598
0.240576
0.240556
0.240538
0.240521
0.240506
0.240492
0.240479
0.240467
0.240455
0.240445
0.240435
0.240425
0.240416
0.240408
0.2404
0.240392
0.240384
0.240377
0.24037
0.240363
0.240357
0.24035
0.240344
0.240338
0.240332
0.240326
0.240321
0.240315
0.24031
0.240304
0.240299
0.240294
0.240289
0.240284
0.240279
0.240275
0.240267
0.240286
0.240172
0.382629
0.381151
0.379621
0.378037
0.376396
0.374702
0.372958
0.37117
0.369345
0.367496
0.36563
0.363747
0.361836
0.35988
0.357869
0.355807
0.353708
0.351592
0.349478
0.347379
0.345304
0.343261
0.341256
0.339296
0.337385
0.335529
0.333732
0.331999
0.330331
0.328732
0.327203
0.325745
0.324358
0.323042
0.321797
0.320622
0.319516
0.318476
0.3175
0.316588
0.315736
0.314941
0.314202
0.313516
0.312879
0.31229
0.311746
0.311245
0.310783
0.310358
0.309969
0.309612
0.309285
0.308987
0.308715
0.308468
0.308244
0.30804
0.307856
0.30769
0.30754
0.307405
0.307284
0.307176
0.307079
0.306993
0.306917
0.30685
0.30679
0.306738
0.306693
0.306653
0.306619
0.306589
0.306564
0.306543
0.306526
0.306511
0.3065
0.306491
0.306484
0.306479
0.306476
0.306474
0.306474
0.306475
0.306477
0.30648
0.306483
0.306488
0.306493
0.306498
0.306504
0.30651
0.306517
0.306524
0.306529
0.306544
0.306509
0.306705
0.13446
0.190919
0.220951
0.243711
0.260044
0.27212
0.281514
0.288531
0.293042
0.295023
0.29472
0.292566
0.289082
0.284809
0.280249
0.275818
0.27183
0.268482
0.265863
0.263974
0.262761
0.262136
0.262005
0.262274
0.262857
0.263677
0.264672
0.265787
0.266978
0.26821
0.269455
0.270692
0.271904
0.273081
0.274212
0.275294
0.276322
0.277293
0.278209
0.279068
0.279872
0.280623
0.281323
0.281973
0.282576
0.283135
0.283652
0.28413
0.284571
0.284977
0.285351
0.285694
0.28601
0.286299
0.286565
0.286807
0.28703
0.287233
0.287418
0.287588
0.287742
0.287882
0.28801
0.288127
0.288233
0.288329
0.288417
0.288496
0.288568
0.288634
0.288693
0.288747
0.288796
0.28884
0.288881
0.288918
0.288951
0.288981
0.289009
0.289035
0.289058
0.289079
0.289098
0.289116
0.289133
0.289148
0.289162
0.289175
0.289188
0.289199
0.28921
0.28922
0.28923
0.289239
0.289247
0.289255
0.289262
0.289275
0.289254
0.289387
0.156306
0.29232
0.396256
0.479763
0.553427
0.618298
0.671103
0.706086
0.719382
0.711553
0.687182
0.652301
0.612114
0.570247
0.529005
0.489842
0.453713
0.421239
0.392719
0.368125
0.347185
0.329499
0.314641
0.302209
0.291839
0.283212
0.27605
0.270116
0.265205
0.261146
0.257795
0.255029
0.252748
0.250868
0.249319
0.248043
0.246992
0.246126
0.245414
0.244827
0.244345
0.243948
0.243621
0.243353
0.243132
0.242951
0.242802
0.242679
0.242578
0.242495
0.242427
0.242371
0.242324
0.242286
0.242254
0.242227
0.242205
0.242186
0.24217
0.242157
0.242145
0.242135
0.242125
0.242117
0.24211
0.242103
0.242096
0.24209
0.242084
0.242079
0.242073
0.242068
0.242063
0.242057
0.242052
0.242047
0.242042
0.242038
0.242033
0.242028
0.242023
0.242018
0.242014
0.242009
0.242004
0.242
0.241995
0.241991
0.241986
0.241982
0.241977
0.241973
0.241969
0.241965
0.24196
0.241956
0.241953
0.241945
0.241961
0.24186
0.173713
0.385019
0.603764
0.800781
0.980388
1.13639
1.24824
1.2943
1.268
1.18329
1.06612
0.94202
0.827539
0.728858
0.645872
0.576466
0.518532
0.470399
0.43068
0.398069
0.371311
0.349294
0.33111
0.316052
0.303566
0.293208
0.284614
0.277486
0.271574
0.266672
0.262607
0.259238
0.256446
0.254132
0.252214
0.250625
0.249309
0.248217
0.247313
0.246564
0.245943
0.245429
0.245002
0.244649
0.244356
0.244113
0.243911
0.243744
0.243605
0.243489
0.243393
0.243313
0.243246
0.24319
0.243144
0.243104
0.243071
0.243043
0.243018
0.242998
0.24298
0.242964
0.242951
0.242938
0.242927
0.242918
0.242909
0.2429
0.242892
0.242885
0.242878
0.242872
0.242866
0.24286
0.242854
0.242848
0.242843
0.242837
0.242832
0.242827
0.242822
0.242817
0.242812
0.242807
0.242803
0.242798
0.242793
0.242789
0.242784
0.24278
0.242776
0.242771
0.242767
0.242763
0.242759
0.242755
0.242751
0.242744
0.242758
0.242662
0.242151
0.756452
1.2224
1.6722
2.12166
2.5101
2.74873
2.78555
2.62081
2.30337
1.91388
1.53371
1.21687
0.977655
0.803273
0.6749
0.578758
0.506443
0.452115
0.41105
0.379484
0.354677
0.334802
0.318674
0.305492
0.294677
0.28578
0.278449
0.272398
0.267401
0.263269
0.259851
0.257022
0.25468
0.252741
0.251136
0.249806
0.248704
0.247792
0.247036
0.24641
0.245892
0.245463
0.245108
0.244815
0.244572
0.24437
0.244204
0.244066
0.243952
0.243858
0.24378
0.243715
0.243661
0.243616
0.243578
0.243547
0.243521
0.243498
0.243479
0.243463
0.243449
0.243437
0.243426
0.243416
0.243407
0.2434
0.243392
0.243386
0.243379
0.243373
0.243368
0.243362
0.243357
0.243352
0.243347
0.243342
0.243337
0.243332
0.243328
0.243323
0.243319
0.243314
0.24331
0.243305
0.243301
0.243297
0.243293
0.243289
0.243285
0.24328
0.243277
0.243273
0.243269
0.243265
0.243261
0.243258
0.243251
0.243263
0.243174
0.496852
1.75898
2.72957
3.68637
4.55247
5.19097
5.49519
5.43708
5.04352
4.38033
3.5567
2.71179
1.97963
1.4351
1.06951
0.829135
0.665678
0.552331
0.474671
0.421723
0.384583
0.35717
0.335968
0.319096
0.305485
0.294436
0.285429
0.278063
0.272022
0.267055
0.262965
0.259592
0.256807
0.254506
0.252603
0.25103
0.249728
0.248651
0.24776
0.247023
0.246413
0.245908
0.245491
0.245146
0.244861
0.244626
0.244432
0.244272
0.24414
0.24403
0.24394
0.243866
0.243805
0.243754
0.243712
0.243677
0.243648
0.243624
0.243604
0.243587
0.243572
0.243559
0.243549
0.243539
0.243531
0.243523
0.243516
0.24351
0.243504
0.243498
0.243493
0.243488
0.243483
0.243478
0.243473
0.243469
0.243464
0.24346
0.243455
0.243451
0.243447
0.243442
0.243438
0.243434
0.24343
0.243426
0.243422
0.243418
0.243414
0.24341
0.243406
0.243402
0.243398
0.243395
0.243391
0.243387
0.243384
0.243378
0.24339
0.243302
1.14466
3.50084
5.0019
6.30666
7.32242
7.9498
8.15669
7.95685
7.39121
6.51326
5.40354
4.18681
3.02956
2.09328
1.44606
1.03875
0.78094
0.610862
0.500089
0.430836
0.387193
0.357564
0.335585
0.318363
0.304576
0.293465
0.284476
0.277174
0.271218
0.266345
0.262346
0.259058
0.25635
0.254117
0.252274
0.250752
0.249494
0.248455
0.247596
0.246886
0.246299
0.245815
0.245415
0.245085
0.244813
0.244589
0.244405
0.244253
0.244128
0.244026
0.243942
0.243873
0.243816
0.243769
0.243731
0.243699
0.243673
0.243652
0.243634
0.243619
0.243606
0.243595
0.243586
0.243577
0.24357
0.243564
0.243558
0.243552
0.243547
0.243542
0.243538
0.243533
0.243529
0.243525
0.24352
0.243516
0.243512
0.243508
0.243504
0.2435
0.243496
0.243492
0.243488
0.243484
0.24348
0.243476
0.243472
0.243468
0.243464
0.24346
0.243457
0.243453
0.243449
0.243446
0.243442
0.243438
0.243435
0.243429
0.243441
0.243353
2.05866
5.30478
7.04089
8.35753
9.24053
9.67339
9.70379
9.38941
8.76744
7.8521
6.67686
5.32677
3.94969
2.73669
1.83519
1.25541
0.899916
0.672486
0.525922
0.437766
0.386935
0.355574
0.333485
0.316404
0.30276
0.291803
0.282987
0.275864
0.270082
0.265367
0.261509
0.258344
0.255742
0.253601
0.251836
0.250381
0.24918
0.248189
0.247371
0.246696
0.24614
0.245681
0.245303
0.244993
0.244738
0.244528
0.244356
0.244216
0.2441
0.244007
0.24393
0.243868
0.243817
0.243776
0.243742
0.243715
0.243693
0.243674
0.24366
0.243647
0.243637
0.243628
0.243621
0.243615
0.243609
0.243604
0.243599
0.243595
0.243591
0.243587
0.243583
0.24358
0.243576
0.243572
0.243569
0.243565
0.243561
0.243558
0.243554
0.24355
0.243547
0.243543
0.243539
0.243535
0.243532
0.243528
0.243524
0.243521
0.243517
0.243513
0.243509
0.243506
0.243502
0.243499
0.243495
0.243492
0.243488
0.243482
0.243494
0.243407
2.91372
6.62966
8.33532
9.42719
9.9867
10.0905
9.90852
9.56689
9.04845
8.26925
7.19896
5.89272
4.48342
3.16364
2.11956
1.41976
0.990694
0.720988
0.546681
0.441955
0.384339
0.351559
0.329744
0.313142
0.299906
0.289312
0.280834
0.274023
0.268517
0.264041
0.260388
0.257397
0.254942
0.252925
0.251264
0.249897
0.248771
0.247844
0.24708
0.246451
0.245934
0.24551
0.245161
0.244876
0.244643
0.244453
0.244298
0.244172
0.24407
0.243988
0.243921
0.243868
0.243826
0.243792
0.243765
0.243743
0.243726
0.243713
0.243702
0.243693
0.243686
0.243681
0.243676
0.243672
0.243669
0.243666
0.243663
0.243661
0.243658
0.243656
0.243653
0.24365
0.243648
0.243645
0.243642
0.243639
0.243636
0.243633
0.24363
0.243626
0.243623
0.24362
0.243616
0.243613
0.24361
0.243606
0.243603
0.243599
0.243596
0.243592
0.243589
0.243585
0.243582
0.243579
0.243575
0.243572
0.243569
0.243563
0.243574
0.243488
3.51467
7.3059
8.82046
9.55018
9.64186
9.2615
8.83899
8.63272
8.42572
7.94634
7.10286
5.95049
4.62765
3.32806
2.25211
1.50361
1.03805
0.746951
0.558268
0.443634
0.381201
0.347142
0.325427
0.309216
0.296391
0.286207
0.278133
0.2717
0.266536
0.262359
0.258963
0.256192
0.253924
0.252066
0.25054
0.249286
0.248257
0.247411
0.246718
0.246149
0.245684
0.245304
0.244994
0.244743
0.244539
0.244374
0.244242
0.244136
0.244051
0.243985
0.243932
0.243891
0.24386
0.243835
0.243817
0.243803
0.243794
0.243786
0.243781
0.243778
0.243776
0.243774
0.243774
0.243773
0.243773
0.243772
0.243772
0.243772
0.243771
0.24377
0.24377
0.243768
0.243767
0.243765
0.243764
0.243762
0.24376
0.243757
0.243755
0.243752
0.24375
0.243747
0.243744
0.243741
0.243738
0.243735
0.243732
0.243729
0.243725
0.243722
0.243719
0.243716
0.243713
0.243709
0.243706
0.243703
0.2437
0.243695
0.243706
0.243621
3.79674
7.40796
8.68627
9.03803
8.58651
7.51093
6.81543
6.9556
7.25122
7.16404
6.59738
5.64915
4.47712
3.27593
2.24712
1.51017
1.04331
0.750373
0.560359
0.443798
0.379545
0.344427
0.322284
0.305989
0.293263
0.283283
0.275473
0.269326
0.264444
0.260535
0.257385
0.254835
0.252763
0.251076
0.249699
0.248576
0.247659
0.246912
0.246303
0.245808
0.245407
0.245083
0.244822
0.244613
0.244447
0.244315
0.244212
0.244132
0.244071
0.244024
0.24399
0.243965
0.243948
0.243937
0.24393
0.243927
0.243927
0.243928
0.243931
0.243934
0.243938
0.243942
0.243946
0.243951
0.243954
0.243958
0.243961
0.243963
0.243965
0.243967
0.243968
0.243969
0.24397
0.24397
0.243969
0.243969
0.243968
0.243967
0.243965
0.243964
0.243962
0.24396
0.243957
0.243955
0.243953
0.24395
0.243948
0.243945
0.243942
0.243939
0.243937
0.243934
0.243931
0.243928
0.243925
0.243922
0.24392
0.243914
0.243926
0.243842
3.7993
7.0514
8.23423
8.34624
7.43144
5.54685
4.56566
5.15521
5.95593
6.20382
5.87822
5.13347
4.13725
3.07594
2.14195
1.45709
1.01505
0.735592
0.554659
0.443104
0.380118
0.344485
0.32157
0.304746
0.291736
0.281631
0.273795
0.267689
0.262893
0.259099
0.256078
0.253663
0.251725
0.250167
0.248913
0.247902
0.247088
0.246434
0.245909
0.24549
0.245157
0.244893
0.244686
0.244526
0.244403
0.24431
0.244242
0.244193
0.244159
0.244138
0.244126
0.244121
0.244122
0.244127
0.244135
0.244145
0.244157
0.244169
0.244181
0.244193
0.244205
0.244217
0.244227
0.244237
0.244246
0.244254
0.244261
0.244268
0.244273
0.244278
0.244282
0.244286
0.244288
0.244291
0.244292
0.244293
0.244294
0.244294
0.244294
0.244293
0.244293
0.244292
0.24429
0.244289
0.244287
0.244285
0.244283
0.244281
0.244279
0.244277
0.244274
0.244272
0.24427
0.244267
0.244265
0.244262
0.24426
0.244255
0.244266
0.244184
3.57912
6.41346
7.67843
7.80018
6.54843
4.07586
3.00397
3.86693
4.87714
5.26628
5.09419
4.52232
3.69971
2.79246
1.97583
1.3651
0.963769
0.70798
0.543131
0.441213
0.38187
0.346566
0.323058
0.305669
0.292249
0.281831
0.273744
0.267445
0.26251
0.258625
0.255557
0.253126
0.251198
0.249667
0.248453
0.24749
0.246728
0.246128
0.245658
0.245292
0.24501
0.244795
0.244634
0.244516
0.244432
0.244376
0.244341
0.244323
0.244318
0.244322
0.244334
0.244351
0.244372
0.244395
0.244419
0.244444
0.244469
0.244493
0.244517
0.244539
0.24456
0.244579
0.244597
0.244614
0.244629
0.244643
0.244655
0.244666
0.244675
0.244684
0.244691
0.244698
0.244703
0.244708
0.244711
0.244715
0.244717
0.244719
0.24472
0.244721
0.244721
0.244721
0.244721
0.24472
0.24472
0.244718
0.244717
0.244716
0.244714
0.244712
0.244711
0.244709
0.244707
0.244705
0.244702
0.2447
0.244698
0.244693
0.244705
0.244624
3.15055
5.57866
7.0009
7.25334
5.45391
2.94354
2.30507
3.22892
4.09124
4.43829
4.34096
3.90401
3.23641
2.47803
1.78259
1.25353
0.89998
0.673107
0.527754
0.437498
0.383054
0.348916
0.325373
0.307776
0.29415
0.283504
0.275161
0.268601
0.263421
0.25932
0.256069
0.253489
0.251444
0.249826
0.248547
0.247541
0.246753
0.246139
0.245666
0.245304
0.245033
0.244832
0.244689
0.24459
0.244527
0.244491
0.244477
0.244479
0.244493
0.244516
0.244546
0.24458
0.244616
0.244654
0.244692
0.244729
0.244766
0.244801
0.244834
0.244866
0.244895
0.244922
0.244947
0.24497
0.24499
0.245009
0.245026
0.245041
0.245055
0.245067
0.245077
0.245087
0.245095
0.245101
0.245107
0.245112
0.245116
0.245119
0.245122
0.245124
0.245126
0.245127
0.245127
0.245127
0.245127
0.245127
0.245126
0.245125
0.245124
0.245123
0.245121
0.24512
0.245118
0.245116
0.245114
0.245112
0.24511
0.245106
0.245117
0.245036
2.55075
4.92455
6.45167
5.96942
3.52916
1.86786
2.06167
2.8981
3.48621
3.7334
3.67032
3.3343
2.79603
2.17021
1.5879
1.1382
0.833041
0.636181
0.510626
0.431916
0.382589
0.350153
0.327138
0.309788
0.296297
0.285671
0.277248
0.270537
0.265168
0.260864
0.25741
0.254639
0.252419
0.250644
0.249231
0.248109
0.247224
0.246531
0.245993
0.245579
0.245266
0.245034
0.244867
0.244751
0.244675
0.244632
0.244612
0.244612
0.244626
0.244651
0.244683
0.24472
0.244761
0.244803
0.244845
0.244888
0.244929
0.244968
0.245006
0.245041
0.245074
0.245105
0.245133
0.24516
0.245183
0.245205
0.245224
0.245242
0.245257
0.245271
0.245283
0.245294
0.245304
0.245312
0.245319
0.245324
0.245329
0.245334
0.245337
0.245339
0.245342
0.245343
0.245344
0.245345
0.245345
0.245345
0.245344
0.245343
0.245342
0.245341
0.24534
0.245339
0.245337
0.245335
0.245333
0.245332
0.24533
0.245325
0.245337
0.245255
1.34851
3.74206
4.23382
2.80644
1.40724
1.33824
2.00961
2.59232
2.96842
3.14366
3.10078
2.83886
2.40455
1.89134
1.40833
1.03019
0.769956
0.601227
0.493632
0.425081
0.380431
0.349879
0.327736
0.310943
0.297849
0.287474
0.279172
0.272483
0.267066
0.262665
0.259085
0.25617
0.2538
0.251876
0.250318
0.249062
0.248053
0.247247
0.246608
0.246105
0.245714
0.245413
0.245186
0.245019
0.244899
0.244817
0.244765
0.244737
0.244728
0.244732
0.244747
0.24477
0.244798
0.244829
0.244863
0.244897
0.244932
0.244966
0.244999
0.245031
0.24506
0.245088
0.245114
0.245138
0.24516
0.24518
0.245198
0.245214
0.245229
0.245242
0.245253
0.245263
0.245272
0.245279
0.245286
0.245291
0.245296
0.2453
0.245303
0.245305
0.245307
0.245308
0.245309
0.245309
0.245309
0.245309
0.245308
0.245307
0.245306
0.245305
0.245303
0.245302
0.2453
0.245298
0.245296
0.245294
0.245293
0.245288
0.2453
0.245217
)
;

boundaryField
{
    outlet
    {
        type            zeroGradient;
    }
    inlet
    {
        type            fixedValue;
        value           uniform 0.26;
    }
    lowerWall
    {
        type            kqRWallFunction;
        value           nonuniform List<scalar> 
148
(
0.288906
0.351389
0.415006
0.477476
0.53689
0.591821
0.641407
0.685002
0.721758
0.750713
0.77138
0.784186
0.79026
0.791406
0.789834
0.787492
0.785682
0.785002
0.785519
0.787032
0.789287
0.792089
0.795331
0.798975
0.803021
0.807483
0.812373
0.817683
0.823402
0.829441
0.835479
0.842156
0.84118
0.13446
0.156306
0.173713
0.242151
0.496852
1.14466
2.05866
2.91372
3.51467
3.79674
3.7993
3.57912
3.15055
2.55075
1.34851
0.13446
0.190919
0.220951
0.243711
0.260044
0.27212
0.281514
0.288531
0.293042
0.295023
0.29472
0.292566
0.289082
0.284809
0.280249
0.275818
0.27183
0.268482
0.265863
0.263974
0.262761
0.262136
0.262005
0.262274
0.262857
0.263677
0.264672
0.265787
0.266978
0.26821
0.269455
0.270692
0.271904
0.273081
0.274212
0.275294
0.276322
0.277293
0.278209
0.279068
0.279872
0.280623
0.281323
0.281973
0.282576
0.283135
0.283652
0.28413
0.284571
0.284977
0.285351
0.285694
0.28601
0.286299
0.286565
0.286807
0.28703
0.287233
0.287418
0.287588
0.287742
0.287882
0.28801
0.288127
0.288233
0.288329
0.288417
0.288496
0.288568
0.288634
0.288693
0.288747
0.288796
0.28884
0.288881
0.288918
0.288951
0.288981
0.289009
0.289035
0.289058
0.289079
0.289098
0.289116
0.289133
0.289148
0.289162
0.289175
0.289188
0.289199
0.28921
0.28922
0.28923
0.289239
0.289247
0.289255
0.289262
0.289275
0.289254
0.289387
)
;
    }
    upperWall
    {
        type            kqRWallFunction;
        value           nonuniform List<scalar> 
133
(
0.266719
0.280569
0.294252
0.307643
0.320673
0.333303
0.345583
0.357668
0.369651
0.38127
0.391772
0.40013
0.405535
0.407818
0.407536
0.405685
0.403277
0.401015
0.399202
0.397834
0.396763
0.395824
0.394906
0.393956
0.392958
0.391919
0.390845
0.389745
0.38862
0.387476
0.386311
0.385135
0.383919
0.382629
0.381151
0.379621
0.378037
0.376396
0.374702
0.372958
0.37117
0.369345
0.367496
0.36563
0.363747
0.361836
0.35988
0.357869
0.355807
0.353708
0.351592
0.349478
0.347379
0.345304
0.343261
0.341256
0.339296
0.337385
0.335529
0.333732
0.331999
0.330331
0.328732
0.327203
0.325745
0.324358
0.323042
0.321797
0.320622
0.319516
0.318476
0.3175
0.316588
0.315736
0.314941
0.314202
0.313516
0.312879
0.31229
0.311746
0.311245
0.310783
0.310358
0.309969
0.309612
0.309285
0.308987
0.308715
0.308468
0.308244
0.30804
0.307856
0.30769
0.30754
0.307405
0.307284
0.307176
0.307079
0.306993
0.306917
0.30685
0.30679
0.306738
0.306693
0.306653
0.306619
0.306589
0.306564
0.306543
0.306526
0.306511
0.3065
0.306491
0.306484
0.306479
0.306476
0.306474
0.306474
0.306475
0.306477
0.30648
0.306483
0.306488
0.306493
0.306498
0.306504
0.30651
0.306517
0.306524
0.306529
0.306544
0.306509
0.306705
)
;
    }
    frontAndBack
    {
        type            empty;
    }
}


// ************************************************************************* //
