/*--------------------------------*- C++ -*----------------------------------*\
| =========                 |                                                 |
| \\      /  F ield         | OpenFOAM: The Open Source CFD Toolbox           |
|  \\    /   O peration     | Version:  2.1.1                                 |
|   \\  /    A nd           | Web:      www.OpenFOAM.org                      |
|    \\/     M anipulation  |                                                 |
\*---------------------------------------------------------------------------*/
FoamFile
{
    version     2.0;
    format      ascii;
    class       volScalarField;
    location    "0.025";
    object      k;
}
// * * * * * * * * * * * * * * * * * * * * * * * * * * * * * * * * * * * * * //

dimensions      [0 2 -2 0 0 0 0];

internalField   nonuniform List<scalar> 
6820
(
0.288909
0.351396
0.415003
0.47747
0.536883
0.591622
0.640515
0.6829
0.718586
0.747757
0.770869
0.788544
0.801489
0.810428
0.816053
0.819
0.819834
0.819042
0.817035
0.814157
0.810687
0.806853
0.802835
0.798777
0.794789
0.790957
0.78734
0.783995
0.780897
0.778326
0.775038
0.77701
0.755443
0.265531
0.269393
0.270518
0.271326
0.272522
0.274137
0.276085
0.278247
0.28051
0.282786
0.285015
0.287165
0.289222
0.291188
0.293072
0.294888
0.296651
0.298375
0.30007
0.301743
0.303397
0.305034
0.306651
0.308245
0.309811
0.311344
0.312842
0.314307
0.315746
0.317194
0.3187
0.320434
0.322771
0.262039
0.264259
0.263609
0.261573
0.25902
0.25634
0.253648
0.250958
0.248258
0.245539
0.242805
0.240069
0.237348
0.234665
0.23204
0.229494
0.227044
0.224703
0.222482
0.22039
0.218429
0.216603
0.21491
0.21335
0.211917
0.210608
0.209418
0.208342
0.207372
0.206511
0.205733
0.205083
0.204434
0.259884
0.260269
0.259791
0.25853
0.256827
0.254894
0.252841
0.250724
0.248567
0.246386
0.244189
0.241983
0.239774
0.237571
0.235382
0.233215
0.231077
0.228975
0.226917
0.224909
0.222955
0.221059
0.219226
0.217457
0.215754
0.214118
0.21255
0.211049
0.209613
0.208244
0.206934
0.205692
0.204489
0.259299
0.258404
0.257599
0.256567
0.255296
0.253854
0.252299
0.250674
0.249002
0.247303
0.245586
0.24386
0.242133
0.240409
0.238693
0.23699
0.235304
0.23364
0.231999
0.230387
0.228805
0.227257
0.225745
0.224271
0.222836
0.221442
0.22009
0.218781
0.217515
0.216291
0.215111
0.213974
0.212878
0.259224
0.257847
0.25662
0.255434
0.254226
0.252971
0.251667
0.250322
0.248944
0.247545
0.246132
0.244712
0.243292
0.241875
0.240465
0.239066
0.237681
0.236312
0.234962
0.233633
0.232327
0.231046
0.229792
0.228565
0.227367
0.2262
0.225063
0.223959
0.222887
0.221849
0.220845
0.219875
0.218943
0.259217
0.257714
0.256309
0.25498
0.2537
0.252445
0.251202
0.24996
0.248719
0.247476
0.246234
0.244995
0.243761
0.242535
0.241318
0.240114
0.238924
0.23775
0.236593
0.235455
0.234337
0.233241
0.232167
0.231116
0.230091
0.229091
0.228117
0.227171
0.226253
0.225364
0.224505
0.223678
0.222886
0.259218
0.25769
0.256224
0.254822
0.253478
0.252184
0.250929
0.249706
0.248506
0.247327
0.246165
0.245019
0.243888
0.242772
0.241672
0.240589
0.239522
0.238473
0.237442
0.23643
0.235439
0.234468
0.233518
0.232591
0.231687
0.230806
0.22995
0.229119
0.228314
0.227537
0.226789
0.226072
0.225389
0.259218
0.257686
0.256206
0.25478
0.253407
0.252083
0.250805
0.24957
0.248371
0.247206
0.24607
0.244961
0.243877
0.242817
0.241779
0.240762
0.239767
0.238793
0.23784
0.236909
0.235998
0.235109
0.234242
0.233398
0.232576
0.231778
0.231004
0.230254
0.22953
0.228834
0.228166
0.22753
0.226928
0.259218
0.257685
0.256203
0.254769
0.253385
0.252048
0.250757
0.249509
0.248302
0.247134
0.246001
0.244902
0.243834
0.242795
0.241784
0.2408
0.239841
0.238907
0.237997
0.237112
0.236249
0.23541
0.234595
0.233802
0.233034
0.232289
0.231569
0.230875
0.230206
0.229565
0.228953
0.228374
0.227829
0.259218
0.257685
0.256202
0.254767
0.253379
0.252037
0.25074
0.249486
0.248273
0.247099
0.245963
0.244863
0.243797
0.242764
0.241762
0.24079
0.239846
0.23893
0.238041
0.237178
0.236341
0.235529
0.234742
0.233979
0.233242
0.23253
0.231843
0.231182
0.230548
0.229943
0.229367
0.228824
0.228317
0.259218
0.257685
0.256201
0.254766
0.253377
0.252034
0.250734
0.249477
0.248261
0.247084
0.245945
0.244842
0.243775
0.242741
0.24174
0.240771
0.239831
0.238921
0.23804
0.237187
0.23636
0.235561
0.234787
0.23404
0.233319
0.232624
0.231955
0.231313
0.230699
0.230114
0.229559
0.229038
0.228552
0.259218
0.257685
0.256201
0.254765
0.253376
0.252032
0.250731
0.249473
0.248255
0.247076
0.245935
0.244831
0.243762
0.242727
0.241725
0.240755
0.239815
0.238907
0.238027
0.237176
0.236353
0.235558
0.23479
0.234048
0.233334
0.232646
0.231986
0.231353
0.230748
0.230173
0.229629
0.229118
0.228642
0.259218
0.257685
0.2562
0.254764
0.253375
0.252031
0.250729
0.24947
0.248252
0.247072
0.24593
0.244824
0.243753
0.242717
0.241714
0.240742
0.239802
0.238893
0.238013
0.237162
0.236339
0.235544
0.234777
0.234037
0.233324
0.232639
0.231981
0.231351
0.230749
0.230178
0.229637
0.229129
0.228657
0.259218
0.257684
0.2562
0.254764
0.253374
0.252029
0.250728
0.249468
0.248249
0.247068
0.245925
0.244819
0.243747
0.24271
0.241705
0.240733
0.239791
0.238881
0.237999
0.237147
0.236323
0.235528
0.23476
0.234019
0.233306
0.23262
0.231962
0.231332
0.23073
0.230158
0.229617
0.229108
0.228634
0.259218
0.257684
0.2562
0.254763
0.253374
0.252028
0.250727
0.249466
0.248247
0.247065
0.245922
0.244814
0.243742
0.242703
0.241698
0.240724
0.239782
0.23887
0.237987
0.237134
0.236308
0.235511
0.234742
0.234
0.233285
0.232598
0.231938
0.231306
0.230702
0.230128
0.229584
0.229071
0.228592
0.259218
0.257684
0.2562
0.254763
0.253373
0.252028
0.250725
0.249465
0.248244
0.247063
0.245918
0.24481
0.243737
0.242697
0.241691
0.240716
0.239773
0.238859
0.237975
0.23712
0.236294
0.235495
0.234724
0.23398
0.233263
0.232574
0.231911
0.231277
0.23067
0.230092
0.229544
0.229027
0.228543
0.259218
0.257684
0.2562
0.254763
0.253373
0.252027
0.250724
0.249463
0.248242
0.24706
0.245915
0.244806
0.243732
0.242692
0.241684
0.240709
0.239764
0.238849
0.237964
0.237108
0.236279
0.235479
0.234706
0.23396
0.233241
0.232549
0.231884
0.231246
0.230636
0.230055
0.229502
0.228979
0.228488
0.259218
0.257684
0.256199
0.254763
0.253372
0.252026
0.250724
0.249462
0.248241
0.247058
0.245912
0.244803
0.243728
0.242687
0.241678
0.240701
0.239755
0.238839
0.237953
0.237095
0.236265
0.235463
0.234688
0.23394
0.233219
0.232524
0.231856
0.231215
0.230601
0.230015
0.229458
0.228929
0.22843
0.259218
0.257684
0.256199
0.254763
0.253372
0.252026
0.250723
0.249461
0.248239
0.247056
0.24591
0.244799
0.243724
0.242682
0.241672
0.240694
0.239747
0.23883
0.237942
0.237082
0.236251
0.235447
0.23467
0.23392
0.233196
0.232498
0.231827
0.231183
0.230565
0.229975
0.229412
0.228877
0.228371
0.259218
0.257684
0.256199
0.254762
0.253372
0.252025
0.250722
0.24946
0.248238
0.247054
0.245907
0.244796
0.24372
0.242677
0.241666
0.240688
0.239739
0.238821
0.237931
0.23707
0.236237
0.235431
0.234652
0.233899
0.233173
0.232473
0.231799
0.231151
0.230529
0.229934
0.229365
0.228824
0.228311
0.259218
0.257684
0.256199
0.254762
0.253371
0.252025
0.250721
0.249459
0.248236
0.247052
0.245905
0.244793
0.243716
0.242672
0.241661
0.240681
0.239732
0.238812
0.237921
0.237058
0.236223
0.235416
0.234634
0.233879
0.233151
0.232447
0.23177
0.231118
0.230492
0.229892
0.229319
0.228771
0.228251
0.259218
0.257684
0.256199
0.254762
0.253371
0.252025
0.250721
0.249458
0.248235
0.24705
0.245903
0.24479
0.243713
0.242668
0.241656
0.240675
0.239724
0.238803
0.237911
0.237047
0.23621
0.2354
0.234617
0.23386
0.233128
0.232422
0.231742
0.231086
0.230456
0.229852
0.229272
0.228719
0.228192
0.259218
0.257684
0.256199
0.254762
0.253371
0.252024
0.25072
0.249457
0.248234
0.247049
0.245901
0.244788
0.243709
0.242664
0.241651
0.240669
0.239717
0.238795
0.237901
0.237036
0.236197
0.235386
0.2346
0.233841
0.233106
0.232398
0.231714
0.231055
0.230421
0.229811
0.229227
0.228668
0.228134
0.259218
0.257684
0.256199
0.254762
0.253371
0.252024
0.25072
0.249457
0.248233
0.247048
0.245899
0.244785
0.243706
0.24266
0.241646
0.240663
0.239711
0.238787
0.237892
0.237025
0.236185
0.235371
0.234584
0.233822
0.233085
0.232373
0.231686
0.231024
0.230386
0.229772
0.229183
0.228618
0.228078
0.259218
0.257684
0.256199
0.254762
0.253371
0.252024
0.25072
0.249456
0.248232
0.247046
0.245897
0.244783
0.243703
0.242657
0.241642
0.240658
0.239704
0.238779
0.237883
0.237014
0.236173
0.235357
0.234568
0.233804
0.233065
0.23235
0.23166
0.230994
0.230353
0.229735
0.22914
0.22857
0.228024
0.259218
0.257684
0.256199
0.254762
0.253371
0.252024
0.250719
0.249456
0.248232
0.247045
0.245896
0.244781
0.243701
0.242653
0.241638
0.240653
0.239698
0.238772
0.237875
0.237004
0.236161
0.235344
0.234553
0.233786
0.233045
0.232328
0.231635
0.230966
0.23032
0.229699
0.2291
0.228525
0.227973
0.259218
0.257684
0.256199
0.254762
0.253371
0.252024
0.250719
0.249455
0.248231
0.247044
0.245894
0.244779
0.243698
0.24265
0.241634
0.240648
0.239693
0.238766
0.237867
0.236995
0.23615
0.235332
0.234539
0.23377
0.233027
0.232307
0.231611
0.230939
0.23029
0.229665
0.229062
0.228482
0.227925
0.259218
0.257684
0.256199
0.254762
0.253371
0.252024
0.250719
0.249455
0.24823
0.247043
0.245893
0.244777
0.243696
0.242647
0.24163
0.240644
0.239687
0.238759
0.237859
0.236986
0.23614
0.23532
0.234525
0.233755
0.233009
0.232287
0.231589
0.230914
0.230262
0.229633
0.229026
0.228442
0.22788
0.259218
0.257684
0.256199
0.254762
0.253371
0.252024
0.250719
0.249455
0.24823
0.247043
0.245892
0.244776
0.243694
0.242645
0.241627
0.24064
0.239683
0.238754
0.237853
0.236979
0.236131
0.23531
0.234513
0.233741
0.232994
0.23227
0.231569
0.230892
0.230237
0.229605
0.228995
0.228407
0.22784
0.259218
0.257684
0.2562
0.254762
0.253371
0.252024
0.250719
0.249455
0.24823
0.247042
0.245891
0.244775
0.243693
0.242643
0.241625
0.240637
0.239679
0.238749
0.237847
0.236972
0.236124
0.235301
0.234503
0.233729
0.23298
0.232254
0.231552
0.230872
0.230215
0.22958
0.228966
0.228375
0.227805
0.259218
0.257684
0.256199
0.254762
0.253371
0.252024
0.25072
0.249456
0.248231
0.247044
0.245893
0.244777
0.243694
0.242644
0.241625
0.240637
0.239678
0.238748
0.237845
0.236969
0.23612
0.235296
0.234496
0.233722
0.232971
0.232243
0.231539
0.230857
0.230197
0.22956
0.228944
0.228349
0.227775
0.259218
0.257685
0.256201
0.254765
0.253374
0.252027
0.250723
0.249459
0.248234
0.247047
0.245896
0.244779
0.243697
0.242646
0.241627
0.240639
0.23968
0.238749
0.237845
0.236969
0.236118
0.235293
0.234493
0.233717
0.232964
0.232235
0.231529
0.230844
0.230182
0.229542
0.228922
0.228324
0.227746
0.259218
0.257685
0.256201
0.254766
0.253378
0.252033
0.250731
0.249469
0.248245
0.247059
0.245908
0.244792
0.24371
0.242659
0.24164
0.240651
0.239691
0.238759
0.237854
0.236976
0.236123
0.235296
0.234493
0.233714
0.232958
0.232225
0.231514
0.230825
0.230158
0.229512
0.228886
0.22828
0.227695
0.259219
0.25769
0.256212
0.25478
0.253394
0.252051
0.250749
0.249487
0.248264
0.247078
0.245928
0.244811
0.243728
0.242676
0.241655
0.240663
0.2397
0.238764
0.237854
0.236971
0.236112
0.235277
0.234466
0.233678
0.232912
0.232168
0.231446
0.230744
0.230063
0.229402
0.228761
0.228139
0.227536
0.25922
0.257693
0.25622
0.254799
0.253423
0.25209
0.250796
0.249539
0.248318
0.247131
0.245977
0.244855
0.243763
0.242701
0.241667
0.240661
0.239681
0.238727
0.237797
0.236892
0.23601
0.235151
0.234314
0.233499
0.232705
0.231931
0.231178
0.230444
0.22973
0.229035
0.228358
0.2277
0.22706
0.25923
0.257741
0.256298
0.254889
0.253517
0.252181
0.25088
0.249611
0.248373
0.247165
0.245984
0.244831
0.243704
0.242604
0.241529
0.240478
0.239452
0.23845
0.237472
0.236516
0.235582
0.234671
0.233781
0.232912
0.232064
0.231237
0.230429
0.229641
0.228873
0.228123
0.227393
0.22668
0.225986
0.259264
0.257821
0.25645
0.255119
0.253796
0.25247
0.251145
0.249828
0.248528
0.247248
0.245995
0.24477
0.243575
0.24241
0.241276
0.240172
0.239098
0.238054
0.237038
0.23605
0.235089
0.234155
0.233248
0.232366
0.23151
0.230679
0.229874
0.229092
0.228336
0.227604
0.226896
0.226212
0.225552
0.259601
0.258637
0.257583
0.256548
0.255598
0.254732
0.253935
0.253197
0.252515
0.251887
0.251314
0.250797
0.250338
0.249937
0.249597
0.249316
0.249096
0.248936
0.248838
0.248801
0.248825
0.24891
0.249056
0.249263
0.249531
0.24986
0.250249
0.250697
0.251206
0.251773
0.252399
0.253082
0.25382
0.266719
0.28057
0.294243
0.307624
0.320669
0.333362
0.345688
0.357638
0.369202
0.380375
0.391152
0.401531
0.411512
0.421098
0.430289
0.439092
0.447511
0.455553
0.463225
0.470534
0.477488
0.484096
0.490367
0.496309
0.501932
0.507244
0.512255
0.516973
0.521407
0.525566
0.529458
0.533091
0.53648
0.865499
1.0533
1.32663
1.67907
2.04595
2.34207
2.53088
2.62799
2.6676
2.67197
2.64845
2.59411
2.49834
2.34643
2.12441
1.82478
1.45554
1.05325
0.688194
0.440434
0.345907
0.358802
0.409534
0.466905
0.521451
0.56909
0.607955
0.637588
0.65849
0.671656
0.678302
0.679822
0.677791
0.673847
0.669403
0.665328
0.661741
0.658022
0.653011
0.645318
0.633625
0.616945
0.594785
0.567244
0.53502
0.499349
0.461854
0.424319
0.388436
0.355566
0.326593
0.30188
0.281348
0.264606
0.251108
0.240271
0.231564
0.224543
0.218858
0.214244
0.210499
0.207464
0.205014
0.203047
0.201476
0.20023
0.199248
0.198482
0.197888
0.197433
0.197088
0.19683
0.196639
0.196502
0.196405
0.196339
0.196295
0.196269
0.196254
0.196249
0.196249
0.196252
0.196257
0.196264
0.19627
0.196276
0.196281
0.196285
0.196287
0.196288
0.196288
0.196287
0.196284
0.196281
0.196276
0.196271
0.196265
0.196256
0.196259
0.196194
0.325607
0.337351
0.369746
0.439577
0.564673
0.747774
0.969489
1.19682
1.39673
1.54126
1.61246
1.60415
1.51927
1.36549
1.15504
0.908718
0.660415
0.455916
0.335266
0.303565
0.325993
0.367416
0.414141
0.461176
0.505268
0.544052
0.576057
0.600819
0.61864
0.630186
0.636268
0.63786
0.636173
0.632593
0.628449
0.624682
0.621593
0.618766
0.615202
0.609591
0.600608
0.587181
0.568682
0.545032
0.516736
0.484837
0.450783
0.416227
0.382787
0.351813
0.324234
0.300497
0.28062
0.264306
0.251085
0.24043
0.231845
0.224908
0.219281
0.214703
0.210975
0.207941
0.205479
0.20349
0.20189
0.200611
0.199594
0.198792
0.198162
0.197673
0.197296
0.197009
0.196791
0.196629
0.19651
0.196424
0.196363
0.19632
0.196292
0.196274
0.196263
0.196256
0.196253
0.196252
0.196252
0.196252
0.196252
0.196251
0.19625
0.196248
0.196245
0.196241
0.196236
0.19623
0.196224
0.196217
0.19621
0.1962
0.196202
0.196136
0.203578
0.203209
0.203548
0.205126
0.211142
0.226869
0.256249
0.298488
0.346189
0.394993
0.435908
0.457668
0.452238
0.418998
0.366565
0.311455
0.272784
0.262451
0.276885
0.304194
0.33721
0.373934
0.412592
0.45098
0.486953
0.518695
0.545077
0.56577
0.581001
0.591209
0.596893
0.598678
0.597441
0.594318
0.590522
0.587033
0.584309
0.582143
0.579723
0.575855
0.569246
0.558768
0.543669
0.5237
0.499172
0.470923
0.440218
0.408567
0.377505
0.348367
0.322123
0.299306
0.280032
0.264101
0.251118
0.240616
0.232134
0.225268
0.21969
0.215143
0.211431
0.2084
0.205929
0.20392
0.202294
0.200984
0.199933
0.199095
0.198431
0.197907
0.197497
0.197178
0.196932
0.196744
0.196601
0.196493
0.196412
0.196352
0.196308
0.196276
0.196253
0.196235
0.196223
0.196213
0.196205
0.196199
0.196193
0.196187
0.196181
0.196175
0.196169
0.196162
0.196154
0.196147
0.196138
0.19613
0.196121
0.19611
0.196111
0.196044
0.203202
0.201875
0.200492
0.198835
0.196886
0.195163
0.19483
0.197146
0.202763
0.208845
0.214327
0.218578
0.221541
0.22421
0.228649
0.237095
0.250519
0.268295
0.289799
0.315015
0.343574
0.3745
0.406496
0.438041
0.467507
0.493528
0.515306
0.532649
0.545742
0.554867
0.560288
0.562348
0.561634
0.559044
0.555653
0.552445
0.549999
0.5483
0.546735
0.544255
0.539633
0.531722
0.519674
0.50309
0.48209
0.457311
0.429831
0.401006
0.372277
0.34495
0.320028
0.298119
0.279437
0.263876
0.251123
0.240763
0.232375
0.225575
0.220045
0.215532
0.21184
0.208816
0.206341
0.20432
0.202674
0.201338
0.200257
0.199387
0.19869
0.198134
0.197692
0.197343
0.197069
0.196854
0.196686
0.196556
0.196455
0.196377
0.196316
0.196269
0.196232
0.196204
0.19618
0.196161
0.196146
0.196132
0.19612
0.196108
0.196097
0.196087
0.196077
0.196067
0.196056
0.196046
0.196036
0.196025
0.196015
0.196002
0.196002
0.195933
0.211647
0.210317
0.209154
0.208207
0.207444
0.206856
0.206596
0.207133
0.208584
0.210873
0.214012
0.218108
0.223378
0.230149
0.238804
0.249718
0.26321
0.279509
0.298687
0.320584
0.344786
0.370637
0.397173
0.42317
0.447373
0.468781
0.486852
0.501497
0.512878
0.521161
0.526439
0.528834
0.528693
0.526691
0.523761
0.520856
0.51864
0.517264
0.516308
0.514886
0.511867
0.506123
0.496743
0.483201
0.465445
0.443919
0.41951
0.393416
0.366971
0.341438
0.317839
0.296847
0.278765
0.26358
0.251056
0.240839
0.232543
0.225808
0.220326
0.215848
0.21218
0.209169
0.206699
0.204672
0.203013
0.201658
0.200554
0.199658
0.198933
0.198348
0.197878
0.197501
0.1972
0.196959
0.196768
0.196616
0.196495
0.196399
0.196322
0.19626
0.19621
0.196169
0.196135
0.196106
0.196082
0.196061
0.196042
0.196025
0.196009
0.195994
0.19598
0.195966
0.195953
0.19594
0.195927
0.195915
0.195903
0.195888
0.195887
0.195817
0.21789
0.21674
0.215721
0.214946
0.214508
0.214475
0.214914
0.215935
0.217635
0.220095
0.223411
0.227719
0.2332
0.240068
0.24855
0.25887
0.27123
0.285764
0.302484
0.321252
0.341757
0.363445
0.385515
0.407006
0.426976
0.444705
0.459837
0.472355
0.4824
0.490057
0.495294
0.498066
0.498522
0.497142
0.494719
0.492149
0.490146
0.488996
0.488453
0.4878
0.486027
0.482053
0.474944
0.464076
0.449248
0.430723
0.409204
0.385726
0.361507
0.337751
0.315483
0.295428
0.277968
0.263175
0.250891
0.24082
0.232619
0.22595
0.220516
0.216076
0.212436
0.209446
0.206985
0.204961
0.203297
0.201931
0.200811
0.199896
0.199149
0.19854
0.198046
0.197645
0.19732
0.197058
0.196845
0.196673
0.196533
0.19642
0.196327
0.196251
0.196188
0.196136
0.196091
0.196054
0.196021
0.195992
0.195967
0.195944
0.195923
0.195904
0.195886
0.195869
0.195852
0.195837
0.195822
0.195807
0.195794
0.195778
0.195775
0.195703
0.222004
0.221061
0.220264
0.219729
0.219547
0.219785
0.220508
0.221782
0.22368
0.226291
0.229715
0.234065
0.239472
0.246083
0.254054
0.263539
0.274667
0.287516
0.302075
0.318214
0.335638
0.353879
0.372296
0.390153
0.406749
0.421572
0.434402
0.445268
0.454291
0.4615
0.466771
0.469938
0.470992
0.470248
0.468359
0.466155
0.464369
0.463388
0.463116
0.462998
0.462154
0.459583
0.454354
0.445782
0.433545
0.417746
0.398911
0.377915
0.355849
0.333847
0.312919
0.293825
0.277014
0.262637
0.25061
0.240697
0.232596
0.225994
0.220611
0.21621
0.212602
0.209635
0.20719
0.205175
0.203514
0.202144
0.201017
0.200089
0.199327
0.198701
0.198188
0.197768
0.197424
0.197143
0.196912
0.196723
0.196567
0.196438
0.196331
0.196242
0.196168
0.196105
0.196051
0.196005
0.195964
0.195929
0.195897
0.195869
0.195844
0.19582
0.195798
0.195778
0.195759
0.195741
0.195724
0.195707
0.195692
0.195675
0.195671
0.195598
0.224639
0.223846
0.223185
0.222757
0.222659
0.222975
0.223778
0.22513
0.227095
0.229738
0.233132
0.237361
0.242523
0.248727
0.256083
0.264699
0.274656
0.285993
0.298673
0.312558
0.327391
0.342786
0.358237
0.373181
0.387103
0.399647
0.410686
0.420277
0.428525
0.435417
0.440769
0.444325
0.445955
0.445833
0.444488
0.442673
0.441118
0.440279
0.440184
0.440422
0.440246
0.438748
0.435035
0.428392
0.418405
0.405041
0.388666
0.369998
0.349997
0.329715
0.310129
0.29202
0.275888
0.261956
0.250207
0.240466
0.232471
0.225941
0.22061
0.21625
0.212674
0.209733
0.207309
0.205309
0.203656
0.20229
0.201161
0.200228
0.199457
0.198821
0.198295
0.197862
0.197504
0.197207
0.196962
0.196759
0.19659
0.196449
0.19633
0.196231
0.196146
0.196074
0.196012
0.195958
0.195911
0.19587
0.195833
0.1958
0.19577
0.195743
0.195718
0.195695
0.195673
0.195653
0.195634
0.195616
0.195599
0.19558
0.195576
0.195501
0.226276
0.225601
0.225051
0.224709
0.224665
0.224995
0.225769
0.227052
0.228907
0.231393
0.234574
0.238519
0.243301
0.248998
0.255686
0.263432
0.272282
0.282244
0.293266
0.305217
0.317875
0.330924
0.34397
0.356587
0.368397
0.379157
0.3888
0.397404
0.405057
0.411719
0.417169
0.421087
0.42325
0.423717
0.422904
0.421486
0.420176
0.419471
0.419497
0.419963
0.420251
0.419552
0.417031
0.411971
0.403901
0.392677
0.378526
0.362016
0.343977
0.325365
0.307115
0.290008
0.274585
0.261127
0.249681
0.240128
0.23225
0.225796
0.220519
0.2162
0.212657
0.209744
0.207343
0.20536
0.20372
0.202362
0.201238
0.200306
0.199533
0.198891
0.198359
0.197917
0.19755
0.197244
0.196989
0.196775
0.196596
0.196446
0.196318
0.19621
0.196118
0.196038
0.19597
0.19591
0.195858
0.195811
0.19577
0.195733
0.1957
0.19567
0.195642
0.195616
0.195593
0.195571
0.19555
0.19553
0.195512
0.195493
0.195487
0.195411
0.227246
0.226649
0.226166
0.225864
0.22582
0.226107
0.226793
0.227942
0.229613
0.231862
0.234745
0.238319
0.242639
0.247764
0.253747
0.260627
0.268427
0.277136
0.286694
0.29698
0.307808
0.318924
0.330021
0.340776
0.350913
0.360265
0.368812
0.376636
0.383817
0.3903
0.395839
0.400073
0.402711
0.403716
0.403405
0.402379
0.401319
0.400749
0.400864
0.401476
0.402076
0.401957
0.400351
0.396566
0.390101
0.380731
0.368562
0.354028
0.33783
0.320826
0.303893
0.2878
0.273111
0.260154
0.249036
0.239689
0.231941
0.225569
0.220347
0.21607
0.21256
0.209675
0.207297
0.205333
0.203709
0.202364
0.201247
0.20032
0.19955
0.198909
0.198375
0.197929
0.197557
0.197246
0.196985
0.196765
0.196579
0.196422
0.196289
0.196175
0.196077
0.195992
0.195919
0.195854
0.195798
0.195748
0.195704
0.195664
0.195628
0.195595
0.195565
0.195538
0.195513
0.195489
0.195467
0.195447
0.195428
0.195407
0.195401
0.195324
0.227777
0.22723
0.226786
0.2265
0.226436
0.226659
0.227231
0.228211
0.229657
0.231621
0.234155
0.237308
0.241126
0.245653
0.250925
0.256967
0.263784
0.271355
0.27962
0.288474
0.297762
0.307279
0.316788
0.326043
0.334839
0.343067
0.350731
0.357921
0.364709
0.371032
0.376634
0.381129
0.384172
0.385653
0.385801
0.385144
0.384331
0.383896
0.384085
0.384791
0.385597
0.38589
0.384975
0.3822
0.377058
0.369269
0.358844
0.346098
0.33161
0.316138
0.300491
0.285411
0.271475
0.259046
0.24828
0.239159
0.231552
0.22527
0.220108
0.215873
0.212396
0.209538
0.207183
0.205239
0.203631
0.202299
0.201194
0.200275
0.199511
0.198873
0.198341
0.197896
0.197523
0.19721
0.196946
0.196724
0.196535
0.196374
0.196237
0.196119
0.196018
0.19593
0.195854
0.195786
0.195727
0.195675
0.195628
0.195586
0.195549
0.195514
0.195483
0.195455
0.195428
0.195404
0.195381
0.19536
0.19534
0.195319
0.195312
0.195235
0.228037
0.227516
0.227088
0.226798
0.226698
0.226844
0.227291
0.228094
0.229306
0.230977
0.233152
0.235876
0.239189
0.243124
0.247708
0.252957
0.258867
0.265415
0.272544
0.280165
0.288151
0.296339
0.304542
0.31257
0.320274
0.32758
0.334513
0.341166
0.347607
0.35377
0.359398
0.364092
0.36747
0.369359
0.369912
0.369594
0.369014
0.36871
0.368963
0.369731
0.370673
0.371255
0.370855
0.36887
0.364805
0.358349
0.34944
0.338292
0.325376
0.311346
0.296942
0.282866
0.269693
0.257814
0.247423
0.238547
0.231096
0.224912
0.219814
0.215623
0.212178
0.209346
0.207012
0.205087
0.203496
0.202178
0.201085
0.200176
0.19942
0.198789
0.198261
0.19782
0.197449
0.197137
0.196873
0.19665
0.196461
0.196299
0.196161
0.196042
0.195939
0.195849
0.195771
0.195702
0.195642
0.195588
0.19554
0.195497
0.195459
0.195423
0.195391
0.195362
0.195335
0.19531
0.195287
0.195265
0.195245
0.195223
0.195216
0.195139
0.228139
0.227626
0.227198
0.226891
0.226747
0.226813
0.227138
0.22777
0.228756
0.230142
0.231971
0.234283
0.237111
0.240485
0.244426
0.248943
0.254032
0.259668
0.265804
0.272364
0.279244
0.286315
0.293428
0.300437
0.307229
0.31376
0.320067
0.326246
0.332363
0.338355
0.343969
0.348802
0.352444
0.354672
0.355576
0.355557
0.35519
0.355007
0.355317
0.356125
0.357155
0.35794
0.357922
0.356551
0.353353
0.348009
0.340405
0.330673
0.319184
0.3065
0.293283
0.280191
0.267785
0.256471
0.246473
0.237861
0.230581
0.224505
0.219477
0.215332
0.21192
0.209113
0.2068
0.204893
0.203317
0.202013
0.200932
0.200034
0.199286
0.198663
0.198142
0.197705
0.197339
0.19703
0.196769
0.196548
0.196359
0.196198
0.19606
0.195941
0.195838
0.195749
0.19567
0.195601
0.195541
0.195487
0.195438
0.195395
0.195356
0.19532
0.195288
0.195258
0.195231
0.195206
0.195182
0.19516
0.19514
0.195118
0.195111
0.195033
0.228155
0.22764
0.227202
0.22687
0.226678
0.226665
0.226874
0.227346
0.228124
0.229248
0.230758
0.232688
0.23507
0.23793
0.241284
0.245142
0.249497
0.254329
0.259598
0.265243
0.271178
0.2773
0.28349
0.289635
0.29565
0.301511
0.307266
0.313012
0.318817
0.324623
0.330185
0.335099
0.33894
0.341443
0.342641
0.342881
0.342701
0.342625
0.342982
0.343816
0.344902
0.345828
0.346094
0.345196
0.342696
0.338273
0.331782
0.323292
0.31309
0.301648
0.289554
0.277415
0.265771
0.25503
0.245444
0.237112
0.230016
0.224059
0.219107
0.215012
0.211635
0.208853
0.20656
0.204669
0.203108
0.201816
0.200746
0.199859
0.19912
0.198505
0.197991
0.197561
0.1972
0.196895
0.196638
0.19642
0.196234
0.196076
0.195939
0.195822
0.19572
0.195631
0.195553
0.195485
0.195425
0.195371
0.195323
0.19528
0.195241
0.195205
0.195173
0.195143
0.195116
0.195091
0.195067
0.195045
0.195025
0.195004
0.194996
0.194918
0.228127
0.227604
0.22715
0.226788
0.226547
0.22646
0.226562
0.22689
0.22748
0.22837
0.229593
0.231181
0.233163
0.235562
0.238393
0.241665
0.245373
0.249501
0.254017
0.25887
0.263992
0.269299
0.274698
0.280098
0.285437
0.290706
0.295963
0.301305
0.306804
0.312409
0.317883
0.32283
0.326812
0.329531
0.330972
0.331431
0.33141
0.331424
0.331816
0.332664
0.333782
0.334806
0.335282
0.334752
0.332809
0.329146
0.323601
0.316192
0.307139
0.296835
0.285793
0.274569
0.263672
0.253508
0.244343
0.236306
0.229408
0.223582
0.218713
0.214673
0.211332
0.208576
0.206303
0.204428
0.20288
0.2016
0.200541
0.199663
0.198934
0.198327
0.19782
0.197396
0.197041
0.196741
0.196489
0.196275
0.196092
0.195937
0.195803
0.195687
0.195587
0.1955
0.195424
0.195357
0.195298
0.195245
0.195197
0.195155
0.195116
0.195081
0.195049
0.19502
0.194993
0.194968
0.194945
0.194923
0.194903
0.194881
0.194874
0.194796
0.228079
0.227543
0.227069
0.226676
0.226388
0.226233
0.226239
0.226438
0.226863
0.227545
0.228516
0.229803
0.231432
0.233425
0.235797
0.238554
0.241697
0.245211
0.249072
0.253239
0.257657
0.26226
0.266971
0.271721
0.276463
0.281203
0.286003
0.290965
0.296163
0.301554
0.306914
0.311851
0.315925
0.318809
0.320446
0.321085
0.321196
0.321281
0.321697
0.322545
0.323678
0.324767
0.325399
0.325155
0.32366
0.320624
0.315877
0.309406
0.301371
0.2921
0.282036
0.27168
0.26151
0.251919
0.243184
0.235453
0.228765
0.223078
0.218301
0.214321
0.211021
0.208292
0.206039
0.204179
0.202644
0.201375
0.200326
0.199457
0.198736
0.198137
0.197637
0.19722
0.19687
0.196576
0.196329
0.196119
0.19594
0.195788
0.195657
0.195545
0.195447
0.195362
0.195288
0.195222
0.195164
0.195112
0.195066
0.195024
0.194987
0.194952
0.194921
0.194892
0.194866
0.194841
0.194818
0.194796
0.194776
0.194755
0.194748
0.19467
0.22802
0.22747
0.226975
0.226551
0.226219
0.226
0.225921
0.226007
0.226287
0.226789
0.227539
0.228564
0.229886
0.231525
0.233496
0.235806
0.238456
0.241437
0.244729
0.2483
0.252108
0.256097
0.260207
0.264384
0.268595
0.272856
0.277236
0.281839
0.286742
0.291911
0.297134
0.30203
0.306154
0.309159
0.310951
0.311737
0.311955
0.312093
0.312518
0.313355
0.314486
0.315616
0.316364
0.316343
0.315208
0.312689
0.308615
0.302953
0.295818
0.287478
0.278316
0.268778
0.259306
0.250279
0.241975
0.234559
0.228092
0.222554
0.217877
0.213962
0.210705
0.208006
0.205774
0.20393
0.202408
0.20115
0.20011
0.199249
0.198536
0.197944
0.197451
0.19704
0.196696
0.196408
0.196165
0.195959
0.195785
0.195636
0.195509
0.195399
0.195304
0.195221
0.195149
0.195085
0.195029
0.194978
0.194933
0.194893
0.194856
0.194823
0.194792
0.194764
0.194738
0.194713
0.194691
0.194669
0.19465
0.194628
0.194622
0.194544
0.227956
0.227391
0.226875
0.226421
0.226047
0.225772
0.225617
0.225604
0.225757
0.226102
0.226661
0.227459
0.228515
0.229847
0.231471
0.233393
0.235615
0.238134
0.240932
0.243986
0.247262
0.250714
0.254296
0.257965
0.261702
0.265529
0.26952
0.273783
0.2784
0.283343
0.288415
0.293244
0.297385
0.300476
0.302388
0.303292
0.303592
0.303767
0.304188
0.305003
0.306119
0.307269
0.308101
0.308254
0.30741
0.305317
0.301813
0.296847
0.290503
0.282998
0.274661
0.265887
0.257082
0.248604
0.240729
0.233632
0.227393
0.222013
0.217442
0.213598
0.210389
0.207723
0.205513
0.203686
0.202176
0.200929
0.199898
0.199046
0.19834
0.197754
0.197268
0.196863
0.196525
0.196241
0.196003
0.195802
0.195632
0.195487
0.195363
0.195256
0.195164
0.195083
0.195013
0.194951
0.194897
0.194848
0.194804
0.194764
0.194729
0.194696
0.194666
0.194638
0.194613
0.194589
0.194567
0.194546
0.194526
0.194506
0.194499
0.194422
0.227888
0.227308
0.226771
0.22629
0.225878
0.225552
0.225329
0.225229
0.225272
0.225481
0.225876
0.226476
0.227303
0.228371
0.229693
0.231279
0.233132
0.235249
0.237619
0.240223
0.243034
0.246017
0.249133
0.252352
0.255662
0.259094
0.262727
0.266671
0.271011
0.27573
0.28064
0.285384
0.289517
0.292663
0.294666
0.295662
0.296026
0.296223
0.296629
0.29741
0.2985
0.299653
0.300542
0.300831
0.300223
0.298483
0.295459
0.291092
0.285441
0.278682
0.271095
0.263031
0.254856
0.246908
0.239456
0.232679
0.226674
0.221459
0.217001
0.213233
0.210076
0.207444
0.20526
0.20345
0.201954
0.200717
0.199695
0.19885
0.198151
0.197573
0.197092
0.196693
0.19636
0.196082
0.195848
0.195652
0.195485
0.195344
0.195223
0.195119
0.19503
0.194952
0.194883
0.194824
0.19477
0.194723
0.194681
0.194642
0.194608
0.194576
0.194547
0.19452
0.194495
0.194471
0.194449
0.194429
0.19441
0.194389
0.194383
0.194305
0.227818
0.227223
0.226667
0.226159
0.225713
0.22534
0.225058
0.224881
0.224829
0.22492
0.225172
0.225603
0.226231
0.22707
0.228133
0.229429
0.230962
0.23273
0.234728
0.23694
0.239345
0.241915
0.244621
0.247439
0.250366
0.253441
0.256744
0.260388
0.264465
0.268962
0.273707
0.278352
0.282457
0.285635
0.287706
0.288773
0.289184
0.289391
0.289772
0.29051
0.291561
0.292704
0.29363
0.294023
0.293604
0.292158
0.28954
0.285688
0.280643
0.274547
0.267641
0.26023
0.252648
0.245206
0.238165
0.231708
0.225939
0.220894
0.216554
0.212868
0.209766
0.207172
0.205014
0.203223
0.201741
0.200515
0.199502
0.198665
0.197973
0.197401
0.196927
0.196533
0.196205
0.195931
0.195702
0.19551
0.195347
0.195209
0.195092
0.194991
0.194904
0.194828
0.194762
0.194704
0.194653
0.194607
0.194566
0.194528
0.194495
0.194464
0.194435
0.194409
0.194385
0.194362
0.19434
0.19432
0.194301
0.194281
0.194275
0.194197
0.227748
0.227139
0.226564
0.226031
0.225553
0.225139
0.224803
0.22456
0.224425
0.224413
0.224542
0.224826
0.225283
0.225924
0.226763
0.227808
0.229063
0.23053
0.232204
0.234074
0.236124
0.238332
0.240674
0.243136
0.245721
0.24847
0.25147
0.254836
0.258662
0.262945
0.267523
0.272061
0.276122
0.279314
0.281434
0.282555
0.283
0.283206
0.283554
0.284242
0.285246
0.286366
0.287311
0.287781
0.287516
0.286314
0.284038
0.28063
0.276114
0.270607
0.264313
0.257502
0.250472
0.243512
0.236869
0.230725
0.225193
0.220321
0.216104
0.212503
0.20946
0.206907
0.204777
0.203007
0.201539
0.200325
0.199321
0.198492
0.197807
0.197241
0.196772
0.196383
0.19606
0.195791
0.195567
0.195378
0.195219
0.195085
0.19497
0.194872
0.194787
0.194714
0.19465
0.194594
0.194544
0.1945
0.19446
0.194424
0.194391
0.194361
0.194333
0.194308
0.194284
0.194261
0.19424
0.19422
0.194202
0.194181
0.194176
0.194099
0.227678
0.227055
0.226462
0.225907
0.225399
0.224948
0.224566
0.224263
0.224055
0.223954
0.223976
0.224134
0.224442
0.224913
0.225558
0.226385
0.2274
0.228605
0.229997
0.231569
0.233308
0.235198
0.23722
0.239365
0.241641
0.244096
0.246819
0.249927
0.253517
0.257594
0.262007
0.266432
0.27044
0.273631
0.275784
0.276947
0.277415
0.277613
0.277923
0.278555
0.279504
0.28059
0.281539
0.282065
0.281923
0.280922
0.278937
0.27591
0.271855
0.266869
0.261127
0.254863
0.248344
0.241838
0.235576
0.229738
0.224442
0.219744
0.215652
0.21214
0.209159
0.206649
0.204549
0.2028
0.201348
0.200146
0.199152
0.19833
0.197652
0.197092
0.196628
0.196245
0.195927
0.195662
0.195441
0.195257
0.195101
0.19497
0.194858
0.194763
0.194681
0.19461
0.194548
0.194493
0.194445
0.194402
0.194363
0.194328
0.194297
0.194267
0.19424
0.194215
0.194192
0.19417
0.194149
0.19413
0.194111
0.194091
0.194086
0.194009
0.227609
0.226973
0.226363
0.225788
0.225253
0.224769
0.224344
0.22399
0.223717
0.223539
0.223468
0.223516
0.223696
0.22402
0.224497
0.225136
0.225942
0.226919
0.228066
0.229378
0.230845
0.232455
0.234194
0.236056
0.238057
0.240247
0.242716
0.245585
0.248953
0.252835
0.257087
0.261397
0.265344
0.268523
0.270698
0.271891
0.272376
0.272561
0.272828
0.2734
0.274289
0.275333
0.276273
0.276838
0.276791
0.275957
0.274219
0.271519
0.267866
0.263341
0.258092
0.252325
0.246278
0.240196
0.234297
0.228755
0.223689
0.219165
0.215201
0.21178
0.208862
0.206397
0.204329
0.202602
0.201167
0.199977
0.198993
0.19818
0.197508
0.196954
0.196496
0.196117
0.195804
0.195543
0.195327
0.195145
0.194993
0.194865
0.194756
0.194663
0.194584
0.194515
0.194455
0.194402
0.194355
0.194313
0.194276
0.194242
0.194211
0.194182
0.194156
0.194132
0.194109
0.194087
0.194067
0.194048
0.19403
0.19401
0.194004
0.193928
0.227542
0.226893
0.226268
0.225673
0.225115
0.2246
0.224138
0.223738
0.22341
0.223164
0.223012
0.222965
0.223034
0.223229
0.223561
0.224037
0.224662
0.225442
0.226375
0.22746
0.228689
0.230052
0.23154
0.233153
0.234907
0.236857
0.239095
0.241744
0.244906
0.248601
0.252698
0.256894
0.260775
0.263934
0.266122
0.267338
0.267833
0.268003
0.268226
0.268736
0.269562
0.270557
0.271478
0.272065
0.272094
0.271397
0.269866
0.267448
0.264146
0.260027
0.255218
0.249901
0.244287
0.238599
0.233042
0.227783
0.222943
0.21859
0.214753
0.211424
0.208572
0.206153
0.204117
0.202414
0.200996
0.199819
0.198844
0.198039
0.197374
0.196826
0.196373
0.196
0.19569
0.195434
0.195221
0.195043
0.194894
0.194769
0.194663
0.194573
0.194495
0.194428
0.19437
0.194319
0.194273
0.194233
0.194196
0.194164
0.194133
0.194106
0.19408
0.194056
0.194034
0.194013
0.193993
0.193974
0.193956
0.193936
0.193931
0.193854
0.227478
0.226817
0.226178
0.225565
0.224985
0.224443
0.223948
0.223507
0.223129
0.222824
0.222602
0.222472
0.222445
0.222529
0.222735
0.223069
0.223538
0.224146
0.224893
0.225779
0.226799
0.227946
0.229213
0.230603
0.232137
0.23387
0.235899
0.238346
0.241317
0.244836
0.248782
0.252865
0.256677
0.259811
0.262004
0.263238
0.263742
0.263896
0.264076
0.264525
0.265285
0.266228
0.267123
0.26772
0.267806
0.267222
0.265867
0.26369
0.260693
0.256932
0.252516
0.247603
0.242384
0.23706
0.231823
0.226833
0.222208
0.218023
0.214312
0.211075
0.208289
0.205917
0.203914
0.202235
0.200834
0.19967
0.198706
0.197908
0.19725
0.196708
0.19626
0.195891
0.195586
0.195334
0.195124
0.19495
0.194804
0.194681
0.194578
0.19449
0.194414
0.194349
0.194292
0.194243
0.194199
0.19416
0.194124
0.194092
0.194063
0.194036
0.194011
0.193988
0.193966
0.193945
0.193925
0.193907
0.193889
0.19387
0.193865
0.193788
0.227416
0.226744
0.226092
0.225463
0.224863
0.224297
0.223773
0.223296
0.222875
0.222518
0.222234
0.222033
0.221921
0.22191
0.222006
0.222218
0.22255
0.223008
0.223593
0.224306
0.225143
0.2261
0.227172
0.228364
0.229701
0.23124
0.233078
0.235339
0.238132
0.241486
0.245288
0.249259
0.252999
0.256103
0.258298
0.259547
0.260059
0.260199
0.26034
0.26073
0.261427
0.262316
0.263178
0.263777
0.263906
0.263415
0.262209
0.260241
0.257511
0.254064
0.249996
0.245446
0.240583
0.235593
0.230652
0.225914
0.221494
0.21747
0.213881
0.210734
0.208014
0.205689
0.20372
0.202065
0.200681
0.19953
0.198576
0.197786
0.197135
0.196598
0.196155
0.19579
0.195489
0.195241
0.195035
0.194863
0.19472
0.1946
0.194499
0.194413
0.19434
0.194277
0.194222
0.194173
0.194131
0.194093
0.194058
0.194027
0.193999
0.193972
0.193948
0.193925
0.193904
0.193883
0.193864
0.193846
0.193828
0.193809
0.193804
0.193728
0.227357
0.226676
0.226011
0.225368
0.22475
0.224163
0.223612
0.223104
0.222645
0.222243
0.221905
0.221641
0.221457
0.221362
0.221364
0.221468
0.221682
0.22201
0.222454
0.223015
0.223692
0.224481
0.22538
0.226397
0.227558
0.228923
0.230588
0.232678
0.235305
0.238502
0.242164
0.246024
0.249691
0.25276
0.254953
0.256216
0.256739
0.256871
0.25698
0.257318
0.257955
0.25879
0.25962
0.260215
0.260377
0.259965
0.258888
0.257101
0.254604
0.251434
0.247674
0.243447
0.238904
0.234216
0.229546
0.225039
0.220811
0.216939
0.213466
0.210407
0.20775
0.205471
0.203535
0.201903
0.200537
0.199398
0.198453
0.197672
0.197027
0.196495
0.196057
0.195697
0.195399
0.195154
0.194951
0.194783
0.194643
0.194525
0.194426
0.194342
0.194271
0.194209
0.194156
0.194109
0.194067
0.19403
0.193997
0.193967
0.193939
0.193913
0.193889
0.193867
0.193846
0.193826
0.193807
0.193789
0.193772
0.193753
0.193748
0.193672
0.227302
0.226612
0.225937
0.22528
0.224646
0.22404
0.223466
0.222929
0.222437
0.221996
0.221612
0.221293
0.221046
0.220878
0.220797
0.220809
0.22092
0.221134
0.221455
0.221884
0.22242
0.223061
0.223808
0.224669
0.225672
0.226878
0.228385
0.230316
0.232786
0.235832
0.239357
0.243105
0.246695
0.249728
0.251918
0.253197
0.253736
0.253868
0.253954
0.254249
0.254834
0.255622
0.256421
0.257011
0.257204
0.256862
0.255899
0.254274
0.251983
0.249058
0.24557
0.241628
0.23737
0.23295
0.228522
0.224226
0.220172
0.216439
0.213075
0.210096
0.207499
0.205264
0.203359
0.201749
0.200399
0.199273
0.198337
0.197563
0.196923
0.196397
0.195963
0.195607
0.195313
0.195071
0.194871
0.194705
0.194568
0.194453
0.194356
0.194274
0.194204
0.194144
0.194092
0.194047
0.194006
0.19397
0.193938
0.193908
0.193881
0.193856
0.193833
0.193811
0.19379
0.193771
0.193752
0.193734
0.193717
0.193698
0.193694
0.193617
0.227252
0.226553
0.225868
0.2252
0.224552
0.223928
0.223334
0.222773
0.222252
0.221775
0.221351
0.220984
0.220682
0.220452
0.220299
0.22023
0.220251
0.220366
0.220579
0.220891
0.221303
0.221814
0.222424
0.223145
0.224004
0.225065
0.226423
0.228204
0.230521
0.233417
0.236804
0.240437
0.243947
0.24694
0.249128
0.250428
0.250993
0.251137
0.251214
0.25148
0.252024
0.252774
0.25355
0.254142
0.254368
0.254095
0.253241
0.251765
0.24966
0.246953
0.243705
0.240014
0.236004
0.231818
0.227603
0.223491
0.219591
0.215982
0.212713
0.209807
0.207264
0.205067
0.203189
0.2016
0.200264
0.199149
0.198221
0.197454
0.19682
0.196298
0.195868
0.195515
0.195225
0.194986
0.194789
0.194626
0.19449
0.194378
0.194283
0.194203
0.194135
0.194076
0.194026
0.193981
0.193942
0.193907
0.193875
0.193846
0.19382
0.193796
0.193773
0.193751
0.193731
0.193712
0.193693
0.193675
0.193659
0.19364
0.193635
0.193559
0.227206
0.2265
0.225806
0.225128
0.224467
0.223828
0.223216
0.222634
0.222087
0.22158
0.22112
0.220712
0.220362
0.220076
0.21986
0.219721
0.219662
0.21969
0.219807
0.220015
0.220315
0.220707
0.221194
0.221785
0.222511
0.223432
0.224647
0.226279
0.228442
0.231183
0.234425
0.237936
0.241361
0.244314
0.246503
0.247834
0.248438
0.248612
0.248696
0.248948
0.249468
0.250194
0.25096
0.251568
0.251838
0.251643
0.2509
0.249568
0.247637
0.245127
0.242093
0.23862
0.234824
0.230839
0.226804
0.222847
0.219076
0.215571
0.212383
0.209537
0.207038
0.204873
0.203018
0.201445
0.200121
0.199014
0.198094
0.197332
0.196703
0.196185
0.195759
0.195409
0.195122
0.194886
0.194692
0.194531
0.194398
0.194287
0.194195
0.194116
0.19405
0.193993
0.193943
0.1939
0.193862
0.193828
0.193797
0.193769
0.193743
0.193719
0.193697
0.193676
0.193656
0.193637
0.193618
0.193601
0.193584
0.193566
0.193561
0.193485
0.227166
0.226453
0.225752
0.225064
0.224392
0.22374
0.223111
0.22251
0.22194
0.221407
0.220915
0.220469
0.220076
0.219741
0.219468
0.219264
0.219134
0.219081
0.21911
0.219222
0.219417
0.219698
0.220065
0.220531
0.221126
0.221909
0.222977
0.224452
0.226451
0.229026
0.232111
0.23549
0.238825
0.241739
0.24394
0.245317
0.245979
0.246202
0.246313
0.24657
0.247081
0.247801
0.248576
0.249217
0.24955
0.249447
0.248826
0.247642
0.24588
0.243555
0.240712
0.23743
0.233817
0.23
0.226113
0.222283
0.218615
0.21519
0.212064
0.209264
0.206798
0.204656
0.202818
0.201256
0.199941
0.198841
0.197925
0.197168
0.196543
0.196028
0.195606
0.19526
0.194975
0.194742
0.194551
0.194393
0.194262
0.194153
0.194062
0.193986
0.193921
0.193866
0.193817
0.193775
0.193738
0.193705
0.193675
0.193648
0.193622
0.193599
0.193577
0.193556
0.193537
0.193518
0.1935
0.193482
0.193466
0.193448
0.193443
0.193367
0.227132
0.226413
0.225704
0.225007
0.224325
0.22366
0.223016
0.222396
0.221805
0.221246
0.220723
0.220242
0.219808
0.219424
0.219097
0.21883
0.218629
0.218497
0.218438
0.218454
0.218545
0.218712
0.218959
0.219295
0.219752
0.220388
0.221298
0.222603
0.22442
0.226811
0.229722
0.232959
0.236202
0.239085
0.241313
0.242756
0.243497
0.243788
0.243941
0.244215
0.244731
0.245458
0.24626
0.246954
0.247371
0.24738
0.246896
0.245868
0.244277
0.242129
0.239464
0.236353
0.232898
0.229221
0.225455
0.221724
0.218135
0.214772
0.211689
0.208921
0.206476
0.204348
0.20252
0.200966
0.199656
0.19856
0.197649
0.196896
0.196274
0.195764
0.195345
0.195002
0.194722
0.194492
0.194303
0.194148
0.19402
0.193914
0.193825
0.193751
0.193688
0.193634
0.193587
0.193547
0.193511
0.193478
0.193449
0.193423
0.193398
0.193375
0.193353
0.193333
0.193314
0.193295
0.193277
0.19326
0.193244
0.193225
0.193221
0.193144
0.227097
0.226371
0.225654
0.224946
0.224252
0.223572
0.222911
0.22227
0.221654
0.221065
0.220508
0.219987
0.219506
0.219068
0.218679
0.218342
0.218062
0.217843
0.217687
0.217597
0.217573
0.217617
0.217732
0.21793
0.218238
0.218714
0.219451
0.220568
0.222184
0.224371
0.227093
0.230178
0.23333
0.236193
0.238464
0.239992
0.240827
0.241193
0.241389
0.241676
0.242192
0.242928
0.243762
0.244521
0.245037
0.245174
0.24484
0.243979
0.242563
0.240593
0.2381
0.23515
0.231839
0.228289
0.224629
0.220983
0.217459
0.214143
0.211095
0.208349
0.205919
0.203801
0.20198
0.200431
0.199126
0.198036
0.19713
0.196381
0.195765
0.19526
0.194847
0.194509
0.194233
0.194008
0.193824
0.193673
0.193548
0.193446
0.19336
0.193288
0.193228
0.193176
0.193131
0.193092
0.193058
0.193027
0.192998
0.192973
0.192949
0.192926
0.192905
0.192885
0.192866
0.192848
0.19283
0.192813
0.192797
0.192778
0.192774
0.192696
0.227036
0.226298
0.225565
0.224841
0.224126
0.223424
0.222735
0.222064
0.221412
0.220782
0.220177
0.219602
0.219058
0.218551
0.218084
0.21766
0.217285
0.216961
0.216692
0.21648
0.216329
0.216239
0.216214
0.216265
0.216419
0.21673
0.217285
0.218201
0.219599
0.22156
0.224072
0.226988
0.230038
0.232877
0.23519
0.236798
0.237712
0.238125
0.238325
0.238584
0.239061
0.239775
0.240622
0.241438
0.24205
0.242319
0.242143
0.241457
0.240224
0.238439
0.236127
0.233346
0.23019
0.226775
0.223229
0.219675
0.216225
0.212964
0.209956
0.207239
0.20483
0.202729
0.200921
0.199385
0.198091
0.197011
0.196116
0.195378
0.194772
0.194277
0.193873
0.193544
0.193276
0.193059
0.192881
0.192736
0.192618
0.19252
0.192439
0.192372
0.192314
0.192266
0.192224
0.192187
0.192154
0.192125
0.192098
0.192074
0.192051
0.192029
0.192009
0.191989
0.191971
0.191953
0.191935
0.191918
0.191902
0.191883
0.191879
0.191798
0.226855
0.226089
0.225326
0.224568
0.223815
0.22307
0.222334
0.221609
0.220897
0.220201
0.219524
0.218868
0.218237
0.217634
0.217063
0.216529
0.216036
0.21559
0.215194
0.214853
0.214571
0.214348
0.21419
0.214104
0.214114
0.214267
0.21464
0.215343
0.216495
0.218188
0.220434
0.223122
0.226008
0.228761
0.231056
0.232674
0.233588
0.233958
0.234066
0.234203
0.23456
0.235187
0.236
0.236842
0.237536
0.237932
0.237918
0.237419
0.236391
0.23482
0.232722
0.230151
0.227193
0.22396
0.220574
0.217159
0.213824
0.210658
0.207726
0.205071
0.202713
0.200654
0.198882
0.197378
0.196113
0.19506
0.194189
0.193473
0.192888
0.192412
0.192025
0.191712
0.191458
0.191254
0.191088
0.190953
0.190844
0.190754
0.19068
0.190619
0.190567
0.190523
0.190485
0.190452
0.190422
0.190395
0.190371
0.190348
0.190327
0.190306
0.190287
0.190268
0.19025
0.190232
0.190215
0.190198
0.190181
0.190162
0.190159
0.190075
0.226335
0.225515
0.224695
0.223874
0.223055
0.222239
0.221427
0.220621
0.219823
0.219037
0.218263
0.217507
0.216771
0.216061
0.215381
0.214736
0.214133
0.213576
0.213072
0.212623
0.212232
0.2119
0.211626
0.211415
0.211279
0.211253
0.211399
0.211813
0.212612
0.213898
0.215713
0.21799
0.220526
0.223012
0.225112
0.226572
0.22732
0.227485
0.227351
0.227233
0.227364
0.227827
0.228558
0.229401
0.230172
0.230706
0.230881
0.230609
0.229839
0.228546
0.226739
0.224463
0.221794
0.218836
0.215706
0.212521
0.209389
0.206399
0.203618
0.201092
0.198843
0.196878
0.195188
0.193754
0.192551
0.191552
0.19073
0.190057
0.18951
0.189067
0.18871
0.188423
0.188193
0.188009
0.187861
0.187742
0.187647
0.187569
0.187506
0.187454
0.18741
0.187373
0.187341
0.187313
0.187288
0.187265
0.187243
0.187223
0.187203
0.187185
0.187167
0.187149
0.187131
0.187114
0.187097
0.18708
0.187064
0.187045
0.187042
0.186953
0.225198
0.224306
0.22341
0.222513
0.221616
0.22072
0.219827
0.218939
0.21806
0.217192
0.21634
0.215507
0.214697
0.213917
0.21317
0.212462
0.211796
0.211177
0.210605
0.210081
0.209602
0.209163
0.208757
0.208381
0.208036
0.207741
0.207542
0.207518
0.207781
0.208449
0.209605
0.211239
0.213204
0.21522
0.21694
0.218069
0.218482
0.218283
0.217766
0.217286
0.21712
0.217382
0.218018
0.218859
0.219704
0.220372
0.220727
0.220678
0.220166
0.219162
0.217668
0.21572
0.213386
0.210761
0.207953
0.205071
0.202218
0.199479
0.196921
0.194591
0.192514
0.190698
0.189137
0.187815
0.18671
0.185795
0.185045
0.184435
0.183942
0.183546
0.18323
0.182979
0.182779
0.182622
0.182497
0.182398
0.18232
0.182257
0.182207
0.182165
0.182131
0.182102
0.182077
0.182055
0.182035
0.182016
0.181998
0.18198
0.181963
0.181947
0.18193
0.181913
0.181897
0.18188
0.181863
0.181847
0.18183
0.18181
0.181809
0.181714
0.224812
0.223985
0.223171
0.222371
0.22159
0.220831
0.220099
0.219398
0.218733
0.218109
0.217533
0.217009
0.216544
0.216143
0.21581
0.215551
0.215367
0.215261
0.215234
0.215282
0.215403
0.215589
0.215832
0.21612
0.216441
0.216788
0.217171
0.217627
0.218236
0.219106
0.220339
0.221961
0.223853
0.225721
0.227162
0.227805
0.227481
0.226305
0.224641
0.222941
0.221566
0.220668
0.220187
0.219935
0.219695
0.21929
0.218604
0.217572
0.216163
0.214371
0.212209
0.209717
0.206958
0.204014
0.20098
0.197946
0.194999
0.192208
0.189628
0.187295
0.185226
0.183425
0.181881
0.180575
0.179483
0.17858
0.177839
0.177235
0.176746
0.176353
0.176037
0.175785
0.175584
0.175423
0.175296
0.175194
0.175112
0.175046
0.174992
0.174948
0.17491
0.174878
0.17485
0.174825
0.174802
0.174781
0.174761
0.174741
0.174723
0.174704
0.174686
0.174668
0.17465
0.174632
0.174614
0.174596
0.174579
0.174557
0.174557
0.174457
0.254757
0.255943
0.257279
0.258778
0.260452
0.262313
0.264373
0.266642
0.26913
0.271844
0.274792
0.277974
0.281391
0.285038
0.288905
0.292978
0.297239
0.301662
0.306221
0.310884
0.315617
0.320384
0.325145
0.329854
0.334457
0.338884
0.343061
0.346922
0.350436
0.353617
0.356495
0.359039
0.361064
0.362193
0.361932
0.359865
0.355854
0.350135
0.343239
0.335769
0.328184
0.320694
0.313285
0.305845
0.298276
0.29055
0.282707
0.274827
0.266999
0.259301
0.2518
0.244556
0.237625
0.23106
0.224909
0.219209
0.21399
0.209264
0.205033
0.201287
0.198002
0.195146
0.192681
0.190568
0.188763
0.187227
0.185924
0.184818
0.183882
0.183088
0.182416
0.181844
0.181358
0.180944
0.180591
0.180288
0.180027
0.179803
0.179609
0.17944
0.179293
0.179165
0.179052
0.178953
0.178866
0.178788
0.178719
0.178657
0.178601
0.178551
0.178506
0.178465
0.178428
0.178394
0.178363
0.178334
0.178309
0.178282
0.178278
0.178198
0.540121
0.543989
0.547584
0.55088
0.553853
0.556476
0.558725
0.560569
0.561981
0.562931
0.563389
0.563328
0.56272
0.561543
0.559781
0.557424
0.554472
0.550937
0.546843
0.542228
0.537144
0.531657
0.525836
0.519741
0.513396
0.506771
0.499783
0.492331
0.484366
0.475949
0.467267
0.458587
0.450177
0.442235
0.434859
0.42807
0.421851
0.416176
0.411011
0.406321
0.40206
0.398172
0.394595
0.391271
0.388153
0.385207
0.382413
0.379759
0.37724
0.374855
0.3726
0.370474
0.368474
0.366598
0.364846
0.363215
0.361704
0.360311
0.35903
0.357857
0.356785
0.355807
0.354917
0.354108
0.353374
0.352709
0.352107
0.351563
0.351071
0.350628
0.350229
0.349871
0.349549
0.349261
0.349003
0.348772
0.348566
0.348383
0.34822
0.348075
0.347947
0.347833
0.347733
0.347644
0.347566
0.347497
0.347437
0.347384
0.347338
0.347298
0.347262
0.347232
0.347205
0.347181
0.347161
0.347143
0.347129
0.347113
0.347107
0.347073
0.102304
0.209627
0.365086
0.568982
0.78495
0.997444
1.19883
1.38568
1.55754
1.71535
1.86054
1.99473
2.11951
2.23641
2.34695
2.45278
2.55548
2.65381
2.7437
2.82381
2.89108
2.94115
2.96861
2.96789
2.93471
2.86783
2.77008
2.64798
2.51106
2.37135
2.22971
2.08203
1.92958
1.77527
1.62178
1.47128
1.32546
1.18575
1.05351
0.930058
0.816681
0.714438
0.624031
0.545721
0.479408
0.424771
0.381362
0.348529
0.325229
0.309923
0.300722
0.29574
0.293427
0.292725
0.293004
0.29392
0.295277
0.296936
0.298789
0.300745
0.302731
0.304696
0.3066
0.308421
0.310141
0.311751
0.313249
0.314632
0.315904
0.317068
0.318128
0.319092
0.319965
0.320754
0.321465
0.322104
0.322677
0.323191
0.323649
0.324059
0.324423
0.324747
0.325035
0.32529
0.325515
0.325715
0.325891
0.326047
0.326183
0.326304
0.32641
0.326503
0.326585
0.326657
0.32672
0.326775
0.326824
0.326868
0.326902
0.326958
0.467462
0.963383
1.15817
1.36558
1.5751
1.77602
1.97154
2.16577
2.3624
2.56255
2.76517
2.9678
3.16757
3.362
3.54958
3.7301
3.9051
4.0834
4.27357
4.47557
4.68628
4.89767
5.09543
5.25852
5.36209
5.38496
5.31859
5.16926
4.95156
4.68221
4.37703
4.05027
3.71424
3.37874
3.0509
2.73547
2.43536
2.15233
1.88754
1.64202
1.41688
1.2132
1.03187
0.873187
0.736699
0.621198
0.524984
0.446228
0.38321
0.334273
0.297577
0.270929
0.251899
0.238181
0.227932
0.21991
0.213404
0.208047
0.203642
0.200051
0.197148
0.194814
0.19294
0.191434
0.190224
0.189251
0.188467
0.187836
0.187327
0.186916
0.186583
0.186312
0.186092
0.185911
0.185762
0.185638
0.185535
0.185448
0.185374
0.185311
0.185256
0.185208
0.185166
0.185128
0.185094
0.185062
0.185033
0.185007
0.184982
0.184958
0.184936
0.184915
0.184894
0.184875
0.184856
0.184838
0.184821
0.184801
0.1848
0.184719
0.760451
1.55309
1.77524
1.9514
2.13324
2.3241
2.5251
2.73239
2.93812
3.13197
3.30421
3.44837
3.56289
3.65129
3.72107
3.78179
3.84251
3.90676
3.97843
4.06425
4.17335
4.31501
4.49313
4.69876
4.90393
5.06475
5.14006
5.11369
4.9934
4.79673
4.54305
4.2509
3.93662
3.61349
3.29134
2.97682
2.674
2.38526
2.11194
1.8551
1.6158
1.39537
1.19522
1.0166
0.860169
0.725744
0.612306
0.518251
0.441743
0.380947
0.333999
0.29884
0.273145
0.254498
0.240727
0.230171
0.221747
0.214842
0.209128
0.204413
0.200549
0.197398
0.194834
0.192747
0.191046
0.189657
0.188522
0.187592
0.186829
0.186202
0.185684
0.185256
0.1849
0.184604
0.184355
0.184146
0.183968
0.183817
0.183687
0.183575
0.183478
0.183393
0.183318
0.183252
0.183193
0.183139
0.183091
0.183047
0.183007
0.18297
0.182936
0.182904
0.182874
0.182846
0.182819
0.182794
0.182771
0.182745
0.182739
0.182642
0.933883
1.83521
2.09049
2.26142
2.4376
2.63294
2.84209
3.05297
3.25195
3.42662
3.56794
3.67175
3.73937
3.77653
3.79046
3.78645
3.76571
3.72303
3.6548
3.5654
3.46885
3.38943
3.35927
3.41103
3.56425
3.80117
4.04674
4.21602
4.2751
4.22837
4.0961
3.90193
3.66756
3.41051
3.1437
2.87585
2.61242
2.35663
2.11034
1.87484
1.65134
1.44129
1.24647
1.06879
0.909904
0.770837
0.65171
0.551778
0.469685
0.403785
0.35229
0.313237
0.284417
0.26347
0.248148
0.236617
0.227595
0.220305
0.21432
0.209398
0.205372
0.202096
0.199441
0.19729
0.195546
0.19413
0.192981
0.192048
0.191289
0.190671
0.190167
0.189755
0.189417
0.18914
0.18891
0.18872
0.188561
0.188427
0.188315
0.188218
0.188136
0.188064
0.188002
0.187947
0.187898
0.187854
0.187814
0.187777
0.187744
0.187713
0.187684
0.187657
0.187632
0.187608
0.187585
0.187563
0.187543
0.18752
0.187514
0.187423
1.00139
1.88835
2.18344
2.37931
2.57065
2.77636
2.99071
3.20201
3.39877
3.57139
3.71307
3.82093
3.89641
3.94397
3.96767
3.96735
3.93635
3.86552
3.74738
3.57798
3.36012
3.10591
2.83863
2.59524
2.44127
2.47957
2.73033
3.05017
3.29365
3.41154
3.41512
3.33316
3.19352
3.0181
2.82248
2.617
2.40818
2.19995
1.99469
1.79402
1.59937
1.41232
1.23484
1.0692
0.91772
0.782372
0.664358
0.563943
0.480543
0.412981
0.359732
0.319
0.288726
0.266661
0.2506
0.238663
0.229474
0.222159
0.216217
0.211365
0.207415
0.204218
0.201639
0.199562
0.197888
0.196539
0.195453
0.194577
0.193873
0.193306
0.192849
0.192481
0.192184
0.191943
0.191748
0.191589
0.191459
0.191351
0.191262
0.191187
0.191124
0.19107
0.191023
0.190982
0.190946
0.190914
0.190884
0.190857
0.190832
0.190808
0.190786
0.190765
0.190745
0.190725
0.190707
0.190688
0.190671
0.190652
0.190648
0.190565
0.997421
1.82788
2.16083
2.39346
2.60801
2.82496
3.04326
3.25645
3.45716
3.63819
3.79318
3.91787
4.01095
4.07357
4.10719
4.11092
4.07974
4.00848
3.89122
3.72257
3.49915
3.2204
2.88783
2.50427
2.09639
1.79563
1.8045
2.08993
2.41481
2.63549
2.73394
2.73727
2.67572
2.57244
2.44328
2.29852
2.14463
1.9856
1.82397
1.66153
1.49983
1.34053
1.18565
1.03763
0.899126
0.77268
0.660302
0.563145
0.481421
0.414549
0.361385
0.320379
0.289659
0.267137
0.250725
0.238595
0.229364
0.222114
0.216297
0.211593
0.207795
0.204742
0.202297
0.200341
0.198778
0.197528
0.196529
0.195733
0.195099
0.194595
0.194194
0.193876
0.193624
0.193424
0.193264
0.193138
0.193036
0.192955
0.192888
0.192834
0.19279
0.192752
0.19272
0.192692
0.192668
0.192646
0.192625
0.192607
0.192589
0.192572
0.192556
0.19254
0.192524
0.192509
0.192494
0.19248
0.192466
0.192449
0.192447
0.19237
0.948951
1.72183
2.09473
2.36667
2.607
2.83622
3.05832
3.27231
3.47454
3.65951
3.82081
3.95266
4.0513
4.11541
4.14529
4.14117
4.10235
4.02696
3.91158
3.7513
3.54006
3.26992
2.92852
2.49983
1.99785
1.54869
1.37819
1.54139
1.82701
2.05369
2.17894
2.22115
2.20603
2.153
2.07489
1.97985
1.873
1.75758
1.63576
1.50918
1.37931
1.24777
1.11652
0.987973
0.864877
0.750062
0.64603
0.554577
0.476588
0.412056
0.360256
0.319925
0.289412
0.266828
0.250255
0.237986
0.228694
0.221467
0.215736
0.211154
0.207491
0.204573
0.202258
0.200423
0.198971
0.197822
0.196914
0.196199
0.195637
0.195197
0.194854
0.194586
0.194379
0.194218
0.194094
0.193999
0.193925
0.193868
0.193824
0.193789
0.193762
0.19374
0.193721
0.193706
0.193692
0.193679
0.193667
0.193656
0.193645
0.193634
0.193623
0.193612
0.1936
0.193589
0.193577
0.193566
0.193554
0.19354
0.19354
0.193468
0.876013
1.58819
2.01255
2.32652
2.59579
2.84025
3.067
3.2791
3.47628
3.65525
3.81067
3.9368
4.0292
4.08571
4.10647
4.09281
4.04628
3.96689
3.8524
3.6975
3.49259
3.22084
2.85449
2.36639
1.79437
1.31503
1.14122
1.26791
1.49198
1.67021
1.77376
1.81772
1.82077
1.79603
1.75162
1.69249
1.62169
1.54118
1.45239
1.35648
1.25465
1.1483
1.03921
0.929661
0.822321
0.720083
0.625685
0.541321
0.468364
0.407283
0.357738
0.31876
0.288931
0.266578
0.249984
0.237605
0.228213
0.22094
0.215218
0.210685
0.207096
0.204264
0.202038
0.200293
0.198927
0.197861
0.19703
0.196385
0.195888
0.195505
0.195214
0.194993
0.194827
0.194704
0.194613
0.194547
0.194499
0.194465
0.194442
0.194425
0.194414
0.194406
0.1944
0.194396
0.194392
0.194388
0.194384
0.19438
0.194375
0.194369
0.194363
0.194356
0.194349
0.194341
0.194332
0.194323
0.194314
0.194302
0.194303
0.194235
0.782254
1.4445
1.91645
2.27353
2.57491
2.83843
3.07197
3.28112
3.4688
3.6347
3.77591
3.88831
3.96828
4.01391
4.02532
4.00422
3.95233
3.86992
3.75436
3.59821
3.38584
3.08807
2.66286
2.09442
1.48358
1.05802
0.970513
1.11383
1.29056
1.41503
1.48435
1.51505
1.52061
1.50897
1.48429
1.44869
1.4033
1.34876
1.28561
1.21438
1.13582
1.051
0.961437
0.869154
0.776655
0.686746
0.602217
0.525465
0.458174
0.401166
0.354423
0.317244
0.288442
0.266562
0.250094
0.237666
0.228175
0.220814
0.21504
0.210488
0.206905
0.204097
0.201907
0.200205
0.198888
0.197872
0.197092
0.196498
0.196048
0.19571
0.19546
0.195278
0.195147
0.195055
0.194993
0.194952
0.194928
0.194915
0.194909
0.19491
0.194913
0.194918
0.194924
0.19493
0.194935
0.194939
0.194942
0.194944
0.194945
0.194944
0.194942
0.194939
0.194935
0.19493
0.194924
0.194918
0.194911
0.194901
0.194903
0.194837
0.67118
1.29872
1.80741
2.20359
2.53549
2.81851
3.06008
3.26706
3.44487
3.59622
3.7211
3.81772
3.88398
3.91862
3.92182
3.89482
3.83846
3.75178
3.62969
3.45935
3.2144
2.85112
2.32956
1.69071
1.12054
0.838157
0.864677
1.01567
1.1477
1.22883
1.27062
1.2882
1.29127
1.28472
1.27052
1.2492
1.22058
1.18434
1.14015
1.08795
1.02796
0.960847
0.887799
0.810544
0.731344
0.65283
0.577727
0.508491
0.446983
0.394262
0.350565
0.315425
0.287872
0.266654
0.250457
0.238078
0.228535
0.221095
0.215247
0.210638
0.207014
0.204179
0.201975
0.20027
0.19896
0.197959
0.1972
0.196629
0.196205
0.195894
0.195671
0.195514
0.195407
0.195338
0.195297
0.195277
0.19527
0.195273
0.195283
0.195297
0.195312
0.195328
0.195344
0.195358
0.195371
0.195382
0.195391
0.195398
0.195404
0.195407
0.195409
0.195409
0.195408
0.195406
0.195402
0.195397
0.195392
0.195384
0.195388
0.195324
0.549539
1.16049
1.70021
2.1285
2.48176
2.77688
3.02262
3.22658
3.39548
3.53398
3.64431
3.72676
3.78067
3.80546
3.80131
3.76837
3.70568
3.6091
3.4677
3.25813
2.93972
2.46634
1.84526
1.21524
0.799828
0.705496
0.809276
0.939465
1.0306
1.08187
1.10659
1.11583
1.1163
1.11138
1.10235
1.08915
1.07108
1.04719
1.01658
0.978612
0.933049
0.880145
0.820718
0.756186
0.688532
0.620167
0.553675
0.49148
0.435516
0.386997
0.346353
0.313318
0.287114
0.26668
0.250877
0.238651
0.229131
0.221656
0.215752
0.211081
0.207397
0.204507
0.202256
0.200515
0.199178
0.19816
0.197391
0.196818
0.196396
0.196091
0.195876
0.19573
0.195635
0.195577
0.195548
0.195539
0.195543
0.195557
0.195576
0.195599
0.195623
0.195646
0.195668
0.195689
0.195707
0.195723
0.195737
0.195748
0.195757
0.195763
0.195768
0.19577
0.195771
0.195771
0.195769
0.195766
0.195762
0.195755
0.195759
0.195696
0.434783
1.04124
1.62235
2.07745
2.4363
2.72717
2.96538
3.16013
3.31823
3.44464
3.54241
3.61282
3.65604
3.67192
3.65992
3.61818
3.54201
3.42068
3.23245
2.9404
2.50106
1.90969
1.27186
0.79077
0.606768
0.656274
0.772363
0.867967
0.928714
0.962241
0.977989
0.982969
0.981819
0.977297
0.970631
0.961849
0.950164
0.934383
0.913256
0.885745
0.851206
0.809517
0.76115
0.707207
0.649384
0.589846
0.530999
0.475177
0.424318
0.379728
0.341982
0.310984
0.286132
0.266533
0.251202
0.239215
0.229795
0.222343
0.21642
0.211708
0.20797
0.205021
0.202711
0.200915
0.199531
0.198472
0.197672
0.197074
0.196634
0.196316
0.196093
0.195941
0.195844
0.195786
0.195758
0.195751
0.195758
0.195775
0.195798
0.195824
0.195851
0.195878
0.195903
0.195926
0.195948
0.195966
0.195982
0.195995
0.196006
0.196014
0.19602
0.196024
0.196026
0.196026
0.196025
0.196023
0.196019
0.196013
0.196018
0.195956
0.36621
1.01857
1.6319
2.08735
2.42576
2.68987
2.90314
3.07706
3.21787
3.32944
3.414
3.47248
3.50492
3.51043
3.48582
3.42479
3.3153
3.13582
2.85313
2.43127
1.8681
1.25299
0.763201
0.537347
0.545241
0.640679
0.732586
0.798762
0.840843
0.864845
0.876181
0.879173
0.877211
0.872739
0.867131
0.860678
0.85277
0.84222
0.82763
0.80771
0.781515
0.748605
0.709142
0.663929
0.614381
0.562414
0.510234
0.460051
0.413768
0.372737
0.337644
0.308535
0.284966
0.266194
0.251367
0.23967
0.230408
0.223031
0.217132
0.21241
0.208639
0.205642
0.203277
0.201423
0.199983
0.198873
0.198028
0.197391
0.196918
0.196574
0.196328
0.196158
0.196047
0.195978
0.195941
0.195927
0.195929
0.195942
0.195962
0.195986
0.196011
0.196037
0.196061
0.196084
0.196105
0.196123
0.196139
0.196152
0.196163
0.196171
0.196177
0.196181
0.196183
0.196184
0.196183
0.196181
0.196177
0.196171
0.196176
0.196114
0.359502
1.14015
1.78757
2.22659
2.51276
2.71344
2.86929
2.99829
3.10607
3.19312
3.25831
3.30004
3.31608
3.30073
3.24512
3.13521
2.94961
2.66031
2.24328
1.70867
1.14119
0.691231
0.47336
0.463932
0.540056
0.622194
0.688156
0.735626
0.767145
0.785891
0.794876
0.796929
0.794658
0.790244
0.785153
0.779939
0.774251
0.76705
0.756939
0.742506
0.722605
0.696548
0.664232
0.626188
0.583568
0.538044
0.491619
0.44636
0.404108
0.366235
0.333508
0.306099
0.2837
0.265702
0.251372
0.239984
0.23091
0.223645
0.217804
0.213102
0.209322
0.206296
0.203887
0.201983
0.20049
0.199328
0.198433
0.197751
0.197238
0.196858
0.196581
0.196385
0.19625
0.196162
0.196108
0.19608
0.196071
0.196074
0.196085
0.196102
0.196122
0.196142
0.196163
0.196182
0.1962
0.196216
0.196229
0.19624
0.196249
0.196256
0.196261
0.196264
0.196265
0.196265
0.196263
0.19626
0.196257
0.19625
0.196255
0.196192
0.295245
1.79054
2.61026
2.89126
2.93583
2.92611
2.93022
2.95699
2.99541
3.03234
3.05793
3.06307
3.03637
2.96573
2.83561
2.62687
2.32038
1.90874
1.41877
0.933075
0.570011
0.405022
0.402973
0.46505
0.53471
0.59586
0.644717
0.681127
0.706217
0.721613
0.729145
0.730769
0.728512
0.724276
0.71953
0.715021
0.710658
0.705607
0.698571
0.688115
0.672974
0.65228
0.625711
0.59356
0.556738
0.516684
0.4752
0.434207
0.395471
0.360361
0.32971
0.303795
0.282432
0.26513
0.251258
0.24017
0.231293
0.224155
0.218392
0.213731
0.209963
0.206926
0.20449
0.202548
0.20101
0.199801
0.198859
0.198131
0.197576
0.197156
0.196845
0.196617
0.196454
0.196342
0.196267
0.19622
0.196195
0.196184
0.196183
0.196189
0.1962
0.196212
0.196226
0.196239
0.196252
0.196263
0.196273
0.19628
0.196287
0.196291
0.196294
0.196295
0.196294
0.196292
0.196289
0.196285
0.196281
0.196273
0.196277
0.196213
)
;

boundaryField
{
    outlet
    {
        type            zeroGradient;
    }
    inlet
    {
        type            fixedValue;
        value           uniform 0.26;
    }
    lowerWall
    {
        type            kqRWallFunction;
        value           nonuniform List<scalar> 
148
(
0.288909
0.351396
0.415003
0.47747
0.536883
0.591622
0.640515
0.6829
0.718586
0.747757
0.770869
0.788544
0.801489
0.810428
0.816053
0.819
0.819834
0.819042
0.817035
0.814157
0.810687
0.806853
0.802835
0.798777
0.794789
0.790957
0.78734
0.783995
0.780897
0.778326
0.775038
0.77701
0.755443
0.102304
0.467462
0.760451
0.933883
1.00139
0.997421
0.948951
0.876013
0.782254
0.67118
0.549539
0.434783
0.36621
0.359502
0.295245
0.102304
0.209627
0.365086
0.568982
0.78495
0.997444
1.19883
1.38568
1.55754
1.71535
1.86054
1.99473
2.11951
2.23641
2.34695
2.45278
2.55548
2.65381
2.7437
2.82381
2.89108
2.94115
2.96861
2.96789
2.93471
2.86783
2.77008
2.64798
2.51106
2.37135
2.22971
2.08203
1.92958
1.77527
1.62178
1.47128
1.32546
1.18575
1.05351
0.930058
0.816681
0.714438
0.624031
0.545721
0.479408
0.424771
0.381362
0.348529
0.325229
0.309923
0.300722
0.29574
0.293427
0.292725
0.293004
0.29392
0.295277
0.296936
0.298789
0.300745
0.302731
0.304696
0.3066
0.308421
0.310141
0.311751
0.313249
0.314632
0.315904
0.317068
0.318128
0.319092
0.319965
0.320754
0.321465
0.322104
0.322677
0.323191
0.323649
0.324059
0.324423
0.324747
0.325035
0.32529
0.325515
0.325715
0.325891
0.326047
0.326183
0.326304
0.32641
0.326503
0.326585
0.326657
0.32672
0.326775
0.326824
0.326868
0.326902
0.326958
)
;
    }
    upperWall
    {
        type            kqRWallFunction;
        value           nonuniform List<scalar> 
133
(
0.266719
0.28057
0.294243
0.307624
0.320669
0.333362
0.345688
0.357638
0.369202
0.380375
0.391152
0.401531
0.411512
0.421098
0.430289
0.439092
0.447511
0.455553
0.463225
0.470534
0.477488
0.484096
0.490367
0.496309
0.501932
0.507244
0.512255
0.516973
0.521407
0.525566
0.529458
0.533091
0.53648
0.540121
0.543989
0.547584
0.55088
0.553853
0.556476
0.558725
0.560569
0.561981
0.562931
0.563389
0.563328
0.56272
0.561543
0.559781
0.557424
0.554472
0.550937
0.546843
0.542228
0.537144
0.531657
0.525836
0.519741
0.513396
0.506771
0.499783
0.492331
0.484366
0.475949
0.467267
0.458587
0.450177
0.442235
0.434859
0.42807
0.421851
0.416176
0.411011
0.406321
0.40206
0.398172
0.394595
0.391271
0.388153
0.385207
0.382413
0.379759
0.37724
0.374855
0.3726
0.370474
0.368474
0.366598
0.364846
0.363215
0.361704
0.360311
0.35903
0.357857
0.356785
0.355807
0.354917
0.354108
0.353374
0.352709
0.352107
0.351563
0.351071
0.350628
0.350229
0.349871
0.349549
0.349261
0.349003
0.348772
0.348566
0.348383
0.34822
0.348075
0.347947
0.347833
0.347733
0.347644
0.347566
0.347497
0.347437
0.347384
0.347338
0.347298
0.347262
0.347232
0.347205
0.347181
0.347161
0.347143
0.347129
0.347113
0.347107
0.347073
)
;
    }
    frontAndBack
    {
        type            empty;
    }
}


// ************************************************************************* //
