/*--------------------------------*- C++ -*----------------------------------*\
| =========                 |                                                 |
| \\      /  F ield         | OpenFOAM: The Open Source CFD Toolbox           |
|  \\    /   O peration     | Version:  2.1.1                                 |
|   \\  /    A nd           | Web:      www.OpenFOAM.org                      |
|    \\/     M anipulation  |                                                 |
\*---------------------------------------------------------------------------*/
FoamFile
{
    version     2.0;
    format      ascii;
    class       volScalarField;
    location    "0.025";
    object      p;
}
// * * * * * * * * * * * * * * * * * * * * * * * * * * * * * * * * * * * * * //

dimensions      [0 2 -2 0 0 0 0];

internalField   nonuniform List<scalar> 
6820
(
-10.2285
-12.076
-12.6542
-12.7872
-12.9006
-12.9877
-13.0515
-13.1089
-13.1638
-13.2167
-13.2685
-13.3199
-13.3714
-13.4229
-13.4747
-13.5271
-13.5801
-13.6338
-13.6885
-13.7441
-13.8008
-13.8586
-13.9174
-13.9771
-14.0376
-14.0984
-14.1589
-14.2184
-14.2753
-14.3278
-14.3713
-14.3967
-14.3966
-14.1806
-13.647
-13.2282
-13.043
-13.0244
-13.0434
-13.073
-13.1117
-13.1562
-13.2034
-13.2523
-13.3024
-13.3534
-13.4051
-13.4574
-13.5103
-13.564
-13.6184
-13.6737
-13.73
-13.7873
-13.8457
-13.905
-13.9654
-14.0265
-14.0881
-14.1497
-14.2111
-14.2708
-14.3305
-14.3848
-14.4627
-14.5267
-12.5378
-12.2352
-12.5249
-12.7741
-12.8864
-12.9697
-13.0379
-13.0979
-13.1542
-13.208
-13.2604
-13.312
-13.3634
-13.4146
-13.4661
-13.5181
-13.5707
-13.6241
-13.6783
-13.7337
-13.7901
-13.8477
-13.9065
-13.9664
-14.0273
-14.0889
-14.151
-14.2132
-14.2746
-14.3359
-14.3935
-14.4531
-14.4853
-13.0442
-13.0799
-13.0814
-13.0267
-13.0247
-13.0528
-13.0883
-13.1278
-13.1708
-13.2158
-13.2621
-13.3096
-13.3579
-13.4072
-13.4574
-13.5084
-13.5604
-13.6134
-13.6675
-13.7228
-13.7793
-13.8371
-13.8961
-13.9564
-14.0178
-14.0803
-14.1436
-14.2076
-14.2718
-14.3371
-14.4006
-14.4715
-14.532
-12.8879
-12.7882
-12.8354
-12.9071
-12.9665
-13.0208
-13.0708
-13.1188
-13.1667
-13.2146
-13.2627
-13.311
-13.3598
-13.4092
-13.4592
-13.5099
-13.5614
-13.614
-13.6676
-13.7224
-13.7785
-13.8359
-13.8947
-13.955
-14.0166
-14.0795
-14.1438
-14.2093
-14.2759
-14.3443
-14.413
-14.4857
-14.5527
-12.9424
-12.9273
-12.9554
-12.9831
-13.0114
-13.0483
-13.0888
-13.131
-13.1746
-13.2195
-13.2651
-13.3115
-13.3587
-13.4067
-13.4556
-13.5054
-13.5561
-13.608
-13.6611
-13.7155
-13.7712
-13.8284
-13.8871
-13.9474
-14.0094
-14.073
-14.1384
-14.2057
-14.2749
-14.3467
-14.4207
-14.4998
-14.5805
-12.9385
-12.9186
-12.9375
-12.9712
-13.0075
-13.0479
-13.0897
-13.1321
-13.1754
-13.2197
-13.2646
-13.3104
-13.3569
-13.4042
-13.4524
-13.5015
-13.5517
-13.603
-13.6556
-13.7095
-13.7648
-13.8217
-13.8802
-13.9405
-14.0027
-14.0669
-14.1332
-14.202
-14.2735
-14.3485
-14.4272
-14.5117
-14.6014
-12.9514
-12.9448
-12.9632
-12.9923
-13.0235
-13.059
-13.0973
-13.1371
-13.1784
-13.221
-13.2645
-13.3089
-13.3543
-13.4005
-13.4478
-13.496
-13.5453
-13.5959
-13.6477
-13.701
-13.7558
-13.8122
-13.8705
-13.9306
-13.9928
-14.0574
-14.1245
-14.1946
-14.268
-14.3457
-14.4283
-14.5175
-14.6147
-12.9623
-12.9594
-12.9745
-13.0006
-13.0304
-13.0644
-13.1013
-13.1398
-13.1798
-13.221
-13.2633
-13.3066
-13.3508
-13.396
-13.4423
-13.4896
-13.538
-13.5877
-13.6388
-13.6913
-13.7454
-13.8013
-13.8591
-13.9189
-13.981
-14.0457
-14.1133
-14.1842
-14.2591
-14.3388
-14.4242
-14.5169
-14.6188
-12.9736
-12.974
-12.9882
-13.012
-13.0398
-13.0715
-13.1062
-13.1429
-13.1811
-13.2208
-13.2617
-13.3037
-13.3467
-13.3907
-13.4358
-13.4821
-13.5295
-13.5782
-13.6283
-13.68
-13.7333
-13.7884
-13.8455
-13.9048
-13.9665
-14.031
-14.0987
-14.17
-14.2457
-14.3265
-14.4135
-14.5082
-14.6124
-12.9844
-12.9864
-12.9996
-13.0213
-13.0473
-13.0771
-13.11
-13.145
-13.1817
-13.2199
-13.2594
-13.3
-13.3417
-13.3846
-13.4285
-13.4736
-13.5199
-13.5675
-13.6165
-13.6671
-13.7194
-13.7736
-13.8298
-13.8883
-13.9494
-14.0134
-14.0807
-14.1519
-14.2275
-14.3085
-14.3959
-14.4909
-14.5953
-12.9947
-12.9976
-13.0101
-13.03
-13.0543
-13.0823
-13.1134
-13.1467
-13.1818
-13.2185
-13.2565
-13.2957
-13.3361
-13.3776
-13.4202
-13.464
-13.5091
-13.5555
-13.6033
-13.6527
-13.7038
-13.7568
-13.8119
-13.8694
-13.9295
-13.9925
-14.0589
-14.1293
-14.2042
-14.2845
-14.371
-14.4648
-14.5673
-13.0041
-13.0074
-13.0192
-13.0377
-13.0604
-13.0867
-13.1161
-13.1477
-13.1812
-13.2164
-13.2529
-13.2906
-13.3295
-13.3696
-13.4109
-13.4533
-13.497
-13.5421
-13.5885
-13.6366
-13.6863
-13.738
-13.7917
-13.8478
-13.9065
-13.9682
-14.0333
-14.1022
-14.1756
-14.2541
-14.3385
-14.4297
-14.5288
-13.0126
-13.016
-13.0272
-13.0444
-13.0656
-13.0903
-13.118
-13.148
-13.1799
-13.2135
-13.2485
-13.2847
-13.3221
-13.3608
-13.4005
-13.4415
-13.4837
-13.5272
-13.5722
-13.6187
-13.6669
-13.7169
-13.769
-13.8234
-13.8804
-13.9403
-14.0034
-14.0703
-14.1413
-14.2172
-14.2985
-14.3858
-14.4801
-13.0201
-13.0235
-13.034
-13.05
-13.0698
-13.093
-13.1191
-13.1476
-13.1779
-13.2098
-13.2432
-13.2779
-13.3138
-13.3508
-13.389
-13.4284
-13.469
-13.5109
-13.5542
-13.5989
-13.6453
-13.6935
-13.7437
-13.7961
-13.851
-13.9086
-13.9692
-14.0334
-14.1014
-14.1738
-14.251
-14.3335
-14.4218
-13.0265
-13.0298
-13.0397
-13.0546
-13.0731
-13.0948
-13.1194
-13.1462
-13.175
-13.2053
-13.2371
-13.2702
-13.3044
-13.3398
-13.3764
-13.414
-13.4529
-13.493
-13.5344
-13.5772
-13.6216
-13.6677
-13.7157
-13.7657
-13.8181
-13.873
-13.9307
-13.9916
-14.0559
-14.124
-14.1963
-14.273
-14.3546
-13.0317
-13.0349
-13.0442
-13.058
-13.0753
-13.0957
-13.1188
-13.144
-13.1711
-13.1999
-13.23
-13.2614
-13.294
-13.3277
-13.3624
-13.3983
-13.4353
-13.4734
-13.5128
-13.5535
-13.5957
-13.6394
-13.6849
-13.7323
-13.7817
-13.8335
-13.8878
-13.9448
-14.0048
-14.0681
-14.1348
-14.2051
-14.2792
-13.0358
-13.0388
-13.0475
-13.0604
-13.0765
-13.0955
-13.1171
-13.1409
-13.1664
-13.1935
-13.222
-13.2517
-13.2825
-13.3143
-13.3472
-13.3812
-13.4161
-13.4522
-13.4894
-13.5278
-13.5675
-13.6086
-13.6513
-13.6957
-13.7419
-13.7901
-13.8405
-13.8932
-13.9484
-14.0062
-14.0668
-14.1302
-14.1964
-13.0387
-13.0415
-13.0496
-13.0616
-13.0766
-13.0943
-13.1145
-13.1367
-13.1607
-13.1861
-13.2129
-13.2408
-13.2698
-13.2998
-13.3307
-13.3626
-13.3954
-13.4292
-13.464
-13.4999
-13.537
-13.5753
-13.6149
-13.656
-13.6986
-13.7429
-13.789
-13.837
-13.887
-13.939
-13.993
-14.0491
-14.1072
-13.0404
-13.043
-13.0505
-13.0616
-13.0755
-13.092
-13.1108
-13.1316
-13.1539
-13.1777
-13.2027
-13.2289
-13.256
-13.284
-13.3129
-13.3426
-13.3732
-13.4046
-13.4368
-13.47
-13.5042
-13.5394
-13.5758
-13.6133
-13.652
-13.6921
-13.7336
-13.7765
-13.8209
-13.8667
-13.914
-13.9625
-14.0123
-13.0409
-13.0433
-13.0503
-13.0605
-13.0734
-13.0887
-13.1061
-13.1253
-13.1461
-13.1682
-13.1915
-13.2158
-13.2409
-13.2669
-13.2937
-13.3211
-13.3493
-13.3782
-13.4078
-13.4381
-13.4692
-13.5012
-13.534
-13.5676
-13.6023
-13.6379
-13.6744
-13.712
-13.7506
-13.79
-13.8303
-13.8713
-13.9127
-13.0401
-13.0424
-13.0488
-13.0582
-13.0701
-13.0842
-13.1003
-13.118
-13.1372
-13.1577
-13.1792
-13.2015
-13.2247
-13.2486
-13.2731
-13.2983
-13.3239
-13.3502
-13.3769
-13.4042
-13.4321
-13.4606
-13.4896
-13.5193
-13.5496
-13.5805
-13.612
-13.644
-13.6766
-13.7095
-13.7427
-13.7761
-13.8093
-13.0382
-13.0402
-13.0461
-13.0548
-13.0656
-13.0786
-13.0933
-13.1097
-13.1273
-13.1461
-13.1657
-13.1862
-13.2074
-13.2291
-13.2513
-13.274
-13.2971
-13.3205
-13.3444
-13.3685
-13.393
-13.4179
-13.443
-13.4685
-13.4943
-13.5203
-13.5466
-13.573
-13.5994
-13.6258
-13.652
-13.6778
-13.703
-13.0349
-13.0368
-13.0422
-13.0501
-13.06
-13.0718
-13.0853
-13.1002
-13.1163
-13.1333
-13.1512
-13.1697
-13.1888
-13.2083
-13.2282
-13.2484
-13.2688
-13.2894
-13.3102
-13.3311
-13.3521
-13.3732
-13.3943
-13.4155
-13.4367
-13.4577
-13.4786
-13.4993
-13.5197
-13.5396
-13.5588
-13.5772
-13.5946
-13.0305
-13.0322
-13.0371
-13.0442
-13.0532
-13.0639
-13.0762
-13.0897
-13.1042
-13.1196
-13.1357
-13.1523
-13.1693
-13.1866
-13.2041
-13.2217
-13.2393
-13.257
-13.2746
-13.2922
-13.3096
-13.3269
-13.3439
-13.3607
-13.3772
-13.3932
-13.4088
-13.4238
-13.4381
-13.4515
-13.464
-13.4753
-13.4852
-13.0249
-13.0264
-13.0307
-13.0371
-13.0452
-13.0549
-13.0658
-13.0779
-13.091
-13.1047
-13.1189
-13.1336
-13.1485
-13.1635
-13.1786
-13.1936
-13.2085
-13.2232
-13.2377
-13.2518
-13.2656
-13.279
-13.2919
-13.3043
-13.316
-13.3271
-13.3374
-13.3467
-13.3551
-13.3623
-13.3682
-13.3726
-13.3754
-13.018
-13.0194
-13.0233
-13.029
-13.0363
-13.0449
-13.0548
-13.0656
-13.0771
-13.0893
-13.1018
-13.1145
-13.1273
-13.14
-13.1527
-13.1651
-13.1772
-13.1889
-13.2001
-13.2108
-13.2209
-13.2304
-13.2391
-13.2471
-13.2542
-13.2603
-13.2653
-13.2691
-13.2717
-13.2728
-13.2724
-13.2703
-13.2663
-13.01
-13.0112
-13.0145
-13.0194
-13.0257
-13.0332
-13.0418
-13.0513
-13.0614
-13.0719
-13.0826
-13.0935
-13.1042
-13.1148
-13.125
-13.1349
-13.1442
-13.1529
-13.161
-13.1684
-13.1749
-13.1805
-13.1852
-13.1888
-13.1913
-13.1926
-13.1925
-13.1911
-13.1881
-13.1834
-13.177
-13.1687
-13.1584
-13.0009
-13.002
-13.005
-13.0095
-13.0153
-13.0221
-13.0298
-13.0381
-13.0469
-13.0559
-13.0649
-13.0739
-13.0826
-13.0908
-13.0986
-13.1058
-13.1123
-13.118
-13.1228
-13.1267
-13.1296
-13.1314
-13.1319
-13.1312
-13.1292
-13.1258
-13.1208
-13.1141
-13.1058
-13.0956
-13.0835
-13.0694
-13.053
-12.9906
-12.9911
-12.993
-12.9961
-13.0005
-13.0061
-13.0126
-13.0197
-13.0272
-13.0348
-13.0424
-13.0497
-13.0566
-13.063
-13.0686
-13.0735
-13.0775
-13.0804
-13.0823
-13.083
-13.0825
-13.0806
-13.0774
-13.0727
-13.0664
-13.0585
-13.0489
-13.0375
-13.0241
-13.0088
-12.9915
-12.9719
-12.9502
-12.98
-12.9815
-12.9841
-12.9878
-12.9923
-12.9976
-13.0033
-13.0094
-13.0155
-13.0215
-13.0272
-13.0325
-13.0372
-13.0411
-13.0442
-13.0463
-13.0473
-13.0472
-13.0459
-13.0432
-13.0391
-13.0335
-13.0263
-13.0175
-13.007
-12.9946
-12.9805
-12.9643
-12.9462
-12.926
-12.9036
-12.879
-12.8521
-12.9661
-12.9641
-12.9627
-12.9635
-12.9662
-12.9705
-12.9757
-12.9813
-12.9872
-12.9928
-12.998
-13.0025
-13.0062
-13.0089
-13.0106
-13.011
-13.0101
-13.0078
-13.004
-12.9986
-12.9916
-12.983
-12.9725
-12.9602
-12.946
-12.9298
-12.9116
-12.8914
-12.869
-12.8444
-12.8176
-12.7885
-12.7571
-12.96
-12.9651
-12.9684
-12.971
-12.9737
-12.9767
-12.98
-12.9834
-12.9867
-12.9896
-12.9919
-12.9935
-12.9943
-12.994
-12.9925
-12.9897
-12.9856
-12.98
-12.9728
-12.964
-12.9534
-12.9411
-12.9268
-12.9107
-12.8925
-12.8723
-12.85
-12.8255
-12.7989
-12.77
-12.7389
-12.7055
-12.6697
-12.9278
-12.9161
-12.9085
-12.9086
-12.9129
-12.9188
-12.9255
-12.9323
-12.9385
-12.944
-12.9484
-12.9516
-12.9534
-12.9536
-12.9523
-12.9492
-12.9444
-12.9377
-12.9291
-12.9186
-12.906
-12.8915
-12.8748
-12.8559
-12.8349
-12.8117
-12.7862
-12.7585
-12.7284
-12.6961
-12.6615
-12.6245
-12.5853
-12.9665
-12.9827
-12.9819
-12.9764
-12.9716
-12.9689
-12.9675
-12.9667
-12.9659
-12.9649
-12.9634
-12.961
-12.9577
-12.9532
-12.9474
-12.94
-12.9311
-12.9205
-12.9081
-12.8937
-12.8775
-12.8591
-12.8387
-12.8162
-12.7915
-12.7646
-12.7354
-12.7039
-12.6702
-12.6342
-12.5959
-12.5553
-12.5124
-12.8441
-12.7958
-12.7865
-12.8057
-12.8241
-12.8404
-12.8552
-12.8682
-12.8791
-12.8877
-12.8941
-12.8981
-12.8998
-12.8992
-12.8963
-12.8911
-12.8836
-12.8738
-12.8617
-12.8472
-12.8303
-12.811
-12.7894
-12.7653
-12.7389
-12.71
-12.6787
-12.645
-12.6089
-12.5705
-12.5297
-12.4867
-12.4414
-13.0814
-13.1136
-13.0768
-13.0289
-12.9969
-12.9823
-12.9721
-12.9636
-12.9567
-12.9505
-12.9443
-12.9377
-12.9302
-12.9217
-12.9118
-12.9003
-12.8872
-12.8723
-12.8555
-12.8367
-12.8157
-12.7926
-12.7673
-12.7398
-12.7099
-12.6777
-12.6432
-12.6063
-12.5672
-12.5256
-12.4818
-12.4358
-12.3875
-12.5884
-12.4685
-12.5292
-12.6287
-12.6939
-12.7343
-12.7678
-12.7951
-12.816
-12.8316
-12.8427
-12.8498
-12.8533
-12.8535
-12.8505
-12.8445
-12.8356
-12.8239
-12.8094
-12.7922
-12.7723
-12.7497
-12.7245
-12.6967
-12.6663
-12.6333
-12.5978
-12.5598
-12.5194
-12.4766
-12.4316
-12.3843
-12.3348
-13.7982
-13.4577
-13.1917
-13.067
-13.0143
-12.9823
-12.9584
-12.942
-12.9304
-12.9209
-12.9124
-12.904
-12.8951
-12.8851
-12.8738
-12.861
-12.8463
-12.8297
-12.811
-12.7901
-12.767
-12.7415
-12.7137
-12.6834
-12.6506
-12.6154
-12.5777
-12.5376
-12.495
-12.45
-12.4026
-12.3529
-12.3008
-11.2924
-11.9977
-12.3974
-12.5459
-12.6422
-12.7162
-12.7659
-12.7994
-12.8229
-12.8385
-12.848
-12.8526
-12.853
-12.8497
-12.8432
-12.8335
-12.8208
-12.8053
-12.787
-12.766
-12.7422
-12.7157
-12.6865
-12.6546
-12.6202
-12.5831
-12.5435
-12.5015
-12.457
-12.4102
-12.3611
-12.3099
-12.2565
-14.2863
-13.5783
-13.4826
-14.1303
-15.281
-16.6949
-18.2264
-19.7671
-21.2614
-22.6746
-23.9747
-25.1294
-26.104
-26.8594
-27.3543
-27.544
-27.3819
-26.8252
-25.8435
-24.4374
-22.6533
-20.5454
-18.2209
-15.8211
-13.4644
-11.2429
-9.2349
-7.4789
-5.97413
-4.69893
-3.62565
-2.72675
-1.97717
-1.35503
-0.841518
-0.420394
-0.0776779
0.198633
0.418809
0.591624
0.724574
0.824068
0.895591
0.943841
0.972855
0.986114
0.986631
0.977021
0.959555
0.936195
0.908612
0.878187
0.846019
0.812947
0.779604
0.746467
0.713897
0.682164
0.651462
0.621919
0.593612
0.566579
0.540822
0.51632
0.493036
0.470918
0.449904
0.429928
0.410918
0.392803
0.37551
0.358967
0.343106
0.327859
0.313163
0.298958
0.285187
0.271799
0.258743
0.245975
0.233453
0.221138
0.208994
0.19699
0.185096
0.173284
0.161532
0.149815
0.138115
0.126412
0.114689
0.102933
0.0911223
0.0792591
0.0672981
0.0552948
0.0430958
0.0309821
0.0183302
0.00640267
-14.9013
-14.5038
-14.2161
-14.6121
-15.4698
-16.6135
-17.9445
-19.3609
-20.7846
-22.1541
-23.4103
-24.5107
-25.4165
-26.0908
-26.4962
-26.5927
-26.3407
-25.7148
-24.7182
-23.365
-21.6767
-19.7164
-17.582
-15.3675
-13.17
-11.0875
-9.19157
-7.51712
-6.06742
-4.82738
-3.77493
-2.88673
-2.14079
-1.51746
-0.999493
-0.571788
-0.221191
0.0637263
0.292839
0.474655
0.616496
0.724655
0.804534
0.860771
0.897358
0.917738
0.924901
0.921447
0.909643
0.891452
0.868561
0.842369
0.814007
0.784355
0.754084
0.72371
0.693626
0.664127
0.635429
0.607683
0.580984
0.555387
0.530912
0.507553
0.485286
0.464072
0.443864
0.424603
0.406227
0.388676
0.371881
0.355781
0.340311
0.325411
0.31102
0.297085
0.283553
0.270374
0.257504
0.244898
0.232518
0.220328
0.208293
0.196385
0.184575
0.172836
0.161147
0.149487
0.137834
0.126174
0.114488
0.102764
0.0909821
0.079144
0.0672059
0.0552205
0.0430432
0.0309366
0.0183214
0.00636016
-14.5123
-14.2906
-14.2839
-14.737
-15.5665
-16.6339
-17.8497
-19.1297
-20.4012
-21.6119
-22.7282
-23.7091
-24.5124
-25.0962
-25.4217
-25.4559
-25.1761
-24.5674
-23.6217
-22.3442
-20.7684
-18.9601
-16.9845
-14.9257
-12.8796
-10.9316
-9.14348
-7.54857
-6.15401
-4.95016
-3.91988
-3.04375
-2.3027
-1.67921
-1.1576
-0.723929
-0.365895
-0.0726816
0.165157
0.355835
0.506477
0.623245
0.711454
0.775677
0.819859
0.847408
0.861286
0.864076
0.858035
0.845125
0.827039
0.805196
0.780754
0.754631
0.727536
0.700022
0.672512
0.645327
0.61871
0.592829
0.567802
0.543698
0.520558
0.49839
0.477184
0.456915
0.437547
0.419033
0.401321
0.384359
0.368087
0.352449
0.337388
0.32285
0.308779
0.295127
0.281843
0.268884
0.256207
0.243771
0.23154
0.219481
0.207561
0.195752
0.18403
0.172368
0.160746
0.149143
0.137542
0.125926
0.114278
0.102588
0.090836
0.0790234
0.0671094
0.0551426
0.0429891
0.0308893
0.0183139
0.00631612
-14.6594
-14.6587
-14.7303
-15.1199
-15.81
-16.7064
-17.7402
-18.8469
-19.9667
-21.0515
-22.0523
-22.9258
-23.6322
-24.135
-24.4015
-24.4028
-24.1148
-23.5171
-22.6029
-21.3947
-19.9289
-18.2472
-16.4117
-14.5016
-12.5989
-10.7769
-9.09108
-7.57336
-6.23363
-5.06675
-4.05989
-3.19716
-2.46224
-1.83968
-1.31532
-0.876388
-0.511443
-0.210315
0.0359818
0.235338
0.394659
0.519957
0.61645
0.688643
0.74043
0.775181
0.795831
0.804939
0.804751
0.797223
0.78405
0.766666
0.746255
0.723767
0.69995
0.67539
0.650541
0.625753
0.60129
0.577344
0.554051
0.531501
0.509748
0.48882
0.46872
0.449437
0.430945
0.413211
0.396192
0.379845
0.364118
0.348964
0.334331
0.320172
0.306435
0.293078
0.280056
0.267326
0.25485
0.242592
0.230517
0.218594
0.206794
0.195091
0.18346
0.171878
0.160326
0.148784
0.137236
0.125666
0.114059
0.102404
0.0906833
0.0788974
0.0670087
0.0550614
0.0429328
0.0308401
0.0183072
0.00627097
-14.64
-14.6891
-14.8257
-15.2074
-15.8378
-16.6472
-17.576
-18.5707
-19.5755
-20.542
-21.4273
-22.1946
-22.8085
-23.2349
-23.4419
-23.4012
-23.0925
-22.5061
-21.6408
-20.5084
-19.1377
-17.5726
-15.8704
-14.0987
-12.3284
-10.6239
-9.03487
-7.59166
-6.30614
-5.17675
-4.19437
-3.3463
-2.61875
-1.99823
-1.47207
-1.02865
-0.657394
-0.348803
-0.0943757
0.113428
0.281266
0.414988
0.519697
0.599823
0.659205
0.701174
0.728631
0.744113
0.749849
0.747787
0.739622
0.726797
0.710518
0.691766
0.671324
0.649809
0.627708
0.605396
0.583162
0.561219
0.539723
0.518784
0.498473
0.478834
0.459885
0.441628
0.42405
0.407129
0.390833
0.375128
0.359971
0.345322
0.331136
0.317372
0.303985
0.290937
0.278187
0.265697
0.253432
0.241359
0.229448
0.217668
0.205993
0.194399
0.182864
0.171366
0.159887
0.148409
0.136916
0.125395
0.11383
0.102212
0.0905237
0.0787658
0.0669037
0.0549766
0.0428744
0.0307891
0.0183012
0.00622514
-14.6908
-14.8155
-15.0101
-15.3802
-15.9415
-16.6495
-17.4564
-18.3229
-19.2019
-20.0488
-20.8245
-21.4933
-22.0208
-22.3748
-22.527
-22.4533
-22.1362
-21.5656
-20.7404
-19.674
-18.3942
-16.9396
-15.3605
-13.7159
-12.0679
-10.4728
-8.97514
-7.60363
-6.37144
-5.27986
-4.32288
-3.49062
-2.77164
-2.15427
-1.6273
-1.18022
-0.803325
-0.487789
-0.225619
-0.00964998
0.166508
0.308514
0.421346
0.509347
0.576296
0.625479
0.659762
0.681659
0.693376
0.696851
0.693775
0.6856
0.673549
0.658629
0.641654
0.623274
0.604004
0.584247
0.564315
0.544442
0.524808
0.505538
0.486723
0.468422
0.450669
0.433479
0.416853
0.400779
0.385237
0.370201
0.355638
0.341516
0.327797
0.314446
0.301425
0.288699
0.276233
0.263994
0.25195
0.240071
0.22833
0.216699
0.205155
0.193676
0.182241
0.170831
0.159428
0.148016
0.136582
0.125111
0.113591
0.102011
0.090357
0.0786284
0.066794
0.0548882
0.0428135
0.0307361
0.0182957
0.00617899
-14.719
-14.8692
-15.0852
-15.4414
-15.9455
-16.5707
-17.2863
-18.0502
-18.8242
-19.5684
-20.2466
-20.8254
-21.2734
-21.5618
-21.6651
-21.5617
-21.236
-20.6802
-19.8952
-18.8931
-17.6983
-16.3456
-14.8795
-13.352
-11.8168
-10.3235
-8.91207
-7.60941
-6.4295
-5.37585
-4.44504
-3.62966
-2.92039
-2.30728
-1.7805
-1.33062
-0.948813
-0.626907
-0.357439
-0.133636
0.050598
0.200716
0.321551
0.417347
0.491815
0.548191
0.589304
0.617639
0.63538
0.644451
0.646537
0.643093
0.635357
0.624359
0.610941
0.595782
0.579425
0.5623
0.544741
0.527007
0.509295
0.491753
0.474488
0.457574
0.441062
0.424981
0.409345
0.394152
0.379395
0.365056
0.351113
0.337541
0.324309
0.311389
0.298749
0.28636
0.274192
0.262214
0.250401
0.238725
0.227161
0.215687
0.20428
0.19292
0.18159
0.170271
0.158948
0.147606
0.136232
0.124815
0.11334
0.101801
0.0901827
0.0784848
0.0666794
0.0547959
0.04275
0.0306813
0.0182902
0.00613292
-14.7414
-14.9137
-15.1481
-15.4873
-15.9421
-16.4958
-17.1225
-17.7893
-18.4628
-19.1086
-19.6939
-20.1883
-20.5629
-20.7914
-20.8506
-20.7214
-20.3904
-19.8509
-19.1043
-18.1621
-17.0461
-15.7875
-14.4256
-13.0056
-11.5746
-10.176
-8.84584
-7.60918
-6.48037
-5.46459
-4.56057
-3.76303
-3.06455
-2.45678
-1.93119
-1.47941
-1.09344
-0.765784
-0.489512
-0.258258
-0.066232
0.0917899
0.220478
0.323965
0.405884
0.469414
0.517344
0.552125
0.575919
0.590633
0.597941
0.599301
0.59596
0.588968
0.57919
0.567335
0.55397
0.539551
0.524436
0.508907
0.49318
0.477423
0.46176
0.446284
0.431059
0.416128
0.401519
0.387243
0.373302
0.359689
0.346391
0.333391
0.320667
0.308197
0.295955
0.283917
0.272059
0.260355
0.248782
0.237317
0.22594
0.214628
0.203364
0.19213
0.180909
0.169685
0.158446
0.147177
0.135867
0.124504
0.113079
0.101582
0.0900004
0.0783346
0.0665597
0.0546995
0.0426836
0.0306245
0.0182845
0.0060873
-14.751
-14.932
-15.168
-15.4864
-15.8961
-16.3859
-16.9346
-17.5159
-18.1008
-18.659
-19.1612
-19.5796
-19.888
-20.0626
-20.0826
-19.9312
-19.5966
-19.0734
-18.3635
-17.4774
-16.4346
-15.2628
-13.9966
-12.6755
-11.3407
-10.0303
-8.77666
-7.60316
-6.52415
-5.54603
-4.66927
-3.89041
-3.20373
-2.60234
-2.07894
-1.62614
-1.23679
-0.904048
-0.621511
-0.383229
-0.183738
-0.0180581
0.118303
0.229352
0.318631
0.389259
0.443976
0.485198
0.51506
0.53545
0.54803
0.554256
0.555382
0.552471
0.546414
0.537939
0.527643
0.516002
0.5034
0.49014
0.476459
0.462543
0.448536
0.434545
0.420652
0.406914
0.39337
0.380045
0.366951
0.354093
0.341467
0.329063
0.316867
0.304865
0.293038
0.281367
0.269831
0.258413
0.247091
0.235847
0.224664
0.213523
0.202408
0.191304
0.180197
0.169074
0.157921
0.146728
0.135485
0.12418
0.112805
0.101352
0.0898099
0.0781777
0.0664345
0.054599
0.0426142
0.0305657
0.0182779
0.00604249
-14.747
-14.9301
-15.1619
-15.4592
-15.8281
-16.2603
-16.7393
-17.2432
-17.7472
-18.2252
-18.651
-18.9997
-19.2476
-19.3735
-19.3586
-19.1881
-18.8517
-18.3449
-17.6698
-16.8361
-15.861
-14.7691
-13.5908
-12.3607
-11.1146
-9.88637
-8.70479
-7.59164
-6.56104
-5.62022
-4.77104
-4.01158
-3.33762
-2.7436
-2.22333
-1.77042
-1.37848
-1.04133
-0.753102
-0.508256
-0.301666
-0.128608
0.0152156
0.13367
0.230199
0.307847
0.369304
0.416946
0.452877
0.478964
0.496855
0.507998
0.513653
0.514894
0.512629
0.507609
0.500452
0.49166
0.481637
0.470708
0.459132
0.447113
0.434813
0.422356
0.409839
0.397334
0.384893
0.372554
0.36034
0.348265
0.336336
0.324551
0.312906
0.301391
0.289995
0.278705
0.267507
0.256386
0.245326
0.234313
0.223331
0.212368
0.201409
0.190441
0.179454
0.168435
0.157373
0.14626
0.135085
0.123841
0.112519
0.101112
0.0896108
0.0780138
0.0663037
0.054494
0.0425416
0.0305048
0.01827
0.00599882
-14.7291
-14.9091
-15.1314
-15.4058
-15.736
-16.116
-16.5323
-16.9668
-17.3983
-17.804
-18.1609
-18.4467
-18.6403
-18.7225
-18.6767
-18.4899
-18.153
-17.6623
-17.0202
-16.2351
-15.3226
-14.3042
-13.2067
-12.0602
-10.8961
-9.74428
-8.63053
-7.57496
-6.59129
-5.68728
-4.86585
-4.1264
-3.46598
-2.88023
-2.36403
-1.91187
-1.51814
-1.17729
-0.883956
-0.633041
-0.419749
-0.239627
-0.0885835
0.0370949
0.140738
0.225311
0.293444
0.347469
0.389456
0.421247
0.444474
0.460578
0.470814
0.476268
0.477861
0.476363
0.472413
0.466534
0.459154
0.450617
0.441203
0.431135
0.420592
0.409717
0.39862
0.387388
0.376088
0.364768
0.353465
0.342202
0.330996
0.319854
0.30878
0.297772
0.286825
0.275932
0.265084
0.254272
0.243485
0.232711
0.221941
0.211163
0.200366
0.189541
0.178678
0.167767
0.156801
0.14577
0.134668
0.123487
0.11222
0.100861
0.0894028
0.0778426
0.0661671
0.0543845
0.0424656
0.0304419
0.0182602
0.00595655
-14.6978
-14.8711
-15.0804
-15.3313
-15.6255
-15.9582
-16.3181
-16.6901
-17.0562
-17.3967
-17.6913
-17.9203
-18.0648
-18.1079
-18.0349
-17.8341
-17.4978
-17.023
-16.4117
-15.6718
-14.817
-13.8662
-12.8428
-11.7732
-10.6849
-9.6042
-8.55425
-7.55354
-6.61524
-5.74741
-4.95378
-4.23479
-3.58863
-3.012
-2.50073
-2.05017
-1.65543
-1.31157
-1.01375
-0.757283
-0.537717
-0.350875
-0.192881
-0.0601878
0.0504126
0.141795
0.216522
0.276876
0.324893
0.362383
0.39096
0.412052
0.426914
0.436633
0.442141
0.444226
0.443545
0.440642
0.435964
0.429877
0.42268
0.414615
0.405878
0.39663
0.386995
0.377077
0.366954
0.356688
0.346326
0.335904
0.325446
0.314971
0.304489
0.294006
0.283525
0.273044
0.262561
0.252071
0.241567
0.231043
0.220492
0.209907
0.199279
0.188602
0.177869
0.167071
0.156204
0.14526
0.134233
0.123118
0.111908
0.1006
0.0891857
0.0776639
0.0660245
0.0542704
0.0423859
0.0303768
0.0182479
0.00591586
-14.6539
-14.8178
-15.0118
-15.2388
-15.4992
-15.7885
-16.0976
-16.4135
-16.7208
-17.0026
-17.2412
-17.4191
-17.5198
-17.528
-17.431
-17.2184
-16.8836
-16.4241
-15.8418
-15.1437
-14.342
-13.4533
-12.498
-11.4991
-10.4809
-9.46637
-8.47637
-7.52783
-6.63329
-5.80088
-5.03494
-4.33675
-3.70545
-3.13869
-2.63317
-2.18501
-1.79002
-1.44386
-1.14217
-0.880684
-0.655294
-0.462101
-0.297454
-0.157979
-0.0406022
0.0574522
0.138674
0.20529
0.259293
0.302463
0.336392
0.362491
0.382009
0.396036
0.40551
0.411232
0.413877
0.414006
0.412086
0.408503
0.403575
0.397562
0.39068
0.383102
0.374972
0.366405
0.357494
0.348315
0.338925
0.329371
0.319687
0.309901
0.300032
0.290094
0.280096
0.270043
0.259937
0.249781
0.239572
0.229307
0.218985
0.208599
0.198148
0.187625
0.177026
0.166346
0.155582
0.144728
0.133779
0.122733
0.111583
0.100327
0.0889594
0.0774777
0.0658758
0.0541516
0.0423026
0.0303096
0.0182328
0.00587687
-14.5981
-14.7507
-14.9281
-15.1313
-15.3598
-15.6096
-15.8727
-16.1381
-16.3927
-16.6219
-16.8102
-16.9423
-17.0037
-16.9811
-16.863
-16.6406
-16.308
-15.8632
-15.3079
-14.6486
-13.8958
-13.064
-12.1712
-11.2375
-10.2839
-9.33103
-8.39733
-7.49832
-6.64585
-5.84801
-5.10951
-4.43233
-3.81639
-3.26016
-2.76112
-2.31613
-1.92163
-1.57385
-1.26891
-1.00295
-0.772201
-0.573049
-0.402068
-0.256069
-0.132118
-0.0275483
0.0600499
0.132842
0.192774
0.241592
0.280859
0.311972
0.336168
0.354535
0.368016
0.377422
0.383442
0.386654
0.387544
0.386516
0.383906
0.379992
0.375008
0.369143
0.362556
0.355378
0.347715
0.339654
0.331265
0.322606
0.313721
0.304647
0.295412
0.286037
0.276538
0.266927
0.257214
0.247403
0.237499
0.227504
0.217418
0.207241
0.196971
0.186608
0.176149
0.165592
0.154935
0.144174
0.133308
0.122332
0.111245
0.100043
0.0887239
0.077284
0.065721
0.0540281
0.0422155
0.0302403
0.0182146
0.0058396
-14.5315
-14.6714
-14.8314
-15.0113
-15.2098
-15.4233
-15.6447
-15.8648
-16.0722
-16.2542
-16.3975
-16.4888
-16.5153
-16.4654
-16.329
-16.0984
-15.7687
-15.3379
-14.808
-14.1845
-13.4766
-12.6972
-11.8618
-10.9879
-10.0941
-9.19848
-8.31757
-7.46551
-6.6534
-5.88915
-5.17773
-4.52163
-3.92143
-3.37629
-2.88441
-2.4433
-2.05
-1.70126
-1.39368
-1.12379
-0.888162
-0.683456
-0.506482
-0.354238
-0.223937
-0.113027
-0.0191887
0.0596778
0.125467
0.179884
0.224465
0.260585
0.289468
0.312197
0.329717
0.342845
0.352283
0.358623
0.362369
0.363941
0.363694
0.361924
0.358879
0.354767
0.349762
0.344008
0.337624
0.330712
0.323353
0.315615
0.307553
0.299213
0.290631
0.281837
0.272853
0.2637
0.254392
0.244939
0.235351
0.225634
0.215793
0.205831
0.195751
0.185553
0.17524
0.16481
0.154263
0.1436
0.132818
0.121916
0.110894
0.0997485
0.0884792
0.0770827
0.0655601
0.0538999
0.0421245
0.0301689
0.0181931
0.005804
-14.455
-14.5815
-14.7237
-14.8809
-15.0513
-15.2314
-15.4151
-15.5944
-15.7595
-15.8994
-16.0026
-16.0576
-16.0532
-15.9793
-15.8271
-15.5899
-15.2635
-14.8463
-14.34
-13.7495
-13.083
-12.3515
-11.5688
-10.75
-9.91143
-9.06901
-8.23756
-7.42991
-6.6564
-5.9247
-5.23988
-4.60481
-4.0206
-3.48703
-3.00291
-2.56632
-2.17487
-1.82582
-1.5162
-1.24293
-1.0029
-0.793061
-0.61045
-0.452256
-0.315847
-0.198794
-0.0988686
-0.0140465
0.0575108
0.117466
0.167322
0.20843
0.241997
0.269099
0.290678
0.307558
0.320449
0.329956
0.336598
0.340811
0.342968
0.343381
0.342314
0.339993
0.336603
0.332306
0.327234
0.3215
0.315197
0.308405
0.301188
0.293603
0.285693
0.277497
0.269046
0.260364
0.251473
0.24239
0.233128
0.223698
0.214111
0.204371
0.194487
0.184461
0.174297
0.163999
0.153567
0.143004
0.13231
0.121485
0.110529
0.099443
0.0882256
0.0768742
0.0653932
0.0537672
0.0420298
0.0300955
0.0181682
0.00576994
-14.3697
-14.4822
-14.6067
-14.742
-14.8861
-15.0356
-15.1851
-15.3277
-15.4549
-15.5573
-15.625
-15.6478
-15.6162
-15.5212
-15.3555
-15.1131
-14.7904
-14.3862
-13.9019
-13.342
-12.7134
-12.026
-11.2916
-10.5235
-9.73589
-8.9429
-8.15772
-7.39201
-6.65534
-5.95505
-5.29623
-4.68204
-4.11398
-3.59236
-3.11649
-2.68501
-2.29604
-1.94728
-1.6362
-1.36008
-1.11614
-0.901597
-0.713717
-0.549886
-0.40763
-0.284645
-0.178804
-0.0881617
-0.0109398
0.0544773
0.109555
0.155617
0.193854
0.225327
0.250977
0.271629
0.287998
0.300704
0.310275
0.317165
0.321761
0.324393
0.32534
0.324841
0.323101
0.320291
0.316559
0.312029
0.306808
0.300985
0.294636
0.287825
0.280606
0.273025
0.26512
0.256923
0.248462
0.239759
0.230833
0.2217
0.212373
0.202864
0.193181
0.183332
0.173323
0.163161
0.152848
0.142388
0.131785
0.121039
0.110153
0.0991269
0.0879632
0.0766585
0.0652205
0.0536301
0.0419315
0.0300202
0.0181401
0.00573726
-14.2766
-14.375
-14.482
-14.5963
-14.7158
-14.8373
-14.9559
-15.0655
-15.1589
-15.228
-15.2641
-15.2585
-15.203
-15.0898
-14.9126
-14.6662
-14.3477
-13.9558
-13.4921
-12.9603
-12.3667
-11.7197
-11.0296
-10.3081
-9.56754
-8.82042
-8.07849
-7.35229
-6.65069
-5.98062
-5.34713
-4.75353
-4.20168
-3.69227
-3.22509
-2.79925
-2.41331
-2.06542
-1.75344
-1.475
-1.22763
-1.0088
-0.816029
-0.646885
-0.499055
-0.370367
-0.258799
-0.162487
-0.0797193
-0.00893224
0.0512999
0.102271
0.145148
0.180981
0.210701
0.235134
0.254999
0.270925
0.283452
0.293048
0.300114
0.304994
0.307985
0.30934
0.309277
0.307982
0.305617
0.302317
0.2982
0.293368
0.287906
0.281888
0.275377
0.268426
0.261082
0.253383
0.245363
0.237051
0.22847
0.219642
0.210584
0.20131
0.191835
0.182168
0.172319
0.162296
0.152106
0.141753
0.131243
0.120579
0.109764
0.0988009
0.0876925
0.076436
0.0650424
0.0534889
0.0418297
0.029943
0.0181089
0.00570577
-14.1768
-14.261
-14.3511
-14.4455
-14.5421
-14.6378
-14.7284
-14.8085
-14.8718
-14.9112
-14.9194
-14.889
-14.8126
-14.6837
-14.4969
-14.2476
-13.9335
-13.5535
-13.1089
-12.6032
-12.0416
-11.4316
-10.7822
-10.1035
-9.40641
-8.70182
-8.00026
-7.31124
-6.64291
-6.00183
-5.39291
-4.81954
-4.28384
-3.78682
-3.32867
-2.90892
-2.52652
-2.18004
-1.86768
-1.58742
-1.33708
-1.11441
-0.917126
-0.743002
-0.589886
-0.455738
-0.338644
-0.236828
-0.14865
-0.0725988
-0.00729383
0.0485255
0.0960025
0.136169
0.169948
0.19816
0.221529
0.240688
0.25619
0.268513
0.278073
0.285228
0.290288
0.293522
0.295161
0.295406
0.29443
0.292381
0.289391
0.285569
0.281012
0.275804
0.270016
0.263709
0.256939
0.24975
0.242182
0.23427
0.226043
0.217527
0.208744
0.199714
0.190451
0.180972
0.171287
0.161407
0.151343
0.1411
0.130686
0.120105
0.109364
0.0984655
0.0874141
0.0762072
0.0648592
0.0533438
0.0417247
0.0298642
0.0180751
0.00567529
-14.0714
-14.1417
-14.2154
-14.291
-14.3663
-14.4385
-14.5038
-14.5574
-14.5938
-14.607
-14.5907
-14.5384
-14.4439
-14.3017
-14.1068
-13.8557
-13.5462
-13.1775
-12.7508
-12.2691
-11.737
-11.1611
-10.549
-9.90962
-9.25252
-8.58733
-7.92339
-7.26928
-6.63247
-6.0191
-5.43391
-4.88033
-4.36062
-3.87609
-3.42724
-3.01394
-2.63554
-2.29094
-1.9787
-1.69711
-1.44426
-1.21816
-1.01675
-0.837985
-0.679879
-0.540524
-0.41812
-0.310981
-0.21754
-0.136346
-0.0660643
-0.00547056
0.046551
0.0910124
0.128825
0.160804
0.187674
0.210071
0.228558
0.243622
0.255692
0.26514
0.27229
0.277423
0.280786
0.282591
0.283023
0.282246
0.280399
0.277605
0.273969
0.269586
0.264534
0.258886
0.2527
0.246031
0.238925
0.231422
0.223557
0.215361
0.20686
0.198077
0.189033
0.179745
0.170228
0.160496
0.15056
0.14043
0.130114
0.11962
0.108954
0.0981215
0.0871285
0.0759727
0.0646712
0.0531953
0.0416168
0.0297839
0.0180389
0.00564565
-13.9613
-14.0181
-14.0762
-14.134
-14.1897
-14.2404
-14.2828
-14.3127
-14.3253
-14.3154
-14.2775
-14.2062
-14.0961
-13.9425
-13.7411
-13.4891
-13.1843
-12.8265
-12.4165
-11.9569
-11.452
-10.9072
-10.3293
-9.72609
-9.10587
-8.47715
-7.84824
-7.22685
-6.61981
-6.03285
-5.4705
-4.93617
-4.43223
-3.96017
-3.52079
-3.11426
-2.74025
-2.39797
-2.08631
-1.80384
-1.54892
-1.3198
-1.11464
-0.931576
-0.76878
-0.624483
-0.496997
-0.384729
-0.286188
-0.199985
-0.124837
-0.0595566
-0.00305923
0.0456456
0.087455
0.123176
0.153532
0.179161
0.200632
0.218444
0.233034
0.244787
0.25404
0.261088
0.266189
0.26957
0.271428
0.271937
0.271249
0.269496
0.266796
0.26325
0.258947
0.253967
0.248377
0.242237
0.235602
0.228515
0.221019
0.213149
0.204935
0.196406
0.187584
0.178492
0.169146
0.159564
0.14976
0.139745
0.12953
0.119124
0.108535
0.0977698
0.0868365
0.0757329
0.0644791
0.0530437
0.0415063
0.0297025
0.0180009
0.00561674
-13.8476
-13.8914
-13.9346
-13.9759
-14.0134
-14.0446
-14.0663
-14.075
-14.0665
-14.0363
-13.9796
-13.8918
-13.7683
-13.6051
-13.3986
-13.1463
-12.8465
-12.499
-12.1046
-11.6655
-11.1855
-10.6692
-10.1227
-9.55273
-8.96648
-8.37148
-7.77512
-7.18434
-6.60536
-6.04349
-5.50305
-4.98737
-4.49887
-4.03922
-3.6094
-3.20987
-2.84056
-2.50099
-2.19032
-1.90738
-1.65082
-1.41908
-1.21054
-1.02351
-0.856335
-0.707367
-0.575035
-0.457842
-0.354376
-0.263314
-0.183422
-0.113558
-0.052668
0.000214634
0.0459704
0.0853967
0.119211
0.148056
0.172502
0.193057
0.210168
0.22423
0.235594
0.244566
0.251416
0.256384
0.259678
0.261485
0.261967
0.261268
0.259513
0.256815
0.253271
0.248967
0.243981
0.238379
0.232221
0.225558
0.218436
0.210897
0.202976
0.194704
0.186109
0.177215
0.168044
0.158615
0.148944
0.139046
0.128934
0.118618
0.108108
0.0974114
0.086539
0.0754888
0.0642835
0.0528895
0.0413938
0.0296201
0.0179613
0.00558848
-13.7314
-13.7626
-13.7918
-13.8178
-13.8386
-13.852
-13.8552
-13.845
-13.8178
-13.7696
-13.6966
-13.5945
-13.4597
-13.2885
-13.078
-12.8261
-12.5315
-12.1938
-11.8139
-11.3938
-10.9366
-10.4466
-9.92888
-9.38933
-8.83433
-8.27049
-7.70435
-7.14215
-6.58955
-6.05145
-5.53194
-5.03423
-4.56079
-4.11337
-3.69314
-3.30077
-2.93642
-2.59988
-2.29056
-2.00756
-1.74973
-1.51575
-1.30418
-1.11354
-0.94228
-0.788915
-0.651982
-0.53008
-0.421876
-0.326116
-0.241619
-0.167288
-0.102101
-0.0451205
0.00451726
0.0475978
0.084833
0.116864
0.144265
0.167549
0.187172
0.203541
0.217014
0.227912
0.236515
0.243075
0.247813
0.250926
0.252585
0.252946
0.252145
0.250301
0.247523
0.243904
0.239528
0.234469
0.228793
0.222559
0.215817
0.208613
0.200987
0.192976
0.184611
0.175919
0.166925
0.157651
0.148117
0.138338
0.128329
0.118104
0.107674
0.0970475
0.086237
0.0752411
0.0640852
0.0527335
0.0412797
0.0295372
0.0179208
0.00556089
-13.6135
-13.6329
-13.6489
-13.6606
-13.6661
-13.6634
-13.65
-13.623
-13.5793
-13.5155
-13.4282
-13.314
-13.1695
-12.9918
-12.7784
-12.5275
-12.2379
-11.9096
-11.5433
-11.1407
-10.7046
-10.2386
-9.74729
-9.2357
-8.70944
-8.17433
-7.63621
-7.10064
-6.57277
-6.05713
-5.55753
-5.07709
-4.61824
-4.18281
-3.77212
-3.38698
-3.02779
-2.69455
-2.3869
-2.10417
-1.84543
-1.60957
-1.39533
-1.20138
-1.02635
-0.868863
-0.727579
-0.60119
-0.488447
-0.388161
-0.299211
-0.220542
-0.151171
-0.0901862
-0.0367447
0.00992572
0.0505294
0.0857049
0.116028
0.142017
0.164135
0.182796
0.198371
0.211189
0.221544
0.229696
0.235878
0.240297
0.243138
0.244563
0.244719
0.243735
0.241726
0.238795
0.235034
0.230522
0.225333
0.21953
0.21317
0.206305
0.198978
0.191231
0.183097
0.174609
0.165794
0.156677
0.147279
0.137621
0.127717
0.117584
0.107235
0.0966797
0.0859318
0.0749909
0.0638848
0.0525762
0.0411647
0.0294542
0.0178797
0.00553406
-13.4949
-13.5031
-13.5069
-13.5054
-13.497
-13.4797
-13.4514
-13.4095
-13.3513
-13.2739
-13.1744
-13.0497
-12.8971
-12.7142
-12.4987
-12.2493
-11.9649
-11.6456
-11.2919
-10.9055
-10.4887
-10.0448
-9.57761
-9.09164
-8.59179
-8.08317
-7.57097
-7.06017
-6.55544
-6.06093
-5.58022
-5.11627
-4.6715
-4.24775
-3.84645
-3.46856
-3.11464
-2.78491
-2.4792
-2.19704
-1.93772
-1.7003
-1.48371
-1.28677
-1.10826
-0.946935
-0.801553
-0.670908
-0.553832
-0.449206
-0.355966
-0.273104
-0.199675
-0.134795
-0.0776424
-0.0274608
0.0164456
0.0547113
0.0879124
0.11657
0.141153
0.162085
0.179744
0.194469
0.206564
0.2163
0.223922
0.229645
0.233665
0.236153
0.237267
0.237142
0.235904
0.233663
0.230517
0.226554
0.221853
0.216484
0.210509
0.203983
0.196957
0.189474
0.181573
0.17329
0.164655
0.155696
0.146437
0.136899
0.127102
0.117061
0.106794
0.0963093
0.0856247
0.0747393
0.0636835
0.0524184
0.0410495
0.0293716
0.0178386
0.00550816
-13.3765
-13.3742
-13.3666
-13.353
-13.3319
-13.3016
-13.26
-13.2049
-13.134
-13.0448
-12.9347
-12.8012
-12.642
-12.4549
-12.2381
-11.9905
-11.7114
-11.4005
-11.0587
-10.6872
-10.2883
-9.86455
-9.41949
-8.95701
-8.48139
-7.99716
-7.5089
-7.02109
-6.53794
-6.06326
-5.60038
-5.15213
-4.72085
-4.30841
-3.91629
-3.54558
-3.197
-2.87092
-2.56735
-2.28602
-2.02639
-1.78772
-1.56908
-1.36945
-1.18775
-1.02285
-0.873624
-0.738957
-0.617763
-0.508993
-0.411638
-0.324742
-0.247394
-0.178743
-0.117988
-0.064389
-0.0172603
0.0240273
0.0600485
0.0913265
0.118335
0.141504
0.161219
0.177829
0.191646
0.202953
0.212002
0.21902
0.22421
0.227757
0.229823
0.230555
0.230085
0.228532
0.226
0.222585
0.218372
0.213435
0.207844
0.201658
0.194932
0.187714
0.180047
0.171969
0.163514
0.154713
0.145592
0.136175
0.126484
0.116537
0.106351
0.0959384
0.0853171
0.0744875
0.0634823
0.0522611
0.0409348
0.02929
0.017798
0.00548345
-13.2593
-13.2471
-13.2291
-13.2044
-13.1719
-13.1298
-13.0764
-13.0097
-12.9277
-12.8283
-12.7092
-12.5682
-12.4035
-12.2132
-11.9959
-11.7505
-11.4764
-11.1737
-10.8429
-10.4853
-10.1027
-9.69745
-9.27264
-8.83166
-8.37827
-7.91644
-7.45026
-6.98373
-6.52065
-6.06451
-5.61841
-5.18502
-4.7666
-4.36502
-3.98182
-3.61816
-3.27489
-2.95253
-2.65125
-2.37096
-2.11127
-1.8716
-1.65118
-1.44915
-1.26453
-1.09632
-0.943499
-0.805048
-0.679957
-0.567247
-0.465968
-0.375208
-0.294097
-0.221814
-0.15758
-0.100673
-0.0504175
-0.00619104
0.0325788
0.0664158
0.0957977
0.121159
0.142892
0.161354
0.176867
0.189721
0.200179
0.208475
0.214824
0.219417
0.222426
0.224007
0.224299
0.223428
0.221506
0.218635
0.214906
0.2104
0.20519
0.199342
0.192915
0.185961
0.178526
0.170652
0.162376
0.153733
0.14475
0.135454
0.125869
0.116015
0.10591
0.0955689
0.0850109
0.0742371
0.0632824
0.0521051
0.0408215
0.0292101
0.0177586
0.0054603
-13.1438
-13.1226
-13.095
-13.0603
-13.0174
-12.9648
-12.901
-12.8241
-12.7325
-12.6243
-12.4975
-12.3504
-12.1813
-11.9887
-11.7713
-11.5283
-11.2593
-10.9643
-10.6438
-10.299
-9.93134
-9.5431
-9.13682
-8.7155
-8.28245
-7.84119
-7.39533
-6.94844
-6.50398
-6.06511
-5.63472
-5.21531
-4.80907
-4.41786
-4.04323
-3.68641
-3.34837
-3.02974
-2.73084
-2.45173
-2.19217
-1.95173
-1.72978
-1.52558
-1.3383
-1.16704
-1.01088
-0.868879
-0.740118
-0.623682
-0.518677
-0.424238
-0.339535
-0.263774
-0.196202
-0.136111
-0.0828398
-0.0357724
0.00565998
0.0419809
0.0736704
0.101167
0.12487
0.145142
0.162314
0.176684
0.188522
0.198074
0.205561
0.211183
0.215121
0.217537
0.21858
0.218381
0.217061
0.214727
0.211477
0.207396
0.202564
0.19705
0.190918
0.184225
0.177019
0.169348
0.16125
0.152762
0.143916
0.13474
0.12526
0.115497
0.105473
0.0952031
0.084708
0.0739895
0.0630852
0.0519518
0.0407107
0.0291326
0.017721
0.00543919
-13.0315
-13.0018
-12.9654
-12.9216
-12.8694
-12.8075
-12.7344
-12.6487
-12.5487
-12.4329
-12.2997
-12.1475
-11.9749
-11.7806
-11.5637
-11.3234
-11.0593
-10.7716
-10.4607
-10.1277
-9.77385
-9.40112
-9.01177
-8.60842
-8.19398
-7.77156
-7.34435
-6.91556
-6.4883
-6.06546
-5.6497
-5.24339
-4.84861
-4.46721
-4.10073
-3.75048
-3.4175
-3.10254
-2.80605
-2.52821
-2.26892
-2.02789
-1.80462
-1.5985
-1.40879
-1.23472
-1.07545
-0.930145
-0.797945
-0.678004
-0.569484
-0.471565
-0.383454
-0.304385
-0.233629
-0.170496
-0.114336
-0.0645413
-0.0205472
0.0181685
0.0520869
0.0816498
0.107262
0.129291
0.148076
0.163921
0.177105
0.187881
0.196479
0.203107
0.207952
0.211187
0.212964
0.213425
0.212695
0.210888
0.208106
0.204443
0.199981
0.194796
0.188954
0.182517
0.175537
0.168064
0.160141
0.151807
0.143095
0.134037
0.12466
0.114988
0.105044
0.0948434
0.0844103
0.0737466
0.0628922
0.0518021
0.0406035
0.0290584
0.0176861
0.00542064
-12.9222
-12.8849
-12.8406
-12.7886
-12.7282
-12.658
-12.5769
-12.4834
-12.3763
-12.2542
-12.1156
-11.9593
-11.784
-11.5887
-11.3726
-11.1351
-10.8759
-10.5951
-10.2932
-9.97103
-9.62985
-9.27132
-8.89742
-8.51046
-8.11301
-7.70779
-7.29767
-6.8855
-6.47408
-6.06604
-5.66384
-5.2697
-4.88563
-4.5134
-4.1546
-3.81057
-3.48242
-3.171
-2.87687
-2.60033
-2.3414
-2.09992
-1.8755
-1.66763
-1.47572
-1.29906
-1.13692
-0.988532
-0.853124
-0.729904
-0.618087
-0.516897
-0.425574
-0.343382
-0.269613
-0.203595
-0.144688
-0.0922944
-0.0458547
-0.00484838
0.031206
0.0627526
0.0901997
0.113921
0.13426
0.15153
0.166015
0.177975
0.187649
0.195251
0.200977
0.205005
0.207496
0.208597
0.208441
0.207146
0.204821
0.201564
0.197463
0.192597
0.187038
0.180851
0.174092
0.166812
0.15906
0.150875
0.142294
0.133351
0.124075
0.114491
0.104625
0.0944928
0.0841204
0.0735102
0.0627049
0.0516575
0.0405012
0.0289885
0.0176553
0.00540549
-12.818
-12.7738
-12.7222
-12.6629
-12.595
-12.5175
-12.4293
-12.3291
-12.2158
-12.0883
-11.9452
-11.7856
-11.6083
-11.4125
-11.1975
-10.9629
-10.7084
-10.4342
-10.1406
-9.82844
-9.49886
-9.15328
-8.79347
-8.42145
-8.03947
-7.64997
-7.25546
-6.85851
-6.46162
-6.0672
-5.6775
-5.2946
-4.92042
-4.55671
-4.20505
-3.86682
-3.5432
-3.23512
-2.94325
-2.66799
-2.40947
-2.16762
-1.94219
-1.73277
-1.53884
-1.3598
-1.19501
-1.04379
-0.905402
-0.779135
-0.664247
-0.560002
-0.465675
-0.380555
-0.303955
-0.235219
-0.17372
-0.11887
-0.0701128
-0.0269319
0.011154
0.0445905
0.073789
0.0991278
0.120955
0.139588
0.155321
0.168419
0.179127
0.187666
0.19424
0.199032
0.202212
0.20393
0.204327
0.203526
0.201642
0.198778
0.195026
0.190469
0.185184
0.179238
0.172692
0.1656
0.158012
0.149972
0.141519
0.132687
0.123509
0.114011
0.104219
0.0941537
0.0838403
0.0732822
0.062525
0.0515192
0.040405
0.0289237
0.0176296
0.00539407
-12.7178
-12.6674
-12.6094
-12.5437
-12.4695
-12.3857
-12.2913
-12.1855
-12.0671
-11.9351
-11.7885
-11.6263
-11.4477
-11.2519
-11.0384
-10.8067
-10.5568
-10.2888
-10.0029
-9.70008
-9.38113
-9.04739
-8.7004
-8.34195
-7.97404
-7.59881
-7.21851
-6.83542
-6.45179
-6.06979
-5.6915
-5.31887
-4.95373
-4.59779
-4.25263
-3.9197
-3.60021
-3.2952
-3.0054
-2.73131
-2.47316
-2.23099
-2.00462
-1.79375
-1.59795
-1.41671
-1.24947
-1.09561
-0.954465
-0.825373
-0.707637
-0.600558
-0.503439
-0.415594
-0.336356
-0.265082
-0.201161
-0.144009
-0.093079
-0.0478555
-0.00785863
0.0273581
0.0582083
0.0850741
0.108307
0.128232
0.145147
0.159323
0.171011
0.18044
0.187819
0.193339
0.197172
0.199479
0.200402
0.200073
0.198609
0.196119
0.192699
0.188437
0.183413
0.177697
0.171354
0.164442
0.157012
0.14911
0.140778
0.132052
0.122967
0.113551
0.103832
0.0938301
0.0835734
0.0730654
0.0623547
0.0513891
0.0403169
0.0288657
0.017612
0.00538831
-12.6254
-12.5691
-12.5054
-12.4338
-12.3537
-12.2643
-12.1646
-12.0538
-11.9309
-11.7951
-11.6455
-11.4813
-11.3017
-11.1062
-10.8942
-10.6655
-10.4199
-10.1577
-9.87902
-9.58463
-9.27537
-8.95239
-8.61704
-8.27092
-7.91578
-7.55353
-7.18616
-6.81569
-6.44414
-6.07348
-5.70559
-5.34231
-4.98538
-4.63649
-4.29723
-3.96908
-3.65335
-3.35112
-3.06323
-2.79023
-2.53246
-2.29002
-2.06282
-1.85065
-1.65315
-1.4699
-1.3004
-1.14411
-1.00042
-0.868717
-0.748343
-0.638635
-0.538922
-0.448541
-0.366845
-0.293205
-0.22702
-0.167716
-0.114751
-0.0676131
-0.0258231
0.0110659
0.0434694
0.0717725
0.0963311
0.117474
0.135503
0.150698
0.163314
0.173585
0.181726
0.187933
0.192387
0.195251
0.196673
0.196791
0.195726
0.193591
0.190487
0.186505
0.181729
0.176232
0.170083
0.163341
0.15606
0.14829
0.140073
0.131449
0.122453
0.113115
0.103464
0.0935227
0.0833201
0.0728599
0.0621944
0.0512671
0.040237
0.0288138
0.0176029
0.00538632
-12.5369
-12.476
-12.4073
-12.3309
-12.2461
-12.152
-12.048
-11.9332
-11.8069
-11.6683
-11.5166
-11.3512
-11.1713
-10.9766
-10.7666
-10.5411
-10.2999
-10.0432
-9.77129
-9.48478
-9.18443
-8.87122
-8.5464
-8.21137
-7.86771
-7.5171
-7.16133
-6.80218
-6.44145
-6.08091
-5.72228
-5.36727
-5.01756
-4.67484
-4.3407
-4.01669
-3.70415
-3.40425
-3.11789
-2.84568
-2.58804
-2.34515
-2.11701
-1.90348
-1.70429
-1.51909
-1.34744
-1.18885
-1.04279
-0.908662
-0.785849
-0.673715
-0.571611
-0.478895
-0.394934
-0.319114
-0.250844
-0.189559
-0.134721
-0.0858206
-0.0423801
-0.00395181
0.0298814
0.0595074
0.0852858
0.107549
0.126606
0.142738
0.156208
0.167254
0.176097
0.18294
0.187965
0.191343
0.193226
0.193756
0.193059
0.191252
0.18844
0.184717
0.18017
0.174876
0.168905
0.162321
0.155179
0.14753
0.139421
0.13089
0.121977
0.112711
0.103124
0.0932388
0.0830866
0.0726709
0.0620483
0.0511571
0.0401697
0.0287725
0.0176109
0.00539515
-12.4598
-12.3941
-12.3208
-12.2398
-12.1504
-12.0521
-11.944
-11.8256
-11.696
-11.5547
-11.401
-11.2344
-11.0542
-10.8601
-10.6517
-10.4289
-10.1916
-9.93981
-9.67394
-9.39445
-9.10205
-8.79763
-8.48229
-8.15729
-7.82405
-7.48408
-7.13894
-6.79024
-6.43955
-6.08842
-5.73843
-5.39113
-5.04815
-4.71115
-4.38175
-4.06156
-3.752
-3.45431
-3.16946
-2.89812
-2.64074
-2.39754
-2.1686
-1.95384
-1.75307
-1.56602
-1.39232
-1.23153
-1.08318
-0.946715
-0.821552
-0.70708
-0.602675
-0.507714
-0.42158
-0.343672
-0.273411
-0.210236
-0.153614
-0.103039
-0.058032
-0.0181447
0.0170424
0.0479201
0.0748518
0.0981748
0.118201
0.135219
0.149495
0.161274
0.17078
0.178221
0.183786
0.187649
0.189968
0.190887
0.190538
0.189041
0.186504
0.183026
0.178695
0.173593
0.167792
0.161356
0.154345
0.146812
0.138803
0.130362
0.121526
0.112328
0.102802
0.0929694
0.0828649
0.0724914
0.06191
0.0510525
0.0401084
0.0287329
0.0176283
0.00540073
-12.3861
-12.317
-12.2404
-12.1561
-12.0636
-11.9623
-11.8516
-11.7309
-11.5995
-11.457
-11.3027
-11.1361
-10.9569
-10.7645
-10.5587
-10.3394
-10.1064
-9.85979
-9.5999
-9.32712
-9.04209
-8.74563
-8.43876
-8.12264
-7.79859
-7.46797
-7.13221
-6.79268
-6.45076
-6.10781
-5.7652
-5.42439
-5.08696
-4.75454
-4.4288
-4.11135
-3.80367
-3.50703
-3.22245
-2.9507
-2.69241
-2.44793
-2.21741
-2.00086
-1.79814
-1.60901
-1.43316
-1.27019
-1.11962
-0.980953
-0.853603
-0.736978
-0.630466
-0.533457
-0.445346
-0.365544
-0.293479
-0.228597
-0.170367
-0.118285
-0.0718726
-0.0306796
0.00571571
0.0377076
0.0656635
0.0899249
0.110809
0.128609
0.143595
0.156018
0.166107
0.174075
0.180114
0.184403
0.187104
0.188365
0.188321
0.187096
0.184801
0.181538
0.177397
0.172463
0.16681
0.160506
0.15361
0.146178
0.138259
0.129896
0.121129
0.111992
0.102519
0.092734
0.0826722
0.0723363
0.0617929
0.0509663
0.0400683
0.0287133
0.0176895
0.0054338
-12.3286
-12.2559
-12.1756
-12.0875
-11.9915
-11.8867
-11.7727
-11.6489
-11.5148
-11.37
-11.214
-11.0463
-10.8667
-10.6747
-10.4703
-10.2532
-10.0234
-9.78105
-9.52638
-9.25976
-8.98176
-8.6931
-8.39469
-8.08761
-7.77302
-7.4522
-7.12637
-6.79673
-6.46438
-6.13039
-5.79585
-5.46198
-5.13023
-4.80224
-4.47979
-4.16465
-3.85848
-3.56279
-3.27869
-3.00686
-2.74788
-2.50217
-2.27
-2.05147
-1.84655
-1.65507
-1.47677
-1.31128
-1.15819
-1.017
-0.887167
-0.768127
-0.659281
-0.56003
-0.469782
-0.387953
-0.313975
-0.247296
-0.187387
-0.13374
-0.085875
-0.043339
-0.00570586
0.0274234
0.0564214
0.0816352
0.103387
0.121977
0.137679
0.150751
0.161427
0.169923
0.176438
0.181154
0.184238
0.185841
0.186103
0.18515
0.183097
0.180049
0.176099
0.171333
0.165829
0.159655
0.152875
0.145544
0.137714
0.129428
0.12073
0.111652
0.102232
0.0924924
0.0824716
0.0721722
0.0616663
0.0508676
0.0400151
0.0286697
0.0177356
0.00543165
-12.2747
-12.2003
-12.1185
-12.0291
-11.9319
-11.8264
-11.7119
-11.5882
-11.4547
-11.311
-11.1568
-10.9916
-10.8151
-10.627
-10.427
-10.215
-9.99075
-9.7544
-9.50603
-9.24594
-8.9746
-8.69272
-8.40119
-8.10107
-7.79356
-7.47984
-7.16103
-6.83809
-6.51184
-6.18308
-5.85272
-5.52196
-5.19231
-4.86549
-4.54335
-4.22761
-3.91989
-3.62164
-3.33418
-3.05881
-2.7966
-2.548
-2.31322
-2.09231
-1.88517
-1.69158
-1.51123
-1.34374
-1.18867
-1.04554
-0.913794
-0.792879
-0.68221
-0.5812
-0.489263
-0.405824
-0.330317
-0.262195
-0.200931
-0.14602
-0.0969809
-0.0533607
-0.0147304
0.0193125
0.049145
0.0751191
0.0975621
0.116778
0.133048
0.146631
0.157769
0.16668
0.173568
0.178618
0.182001
0.183872
0.184372
0.183631
0.181767
0.178885
0.175083
0.170449
0.16506
0.158988
0.152298
0.145047
0.137286
0.129062
0.120417
0.111387
0.10201
0.0923097
0.0823243
0.0720556
0.0615816
0.0508095
0.0400095
0.0286832
0.0179198
0.00550012
-12.2377
-12.1604
-12.0752
-11.9822
-11.8813
-11.772
-11.6537
-11.5262
-11.389
-11.242
-11.0847
-10.9171
-10.7389
-10.5499
-10.3501
-10.1393
-9.91748
-9.68465
-9.44085
-9.18623
-8.92114
-8.6461
-8.36191
-8.06962
-7.77045
-7.46568
-7.15641
-6.84339
-6.52696
-6.20729
-5.88466
-5.55985
-5.23429
-4.90991
-4.58892
-4.27354
-3.96601
-3.66874
-3.38217
-3.10632
-2.84276
-2.59244
-2.35577
-2.13288
-1.92371
-1.72803
-1.54554
-1.37587
-1.21859
-1.07327
-0.939394
-0.816448
-0.703866
-0.601069
-0.50747
-0.422484
-0.34554
-0.276083
-0.213581
-0.157523
-0.107424
-0.0628241
-0.0232907
0.0115836
0.0421803
0.0688553
0.0919398
0.111741
0.128545
0.142614
0.154191
0.163501
0.170748
0.176122
0.179795
0.181926
0.18266
0.182127
0.180448
0.177732
0.174076
0.169571
0.164297
0.158327
0.151726
0.144553
0.136861
0.128697
0.120106
0.111122
0.101785
0.0921173
0.0821567
0.0719136
0.0614681
0.0507117
0.0399512
0.0286029
0.0179695
0.00549118
-12.1924
-12.1137
-12.0269
-11.9329
-11.8316
-11.7223
-11.6048
-11.4788
-11.344
-11.2001
-11.0468
-10.884
-10.7113
-10.5285
-10.3354
-10.1315
-9.91667
-9.69064
-9.45324
-9.2045
-8.94468
-8.67439
-8.39459
-8.10661
-7.81193
-7.51198
-7.20778
-6.89978
-6.5879
-6.27179
-5.95135
-5.62709
-5.30027
-4.97278
-4.64686
-4.32482
-4.00877
-3.70062
-3.40458
-3.12355
-2.85677
-2.60416
-2.36575
-2.14144
-1.93102
-1.73425
-1.55081
-1.38031
-1.22233
-1.07641
-0.942043
-0.818689
-0.705781
-0.602728
-0.508931
-0.423793
-0.346731
-0.277182
-0.214605
-0.158483
-0.108329
-0.0636779
-0.0240948
0.010829
0.0414756
0.0682007
0.0913352
0.111186
0.128038
0.142153
0.153775
0.163125
0.170411
0.175821
0.179528
0.181689
0.18245
0.181943
0.180286
0.17759
0.173953
0.169464
0.164204
0.158247
0.151657
0.144494
0.136811
0.128656
0.120071
0.111095
0.101764
0.0921063
0.0821686
0.0719339
0.0614985
0.0507613
0.0400385
0.0287472
0.0184304
0.00551339
-18.1408
-18.2576
-18.3559
-18.5889
-18.8997
-19.3838
-20.0443
-20.9009
-21.9191
-23.0404
-24.1793
-25.2419
-26.1351
-26.7748
-27.1004
-27.0775
-26.6404
-25.6828
-24.1622
-22.1425
-19.6815
-16.8642
-13.7984
-10.6161
-7.46607
-4.49674
-1.8313
0.448916
2.30549
3.74174
4.78856
5.48986
5.89985
6.07549
6.07088
5.93383
5.70446
5.41508
5.09092
4.75103
4.40935
4.07564
3.75637
3.45546
3.17496
2.91558
2.67707
2.45854
2.25872
2.07619
1.90969
1.75814
1.62048
1.49563
1.38235
1.27942
1.18568
1.10011
1.02187
0.950247
0.88464
0.824507
0.769358
0.718742
0.672246
0.629491
0.590126
0.553833
0.520318
0.489311
0.460566
0.433855
0.408972
0.385726
0.363943
0.343465
0.324148
0.30586
0.28848
0.271901
0.256022
0.240756
0.22602
0.211742
0.197855
0.184299
0.17102
0.15797
0.145105
0.132386
0.119776
0.107247
0.0947612
0.0823121
0.0698395
0.0573996
0.0448372
0.0324103
0.0197256
0.0073326
-17.5513
-17.9473
-18.0047
-18.2342
-18.6017
-19.2284
-20.1378
-21.3359
-22.7558
-24.2925
-25.8183
-27.2088
-28.3543
-29.1624
-29.5537
-29.4588
-28.8495
-27.7908
-26.3289
-24.4336
-22.126
-19.4545
-16.4997
-13.3747
-10.2231
-7.20134
-4.44373
-2.03837
-0.0273049
1.5841
2.8174
3.71165
4.31506
4.67909
4.85336
4.88238
4.80411
4.64977
4.44435
4.20742
3.95398
3.69533
3.4397
3.19281
2.95833
2.7382
2.53299
2.34231
2.16537
2.00131
1.8495
1.70945
1.58071
1.46271
1.35476
1.25603
1.16569
1.08296
1.00711
0.937518
0.873641
0.814984
0.761095
0.711559
0.66599
0.624034
0.585362
0.549669
0.516675
0.486123
0.457775
0.431411
0.406831
0.38385
0.362301
0.342028
0.322891
0.30476
0.287519
0.271062
0.25529
0.240118
0.225464
0.211258
0.197434
0.183933
0.170703
0.157695
0.144867
0.132181
0.119599
0.107094
0.0946291
0.0821984
0.0697376
0.057313
0.0447263
0.0323369
0.0193292
0.00735002
-16.8152
-17.4864
-17.954
-18.6153
-19.5166
-20.6653
-21.9974
-23.4401
-24.9053
-26.3151
-27.6049
-28.7245
-29.6318
-30.2868
-30.645
-30.6478
-30.252
-29.4073
-28.0918
-26.3009
-24.0523
-21.3852
-18.369
-15.1169
-11.8016
-8.63503
-5.77839
-3.30328
-1.23113
0.444132
1.74733
2.71796
3.40417
3.85598
4.1205
4.23925
4.24734
4.17366
4.04155
3.86956
3.6723
3.46113
3.24478
3.02973
2.82063
2.62053
2.43118
2.25327
2.0869
1.93187
1.78791
1.65477
1.53212
1.41945
1.31614
1.22148
1.13474
1.05522
0.982272
0.915302
0.85379
0.797265
0.745296
0.697485
0.653466
0.6129
0.575473
0.540895
0.508899
0.479238
0.451685
0.42603
0.402082
0.379664
0.358615
0.338786
0.320043
0.302261
0.285329
0.269145
0.253615
0.238655
0.224189
0.210148
0.196468
0.183095
0.169976
0.157066
0.144323
0.131711
0.119194
0.106746
0.0943299
0.0819417
0.0695149
0.0571223
0.0445437
0.032191
0.0190792
0.00731184
-17.2523
-17.9981
-18.6118
-19.4185
-20.4816
-21.7689
-23.202
-24.7057
-26.2097
-27.6572
-29.0003
-30.1959
-31.1996
-31.9618
-32.4269
-32.5368
-32.2311
-31.4677
-30.218
-28.4689
-26.2225
-23.4961
-20.3282
-16.8054
-13.1254
-9.62177
-6.56221
-4.00542
-1.91057
-0.234423
1.06372
2.03392
2.73069
3.20615
3.50623
3.66947
3.72746
3.70582
3.62526
3.50243
3.35069
3.18073
3.00099
2.81804
2.6368
2.46079
2.29226
2.13249
1.98202
1.84096
1.70924
1.58671
1.47315
1.36822
1.27147
1.18236
1.10035
1.0249
0.955475
0.891599
0.832814
0.778697
0.728858
0.682933
0.640586
0.601503
0.565392
0.531983
0.501025
0.472286
0.445552
0.420624
0.397321
0.375475
0.354933
0.335554
0.317208
0.299778
0.283157
0.267247
0.251959
0.237212
0.222933
0.209057
0.195522
0.182275
0.169267
0.156454
0.143796
0.131258
0.118806
0.106414
0.0940466
0.0817007
0.0693079
0.0569476
0.0443797
0.0320614
0.018893
0.00724012
-17.9332
-18.6164
-19.2671
-20.1292
-21.2276
-22.5329
-23.9714
-25.4748
-26.9813
-28.4408
-29.8108
-31.052
-32.1222
-32.9719
-33.5435
-33.7729
-33.5989
-32.9763
-31.8708
-30.2585
-28.1233
-25.453
-22.2453
-18.5457
-14.5199
-10.5705
-7.17916
-4.49223
-2.37826
-0.724658
0.539725
1.48298
2.1686
2.65049
2.97224
3.16844
3.26661
3.28884
3.25305
3.17389
3.06331
2.93105
2.78502
2.63157
2.4757
2.32121
2.17082
2.02633
1.88882
1.75886
1.63676
1.52263
1.41645
1.318
1.22695
1.14285
1.06523
0.993649
0.927649
0.86681
0.810731
0.759031
0.711353
0.667363
0.626746
0.589212
0.554486
0.522315
0.492464
0.464713
0.43886
0.414717
0.392114
0.370891
0.350902
0.332013
0.314103
0.297059
0.280778
0.265169
0.250147
0.235634
0.221561
0.207865
0.19449
0.181382
0.168496
0.15579
0.143225
0.130769
0.118387
0.106057
0.0937432
0.0814441
0.0690905
0.0567652
0.0442214
0.031933
0.0187733
0.00717112
-18.3957
-18.9706
-19.5674
-20.4218
-21.4967
-22.777
-24.1946
-25.6875
-27.1979
-28.6775
-30.0838
-31.3752
-32.5064
-33.4249
-34.0724
-34.3885
-34.3069
-33.7999
-32.8332
-31.3819
-29.4224
-26.9224
-23.8383
-20.1456
-15.9403
-11.6322
-7.87521
-4.98127
-2.80523
-1.16339
0.0635571
0.97353
1.64247
2.12567
2.46364
2.6868
2.81877
2.87855
2.8817
2.84115
2.76764
2.6701
2.55589
2.43109
2.3006
2.1683
2.03716
1.90931
1.78622
1.66881
1.5577
1.4532
1.35544
1.26435
1.17971
1.1012
1.02846
0.96113
0.898866
0.841316
0.788141
0.739011
0.693613
0.651645
0.612826
0.576889
0.543584
0.512677
0.483949
0.457197
0.432232
0.408878
0.386975
0.366373
0.346935
0.328535
0.311056
0.294393
0.27845
0.263138
0.248378
0.234095
0.220225
0.206707
0.193487
0.180516
0.16775
0.155148
0.142675
0.130298
0.117986
0.105716
0.0934549
0.0812015
0.0688872
0.056596
0.0440806
0.0318171
0.0186891
0.00709338
-18.3607
-18.9156
-19.4337
-20.2658
-21.3049
-22.5554
-23.9522
-25.4375
-26.9542
-28.4521
-29.8854
-31.2096
-32.377
-33.3348
-34.0258
-34.3902
-34.395
-33.9862
-33.1363
-31.8209
-30.013
-27.6721
-24.7398
-21.1594
-16.9798
-12.5794
-8.62356
-5.53567
-3.26923
-1.62228
-0.418874
0.471606
1.13511
1.62687
1.98431
2.2345
2.39828
2.49243
2.53088
2.5253
2.48553
2.41982
2.33508
2.23707
2.13057
2.01945
1.90681
1.79502
1.68583
1.5805
1.47992
1.38465
1.29497
1.21096
1.13251
1.05943
0.99146
0.928337
0.869779
0.815507
0.765236
0.718685
0.675579
0.635651
0.598648
0.564329
0.532465
0.502841
0.475257
0.449522
0.425462
0.402914
0.381726
0.361759
0.342884
0.324982
0.307945
0.291673
0.276074
0.261066
0.246573
0.232527
0.218864
0.205527
0.192467
0.179635
0.166991
0.154496
0.142116
0.12982
0.117579
0.105371
0.093164
0.0809574
0.0686841
0.0564279
0.0439455
0.0317048
0.0186243
0.00701504
-17.9073
-18.4071
-18.9248
-19.7455
-20.771
-22.0076
-23.3968
-24.8827
-26.4082
-27.9213
-29.3736
-30.7185
-31.9078
-32.8904
-33.6132
-34.0254
-34.0855
-33.7532
-32.9983
-31.7927
-30.102
-27.8748
-25.0394
-21.5296
-17.4148
-13.1051
-9.18975
-6.04827
-3.74433
-2.10668
-0.917355
-0.0292672
0.643274
1.15267
1.53369
1.8114
2.00517
2.13061
2.20067
2.22626
2.21659
2.17942
2.12132
2.04781
1.96353
1.87231
1.77732
1.68105
1.58549
1.4921
1.40201
1.31595
1.23438
1.15749
1.08528
1.01767
0.954517
0.895627
0.840803
0.78983
0.742478
0.698514
0.657703
0.619814
0.584624
0.551917
0.521487
0.493139
0.466688
0.441962
0.418799
0.397047
0.376565
0.357225
0.338905
0.321495
0.304893
0.289005
0.273745
0.259036
0.244807
0.230992
0.217532
0.204374
0.19147
0.178775
0.16625
0.15386
0.141571
0.129355
0.117184
0.105037
0.0928823
0.0807218
0.0684893
0.0562671
0.0438194
0.0315989
0.018571
0.00693497
-17.3004
-17.6049
-18.1785
-18.9914
-20.0271
-21.2715
-22.67
-24.1669
-25.7048
-27.2303
-28.694
-30.0488
-31.2472
-32.2408
-32.981
-33.4221
-33.523
-33.2469
-32.5615
-31.4334
-29.8191
-27.6565
-24.8658
-21.3918
-17.3686
-13.2354
-9.46925
-6.41362
-4.18225
-2.58984
-1.41138
-0.514127
0.177062
0.709682
1.11633
1.42115
1.64292
1.79676
1.89514
1.9485
1.96562
1.95395
1.91977
1.86843
1.80442
1.73155
1.65298
1.57132
1.48865
1.40664
1.32657
1.24935
1.17556
1.10551
1.03931
0.976991
0.918487
0.863703
0.812507
0.764742
0.720234
0.678793
0.640222
0.604325
0.570906
0.539774
0.510746
0.483645
0.458304
0.434565
0.412279
0.391306
0.371517
0.35279
0.335014
0.318085
0.301909
0.286397
0.271469
0.257053
0.243081
0.229492
0.216232
0.203248
0.190497
0.177936
0.165529
0.15324
0.141041
0.128903
0.116799
0.104711
0.0926091
0.0804936
0.0683015
0.0561126
0.0437003
0.0314982
0.0185241
0.00685581
-16.6297
-16.6961
-17.2959
-18.1027
-19.1706
-20.4483
-21.8749
-23.3935
-24.9467
-26.4815
-27.9493
-29.3039
-30.5002
-31.4928
-32.2377
-32.6926
-32.817
-32.5749
-31.9306
-30.8434
-29.2597
-27.1083
-24.311
-20.8601
-16.9815
-13.0735
-9.5097
-6.65633
-4.57668
-3.04581
-1.87561
-0.965276
-0.253093
0.303309
0.734737
1.06478
1.312
1.49127
1.61479
1.6927
1.73352
1.74444
1.73155
1.70005
1.65434
1.59817
1.53469
1.46656
1.39596
1.32467
1.25409
1.18527
1.1189
1.05539
0.99496
0.937723
0.883705
0.832883
0.785192
0.740531
0.698773
0.659772
0.623368
0.589396
0.557688
0.528078
0.500404
0.474507
0.450237
0.42745
0.406009
0.385787
0.366665
0.348528
0.331276
0.314811
0.299044
0.283894
0.269286
0.255151
0.241426
0.228055
0.214986
0.20217
0.189565
0.177133
0.164838
0.152648
0.140534
0.12847
0.116432
0.104401
0.092349
0.0802767
0.0681237
0.0559668
0.0435894
0.0314041
0.0184824
0.00677853
-16.2252
-16.0058
-16.4569
-17.2118
-18.3014
-19.6195
-21.0828
-22.6273
-24.195
-25.7343
-27.1985
-28.5438
-29.7281
-30.7094
-31.4469
-31.9002
-32.0297
-31.7977
-31.1633
-30.0775
-28.4776
-26.2892
-23.4593
-20.0682
-16.3832
-12.7027
-9.41908
-6.85301
-4.93341
-3.45535
-2.29219
-1.37116
-0.641057
-0.0638445
0.389575
0.742095
1.01193
1.21371
1.35942
1.45897
1.52067
1.55155
1.55755
1.54374
1.51444
1.47335
1.42362
1.36791
1.30846
1.24713
1.18542
1.12446
1.06505
1.00769
0.952712
0.900288
0.850527
0.803472
0.759118
0.717416
0.678283
0.641612
0.607278
0.575146
0.545074
0.516919
0.490538
0.465792
0.442544
0.420666
0.400033
0.380528
0.362041
0.344469
0.327717
0.311693
0.296317
0.281512
0.267208
0.253341
0.239853
0.226689
0.213801
0.201145
0.18868
0.17637
0.164182
0.152085
0.140053
0.128061
0.116085
0.104108
0.0921032
0.0800721
0.0679565
0.05583
0.0434865
0.0313165
0.0184451
0.00670429
-15.7364
-15.4051
-15.6614
-16.3636
-17.4661
-18.8216
-20.3225
-21.8933
-23.4735
-25.0129
-26.4675
-27.7963
-28.9601
-29.9209
-30.6399
-31.0767
-31.192
-30.9443
-30.2866
-29.1619
-27.5032
-25.2496
-22.4108
-19.1387
-15.6483
-12.2436
-9.33234
-7.04243
-5.24364
-3.80721
-2.65413
-1.72827
-0.985703
-0.392082
0.079774
0.451687
0.741258
0.962773
1.12794
1.24649
1.32656
1.37502
1.39772
1.39963
1.38499
1.35746
1.32016
1.27576
1.22653
1.17438
1.12086
1.0672
1.01426
0.962659
0.912774
0.864869
0.819116
0.775617
0.734418
0.695517
0.658871
0.624411
0.59204
0.561654
0.533134
0.506359
0.481205
0.457549
0.435272
0.414254
0.394387
0.375561
0.357676
0.340637
0.324357
0.308752
0.293745
0.279266
0.265249
0.251636
0.23837
0.225402
0.212686
0.200181
0.187848
0.175653
0.163566
0.151557
0.139601
0.127676
0.115759
0.103833
0.0918732
0.0798808
0.0678008
0.0557029
0.043392
0.0312358
0.0184126
0.00663385
-15.9343
-15.1972
-15.1135
-15.6775
-16.7396
-18.1002
-19.6193
-21.2042
-22.789
-24.3229
-25.7629
-27.0699
-28.2073
-29.1397
-29.8284
-30.2336
-30.3137
-30.023
-29.3084
-28.1092
-26.367
-24.0621
-21.2713
-18.1389
-14.8823
-11.8572
-9.30336
-7.20965
-5.49778
-4.10075
-2.96323
-2.03879
-1.28918
-0.683508
-0.196767
0.191497
0.498061
0.73672
0.918885
1.05407
1.15026
1.21421
1.25166
1.2675
1.26593
1.25055
1.22445
1.19029
1.15037
1.10661
1.06062
1.01368
0.966728
0.920443
0.87529
0.831593
0.789581
0.74941
0.711171
0.674902
0.640596
0.608216
0.577697
0.548955
0.521899
0.496425
0.472427
0.4498
0.428436
0.40823
0.389083
0.370896
0.353578
0.337041
0.321206
0.305993
0.291333
0.27716
0.263414
0.250038
0.236981
0.224197
0.211643
0.199278
0.187069
0.174983
0.16299
0.151063
0.13918
0.127317
0.115455
0.103577
0.0916592
0.0797031
0.0676565
0.0555853
0.0433056
0.0311618
0.0183848
0.00656778
-15.2157
-14.7018
-14.4411
-14.9336
-15.994
-17.3929
-18.9534
-20.5654
-22.1585
-23.6839
-25.1015
-26.3765
-27.478
-28.3706
-29.0145
-29.369
-29.3894
-29.0266
-28.2265
-26.9343
-25.1178
-22.8103
-20.1072
-17.1684
-14.2505
-11.5999
-9.29529
-7.33591
-5.69874
-4.34321
-3.22585
-2.30759
-1.55521
-0.941188
-0.442754
-0.0409411
0.280084
0.533545
0.730496
0.880221
0.990554
1.06814
1.11862
1.14682
1.15688
1.15235
1.13632
1.11142
1.07994
1.04382
1.00471
0.963922
0.922466
0.881081
0.840296
0.800495
0.761958
0.724884
0.689404
0.655594
0.623478
0.593047
0.564262
0.537063
0.51138
0.487127
0.464214
0.442551
0.422044
0.402599
0.384127
0.366539
0.349752
0.333684
0.318265
0.30342
0.289084
0.275198
0.261703
0.24855
0.235688
0.223075
0.210671
0.198439
0.186345
0.174359
0.162454
0.150605
0.138788
0.126984
0.115173
0.10334
0.0914612
0.0795389
0.0675236
0.0554773
0.0432271
0.0310945
0.0183618
0.00650649
-16.2472
-14.543
-14.2305
-14.6914
-15.6831
-17.0151
-18.5093
-20.0633
-21.6104
-23.0977
-24.4797
-25.7167
-26.7715
-27.6066
-28.1839
-28.4616
-28.3937
-27.9319
-27.028
-25.6513
-23.8103
-21.5677
-19.0333
-16.3787
-13.7988
-11.4096
-9.27282
-7.4236
-5.85706
-4.54364
-3.4487
-2.53958
-1.78754
-1.16815
-0.660787
-0.247939
0.0852596
0.351408
0.561172
0.723583
0.84631
0.935878
0.997852
1.03699
1.05739
1.06255
1.05553
1.03894
1.01508
0.985889
0.95303
0.917856
0.881425
0.844532
0.807764
0.771553
0.736226
0.702021
0.669103
0.637579
0.607502
0.578888
0.551721
0.525964
0.501562
0.47845
0.456552
0.43579
0.416084
0.39735
0.379508
0.362479
0.346188
0.330559
0.315527
0.301025
0.286992
0.273372
0.260113
0.247166
0.234487
0.222033
0.209769
0.19766
0.185673
0.173781
0.161958
0.15018
0.138426
0.126676
0.114912
0.103121
0.0912784
0.0793875
0.0674013
0.0553782
0.0431557
0.0310331
0.0183433
0.00645008
)
;

boundaryField
{
    outlet
    {
        type            fixedValue;
        value           uniform 0;
    }
    inlet
    {
        type            zeroGradient;
    }
    lowerWall
    {
        type            zeroGradient;
    }
    upperWall
    {
        type            zeroGradient;
    }
    frontAndBack
    {
        type            empty;
    }
}


// ************************************************************************* //
