/*--------------------------------*- C++ -*----------------------------------*\
| =========                 |                                                 |
| \\      /  F ield         | OpenFOAM: The Open Source CFD Toolbox           |
|  \\    /   O peration     | Version:  2.1.1                                 |
|   \\  /    A nd           | Web:      www.OpenFOAM.org                      |
|    \\/     M anipulation  |                                                 |
\*---------------------------------------------------------------------------*/
FoamFile
{
    version     2.0;
    format      ascii;
    class       volScalarField;
    location    "0.08";
    object      nuSgs;
}
// * * * * * * * * * * * * * * * * * * * * * * * * * * * * * * * * * * * * * //

dimensions      [0 2 -1 0 0 0 0];

internalField   nonuniform List<scalar> 
6820
(
0.000556015
0.000457429
0.000368195
0.000306214
0.000269047
0.000243448
0.000224605
0.000210187
0.000198536
0.000188744
0.000180298
0.000172869
0.000166238
0.000160251
0.000154798
0.000149797
0.000145186
0.000140919
0.000136958
0.000133278
0.000129855
0.000126674
0.000123726
0.000121005
0.000118506
0.000116225
0.000114163
0.00011233
0.000110723
0.000109373
0.000108269
0.000107259
0.000106764
0.000103491
0.000170649
0.000223635
0.000240015
0.000235277
0.000224931
0.000213247
0.000201967
0.000191729
0.000182551
0.000174312
0.000166881
0.000160132
0.000153965
0.000148296
0.000143055
0.000138186
0.000133642
0.000129384
0.000125378
0.000121594
0.000118012
0.000114614
0.000111378
0.000108292
0.00010535
0.000102544
9.98639e-05
9.73261e-05
9.48868e-05
9.27349e-05
9.05265e-05
9.02077e-05
3.67767e-05
2.84858e-05
4.55921e-05
8.22562e-05
0.000107898
0.000123511
0.000131971
0.000135865
0.000137014
0.000136487
0.000134921
0.000132711
0.000130105
0.000127265
0.000124299
0.000121275
0.000118242
0.00011523
0.00011226
0.000109344
0.00010649
0.000103703
0.000100982
9.83245e-05
9.57282e-05
9.31952e-05
9.0715e-05
8.82847e-05
8.59109e-05
8.35801e-05
8.13376e-05
7.90713e-05
7.71163e-05
2.07373e-05
2.86928e-05
2.65765e-05
1.51187e-05
3.68272e-06
1.38106e-05
2.56458e-05
3.54953e-05
4.34595e-05
4.98109e-05
5.48218e-05
5.8733e-05
6.1743e-05
6.40059e-05
6.56524e-05
6.67899e-05
6.75063e-05
6.78734e-05
6.79499e-05
6.77839e-05
6.7414e-05
6.68715e-05
6.61807e-05
6.53642e-05
6.44377e-05
6.34083e-05
6.2284e-05
6.10632e-05
5.97503e-05
5.83421e-05
5.68566e-05
5.52551e-05
5.36351e-05
1.44186e-05
1.75963e-05
2.26138e-05
2.4306e-05
2.39817e-05
2.20127e-05
1.91355e-05
1.58854e-05
1.24919e-05
9.10263e-06
5.82614e-06
2.75644e-06
8.30401e-07
3.08946e-06
5.51681e-06
7.73879e-06
9.73962e-06
1.15232e-05
1.30983e-05
1.44754e-05
1.56651e-05
1.66775e-05
1.75217e-05
1.82058e-05
1.87362e-05
1.91168e-05
1.93561e-05
1.94578e-05
1.94193e-05
1.92341e-05
1.89001e-05
1.83786e-05
1.76451e-05
1.09171e-05
1.25116e-05
1.38387e-05
1.4341e-05
1.51157e-05
1.57458e-05
1.6118e-05
1.63259e-05
1.6373e-05
1.62635e-05
1.60202e-05
1.56654e-05
1.52213e-05
1.4702e-05
1.41259e-05
1.35103e-05
1.28709e-05
1.22215e-05
1.15738e-05
1.09379e-05
1.03225e-05
9.73516e-06
9.18272e-06
8.67081e-06
8.20488e-06
7.78896e-06
7.42729e-06
7.1202e-06
6.87079e-06
6.69094e-06
6.59156e-06
6.60812e-06
6.77554e-06
8.23972e-06
9.44236e-06
1.02689e-05
1.00663e-05
9.87226e-06
9.68809e-06
9.49842e-06
9.407e-06
9.40378e-06
9.44522e-06
9.50482e-06
9.565e-06
9.61454e-06
9.65115e-06
9.67236e-06
9.67699e-06
9.66513e-06
9.63777e-06
9.59646e-06
9.54307e-06
9.47969e-06
9.40858e-06
9.332e-06
9.25235e-06
9.17133e-06
9.09348e-06
9.02077e-06
8.96186e-06
8.92081e-06
8.90676e-06
8.92829e-06
9.00796e-06
9.17371e-06
6.35408e-06
7.42319e-06
8.24003e-06
8.10503e-06
7.79314e-06
7.45101e-06
7.0711e-06
6.74561e-06
6.49385e-06
6.2954e-06
6.13781e-06
6.0124e-06
5.91062e-06
5.8262e-06
5.75522e-06
5.69494e-06
5.64323e-06
5.59852e-06
5.55972e-06
5.52615e-06
5.49741e-06
5.47343e-06
5.4544e-06
5.44064e-06
5.43331e-06
5.43366e-06
5.44507e-06
5.46963e-06
5.51039e-06
5.57414e-06
5.66806e-06
5.80419e-06
6.00306e-06
4.99176e-06
5.87236e-06
6.56751e-06
6.56496e-06
6.39714e-06
6.18856e-06
5.9047e-06
5.61878e-06
5.36971e-06
5.15397e-06
4.96696e-06
4.80547e-06
4.6649e-06
4.54133e-06
4.43221e-06
4.33568e-06
4.25037e-06
4.17537e-06
4.11011e-06
4.05428e-06
4.00778e-06
3.97066e-06
3.94323e-06
3.92577e-06
3.91918e-06
3.92385e-06
3.94111e-06
3.97293e-06
4.0217e-06
4.09168e-06
4.18773e-06
4.31529e-06
4.48988e-06
3.98432e-06
4.71956e-06
5.33567e-06
5.41266e-06
5.3122e-06
5.16428e-06
4.94805e-06
4.71961e-06
4.51724e-06
4.34036e-06
4.18468e-06
4.0482e-06
3.92804e-06
3.82146e-06
3.72667e-06
3.64247e-06
3.56804e-06
3.50278e-06
3.44636e-06
3.39858e-06
3.3594e-06
3.32892e-06
3.30733e-06
3.29499e-06
3.29227e-06
3.29993e-06
3.31886e-06
3.35023e-06
3.39552e-06
3.45718e-06
3.5382e-06
3.63976e-06
3.77329e-06
3.22298e-06
3.84512e-06
4.39298e-06
4.51336e-06
4.4629e-06
4.36509e-06
4.20594e-06
4.02347e-06
3.85305e-06
3.69939e-06
3.5614e-06
3.43928e-06
3.33188e-06
3.23734e-06
3.15422e-06
3.08148e-06
3.01822e-06
2.96378e-06
2.9177e-06
2.87966e-06
2.84948e-06
2.82709e-06
2.81252e-06
2.8059e-06
2.80747e-06
2.81759e-06
2.83669e-06
2.86541e-06
2.90456e-06
2.95523e-06
3.01886e-06
3.09427e-06
3.19001e-06
2.63466e-06
3.16746e-06
3.66458e-06
3.82173e-06
3.81825e-06
3.75997e-06
3.64114e-06
3.49121e-06
3.34393e-06
3.20812e-06
3.08461e-06
2.97439e-06
2.87714e-06
2.79157e-06
2.71654e-06
2.65116e-06
2.59468e-06
2.54647e-06
2.50606e-06
2.47311e-06
2.44733e-06
2.42851e-06
2.41652e-06
2.41128e-06
2.41276e-06
2.42101e-06
2.43613e-06
2.45826e-06
2.48758e-06
2.5242e-06
2.56854e-06
2.61843e-06
2.68042e-06
2.16976e-06
2.63434e-06
3.0939e-06
3.27733e-06
3.31029e-06
3.28319e-06
3.19842e-06
3.0794e-06
2.95571e-06
2.83775e-06
2.72777e-06
2.62768e-06
2.53819e-06
2.45885e-06
2.38903e-06
2.32814e-06
2.27557e-06
2.23078e-06
2.19327e-06
2.16262e-06
2.13843e-06
2.12037e-06
2.10814e-06
2.10145e-06
2.10008e-06
2.10379e-06
2.11234e-06
2.12548e-06
2.14295e-06
2.16428e-06
2.1894e-06
2.21588e-06
2.24896e-06
1.79471e-06
2.20833e-06
2.63985e-06
2.84386e-06
2.90831e-06
2.90884e-06
2.85278e-06
2.75951e-06
2.65512e-06
2.55138e-06
2.45219e-06
2.36032e-06
2.2772e-06
2.20296e-06
2.13727e-06
2.07969e-06
2.02972e-06
1.98682e-06
1.9505e-06
1.92026e-06
1.89567e-06
1.87628e-06
1.86168e-06
1.85143e-06
1.84513e-06
1.84234e-06
1.84261e-06
1.84542e-06
1.85027e-06
1.85642e-06
1.86355e-06
1.86941e-06
1.87835e-06
1.48607e-06
1.86325e-06
2.27455e-06
2.4952e-06
2.58583e-06
2.60933e-06
2.5766e-06
2.50505e-06
2.4178e-06
2.32712e-06
2.23795e-06
2.15352e-06
2.07578e-06
2.00535e-06
1.94225e-06
1.88627e-06
1.83707e-06
1.7942e-06
1.75719e-06
1.72555e-06
1.69878e-06
1.67637e-06
1.65781e-06
1.64258e-06
1.63012e-06
1.61987e-06
1.61121e-06
1.60349e-06
1.59605e-06
1.58807e-06
1.57919e-06
1.56754e-06
1.55681e-06
1.22723e-06
1.58047e-06
1.97783e-06
2.2122e-06
2.32495e-06
2.36852e-06
2.3559e-06
2.30319e-06
2.23089e-06
2.15131e-06
2.07024e-06
1.9915e-06
1.91753e-06
1.84941e-06
1.78751e-06
1.73181e-06
1.6821e-06
1.63801e-06
1.59907e-06
1.56478e-06
1.53463e-06
1.50805e-06
1.48447e-06
1.46329e-06
1.44388e-06
1.42559e-06
1.40772e-06
1.38957e-06
1.37045e-06
1.34956e-06
1.32661e-06
1.30016e-06
1.27354e-06
1.00626e-06
1.3467e-06
1.73546e-06
1.98146e-06
2.11294e-06
2.17389e-06
2.17829e-06
2.14145e-06
2.08191e-06
2.01181e-06
1.93762e-06
1.86358e-06
1.79249e-06
1.72579e-06
1.66411e-06
1.60765e-06
1.55632e-06
1.50983e-06
1.46779e-06
1.42974e-06
1.39515e-06
1.36346e-06
1.33408e-06
1.30637e-06
1.27967e-06
1.25331e-06
1.22656e-06
1.19872e-06
1.1691e-06
1.13703e-06
1.10228e-06
1.06387e-06
1.02481e-06
8.14565e-07
1.15265e-06
1.53735e-06
1.7933e-06
1.94063e-06
2.01666e-06
2.03572e-06
2.01255e-06
1.96408e-06
1.90213e-06
1.83361e-06
1.76311e-06
1.69377e-06
1.62736e-06
1.56481e-06
1.5065e-06
1.45252e-06
1.40267e-06
1.35664e-06
1.314e-06
1.27426e-06
1.23687e-06
1.20122e-06
1.16669e-06
1.13261e-06
1.0983e-06
1.06305e-06
1.02619e-06
9.87081e-07
9.45157e-07
9.00296e-07
8.51876e-07
8.02775e-07
6.46254e-07
9.92281e-07
1.37656e-06
1.641e-06
1.80166e-06
1.89071e-06
1.92234e-06
1.91077e-06
1.87166e-06
1.81649e-06
1.75245e-06
1.68449e-06
1.61599e-06
1.54904e-06
1.48481e-06
1.42389e-06
1.36649e-06
1.31256e-06
1.26186e-06
1.21404e-06
1.16866e-06
1.1252e-06
1.08312e-06
1.04181e-06
1.00064e-06
9.5896e-07
9.16108e-07
8.71447e-07
8.2441e-07
7.74514e-07
7.21688e-07
6.65592e-07
6.08929e-07
4.98218e-07
8.62365e-07
1.24856e-06
1.51998e-06
1.69164e-06
1.79179e-06
1.83414e-06
1.8324e-06
1.80123e-06
1.75172e-06
1.69124e-06
1.62499e-06
1.55661e-06
1.48844e-06
1.42188e-06
1.35772e-06
1.29632e-06
1.23777e-06
1.18192e-06
1.12852e-06
1.07719e-06
1.02748e-06
9.78896e-07
9.30882e-07
8.82857e-07
8.34213e-07
7.84338e-07
7.32636e-07
6.78572e-07
6.21703e-07
5.6193e-07
4.99027e-07
4.35496e-07
3.71725e-07
7.62401e-07
1.15079e-06
1.42735e-06
1.60778e-06
1.71717e-06
1.76854e-06
1.77501e-06
1.75038e-06
1.70534e-06
1.6474e-06
1.58195e-06
1.51284e-06
1.44267e-06
1.37306e-06
1.305e-06
1.23903e-06
1.17537e-06
1.11401e-06
1.05479e-06
9.97437e-07
9.4159e-07
8.86832e-07
8.32691e-07
7.78658e-07
7.24197e-07
6.68754e-07
6.11782e-07
5.52759e-07
4.9123e-07
4.26939e-07
3.59568e-07
2.90959e-07
2.77722e-07
6.94242e-07
1.0822e-06
1.36157e-06
1.54853e-06
1.66541e-06
1.72425e-06
1.73754e-06
1.71833e-06
1.67697e-06
1.62099e-06
1.55595e-06
1.4859e-06
1.41361e-06
1.34091e-06
1.26898e-06
1.1985e-06
1.12984e-06
1.06311e-06
9.98264e-07
9.35134e-07
8.73465e-07
8.12938e-07
7.53181e-07
6.93781e-07
6.34298e-07
5.74264e-07
5.13209e-07
4.50649e-07
3.86146e-07
3.19277e-07
2.49574e-07
1.77563e-07
2.44429e-07
6.61169e-07
1.04283e-06
1.32212e-06
1.5133e-06
1.63584e-06
1.70053e-06
1.7191e-06
1.7039e-06
1.66494e-06
1.60975e-06
1.54401e-06
1.47196e-06
1.39661e-06
1.31999e-06
1.24348e-06
1.16796e-06
1.09395e-06
1.02171e-06
9.51337e-07
8.82792e-07
8.15948e-07
7.50612e-07
6.86548e-07
6.23483e-07
5.61129e-07
4.99189e-07
4.37393e-07
3.75508e-07
3.1348e-07
2.51448e-07
1.90559e-07
1.34226e-07
2.91381e-07
6.65976e-07
1.03346e-06
1.30941e-06
1.5026e-06
1.62928e-06
1.69873e-06
1.72184e-06
1.71032e-06
1.67384e-06
1.61983e-06
1.55404e-06
1.48084e-06
1.40336e-06
1.32383e-06
1.2438e-06
1.16428e-06
1.08598e-06
1.00929e-06
9.34463e-07
8.61616e-07
7.90784e-07
7.2195e-07
6.55075e-07
5.90117e-07
5.27071e-07
4.66002e-07
4.07147e-07
3.51004e-07
2.98713e-07
2.52206e-07
2.15805e-07
1.94055e-07
3.94418e-07
7.09049e-07
1.05511e-06
1.3244e-06
1.51721e-06
1.64598e-06
1.71815e-06
1.74362e-06
1.73348e-06
1.69713e-06
1.642e-06
1.574e-06
1.49766e-06
1.41636e-06
1.33253e-06
1.2479e-06
1.16371e-06
1.08079e-06
9.99711e-07
9.20877e-07
8.44559e-07
7.7096e-07
7.00249e-07
6.32602e-07
5.68233e-07
5.07448e-07
4.50705e-07
3.98722e-07
3.5256e-07
3.13888e-07
2.84654e-07
2.6782e-07
2.63581e-07
5.28384e-07
7.88358e-07
1.10884e-06
1.36902e-06
1.56013e-06
1.69072e-06
1.76625e-06
1.79547e-06
1.78881e-06
1.75518e-06
1.70179e-06
1.63448e-06
1.55784e-06
1.47535e-06
1.38963e-06
1.30259e-06
1.21566e-06
1.12989e-06
1.04606e-06
9.64775e-07
8.86509e-07
8.11679e-07
7.40674e-07
6.739e-07
6.11812e-07
5.54956e-07
5.03988e-07
4.59726e-07
4.23063e-07
3.95059e-07
3.76306e-07
3.68026e-07
3.67883e-07
6.85092e-07
9.02169e-07
1.1966e-06
1.4455e-06
1.63201e-06
1.76067e-06
1.83479e-06
1.86225e-06
1.85318e-06
1.81651e-06
1.75959e-06
1.68843e-06
1.60782e-06
1.52138e-06
1.43185e-06
1.34127e-06
1.25117e-06
1.1627e-06
1.07673e-06
9.9397e-07
9.15006e-07
8.4036e-07
7.70527e-07
7.06002e-07
6.47292e-07
5.94929e-07
5.49443e-07
5.1135e-07
4.81032e-07
4.58789e-07
4.44357e-07
4.38077e-07
4.37255e-07
8.64357e-07
1.04883e-06
1.31964e-06
1.55832e-06
1.74316e-06
1.87536e-06
1.95556e-06
1.98982e-06
1.98708e-06
1.95552e-06
1.90209e-06
1.83276e-06
1.75245e-06
1.66509e-06
1.57371e-06
1.48069e-06
1.38786e-06
1.29663e-06
1.20811e-06
1.12317e-06
1.04253e-06
9.66811e-07
8.96522e-07
8.3213e-07
7.74036e-07
7.22579e-07
6.78004e-07
6.40464e-07
6.0992e-07
5.86297e-07
5.68979e-07
5.58372e-07
5.51116e-07
1.0719e-06
1.23434e-06
1.48563e-06
1.71087e-06
1.88491e-06
2.00705e-06
2.07724e-06
2.10202e-06
2.09109e-06
2.05297e-06
1.9946e-06
1.92176e-06
1.83911e-06
1.75029e-06
1.6581e-06
1.56475e-06
1.47196e-06
1.38107e-06
1.29318e-06
1.20915e-06
1.1297e-06
1.05539e-06
9.86701e-07
9.23983e-07
8.67485e-07
8.17343e-07
7.73559e-07
7.36017e-07
7.04433e-07
6.78492e-07
6.57477e-07
6.41581e-07
6.2782e-07
1.31223e-06
1.45523e-06
1.69268e-06
1.91725e-06
2.10279e-06
2.2434e-06
2.33277e-06
2.3735e-06
2.3737e-06
2.34168e-06
2.28491e-06
2.21013e-06
2.12302e-06
2.02813e-06
1.92901e-06
1.8284e-06
1.72839e-06
1.63054e-06
1.53605e-06
1.44582e-06
1.3605e-06
1.28057e-06
1.20637e-06
1.1381e-06
1.07583e-06
1.01953e-06
9.69061e-07
9.24202e-07
8.846e-07
8.49962e-07
8.19562e-07
7.93937e-07
7.69383e-07
1.60613e-06
1.7466e-06
1.97147e-06
2.16899e-06
2.31944e-06
2.42572e-06
2.48732e-06
2.50972e-06
2.50108e-06
2.46773e-06
2.41464e-06
2.34628e-06
2.26669e-06
2.17926e-06
2.08688e-06
1.99198e-06
1.89657e-06
1.80228e-06
1.71041e-06
1.62195e-06
1.53766e-06
1.45806e-06
1.38347e-06
1.31407e-06
1.24986e-06
1.19074e-06
1.13651e-06
1.08687e-06
1.04148e-06
1.00001e-06
9.61857e-07
9.27398e-07
8.93574e-07
1.94578e-06
2.06292e-06
2.29973e-06
2.54855e-06
2.76836e-06
2.93683e-06
3.03893e-06
3.07894e-06
3.07011e-06
3.0247e-06
2.9528e-06
2.8628e-06
2.76124e-06
2.65291e-06
2.54127e-06
2.42883e-06
2.31742e-06
2.20836e-06
2.1026e-06
2.00084e-06
1.90357e-06
1.81108e-06
1.72356e-06
1.64104e-06
1.56348e-06
1.49072e-06
1.42255e-06
1.35872e-06
1.29894e-06
1.24301e-06
1.19037e-06
1.1418e-06
1.09348e-06
2.42568e-06
2.57585e-06
2.76003e-06
2.8849e-06
2.98234e-06
3.07401e-06
3.14948e-06
3.20019e-06
3.22357e-06
3.21834e-06
3.18555e-06
3.1288e-06
3.05281e-06
2.96222e-06
2.86135e-06
2.75391e-06
2.64297e-06
2.53099e-06
2.41981e-06
2.31082e-06
2.205e-06
2.10298e-06
2.00514e-06
1.91164e-06
1.82248e-06
1.73754e-06
1.65662e-06
1.57949e-06
1.50589e-06
1.43569e-06
1.36852e-06
1.30511e-06
1.24244e-06
2.90069e-06
3.00356e-06
3.37768e-06
3.77543e-06
4.07533e-06
4.2549e-06
4.32309e-06
4.31066e-06
4.24719e-06
4.15057e-06
4.03165e-06
3.89809e-06
3.75513e-06
3.6064e-06
3.45471e-06
3.30242e-06
3.15149e-06
3.00354e-06
2.85987e-06
2.72147e-06
2.58902e-06
2.46292e-06
2.34334e-06
2.23024e-06
2.12342e-06
2.02255e-06
1.92724e-06
1.83705e-06
1.75157e-06
1.67058e-06
1.59364e-06
1.52195e-06
1.45168e-06
3.93864e-06
4.03834e-06
3.93889e-06
3.84877e-06
3.93945e-06
4.14278e-06
4.33441e-06
4.46288e-06
4.52372e-06
4.52609e-06
4.48599e-06
4.42095e-06
4.34501e-06
4.26763e-06
4.19443e-06
4.12808e-06
4.06916e-06
4.01703e-06
3.9705e-06
3.9282e-06
3.88883e-06
3.85127e-06
3.81461e-06
3.77812e-06
3.74122e-06
3.70344e-06
3.6644e-06
3.62381e-06
3.5815e-06
3.53753e-06
3.49204e-06
3.447e-06
3.39991e-06
4.39567e-06
4.95352e-06
5.91442e-06
6.38365e-06
6.4856e-06
6.45029e-06
6.43368e-06
6.5408e-06
6.79962e-06
7.17551e-06
7.61629e-06
8.07595e-06
8.52e-06
8.92573e-06
9.28052e-06
9.57893e-06
9.8203e-06
1.00069e-05
1.01428e-05
1.02329e-05
1.02823e-05
1.02961e-05
1.0279e-05
1.02353e-05
1.01688e-05
1.00827e-05
9.97968e-06
9.86175e-06
9.73071e-06
9.58766e-06
9.43425e-06
9.273e-06
9.10417e-06
7.58522e-06
5.83821e-06
4.60614e-06
6.18137e-06
8.91137e-06
1.16218e-05
1.39522e-05
1.58415e-05
1.72888e-05
1.83093e-05
1.89409e-05
1.92325e-05
1.92348e-05
1.89979e-05
1.85693e-05
1.79921e-05
1.73039e-05
1.65366e-05
1.57169e-05
1.48665e-05
1.40025e-05
1.31381e-05
1.22834e-05
1.14455e-05
1.06296e-05
9.83865e-06
9.07418e-06
8.33598e-06
7.62326e-06
6.93198e-06
6.26242e-06
5.60268e-06
4.96635e-06
8.58608e-06
1.4705e-05
1.87911e-05
2.11798e-05
2.22535e-05
2.17643e-05
1.98886e-05
1.70801e-05
1.38086e-05
1.0699e-05
8.77425e-06
9.13651e-06
1.15092e-05
1.47702e-05
1.82364e-05
2.16122e-05
2.47709e-05
2.76593e-05
3.02601e-05
3.25747e-05
3.46145e-05
3.63967e-05
3.79408e-05
3.92674e-05
4.03967e-05
4.13483e-05
4.2141e-05
4.2793e-05
4.33217e-05
4.37493e-05
4.40915e-05
4.44069e-05
4.46847e-05
3.46617e-05
3.72281e-05
4.66689e-05
6.1802e-05
7.75127e-05
9.29077e-05
0.000107283
0.000119932
0.000130668
0.000139537
0.000146653
0.000152182
0.000156313
0.000159236
0.000161126
0.000162144
0.000162433
0.000162115
0.000161298
0.000160074
0.000158519
0.000156699
0.000154667
0.00015247
0.000150143
0.000147718
0.00014522
0.000142665
0.000140072
0.000137445
0.000134785
0.000132182
0.000129646
0.000608459
0.0005825
0.000556843
0.00053033
0.000504269
0.000478981
0.000454514
0.000431139
0.000409041
0.000388277
0.000368863
0.000350784
0.00033399
0.000318412
0.000303968
0.000290574
0.000278143
0.000266591
0.000255838
0.000245808
0.000236432
0.000227646
0.000219393
0.000211622
0.000204286
0.000197342
0.000190754
0.000184485
0.000178496
0.000172764
0.000167162
0.000162224
0.000157727
9.26683e-05
8.41065e-05
7.62272e-05
7.21718e-05
7.41954e-05
8.08982e-05
8.9584e-05
9.77994e-05
0.000104122
0.000101905
7.63686e-05
5.78029e-05
5.75336e-05
5.53385e-05
5.09859e-05
4.4386e-05
3.57262e-05
2.63643e-05
1.76846e-05
1.01849e-05
3.81383e-06
2.1555e-06
8.56167e-06
1.53899e-05
1.89039e-05
2.24238e-05
3.22283e-05
4.43772e-05
5.11724e-05
5.05885e-05
4.66857e-05
4.34459e-05
4.25591e-05
4.53094e-05
4.93376e-05
5.48901e-05
5.9229e-05
5.64386e-05
4.82296e-05
3.87674e-05
3.04267e-05
2.35636e-05
1.7551e-05
1.17488e-05
6.12084e-06
2.55828e-06
8.92453e-06
2.06736e-05
3.35526e-05
4.12715e-05
4.12943e-05
3.65261e-05
3.10225e-05
2.65535e-05
2.30548e-05
2.01458e-05
1.7631e-05
1.54299e-05
1.34907e-05
1.17686e-05
1.02273e-05
8.84094e-06
7.59209e-06
6.46976e-06
5.46693e-06
4.57878e-06
3.80116e-06
3.12931e-06
2.55712e-06
2.077e-06
1.68023e-06
1.35745e-06
1.09907e-06
8.95246e-07
7.35909e-07
6.11209e-07
5.12519e-07
4.33471e-07
3.70247e-07
3.20949e-07
2.84459e-07
2.59419e-07
2.43873e-07
2.35617e-07
2.32996e-07
2.35599e-07
2.44627e-07
2.62344e-07
2.91209e-07
3.31638e-07
3.82347e-07
4.37704e-07
4.95261e-07
5.453e-07
5.9937e-07
6.31916e-07
6.96232e-07
6.73508e-07
8.0521e-07
6.62093e-07
0.000116054
0.000106556
9.51146e-05
8.57944e-05
8.09913e-05
8.14089e-05
8.55235e-05
9.09131e-05
9.62046e-05
0.000103273
0.000100517
7.17659e-05
5.58388e-05
5.61345e-05
5.29942e-05
4.66781e-05
3.84414e-05
2.92988e-05
2.04026e-05
1.23858e-05
5.71306e-06
2.9068e-06
9.51253e-06
1.59926e-05
1.77951e-05
2.19916e-05
3.35644e-05
4.59215e-05
5.13801e-05
4.9561e-05
4.53173e-05
4.2309e-05
4.13087e-05
4.33509e-05
4.73866e-05
5.20937e-05
5.74573e-05
5.7284e-05
5.05603e-05
4.11489e-05
3.20863e-05
2.42961e-05
1.74524e-05
1.10387e-05
4.89543e-06
4.04449e-06
1.40513e-05
2.73883e-05
3.88006e-05
4.32226e-05
4.07282e-05
3.52708e-05
3.01059e-05
2.60578e-05
2.28119e-05
2.00548e-05
1.76476e-05
1.55241e-05
1.36344e-05
1.19378e-05
1.0404e-05
9.01306e-06
7.75245e-06
6.61432e-06
5.59375e-06
4.68727e-06
3.89156e-06
3.20243e-06
2.61425e-06
2.11988e-06
1.71109e-06
1.37902e-06
1.11442e-06
9.07398e-07
7.47433e-07
6.23884e-07
5.27139e-07
4.4993e-07
3.87867e-07
3.38833e-07
3.01811e-07
2.75758e-07
2.59112e-07
2.50119e-07
2.47491e-07
2.51092e-07
2.61997e-07
2.81998e-07
3.12793e-07
3.54176e-07
4.04616e-07
4.58476e-07
5.13583e-07
5.60522e-07
6.12101e-07
6.43187e-07
7.10015e-07
6.89449e-07
8.3037e-07
6.86594e-07
0.000100126
9.62495e-05
8.77479e-05
7.83271e-05
7.12705e-05
6.87372e-05
7.06458e-05
7.51713e-05
8.03784e-05
8.6947e-05
9.67729e-05
9.15302e-05
6.39474e-05
5.28914e-05
5.34455e-05
4.9058e-05
4.13209e-05
3.24961e-05
2.3742e-05
1.57429e-05
9.47796e-06
6.69533e-06
1.20421e-05
1.62516e-05
1.58287e-05
2.19929e-05
3.56177e-05
4.76573e-05
5.12334e-05
4.8131e-05
4.37179e-05
4.09792e-05
4.0064e-05
4.12675e-05
4.48302e-05
4.8973e-05
5.44852e-05
5.70823e-05
5.29176e-05
4.43946e-05
3.50178e-05
2.64959e-05
1.90618e-05
1.27394e-05
8.65165e-06
1.16917e-05
2.23826e-05
3.4911e-05
4.30479e-05
4.38126e-05
3.94044e-05
3.3824e-05
2.91747e-05
2.55555e-05
2.25663e-05
1.99728e-05
1.76808e-05
1.56364e-05
1.37954e-05
1.21231e-05
1.05962e-05
9.20024e-06
7.92699e-06
6.77173e-06
5.7318e-06
4.80525e-06
3.98986e-06
3.28219e-06
2.67716e-06
2.16807e-06
1.74696e-06
1.4051e-06
1.13321e-06
9.21402e-07
7.58949e-07
6.34683e-07
5.38216e-07
4.61508e-07
3.99651e-07
3.50365e-07
3.12767e-07
2.8614e-07
2.6932e-07
2.60902e-07
2.59822e-07
2.65858e-07
2.79725e-07
3.02543e-07
3.35286e-07
3.7723e-07
4.26735e-07
4.78397e-07
5.30594e-07
5.74424e-07
6.23909e-07
6.53977e-07
7.23472e-07
7.0502e-07
8.54555e-07
7.11312e-07
6.87087e-05
6.46754e-05
5.72451e-05
4.87791e-05
4.26409e-05
4.14485e-05
4.44442e-05
4.91716e-05
5.48547e-05
6.20638e-05
7.34797e-05
8.65223e-05
7.98226e-05
5.62732e-05
4.92198e-05
4.95567e-05
4.44835e-05
3.63406e-05
2.77402e-05
1.99901e-05
1.39516e-05
1.17261e-05
1.55253e-05
1.48476e-05
1.31914e-05
2.30639e-05
3.86368e-05
4.92657e-05
5.03669e-05
4.61563e-05
4.18704e-05
3.94576e-05
3.86952e-05
3.93832e-05
4.21104e-05
4.57385e-05
5.05933e-05
5.52504e-05
5.45641e-05
4.82779e-05
3.95476e-05
3.08924e-05
2.34602e-05
1.81295e-05
1.67323e-05
2.1957e-05
3.22868e-05
4.18027e-05
4.54538e-05
4.28705e-05
3.74456e-05
3.22892e-05
2.82694e-05
2.50593e-05
2.23135e-05
1.98857e-05
1.77141e-05
1.57528e-05
1.39632e-05
1.23176e-05
1.07992e-05
9.39911e-06
8.11331e-06
6.94032e-06
5.87993e-06
4.93204e-06
4.09569e-06
3.36832e-06
2.74549e-06
2.2209e-06
1.78689e-06
1.435e-06
1.15613e-06
9.40249e-07
7.76253e-07
6.52275e-07
5.57081e-07
4.81847e-07
4.2112e-07
3.72404e-07
3.34859e-07
3.07993e-07
2.9097e-07
2.82681e-07
2.82266e-07
2.89503e-07
3.049e-07
3.29143e-07
3.62746e-07
4.04652e-07
4.53075e-07
5.02616e-07
5.51789e-07
5.91826e-07
6.3775e-07
6.64856e-07
7.35188e-07
7.1769e-07
8.75184e-07
7.33794e-07
2.18111e-05
1.84973e-05
1.29924e-05
8.78412e-06
1.20328e-05
1.81575e-05
2.2746e-05
2.54801e-05
2.81658e-05
3.32051e-05
4.2806e-05
5.93917e-05
7.42621e-05
6.81545e-05
4.95301e-05
4.4259e-05
4.43711e-05
3.99267e-05
3.27005e-05
2.55407e-05
1.9646e-05
1.78397e-05
1.68427e-05
9.8515e-06
1.14158e-05
2.62109e-05
4.26282e-05
5.02289e-05
4.85853e-05
4.37187e-05
3.98302e-05
3.77378e-05
3.70538e-05
3.7462e-05
3.93749e-05
4.24502e-05
4.63252e-05
5.15351e-05
5.42512e-05
5.15895e-05
4.50927e-05
3.7544e-05
3.10221e-05
2.71537e-05
2.76965e-05
3.34395e-05
4.13317e-05
4.6148e-05
4.53332e-05
4.06108e-05
3.52196e-05
3.08308e-05
2.74181e-05
2.45648e-05
2.20482e-05
1.97889e-05
1.7742e-05
1.58669e-05
1.41313e-05
1.25149e-05
1.10071e-05
9.6043e-06
8.30641e-06
7.11546e-06
6.03395e-06
5.0638e-06
4.20553e-06
3.45761e-06
2.81623e-06
2.27559e-06
1.82834e-06
1.46617e-06
1.17998e-06
9.5965e-07
7.93721e-07
6.69673e-07
5.75417e-07
5.01336e-07
4.41466e-07
3.93138e-07
3.55616e-07
3.28682e-07
3.11831e-07
3.04229e-07
3.05143e-07
3.14258e-07
3.31758e-07
3.57849e-07
3.92555e-07
4.34463e-07
4.81628e-07
5.28662e-07
5.74286e-07
6.09958e-07
6.51733e-07
6.7532e-07
7.45995e-07
7.29184e-07
8.94317e-07
7.55589e-07
9.82898e-06
1.20021e-05
1.49491e-05
1.79072e-05
2.00611e-05
2.07228e-05
1.96487e-05
1.73071e-05
1.50667e-05
1.52912e-05
2.04508e-05
3.03817e-05
4.72183e-05
6.14842e-05
5.77925e-05
4.37584e-05
3.77171e-05
3.69764e-05
3.40425e-05
2.90024e-05
2.37647e-05
1.93328e-05
1.12579e-05
2.42933e-06
1.32349e-05
3.24865e-05
4.67853e-05
4.98159e-05
4.58381e-05
4.09704e-05
3.76587e-05
3.58549e-05
3.5184e-05
3.54566e-05
3.67761e-05
3.92141e-05
4.22251e-05
4.65947e-05
5.12024e-05
5.24901e-05
4.96988e-05
4.47841e-05
4.01425e-05
3.78053e-05
3.90786e-05
4.3265e-05
4.69491e-05
4.68638e-05
4.29579e-05
3.76771e-05
3.30668e-05
2.95091e-05
2.66095e-05
2.40655e-05
2.17703e-05
1.96825e-05
1.77637e-05
1.59782e-05
1.43004e-05
1.27166e-05
1.12221e-05
9.8179e-06
8.50837e-06
7.29915e-06
6.19572e-06
5.20227e-06
4.32094e-06
3.55132e-06
2.89036e-06
2.33274e-06
1.87145e-06
1.49843e-06
1.20475e-06
9.80265e-07
8.13098e-07
6.89943e-07
5.97708e-07
5.25876e-07
4.67899e-07
4.20875e-07
3.84115e-07
3.57621e-07
3.41171e-07
3.34169e-07
3.35981e-07
3.46214e-07
3.64814e-07
3.9167e-07
4.26503e-07
4.67693e-07
5.13197e-07
5.5757e-07
5.99544e-07
6.30564e-07
6.6751e-07
6.86539e-07
7.56312e-07
7.39125e-07
9.10855e-07
7.75487e-07
1.28017e-05
1.42949e-05
1.60017e-05
1.72798e-05
1.7681e-05
1.71214e-05
1.58191e-05
1.42076e-05
1.28535e-05
1.24757e-05
1.46951e-05
2.00345e-05
2.60705e-05
3.74372e-05
4.89827e-05
4.85593e-05
3.91479e-05
3.11147e-05
2.6867e-05
2.26145e-05
1.77682e-05
1.28356e-05
8.37338e-06
1.75448e-06
2.17454e-05
4.09692e-05
4.92086e-05
4.74717e-05
4.23677e-05
3.81165e-05
3.5409e-05
3.38419e-05
3.31673e-05
3.33514e-05
3.43352e-05
3.61823e-05
3.85393e-05
4.16245e-05
4.60153e-05
4.97758e-05
5.0797e-05
4.93736e-05
4.72492e-05
4.62375e-05
4.6984e-05
4.82149e-05
4.75977e-05
4.4195e-05
3.93093e-05
3.47514e-05
3.11819e-05
2.83217e-05
2.58241e-05
2.35544e-05
2.14779e-05
1.95646e-05
1.77778e-05
1.60864e-05
1.4471e-05
1.29237e-05
1.1445e-05
1.00409e-05
8.72016e-06
7.49232e-06
6.3661e-06
5.34819e-06
4.44252e-06
3.6499e-06
2.96815e-06
2.39251e-06
1.91637e-06
1.53195e-06
1.23045e-06
1.00161e-06
8.33168e-07
7.1099e-07
6.20919e-07
5.51474e-07
4.95495e-07
4.49857e-07
4.13936e-07
3.87972e-07
3.72029e-07
3.65738e-07
3.68553e-07
3.79996e-07
3.99782e-07
4.27489e-07
4.62525e-07
5.03029e-07
5.46814e-07
5.88361e-07
6.26422e-07
6.52413e-07
6.8394e-07
6.9753e-07
7.65364e-07
7.4715e-07
9.24939e-07
7.93883e-07
8.49142e-06
9.54759e-06
1.0749e-05
1.17552e-05
1.23451e-05
1.25296e-05
1.24911e-05
1.24713e-05
1.27188e-05
1.34503e-05
1.47155e-05
1.80363e-05
2.3271e-05
2.60247e-05
2.972e-05
3.63608e-05
3.84017e-05
3.44754e-05
2.84123e-05
2.28091e-05
1.94561e-05
1.60703e-05
5.68534e-06
1.46888e-05
3.575e-05
4.74219e-05
4.8111e-05
4.34531e-05
3.86723e-05
3.53199e-05
3.31166e-05
3.17411e-05
3.10899e-05
3.11948e-05
3.19957e-05
3.34183e-05
3.5286e-05
3.74154e-05
4.0442e-05
4.4288e-05
4.73876e-05
4.87715e-05
4.89174e-05
4.87686e-05
4.84392e-05
4.70731e-05
4.39954e-05
3.97608e-05
3.56244e-05
3.2273e-05
2.95756e-05
2.72104e-05
2.50341e-05
2.30251e-05
2.11695e-05
1.94347e-05
1.77846e-05
1.61926e-05
1.46446e-05
1.31379e-05
1.16777e-05
1.02751e-05
8.94342e-06
7.69646e-06
6.54638e-06
5.5026e-06
4.57101e-06
3.75382e-06
3.04979e-06
2.45481e-06
1.96275e-06
1.56615e-06
1.25644e-06
1.02336e-06
8.54222e-07
7.33905e-07
6.46997e-07
5.8091e-07
5.27802e-07
4.8429e-07
4.49793e-07
4.24758e-07
4.09514e-07
4.03905e-07
4.07468e-07
4.19658e-07
4.40003e-07
4.67845e-07
5.0238e-07
5.416e-07
5.83246e-07
6.21727e-07
6.55734e-07
6.76507e-07
7.02194e-07
7.09613e-07
7.7439e-07
7.54079e-07
9.36617e-07
8.10417e-07
6.36993e-06
7.14286e-06
8.031e-06
8.84939e-06
9.46578e-06
9.88555e-06
1.02337e-05
1.06916e-05
1.1431e-05
1.26273e-05
1.42957e-05
1.64979e-05
2.07451e-05
2.6274e-05
2.82685e-05
2.66956e-05
2.58012e-05
2.56343e-05
2.39518e-05
2.07437e-05
1.5548e-05
7.34809e-06
1.70263e-05
3.49327e-05
4.61217e-05
4.77439e-05
4.36854e-05
3.88432e-05
3.5207e-05
3.26497e-05
3.0814e-05
2.96047e-05
2.90077e-05
2.90448e-05
2.96975e-05
3.08439e-05
3.23652e-05
3.4004e-05
3.58801e-05
3.84499e-05
4.1366e-05
4.36675e-05
4.49047e-05
4.5098e-05
4.41459e-05
4.19039e-05
3.87436e-05
3.5468e-05
3.26421e-05
3.02695e-05
2.813e-05
2.61145e-05
2.42269e-05
2.24778e-05
2.08459e-05
1.92934e-05
1.77854e-05
1.62988e-05
1.48237e-05
1.33615e-05
1.19224e-05
1.05225e-05
9.17999e-06
7.91317e-06
6.7379e-06
5.66653e-06
4.70716e-06
3.86355e-06
3.13553e-06
2.51975e-06
2.0106e-06
1.60103e-06
1.28272e-06
1.04542e-06
8.75904e-07
7.57987e-07
6.74834e-07
6.12636e-07
5.62827e-07
5.21761e-07
4.8891e-07
4.64938e-07
4.5044e-07
4.45479e-07
4.49691e-07
4.62495e-07
4.83273e-07
5.11164e-07
5.4516e-07
5.83082e-07
6.22554e-07
6.57871e-07
6.87623e-07
7.02792e-07
7.21864e-07
7.21849e-07
7.82057e-07
7.58668e-07
9.45101e-07
8.24804e-07
5.30918e-06
5.86653e-06
6.49676e-06
7.09628e-06
7.59139e-06
7.99791e-06
8.41459e-06
8.98944e-06
9.86523e-06
1.11382e-05
1.28819e-05
1.50286e-05
1.78096e-05
2.24935e-05
2.82437e-05
3.13781e-05
3.04394e-05
2.71146e-05
2.36571e-05
2.13598e-05
2.2274e-05
2.92665e-05
3.92892e-05
4.58966e-05
4.63294e-05
4.26008e-05
3.81645e-05
3.46984e-05
3.21256e-05
3.00941e-05
2.85286e-05
2.74736e-05
2.69378e-05
2.6922e-05
2.74288e-05
2.83704e-05
2.96363e-05
3.10499e-05
3.24343e-05
3.3953e-05
3.57514e-05
3.74815e-05
3.86154e-05
3.88311e-05
3.80107e-05
3.63324e-05
3.42729e-05
3.22449e-05
3.03527e-05
2.85233e-05
2.67264e-05
2.5006e-05
2.34031e-05
2.19152e-05
2.05087e-05
1.91425e-05
1.77827e-05
1.64079e-05
1.50109e-05
1.35971e-05
1.21816e-05
1.07854e-05
9.43197e-06
8.14422e-06
6.94206e-06
5.84105e-06
4.8517e-06
3.9795e-06
3.22551e-06
2.58719e-06
2.05957e-06
1.63605e-06
1.30865e-06
1.0672e-06
8.97958e-07
7.83429e-07
7.05099e-07
6.47754e-07
6.02031e-07
5.64017e-07
5.33239e-07
5.10584e-07
4.96924e-07
4.92553e-07
4.97227e-07
5.10347e-07
5.31176e-07
5.58682e-07
5.91693e-07
6.2791e-07
6.64889e-07
6.96825e-07
7.22174e-07
7.31574e-07
7.43685e-07
7.35559e-07
7.89963e-07
7.62269e-07
9.50972e-07
8.37118e-07
4.44684e-06
4.84426e-06
5.28453e-06
5.71281e-06
6.09737e-06
6.46756e-06
6.91076e-06
7.54288e-06
8.47006e-06
9.75267e-06
1.14107e-05
1.34437e-05
1.57683e-05
1.87051e-05
2.31347e-05
2.85645e-05
3.2925e-05
3.51428e-05
3.59234e-05
3.69752e-05
3.94518e-05
4.26358e-05
4.43176e-05
4.31052e-05
3.98423e-05
3.6339e-05
3.35276e-05
3.12817e-05
2.93213e-05
2.76238e-05
2.6285e-05
2.53695e-05
2.48835e-05
2.48252e-05
2.52034e-05
2.59707e-05
2.7032e-05
2.8279e-05
2.95335e-05
3.06907e-05
3.17935e-05
3.28085e-05
3.35094e-05
3.36902e-05
3.32697e-05
3.23682e-05
3.11858e-05
2.98408e-05
2.83734e-05
2.68372e-05
2.53186e-05
2.38886e-05
2.25692e-05
2.13401e-05
2.016e-05
1.89849e-05
1.77795e-05
1.65228e-05
1.52094e-05
1.38479e-05
1.24582e-05
1.10666e-05
9.70173e-06
8.39163e-06
7.16049e-06
6.02738e-06
5.00548e-06
4.1022e-06
3.31995e-06
2.65714e-06
2.10947e-06
1.6709e-06
1.33389e-06
1.0884e-06
9.20097e-07
8.09956e-07
7.37496e-07
6.85916e-07
6.45002e-07
6.10584e-07
5.82266e-07
5.61172e-07
5.48456e-07
5.44655e-07
5.49668e-07
5.62919e-07
5.83596e-07
6.10536e-07
6.42421e-07
6.76822e-07
7.11203e-07
7.39621e-07
7.60351e-07
7.63555e-07
7.67802e-07
7.50059e-07
7.9676e-07
7.63384e-07
9.52999e-07
8.46689e-07
3.69908e-06
3.9756e-06
4.27772e-06
4.58144e-06
4.88483e-06
5.22841e-06
5.68956e-06
6.35667e-06
7.29852e-06
8.54433e-06
1.00941e-05
1.19498e-05
1.40742e-05
1.63934e-05
1.91415e-05
2.2781e-05
2.71093e-05
3.11959e-05
3.43579e-05
3.66852e-05
3.8219e-05
3.85588e-05
3.74972e-05
3.55328e-05
3.34578e-05
3.16391e-05
2.99634e-05
2.82901e-05
2.66702e-05
2.52406e-05
2.41021e-05
2.33022e-05
2.2853e-05
2.27608e-05
2.30391e-05
2.36602e-05
2.45549e-05
2.56378e-05
2.67996e-05
2.79035e-05
2.88558e-05
2.96203e-05
3.0145e-05
3.03488e-05
3.01746e-05
2.96376e-05
2.87895e-05
2.76972e-05
2.64513e-05
2.51608e-05
2.39184e-05
2.27734e-05
2.17289e-05
2.07542e-05
1.98021e-05
1.88235e-05
1.77794e-05
1.66473e-05
1.54228e-05
1.41176e-05
1.27558e-05
1.13692e-05
9.99207e-06
8.65772e-06
7.39505e-06
6.22693e-06
5.16947e-06
4.23223e-06
3.41907e-06
2.72947e-06
2.15988e-06
1.70493e-06
1.35765e-06
1.10824e-06
9.41744e-07
8.37297e-07
7.72025e-07
7.27291e-07
6.91977e-07
6.61683e-07
6.36136e-07
6.1674e-07
6.04968e-07
6.01637e-07
6.06824e-07
6.20002e-07
6.40303e-07
6.66441e-07
6.96968e-07
7.29347e-07
7.60969e-07
7.85767e-07
8.01817e-07
7.98742e-07
7.94826e-07
7.66728e-07
8.04172e-07
7.63514e-07
9.51889e-07
8.53745e-07
3.06927e-06
3.25353e-06
3.45357e-06
3.66436e-06
3.90342e-06
4.21901e-06
4.68067e-06
5.35517e-06
6.28386e-06
7.47446e-06
8.91541e-06
1.05948e-05
1.25051e-05
1.45945e-05
1.67928e-05
1.91764e-05
2.18872e-05
2.47862e-05
2.74615e-05
2.94735e-05
3.06289e-05
3.09333e-05
3.06292e-05
3.0002e-05
2.91766e-05
2.81335e-05
2.68741e-05
2.55006e-05
2.41583e-05
2.29646e-05
2.19921e-05
2.12845e-05
2.08657e-05
2.07487e-05
2.09502e-05
2.14547e-05
2.2214e-05
2.31572e-05
2.42017e-05
2.52507e-05
2.6194e-05
2.69535e-05
2.74878e-05
2.77396e-05
2.76595e-05
2.7242e-05
2.65293e-05
2.56024e-05
2.45653e-05
2.35197e-05
2.25409e-05
2.16639e-05
2.08828e-05
2.01593e-05
1.94379e-05
1.86618e-05
1.77862e-05
1.67858e-05
1.56558e-05
1.44106e-05
1.30786e-05
1.1697e-05
1.03063e-05
8.94529e-06
7.64798e-06
6.44141e-06
5.3449e-06
4.37033e-06
3.52321e-06
2.80413e-06
2.21043e-06
1.73752e-06
1.37918e-06
1.12605e-06
9.62479e-07
8.65335e-07
8.08866e-07
7.7233e-07
7.43664e-07
7.18283e-07
6.96084e-07
6.78773e-07
6.68159e-07
6.65354e-07
6.70635e-07
6.83567e-07
7.03265e-07
7.28362e-07
7.57303e-07
7.87444e-07
8.16099e-07
8.37053e-07
8.48139e-07
8.38291e-07
8.25247e-07
7.85219e-07
8.11129e-07
7.61263e-07
9.46229e-07
8.57398e-07
2.53182e-06
2.64485e-06
2.76886e-06
2.91135e-06
3.10278e-06
3.39617e-06
3.85254e-06
4.51888e-06
5.41436e-06
6.53227e-06
7.85657e-06
9.37176e-06
1.10656e-05
1.29212e-05
1.48857e-05
1.68877e-05
1.88966e-05
2.08876e-05
2.27497e-05
2.42992e-05
2.54359e-05
2.61394e-05
2.64272e-05
2.63186e-05
2.58363e-05
2.50362e-05
2.40195e-05
2.29072e-05
2.18079e-05
2.08066e-05
1.99667e-05
1.93347e-05
1.89422e-05
1.88076e-05
1.89482e-05
1.93604e-05
2.00101e-05
2.08426e-05
2.17846e-05
2.27546e-05
2.36614e-05
2.44255e-05
2.4984e-05
2.52732e-05
2.52538e-05
2.49295e-05
2.43477e-05
2.35894e-05
2.27518e-05
2.19278e-05
2.11865e-05
2.05583e-05
2.0031e-05
1.95572e-05
1.90705e-05
1.85039e-05
1.78049e-05
1.69434e-05
1.59138e-05
1.47322e-05
1.34316e-05
1.20548e-05
1.06485e-05
9.25775e-06
7.92204e-06
6.67296e-06
5.5333e-06
4.51749e-06
3.63281e-06
2.88111e-06
2.26069e-06
1.76788e-06
1.39749e-06
1.14084e-06
9.81523e-07
8.93567e-07
8.4765e-07
8.20607e-07
7.99423e-07
7.79429e-07
7.60788e-07
7.45589e-07
7.36044e-07
7.33613e-07
7.38825e-07
7.51365e-07
7.70355e-07
7.9435e-07
8.21692e-07
8.49629e-07
8.75404e-07
8.92642e-07
8.98911e-07
8.8236e-07
8.59968e-07
8.07194e-07
8.19559e-07
7.5822e-07
9.36646e-07
8.57853e-07
2.06915e-06
2.12705e-06
2.19457e-06
2.28815e-06
2.44688e-06
2.72532e-06
3.17417e-06
3.82196e-06
4.67221e-06
5.71105e-06
6.9196e-06
8.28116e-06
9.78017e-06
1.14007e-05
1.31174e-05
1.48812e-05
1.66253e-05
1.82839e-05
1.97998e-05
2.11196e-05
2.21662e-05
2.2874e-05
2.3213e-05
2.31874e-05
2.28332e-05
2.22167e-05
2.14201e-05
2.05284e-05
1.96219e-05
1.87724e-05
1.80395e-05
1.74698e-05
1.70984e-05
1.69495e-05
1.70415e-05
1.73797e-05
1.7941e-05
1.86845e-05
1.95472e-05
2.04507e-05
2.13159e-05
2.20668e-05
2.26321e-05
2.29511e-05
2.29914e-05
2.27585e-05
2.22973e-05
2.16847e-05
2.10151e-05
2.03809e-05
1.98512e-05
1.9455e-05
1.9174e-05
1.895e-05
1.87036e-05
1.8355e-05
1.78415e-05
1.71268e-05
1.62035e-05
1.50892e-05
1.38212e-05
1.24482e-05
1.10237e-05
9.59937e-06
8.22074e-06
6.92431e-06
5.7367e-06
4.6751e-06
3.74871e-06
2.96072e-06
2.3105e-06
1.79552e-06
1.41191e-06
1.15206e-06
9.98772e-07
9.22483e-07
8.89448e-07
8.73741e-07
8.61422e-07
8.47843e-07
8.33511e-07
8.20945e-07
8.12773e-07
8.10823e-07
8.15896e-07
8.27838e-07
8.45824e-07
8.68369e-07
8.93746e-07
9.19109e-07
9.41637e-07
9.5479e-07
9.55853e-07
9.32064e-07
8.99506e-07
8.32571e-07
8.28846e-07
7.53352e-07
9.21679e-07
8.54131e-07
1.66495e-06
1.67991e-06
1.70586e-06
1.76675e-06
1.90801e-06
2.18242e-06
2.62694e-06
3.25244e-06
4.05086e-06
5.00555e-06
6.09941e-06
7.3173e-06
8.64405e-06
1.0062e-05
1.15483e-05
1.3071e-05
1.4582e-05
1.60221e-05
1.73399e-05
1.84848e-05
1.93953e-05
2.00255e-05
2.03545e-05
2.03873e-05
2.01529e-05
1.96968e-05
1.90754e-05
1.8353e-05
1.75962e-05
1.68677e-05
1.62211e-05
1.57016e-05
1.53458e-05
1.51831e-05
1.52357e-05
1.55143e-05
1.60054e-05
1.66769e-05
1.74751e-05
1.83281e-05
1.91622e-05
1.98993e-05
2.04678e-05
2.08125e-05
2.09031e-05
2.07444e-05
2.03791e-05
1.98822e-05
1.93485e-05
1.88738e-05
1.85317e-05
1.83524e-05
1.8312e-05
1.83404e-05
1.8342e-05
1.82213e-05
1.79032e-05
1.73441e-05
1.65333e-05
1.54899e-05
1.42551e-05
1.28844e-05
1.14382e-05
9.97559e-06
8.54856e-06
7.19903e-06
5.9578e-06
4.84507e-06
3.87209e-06
3.04348e-06
2.35982e-06
1.81987e-06
1.42153e-06
1.15885e-06
1.01371e-06
9.51826e-07
9.33932e-07
9.31026e-07
9.28383e-07
9.21577e-07
9.11623e-07
9.01578e-07
8.9458e-07
8.92889e-07
8.97639e-07
9.08872e-07
9.2584e-07
9.4703e-07
9.70647e-07
9.93744e-07
1.01343e-06
1.02294e-06
1.01922e-06
9.88475e-07
9.45735e-07
8.63886e-07
8.41672e-07
7.48778e-07
9.01955e-07
8.46456e-07
1.31312e-06
1.29525e-06
1.29201e-06
1.33465e-06
1.47296e-06
1.75271e-06
2.19307e-06
2.79038e-06
3.53165e-06
4.40122e-06
5.38427e-06
6.46749e-06
7.63739e-06
8.87792e-06
1.01681e-05
1.14808e-05
1.27787e-05
1.40188e-05
1.5158e-05
1.61506e-05
1.69498e-05
1.75217e-05
1.7849e-05
1.79326e-05
1.77892e-05
1.74499e-05
1.69583e-05
1.63663e-05
1.57282e-05
1.50965e-05
1.4519e-05
1.40385e-05
1.36932e-05
1.35166e-05
1.35354e-05
1.37654e-05
1.42017e-05
1.48163e-05
1.55627e-05
1.63772e-05
1.71854e-05
1.791e-05
1.84824e-05
1.8849e-05
1.89803e-05
1.88798e-05
1.85873e-05
1.81768e-05
1.77466e-05
1.7401e-05
1.72231e-05
1.72475e-05
1.74454e-05
1.77316e-05
1.79914e-05
1.81106e-05
1.79995e-05
1.76053e-05
1.69137e-05
1.59447e-05
1.47437e-05
1.33727e-05
1.19003e-05
1.03934e-05
8.91129e-06
7.50176e-06
6.20022e-06
5.03011e-06
4.00491e-06
3.13074e-06
2.40943e-06
1.84129e-06
1.42666e-06
1.16189e-06
1.02792e-06
9.84188e-07
9.84565e-07
9.96738e-07
1.00541e-06
1.00657e-06
1.00186e-06
9.94922e-07
9.89412e-07
9.88032e-07
9.92263e-07
1.00239e-06
1.01778e-06
1.03695e-06
1.05808e-06
1.07815e-06
1.09425e-06
1.09946e-06
1.09043e-06
1.05234e-06
9.99041e-07
9.01442e-07
8.58396e-07
7.44625e-07
8.76404e-07
8.34216e-07
1.00121e-06
9.57562e-07
9.35117e-07
9.74434e-07
1.12722e-06
1.42332e-06
1.86131e-06
2.42768e-06
3.10925e-06
3.89444e-06
4.77207e-06
5.73113e-06
6.7598e-06
7.84369e-06
8.96458e-06
1.00986e-05
1.12157e-05
1.22839e-05
1.32681e-05
1.41294e-05
1.48327e-05
1.53499e-05
1.56651e-05
1.57759e-05
1.56931e-05
1.54397e-05
1.50485e-05
1.45591e-05
1.40152e-05
1.34605e-05
1.29376e-05
1.2487e-05
1.21477e-05
1.19561e-05
1.19443e-05
1.21331e-05
1.25249e-05
1.30971e-05
1.38064e-05
1.45917e-05
1.53799e-05
1.60964e-05
1.66738e-05
1.70589e-05
1.72211e-05
1.71608e-05
1.69154e-05
1.65601e-05
1.62005e-05
1.59542e-05
1.59193e-05
1.61379e-05
1.65753e-05
1.71285e-05
1.76597e-05
1.80329e-05
1.8142e-05
1.79237e-05
1.73589e-05
1.64676e-05
1.53e-05
1.39252e-05
1.24205e-05
1.08617e-05
9.31602e-06
7.83801e-06
6.46805e-06
5.23311e-06
4.14898e-06
3.2234e-06
2.4595e-06
1.85951e-06
1.42682e-06
1.16115e-06
1.04209e-06
1.0205e-06
1.04183e-06
1.0705e-06
1.09108e-06
1.10034e-06
1.10073e-06
1.09661e-06
1.09227e-06
1.09091e-06
1.09441e-06
1.10334e-06
1.11721e-06
1.13457e-06
1.1536e-06
1.17121e-06
1.18441e-06
1.18595e-06
1.17224e-06
1.12739e-06
1.06396e-06
9.50386e-07
8.84373e-07
7.45603e-07
8.46845e-07
8.18568e-07
7.30981e-07
6.68487e-07
6.38088e-07
6.92418e-07
8.75416e-07
1.18893e-06
1.61579e-06
2.14245e-06
2.76035e-06
3.46179e-06
4.23853e-06
5.08189e-06
5.98171e-06
6.92557e-06
7.89783e-06
8.87795e-06
9.84243e-06
1.07655e-05
1.16171e-05
1.23659e-05
1.2984e-05
1.34488e-05
1.37463e-05
1.38725e-05
1.38334e-05
1.36447e-05
1.33306e-05
1.29215e-05
1.24524e-05
1.19594e-05
1.148e-05
1.10518e-05
1.07141e-05
1.05062e-05
1.04649e-05
1.0617e-05
1.09706e-05
1.15091e-05
1.21913e-05
1.29564e-05
1.37327e-05
1.44466e-05
1.503e-05
1.54287e-05
1.561e-05
1.55716e-05
1.53491e-05
1.50202e-05
1.47005e-05
1.45261e-05
1.46155e-05
1.50219e-05
1.5704e-05
1.65373e-05
1.73569e-05
1.80019e-05
1.83472e-05
1.83173e-05
1.78871e-05
1.70767e-05
1.59408e-05
1.45566e-05
1.30113e-05
1.13907e-05
9.77099e-06
8.21412e-06
6.76598e-06
5.45738e-06
4.3066e-06
3.32296e-06
2.51103e-06
1.87528e-06
1.42317e-06
1.15929e-06
1.0611e-06
1.06742e-06
1.11369e-06
1.16147e-06
1.19576e-06
1.21441e-06
1.22081e-06
1.2201e-06
1.21716e-06
1.21571e-06
1.21804e-06
1.22498e-06
1.23628e-06
1.25056e-06
1.26607e-06
1.27968e-06
1.28859e-06
1.28545e-06
1.26646e-06
1.21472e-06
1.14164e-06
1.01262e-06
9.2288e-07
7.55886e-07
8.1498e-07
8.01014e-07
4.88685e-07
4.0998e-07
3.8609e-07
4.85934e-07
7.14497e-07
1.04135e-06
1.44974e-06
1.9328e-06
2.48692e-06
3.1084e-06
3.79169e-06
4.52975e-06
5.31381e-06
6.13305e-06
6.97377e-06
7.81927e-06
8.65086e-06
9.44633e-06
1.0181e-05
1.08304e-05
1.13716e-05
1.17861e-05
1.20613e-05
1.21924e-05
1.21824e-05
1.20418e-05
1.17877e-05
1.1443e-05
1.10344e-05
1.05917e-05
1.0147e-05
9.73536e-06
9.3956e-06
9.16957e-06
9.09877e-06
9.21631e-06
9.53636e-06
1.00465e-05
1.07072e-05
1.14581e-05
1.22275e-05
1.29409e-05
1.35294e-05
1.3937e-05
1.41283e-05
1.40978e-05
1.38786e-05
1.35507e-05
1.32418e-05
1.31115e-05
1.33069e-05
1.38977e-05
1.48348e-05
1.59672e-05
1.70977e-05
1.80367e-05
1.86372e-05
1.88095e-05
1.85218e-05
1.77938e-05
1.66855e-05
1.52835e-05
1.36862e-05
1.19907e-05
1.02837e-05
8.63509e-06
7.09691e-06
5.70409e-06
4.47742e-06
3.42787e-06
2.56157e-06
1.88566e-06
1.41323e-06
1.15553e-06
1.08589e-06
1.1261e-06
1.20038e-06
1.26853e-06
1.31692e-06
1.34488e-06
1.35702e-06
1.35937e-06
1.35755e-06
1.35586e-06
1.35703e-06
1.36222e-06
1.3714e-06
1.38325e-06
1.39609e-06
1.40671e-06
1.41215e-06
1.40513e-06
1.38182e-06
1.32429e-06
1.24279e-06
1.09933e-06
9.85511e-07
7.8706e-07
7.88252e-07
7.85803e-07
2.86139e-07
1.95003e-07
2.16463e-07
3.90445e-07
6.45991e-07
9.62271e-07
1.33633e-06
1.76786e-06
2.25611e-06
2.79935e-06
3.39393e-06
4.0342e-06
4.71289e-06
5.42055e-06
6.14568e-06
6.87478e-06
7.59171e-06
8.27739e-06
8.91185e-06
9.47526e-06
9.94934e-06
1.03187e-05
1.05725e-05
1.0705e-05
1.07165e-05
1.06133e-05
1.04071e-05
1.01144e-05
9.75575e-06
9.35476e-06
8.93865e-06
8.53927e-06
8.19438e-06
7.94787e-06
7.84619e-06
7.92939e-06
8.21819e-06
8.70402e-06
9.34817e-06
1.00894e-05
1.08547e-05
1.15688e-05
1.21615e-05
1.25748e-05
1.27698e-05
1.27362e-05
1.2503e-05
1.21512e-05
1.18215e-05
1.17045e-05
1.19871e-05
1.27631e-05
1.39736e-05
1.54328e-05
1.69039e-05
1.81635e-05
1.90397e-05
1.94273e-05
1.92875e-05
1.86402e-05
1.75521e-05
1.61205e-05
1.44567e-05
1.26707e-05
1.08603e-05
9.1048e-06
7.46274e-06
5.97332e-06
4.66006e-06
3.53557e-06
2.6076e-06
1.88672e-06
1.39402e-06
1.15064e-06
1.12189e-06
1.20507e-06
1.31268e-06
1.40451e-06
1.46919e-06
1.508e-06
1.52692e-06
1.53297e-06
1.53253e-06
1.53046e-06
1.52995e-06
1.53249e-06
1.53827e-06
1.5461e-06
1.55434e-06
1.56024e-06
1.56084e-06
1.54878e-06
1.52066e-06
1.45777e-06
1.36955e-06
1.21411e-06
1.07852e-06
8.48151e-07
7.75725e-07
7.76827e-07
1.2317e-07
2.12656e-08
1.96095e-07
4.05726e-07
6.53345e-07
9.42671e-07
1.2765e-06
1.6563e-06
2.08218e-06
2.55314e-06
3.06688e-06
3.61911e-06
4.20354e-06
4.81195e-06
5.43439e-06
6.05931e-06
6.67297e-06
7.26033e-06
7.80538e-06
8.29195e-06
8.70489e-06
9.03124e-06
9.26134e-06
9.38957e-06
9.41474e-06
9.34001e-06
9.17271e-06
8.92395e-06
8.60829e-06
8.24376e-06
7.85264e-06
7.46302e-06
7.11098e-06
6.84171e-06
6.70678e-06
6.75419e-06
7.01236e-06
7.47667e-06
8.10814e-06
8.8434e-06
9.60748e-06
1.03237e-05
1.09208e-05
1.13381e-05
1.15324e-05
1.14869e-05
1.12238e-05
1.0822e-05
1.04357e-05
1.02948e-05
1.06449e-05
1.16162e-05
1.31321e-05
1.49573e-05
1.68044e-05
1.84114e-05
1.95803e-05
2.01915e-05
2.02002e-05
1.96281e-05
1.85495e-05
1.70738e-05
1.53266e-05
1.34321e-05
1.15009e-05
9.62184e-06
7.86063e-06
6.26088e-06
4.84884e-06
3.63868e-06
2.63973e-06
1.86672e-06
1.35242e-06
1.13343e-06
1.1601e-06
1.29507e-06
1.44007e-06
1.55738e-06
1.63909e-06
1.68893e-06
1.71457e-06
1.72428e-06
1.7254e-06
1.72355e-06
1.72246e-06
1.72398e-06
1.72842e-06
1.73499e-06
1.74156e-06
1.74501e-06
1.74306e-06
1.72824e-06
1.69747e-06
1.63111e-06
1.53795e-06
1.37155e-06
1.21428e-06
9.49056e-07
7.88183e-07
7.72984e-07
1.23302e-07
1.65113e-07
2.97634e-07
4.75739e-07
6.89933e-07
9.40198e-07
1.22802e-06
1.55453e-06
1.91998e-06
2.32339e-06
2.76255e-06
3.23389e-06
3.73239e-06
4.25156e-06
4.78324e-06
5.31745e-06
5.84263e-06
6.34621e-06
6.81497e-06
7.23583e-06
7.5965e-06
7.88622e-06
8.09643e-06
8.22135e-06
8.25835e-06
8.20809e-06
8.07439e-06
7.86408e-06
7.58688e-06
7.25568e-06
6.88775e-06
6.50686e-06
6.14636e-06
5.85179e-06
5.67975e-06
5.68767e-06
5.91372e-06
6.35794e-06
6.98002e-06
7.71287e-06
8.47862e-06
9.19907e-06
9.8014e-06
1.02224e-05
1.04135e-05
1.03493e-05
1.00415e-05
9.56141e-06
9.07461e-06
8.86408e-06
9.26585e-06
1.04613e-05
1.23336e-05
1.45704e-05
1.68244e-05
1.87953e-05
2.02635e-05
2.10989e-05
2.12531e-05
2.07497e-05
1.96712e-05
1.81391e-05
1.62936e-05
1.42741e-05
1.22046e-05
1.01851e-05
8.28854e-06
6.56386e-06
5.03968e-06
3.73119e-06
2.64861e-06
1.81107e-06
1.26906e-06
1.08802e-06
1.19194e-06
1.39223e-06
1.58224e-06
1.72975e-06
1.83151e-06
1.89434e-06
1.92794e-06
1.94207e-06
1.94517e-06
1.94368e-06
1.94194e-06
1.94222e-06
1.94496e-06
1.94956e-06
1.95431e-06
1.95551e-06
1.9511e-06
1.9338e-06
1.9012e-06
1.8328e-06
1.73683e-06
1.56092e-06
1.38232e-06
1.07834e-06
8.19128e-07
7.5538e-07
2.60681e-07
3.20931e-07
4.29117e-07
5.76217e-07
7.56855e-07
9.69592e-07
1.21461e-06
1.49228e-06
1.80253e-06
2.14459e-06
2.51666e-06
2.91586e-06
3.33804e-06
3.77765e-06
4.22768e-06
4.67984e-06
5.12482e-06
5.55243e-06
5.95194e-06
6.31263e-06
6.62432e-06
6.87804e-06
7.0665e-06
7.18446e-06
7.22883e-06
7.1986e-06
7.09474e-06
6.92018e-06
6.67998e-06
6.38197e-06
6.03818e-06
5.66741e-06
5.29906e-06
4.97759e-06
4.76401e-06
4.7269e-06
4.91744e-06
5.34192e-06
5.95736e-06
6.691e-06
7.46108e-06
8.18765e-06
8.79653e-06
9.22155e-06
9.40801e-06
9.31949e-06
8.95192e-06
8.36225e-06
7.72289e-06
7.38973e-06
7.8418e-06
9.31917e-06
1.16068e-05
1.4286e-05
1.69551e-05
1.92887e-05
2.10543e-05
2.21146e-05
2.24159e-05
2.19813e-05
2.08988e-05
1.9302e-05
1.73473e-05
1.51905e-05
1.29695e-05
1.07955e-05
8.75018e-06
6.88743e-06
5.23808e-06
3.81724e-06
2.63386e-06
1.70799e-06
1.1117e-06
9.72974e-07
1.17718e-06
1.45448e-06
1.69447e-06
1.87444e-06
1.99721e-06
2.07323e-06
2.11471e-06
2.13329e-06
2.13897e-06
2.13941e-06
2.13987e-06
2.14311e-06
2.14972e-06
2.1583e-06
2.16725e-06
2.17291e-06
2.17257e-06
2.15863e-06
2.12892e-06
2.0612e-06
1.96261e-06
1.77306e-06
1.56502e-06
1.2092e-06
8.39587e-07
6.81745e-07
3.69349e-07
4.31826e-07
5.25377e-07
6.48002e-07
7.97846e-07
9.74362e-07
1.17787e-06
1.40881e-06
1.66732e-06
1.95289e-06
2.26414e-06
2.59868e-06
2.95299e-06
3.32243e-06
3.70127e-06
4.08269e-06
4.45898e-06
4.82178e-06
5.16246e-06
5.47248e-06
5.74378e-06
5.96905e-06
6.14199e-06
6.25753e-06
6.31188e-06
6.30254e-06
6.22819e-06
6.0887e-06
5.88532e-06
5.62135e-06
5.3037e-06
4.94561e-06
4.57117e-06
4.22157e-06
3.96058e-06
3.86945e-06
4.01759e-06
4.42073e-06
5.03143e-06
5.76833e-06
6.54443e-06
7.2779e-06
7.89342e-06
8.32202e-06
8.50232e-06
8.3855e-06
7.94827e-06
7.22498e-06
6.38442e-06
5.87293e-06
6.39038e-06
8.21643e-06
1.09477e-05
1.40639e-05
1.71416e-05
1.98443e-05
2.19254e-05
2.32322e-05
2.36979e-05
2.33412e-05
2.22551e-05
2.0588e-05
1.85137e-05
1.62054e-05
1.38183e-05
1.14768e-05
9.27142e-06
7.26038e-06
5.47562e-06
3.93035e-06
2.62809e-06
1.57877e-06
8.58581e-07
7.44747e-07
1.08837e-06
1.45813e-06
1.75407e-06
1.96897e-06
2.11369e-06
2.20309e-06
2.25217e-06
2.27476e-06
2.2825e-06
2.28423e-06
2.28603e-06
2.29151e-06
2.30165e-06
2.31511e-06
2.3296e-06
2.34117e-06
2.34688e-06
2.3386e-06
2.31436e-06
2.24956e-06
2.14992e-06
1.94551e-06
1.70432e-06
1.29118e-06
8.1485e-07
5.11668e-07
5.06627e-07
5.62555e-07
6.41099e-07
7.42051e-07
8.6489e-07
1.00951e-06
1.17623e-06
1.36545e-06
1.57733e-06
1.81156e-06
2.06717e-06
2.34237e-06
2.63444e-06
2.93966e-06
3.25333e-06
3.56989e-06
3.88308e-06
4.18617e-06
4.47224e-06
4.73448e-06
4.96649e-06
5.16256e-06
5.31778e-06
5.42799e-06
5.48958e-06
5.49925e-06
5.45385e-06
5.35036e-06
5.18625e-06
4.96033e-06
4.67428e-06
4.33536e-06
3.96103e-06
3.58645e-06
3.27438e-06
3.11827e-06
3.2127e-06
3.58938e-06
4.19451e-06
4.93417e-06
5.71485e-06
6.45327e-06
7.07406e-06
7.50688e-06
7.68569e-06
7.55144e-06
7.06201e-06
6.22075e-06
5.16106e-06
4.38912e-06
4.93943e-06
7.13412e-06
1.03056e-05
1.38819e-05
1.74371e-05
2.0602e-05
2.30839e-05
2.46899e-05
2.53321e-05
2.50291e-05
2.38984e-05
2.21157e-05
1.98804e-05
1.73892e-05
1.48142e-05
1.22913e-05
9.91712e-06
7.75298e-06
5.83097e-06
4.16158e-06
2.74083e-06
1.55803e-06
6.16516e-07
3.5755e-07
8.96545e-07
1.35584e-06
1.69954e-06
1.94264e-06
2.10331e-06
2.20099e-06
2.25358e-06
2.27709e-06
2.28495e-06
2.28789e-06
2.29292e-06
2.30381e-06
2.32207e-06
2.34628e-06
2.37357e-06
2.3989e-06
2.41849e-06
2.42292e-06
2.40969e-06
2.35079e-06
2.25042e-06
2.02846e-06
1.75402e-06
1.29764e-06
7.90022e-07
3.42782e-07
5.94882e-07
6.43197e-07
7.07065e-07
7.87132e-07
8.83623e-07
9.96874e-07
1.12758e-06
1.27653e-06
1.44429e-06
1.63099e-06
1.83616e-06
2.05851e-06
2.29585e-06
2.54512e-06
2.80246e-06
3.06332e-06
3.32269e-06
3.57533e-06
3.816e-06
4.03972e-06
4.24182e-06
4.41805e-06
4.56446e-06
4.67723e-06
4.75248e-06
4.78598e-06
4.77301e-06
4.70838e-06
4.58672e-06
4.40325e-06
4.15511e-06
3.84374e-06
3.47905e-06
3.08698e-06
2.72274e-06
2.48608e-06
2.50427e-06
2.8402e-06
3.43417e-06
4.17404e-06
4.95838e-06
5.70396e-06
6.33817e-06
6.7934e-06
7.00431e-06
6.90732e-06
6.44395e-06
5.57495e-06
4.33552e-06
3.11276e-06
3.46389e-06
6.09214e-06
9.87318e-06
1.41735e-05
1.85065e-05
2.23881e-05
2.54178e-05
2.73456e-05
2.808e-05
2.7679e-05
2.63206e-05
2.42395e-05
2.16891e-05
1.89014e-05
1.60646e-05
1.3317e-05
1.07527e-05
8.42877e-06
6.37362e-06
4.59462e-06
3.08486e-06
1.83036e-06
8.24526e-07
2.96152e-07
7.6642e-07
1.23807e-06
1.59045e-06
1.83741e-06
1.99831e-06
2.09299e-06
2.14061e-06
2.15838e-06
2.16072e-06
2.15906e-06
2.1613e-06
2.17157e-06
2.19139e-06
2.21921e-06
2.25196e-06
2.28413e-06
2.31163e-06
2.32436e-06
2.32024e-06
2.26902e-06
2.1767e-06
1.95714e-06
1.69408e-06
1.28518e-06
9.53864e-07
5.25835e-07
7.34233e-07
7.70167e-07
8.17806e-07
8.775e-07
9.49463e-07
1.03401e-06
1.13181e-06
1.24365e-06
1.37024e-06
1.51201e-06
1.6689e-06
1.84022e-06
2.02453e-06
2.21962e-06
2.42252e-06
2.62972e-06
2.83732e-06
3.04126e-06
3.23761e-06
3.42277e-06
3.59357e-06
3.74728e-06
3.8814e-06
3.99329e-06
4.07966e-06
4.13612e-06
4.15691e-06
4.13488e-06
4.06189e-06
3.92951e-06
3.7303e-06
3.45974e-06
3.11954e-06
2.72399e-06
2.3133e-06
1.98011e-06
1.88738e-06
2.16304e-06
2.74845e-06
3.50075e-06
4.30732e-06
5.08716e-06
5.77403e-06
6.30689e-06
6.6238e-06
6.65567e-06
6.31937e-06
5.51294e-06
4.12385e-06
2.15724e-06
2.08997e-06
5.93215e-06
1.10015e-05
1.66777e-05
2.23102e-05
2.72138e-05
3.08605e-05
3.29607e-05
3.34627e-05
3.25261e-05
3.04496e-05
2.76057e-05
2.43536e-05
2.098e-05
1.76839e-05
1.4589e-05
1.17659e-05
9.2498e-06
7.05303e-06
5.17294e-06
3.59928e-06
2.32426e-06
1.36768e-06
8.59831e-07
9.42985e-07
1.26168e-06
1.5513e-06
1.76074e-06
1.89403e-06
1.96558e-06
1.99308e-06
1.9935e-06
1.98157e-06
1.96864e-06
1.96285e-06
1.96863e-06
1.98689e-06
2.01555e-06
2.0509e-06
2.08675e-06
2.11874e-06
2.13665e-06
2.14002e-06
2.09914e-06
2.02871e-06
1.84741e-06
1.67895e-06
1.45026e-06
1.35249e-06
9.16428e-07
8.26023e-07
8.49677e-07
8.79891e-07
9.17506e-07
9.62926e-07
1.01657e-06
1.07932e-06
1.15237e-06
1.23697e-06
1.33416e-06
1.44457e-06
1.56812e-06
1.70396e-06
1.85046e-06
2.00529e-06
2.16569e-06
2.32874e-06
2.49162e-06
2.65185e-06
2.80743e-06
2.95682e-06
3.09873e-06
3.23179e-06
3.35399e-06
3.46215e-06
3.55139e-06
3.61478e-06
3.64321e-06
3.62569e-06
3.55e-06
3.40388e-06
3.17667e-06
2.86194e-06
2.46198e-06
1.99816e-06
1.54146e-06
1.29126e-06
1.52337e-06
2.16825e-06
2.99834e-06
3.88561e-06
4.75504e-06
5.54652e-06
6.19985e-06
6.6436e-06
6.78126e-06
6.47507e-06
5.53315e-06
3.71246e-06
8.93333e-07
3.81827e-06
9.66111e-06
1.66883e-05
2.41965e-05
3.12738e-05
3.70999e-05
4.11273e-05
4.31148e-05
4.30457e-05
4.10895e-05
3.76533e-05
3.33041e-05
2.86145e-05
2.40257e-05
1.97956e-05
1.60296e-05
1.27417e-05
9.90721e-06
7.49125e-06
5.46118e-06
3.7926e-06
2.47982e-06
1.56795e-06
1.19286e-06
1.32519e-06
1.62074e-06
1.88549e-06
2.07197e-06
2.1821e-06
2.23084e-06
2.23629e-06
2.21599e-06
2.18497e-06
2.15474e-06
2.13286e-06
2.12304e-06
2.12564e-06
2.13806e-06
2.15641e-06
2.17484e-06
2.19049e-06
2.19589e-06
2.19697e-06
2.17237e-06
2.15878e-06
2.08988e-06
2.13105e-06
2.15918e-06
2.14373e-06
2.23878e-06
9.97457e-07
1.00613e-06
1.01909e-06
1.03639e-06
1.05798e-06
1.08394e-06
1.11485e-06
1.15166e-06
1.1956e-06
1.24798e-06
1.30997e-06
1.38234e-06
1.46522e-06
1.558e-06
1.65944e-06
1.76781e-06
1.88126e-06
1.99816e-06
2.11744e-06
2.23877e-06
2.36259e-06
2.48974e-06
2.62078e-06
2.75505e-06
2.88951e-06
3.01792e-06
3.13039e-06
3.21352e-06
3.25118e-06
3.2258e-06
3.11987e-06
2.91769e-06
2.60713e-06
2.18186e-06
1.64572e-06
1.03082e-06
5.64424e-07
9.86549e-07
1.85155e-06
2.807e-06
3.76925e-06
4.6783e-06
5.46948e-06
6.06344e-06
6.35463e-06
6.19787e-06
5.40604e-06
3.82433e-06
2.27841e-06
5.23209e-06
1.12716e-05
1.89445e-05
2.74668e-05
3.58661e-05
4.32664e-05
4.91604e-05
5.32661e-05
5.53942e-05
5.52371e-05
5.27014e-05
4.80583e-05
4.19671e-05
3.52722e-05
2.87271e-05
2.28191e-05
1.77489e-05
1.35144e-05
1.00167e-05
7.13768e-06
4.77846e-06
2.87934e-06
1.482e-06
1.05458e-06
1.64496e-06
2.32681e-06
2.87064e-06
3.25907e-06
3.50912e-06
3.64632e-06
3.69915e-06
3.6952e-06
3.6589e-06
3.60992e-06
3.56229e-06
3.52451e-06
3.50007e-06
3.48863e-06
3.48702e-06
3.49137e-06
3.49639e-06
3.5011e-06
3.5013e-06
3.51201e-06
3.52413e-06
3.60316e-06
3.69021e-06
3.9919e-06
4.33651e-06
4.60335e-06
5.82567e-06
1.14976e-06
1.14562e-06
1.14138e-06
1.13742e-06
1.13349e-06
1.1293e-06
1.12508e-06
1.12156e-06
1.11998e-06
1.12201e-06
1.12956e-06
1.14458e-06
1.16872e-06
1.2031e-06
1.24829e-06
1.3045e-06
1.37194e-06
1.45127e-06
1.54387e-06
1.65176e-06
1.77711e-06
1.92126e-06
2.08357e-06
2.26032e-06
2.44407e-06
2.6236e-06
2.78437e-06
2.90946e-06
2.98079e-06
2.98046e-06
2.8922e-06
2.70257e-06
2.40221e-06
1.98686e-06
1.45866e-06
8.29076e-07
1.82231e-07
7.20963e-07
1.53072e-06
2.32882e-06
3.05029e-06
3.62128e-06
3.95541e-06
3.95477e-06
3.52202e-06
2.65331e-06
2.17601e-06
4.27229e-06
8.45072e-06
1.41067e-05
2.08996e-05
2.82401e-05
3.53008e-05
4.14118e-05
4.65327e-05
5.11333e-05
5.56216e-05
5.9592e-05
6.19231e-05
6.15572e-05
5.8005e-05
5.16764e-05
4.36506e-05
3.51628e-05
2.71751e-05
2.02109e-05
1.44134e-05
9.69772e-06
5.89176e-06
2.8303e-06
6.54288e-07
1.9207e-06
3.54372e-06
4.85631e-06
5.87681e-06
6.63693e-06
7.16846e-06
7.50707e-06
7.6913e-06
7.76139e-06
7.75602e-06
7.70932e-06
7.64826e-06
7.59122e-06
7.54816e-06
7.52175e-06
7.50971e-06
7.50671e-06
7.50765e-06
7.50747e-06
7.50783e-06
7.50906e-06
7.5359e-06
7.59119e-06
7.76803e-06
8.01491e-06
8.59932e-06
9.28085e-06
1.00561e-05
1.20951e-05
1.39502e-06
1.37528e-06
1.35433e-06
1.33152e-06
1.30606e-06
1.27731e-06
1.24496e-06
1.20906e-06
1.17014e-06
1.12928e-06
1.08821e-06
1.04936e-06
1.01588e-06
9.91557e-07
9.80734e-07
9.87973e-07
1.01766e-06
1.07349e-06
1.15799e-06
1.27213e-06
1.4151e-06
1.58405e-06
1.77401e-06
1.97787e-06
2.18649e-06
2.38918e-06
2.57422e-06
2.72961e-06
2.84386e-06
2.90679e-06
2.91014e-06
2.84821e-06
2.71847e-06
2.52244e-06
2.26701e-06
1.96633e-06
1.64473e-06
1.34102e-06
1.11321e-06
1.03248e-06
1.15004e-06
1.49358e-06
2.1188e-06
3.10455e-06
4.51377e-06
6.37947e-06
8.7048e-06
1.14641e-05
1.46058e-05
1.80152e-05
2.13566e-05
2.39402e-05
2.49884e-05
2.44886e-05
2.40556e-05
2.62833e-05
3.24774e-05
4.12258e-05
5.02221e-05
5.68584e-05
5.91752e-05
5.66272e-05
5.01198e-05
4.13658e-05
3.20712e-05
2.34311e-05
1.60497e-05
1.01442e-05
5.94255e-06
4.36904e-06
5.61989e-06
7.6792e-06
9.62282e-06
1.12698e-05
1.2592e-05
1.35971e-05
1.431e-05
1.47682e-05
1.50199e-05
1.5119e-05
1.512e-05
1.50712e-05
1.50109e-05
1.49644e-05
1.49442e-05
1.49521e-05
1.49822e-05
1.5025e-05
1.50714e-05
1.51144e-05
1.51556e-05
1.51971e-05
1.52668e-05
1.53699e-05
1.56071e-05
1.59235e-05
1.66362e-05
1.73787e-05
1.8497e-05
2.03771e-05
1.57421e-06
1.53714e-06
1.49615e-06
1.45067e-06
1.39986e-06
1.34305e-06
1.27978e-06
1.20999e-06
1.13416e-06
1.0533e-06
9.69086e-07
8.84133e-07
8.02207e-07
7.28542e-07
6.70052e-07
6.34925e-07
6.30951e-07
6.62925e-07
7.31522e-07
8.35167e-07
9.72978e-07
1.1464e-06
1.35923e-06
1.61671e-06
1.9241e-06
2.28518e-06
2.70084e-06
3.16795e-06
3.67891e-06
4.22193e-06
4.78182e-06
5.34163e-06
5.88474e-06
6.39742e-06
6.87127e-06
7.30536e-06
7.70783e-06
8.09584e-06
8.4941e-06
8.92927e-06
9.41745e-06
9.94784e-06
1.0461e-05
1.08309e-05
1.08643e-05
1.0344e-05
9.19207e-06
8.03816e-06
9.23992e-06
1.42961e-05
2.14928e-05
2.85056e-05
3.29101e-05
3.34522e-05
3.1233e-05
2.82063e-05
2.56548e-05
2.57668e-05
3.11737e-05
4.02032e-05
4.81734e-05
5.16325e-05
4.96315e-05
4.32751e-05
3.45864e-05
2.54894e-05
1.73754e-05
1.13082e-05
8.61195e-06
9.64495e-06
1.22895e-05
1.50529e-05
1.75074e-05
1.95629e-05
2.12032e-05
2.24428e-05
2.33151e-05
2.38692e-05
2.41671e-05
2.42785e-05
2.42733e-05
2.42149e-05
2.41541e-05
2.41249e-05
2.41446e-05
2.42152e-05
2.43274e-05
2.44657e-05
2.4614e-05
2.47576e-05
2.48918e-05
2.50146e-05
2.51501e-05
2.53021e-05
2.55589e-05
2.58497e-05
2.64624e-05
2.68174e-05
2.77212e-05
2.77099e-05
1.84574e-06
1.81392e-06
1.78123e-06
1.74573e-06
1.70723e-06
1.66578e-06
1.62092e-06
1.57248e-06
1.52071e-06
1.46603e-06
1.40907e-06
1.35101e-06
1.29408e-06
1.2426e-06
1.20476e-06
1.19497e-06
1.2353e-06
1.35272e-06
1.5714e-06
1.90624e-06
2.36337e-06
2.94398e-06
3.64643e-06
4.46613e-06
5.39431e-06
6.41694e-06
7.51384e-06
8.65932e-06
9.82166e-06
1.09652e-05
1.20521e-05
1.30445e-05
1.39064e-05
1.46047e-05
1.51104e-05
1.53969e-05
1.54385e-05
1.52063e-05
1.46619e-05
1.37484e-05
1.23793e-05
1.04203e-05
7.68182e-06
4.02308e-06
2.84178e-06
9.56491e-06
1.91102e-05
3.12573e-05
4.58704e-05
6.22607e-05
7.86904e-05
9.16159e-05
9.72412e-05
9.5671e-05
9.10768e-05
8.68293e-05
8.29887e-05
7.77269e-05
7.08634e-05
6.40368e-05
5.90969e-05
5.56304e-05
5.12633e-05
4.44117e-05
3.53517e-05
2.54122e-05
1.60649e-05
8.99163e-06
7.60649e-06
1.13097e-05
1.56102e-05
1.93306e-05
2.23615e-05
2.47194e-05
2.64799e-05
2.77366e-05
2.85896e-05
2.91368e-05
2.94665e-05
2.96553e-05
2.97658e-05
2.98464e-05
2.99307e-05
3.00375e-05
3.01722e-05
3.03293e-05
3.04966e-05
3.06578e-05
3.07977e-05
3.0902e-05
3.09643e-05
3.09776e-05
3.09538e-05
3.08793e-05
3.07853e-05
3.05369e-05
3.02405e-05
2.90576e-05
2.81803e-05
2.39185e-05
4.49579e-06
4.61816e-06
4.74728e-06
4.87915e-06
5.01561e-06
5.15923e-06
5.31177e-06
5.47551e-06
5.65337e-06
5.84864e-06
6.06523e-06
6.30768e-06
6.58127e-06
6.89188e-06
7.24586e-06
7.64961e-06
8.10909e-06
8.62901e-06
9.21192e-06
9.85713e-06
1.05596e-05
1.13091e-05
1.20892e-05
1.28773e-05
1.36445e-05
1.43555e-05
1.49709e-05
1.54464e-05
1.57371e-05
1.57971e-05
1.55815e-05
1.50465e-05
1.41495e-05
1.28474e-05
1.10945e-05
8.83997e-06
6.02582e-06
2.59633e-06
1.69643e-06
6.64097e-06
1.25688e-05
1.95858e-05
2.78709e-05
3.76472e-05
4.91539e-05
6.2577e-05
7.79935e-05
9.53228e-05
0.000114175
0.000133302
0.000148946
0.000155129
0.000150131
0.000139247
0.000129546
0.00012487
0.000123334
0.000121461
0.000117576
0.000111252
0.000102715
9.24493e-05
8.07092e-05
6.7618e-05
5.36726e-05
3.98163e-05
2.70529e-05
1.61197e-05
7.586e-06
3.84497e-06
6.93113e-06
1.02215e-05
1.2442e-05
1.36629e-05
1.41236e-05
1.40736e-05
1.37399e-05
1.33014e-05
1.28784e-05
1.25347e-05
1.22899e-05
1.21338e-05
1.20395e-05
1.19723e-05
1.18971e-05
1.17826e-05
1.16047e-05
1.13462e-05
1.09953e-05
1.05398e-05
9.96813e-06
9.25624e-06
8.38209e-06
7.27996e-06
5.88972e-06
3.99757e-06
1.57959e-06
2.15542e-06
6.41534e-06
1.32634e-05
1.19627e-05
1.21738e-05
1.23732e-05
1.2556e-05
1.27255e-05
1.28806e-05
1.30182e-05
1.31364e-05
1.32325e-05
1.33024e-05
1.33413e-05
1.33429e-05
1.32999e-05
1.32035e-05
1.30431e-05
1.28063e-05
1.24786e-05
1.20431e-05
1.14811e-05
1.07715e-05
9.89152e-06
8.81723e-06
7.52405e-06
5.9877e-06
4.18501e-06
2.09489e-06
3.10953e-07
3.0262e-06
6.08449e-06
9.49244e-06
1.32622e-05
1.74081e-05
2.19484e-05
2.69079e-05
3.23201e-05
3.82282e-05
4.46847e-05
5.17472e-05
5.94698e-05
6.78907e-05
7.70257e-05
8.68691e-05
9.74106e-05
0.000108655
0.000120611
0.000133236
0.000146484
0.000160422
0.000174569
0.000185936
0.000189088
0.00018287
0.00017194
0.000159935
0.000151206
0.000149233
0.000151088
0.000152521
0.000152278
0.00015033
0.000145835
0.000137779
0.000125935
0.000111033
9.45102e-05
7.80753e-05
6.32087e-05
5.08516e-05
4.13613e-05
3.46384e-05
3.03328e-05
2.80397e-05
2.74169e-05
2.8122e-05
2.97957e-05
3.20511e-05
3.45352e-05
3.69808e-05
3.92234e-05
4.11916e-05
4.28855e-05
4.43518e-05
4.56607e-05
4.68874e-05
4.80988e-05
4.93462e-05
5.06632e-05
5.20686e-05
5.35708e-05
5.51771e-05
5.68934e-05
5.87417e-05
6.07404e-05
6.29526e-05
6.54173e-05
6.82391e-05
7.14556e-05
7.48116e-05
7.85003e-05
8.07838e-05
5.74922e-06
4.9761e-06
4.09877e-06
3.12723e-06
2.09776e-06
1.09796e-06
9.25029e-07
2.04722e-06
3.49953e-06
5.12913e-06
6.92577e-06
8.89794e-06
1.1059e-05
1.34239e-05
1.6008e-05
1.88263e-05
2.18924e-05
2.5218e-05
2.88119e-05
3.2679e-05
3.68201e-05
4.12303e-05
4.58998e-05
5.08126e-05
5.59481e-05
6.12807e-05
6.67827e-05
7.24242e-05
7.81784e-05
8.40216e-05
8.99361e-05
9.59113e-05
0.000101945
0.000108043
0.00011422
0.000120495
0.000126888
0.000133415
0.000140073
0.00014682
0.000153564
0.000160149
0.000166388
0.000172158
0.000177471
0.000182333
0.000186374
0.000188771
0.000188434
0.000184675
0.000179938
0.000177359
0.000175275
0.000172296
0.000170339
0.000171044
0.000172947
0.000174729
0.000176057
0.000177101
0.000176956
0.000173713
0.000166024
0.000153996
0.000139077
0.000123372
0.000108865
9.69405e-05
8.8286e-05
8.30427e-05
8.09568e-05
8.15297e-05
8.4062e-05
8.78213e-05
9.21533e-05
9.65605e-05
0.000100727
0.000104492
0.000107813
0.000110723
0.000113295
0.000115621
0.000117791
0.00011988
0.000121944
0.000124015
0.000126107
0.000128219
0.000130342
0.000132464
0.00013457
0.000136659
0.000138703
0.000140723
0.000142637
0.000144449
0.000146002
0.000146833
0.000147841
0.000145584
6.01837e-05
6.26907e-05
6.53294e-05
6.80944e-05
7.09492e-05
7.38946e-05
7.69392e-05
8.00902e-05
8.3356e-05
8.67453e-05
9.02657e-05
9.39235e-05
9.77227e-05
0.000101665
0.000105748
0.000109967
0.000114312
0.000118769
0.000123318
0.000127936
0.000132593
0.000137257
0.000141891
0.00014646
0.000150924
0.000155249
0.000159404
0.000163364
0.00016711
0.000170629
0.000173915
0.000176969
0.000179791
0.000182385
0.000184751
0.000186893
0.000188808
0.000190486
0.000191883
0.000192871
0.000193195
0.000192494
0.000190445
0.000186845
0.000181524
0.000174048
0.000164115
0.000152551
0.00014192
0.000135827
0.000137746
0.000147125
0.000157446
0.000163624
0.000168748
0.000175243
0.000180581
0.000183703
0.00018693
0.000190068
0.000193309
0.000194216
0.000191063
0.000183465
0.000172542
0.000160435
0.000149401
0.000141098
0.000136311
0.000134993
0.000136477
0.000139852
0.000144192
0.000148768
0.000153125
0.000157054
0.00016051
0.000163543
0.000166239
0.000168689
0.000170971
0.000173146
0.000175254
0.000177317
0.000179343
0.000181331
0.000183276
0.000185172
0.000187011
0.000188795
0.000190509
0.000192161
0.000193707
0.000195177
0.000196437
0.000197582
0.000198367
0.000198775
0.000199327
0.000198387
0.000169764
0.000171864
0.000173995
0.000176067
0.000178097
0.00018009
0.00018205
0.000183978
0.000185876
0.000187741
0.00018957
0.000191354
0.000193086
0.000194754
0.000196345
0.000197843
0.000199231
0.000200492
0.000201606
0.000202557
0.000203327
0.000203902
0.000204271
0.000204426
0.000204364
0.000204087
0.000203596
0.000202898
0.000201996
0.000200891
0.000199578
0.00019804
0.000196245
0.000194144
0.000191662
0.000188702
0.000185137
0.000180826
0.000175621
0.000169416
0.000162136
0.000153716
0.00014395
0.000132595
0.000119608
0.000105189
8.9951e-05
7.5256e-05
6.3811e-05
6.13655e-05
7.36213e-05
9.41851e-05
0.000107912
0.000106945
0.000101772
0.00011045
0.000129556
0.000147073
0.000161059
0.000174357
0.000185371
0.00019282
0.000195263
0.000193153
0.000188333
0.000183103
0.000179465
0.000178482
0.000180037
0.00018331
0.000187313
0.00019122
0.000194624
0.000197431
0.00019975
0.000201759
0.000203622
0.000205458
0.00020733
0.000209261
0.000211245
0.000213262
0.000215284
0.000217286
0.000219248
0.000221158
0.000223009
0.000224805
0.000226547
0.000228247
0.000229889
0.000231503
0.000233015
0.000234534
0.000235838
0.000237273
0.000238344
0.000239636
0.000240907
0.000241785
0.000203659
0.000202921
0.000202684
0.000202388
0.000202025
0.000201576
0.000201019
0.000200341
0.000199528
0.000198561
0.00019742
0.000196084
0.000194534
0.00019275
0.000190716
0.000188416
0.000185836
0.000182969
0.000179808
0.000176354
0.00017261
0.000168587
0.000164298
0.000159764
0.000155009
0.00015006
0.000144949
0.000139707
0.000134366
0.000128956
0.000123504
0.000118028
0.000112541
0.000107048
0.00010155
9.60557e-05
9.05958e-05
8.52506e-05
8.01225e-05
7.52408e-05
7.04252e-05
6.53992e-05
6.02109e-05
5.53774e-05
5.183e-05
5.03529e-05
5.07062e-05
5.21641e-05
5.35976e-05
5.30283e-05
5.23266e-05
6.64765e-05
0.000104591
0.000153415
0.000196804
0.000225717
0.000238922
0.00023833
0.000225086
0.00019915
0.000163693
0.000125228
9.94035e-05
0.000105073
0.000135687
0.000171802
0.000203454
0.000227259
0.000242894
0.000251441
0.000254522
0.000253907
0.000251208
0.000247656
0.000244118
0.000241149
0.000239047
0.000237907
0.000237682
0.000238238
0.000239395
0.000240973
0.000242811
0.000244786
0.000246813
0.000248841
0.00025085
0.000252828
0.000254781
0.000256694
0.000258591
0.000260398
0.000262225
0.000263805
0.000265625
0.000266741
0.000268905
0.000269111
0.000272286
0.000272092
5.3885e-05
4.06622e-05
8.13374e-05
0.000110272
0.000120223
0.000120102
0.000116889
0.000111967
0.000103654
8.78445e-05
6.63325e-05
5.71528e-05
6.22014e-05
7.34846e-05
9.11315e-05
0.000116414
0.000146022
0.000174434
0.000197544
0.000213289
0.000221075
0.000221489
0.000215338
0.000203925
0.000189405
0.000174738
0.000163757
0.000159879
0.000165626
0.000177725
0.000186771
0.000185781
0.000174099
0.00015876
0.000149392
0.000144402
0.000134038
0.000136201
0.00018026
0.000256157
0.000340561
0.000418086
0.000480722
0.000525166
0.00055021
0.000555367
0.000542194
0.000512568
0.000468086
0.000410455
0.000344751
0.000279282
0.00022683
0.000201778
0.000208787
0.000236246
0.000270014
0.00030238
0.000330624
0.000354244
0.000372285
0.000383774
0.000389091
0.000389378
0.000386034
0.000380258
0.000373105
0.000365345
0.000357463
0.000349797
0.000342655
0.000336316
0.000330978
0.000326714
0.000323467
0.000321075
0.000319309
0.000317912
0.000316648
0.000315343
0.000313913
0.000312384
0.000310871
0.000309552
0.000308609
0.00030818
0.000308329
0.000309043
0.000310258
0.000311885
0.000313822
0.000315973
0.000318228
0.000320524
0.000322781
0.000325033
0.000327291
0.000329508
0.000332182
0.000334054
3.01052e-05
0.000101448
9.8738e-05
9.22707e-05
8.48407e-05
7.52352e-05
6.95257e-05
7.31474e-05
8.65129e-05
0.000104682
0.00011149
0.000100103
9.12102e-05
9.84184e-05
0.00011348
0.000123074
0.000125786
0.000124819
0.000122928
0.000123008
0.000127581
0.000138122
0.000153649
0.000170684
0.000185503
0.000195098
0.000197486
0.00019116
0.000172699
0.000140066
9.573e-05
4.27279e-05
9.66287e-06
4.04463e-05
6.58126e-05
0.000106559
0.000172536
0.000242283
0.000288177
0.000298348
0.000274158
0.000225233
0.000165271
0.00010733
6.52247e-05
5.99878e-05
9.08211e-05
0.000133047
0.000172899
0.000205056
0.000224297
0.000227618
0.000215738
0.000193244
0.000165911
0.000138531
0.000114429
9.54241e-05
8.21719e-05
7.52898e-05
7.54969e-05
8.1451e-05
9.11798e-05
0.000104558
0.000120819
0.000138594
0.00015635
0.0001728
0.000187143
0.000199045
0.000208514
0.000215765
0.000221137
0.000225031
0.000227857
0.000230001
0.000231783
0.000233442
0.000235117
0.000236862
0.000238658
0.000240445
0.000242153
0.000243721
0.000245108
0.000246294
0.000247273
0.000248058
0.000248678
0.000249188
0.000249672
0.000250238
0.000251008
0.000252103
0.000253575
0.0002555
0.00025771
0.000260353
0.00026296
0.000265689
9.51114e-05
0.000133667
8.27858e-05
5.24618e-05
5.26504e-05
5.59263e-05
5.7607e-05
5.97407e-05
6.72508e-05
8.62614e-05
0.00010406
0.000102924
0.000104203
0.000121171
0.000132732
0.000131848
0.000124764
0.000115461
0.000106617
0.000101294
0.000102122
0.000109839
0.000122694
0.000137267
0.000150199
0.000159079
0.00016345
0.000165061
0.000165113
0.000154825
0.000126232
8.47959e-05
3.71336e-05
2.84443e-05
8.03429e-05
0.000149473
0.000213606
0.000243099
0.00023452
0.000196686
0.000144252
9.26393e-05
5.01983e-05
1.91185e-05
2.43141e-05
5.43397e-05
8.77724e-05
0.000121062
0.000152986
0.000181082
0.000200436
0.000205933
0.000196516
0.000175605
0.000148689
0.000120942
9.59788e-05
7.55397e-05
5.98953e-05
4.85675e-05
4.0833e-05
3.59211e-05
3.34281e-05
3.21401e-05
3.04516e-05
2.79743e-05
2.57752e-05
2.61424e-05
3.06195e-05
3.83301e-05
4.7508e-05
5.68581e-05
6.56407e-05
7.35071e-05
8.03871e-05
8.64083e-05
9.18192e-05
9.69091e-05
0.000101942
0.000107099
0.000112456
0.000117982
0.000123561
0.000129034
0.000134238
0.000139036
0.000143333
0.000147063
0.000150179
0.000152638
0.000154411
0.000155513
0.000156039
0.000156196
0.000156254
0.000156587
0.000157318
0.00015901
0.000160725
0.000164285
0.000153286
0.000108934
3.63616e-05
2.58465e-05
3.96152e-05
4.41791e-05
4.52071e-05
4.73763e-05
4.86284e-05
5.74573e-05
7.62836e-05
8.45762e-05
9.85764e-05
0.000120277
0.000126942
0.000120536
0.000108771
9.47393e-05
8.07917e-05
6.98269e-05
6.54046e-05
6.93599e-05
8.00484e-05
9.42977e-05
0.000108396
0.000118912
0.00012365
0.000124661
0.000129085
0.000137244
0.000129102
9.72793e-05
5.10072e-05
1.53746e-05
8.28887e-05
0.000153139
0.000192077
0.000187069
0.000152055
0.000105588
6.66092e-05
4.49138e-05
3.73581e-05
3.80041e-05
4.92333e-05
7.00166e-05
9.31028e-05
0.000114843
0.000136348
0.000157761
0.000175045
0.000181882
0.000175259
0.000157188
0.000132691
0.000107223
8.45194e-05
6.62045e-05
5.23771e-05
4.2317e-05
3.49543e-05
2.9395e-05
2.52024e-05
2.22863e-05
2.08156e-05
2.06313e-05
2.11148e-05
2.15472e-05
2.13925e-05
2.03766e-05
1.84536e-05
1.57545e-05
1.25272e-05
9.06668e-06
5.63801e-06
2.41474e-06
6.82798e-07
3.44801e-06
6.21101e-06
9.019e-06
1.19346e-05
1.49998e-05
1.82501e-05
2.17143e-05
2.54027e-05
2.92986e-05
3.33596e-05
3.75233e-05
4.17029e-05
4.57721e-05
4.95473e-05
5.27963e-05
5.52831e-05
5.68768e-05
5.75955e-05
5.77489e-05
5.75662e-05
5.78542e-05
5.7982e-05
5.98254e-05
0.000183258
6.57761e-05
3.8329e-06
2.25237e-05
3.52817e-05
4.07109e-05
4.39902e-05
4.82393e-05
4.6864e-05
3.94254e-05
4.76253e-05
6.14536e-05
8.48538e-05
0.000106507
0.000108578
9.90922e-05
8.56134e-05
7.0624e-05
5.56778e-05
4.21975e-05
3.27126e-05
3.16367e-05
3.97443e-05
5.36052e-05
7.02186e-05
8.66651e-05
9.80772e-05
0.00010056
9.9015e-05
0.000107907
0.000118639
0.000105539
7.08855e-05
5.08755e-05
9.15338e-05
0.000139769
0.000154053
0.000132934
9.56885e-05
6.33242e-05
4.84544e-05
4.57873e-05
4.62117e-05
4.91092e-05
5.92298e-05
7.61091e-05
9.34758e-05
0.000108055
0.000121544
0.000136444
0.000150242
0.00015711
0.000152701
0.000137477
0.000115887
9.32648e-05
7.33179e-05
5.75559e-05
4.58614e-05
3.73479e-05
3.10872e-05
2.63829e-05
2.26472e-05
1.94625e-05
1.66935e-05
1.4409e-05
1.2815e-05
1.20771e-05
1.21313e-05
1.26938e-05
1.34273e-05
1.40621e-05
1.4432e-05
1.4467e-05
1.41749e-05
1.36226e-05
1.292e-05
1.22017e-05
1.1607e-05
1.12434e-05
1.11512e-05
1.12895e-05
1.15578e-05
1.18374e-05
1.20255e-05
1.2045e-05
1.18337e-05
1.13238e-05
1.04286e-05
9.05627e-06
7.1671e-06
4.87802e-06
2.76235e-06
2.68683e-06
4.3847e-06
5.99877e-06
6.97957e-06
7.76539e-06
7.95135e-06
8.63722e-06
0.00018583
4.05418e-05
1.049e-05
1.75657e-05
2.99771e-05
3.53383e-05
3.88664e-05
4.57601e-05
4.8142e-05
3.5572e-05
2.65696e-05
4.18712e-05
7.07584e-05
8.99725e-05
8.83486e-05
7.74492e-05
6.45379e-05
5.14061e-05
3.86834e-05
2.62393e-05
1.39698e-05
4.23648e-06
1.26965e-05
2.5586e-05
4.11506e-05
6.04472e-05
8.05246e-05
9.31912e-05
9.28065e-05
9.1416e-05
0.000100852
0.000106571
9.269e-05
8.40398e-05
0.00010495
0.000129379
0.000128261
0.000103941
7.52261e-05
5.77711e-05
5.26085e-05
5.25261e-05
5.32325e-05
5.55043e-05
6.35437e-05
7.68906e-05
8.99752e-05
9.95302e-05
0.00010752
0.000117515
0.000128276
0.000134683
0.000131954
0.000119324
0.000100646
8.10132e-05
6.39999e-05
5.08896e-05
4.13325e-05
3.43649e-05
2.90831e-05
2.48508e-05
2.12944e-05
1.82409e-05
1.5593e-05
1.32642e-05
1.11955e-05
9.36847e-06
7.81903e-06
6.60708e-06
5.77417e-06
5.30091e-06
5.08232e-06
4.96937e-06
4.84073e-06
4.64206e-06
4.38685e-06
4.13743e-06
3.97566e-06
3.97542e-06
4.17927e-06
4.5893e-06
5.17262e-06
5.87567e-06
6.64268e-06
7.43187e-06
8.22086e-06
8.9949e-06
9.72161e-06
1.03225e-05
1.06647e-05
1.05819e-05
9.9449e-06
8.71065e-06
6.99954e-06
4.99376e-06
3.01875e-06
1.21277e-06
4.21192e-07
1.2439e-06
0.00017051
3.88983e-05
2.24253e-05
1.43399e-05
1.87054e-05
2.64992e-05
3.39276e-05
4.34571e-05
5.0358e-05
4.25994e-05
2.71574e-05
3.55074e-05
6.31177e-05
7.8167e-05
7.35335e-05
6.18862e-05
5.01624e-05
3.98136e-05
3.09137e-05
2.25848e-05
1.49223e-05
1.13415e-05
1.54355e-05
2.3416e-05
3.35714e-05
4.80944e-05
6.84393e-05
8.86798e-05
9.76473e-05
9.50259e-05
9.63712e-05
0.000103727
0.000108497
0.000108864
0.000119379
0.000128422
0.000119636
9.67139e-05
7.4545e-05
6.20271e-05
5.79057e-05
5.77644e-05
5.83745e-05
6.04638e-05
6.6159e-05
7.45563e-05
8.29085e-05
8.86317e-05
9.33464e-05
0.000100312
0.000109249
0.000115624
0.000114264
0.000103758
8.75549e-05
7.06297e-05
5.633e-05
4.55736e-05
3.77452e-05
3.18695e-05
2.72223e-05
2.33927e-05
2.01434e-05
1.73173e-05
1.48117e-05
1.25764e-05
1.05982e-05
8.87357e-06
7.3916e-06
6.13389e-06
5.07999e-06
4.20895e-06
3.49949e-06
2.92755e-06
2.46602e-06
2.08948e-06
1.7812e-06
1.53668e-06
1.36028e-06
1.25869e-06
1.23666e-06
1.29314e-06
1.41611e-06
1.58253e-06
1.76667e-06
1.95027e-06
2.12844e-06
2.30854e-06
2.50342e-06
2.71972e-06
2.94555e-06
3.13157e-06
3.19825e-06
3.04631e-06
2.65314e-06
2.01618e-06
1.37917e-06
7.77508e-07
9.90043e-07
1.36346e-06
0.000145795
5.01993e-05
3.66789e-05
1.91924e-05
5.33253e-06
1.95496e-05
3.26096e-05
4.50475e-05
5.55993e-05
5.46183e-05
4.31269e-05
4.37009e-05
6.34827e-05
7.3758e-05
6.66791e-05
5.39975e-05
4.28964e-05
3.45378e-05
2.8455e-05
2.3513e-05
2.00593e-05
1.97144e-05
2.28664e-05
2.88655e-05
3.68392e-05
4.75855e-05
6.42539e-05
8.49963e-05
0.000100061
0.000101472
0.000101273
0.000103664
0.000113632
0.000122561
0.000129447
0.00013091
0.000118824
9.7299e-05
7.7341e-05
6.52111e-05
6.06863e-05
6.0009e-05
6.0179e-05
6.13192e-05
6.36445e-05
6.77009e-05
7.24142e-05
7.58698e-05
7.92697e-05
8.50508e-05
9.33295e-05
0.000100261
0.000100025
9.08885e-05
7.65224e-05
6.19401e-05
5.00706e-05
4.1305e-05
3.48069e-05
2.97127e-05
2.55075e-05
2.19296e-05
1.88318e-05
1.61221e-05
1.37396e-05
1.16413e-05
9.79736e-06
8.18881e-06
6.80367e-06
5.6308e-06
4.6545e-06
3.85278e-06
3.19723e-06
2.65781e-06
2.20758e-06
1.8279e-06
1.51221e-06
1.26567e-06
1.09941e-06
1.01977e-06
1.01831e-06
1.07104e-06
1.14625e-06
1.21229e-06
1.24263e-06
1.21933e-06
1.13527e-06
9.95669e-07
8.21865e-07
6.59069e-07
5.91357e-07
6.85005e-07
8.94763e-07
1.10171e-06
1.24532e-06
1.22454e-06
1.16854e-06
9.35611e-07
1.04641e-06
1.14829e-06
0.000118812
6.49655e-05
5.1681e-05
3.06629e-05
9.47845e-06
2.04584e-05
3.70292e-05
5.15317e-05
6.38116e-05
6.71726e-05
5.93261e-05
5.59758e-05
6.8066e-05
7.45133e-05
6.59409e-05
5.19704e-05
4.03856e-05
3.24677e-05
2.71264e-05
2.358e-05
2.2076e-05
2.32046e-05
2.64785e-05
3.17743e-05
3.90196e-05
4.82543e-05
6.26612e-05
8.2385e-05
9.92227e-05
0.000103989
0.000102753
0.000104736
0.000110961
0.000124656
0.000132388
0.000131041
0.000118143
9.77382e-05
7.83456e-05
6.58515e-05
6.06723e-05
5.9041e-05
5.80986e-05
5.70595e-05
5.63392e-05
5.75171e-05
6.01974e-05
6.28289e-05
6.60969e-05
7.18116e-05
8.07248e-05
8.86114e-05
8.87717e-05
8.00805e-05
6.70346e-05
5.45508e-05
4.48064e-05
3.76021e-05
3.20357e-05
2.74588e-05
2.35624e-05
2.02038e-05
1.72903e-05
1.47438e-05
1.25007e-05
1.05188e-05
8.77827e-06
7.27248e-06
5.99606e-06
4.93699e-06
4.07229e-06
3.37013e-06
2.79671e-06
2.32157e-06
1.92288e-06
1.5901e-06
1.32312e-06
1.12702e-06
1.00354e-06
9.44841e-07
9.35329e-07
9.57626e-07
9.9494e-07
1.03084e-06
1.05033e-06
1.04162e-06
9.9732e-07
9.15678e-07
8.0643e-07
7.0313e-07
6.73701e-07
7.60365e-07
9.22599e-07
1.07107e-06
1.18178e-06
1.18503e-06
1.18783e-06
1.00417e-06
1.12027e-06
1.05598e-06
9.51127e-05
7.61837e-05
6.42551e-05
4.23334e-05
2.14255e-05
2.91814e-05
4.60676e-05
6.0463e-05
7.2684e-05
7.76178e-05
7.19299e-05
6.66006e-05
7.29069e-05
7.66287e-05
6.77273e-05
5.29099e-05
4.01432e-05
3.14016e-05
2.55261e-05
2.18902e-05
2.04844e-05
2.22569e-05
2.62165e-05
3.18465e-05
3.90277e-05
4.7394e-05
6.0256e-05
7.89509e-05
9.59602e-05
0.000102541
0.000100004
0.000101046
0.000104943
0.000117522
0.000128222
0.0001272
0.000115022
9.59729e-05
7.71795e-05
6.44069e-05
5.83257e-05
5.54893e-05
5.30521e-05
4.99409e-05
4.70759e-05
4.64361e-05
4.81534e-05
5.0807e-05
5.44889e-05
6.10843e-05
7.16513e-05
8.0081e-05
7.94876e-05
7.05364e-05
5.8645e-05
4.814e-05
4.01872e-05
3.41514e-05
2.92579e-05
2.51004e-05
2.15136e-05
1.84084e-05
1.57075e-05
1.33416e-05
1.12581e-05
9.42384e-06
7.82102e-06
6.43957e-06
5.27003e-06
4.29877e-06
3.50746e-06
2.87168e-06
2.36291e-06
1.95275e-06
1.61834e-06
1.34583e-06
1.12996e-06
9.69375e-07
8.60701e-07
7.96269e-07
7.66506e-07
7.6205e-07
7.72733e-07
7.8669e-07
7.92163e-07
7.80386e-07
7.47863e-07
6.97972e-07
6.44729e-07
6.15927e-07
6.48384e-07
7.51602e-07
9.03466e-07
1.04966e-06
1.17636e-06
1.21131e-06
1.24181e-06
1.08668e-06
1.20189e-06
1.02976e-06
7.71308e-05
7.85161e-05
6.92005e-05
4.70247e-05
2.02774e-05
3.03635e-05
5.48223e-05
7.07463e-05
8.06252e-05
8.4963e-05
8.03969e-05
7.41059e-05
7.61277e-05
7.77636e-05
6.94241e-05
5.45612e-05
4.06157e-05
3.05707e-05
2.37533e-05
1.93015e-05
1.72789e-05
1.90635e-05
2.35196e-05
2.98308e-05
3.72956e-05
4.50675e-05
5.68105e-05
7.45269e-05
9.08263e-05
9.75919e-05
9.47004e-05
9.30816e-05
9.65541e-05
0.000105703
0.000118405
0.00011989
0.000109529
9.22419e-05
7.44378e-05
6.15394e-05
5.44664e-05
5.03876e-05
4.65786e-05
4.20247e-05
3.7836e-05
3.61784e-05
3.75588e-05
4.05007e-05
4.48415e-05
5.34234e-05
6.58769e-05
7.35336e-05
7.11373e-05
6.17744e-05
5.11861e-05
4.253e-05
3.60005e-05
3.08265e-05
2.64697e-05
2.27098e-05
1.94543e-05
1.66325e-05
1.41743e-05
1.2018e-05
1.01181e-05
8.44669e-06
6.98897e-06
5.73661e-06
4.6808e-06
3.80829e-06
3.1001e-06
2.53281e-06
2.08087e-06
1.72002e-06
1.42969e-06
1.19484e-06
1.0062e-06
8.58359e-07
7.47305e-07
6.69028e-07
6.19261e-07
5.92723e-07
5.81965e-07
5.77756e-07
5.71401e-07
5.57153e-07
5.34025e-07
5.07355e-07
4.91881e-07
5.10005e-07
5.80776e-07
6.97149e-07
8.40331e-07
9.71832e-07
1.08973e-06
1.13389e-06
1.18758e-06
1.07325e-06
1.20789e-06
9.98722e-07
6.16845e-05
6.71001e-05
6.35611e-05
4.82395e-05
2.41096e-05
1.85266e-05
4.8911e-05
7.50975e-05
8.77826e-05
8.98709e-05
8.51854e-05
7.85288e-05
7.73858e-05
7.72032e-05
6.97818e-05
5.58003e-05
4.12525e-05
2.99212e-05
2.20027e-05
1.65776e-05
1.39581e-05
1.55674e-05
2.01951e-05
2.70118e-05
3.45731e-05
4.16967e-05
5.26269e-05
6.9495e-05
8.46614e-05
9.04791e-05
8.7381e-05
8.35868e-05
8.62027e-05
9.28682e-05
0.000105143
0.000110035
0.000102433
8.72654e-05
7.0746e-05
5.78808e-05
4.98998e-05
4.47002e-05
3.98612e-05
3.44736e-05
2.95788e-05
2.74085e-05
2.87333e-05
3.19481e-05
3.76003e-05
4.92333e-05
6.24306e-05
6.76796e-05
6.30795e-05
5.36986e-05
4.46289e-05
3.75852e-05
3.21403e-05
2.76424e-05
2.37763e-05
2.04254e-05
1.75212e-05
1.49964e-05
1.27866e-05
1.08399e-05
9.12127e-06
7.61065e-06
6.29677e-06
5.171e-06
4.22252e-06
3.43637e-06
2.79388e-06
2.27471e-06
1.85834e-06
1.52511e-06
1.2578e-06
1.04256e-06
8.69491e-07
7.32341e-07
6.27366e-07
5.51871e-07
5.02883e-07
4.75887e-07
4.64151e-07
4.59514e-07
4.54442e-07
4.44207e-07
4.28968e-07
4.15497e-07
4.18537e-07
4.54694e-07
5.32368e-07
6.40914e-07
7.67666e-07
8.84829e-07
9.96734e-07
1.05044e-06
1.12215e-06
1.03913e-06
1.1852e-06
9.64421e-07
4.97757e-05
4.57395e-05
5.51235e-05
6.14414e-05
6.44008e-05
6.38869e-05
6.23787e-05
6.93181e-05
8.51899e-05
9.25075e-05
8.72557e-05
8.02202e-05
7.68994e-05
7.50952e-05
6.85291e-05
5.60858e-05
4.18091e-05
2.96061e-05
2.05809e-05
1.42087e-05
1.09434e-05
1.22395e-05
1.69716e-05
2.41328e-05
3.14489e-05
3.775e-05
4.81742e-05
6.43313e-05
7.8023e-05
8.23412e-05
7.88441e-05
7.40529e-05
7.52502e-05
8.0738e-05
9.08281e-05
9.85101e-05
9.43979e-05
8.16922e-05
6.66341e-05
5.39815e-05
4.5275e-05
3.91432e-05
3.35853e-05
2.77622e-05
2.24774e-05
2.0059e-05
2.14222e-05
2.5145e-05
3.36086e-05
4.81023e-05
5.98164e-05
6.15916e-05
5.51987e-05
4.64357e-05
3.89464e-05
3.32082e-05
2.85997e-05
2.46834e-05
2.12895e-05
1.83422e-05
1.5778e-05
1.3534e-05
1.15565e-05
9.80601e-06
8.25726e-06
6.89519e-06
5.71034e-06
4.6943e-06
3.83676e-06
3.12427e-06
2.54091e-06
2.06893e-06
1.69018e-06
1.3873e-06
1.14479e-06
9.498e-07
7.92633e-07
6.66834e-07
5.6856e-07
4.95362e-07
4.44767e-07
4.13048e-07
3.94872e-07
3.84173e-07
3.75865e-07
3.6749e-07
3.60742e-07
3.62195e-07
3.82815e-07
4.31555e-07
5.10338e-07
6.08429e-07
7.16602e-07
8.13493e-07
9.0847e-07
9.5773e-07
1.03438e-06
9.73587e-07
1.12857e-06
9.17388e-07
4.85309e-05
3.65699e-05
5.41406e-05
7.06438e-05
8.54911e-05
9.77609e-05
0.00010347
9.86573e-05
8.69222e-05
8.44308e-05
8.58683e-05
7.96362e-05
7.49253e-05
7.1834e-05
6.59141e-05
5.5247e-05
4.20492e-05
2.96585e-05
1.97455e-05
1.23498e-05
8.00102e-06
8.92657e-06
1.40191e-05
2.14987e-05
2.82036e-05
3.35729e-05
4.38794e-05
5.93955e-05
7.13184e-05
7.38978e-05
6.99209e-05
6.50722e-05
6.49807e-05
6.9685e-05
7.72554e-05
8.60708e-05
8.5739e-05
7.59163e-05
6.24744e-05
5.02029e-05
4.0972e-05
3.40794e-05
2.79907e-05
2.18787e-05
1.63287e-05
1.37861e-05
1.53307e-05
2.0881e-05
3.3414e-05
4.85176e-05
5.66819e-05
5.49743e-05
4.77359e-05
4.01106e-05
3.40612e-05
2.93384e-05
2.5409e-05
2.20182e-05
1.90679e-05
1.64946e-05
1.42385e-05
1.22465e-05
1.04774e-05
8.9031e-06
7.50592e-06
6.27507e-06
5.20291e-06
4.28179e-06
3.50209e-06
2.85163e-06
2.31627e-06
1.881e-06
1.5308e-06
1.25128e-06
1.02865e-06
8.50737e-07
7.07802e-07
5.93169e-07
5.02933e-07
4.34872e-07
3.8697e-07
3.5625e-07
3.38493e-07
3.28919e-07
3.23615e-07
3.20881e-07
3.22519e-07
3.33837e-07
3.62382e-07
4.12682e-07
4.84483e-07
5.68998e-07
6.60536e-07
7.42683e-07
8.26952e-07
8.74736e-07
9.5416e-07
9.0938e-07
1.06594e-06
8.67925e-07
7.77618e-05
6.32269e-05
6.28057e-05
6.96805e-05
8.30718e-05
9.87426e-05
0.000112883
0.000120847
0.000116953
9.38461e-05
7.61715e-05
7.52353e-05
7.16094e-05
6.77929e-05
6.23767e-05
5.34383e-05
4.18454e-05
3.00398e-05
1.98002e-05
1.15294e-05
5.47854e-06
5.56398e-06
1.14598e-05
1.92682e-05
2.49134e-05
2.94259e-05
4.00712e-05
5.49024e-05
6.48063e-05
6.56345e-05
6.1284e-05
5.69138e-05
5.61303e-05
6.00432e-05
6.56053e-05
7.37096e-05
7.67387e-05
7.0269e-05
5.87361e-05
4.70653e-05
3.75391e-05
3.0049e-05
2.35033e-05
1.70986e-05
1.12331e-05
8.29307e-06
1.09209e-05
2.05714e-05
3.58173e-05
4.86341e-05
5.24267e-05
4.81625e-05
4.10695e-05
3.47697e-05
2.98933e-05
2.59564e-05
2.25986e-05
1.96769e-05
1.7122e-05
1.48759e-05
1.28867e-05
1.11133e-05
9.52634e-06
8.10695e-06
6.8431e-06
5.727e-06
4.75241e-06
3.91262e-06
3.19927e-06
2.60211e-06
2.10947e-06
1.70912e-06
1.38828e-06
1.13402e-06
9.33663e-07
7.75374e-07
6.49215e-07
5.48054e-07
4.676e-07
4.05557e-07
3.60239e-07
3.29425e-07
3.10046e-07
2.98718e-07
2.92964e-07
2.9212e-07
2.98171e-07
3.15063e-07
3.47456e-07
3.97095e-07
4.62646e-07
5.36402e-07
6.14074e-07
6.82074e-07
7.53164e-07
7.94289e-07
8.70527e-07
8.36374e-07
9.9164e-07
8.11781e-07
)
;

boundaryField
{
    outlet
    {
        type            zeroGradient;
    }
    inlet
    {
        type            zeroGradient;
    }
    lowerWall
    {
        type            zeroGradient;
    }
    upperWall
    {
        type            zeroGradient;
    }
    frontAndBack
    {
        type            empty;
    }
}


// ************************************************************************* //
