/*--------------------------------*- C++ -*----------------------------------*\
| =========                 |                                                 |
| \\      /  F ield         | OpenFOAM: The Open Source CFD Toolbox           |
|  \\    /   O peration     | Version:  2.1.1                                 |
|   \\  /    A nd           | Web:      www.OpenFOAM.org                      |
|    \\/     M anipulation  |                                                 |
\*---------------------------------------------------------------------------*/
FoamFile
{
    version     2.0;
    format      ascii;
    class       volScalarField;
    location    "0.08";
    object      p;
}
// * * * * * * * * * * * * * * * * * * * * * * * * * * * * * * * * * * * * * //

dimensions      [0 2 -2 0 0 0 0];

internalField   nonuniform List<scalar> 
6820
(
8.01821
-9.81868
-12.8305
-13.022
-13.2
-13.1332
-13.0842
-13.1058
-13.1637
-13.2427
-13.3347
-13.4344
-13.5398
-13.6498
-13.7642
-13.8829
-14.006
-14.1338
-14.2664
-14.4042
-14.5475
-14.6969
-14.8524
-15.0146
-15.1842
-15.3608
-15.5451
-15.7365
-15.9359
-16.1392
-16.3541
-16.5489
-16.7962
1.33759
-9.6369
-12.5187
-12.8232
-13.0813
-13.1105
-13.0981
-13.1309
-13.1905
-13.2665
-13.3544
-13.4504
-13.5526
-13.6602
-13.7726
-13.8899
-14.0119
-14.1388
-14.2707
-14.408
-14.5509
-14.6994
-14.8547
-15.0163
-15.186
-15.3624
-15.5465
-15.738
-15.9376
-16.1434
-16.3621
-16.5813
-16.8821
-1.37619
-8.20559
-11.4971
-12.2598
-12.7336
-12.9377
-13.0041
-13.0696
-13.1484
-13.2367
-13.3331
-13.4356
-13.5426
-13.6536
-13.7683
-13.8869
-14.0096
-14.1366
-14.2682
-14.4049
-14.5468
-14.6945
-14.8486
-15.0094
-15.176
-15.3509
-15.5336
-15.7237
-15.9227
-16.1294
-16.3512
-16.5814
-16.8677
-3.36071
-7.97741
-11.0744
-11.9384
-12.4162
-12.6995
-12.8361
-12.9457
-13.0555
-13.1642
-13.2733
-13.3842
-13.4971
-13.6126
-13.7309
-13.8522
-13.9768
-14.105
-14.2373
-14.374
-14.5154
-14.6618
-14.8138
-14.9716
-15.1354
-15.306
-15.4834
-15.6679
-15.8618
-16.0651
-16.2845
-16.5219
-16.8125
-4.99523
-8.07685
-10.6815
-11.5898
-12.1034
-12.466
-12.6728
-12.822
-12.9564
-13.0816
-13.2022
-13.3217
-13.4409
-13.5608
-13.6821
-13.8054
-13.9311
-14.0596
-14.1912
-14.3263
-14.4652
-14.6083
-14.7559
-14.9084
-15.0657
-15.2283
-15.3963
-15.5705
-15.7518
-15.942
-16.1466
-16.3694
-16.6325
-6.21668
-8.25659
-10.4295
-11.3784
-11.911
-12.3007
-12.5424
-12.7143
-12.8646
-13.0023
-13.132
-13.2581
-13.3826
-13.5064
-13.6304
-13.7552
-13.8815
-14.0096
-14.14
-14.273
-14.4089
-14.5478
-14.6901
-14.8359
-14.9853
-15.1386
-15.2966
-15.4593
-15.6269
-15.801
-15.9854
-16.1831
-16.4064
-7.16596
-8.54159
-10.3106
-11.2222
-11.7424
-12.1403
-12.412
-12.6092
-12.7773
-12.9281
-13.0673
-13.2
-13.3291
-13.4561
-13.5821
-13.7081
-13.8347
-13.9624
-14.0915
-14.2223
-14.3551
-14.4901
-14.6274
-14.7671
-14.9093
-15.0543
-15.202
-15.3523
-15.5054
-15.6622
-15.8247
-15.9942
-16.1747
-7.91027
-8.84606
-10.2577
-11.1046
-11.6132
-12.0125
-12.3028
-12.517
-12.6968
-12.8567
-13.0029
-13.1408
-13.2739
-13.4038
-13.5319
-13.659
-13.7859
-13.9131
-14.0409
-14.1695
-14.2993
-14.4302
-14.5625
-14.696
-14.8308
-14.9667
-15.1036
-15.2413
-15.3798
-15.519
-15.6591
-15.7997
-15.9397
-8.50054
-9.14771
-10.2658
-11.0324
-11.5184
-11.9058
-12.2023
-12.4278
-12.6172
-12.7854
-12.9385
-13.0818
-13.2188
-13.3516
-13.4815
-13.6095
-13.7365
-13.8629
-13.9891
-14.1154
-14.2419
-14.3686
-14.4957
-14.6229
-14.7501
-14.8772
-15.0037
-15.1291
-15.253
-15.3745
-15.4926
-15.6054
-15.7092
-8.97461
-9.4309
-10.3115
-10.9892
-11.4461
-11.8175
-12.1145
-12.3476
-12.5441
-12.7184
-12.8766
-13.0239
-13.1639
-13.2988
-13.43
-13.5586
-13.6854
-13.8109
-13.9354
-14.0592
-14.1823
-14.3048
-14.4266
-14.5476
-14.6673
-14.7855
-14.9017
-15.0149
-15.1244
-15.2288
-15.3262
-15.4141
-15.4873
-9.35936
-9.68792
-10.3809
-10.9714
-11.3956
-11.7475
-12.0388
-12.2743
-12.4747
-12.653
-12.8152
-12.9659
-13.1085
-13.2454
-13.3778
-13.5068
-13.6333
-13.7577
-13.8804
-14.0016
-14.1213
-14.2394
-14.356
-14.4707
-14.583
-14.6926
-14.7986
-14.9002
-14.9962
-15.0848
-15.1638
-15.2303
-15.2788
-9.67442
-9.91638
-10.4631
-10.9719
-11.361
-11.6911
-11.973
-12.2077
-12.4099
-12.5909
-12.7559
-12.9092
-13.0538
-13.192
-13.3251
-13.4543
-13.5802
-13.7033
-13.824
-13.9424
-14.0586
-14.1725
-14.2838
-14.3923
-14.4975
-14.5988
-14.6953
-14.786
-14.8695
-14.944
-15.0071
-15.0559
-15.0854
-9.93411
-10.1164
-10.55
-10.9855
-11.3391
-11.6468
-11.9168
-12.1478
-12.3496
-12.5315
-12.6982
-12.8531
-12.9991
-13.1382
-13.2719
-13.4009
-13.5261
-13.6479
-13.7665
-13.8822
-13.9949
-14.1044
-14.2107
-14.3132
-14.4115
-14.5049
-14.5926
-14.6733
-14.7457
-14.808
-14.8578
-14.8926
-14.9082
-10.149
-10.2893
-10.636
-11.0075
-11.3267
-11.6119
-11.8684
-12.0935
-12.2934
-12.475
-12.6422
-12.7981
-12.945
-13.0847
-13.2185
-13.3472
-13.4714
-13.5917
-13.7082
-13.821
-13.9302
-14.0356
-14.1369
-14.2337
-14.3255
-14.4116
-14.4911
-14.563
-14.6257
-14.6777
-14.7169
-14.7412
-14.7471
-10.3268
-10.4371
-10.7171
-11.0339
-11.3207
-11.5842
-11.8266
-12.0445
-12.241
-12.4212
-12.5882
-12.7443
-12.8915
-13.0313
-13.1649
-13.2931
-13.4163
-13.5349
-13.6492
-13.7593
-13.8651
-13.9664
-14.063
-14.1544
-14.2402
-14.3197
-14.3919
-14.456
-14.5105
-14.5542
-14.5852
-14.602
-14.6017
-10.4736
-10.562
-10.7907
-11.0617
-11.3188
-11.5617
-11.79
-11.9997
-12.1919
-12.3698
-12.5358
-12.6916
-12.8387
-12.9784
-13.1116
-13.2389
-13.3609
-13.4779
-13.59
-13.6973
-13.7998
-13.8972
-13.9893
-14.0758
-14.1561
-14.2295
-14.2954
-14.3528
-14.4006
-14.4377
-14.4627
-14.4744
-14.4708
-10.5936
-10.6658
-10.8551
-11.0881
-11.3187
-11.5425
-11.7572
-11.9584
-12.1456
-12.3207
-12.4851
-12.6401
-12.7867
-12.9259
-13.0585
-13.185
-13.3057
-13.4209
-13.5309
-13.6355
-13.7348
-13.8286
-13.9166
-13.9985
-14.0738
-14.142
-14.2024
-14.2542
-14.2967
-14.3288
-14.3496
-14.3582
-14.3534
-10.6902
-10.7502
-10.9092
-11.1111
-11.3184
-11.5249
-11.7269
-11.9196
-12.1016
-12.2734
-12.4359
-12.5898
-12.7356
-12.8742
-13.006
-13.1314
-13.2508
-13.3643
-13.4721
-13.5741
-13.6704
-13.7607
-13.8449
-13.9227
-13.9935
-14.0571
-14.1129
-14.1602
-14.1984
-14.2269
-14.245
-14.2521
-14.2476
-10.7658
-10.8166
-10.9522
-11.1289
-11.3162
-11.5074
-11.6978
-11.8825
-12.0592
-12.2277
-12.3881
-12.5406
-12.6855
-12.8233
-12.9542
-13.0786
-13.1966
-13.3085
-13.4142
-13.5139
-13.6073
-13.6945
-13.7753
-13.8493
-13.9164
-13.976
-14.0279
-14.0717
-14.1067
-14.1327
-14.1492
-14.1561
-14.1529
-10.8223
-10.8662
-10.9837
-11.1402
-11.3108
-11.4886
-11.6688
-11.8461
-12.0179
-12.1831
-12.3414
-12.4925
-12.6364
-12.7733
-12.9033
-13.0266
-13.1433
-13.2535
-13.3573
-13.4546
-13.5455
-13.6298
-13.7074
-13.7781
-13.8418
-13.8981
-13.9468
-13.9876
-14.0203
-14.0446
-14.0604
-14.0677
-14.0664
-10.8609
-10.8995
-11.0033
-11.1438
-11.3006
-11.4673
-11.6387
-11.8096
-11.977
-12.1393
-12.2957
-12.4455
-12.5885
-12.7246
-12.8538
-12.9762
-13.0917
-13.2004
-13.3024
-13.3977
-13.4862
-13.568
-13.6428
-13.7107
-13.7715
-13.8251
-13.8712
-13.9099
-13.9409
-13.9642
-13.98
-13.9882
-13.9891
-10.8826
-10.9172
-11.0106
-11.1388
-11.2847
-11.4423
-11.6065
-11.7721
-11.9358
-12.0958
-12.2505
-12.3993
-12.5416
-12.677
-12.8054
-12.9268
-13.0412
-13.1485
-13.2489
-13.3422
-13.4285
-13.5079
-13.5802
-13.6456
-13.7038
-13.755
-13.799
-13.8359
-13.8656
-13.8884
-13.9043
-13.9137
-13.9169
-10.8876
-10.9193
-11.0051
-11.1243
-11.2619
-11.4126
-11.5714
-11.733
-11.8941
-12.0524
-12.2062
-12.3544
-12.4963
-12.6314
-12.7594
-12.8803
-12.9938
-13.1
-13.1989
-13.2906
-13.3752
-13.4525
-13.5227
-13.5859
-13.6421
-13.6913
-13.7336
-13.7692
-13.7981
-13.8207
-13.837
-13.8476
-13.8528
-10.876
-10.9057
-10.9864
-11.0992
-11.2311
-11.3772
-11.5323
-11.6914
-11.8509
-12.0083
-12.1617
-12.3098
-12.4516
-12.5866
-12.7144
-12.8347
-12.9474
-13.0526
-13.1502
-13.2404
-13.3231
-13.3986
-13.4668
-13.528
-13.5822
-13.6296
-13.6704
-13.7048
-13.733
-13.7553
-13.772
-13.7836
-13.7906
-10.8475
-10.8761
-10.9536
-11.0628
-11.1915
-11.3351
-11.4887
-11.6471
-11.8066
-11.9644
-12.1185
-12.2674
-12.41
-12.5456
-12.6737
-12.794
-12.9065
-13.0111
-13.1078
-13.1968
-13.2782
-13.3521
-13.4187
-13.4782
-13.5308
-13.5768
-13.6163
-13.6497
-13.6773
-13.6994
-13.7164
-13.7289
-13.7371
-10.8013
-10.8294
-10.9059
-11.0139
-11.1418
-11.2852
-11.4392
-11.5984
-11.7591
-11.9183
-12.0739
-12.2241
-12.3678
-12.5042
-12.6328
-12.7533
-12.8656
-12.9696
-13.0654
-13.1532
-13.2332
-13.3056
-13.3706
-13.4284
-13.4794
-13.5238
-13.562
-13.5944
-13.6212
-13.6429
-13.6599
-13.6727
-13.6819
-10.7362
-10.7646
-10.842
-10.9515
-11.0815
-11.2276
-11.3846
-11.5473
-11.7115
-11.8741
-12.0329
-12.186
-12.3322
-12.4705
-12.6005
-12.7219
-12.8346
-12.9386
-13.034
-13.1211
-13.2
-13.2711
-13.3347
-13.3911
-13.4406
-13.4837
-13.5207
-13.552
-13.5779
-13.5991
-13.6158
-13.6286
-13.6379
-10.6504
-10.6799
-10.7602
-10.8736
-11.008
-11.1589
-11.3208
-11.4884
-11.6573
-11.8243
-11.987
-12.1435
-12.2925
-12.4331
-12.5648
-12.6873
-12.8005
-12.9045
-12.9996
-13.0859
-13.1637
-13.2335
-13.2956
-13.3504
-13.3983
-13.4398
-13.4753
-13.5052
-13.5301
-13.5502
-13.5663
-13.5787
-13.5879
-10.5416
-10.5732
-10.6591
-10.7801
-10.9232
-11.0832
-11.2545
-11.4311
-11.6083
-11.7828
-11.952
-12.114
-12.2674
-12.4116
-12.5459
-12.6703
-12.7846
-12.8891
-12.9841
-13.0698
-13.1468
-13.2153
-13.276
-13.3293
-13.3756
-13.4154
-13.4493
-13.4777
-13.501
-13.5199
-13.5347
-13.546
-13.554
-10.4063
-10.4407
-10.5342
-10.6652
-10.8186
-10.9892
-11.171
-11.3575
-11.5439
-11.7268
-11.9035
-12.0719
-12.2307
-12.3791
-12.5168
-12.6435
-12.7593
-12.8646
-12.9596
-13.0449
-13.1209
-13.1882
-13.2474
-13.2989
-13.3433
-13.3812
-13.4131
-13.4395
-13.4611
-13.4782
-13.4915
-13.5014
-13.5083
-10.2404
-10.28
-10.3871
-10.5358
-10.7081
-10.8975
-11.0972
-11.2999
-11.5005
-11.6955
-11.8822
-12.0589
-12.2243
-12.3779
-12.5192
-12.6485
-12.766
-12.872
-12.967
-13.0517
-13.1266
-13.1924
-13.2497
-13.2991
-13.3413
-13.3769
-13.4064
-13.4304
-13.4495
-13.4642
-13.4749
-13.4823
-13.4866
-10.0365
-10.0809
-10.2018
-10.3676
-10.5572
-10.7649
-10.983
-11.2035
-11.4206
-11.6304
-11.8301
-12.0177
-12.1921
-12.3528
-12.4996
-12.6328
-12.7528
-12.8602
-12.9557
-13.04
-13.1138
-13.1781
-13.2334
-13.2806
-13.3203
-13.3532
-13.38
-13.4012
-13.4176
-13.4296
-13.4378
-13.4429
-13.4451
-9.78975
-9.84868
-10.0022
-10.2058
-10.431
-10.6707
-10.9169
-11.1609
-11.3975
-11.6234
-11.8362
-12.0342
-12.2168
-12.3836
-12.535
-12.6711
-12.7928
-12.9009
-12.996
-13.0792
-13.1513
-13.2132
-13.2657
-13.3098
-13.3461
-13.3754
-13.3984
-13.4158
-13.4281
-13.4361
-13.4401
-13.4408
-13.4385
-9.47793
-9.53929
-9.71278
-9.94287
-10.1985
-10.473
-10.7547
-11.0319
-11.2982
-11.5498
-11.784
-11.9994
-12.1956
-12.3727
-12.5315
-12.6727
-12.7975
-12.9069
-13.0022
-13.0845
-13.155
-13.2146
-13.2644
-13.3054
-13.3383
-13.3641
-13.3834
-13.397
-13.4056
-13.4098
-13.4101
-13.4074
-13.4019
-9.11143
-9.22799
-9.48692
-9.78811
-10.0948
-10.4097
-10.7242
-11.0277
-11.3156
-11.5853
-11.8346
-12.0623
-12.2682
-12.4528
-12.6168
-12.7613
-12.8876
-12.997
-13.0909
-13.1707
-13.2377
-13.2932
-13.3382
-13.3739
-13.4013
-13.4212
-13.4344
-13.4418
-13.4439
-13.4415
-13.4352
-13.4255
-13.4132
-8.5779
-8.66832
-8.96486
-9.33372
-9.72108
-10.1194
-10.5083
-10.8737
-11.2121
-11.5215
-11.8009
-12.0509
-12.2728
-12.4684
-12.6395
-12.7883
-12.9166
-13.0264
-13.1194
-13.1973
-13.2617
-13.314
-13.3554
-13.3873
-13.4105
-13.426
-13.4347
-13.4373
-13.4345
-13.4269
-13.4153
-13.4005
-13.3832
-8.07901
-8.40078
-8.86692
-9.28321
-9.69003
-10.1145
-10.5282
-10.9178
-11.2814
-11.6155
-11.9171
-12.1858
-12.4224
-12.6285
-12.8063
-12.958
-13.0862
-13.1932
-13.2814
-13.3529
-13.4097
-13.4536
-13.486
-13.5085
-13.5222
-13.5281
-13.5271
-13.5199
-13.5071
-13.4892
-13.4666
-13.4402
-13.4102
-6.77389
-7.09498
-7.86639
-8.56352
-9.19664
-9.79877
-10.3379
-10.8137
-11.2366
-11.6104
-11.9385
-12.2252
-12.4743
-12.6892
-12.8732
-13.0291
-13.1598
-13.2679
-13.3558
-13.4258
-13.4802
-13.5206
-13.549
-13.5667
-13.5751
-13.5752
-13.5679
-13.5539
-13.5333
-13.5065
-13.4729
-13.4338
-13.3849
-6.7595
-7.50393
-8.10691
-8.57177
-9.16911
-9.79922
-10.3853
-10.9299
-11.4264
-11.8645
-12.2432
-12.5659
-12.8371
-13.0616
-13.2448
-13.392
-13.5083
-13.5979
-13.6649
-13.7127
-13.7443
-13.7623
-13.7689
-13.766
-13.755
-13.7372
-13.7136
-13.6846
-13.6504
-13.6099
-13.5606
-13.4995
-13.4124
-0.506676
-5.11437
-6.89737
-7.74634
-8.7462
-9.61915
-10.3156
-10.9182
-11.4433
-11.8913
-12.271
-12.5909
-12.8574
-13.0768
-13.2552
-13.3981
-13.5105
-13.5967
-13.6607
-13.7058
-13.7351
-13.7511
-13.7558
-13.7513
-13.7391
-13.7205
-13.6967
-13.6685
-13.6371
-13.6023
-13.5667
-13.5255
-13.4902
-16.7428
-18.3121
-20.9333
-22.8442
-22.6483
-19.8018
-14.922
-9.4334
-4.8488
-2.12308
-1.54889
-2.92074
-5.93966
-10.3826
-16.3005
-23.6217
-31.8682
-40.2179
-47.7411
-53.6181
-57.2216
-58.2192
-56.4613
-52.1156
-45.6588
-37.4906
-28.0517
-18.5088
-10.4396
-4.54997
-0.552391
2.07443
3.65666
4.26217
3.7995
1.85914
-2.13531
-8.42565
-16.5964
-25.6644
-34.5398
-42.3208
-48.32
-52.0109
-53.0938
-51.4402
-47.2951
-41.2252
-34.0702
-26.8137
-20.2634
-14.8088
-10.4756
-7.12205
-4.57391
-2.67083
-1.27434
-0.268813
0.439378
0.924247
1.24333
1.44081
1.55026
1.59703
1.60015
1.5738
1.52844
1.4717
1.409
1.34408
1.27939
1.21643
1.156
1.09835
1.04342
0.990858
0.940225
0.891048
0.8429
0.795465
0.748567
0.702183
0.656423
0.611489
0.56761
0.525
0.483778
0.443993
0.405508
0.368273
0.331836
0.296467
0.260869
0.227032
0.190144
0.159665
0.115643
0.0991048
0.025149
0.069887
-17.1387
-18.4906
-20.7721
-22.2994
-21.8574
-19.0328
-14.4083
-9.25513
-4.93567
-2.34298
-1.78751
-3.0197
-5.83992
-10.0498
-15.5846
-22.3812
-30.0456
-37.8554
-44.9516
-50.545
-54.0172
-55.0313
-53.4495
-49.4446
-43.4078
-35.6465
-26.6507
-17.6636
-10.1535
-4.66308
-0.888261
1.6191
3.12863
3.69015
3.21483
1.39254
-2.24851
-7.96137
-15.444
-23.8603
-32.1976
-39.5629
-45.2638
-48.7771
-49.8252
-48.2857
-44.4153
-38.7891
-32.2257
-25.6116
-19.6204
-14.5676
-10.4863
-7.27677
-4.80357
-2.9324
-1.54154
-0.526234
0.200126
0.707173
1.04982
1.27072
1.40262
1.47041
1.49286
1.48403
1.45432
1.41135
1.36056
1.30576
1.24953
1.19352
1.13867
1.08543
1.03389
0.983925
0.935243
0.887535
0.840502
0.793935
0.747733
0.701922
0.656644
0.6121
0.568531
0.52614
0.48506
0.44534
0.406852
0.369571
0.333043
0.297556
0.261814
0.227829
0.190771
0.160175
0.115948
0.0994346
0.0250336
0.0704201
-17.2257
-18.4388
-20.2458
-21.3327
-20.6819
-18.01
-13.8553
-9.29214
-5.42907
-3.01689
-2.40747
-3.51961
-6.08584
-10.0011
-15.1278
-21.3552
-28.3766
-35.5741
-42.1662
-47.4101
-50.7056
-51.7181
-50.3236
-46.6727
-41.045
-33.6881
-25.1809
-16.8269
-9.92516
-4.84924
-1.30241
1.08186
2.51475
3.03211
2.55147
0.831101
-2.49081
-7.64667
-14.4214
-22.1275
-29.8571
-36.7496
-42.1157
-45.4351
-46.4468
-45.0407
-41.4876
-36.3609
-30.4279
-24.4573
-19.0026
-14.33
-10.4902
-7.42301
-5.02668
-3.19024
-1.80756
-0.784445
-0.0412779
0.487127
0.852937
1.09718
1.25165
1.3407
1.38279
1.39181
1.37808
1.34917
1.31057
1.26615
1.21859
1.16969
1.12057
1.07185
1.02383
0.976533
0.929869
0.883679
0.837798
0.792126
0.746644
0.701429
0.656653
0.612531
0.569303
0.52717
0.486259
0.446627
0.408153
0.370826
0.334206
0.298598
0.262713
0.228588
0.191377
0.160676
0.116272
0.0997642
0.0249849
0.0708872
-17.2272
-18.1865
-19.4458
-20.0663
-19.2769
-16.906
-13.4015
-9.58994
-6.31852
-4.17461
-3.49377
-4.38687
-6.70735
-10.2548
-14.9329
-20.5747
-26.9064
-33.43
-39.4572
-44.2987
-47.3763
-48.3741
-47.1708
-43.8578
-38.6017
-31.6417
-23.6826
-16.0341
-9.76537
-5.10173
-1.78194
0.476092
1.82957
2.303
1.82445
0.198288
-2.8378
-7.46967
-13.5433
-20.506
-27.5723
-33.9401
-38.9366
-42.0454
-43.0249
-41.7808
-38.5938
-34.0125
-28.7221
-23.3691
-18.4133
-14.095
-10.4862
-7.55984
-5.2425
-3.44364
-2.07177
-1.04292
-0.284414
0.264432
0.652937
0.920375
1.09749
1.20801
1.27004
1.29724
1.2998
1.28527
1.25914
1.22535
1.1867
1.14512
1.10191
1.05787
1.01347
0.96896
0.9244
0.879795
0.835119
0.790378
0.745636
0.701024
0.656746
0.613031
0.570124
0.528227
0.48747
0.447914
0.409453
0.372084
0.335382
0.299661
0.263639
0.229371
0.192001
0.161173
0.116595
0.100053
0.024966
0.0712412
-16.9959
-17.6585
-18.4259
-18.678
-17.8762
-15.9091
-13.1054
-10.0669
-7.42208
-5.61756
-4.95929
-5.60282
-7.59466
-10.7764
-14.9839
-20.0535
-25.6981
-31.5066
-36.9138
-41.304
-44.1236
-45.0922
-44.0609
-41.0344
-36.0939
-29.5338
-22.1994
-15.3117
-9.67568
-5.41127
-2.3157
-0.187186
1.08542
1.5159
1.04584
-0.485314
-3.26545
-7.42075
-12.8304
-19.0503
-25.4198
-31.2191
-35.8116
-38.698
-39.6508
-38.6006
-35.818
-31.7992
-27.1306
-22.3502
-17.8517
-13.8631
-10.4753
-7.68817
-5.45138
-3.69261
-2.33402
-1.30149
-0.529116
0.0392326
0.449938
0.740412
0.940242
1.07245
1.1547
1.20039
1.21958
1.21973
1.20634
1.18343
1.15389
1.1198
1.08263
1.04338
1.00271
0.961044
0.918643
0.875664
0.832221
0.788431
0.744443
0.700445
0.656676
0.613383
0.570816
0.529179
0.488597
0.44914
0.410706
0.373305
0.336525
0.300693
0.264536
0.230126
0.192607
0.161651
0.116923
0.10032
0.0250094
0.0714927
-16.6975
-17.1322
-17.5558
-17.5701
-16.8094
-15.1945
-12.9606
-10.5485
-8.4394
-7.02473
-6.48596
-6.99118
-8.64717
-11.4427
-15.2081
-19.7387
-24.7585
-29.8811
-34.6412
-38.5283
-41.0553
-41.9829
-41.0672
-38.2283
-33.5321
-27.4089
-20.788
-14.684
-9.65364
-5.7667
-2.8909
-0.89447
0.296886
0.68745
0.230354
-1.20311
-3.75027
-7.48219
-12.2875
-17.8013
-23.4736
-28.6812
-32.8455
-35.503
-36.4406
-35.606
-33.2384
-29.762
-25.6652
-21.4004
-17.3164
-13.6341
-10.4582
-7.80826
-5.65328
-3.93694
-2.59406
-1.55988
-0.77514
-0.188259
0.244122
0.557447
0.780046
0.934142
1.0369
1.1014
1.13753
1.15266
1.15229
1.14049
1.12027
1.09385
1.06287
1.02853
0.991689
0.952961
0.912784
0.871484
0.829313
0.786502
0.743285
0.69991
0.65665
0.613772
0.571534
0.530142
0.489726
0.450358
0.41195
0.374519
0.337666
0.301729
0.265444
0.230892
0.193225
0.162127
0.117261
0.100554
0.0251054
0.0716131
-16.3937
-16.6663
-16.8659
-16.7336
-16.024
-14.6848
-12.8884
-10.9628
-9.27889
-8.15947
-7.78059
-8.26167
-9.6897
-12.1112
-15.4511
-19.5014
-23.9757
-28.5142
-32.6963
-36.0937
-38.3063
-39.1475
-38.202
-35.3993
-30.9207
-25.3378
-19.5046
-14.163
-9.69065
-6.15616
-3.49546
-1.6326
-0.522023
-0.167243
-0.607284
-1.94108
-4.27053
-7.62664
-11.8961
-16.7689
-21.7834
-26.4105
-30.1452
-32.5764
-33.5045
-32.8816
-30.9021
-27.9137
-24.3215
-20.5137
-16.8051
-13.4085
-10.4357
-7.92088
-5.84854
-4.17671
-2.85181
-1.81796
-1.02235
-0.417906
0.03562
0.371608
0.617028
0.793219
0.916771
1.00041
1.0538
1.08421
1.09712
1.09666
1.08594
1.06733
1.04267
1.01333
0.980386
0.944645
0.906733
0.867138
0.826258
0.784437
0.741996
0.699247
0.656499
0.614044
0.572145
0.531013
0.490779
0.451518
0.41315
0.3757
0.338783
0.302743
0.266333
0.231637
0.193828
0.162581
0.117598
0.10075
0.0252638
0.0715973
-16.0961
-16.2536
-16.3092
-16.0936
-15.4458
-14.3337
-12.886
-11.3491
-10.0088
-9.12293
-8.86
-9.33069
-10.5978
-12.6963
-15.6006
-19.1752
-23.157
-27.197
-30.9034
-33.9004
-35.8635
-36.3566
-35.2284
-32.4505
-28.3261
-23.423
-18.3917
-13.7471
-9.77511
-6.56833
-4.11752
-2.38807
-1.35686
-1.03353
-1.45235
-2.68629
-4.80948
-7.82746
-11.6253
-15.9329
-20.3571
-24.4493
-27.7791
-29.9928
-30.904
-30.4615
-28.8144
-26.2434
-23.0874
-19.6838
-16.3168
-13.1873
-10.4092
-8.02675
-6.03754
-4.41205
-3.10728
-2.07566
-1.27062
-0.649582
-0.175436
0.183032
0.451334
0.649835
0.794482
0.897587
0.968554
1.01454
1.04099
1.05208
1.05103
1.04039
1.02215
0.997906
0.968925
0.936225
0.900617
0.862759
0.823191
0.782375
0.74072
0.698599
0.656364
0.614325
0.572758
0.531878
0.491818
0.452659
0.414329
0.376862
0.339884
0.303748
0.267219
0.232382
0.194438
0.16303
0.117952
0.100912
0.0254936
0.0714275
-15.8129
-15.888
-15.8524
-15.5953
-15.014
-14.0917
-12.9266
-11.7049
-10.6476
-9.96029
-9.79189
-10.2425
-11.3644
-13.1781
-15.6612
-18.722
-22.1659
-25.6901
-28.926
-31.4964
-33.0353
-33.2441
-32.046
-29.5082
-25.9308
-21.7597
-17.4615
-13.4226
-9.89436
-6.99285
-4.74587
-3.14815
-2.19426
-1.89875
-2.29237
-3.42718
-5.35466
-8.06396
-11.4431
-15.2548
-19.1617
-22.7807
-25.7451
-27.7525
-28.63
-28.3245
-26.9479
-24.7273
-21.9489
-18.9056
-15.8512
-12.9718
-10.3799
-8.12681
-6.22085
-4.64327
-3.36058
-2.333
-1.51993
-0.883221
-0.388956
-0.00816655
0.283103
0.504151
0.670209
0.793116
0.881991
0.943841
0.984076
1.00692
1.01571
1.01314
1.0014
0.982309
0.957331
0.927697
0.894409
0.858296
0.820044
0.780232
0.73936
0.697865
0.656139
0.614518
0.573287
0.532668
0.492794
0.453751
0.415473
0.378
0.340969
0.30474
0.268095
0.233114
0.195038
0.163457
0.118305
0.101023
0.0257922
0.0710878
-15.5496
-15.5677
-15.4779
-15.2085
-14.6958
-13.9342
-12.9998
-12.0345
-11.2097
-10.6888
-10.5977
-11.0241
-12.0141
-13.5769
-15.6829
-18.2486
-21.1195
-24.0555
-26.7446
-28.8379
-30.0267
-30.116
-29.0499
-26.8984
-23.8957
-20.3745
-16.6924
-13.1698
-10.0371
-7.42057
-5.37011
-3.9012
-3.02217
-2.75143
-3.11667
-4.15375
-5.8961
-8.32152
-11.324
-14.696
-18.1473
-21.3496
-23.9869
-25.7991
-26.6279
-26.4223
-25.2658
-23.3434
-20.8961
-18.1766
-15.4089
-12.7633
-10.349
-8.22205
-6.39916
-4.87079
-3.61197
-2.59011
-1.77032
-1.11881
-0.60488
-0.201884
0.112476
0.356345
0.544155
0.687222
0.794338
0.872343
0.9266
0.961376
0.980135
0.985737
0.980578
0.966675
0.945728
0.919174
0.888213
0.853847
0.816909
0.778098
0.738004
0.69713
0.655906
0.614696
0.573795
0.533429
0.493736
0.454806
0.416579
0.379101
0.342024
0.305709
0.268957
0.233834
0.195639
0.163875
0.118678
0.101096
0.0261786
0.0705653
-15.3098
-15.29
-15.1714
-14.908
-14.4624
-13.8365
-13.0906
-12.3334
-11.6982
-11.3145
-11.2874
-11.6908
-12.5641
-13.9107
-15.696
-17.8398
-20.2056
-22.5964
-24.7643
-26.4459
-27.4026
-27.4589
-26.5525
-24.7458
-22.2163
-19.2206
-16.0485
-12.9713
-10.1946
-7.84362
-5.98114
-4.6371
-3.83018
-3.58158
-3.9161
-4.85773
-6.42555
-8.58977
-11.2513
-14.2288
-17.2731
-20.1028
-22.4434
-24.0723
-24.8456
-24.715
-23.7423
-22.0777
-19.9233
-17.4952
-14.9903
-12.563
-10.3179
-8.31363
-6.57332
-5.0952
-3.86184
-2.84725
-2.02195
-1.35642
-0.823201
-0.398046
-0.0604099
0.2066
0.416545
0.580154
0.705858
0.800307
0.868811
0.915687
0.944526
0.958366
0.959811
0.951109
0.934185
0.910697
0.882045
0.849407
0.813766
0.77594
0.736612
0.696347
0.655619
0.614816
0.574246
0.53414
0.494637
0.45583
0.417665
0.380193
0.343076
0.306677
0.26982
0.234551
0.196239
0.16427
0.119055
0.101108
0.0266462
0.069837
-15.0939
-15.0507
-14.9206
-14.6749
-14.2933
-13.7826
-13.1909
-12.6026
-12.1211
-11.8489
-11.8721
-12.2523
-13.0218
-14.1816
-15.6971
-17.4941
-19.4538
-21.4121
-23.1709
-24.5254
-25.2803
-25.2883
-24.4998
-22.9616
-20.8077
-18.2424
-15.5029
-12.8156
-10.36
-8.25539
-6.57129
-5.34729
-4.60934
-4.38051
-4.68284
-5.5322
-6.93617
-8.86057
-11.2132
-13.8358
-16.5143
-19.008
-21.0801
-22.5379
-23.2533
-23.1796
-22.3619
-20.9213
-19.026
-16.8602
-14.5959
-12.3723
-10.288
-8.40279
-6.74434
-5.31728
-4.11077
-3.10482
-2.27509
-1.59621
-1.04397
-0.596611
-0.235429
0.0551162
0.287631
0.4722
0.616854
0.728039
0.811004
0.870124
0.909126
0.931239
0.939293
0.935772
0.92284
0.902381
0.876
0.845055
0.810679
0.773812
0.735226
0.695552
0.655305
0.614897
0.574647
0.534793
0.495475
0.45679
0.418689
0.381227
0.344077
0.307603
0.270653
0.235245
0.196833
0.164651
0.119456
0.101072
0.0272185
0.0688901
-14.9016
-14.8457
-14.7155
-14.4941
-14.1719
-13.7585
-13.293
-12.8411
-12.4833
-12.3002
-12.3617
-12.718
-13.3949
-14.3913
-15.6755
-17.1815
-18.8075
-20.4166
-21.847
-22.9285
-23.5087
-23.4732
-22.7771
-21.4534
-19.6086
-17.4064
-15.0392
-12.6944
-10.5277
-8.65038
-7.13425
-6.02465
-5.35222
-5.14108
-5.41073
-6.17163
-7.42241
-9.12707
-11.2004
-13.5042
-15.8547
-18.046
-19.8746
-21.1745
-21.831
-21.7997
-21.1124
-19.866
-18.1998
-16.27
-14.2259
-12.1922
-10.2609
-8.49093
-6.91341
-5.53799
-4.35949
-3.36339
-2.53016
-1.83845
-1.26732
-0.797578
-0.412466
-0.0978986
0.157692
0.363684
0.527676
0.655888
0.753513
0.824992
0.874204
0.904586
0.919209
0.920809
0.911802
0.894303
0.87013
0.840824
0.80767
0.771726
0.733856
0.694754
0.654976
0.614957
0.575027
0.535428
0.496304
0.457749
0.419721
0.382275
0.345097
0.308548
0.271505
0.235947
0.197435
0.165013
0.119869
0.100966
0.0278901
0.0676959
-14.7313
-14.6705
-14.5477
-14.3536
-14.0855
-13.7542
-13.3919
-13.0497
-12.7905
-12.6776
-12.7667
-13.098
-13.6918
-14.5453
-15.6294
-16.8869
-18.2311
-19.5481
-20.7054
-21.5643
-22.0039
-21.9322
-21.3115
-20.1673
-18.5836
-16.6908
-14.6445
-12.6004
-10.6929
-9.02417
-7.66503
-6.66351
-6.05288
-5.8576
-6.09495
-6.77167
-7.87997
-9.38368
-11.2049
-13.2229
-15.2799
-17.1997
-18.8087
-19.9625
-20.5602
-20.5596
-19.9819
-18.904
-17.4405
-15.723
-13.8806
-12.024
-10.2379
-8.57957
-7.08189
-5.7585
-4.609
-3.62376
-2.78774
-2.08354
-1.49348
-1.001
-0.591425
-0.252224
0.0270405
0.254981
0.438726
0.584263
0.696734
0.780659
0.840089
0.878695
0.899805
0.906425
0.901234
0.886592
0.864532
0.836781
0.804778
0.7697
0.7325
0.693934
0.654597
0.614946
0.575321
0.535968
0.497031
0.458606
0.420655
0.383232
0.346039
0.309427
0.272309
0.236614
0.198025
0.165354
0.120307
0.1008
0.0286858
0.0662375
-14.5812
-14.521
-14.4099
-14.2439
-14.0241
-13.7619
-13.4834
-13.229
-13.0476
-12.9887
-13.0962
-13.402
-13.9212
-14.6498
-15.5616
-16.6073
-17.7135
-18.786
-19.7163
-20.3931
-20.7179
-20.6177
-20.0619
-19.0694
-17.7063
-16.0768
-14.3073
-12.5272
-10.8518
-9.37341
-8.15989
-7.25963
-6.70686
-6.52582
-6.73184
-7.32896
-8.30556
-9.62602
-11.22
-12.9819
-14.7767
-16.4534
-17.8643
-18.8842
-19.4244
-19.4452
-18.9596
-18.0279
-16.7438
-15.2177
-13.5602
-11.8689
-10.2208
-8.67039
-7.25138
-5.98024
-4.86053
-3.88694
-3.04866
-2.33206
-1.72278
-1.207
-0.77223
-0.407627
-0.103973
0.146515
0.350466
0.513628
0.641105
0.737522
0.80713
0.853857
0.881318
0.892808
0.891283
0.879358
0.859291
0.832996
0.802065
0.767794
0.731222
0.693165
0.654253
0.614962
0.575642
0.536538
0.497795
0.459507
0.421638
0.384242
0.347033
0.310354
0.273155
0.237305
0.198638
0.165682
0.120771
0.100555
0.0296063
0.0644807
-14.4489
-14.393
-14.296
-14.1572
-13.98
-13.7753
-13.5646
-13.3799
-13.2591
-13.2407
-13.359
-13.6386
-14.0907
-14.7102
-15.474
-16.3396
-17.2456
-18.114
-18.8562
-19.3833
-19.6149
-19.493
-18.9928
-18.1286
-16.9526
-15.5483
-14.0182
-12.4695
-11.0013
-9.69568
-8.61626
-7.81008
-7.3111
-7.1428
-7.31889
-7.84133
-8.69683
-9.85079
-11.2403
-12.7732
-14.3338
-15.7934
-17.0261
-17.9237
-18.4085
-18.4435
-18.0354
-17.2309
-16.1061
-14.7527
-13.265
-11.728
-10.2111
-8.76523
-7.4237
-6.20491
-5.1156
-4.15425
-3.31394
-2.58477
-1.9557
-1.41577
-0.954835
-0.56386
-0.234955
0.0387753
0.263433
0.444532
0.587159
0.696075
0.775768
0.830457
0.864068
0.880215
0.882149
0.872748
0.854503
0.829518
0.799539
0.76598
0.729962
0.692356
0.653825
0.614864
0.575826
0.536959
0.498404
0.460253
0.422474
0.385117
0.347912
0.311185
0.273933
0.237945
0.19923
0.16598
0.121264
0.100234
0.0306758
0.0624002
-14.3326
-14.2832
-14.2012
-14.0877
-13.9474
-13.7904
-13.6343
-13.5043
-13.4298
-13.4408
-13.5637
-13.817
-14.2087
-14.7331
-15.3699
-16.0828
-16.8204
-17.5189
-18.1064
-18.5095
-18.6655
-18.5276
-18.0758
-17.3208
-16.304
-15.0922
-13.769
-12.4231
-11.1391
-9.98948
-9.03261
-8.31314
-7.86376
-7.70684
-7.85465
-8.30776
-9.0523
-10.0555
-11.2613
-12.5899
-13.9418
-15.2079
-16.2806
-17.067
-17.4993
-17.543
-17.2003
-16.5068
-15.5236
-14.3265
-12.995
-11.6025
-10.2107
-8.86609
-7.60094
-6.43455
-5.3761
-4.42733
-3.58494
-2.84267
-2.19287
-1.62761
-1.13922
-0.72066
-0.365461
-0.0676823
0.178235
0.377583
0.535467
0.656831
0.746443
0.808857
0.848356
0.868886
0.874019
0.866914
0.850296
0.826465
0.797319
0.764384
0.728859
0.691667
0.653498
0.614858
0.576102
0.537474
0.499114
0.461106
0.423418
0.386098
0.348889
0.312101
0.274781
0.238632
0.199866
0.166277
0.121799
0.0998261
0.0319042
0.059955
-14.2295
-14.1878
-14.1205
-14.0299
-13.9212
-13.8031
-13.6904
-13.6028
-13.5632
-13.5944
-13.7168
-13.944
-14.2813
-14.7229
-15.2508
-15.8342
-16.4307
-16.9877
-17.4468
-17.7495
-17.8448
-17.6959
-17.2865
-16.6249
-15.7439
-14.6972
-13.5528
-12.3844
-11.2636
-10.254
-9.40835
-8.76812
-8.36412
-8.21731
-8.33866
-8.72789
-9.37124
-10.2384
-11.2798
-12.4261
-13.5926
-14.6864
-15.6161
-16.3018
-16.6847
-16.7332
-16.4459
-15.8495
-14.9927
-13.9375
-12.7503
-11.4936
-10.2213
-8.97522
-7.7855
-6.67158
-5.64433
-4.70824
-3.86337
-3.10705
-2.43515
-1.84292
-1.32542
-0.877738
-0.494975
-0.172196
0.0956039
0.313527
0.486747
0.620448
0.719738
0.789558
0.834581
0.859133
0.867124
0.862005
0.846747
0.823847
0.795353
0.7629
0.727761
0.6909
0.653034
0.614672
0.57617
0.537766
0.499595
0.461734
0.424151
0.386887
0.349705
0.312888
0.275538
0.239251
0.200474
0.166532
0.122367
0.0993225
0.0333143
0.0571072
-14.1383
-14.1048
-14.0514
-13.9811
-13.8988
-13.8124
-13.7337
-13.6785
-13.6644
-13.7087
-13.8267
-14.0284
-14.3169
-14.6864
-15.1211
-15.5952
-16.0735
-16.513
-16.8665
-17.0871
-17.134
-16.9779
-16.6057
-16.0241
-15.2592
-14.3541
-13.3642
-12.3505
-11.3737
-10.4891
-9.74365
-9.17526
-8.81243
-8.67451
-8.77132
-9.10206
-9.65362
-10.3985
-11.2929
-12.2772
-13.2791
-14.2199
-15.0219
-15.617
-15.954
-16.0045
-15.7645
-15.2536
-14.5102
-13.5844
-12.5309
-11.4024
-10.2449
-9.09507
-7.98017
-6.91891
-5.92311
-4.99953
-4.15138
-3.37956
-2.68362
-2.06225
-1.5135
-1.03479
-0.622925
-0.274035
0.0163409
0.253161
0.441743
0.587586
0.696216
0.773022
0.823127
0.851266
0.861716
0.858237
0.844053
0.821857
0.793846
0.761755
0.726921
0.690345
0.652756
0.614665
0.576418
0.538242
0.500265
0.462553
0.425071
0.387852
0.350681
0.313806
0.276405
0.239947
0.201152
0.166803
0.123001
0.0987241
0.0349287
0.0538081
-14.056
-14.0304
-13.9896
-13.9367
-13.8762
-13.815
-13.7627
-13.7316
-13.7352
-13.7868
-13.8975
-14.0746
-14.3193
-14.626
-14.9812
-15.3632
-15.7429
-16.0852
-16.3522
-16.5064
-16.5151
-16.3552
-16.0162
-15.5035
-14.838
-14.0544
-13.1979
-12.319
-11.4688
-10.6951
-10.0393
-9.53552
-9.20971
-9.07951
-9.15368
-9.43119
-9.89988
-10.5351
-11.2986
-12.1392
-12.9954
-13.8005
-14.4889
-15.0026
-15.2976
-15.3481
-15.1488
-14.7136
-14.0724
-13.2653
-12.3367
-11.3301
-10.2836
-9.22841
-8.18819
-7.18
-6.21589
-5.30441
-4.4517
-3.66231
-2.93969
-2.28633
-1.70357
-1.19144
-0.748596
-0.372274
-0.0585379
0.197507
0.401416
0.559108
0.676617
0.759862
0.81447
0.845634
0.858024
0.855727
0.842229
0.82042
0.792638
0.760714
0.72604
0.689642
0.652255
0.614383
0.576359
0.538395
0.500609
0.463061
0.425702
0.388565
0.351444
0.314556
0.277154
0.240556
0.201794
0.167023
0.123674
0.0980092
0.0367673
0.0500039
-13.9827
-13.9645
-13.9349
-13.8965
-13.8538
-13.8124
-13.7801
-13.7665
-13.7819
-13.8363
-13.9377
-14.0911
-14.2967
-14.5491
-14.8365
-15.1409
-15.4383
-15.7004
-15.8966
-15.9971
-15.9758
-15.8145
-15.505
-15.0516
-14.4712
-13.7917
-13.0502
-12.2882
-11.5488
-10.8729
-10.2967
-9.8505
-9.55766
-9.43404
-9.48742
-9.71671
-10.1109
-10.6482
-11.2954
-12.0086
-12.736
-13.4213
-14.0089
-14.4499
-14.7065
-14.756
-14.592
-14.2244
-13.6761
-12.9786
-12.1675
-11.2776
-10.3395
-9.37836
-8.41335
-7.45903
-6.52692
-5.62686
-4.76776
-3.95795
-3.20516
-2.51611
-1.89585
-1.34734
-0.871232
-0.465928
-0.127951
0.147635
0.366757
0.535888
0.661688
0.750699
0.809122
0.84266
0.85641
0.854801
0.841588
0.819854
0.792074
0.760159
0.725542
0.689265
0.652052
0.614391
0.576591
0.538844
0.50125
0.463867
0.426606
0.389523
0.352429
0.315495
0.278063
0.241282
0.202543
0.167279
0.124442
0.0971947
0.0388693
0.0456427
-13.9144
-13.9028
-13.8825
-13.8561
-13.8273
-13.801
-13.7834
-13.7819
-13.8043
-13.858
-13.9488
-14.0798
-14.2505
-14.4558
-14.6857
-14.925
-15.1543
-15.3506
-15.4894
-15.5469
-15.5026
-15.3421
-15.0591
-14.6571
-14.1497
-13.5597
-12.917
-12.2563
-11.6135
-11.0233
-10.5174
-10.1222
-9.85842
-9.74026
-9.77461
-9.9604
-10.2879
-10.7379
-11.282
-11.8828
-12.4966
-13.0759
-13.5744
-13.9506
-14.1726
-14.2204
-14.0876
-13.7809
-13.3176
-12.7224
-12.0229
-11.246
-10.4151
-9.54848
-8.66016
-7.76114
-6.86151
-5.97191
-5.10391
-4.26986
-3.48228
-2.75273
-2.09052
-1.50192
-0.989777
-0.553666
-0.190479
0.104924
0.339026
0.519022
0.652334
0.746238
0.807595
0.842673
0.857032
0.855465
0.841998
0.819909
0.791799
0.759644
0.724905
0.688621
0.651498
0.613994
0.576388
0.538848
0.501449
0.46424
0.427137
0.390163
0.35315
0.316226
0.278825
0.241902
0.20325
0.167478
0.125259
0.0962455
0.041246
0.0406609
-13.8536
-13.8476
-13.835
-13.8181
-13.8001
-13.785
-13.7777
-13.784
-13.8097
-13.8602
-13.9395
-14.0495
-14.1892
-14.3537
-14.5346
-14.7193
-14.892
-15.0342
-15.1264
-15.1496
-15.0877
-14.9294
-14.6699
-14.3123
-13.8674
-13.3538
-12.7961
-12.2226
-11.6634
-11.1481
-10.7036
-10.353
-10.1146
-10.0008
-10.0177
-10.1644
-10.4322
-10.8048
-11.2577
-11.7593
-12.2729
-12.759
-13.1786
-13.4974
-13.6883
-13.7343
-13.6292
-13.3778
-12.9932
-12.4943
-11.9021
-11.2363
-10.5128
-9.74287
-8.93407
-8.09266
-7.22631
-6.34593
-5.46568
-4.60235
-3.77398
-2.99777
-2.28799
-1.65469
-1.10313
-0.634063
-0.244591
0.070878
0.319609
0.509725
0.64959
0.747347
0.810617
0.846296
0.860446
0.858238
0.843976
0.821118
0.792378
0.759781
0.724794
0.688433
0.651369
0.614016
0.576608
0.539279
0.502067
0.464992
0.428033
0.391146
0.354177
0.317215
0.279809
0.242689
0.20411
0.167745
0.126208
0.095203
0.0439508
0.0350306
-13.7943
-13.7929
-13.7863
-13.7766
-13.7665
-13.7593
-13.7588
-13.7695
-13.7956
-13.8411
-13.9087
-13.9992
-14.1113
-14.2408
-14.3803
-14.5196
-14.6458
-14.744
-14.7987
-14.795
-14.7201
-14.5654
-14.3272
-14.008
-13.6169
-13.1689
-12.684
-12.1856
-11.6987
-11.2482
-10.8572
-10.5455
-10.3289
-10.2185
-10.2194
-10.3309
-10.5456
-10.8495
-11.2218
-11.6361
-12.0616
-12.4654
-12.8156
-13.0834
-13.2465
-13.2907
-13.2107
-13.01
-12.6989
-12.2918
-11.8042
-11.2493
-10.6355
-9.96639
-9.24174
-8.4615
-7.6297
-6.75693
-5.85998
-4.96067
-4.0836
-3.25275
-2.48829
-1.80464
-1.20966
-0.705207
-0.2883
0.0473682
0.310143
0.509344
0.654491
0.754758
0.818633
0.853713
0.866604
0.862874
0.847101
0.822923
0.793145
0.759812
0.724376
0.687808
0.650721
0.613472
0.576244
0.539133
0.502149
0.465267
0.42849
0.391741
0.354888
0.317959
0.280625
0.243359
0.20493
0.167956
0.127216
0.0940165
0.0469562
0.0287157
-13.7427
-13.7447
-13.7426
-13.738
-13.7334
-13.7313
-13.7347
-13.747
-13.7713
-13.8104
-13.8659
-13.9383
-14.0259
-14.125
-14.2294
-14.3306
-14.4183
-14.4805
-14.505
-14.4801
-14.3957
-14.2452
-14.0258
-13.7399
-13.3947
-13.0025
-12.5796
-12.1454
-11.7205
-11.3259
-10.9808
-10.7025
-10.5045
-10.3963
-10.3825
-10.4624
-10.6299
-10.8729
-11.1741
-11.5114
-11.8594
-12.1909
-12.4796
-12.7022
-12.8404
-12.8829
-12.8257
-12.672
-12.4301
-12.1116
-11.7276
-11.2854
-10.7863
-10.2248
-9.59132
-8.87747
-8.08211
-7.2149
-6.29544
-5.35148
-4.41559
-3.51993
-2.69183
-1.95082
-1.30757
-0.764826
-0.319251
0.0366207
0.312622
0.519609
0.668515
0.769726
0.832724
0.865883
0.876389
0.870218
0.852214
0.826175
0.794972
0.760647
0.724608
0.687754
0.650613
0.613474
0.576426
0.539525
0.502757
0.466072
0.429436
0.392776
0.355991
0.319038
0.281729
0.244253
0.205957
0.168276
0.128392
0.092759
0.050291
0.0217979
-13.6892
-13.6935
-13.6944
-13.6932
-13.692
-13.6927
-13.6978
-13.7097
-13.7307
-13.7627
-13.8067
-13.8626
-13.9287
-14.0019
-14.0768
-14.1466
-14.2028
-14.2361
-14.2367
-14.1955
-14.1046
-13.959
-13.7567
-13.4997
-13.194
-12.8496
-12.4799
-12.1005
-11.7288
-11.3819
-11.0764
-10.8266
-10.6441
-10.5372
-10.5097
-10.5613
-10.6866
-10.8757
-11.1142
-11.3837
-11.6634
-11.9311
-12.1655
-12.3478
-12.4636
-12.5044
-12.4679
-12.3576
-12.1816
-11.9497
-11.67
-11.345
-10.9684
-10.5247
-9.99258
-9.35247
-8.59621
-7.73185
-6.78212
-5.782
-4.77411
-3.80087
-2.8982
-2.09142
-1.39422
-0.810047
-0.334671
0.041086
0.329053
0.542034
0.692682
0.792814
0.853041
0.8826
0.889299
0.879534
0.858384
0.82984
0.79676
0.761134
0.724296
0.687041
0.649792
0.612735
0.575891
0.539232
0.502723
0.466285
0.429864
0.393372
0.356743
0.31985
0.28266
0.245033
0.206959
0.168549
0.129625
0.0913449
0.0537792
0.0143679
-13.6455
-13.651
-13.6534
-13.6539
-13.6542
-13.6558
-13.6605
-13.6702
-13.6864
-13.7105
-13.743
-13.7835
-13.8304
-13.8809
-13.9306
-13.974
-14.0043
-14.0139
-13.9953
-13.9413
-13.846
-13.7053
-13.5181
-13.2859
-13.0138
-12.7098
-12.385
-12.0521
-11.7254
-11.4191
-11.1469
-10.921
-10.7513
-10.6446
-10.6043
-10.6302
-10.7179
-10.8592
-11.0422
-11.2519
-11.4712
-11.6825
-11.8685
-12.0146
-12.1098
-12.1485
-12.1303
-12.0604
-11.9474
-11.8011
-11.6281
-11.4273
-11.1849
-10.8736
-10.457
-9.90084
-9.18754
-8.323
-7.33335
-6.26253
-5.16586
-4.09859
-3.10725
-2.22422
-1.46635
-0.837242
-0.331021
0.0639832
0.362253
0.579039
0.729071
0.825827
0.881189
0.905333
0.906716
0.892165
0.86695
0.835158
0.799708
0.762475
0.724669
0.68694
0.64956
0.612575
0.575952
0.539567
0.503317
0.467103
0.430863
0.394488
0.357956
0.321057
0.283933
0.246084
0.208211
0.168962
0.131035
0.0898757
0.0573111
0.0067945
-13.5958
-13.6016
-13.6045
-13.6054
-13.6058
-13.6068
-13.6099
-13.6164
-13.6274
-13.6436
-13.6654
-13.6922
-13.7225
-13.7538
-13.7826
-13.8043
-13.8136
-13.8045
-13.771
-13.7076
-13.6097
-13.4744
-13.3008
-13.0903
-12.8472
-12.5779
-12.2913
-11.998
-11.7095
-11.4376
-11.1936
-10.9878
-10.8283
-10.7209
-10.6687
-10.6713
-10.7254
-10.8241
-10.9579
-11.1145
-11.2803
-11.4412
-11.5838
-11.6968
-11.7727
-11.8083
-11.8059
-11.7729
-11.7201
-11.659
-11.5969
-11.5301
-11.4381
-11.2797
-10.9988
-10.5416
-9.87743
-9.00867
-7.96599
-6.80526
-5.59793
-4.41551
-3.31807
-2.34627
-1.52006
-0.842398
-0.30469
0.108236
0.414344
0.631946
0.778266
0.868701
0.91656
0.933037
0.927278
0.906518
0.876267
0.840566
0.802248
0.763131
0.724211
0.685943
0.648427
0.611557
0.575187
0.539112
0.503182
0.467267
0.431298
0.395137
0.358807
0.322
0.285045
0.247037
0.209455
0.169326
0.132451
0.0881804
0.0603703
-0.000614682
-13.5605
-13.5653
-13.5672
-13.5671
-13.5659
-13.5648
-13.5646
-13.5665
-13.5711
-13.5789
-13.59
-13.6038
-13.6189
-13.6332
-13.6438
-13.6471
-13.6388
-13.6142
-13.5686
-13.4979
-13.3985
-13.2681
-13.1063
-12.9144
-12.6956
-12.4554
-12.201
-11.9407
-11.6842
-11.4409
-11.2203
-11.0308
-10.8791
-10.7701
-10.7063
-10.6876
-10.7113
-10.7718
-10.8615
-10.9707
-11.0886
-11.2042
-11.3073
-11.3896
-11.4464
-11.4774
-11.4875
-11.4873
-11.4913
-11.5148
-11.5685
-11.6494
-11.7308
-11.7558
-11.642
-11.3076
-10.7035
-9.82726
-8.71463
-7.43635
-6.08598
-4.75825
-3.5308
-2.45394
-1.55007
-0.81993
-0.250475
0.178415
0.48925
0.704118
0.843185
0.924032
0.961524
0.967926
0.953047
0.924463
0.887929
0.847467
0.805766
0.76445
0.724272
0.685434
0.647811
0.61112
0.57505
0.539314
0.503707
0.468066
0.432323
0.396315
0.360123
0.323336
0.286496
0.248256
0.210951
0.169825
0.134018
0.0864064
0.0627459
-0.00719142
-13.514
-13.5172
-13.5175
-13.5155
-13.5121
-13.5082
-13.5043
-13.5013
-13.4997
-13.4997
-13.5012
-13.5036
-13.5057
-13.5058
-13.5015
-13.4899
-13.4676
-13.4309
-13.3763
-13.3005
-13.2008
-13.0757
-12.9247
-12.7491
-12.5515
-12.3363
-12.1092
-11.8771
-11.6476
-11.4285
-11.2273
-11.0511
-10.9052
-10.7938
-10.719
-10.6806
-10.6766
-10.7027
-10.7528
-10.8193
-10.894
-10.9685
-11.0351
-11.0884
-11.1258
-11.1496
-11.1678
-11.1946
-11.25
-11.3565
-11.5324
-11.7805
-12.0719
-12.3307
-12.4366
-12.2652
-11.7387
-10.8483
-9.63623
-8.19612
-6.65497
-5.13863
-3.74779
-2.54403
-1.55083
-0.764043
-0.163479
0.278051
0.589055
0.796315
0.923478
0.990569
1.01414
1.0076
0.981445
0.943531
0.899665
0.853796
0.808361
0.764678
0.723194
0.68381
0.646136
0.609682
0.573988
0.538672
0.503479
0.468208
0.432798
0.397057
0.361118
0.324454
0.287833
0.24942
0.212474
0.170282
0.135559
0.0842641
0.0638671
-0.0130773
-13.4888
-13.489
-13.4861
-13.4807
-13.4734
-13.465
-13.4559
-13.4467
-13.4377
-13.4291
-13.4206
-13.4118
-13.4016
-13.3886
-13.3708
-13.3461
-13.3116
-13.2647
-13.2025
-13.1226
-13.0229
-12.9022
-12.7605
-12.5985
-12.4186
-12.2242
-12.0198
-11.811
-11.6038
-11.4045
-11.2191
-11.0531
-10.9111
-10.7964
-10.7106
-10.6538
-10.6243
-10.6189
-10.6329
-10.6607
-10.696
-10.7326
-10.7652
-10.79
-10.8066
-10.819
-10.8381
-10.883
-10.981
-11.1663
-11.4735
-11.921
-12.4837
-13.0614
-13.4752
-13.5326
-13.1145
-12.1974
-10.8361
-9.16394
-7.35425
-5.57959
-3.97365
-2.61091
-1.51244
-0.664025
-0.0337991
0.415717
0.721016
0.914678
1.02438
1.07285
1.07841
1.05555
1.01536
0.966005
0.913297
0.861002
0.811249
0.764949
0.722135
0.682309
0.644743
0.608683
0.573484
0.538654
0.503883
0.468951
0.433815
0.398266
0.362509
0.3259
0.289457
0.250819
0.214251
0.170906
0.137411
0.0821195
0.0647177
-0.0185205
-13.4454
-13.4424
-13.4362
-13.4272
-13.4161
-13.4033
-13.3892
-13.3743
-13.3586
-13.3423
-13.3252
-13.3068
-13.2863
-13.2625
-13.2339
-13.1987
-13.1549
-13.1002
-13.0326
-12.9502
-12.8515
-12.7356
-12.6024
-12.4528
-12.2885
-12.1122
-11.9274
-11.7386
-11.5503
-11.3675
-11.195
-11.0372
-10.8976
-10.7788
-10.6822
-10.608
-10.5549
-10.5205
-10.5016
-10.4938
-10.4929
-10.4943
-10.4941
-10.4897
-10.4816
-10.4749
-10.4833
-10.5312
-10.6573
-10.9154
-11.3693
-12.0685
-13.0008
-14.0294
-14.8794
-15.2527
-14.9708
-14.0013
-12.4267
-10.4291
-8.2437
-6.11181
-4.21593
-2.64798
-1.42221
-0.506555
0.149708
0.599385
0.889924
1.06125
1.14577
1.16914
1.15146
1.10838
1.05142
0.988783
0.926097
0.866779
0.812476
0.763561
0.719537
0.679438
0.642155
0.606652
0.572099
0.537895
0.503688
0.469235
0.434514
0.399293
0.363847
0.327397
0.291226
0.252401
0.216271
0.171663
0.139502
0.079543
0.0660718
-0.026352
-13.4332
-13.425
-13.4135
-13.399
-13.3818
-13.3626
-13.3416
-13.319
-13.2951
-13.2699
-13.2432
-13.2147
-13.1836
-13.1491
-13.11
-13.065
-13.0123
-12.9505
-12.878
-12.7932
-12.6952
-12.5832
-12.4573
-12.318
-12.1668
-12.0056
-11.8372
-11.6648
-11.492
-11.3227
-11.1604
-11.0085
-10.8698
-10.7462
-10.6389
-10.5479
-10.4725
-10.4108
-10.3605
-10.3186
-10.282
-10.2477
-10.2126
-10.1745
-10.1334
-10.0949
-10.0747
-10.1043
-10.2374
-10.5569
-11.1713
-12.18
-13.5931
-15.218
-16.6385
-17.419
-17.3106
-16.288
-14.4591
-12.0439
-9.35967
-6.74833
-4.46638
-2.63312
-1.25208
-0.263201
0.412983
0.85147
1.11462
1.25165
1.30047
1.28977
1.24136
1.17192
1.0935
1.01417
0.939204
0.871523
0.812107
0.760576
0.715692
0.675833
0.639361
0.604861
0.57127
0.53787
0.504281
0.470278
0.435897
0.400917
0.365707
0.329356
0.29343
0.254375
0.218718
0.172791
0.142498
0.0774994
0.0719127
-0.0385895
-13.3937
-13.381
-13.3648
-13.3455
-13.3234
-13.2987
-13.2717
-13.2427
-13.2118
-13.1791
-13.1445
-13.1076
-13.068
-13.025
-12.9778
-12.9252
-12.8661
-12.7993
-12.7237
-12.6381
-12.5419
-12.4344
-12.3156
-12.186
-12.0466
-11.8988
-11.7446
-11.5863
-11.4266
-11.2683
-11.114
-10.9663
-10.827
-10.6976
-10.5788
-10.4707
-10.3724
-10.2829
-10.2004
-10.1232
-10.0491
-9.9761
-9.90153
-9.82252
-9.73767
-9.65165
-9.58201
-9.5671
-9.6769
-10.0292
-10.7885
-12.1177
-14.0586
-16.3512
-18.4008
-19.615
-19.7188
-18.7072
-16.6773
-13.8524
-10.6223
-7.44683
-4.69161
-2.5312
-0.966132
0.0985306
0.782117
1.19092
1.40762
1.49292
1.49099
1.43396
1.34544
1.24291
1.13815
1.03887
0.949761
0.872875
0.808211
0.754362
0.70913
0.670084
0.63497
0.601958
0.569742
0.537497
0.504832
0.471542
0.437733
0.403189
0.368385
0.33225
0.296652
0.257348
0.222127
0.174699
0.14635
0.0754896
0.0823723
-0.0597188
-13.3965
-13.3762
-13.3528
-13.3257
-13.2953
-13.2623
-13.2267
-13.1887
-13.1486
-13.1065
-13.0622
-13.0156
-12.9664
-12.9141
-12.858
-12.7975
-12.7316
-12.6596
-12.5804
-12.4934
-12.3979
-12.2936
-12.1804
-12.0586
-11.9289
-11.7922
-11.65
-11.5039
-11.3556
-11.2069
-11.0594
-10.9148
-10.774
-10.6377
-10.5061
-10.3788
-10.2549
-10.1334
-10.0133
-9.89412
-9.77599
-9.65864
-9.54059
-9.4187
-9.28988
-9.15665
-9.03574
-8.96656
-9.02416
-9.35358
-10.1775
-11.7342
-14.1359
-17.0736
-19.7352
-21.3518
-21.6602
-20.7042
-18.5623
-15.4406
-11.7512
-8.0423
-4.79885
-2.28144
-0.513124
0.627386
1.30294
1.65843
1.80291
1.81246
1.7389
1.61765
1.47436
1.3271
1.1871
1.06176
0.95492
0.86736
0.797564
0.742525
0.698557
0.661993
0.62968
0.599221
0.569042
0.538257
0.506559
0.473875
0.44048
0.406232
0.37176
0.335817
0.300593
0.261083
0.226478
0.177786
0.152359
0.07663
0.102761
-0.0866909
-13.3621
-13.3369
-13.309
-13.2765
-13.2401
-13.2006
-13.1582
-13.113
-13.0654
-13.0155
-12.9633
-12.9088
-12.8517
-12.7918
-12.7286
-12.6616
-12.5902
-12.5138
-12.4318
-12.3436
-12.2489
-12.1475
-12.0394
-11.9247
-11.8039
-11.6777
-11.5465
-11.4114
-11.2732
-11.1328
-10.9907
-10.8472
-10.7025
-10.5564
-10.4084
-10.2582
-10.1052
-9.94938
-9.79191
-9.63504
-9.48193
-9.33532
-9.19515
-9.05637
-8.90978
-8.74991
-8.58738
-8.46003
-8.44448
-8.69043
-9.44906
-11.0903
-13.8583
-17.3663
-20.563
-22.493
-22.9065
-21.9593
-19.7595
-16.4681
-12.4724
-8.36343
-4.71533
-1.87754
0.0820937
1.29074
1.94547
2.22909
2.27962
2.19139
2.02626
1.82557
1.61588
1.41425
1.23241
1.0772
0.950987
0.852664
0.778644
0.723855
0.682773
0.650259
0.622119
0.595335
0.568064
0.539397
0.509166
0.477478
0.444828
0.411166
0.377312
0.341798
0.307201
0.267581
0.233756
0.183628
0.160502
0.0795223
0.11831
-0.0975065
-13.3759
-13.3429
-13.3058
-13.2623
-13.215
-13.1645
-13.1105
-13.0536
-12.994
-12.9321
-12.8679
-12.8015
-12.7327
-12.6614
-12.5874
-12.5106
-12.4306
-12.3472
-12.2601
-12.1692
-12.0744
-11.9757
-11.873
-11.7665
-11.6564
-11.5427
-11.4255
-11.3048
-11.1802
-11.0513
-10.9176
-10.7785
-10.6336
-10.4822
-10.3239
-10.1585
-9.98598
-9.80724
-9.62468
-9.44333
-9.27072
-9.11442
-8.97702
-8.85168
-8.72402
-8.5844
-8.43843
-8.29562
-8.18446
-8.28892
-8.95808
-10.597
-13.4884
-17.2955
-20.8317
-22.9585
-23.4265
-22.4639
-20.2186
-16.834
-12.6719
-8.33099
-4.4241
-1.36023
0.744717
2.00412
2.63117
2.83691
2.78555
2.59002
2.32393
2.03399
1.7499
1.49025
1.26601
1.08212
0.938699
0.83214
0.756284
0.703685
0.666833
0.639104
0.615342
0.592035
0.567212
0.540076
0.510707
0.479466
0.447115
0.41369
0.380206
0.344904
0.310799
0.27084
0.237646
0.185641
0.163804
0.0795678
0.1149
-0.0796035
-13.3405
-13.3156
-13.2745
-13.219
-13.1599
-13.0977
-13.0317
-12.9624
-12.8908
-12.817
-12.7413
-12.6639
-12.5852
-12.505
-12.4237
-12.3412
-12.2575
-12.1727
-12.0866
-11.9993
-11.9107
-11.8205
-11.7286
-11.6346
-11.5382
-11.4389
-11.3358
-11.2284
-11.1155
-10.9965
-10.8703
-10.7364
-10.5941
-10.4433
-10.2838
-10.1161
-9.94093
-9.76002
-9.57695
-9.39836
-9.23312
-9.08981
-8.97161
-8.86873
-8.75493
-8.60698
-8.43211
-8.29403
-8.23129
-8.38054
-8.97967
-10.4193
-13.0915
-16.788
-20.334
-22.5229
-23.0449
-22.1065
-19.888
-16.5176
-12.3548
-7.99086
-4.03165
-0.900694
1.25735
2.53297
3.13468
3.28315
3.15654
2.88041
2.53774
2.18114
1.84348
1.54349
1.29075
1.08807
0.933353
0.820982
0.74306
0.690755
0.655498
0.629917
0.608371
0.587074
0.56394
0.538145
0.509812
0.479332
0.447556
0.414471
0.381285
0.34591
0.312003
0.271294
0.238662
0.184823
0.164963
0.0789111
0.110492
-0.0573783
-13.3406
-13.3213
-13.278
-13.213
-13.1434
-13.071
-12.9951
-12.9171
-12.8375
-12.7569
-12.6754
-12.5933
-12.5108
-12.428
-12.3451
-12.262
-12.1787
-12.0953
-12.0116
-11.9274
-11.8426
-11.7569
-11.6701
-11.5817
-11.4911
-11.3979
-11.3012
-11.2002
-11.0939
-10.9814
-10.8618
-10.7344
-10.5988
-10.4547
-10.302
-10.1405
-9.96979
-9.78986
-9.60244
-9.41475
-9.24013
-9.09324
-8.97893
-8.88685
-8.79719
-8.69678
-8.60276
-8.52414
-8.54592
-8.77797
-9.37748
-10.5699
-12.6893
-15.7677
-19.0225
-21.3562
-22.1811
-21.3869
-19.1733
-15.8547
-11.7704
-7.50361
-3.62241
-0.53796
1.59388
2.84388
3.4113
3.51713
3.34408
3.02227
2.6383
2.24942
1.88758
1.57012
1.30529
1.09457
0.934831
0.819598
0.740305
0.687592
0.652491
0.627334
0.60629
0.585458
0.562703
0.5372
0.509102
0.478816
0.44725
0.414338
0.381414
0.346134
0.312633
0.271751
0.239988
0.18522
0.166745
0.0792416
0.106572
-0.0446023
-13.4486
-13.3799
-13.3128
-13.2426
-13.1688
-13.0929
-13.0149
-12.9353
-12.8545
-12.7726
-12.6901
-12.607
-12.5237
-12.4401
-12.3564
-12.2727
-12.1889
-12.1049
-12.0206
-11.9359
-11.8505
-11.7641
-11.6763
-11.5867
-11.4947
-11.3998
-11.3012
-11.1982
-11.0899
-10.9755
-10.8543
-10.7255
-10.589
-10.4444
-10.2919
-10.1318
-9.96461
-9.79162
-9.6155
-9.44162
-9.27814
-9.13323
-9.01103
-8.90446
-8.79895
-8.68876
-8.59976
-8.5817
-8.69311
-9.01949
-9.69906
-10.9028
-12.8167
-15.3913
-18.0591
-20.0328
-20.8246
-20.2767
-18.3378
-15.1494
-11.2179
-7.11352
-3.40605
-0.466618
1.58027
2.80085
3.36981
3.49115
3.33446
3.0261
2.65042
2.26407
1.90309
1.58551
1.31976
1.10729
0.945099
0.826988
0.74475
0.689357
0.652085
0.625393
0.603451
0.58227
0.559578
0.534379
0.50668
0.476742
0.445433
0.412569
0.379648
0.344062
0.310559
0.269013
0.237761
0.181855
0.165001
0.0766824
0.103517
-0.0392047
-14.1161
-14.1325
-13.7006
-13.2299
-13.1311
-13.2967
-13.406
-13.3838
-13.3464
-13.3832
-13.5696
-13.9633
-14.5515
-15.3347
-16.2898
-17.3137
-18.3292
-19.2262
-19.8581
-20.0751
-19.7236
-18.6388
-16.8911
-14.7643
-12.6764
-11.0498
-10.1667
-10.0539
-10.4633
-10.9384
-11.2224
-11.4712
-11.7108
-11.8409
-11.8289
-11.8264
-12.1279
-12.9204
-14.3391
-16.7281
-20.283
-24.7832
-29.5398
-33.5817
-36.0081
-36.2471
-33.7473
-28.4075
-21.0512
-12.8387
-5.01865
1.40312
5.9261
8.61366
9.85016
10.0909
9.75543
9.13873
8.42316
7.7075
7.04391
6.37751
5.67487
4.97103
4.28317
3.63611
3.05503
2.55651
2.14547
1.8173
1.56241
1.36964
1.22751
1.12452
1.04947
0.992124
0.943736
0.897449
0.848427
0.793948
0.733482
0.668622
0.602675
0.53975
0.483493
0.435976
0.397143
0.36518
0.337334
0.311105
0.284482
0.256786
0.227252
0.196846
0.164653
0.133463
0.101701
0.0712781
0.0454099
0.00872141
-14.8174
-14.8957
-14.4838
-14.2632
-14.3575
-14.5704
-14.6066
-14.3224
-13.7795
-13.334
-13.2241
-13.4644
-14.0578
-14.9176
-16.0721
-17.4827
-19.0524
-20.5958
-21.8483
-22.4891
-22.2753
-21.2178
-19.4192
-17.1383
-14.7851
-12.7999
-11.5237
-11.08
-11.2803
-11.7916
-12.2053
-12.2022
-11.9537
-11.6781
-11.454
-11.4516
-11.8246
-12.5918
-14.1565
-17.1885
-22.0409
-28.3344
-34.9508
-40.4211
-43.3755
-42.9309
-39.2101
-32.9037
-24.7719
-15.8502
-7.33647
-0.300588
4.71037
7.74539
9.21474
9.60802
9.37367
8.82207
8.14122
7.42925
6.70998
6.02321
5.395
4.77943
4.15554
3.55295
3.00582
2.53619
2.14914
1.83777
1.59118
1.39912
1.2527
1.14348
1.06284
1.00204
0.95271
0.907432
0.860341
0.807636
0.74795
0.682397
0.614158
0.547543
0.486678
0.434295
0.391097
0.356029
0.326991
0.301835
0.278446
0.255378
0.23058
0.203918
0.173395
0.142107
0.107964
0.0761951
0.047871
0.00764934
-15.0877
-15.2209
-15.6646
-16.4001
-17.1755
-17.6629
-17.6704
-17.157
-16.2513
-15.2235
-14.5603
-14.504
-14.9681
-15.89
-17.4098
-19.5305
-22.0645
-24.6707
-26.945
-28.4858
-28.9563
-28.2006
-26.2807
-23.5094
-20.3471
-17.3123
-14.8498
-13.2279
-12.484
-12.3472
-12.4388
-12.4524
-12.2078
-11.791
-11.4506
-11.4266
-12.0726
-13.8383
-17.548
-23.4373
-30.8933
-38.7068
-45.5662
-50.395
-52.4426
-51.3092
-47.0442
-40.0808
-31.1327
-21.2158
-11.5978
-3.52661
2.3213
5.94451
7.78876
8.44299
8.40911
8.02481
7.48647
6.897
6.30223
5.71726
5.12555
4.5372
3.98578
3.47743
3.01516
2.60352
2.24482
1.93928
1.68543
1.48025
1.31894
1.19495
1.1004
1.02691
0.966449
0.912138
0.858677
0.802507
0.742111
0.678125
0.613082
0.550628
0.494277
0.446184
0.40644
0.373315
0.34409
0.316283
0.288009
0.258783
0.228021
0.197047
0.16459
0.134534
0.10209
0.0760148
0.0454984
0.0164168
-15.7919
-16.0716
-17.1428
-18.3278
-19.3002
-19.8046
-19.773
-19.2277
-18.2226
-17.0478
-16.2209
-16.0712
-16.5913
-17.8412
-20.1347
-23.4338
-27.3949
-31.4901
-35.1286
-37.7503
-38.8877
-38.3064
-36.0601
-32.4728
-28.0684
-23.4882
-19.3397
-16.066
-13.8661
-12.6646
-12.1471
-11.9568
-11.7634
-11.5159
-11.3085
-11.5219
-12.8476
-16.258
-22.3306
-30.5154
-39.5306
-48.0536
-55.0641
-59.7726
-61.506
-59.8823
-55.0353
-47.4524
-37.7862
-26.9687
-16.2929
-7.15205
-0.405769
3.84934
6.12537
7.09802
7.31786
7.14094
6.76885
6.30692
5.80523
5.29286
4.78557
4.29041
3.80932
3.34828
2.92146
2.53984
2.20858
1.9279
1.6947
1.50413
1.35052
1.22776
1.12958
1.04976
0.982516
0.922609
0.865755
0.809027
0.750857
0.691074
0.630769
0.571894
0.516605
0.466568
0.42246
0.383945
0.34993
0.31918
0.290277
0.262342
0.233704
0.204639
0.172574
0.142108
0.106088
0.0809867
0.0379663
0.0343064
-16.4133
-16.953
-18.2448
-19.4875
-20.4365
-20.83
-20.6817
-20.117
-19.2135
-18.1817
-17.5322
-17.5948
-18.4101
-20.2734
-23.6264
-28.3276
-33.8688
-39.5398
-44.5809
-48.2885
-50.101
-49.7033
-47.0943
-42.5824
-36.7501
-30.3522
-24.1965
-18.979
-15.0776
-12.5455
-11.1271
-10.5699
-10.3183
-10.1967
-10.2099
-10.9102
-13.3148
-18.563
-26.6521
-36.4147
-46.3552
-55.338
-62.5649
-67.3255
-68.9077
-66.946
-61.6553
-53.6015
-43.4238
-31.9854
-20.5061
-10.5329
-3.07717
1.69475
4.35445
5.63765
6.12176
6.16872
5.98142
5.66931
5.29124
4.87994
4.45117
4.01757
3.5937
3.19151
2.81961
2.48297
2.18468
1.92581
1.70531
1.52088
1.36909
1.24547
1.14482
1.06166
0.990654
0.927207
0.867654
0.809405
0.751077
0.692486
0.634473
0.578525
0.526213
0.478635
0.436049
0.397899
0.363048
0.330363
0.298692
0.267674
0.236243
0.205416
0.172469
0.142787
0.1065
0.0846389
0.0364469
0.0452475
-16.6391
-17.4139
-18.6439
-19.9143
-20.8748
-21.1985
-20.9377
-20.2615
-19.3327
-18.4063
-18.0025
-18.4171
-19.662
-22.296
-26.8015
-32.9036
-39.9303
-47.0118
-53.2731
-57.9167
-60.2842
-60.0357
-57.137
-51.8735
-44.824
-36.7647
-28.6303
-21.4136
-15.7927
-11.8825
-9.48575
-8.28442
-7.82148
-7.69935
-7.95494
-9.28628
-12.9328
-19.8698
-29.5512
-40.4191
-50.9994
-60.3726
-67.8673
-72.7749
-74.3181
-72.1185
-66.4229
-57.967
-47.4519
-35.6254
-23.6764
-13.1921
-5.32441
-0.226485
2.71533
4.26248
4.98928
5.24665
5.23235
5.05773
4.78754
4.46224
4.1078
3.74217
3.37822
3.02569
2.69361
2.38946
2.1179
1.88064
1.67726
1.50565
1.36256
1.24402
1.14562
1.06283
0.99137
0.927431
0.867897
0.810503
0.753918
0.697717
0.64227
0.588478
0.537395
0.489853
0.446182
0.406207
0.369319
0.334903
0.30215
0.270854
0.239738
0.209662
0.177048
0.147736
0.109573
0.0883578
0.0335791
0.0497926
-16.3852
-17.1249
-18.3528
-19.6961
-20.6772
-20.9181
-20.4828
-19.6073
-18.5271
-17.614
-17.4057
-18.1945
-19.9037
-23.2827
-28.8454
-36.1726
-44.4293
-52.6389
-59.8578
-65.2511
-68.0884
-67.9749
-64.8765
-59.0852
-51.1754
-41.8945
-32.1557
-23.1434
-15.9171
-10.7427
-7.41248
-5.48788
-4.63911
-4.40838
-4.9075
-6.91929
-11.7217
-19.9928
-30.8273
-42.4524
-53.4873
-63.1841
-70.9351
-76.0022
-77.548
-75.1882
-69.2165
-60.4999
-49.7997
-37.8025
-25.6623
-15.0247
-7.05085
-1.83603
1.26855
3.01331
3.94129
4.37988
4.51796
4.46786
4.29973
4.05915
3.7757
3.47002
3.15799
2.85204
2.56172
2.29358
2.05151
1.83719
1.65076
1.49099
1.35563
1.24165
1.14555
1.06356
0.992042
0.927699
0.867825
0.810421
0.75428
0.698976
0.64477
0.592378
0.542646
0.496233
0.453362
0.413818
0.376973
0.342193
0.308631
0.276145
0.243548
0.21211
0.1782
0.148603
0.109464
0.0898522
0.0312437
0.0537015
-15.6468
-16.2745
-17.5959
-19.038
-20.0279
-20.1475
-19.4552
-18.2652
-16.9099
-15.9042
-15.8159
-16.9182
-19.0869
-23.0715
-29.4735
-37.7563
-46.955
-56.0022
-63.9283
-69.8918
-73.1226
-73.1519
-69.9412
-63.8108
-55.3493
-45.3098
-34.5173
-24.1596
-15.5824
-9.35624
-5.27246
-2.77256
-1.43953
-1.04176
-1.71953
-4.30991
-10.0037
-19.1907
-30.7395
-42.8326
-54.1539
-64.0489
-71.9365
-77.0579
-78.5842
-76.1544
-70.0916
-61.3125
-50.5949
-38.6188
-26.57
-16.0912
-8.2744
-3.11747
0.0479505
1.92757
3.01252
3.59912
3.86477
3.92098
3.84094
3.67406
3.45394
3.20414
2.94168
2.67901
2.42553
2.18816
1.97148
1.77794
1.60811
1.46117
1.33533
1.22806
1.1364
1.0572
0.987416
0.92428
0.86549
0.809316
0.754664
0.701073
0.648629
0.597789
0.549143
0.503185
0.460124
0.419887
0.382092
0.346372
0.312069
0.279145
0.246316
0.214882
0.180809
0.151358
0.111219
0.0921856
0.0300441
0.0565407
-14.6518
-15.2936
-16.7001
-18.2403
-19.2137
-19.1244
-18.0584
-16.4217
-14.7085
-13.5291
-13.4984
-14.8422
-17.3919
-21.8374
-28.8076
-37.7652
-47.6118
-57.2323
-65.63
-71.978
-75.483
-75.6614
-72.4703
-66.2183
-57.4869
-47.0629
-35.7038
-24.5075
-14.9707
-7.97377
-3.35874
-0.495605
1.21091
1.81416
1.05282
-1.90321
-8.12376
-17.7925
-29.6794
-41.9666
-53.3961
-63.3384
-71.2086
-76.2646
-77.7391
-75.3176
-69.3346
-60.6786
-50.107
-38.3362
-26.6176
-16.5552
-9.09451
-4.11876
-0.967372
0.994015
2.19416
2.89628
3.26577
3.41198
3.40951
3.30979
3.14824
2.94973
2.73229
2.50931
2.29073
2.08361
1.89253
1.71992
1.56669
1.43245
1.31599
1.21535
1.12819
1.05191
0.983976
0.922031
0.864104
0.808695
0.754848
0.702148
0.650649
0.600731
0.552895
0.507567
0.464924
0.424896
0.387104
0.351185
0.316462
0.282931
0.249314
0.217135
0.182252
0.152529
0.111555
0.0933145
0.0285897
0.0593001
-13.968
-14.648
-16.1222
-17.7016
-18.5835
-18.1899
-16.6152
-14.412
-12.2553
-10.8552
-10.8204
-12.3274
-15.1776
-19.931
-27.198
-36.5169
-46.7484
-56.6954
-65.3501
-71.8963
-75.5693
-75.916
-72.8753
-66.7043
-57.957
-47.446
-35.8845
-24.2803
-14.2186
-6.78497
-1.86299
1.19983
3.06178
3.85973
3.11316
0.0271273
-6.35672
-16.1076
-27.9891
-40.2351
-51.6118
-61.4598
-69.1859
-74.0896
-75.4949
-73.1399
-67.3536
-58.9493
-48.6507
-37.2463
-26.0603
-16.6032
-9.62219
-4.89646
-1.80549
0.197969
1.47902
2.26953
2.7229
2.94496
3.00984
2.96952
2.86049
2.70863
2.53271
2.34643
2.1598
1.98001
1.81184
1.65816
1.52028
1.39823
1.29112
1.19748
1.11537
1.04266
0.977233
0.917119
0.860654
0.806565
0.754026
0.702652
0.652447
0.603681
0.556731
0.511931
0.469431
0.42921
0.390996
0.354559
0.319331
0.285397
0.251463
0.219125
0.184007
0.154319
0.112698
0.0948927
0.0278145
0.061724
-14.0943
-14.8579
-16.4098
-17.9396
-18.5603
-17.6835
-15.4573
-12.5615
-9.89702
-8.23697
-8.14833
-9.75025
-12.8162
-17.7409
-25.0767
-34.4705
-44.8179
-54.882
-63.6267
-70.2402
-74.0053
-74.5163
-71.6962
-65.7336
-57.1612
-46.7965
-35.3053
-23.6365
-13.421
-5.85321
-0.846213
2.29037
4.1726
5.05736
4.40842
1.38817
-4.85715
-14.3622
-25.9558
-37.9604
-49.142
-58.7842
-66.2839
-70.9895
-72.3227
-70.0699
-64.5434
-56.4639
-46.5332
-35.6354
-25.141
-16.4046
-9.95607
-5.50489
-2.49891
-0.481849
0.853081
1.71005
2.23098
2.51708
2.64075
2.65355
2.59217
2.4829
2.34487
2.19213
2.03496
1.88073
1.7344
1.59898
1.47595
1.36568
1.2677
1.1809
1.10379
1.03466
0.971761
0.913451
0.858334
0.805331
0.753742
0.703246
0.653851
0.605804
0.559438
0.515064
0.472827
0.43272
0.394488
0.357917
0.322435
0.288147
0.253749
0.220962
0.185315
0.155397
0.113143
0.0957549
0.0268828
0.0637564
-15.0285
-16.0099
-17.8207
-19.4167
-19.6725
-18.0418
-14.8956
-11.1768
-7.90383
-5.95695
-5.77304
-7.40847
-10.6026
-15.5843
-22.8112
-32.0373
-42.2603
-52.256
-60.9591
-67.5515
-71.3573
-72.0186
-69.4362
-63.7473
-55.4806
-45.4321
-34.2056
-22.7234
-12.6467
-5.18964
-0.262169
2.84607
4.69413
5.55498
5.02661
2.2021
-3.69234
-12.7119
-23.8038
-35.4006
-46.2658
-55.6213
-62.8483
-67.3409
-68.6084
-66.4753
-61.2312
-53.5125
-44.0262
-33.754
-24.0586
-16.0868
-10.1675
-5.98569
-3.07487
-1.06363
0.305131
1.21187
1.78752
2.12791
2.3028
2.36266
2.34394
2.2731
2.16952
2.04742
1.9172
1.7863
1.65981
1.54095
1.43151
1.33217
1.24278
1.16257
1.09039
1.02489
0.964634
0.908286
0.854689
0.802951
0.752495
0.703057
0.654643
0.607462
0.561789
0.517888
0.475882
0.435783
0.397384
0.360539
0.324735
0.290141
0.255454
0.222465
0.186574
0.156609
0.113903
0.0968095
0.0263951
0.0655634
-16.2464
-17.5284
-19.7516
-21.6079
-21.6432
-19.2535
-15.0543
-10.3518
-6.46046
-4.17302
-3.86996
-5.49081
-8.73546
-13.6802
-20.6705
-29.5447
-39.4416
-49.1994
-57.7453
-64.2477
-68.0575
-68.8463
-66.493
-61.1123
-53.242
-43.6228
-32.7872
-21.6671
-11.9405
-4.76912
-0.0267065
2.98794
4.77971
5.56984
5.11889
2.55016
-2.87354
-11.2553
-21.6956
-32.7542
-43.2042
-52.2135
-59.1436
-63.4236
-64.6345
-62.6273
-57.6676
-50.3322
-41.3592
-31.8047
-22.9569
-15.7316
-10.3017
-6.36902
-3.55574
-1.56336
-0.175361
0.768468
1.38855
1.77497
1.99442
2.09594
2.11545
2.07932
2.00698
1.91276
1.80715
1.69768
1.58959
1.48624
1.38963
1.30066
1.21944
1.14554
1.07814
1.01618
0.958526
0.904096
0.851948
0.801353
0.751844
0.703224
0.655521
0.608939
0.563738
0.520171
0.478363
0.438343
0.399925
0.362978
0.326997
0.292168
0.257181
0.223898
0.18765
0.157503
0.114343
0.0974674
0.0258482
0.0669931
-16.859
-18.4053
-20.9731
-23.0388
-22.9648
-20.2204
-15.3947
-9.9644
-5.52331
-2.9544
-2.54409
-4.09052
-7.31737
-12.1507
-18.8198
-27.2189
-36.6353
-46.0094
-54.2918
-60.6409
-64.419
-65.3065
-63.1659
-58.1178
-50.7048
-41.5753
-31.1993
-20.5594
-11.329
-4.5542
-0.0518792
2.8375
4.56241
5.27859
4.84769
2.53444
-2.37634
-10.0431
-19.738
-30.1653
-40.1251
-48.7445
-55.3651
-59.4385
-60.6003
-58.717
-54.0349
-47.1037
-38.7073
-29.9312
-21.9263
-15.3867
-10.3883
-6.67799
-3.95994
-1.9944
-0.597338
0.374093
1.0304
1.4559
1.71407
1.85236
1.90597
1.90105
1.85697
1.78807
1.70487
1.61497
1.52366
1.43448
1.34957
1.27011
1.19646
1.12845
1.06555
1.00695
0.951808
0.899247
0.848531
0.799083
0.750544
0.70278
0.655839
0.609918
0.565252
0.522074
0.480494
0.44055
0.402082
0.364991
0.328806
0.293757
0.258537
0.225063
0.188596
0.158363
0.114878
0.0981713
0.0255645
0.0682237
-16.9825
-18.3841
-21.0519
-23.1049
-23.0715
-20.2915
-15.3525
-9.70539
-4.97823
-2.26387
-1.75043
-3.25194
-6.38828
-11.0455
-17.3429
-25.1991
-34.0349
-42.9126
-50.8358
-56.9669
-60.6738
-61.6304
-59.6878
-54.993
-48.0733
-39.449
-29.5544
-19.4639
-10.8197
-4.49977
-0.25927
2.49522
4.14942
4.80389
4.36013
2.26354
-2.15249
-9.09422
-18.0019
-27.7388
-37.1532
-45.3493
-51.6515
-55.526
-56.6446
-54.8784
-50.4667
-43.9628
-36.1953
-28.2215
-21.0121
-15.0763
-10.4471
-6.93094
-4.30231
-2.36751
-0.968198
0.0236275
0.709423
1.16802
1.45978
1.63046
1.71448
1.7376
1.71905
1.67312
1.61033
1.53829
1.46238
1.38624
1.31221
1.24162
1.17507
1.11262
1.05397
0.998602
0.945863
0.895101
0.845751
0.79737
0.749698
0.702659
0.65633
0.610915
0.566644
0.523745
0.482334
0.442461
0.403982
0.366815
0.330501
0.295282
0.259852
0.226171
0.189454
0.159072
0.11527
0.0986619
0.0252797
0.0691639
)
;

boundaryField
{
    outlet
    {
        type            fixedValue;
        value           uniform 0;
    }
    inlet
    {
        type            zeroGradient;
    }
    lowerWall
    {
        type            zeroGradient;
    }
    upperWall
    {
        type            zeroGradient;
    }
    frontAndBack
    {
        type            empty;
    }
}


// ************************************************************************* //
