/*--------------------------------*- C++ -*----------------------------------*\
| =========                 |                                                 |
| \\      /  F ield         | OpenFOAM: The Open Source CFD Toolbox           |
|  \\    /   O peration     | Version:  2.1.1                                 |
|   \\  /    A nd           | Web:      www.OpenFOAM.org                      |
|    \\/     M anipulation  |                                                 |
\*---------------------------------------------------------------------------*/
FoamFile
{
    version     2.0;
    format      ascii;
    class       volScalarField;
    location    "0.11";
    object      epsilon;
}
// * * * * * * * * * * * * * * * * * * * * * * * * * * * * * * * * * * * * * //

dimensions      [0 2 -3 0 0 0 0];

internalField   nonuniform List<scalar> 
6820
(
151.448
203.151
260.735
321.761
383.63
443.73
499.775
550.059
593.525
629.733
658.751
681.019
697.212
708.127
714.59
717.398
717.278
714.874
710.734
705.317
699.001
692.088
684.819
677.382
669.92
662.543
655.327
648.343
641.547
635.344
627.883
628.025
593.345
11.7448
21.417
29.9428
38.6221
47.5759
56.5501
65.3079
73.6479
81.408
88.4798
94.8086
100.387
105.246
109.441
113.044
116.132
118.783
121.069
123.055
124.8
126.351
127.749
129.029
130.218
131.341
132.416
133.462
134.502
135.558
136.697
137.942
139.711
141.873
5.8378
7.51684
9.20671
10.8094
12.32
13.7477
15.0887
16.3396
17.4985
18.5654
19.5419
20.4318
21.2401
21.9735
22.6391
23.2445
23.7973
24.305
24.7743
25.2117
25.6227
26.0124
26.3851
26.7446
27.094
27.4361
27.7731
28.1072
28.4396
28.773
29.1089
29.4449
29.8239
5.24229
5.56004
6.00444
6.49349
6.98576
7.46202
7.91319
8.33496
8.72567
9.08515
9.41416
9.71403
9.98648
10.2334
10.4568
10.6587
10.8411
11.006
11.1551
11.2903
11.4132
11.5253
11.6279
11.7224
11.8098
11.8912
11.9673
12.039
12.1065
12.1705
12.2304
12.2871
12.3372
5.17349
5.18677
5.26821
5.39776
5.55639
5.7297
5.90782
6.08432
6.25517
6.41795
6.57125
6.71439
6.84712
6.9695
7.08182
7.18447
7.27796
7.36283
7.43968
7.50907
7.57161
7.62786
7.67838
7.72369
7.76429
7.80065
7.83319
7.86231
7.88837
7.91169
7.9325
7.95109
7.96751
5.16878
5.12131
5.09602
5.09481
5.11536
5.15307
5.20299
5.26075
5.32291
5.38691
5.45086
5.51345
5.57375
5.63116
5.68527
5.73587
5.78286
5.82623
5.86604
5.90238
5.93541
5.96527
5.99215
6.01623
6.0377
6.05675
6.07356
6.08831
6.10118
6.11234
6.12195
6.13012
6.13705
5.16887
5.11169
5.06116
5.01963
4.9884
4.96755
4.95615
4.95279
4.95586
4.96385
4.9754
4.98942
5.00497
5.02135
5.03799
5.05446
5.07044
5.08569
5.10004
5.11338
5.12562
5.13675
5.14674
5.15561
5.16337
5.17008
5.17577
5.1805
5.18432
5.1873
5.18949
5.19096
5.19176
5.16902
5.11062
5.05514
5.00339
4.95619
4.91414
4.87747
4.84611
4.81972
4.79781
4.77979
4.76509
4.75314
4.74345
4.73555
4.72908
4.72369
4.71913
4.71515
4.71159
4.70828
4.70511
4.70199
4.69883
4.6956
4.69224
4.68873
4.68505
4.68119
4.67716
4.67294
4.66854
4.66397
5.16904
5.11054
5.05431
5.00049
4.94927
4.9009
4.85559
4.81346
4.77456
4.73882
4.70611
4.67624
4.64896
4.62405
4.60125
4.58032
4.56104
4.54321
4.52664
4.51116
4.49663
4.48293
4.46994
4.45756
4.44572
4.43434
4.42337
4.41275
4.40245
4.39243
4.38267
4.37312
4.36378
5.16904
5.11054
5.0542
5.00002
4.94796
4.89803
4.85028
4.80472
4.76139
4.72029
4.6814
4.64467
4.61003
4.57738
4.54661
4.51762
4.49027
4.46445
4.44004
4.41692
4.395
4.37418
4.35435
4.33544
4.31738
4.30008
4.2835
4.26758
4.25226
4.2375
4.22326
4.20951
4.1962
5.16904
5.11053
5.05418
4.99994
4.94773
4.89748
4.84913
4.80265
4.758
4.71515
4.67407
4.63472
4.59706
4.56105
4.52664
4.49375
4.46233
4.43231
4.40362
4.3762
4.34996
4.32486
4.30081
4.27777
4.25567
4.23445
4.21407
4.19448
4.17562
4.15747
4.13997
4.1231
4.10681
5.16904
5.11052
5.05417
4.99991
4.94767
4.89735
4.84888
4.80219
4.7572
4.71386
4.67211
4.63191
4.5932
4.55594
4.52008
4.48559
4.4524
4.42047
4.38977
4.36022
4.3318
4.30445
4.27812
4.25278
4.22837
4.20486
4.1822
4.16035
4.13929
4.11896
4.09935
4.08041
4.06211
5.16904
5.11052
5.05416
4.99989
4.94764
4.89731
4.84881
4.80206
4.75699
4.71353
4.6716
4.63115
4.59212
4.55446
4.51812
4.48304
4.44919
4.41651
4.38498
4.35453
4.32514
4.29676
4.26936
4.24289
4.21733
4.19264
4.16878
4.14572
4.12343
4.10189
4.08105
4.0609
4.0414
5.16903
5.11051
5.05415
4.99988
4.94762
4.89728
4.84877
4.802
4.75691
4.71341
4.67143
4.63092
4.5918
4.55402
4.51753
4.48227
4.44819
4.41526
4.38342
4.35264
4.32287
4.29408
4.26623
4.23928
4.21321
4.18799
4.16357
4.13993
4.11705
4.0949
4.07344
4.05266
4.03252
5.16903
5.11051
5.05414
4.99987
4.9476
4.89725
4.84873
4.80196
4.75685
4.71334
4.67135
4.63081
4.59166
4.55385
4.51731
4.48199
4.44784
4.41483
4.38289
4.35199
4.32209
4.29315
4.26513
4.238
4.21173
4.18629
4.16164
4.13776
4.11462
4.09219
4.07045
4.04938
4.02894
5.16903
5.11051
5.05413
4.99986
4.94758
4.89723
4.8487
4.80192
4.75681
4.71328
4.67128
4.63073
4.59157
4.55374
4.51718
4.48184
4.44767
4.41462
4.38265
4.35171
4.32176
4.29277
4.26469
4.2375
4.21115
4.18563
4.16089
4.13691
4.11367
4.09113
4.06927
4.04807
4.0275
5.16903
5.1105
5.05413
4.99985
4.94757
4.89721
4.84868
4.80189
4.75676
4.71323
4.67122
4.63066
4.59149
4.55365
4.51708
4.48172
4.44754
4.41448
4.38249
4.35153
4.32156
4.29255
4.26445
4.23723
4.21085
4.18529
4.16052
4.1365
4.11321
4.09062
4.06872
4.04746
4.02683
5.16903
5.1105
5.05412
4.99984
4.94756
4.89719
4.84865
4.80186
4.75673
4.71319
4.67117
4.6306
4.59142
4.55356
4.51698
4.48162
4.44743
4.41435
4.38235
4.35138
4.3214
4.29238
4.26426
4.23702
4.21063
4.18506
4.16026
4.13622
4.11291
4.0903
4.06837
4.04709
4.02643
5.16903
5.1105
5.05412
4.99983
4.94755
4.89718
4.84863
4.80183
4.75669
4.71315
4.67112
4.63054
4.59135
4.55349
4.5169
4.48153
4.44733
4.41424
4.38223
4.35125
4.32126
4.29222
4.26409
4.23684
4.21044
4.18485
4.16004
4.13599
4.11266
4.09004
4.06809
4.04678
4.02611
5.16903
5.1105
5.05411
4.99982
4.94754
4.89716
4.84861
4.80181
4.75666
4.71311
4.67107
4.63049
4.59129
4.55342
4.51682
4.48144
4.44723
4.41414
4.38212
4.35113
4.32112
4.29207
4.26394
4.23668
4.21026
4.18466
4.15984
4.13577
4.11243
4.08979
4.06783
4.04651
4.02582
5.16903
5.1105
5.05411
4.99982
4.94753
4.89715
4.8486
4.80179
4.75664
4.71308
4.67103
4.63044
4.59123
4.55336
4.51675
4.48136
4.44714
4.41404
4.38201
4.35101
4.321
4.29194
4.26379
4.23652
4.21009
4.18448
4.15965
4.13557
4.11222
4.08956
4.06758
4.04625
4.02554
5.16903
5.11049
5.05411
4.99981
4.94752
4.89714
4.84858
4.80177
4.75661
4.71305
4.671
4.6304
4.59119
4.5533
4.51669
4.48129
4.44706
4.41395
4.38191
4.3509
4.32088
4.29181
4.26365
4.23637
4.20993
4.18431
4.15946
4.13537
4.11201
4.08934
4.06735
4.046
4.02528
5.16903
5.11049
5.05411
4.99981
4.94752
4.89713
4.84857
4.80175
4.75659
4.71302
4.67096
4.63036
4.59114
4.55325
4.51663
4.48122
4.44699
4.41387
4.38182
4.3508
4.32077
4.29169
4.26352
4.23623
4.20978
4.18415
4.15929
4.13519
4.11181
4.08913
4.06712
4.04577
4.02503
5.16903
5.11049
5.0541
4.99981
4.94751
4.89712
4.84856
4.80174
4.75657
4.713
4.67094
4.63033
4.5911
4.5532
4.51657
4.48116
4.44692
4.41379
4.38173
4.35071
4.32067
4.29158
4.2634
4.2361
4.20964
4.18399
4.15913
4.13501
4.11163
4.08893
4.06691
4.04554
4.0248
5.16903
5.11049
5.0541
4.9998
4.94751
4.89712
4.84855
4.80172
4.75656
4.71298
4.67091
4.63029
4.59106
4.55316
4.51653
4.48111
4.44685
4.41372
4.38166
4.35062
4.32057
4.29148
4.26329
4.23598
4.20951
4.18385
4.15898
4.13485
4.11145
4.08875
4.06671
4.04533
4.02457
5.16903
5.11049
5.0541
4.9998
4.9475
4.89711
4.84854
4.80171
4.75654
4.71296
4.67089
4.63027
4.59103
4.55313
4.51648
4.48106
4.4468
4.41366
4.38159
4.35055
4.32049
4.29138
4.26319
4.23587
4.20939
4.18372
4.15884
4.1347
4.11129
4.08857
4.06653
4.04514
4.02436
5.16903
5.11049
5.0541
4.9998
4.9475
4.89711
4.84854
4.8017
4.75653
4.71294
4.67087
4.63024
4.591
4.55309
4.51644
4.48101
4.44675
4.4136
4.38152
4.35047
4.32041
4.29129
4.26309
4.23576
4.20928
4.1836
4.1587
4.13456
4.11114
4.08841
4.06636
4.04495
4.02417
5.16903
5.11049
5.0541
4.9998
4.9475
4.8971
4.84853
4.8017
4.75652
4.71293
4.67086
4.63023
4.59099
4.55307
4.51642
4.48098
4.44671
4.41356
4.38147
4.35042
4.32035
4.29122
4.26301
4.23568
4.20918
4.18349
4.15859
4.13443
4.111
4.08827
4.0662
4.04478
4.02399
5.16903
5.11049
5.0541
4.9998
4.9475
4.8971
4.84853
4.80169
4.75651
4.71292
4.67084
4.63021
4.59096
4.55304
4.51638
4.48094
4.44667
4.41351
4.38142
4.35036
4.32028
4.29115
4.26293
4.23559
4.20909
4.18339
4.15848
4.13432
4.11088
4.08813
4.06606
4.04463
4.02383
5.16903
5.11049
5.0541
4.9998
4.9475
4.89711
4.84853
4.8017
4.75652
4.71293
4.67085
4.63022
4.59097
4.55305
4.51639
4.48094
4.44666
4.4135
4.3814
4.35034
4.32025
4.29112
4.26289
4.23554
4.20903
4.18333
4.15841
4.13424
4.11079
4.08804
4.06595
4.04452
4.02371
5.16903
5.11049
5.0541
4.9998
4.9475
4.8971
4.84853
4.80169
4.75651
4.71291
4.67083
4.63019
4.59094
4.55302
4.51636
4.48091
4.44663
4.41347
4.38137
4.3503
4.32022
4.29108
4.26285
4.2355
4.20899
4.18328
4.15836
4.13418
4.11073
4.08798
4.06589
4.04445
4.02364
5.16903
5.11049
5.0541
4.99981
4.94752
4.89714
4.84858
4.80176
4.75659
4.713
4.67093
4.6303
4.59105
4.55312
4.51646
4.48102
4.44673
4.41357
4.38147
4.3504
4.32032
4.29118
4.26296
4.23561
4.2091
4.1834
4.15848
4.13432
4.11087
4.08813
4.06606
4.04463
4.02383
5.16903
5.11051
5.05414
4.99985
4.94756
4.89718
4.84861
4.80178
4.75661
4.71302
4.67095
4.63033
4.59109
4.55318
4.51654
4.48112
4.44687
4.41373
4.38167
4.35065
4.32061
4.29152
4.26335
4.23606
4.20962
4.18399
4.15915
4.13506
4.1117
4.08904
4.06706
4.04573
4.02503
5.16903
5.1105
5.05415
4.99992
4.9477
4.89739
4.8489
4.80214
4.75703
4.71351
4.67151
4.63096
4.59181
4.55399
4.51746
4.48217
4.44806
4.4151
4.38322
4.3524
4.32259
4.29376
4.26586
4.23885
4.21271
4.18741
4.1629
4.13917
4.11618
4.0939
4.07231
4.05138
4.03109
5.16905
5.11063
5.05441
5.00026
4.9481
4.89786
4.84948
4.80288
4.75802
4.71482
4.67323
4.63317
4.59461
4.55747
4.5217
4.48725
4.45406
4.42209
4.39128
4.36159
4.33296
4.30536
4.27874
4.25306
4.22827
4.20435
4.18125
4.15894
4.13739
4.11656
4.09643
4.07696
4.05813
5.16908
5.11079
5.05488
5.00136
4.95017
4.9012
4.8544
4.80971
4.76709
4.72647
4.68778
4.65095
4.61589
4.58253
4.55077
4.52053
4.49173
4.46428
4.4381
4.41312
4.38926
4.36646
4.34466
4.32379
4.3038
4.28463
4.26624
4.24858
4.2316
4.21528
4.19957
4.18443
4.16984
5.16939
5.11359
5.06202
5.01464
4.97148
4.93247
4.89743
4.8661
4.83816
4.81328
4.79114
4.77144
4.75389
4.73824
4.72425
4.71171
4.70044
4.69027
4.68106
4.67267
4.66501
4.65796
4.65144
4.64539
4.63972
4.63439
4.62935
4.62456
4.61997
4.61555
4.61129
4.60714
4.6031
5.17808
5.16329
5.16947
5.1911
5.22423
5.26582
5.3135
5.36536
5.41999
5.4763
5.53346
5.59081
5.64784
5.70418
5.75952
5.81364
5.86639
5.91765
5.96734
6.01542
6.06186
6.10665
6.14981
6.19135
6.23131
6.26971
6.3066
6.34202
6.37603
6.40866
6.43997
6.47001
6.49884
5.63861
6.43047
7.14599
7.82609
8.49558
9.14845
9.77883
10.3844
10.9649
11.5213
12.055
12.5676
13.0606
13.5353
13.9932
14.4352
14.8625
15.2758
15.676
16.0637
16.4396
16.8042
17.1581
17.5016
17.8352
18.1594
18.4745
18.7808
19.0787
19.3686
19.6508
19.9254
20.1929
44.7794
48.3124
51.8864
55.4657
59.0311
62.5709
66.0743
69.5317
72.9342
76.2741
79.5445
82.7395
85.8542
88.8847
91.8278
94.6809
97.4425
100.112
102.687
105.17
107.56
109.859
112.066
114.185
116.216
118.162
120.024
121.805
123.507
125.133
126.685
128.165
129.578
704.654
833.862
939.295
1026.12
1097.77
1151.5
1183.03
1189.82
1173.03
1137.06
1088.11
1032.53
975.552
920.679
869.733
823.258
781.056
742.645
707.535
675.35
645.83
618.779
594.014
571.324
550.467
531.174
513.168
496.182
479.973
464.327
449.066
434.047
419.16
404.324
389.486
374.615
359.702
344.753
329.786
314.826
299.902
285.038
270.255
255.566
240.971
226.459
212.01
197.594
183.175
168.72
154.201
139.609
124.957
110.299
95.7315
81.4126
67.5639
54.4738
42.4843
31.9554
23.2001
16.3937
11.495
8.23694
6.21726
5.03305
4.3696
4.01645
3.84381
3.774
3.76073
3.77642
3.80471
3.83612
3.86538
3.88991
3.90875
3.922
3.93038
3.93497
3.93703
3.93787
3.93871
3.94066
3.94451
3.95076
3.9595
3.97045
3.98301
3.99632
4.00943
4.02138
4.03125
4.03827
4.04184
4.04151
4.03716
4.02802
4.01774
3.98836
146.306
152.956
163.236
178.574
200.435
229.85
267.145
311.591
361.265
413.157
463.525
508.509
544.832
570.4
584.61
588.27
583.19
571.644
555.881
537.789
518.755
499.669
481.022
463.031
445.749
429.141
413.141
397.671
382.657
368.027
353.713
339.659
325.813
312.137
298.605
285.206
271.94
258.817
245.854
233.07
220.485
208.112
195.958
184.02
172.284
160.728
149.319
138.023
126.802
115.625
104.476
93.3564
82.3015
71.3827
60.7175
50.4722
40.8584
32.1183
24.4941
18.1792
13.2612
9.68225
7.24679
5.68443
4.72912
4.16943
3.85825
3.69997
3.63384
3.62138
3.63821
3.66898
3.70418
3.73811
3.76759
3.79112
3.80831
3.81949
3.82545
3.82725
3.82611
3.82327
3.81993
3.81719
3.81593
3.81676
3.81998
3.82551
3.83298
3.84174
3.851
3.85989
3.86759
3.87332
3.87645
3.8765
3.87326
3.86592
3.85761
3.83263
30.1872
30.6243
31.2948
32.4131
34.051
36.3705
39.7029
44.4598
51.1088
60.1202
71.8836
86.6025
104.191
124.205
145.839
168.008
189.49
209.107
225.895
239.225
248.839
254.82
257.508
257.388
254.999
250.854
245.398
238.99
231.901
224.331
216.421
208.271
199.953
191.524
183.031
174.517
166.023
157.588
149.248
141.033
132.966
125.064
117.331
109.763
102.348
95.0642
87.8851
80.783
73.7332
66.7194
59.7401
52.815
45.9905
39.3433
32.9809
27.0365
21.6551
16.9724
13.0859
10.0274
7.751
6.1448
5.06426
4.36763
3.93772
3.68724
3.55479
3.49813
3.48849
3.50633
3.53846
3.57614
3.61369
3.6476
3.67589
3.6977
3.71291
3.72196
3.72564
3.72495
3.72101
3.71498
3.70801
3.70115
3.69532
3.69122
3.68927
3.68959
3.69199
3.69605
3.70114
3.70654
3.71149
3.71526
3.71726
3.71694
3.71403
3.70774
3.70073
3.67913
12.393
12.4711
12.5707
12.6995
12.8713
13.0852
13.3636
13.7435
14.2743
15.0178
16.0471
17.4456
19.3035
21.712
24.754
28.4898
32.9385
38.0613
43.7509
49.8318
56.0747
62.2209
68.0118
73.2171
77.6571
81.2141
83.8343
85.5212
86.3237
86.3214
85.6114
84.2971
82.4799
80.2546
77.7069
74.9129
71.939
68.8422
65.6701
62.4611
59.2444
56.04
52.8592
49.7054
46.5751
43.4597
40.3475
37.2267
34.0885
30.9308
27.7625
24.6059
21.4992
18.496
15.6617
13.0659
10.7721
8.82516
7.24262
6.01134
5.09319
4.43595
3.98468
3.68949
3.50887
3.41005
3.36785
3.36337
3.38258
3.41525
3.45403
3.49376
3.53092
3.56327
3.58952
3.60916
3.62223
3.62916
3.63071
3.62778
3.6214
3.61264
3.60255
3.59214
3.58231
3.5738
3.56713
3.56256
3.56008
3.55944
3.5602
3.56177
3.56353
3.5648
3.56502
3.56365
3.56037
3.55438
3.54801
3.52877
7.9844
8.00279
8.02084
8.03877
8.05828
8.08196
8.11119
8.14978
8.20318
8.2785
8.38446
8.53129
8.73046
8.99421
9.33494
9.76429
10.2922
10.9256
11.6675
12.5156
13.4616
14.4906
15.5806
16.7034
17.8255
18.9108
19.9228
20.8283
21.5997
22.2167
22.6676
22.9492
23.0653
23.0261
22.8461
22.5426
22.1343
21.6396
21.0757
20.4579
19.7983
19.1058
18.3861
17.6417
16.872
16.0744
15.2451
14.38
13.4765
12.5347
11.5593
10.5609
9.55601
8.56684
7.61902
6.73856
5.94818
5.26403
4.69383
4.23686
3.88547
3.62754
3.44875
3.33444
3.27077
3.24535
3.24754
3.2685
3.30112
3.33979
3.3802
3.41914
3.45432
3.48421
3.50793
3.52516
3.53598
3.54084
3.54038
3.53545
3.52694
3.51584
3.5031
3.48966
3.47638
3.464
3.45311
3.44405
3.43697
3.43177
3.42818
3.42577
3.42402
3.42236
3.42028
3.41725
3.41296
3.4066
3.40025
3.38237
6.14336
6.14828
6.15108
6.15209
6.15169
6.15022
6.1482
6.14632
6.14549
6.14686
6.15177
6.1618
6.17879
6.20476
6.24184
6.29214
6.35753
6.43945
6.5387
6.6553
6.78838
6.9361
7.0957
7.26352
7.43512
7.60546
7.76917
7.92087
8.05547
8.16856
8.25666
8.3174
8.34963
8.35335
8.32964
8.28042
8.20828
8.11613
8.00696
7.88359
7.74838
7.60305
7.44858
7.28515
7.11215
6.92826
6.73168
6.52035
6.29245
6.04681
5.78354
5.5045
5.21363
4.91701
4.62243
4.33866
4.07444
3.83741
3.6333
3.46546
3.33474
3.23983
3.17767
3.14405
3.13411
3.14284
3.16542
3.19741
3.23493
3.27467
3.31392
3.35052
3.38286
3.40982
3.43077
3.44547
3.45404
3.45686
3.45452
3.44776
3.43739
3.42427
3.40928
3.39327
3.37705
3.36134
3.34673
3.33365
3.32233
3.31283
3.30501
3.29858
3.29314
3.28826
3.28346
3.27829
3.27243
3.26508
3.25818
3.24069
5.19177
5.19052
5.18783
5.1837
5.17813
5.17115
5.16298
5.15388
5.1441
5.13388
5.12348
5.11315
5.10318
5.09391
5.08571
5.079
5.07419
5.07167
5.07174
5.07456
5.08011
5.08817
5.09829
5.1098
5.12185
5.13341
5.14337
5.15058
5.15389
5.1523
5.14493
5.13116
5.11058
5.08308
5.04877
5.00801
4.96133
4.90941
4.85298
4.7928
4.72954
4.66376
4.59584
4.52593
4.45398
4.37971
4.30263
4.22213
4.13754
4.04832
3.95419
3.85532
3.75254
3.64741
3.54222
3.4399
3.34368
3.25683
3.18224
3.12211
3.07774
3.04946
3.03665
3.03793
3.05134
3.07456
3.10511
3.14051
3.17838
3.21658
3.2532
3.28668
3.31578
3.33965
3.35776
3.36993
3.37628
3.37713
3.37302
3.36459
3.35256
3.33769
3.32079
3.30261
3.2839
3.26534
3.24752
3.2309
3.21578
3.2023
3.19046
3.1801
3.17095
3.16267
3.15488
3.14719
3.13929
3.13044
3.12246
3.10448
4.65836
4.65136
4.64352
4.63478
4.62517
4.61471
4.60345
4.59143
4.57872
4.56538
4.55147
4.53699
4.52198
4.50642
4.49034
4.47377
4.45675
4.43933
4.4216
4.4036
4.38539
4.36696
4.34829
4.32929
4.30982
4.28971
4.26872
4.2466
4.2231
4.19797
4.17097
4.14195
4.11078
4.07742
4.04188
4.00426
3.96471
3.92344
3.88067
3.83668
3.79171
3.746
3.69977
3.65316
3.60627
3.55916
3.5118
3.46415
3.41615
3.36776
3.31901
3.27006
3.2213
3.17333
3.12704
3.08357
3.04423
3.01042
2.98342
2.96432
2.95385
2.95227
2.9594
2.97461
2.99688
3.02492
3.05721
3.09214
3.12807
3.16342
3.19674
3.22679
3.25256
3.27333
3.28865
3.29836
3.30257
3.30155
3.29578
3.28581
3.27229
3.25591
3.23736
3.21735
3.19655
3.17559
3.15503
3.13533
3.11685
3.0998
3.08425
3.07016
3.05737
3.04565
3.03472
3.02423
3.01396
3.00316
2.9937
2.97443
4.35307
4.34073
4.32804
4.31493
4.30139
4.28737
4.27289
4.25795
4.2426
4.22683
4.21066
4.19407
4.17705
4.15953
4.14149
4.12287
4.10362
4.08371
4.0631
4.04179
4.01976
3.99703
3.9736
3.94947
3.92463
3.89909
3.87283
3.84582
3.81803
3.78942
3.75999
3.72969
3.69854
3.66654
3.63371
3.60011
3.5658
3.53085
3.49538
3.45948
3.42328
3.38689
3.35042
3.31401
3.27777
3.2418
3.20621
3.17114
3.1367
3.10305
3.07038
3.03896
3.00909
2.9812
2.9558
2.93348
2.91491
2.90074
2.89162
2.88807
2.89041
2.89877
2.91298
2.93264
2.95706
2.98533
3.01639
3.04902
3.08195
3.1139
3.1437
3.17028
3.19278
3.21055
3.2232
3.23058
3.23276
3.22999
3.22266
3.21129
3.19643
3.17872
3.15877
3.13721
3.11465
3.09167
3.0688
3.04649
3.02509
3.00487
2.98598
2.96844
2.9522
2.93712
2.923
2.90959
2.8967
2.88363
2.87235
2.85112
4.18118
4.16421
4.14715
4.12996
4.11262
4.09509
4.07738
4.05948
4.04141
4.02315
4.00472
3.98609
3.96724
3.94814
3.92875
3.90901
3.88887
3.86828
3.84719
3.82558
3.8034
3.78064
3.75728
3.73332
3.70877
3.68364
3.65794
3.63169
3.6049
3.5776
3.5498
3.52154
3.49285
3.46374
3.43426
3.40444
3.37433
3.34397
3.31342
3.28274
3.25198
3.22123
3.19056
3.16007
3.12986
3.10004
3.07074
3.04213
3.01437
2.98767
2.96227
2.93845
2.9165
2.89679
2.87969
2.86562
2.85499
2.84821
2.84565
2.84758
2.85417
2.86543
2.88121
2.90115
2.92472
2.9512
2.97972
3.00928
3.03882
3.06724
3.09353
3.11674
3.13611
3.15105
3.16119
3.16639
3.16668
3.16227
3.15352
3.14087
3.12482
3.10594
3.08478
3.06191
3.03788
3.01323
2.98842
2.9639
2.94002
2.91706
2.8952
2.87455
2.85512
2.83685
2.81963
2.80327
2.78766
2.77211
2.75878
2.73503
4.08848
4.06788
4.04733
4.02679
4.00626
3.9857
3.96512
3.94452
3.92389
3.90325
3.88258
3.86189
3.84116
3.82038
3.79951
3.77853
3.75739
3.73605
3.71447
3.69262
3.67046
3.64797
3.62511
3.60189
3.57828
3.5543
3.52995
3.50523
3.48017
3.45479
3.4291
3.40313
3.37691
3.35047
3.32384
3.29704
3.2701
3.24307
3.21597
3.18883
3.16172
3.13467
3.10775
3.08104
3.05462
3.0286
3.00311
2.97831
2.95437
2.93149
2.90992
2.88991
2.87174
2.85573
2.84221
2.83149
2.8239
2.81974
2.81926
2.82264
2.82998
2.84124
2.85628
2.87478
2.89627
2.92014
2.94564
2.97191
2.998
3.02296
3.04587
3.0659
3.08232
3.09462
3.10242
3.10559
3.10414
3.09823
3.08818
3.07437
3.05727
3.03737
3.01517
2.9912
2.96595
2.9399
2.91349
2.88713
2.86116
2.83587
2.81145
2.78806
2.76575
2.74454
2.72439
2.70516
2.68681
2.66869
2.65317
2.62651
4.04151
4.01837
3.99531
3.97232
3.94938
3.9265
3.90366
3.88088
3.85816
3.8355
3.81292
3.79041
3.76797
3.74559
3.72327
3.70098
3.67871
3.65642
3.63409
3.61169
3.5892
3.56659
3.54383
3.52091
3.49783
3.47456
3.45111
3.42749
3.40368
3.37971
3.35558
3.33131
3.30691
3.2824
3.25781
3.23314
3.20841
3.18366
3.1589
3.13415
3.10945
3.08485
3.06038
3.03612
3.01215
2.98856
2.96547
2.94302
2.92139
2.90075
2.88134
2.86338
2.84715
2.83291
2.82094
2.81154
2.80497
2.80148
2.80125
2.80444
2.8111
2.8212
2.83459
2.85097
2.86995
2.89097
2.91336
2.93636
2.95912
2.98078
3.00051
3.01754
3.03122
3.04106
3.04671
3.048
3.04495
3.03768
3.02645
3.01162
2.99359
2.9728
2.94972
2.92482
2.89855
2.87136
2.84363
2.81576
2.78806
2.7608
2.73421
2.70845
2.68363
2.65978
2.63693
2.61501
2.59403
2.57334
2.5556
2.52578
4.01942
3.9947
3.97004
3.94545
3.92092
3.89645
3.87205
3.84772
3.82348
3.79933
3.77528
3.75135
3.72753
3.70384
3.68027
3.65682
3.63347
3.61022
3.58705
3.56395
3.54089
3.51786
3.49484
3.47181
3.44878
3.42572
3.40263
3.3795
3.35633
3.33313
3.30989
3.28662
3.26332
3.24
3.21667
3.19334
3.17001
3.14671
3.12343
3.1002
3.07705
3.05401
3.03111
3.00841
2.98599
2.96394
2.94235
2.92136
2.90113
2.88183
2.86365
2.84681
2.83156
2.81813
2.80678
2.79776
2.7913
2.78761
2.78687
2.78918
2.79461
2.80309
2.8145
2.82858
2.84496
2.86313
2.88249
2.90236
2.92196
2.94051
2.95727
2.97152
2.98265
2.99021
2.99387
2.99345
2.98893
2.98042
2.96815
2.9524
2.93356
2.91202
2.8882
2.86253
2.83543
2.80729
2.7785
2.74939
2.72027
2.6914
2.663
2.63524
2.60824
2.5821
2.55684
2.53246
2.50902
2.48588
2.46598
2.43291
4.0098
3.9842
3.95864
3.93312
3.90765
3.88223
3.85686
3.83155
3.80633
3.78119
3.75616
3.73124
3.70645
3.68179
3.65728
3.63292
3.60871
3.58464
3.56071
3.53691
3.51324
3.48968
3.46624
3.44288
3.41962
3.39643
3.37332
3.35027
3.32729
3.30436
3.28149
3.25867
3.23591
3.2132
3.19054
3.16794
3.14539
3.12291
3.1005
3.07817
3.05593
3.03382
3.01187
2.99013
2.96866
2.94754
2.92687
2.90676
2.88736
2.86882
2.85131
2.83505
2.82024
2.80711
2.79587
2.78675
2.77997
2.7757
2.7741
2.77526
2.77924
2.78597
2.79534
2.80711
2.82093
2.83636
2.85285
2.86976
2.8864
2.90207
2.91605
2.92771
2.93649
2.94194
2.94376
2.94176
2.93591
2.92629
2.91307
2.89653
2.87699
2.85481
2.83038
2.80408
2.7763
2.74741
2.71775
2.68765
2.65739
2.62721
2.59732
2.5679
2.53909
2.51098
2.48364
2.45708
2.43142
2.406
2.38408
2.34781
4.00585
3.97982
3.9538
3.92781
3.90184
3.87589
3.84999
3.82414
3.79834
3.77262
3.74699
3.72146
3.69604
3.67076
3.64561
3.62061
3.59576
3.57108
3.54655
3.52219
3.49798
3.47393
3.45004
3.42629
3.40269
3.37923
3.35591
3.33272
3.30965
3.2867
3.26388
3.24116
3.21856
3.19607
3.17368
3.1514
3.12921
3.10713
3.08515
3.06328
3.04154
3.01994
2.99852
2.97732
2.9564
2.93582
2.91567
2.89605
2.87711
2.85897
2.84179
2.82577
2.81109
2.79794
2.78654
2.77708
2.76975
2.76471
2.76211
2.76202
2.76448
2.76945
2.77681
2.78634
2.79773
2.81057
2.82435
2.8385
2.85238
2.86535
2.87676
2.88602
2.89261
2.89612
2.89624
2.8928
2.88573
2.8751
2.86105
2.84382
2.82368
2.80097
2.77603
2.74923
2.72092
2.69143
2.6611
2.63021
2.59903
2.5678
2.53672
2.50596
2.47565
2.4459
2.4168
2.38837
2.36077
2.33332
2.30956
2.27027
4.00424
3.97802
3.95179
3.92556
3.89935
3.87315
3.84698
3.82084
3.79475
3.76871
3.74275
3.71686
3.69108
3.66541
3.63986
3.61445
3.58918
3.56407
3.53911
3.51432
3.4897
3.46525
3.44097
3.41686
3.39293
3.36916
3.34556
3.32213
3.29886
3.27575
3.2528
3.23
3.20736
3.18485
3.1625
3.14027
3.11819
3.09624
3.07442
3.05275
3.03122
3.00987
2.98871
2.96778
2.94713
2.92682
2.90694
2.88758
2.86885
2.85088
2.83382
2.81783
2.80308
2.78975
2.77803
2.76809
2.7601
2.75421
2.75055
2.74918
2.75014
2.75339
2.75882
2.76622
2.77531
2.78571
2.79696
2.80853
2.81984
2.8303
2.83933
2.84636
2.85092
2.85263
2.85118
2.84641
2.83824
2.8267
2.81191
2.79407
2.77344
2.75029
2.72496
2.69777
2.66904
2.6391
2.60824
2.57675
2.54486
2.51281
2.48078
2.44895
2.41743
2.38636
2.3558
2.32581
2.29656
2.26734
2.24199
2.19995
4.00351
3.97719
3.95087
3.92454
3.89821
3.8719
3.84559
3.81932
3.79307
3.76687
3.74073
3.71465
3.68866
3.66276
3.63697
3.6113
3.58576
3.56036
3.53511
3.51002
3.48509
3.46033
3.43574
3.41133
3.3871
3.36304
3.33918
3.31549
3.29198
3.26866
3.24552
3.22255
3.19975
3.17713
3.15468
3.13238
3.11025
3.08828
3.06647
3.04483
3.02336
3.00208
2.98101
2.96018
2.93965
2.91946
2.89969
2.88042
2.86176
2.84382
2.82673
2.81064
2.79571
2.78209
2.76996
2.75946
2.75077
2.744
2.73927
2.73665
2.73615
2.73775
2.74134
2.74673
2.75366
2.76177
2.77066
2.77982
2.78874
2.79687
2.80367
2.80863
2.81132
2.81135
2.80846
2.80247
2.79329
2.78093
2.76549
2.74714
2.72609
2.7026
2.67697
2.64949
2.62046
2.59018
2.55894
2.52699
2.49457
2.46188
2.42913
2.39645
2.364
2.33186
2.30014
2.26888
2.23827
2.20757
2.18087
2.13642
4.00307
3.97671
3.95033
3.92395
3.89757
3.87119
3.84483
3.81848
3.79215
3.76586
3.73962
3.71343
3.68731
3.66128
3.63533
3.6095
3.58378
3.55818
3.53273
3.50741
3.48226
3.45726
3.43243
3.40777
3.3833
3.359
3.33489
3.31096
3.28723
3.26368
3.24033
3.21716
3.19418
3.17139
3.14878
3.12636
3.10411
3.08205
3.06016
3.03846
3.01695
2.99565
2.97457
2.95375
2.93323
2.91306
2.8933
2.87404
2.85535
2.83735
2.82015
2.80389
2.78871
2.77475
2.76216
2.75108
2.74166
2.73401
2.72823
2.72438
2.72249
2.72252
2.72437
2.72786
2.73276
2.73874
2.74541
2.75234
2.75903
2.76499
2.76973
2.77277
2.77371
2.7722
2.76797
2.76086
2.75076
2.73766
2.72165
2.70286
2.68147
2.65772
2.63187
2.60419
2.57496
2.54446
2.51295
2.48068
2.44787
2.41473
2.38142
2.34812
2.31493
2.28198
2.24935
2.21708
2.18538
2.15348
2.12569
2.07921
4.00273
3.97634
3.94993
3.92352
3.8971
3.87069
3.84428
3.81788
3.79151
3.76516
3.73885
3.71259
3.68639
3.66026
3.63422
3.60826
3.58241
3.55667
3.53106
3.50558
3.48025
3.45506
3.43004
3.40518
3.38049
3.35598
3.33166
3.30752
3.28357
3.25982
3.23625
3.21289
3.18972
3.16675
3.14397
3.12139
3.09899
3.0768
3.0548
3.03299
3.0114
2.99003
2.9689
2.94803
2.92747
2.90726
2.88746
2.86813
2.84936
2.83125
2.8139
2.79742
2.78195
2.76761
2.75454
2.74287
2.73272
2.7242
2.71741
2.71239
2.70917
2.7077
2.70791
2.70962
2.71261
2.7166
2.72121
2.72605
2.73067
2.73461
2.73743
2.73869
2.73801
2.73506
2.72961
2.72146
2.71052
2.69677
2.68025
2.66109
2.63943
2.6155
2.58951
2.56172
2.53238
2.50176
2.47009
2.43761
2.40454
2.37108
2.33739
2.30362
2.2699
2.23633
2.20301
2.16997
2.13743
2.10458
2.07593
2.0278
4.00242
3.97601
3.94958
3.92314
3.89669
3.87025
3.8438
3.81737
3.79096
3.76457
3.73821
3.7119
3.68563
3.65943
3.6333
3.60725
3.5813
3.55544
3.52971
3.50409
3.47861
3.45327
3.42808
3.40304
3.37818
3.35348
3.32896
3.30463
3.28049
3.25654
3.23278
3.20923
3.18587
3.16272
3.13977
3.11702
3.09447
3.07213
3.05
3.02808
3.00638
2.98491
2.96369
2.94275
2.92212
2.90184
2.88196
2.86254
2.84366
2.8254
2.80786
2.79114
2.77536
2.76063
2.74707
2.73481
2.72395
2.71459
2.70682
2.70068
2.69619
2.69331
2.69197
2.69201
2.69322
2.69534
2.69803
2.70092
2.70361
2.70568
2.70671
2.70631
2.70413
2.69986
2.69327
2.68417
2.67246
2.65812
2.64117
2.6217
2.59984
2.57579
2.54973
2.52191
2.49255
2.46189
2.43017
2.3976
2.36439
2.33072
2.29677
2.26269
2.22859
2.19459
2.16076
2.12716
2.09399
2.06042
2.03113
1.98171
4.00213
3.97569
3.94924
3.92278
3.89631
3.86983
3.84336
3.8169
3.79045
3.76402
3.73762
3.71125
3.68493
3.65867
3.63246
3.60634
3.58029
3.55434
3.52849
3.50275
3.47714
3.45166
3.42633
3.40114
3.37611
3.35125
3.32656
3.30205
3.27773
3.2536
3.22966
3.20592
3.18239
3.15906
3.13594
3.11303
3.09033
3.06784
3.04557
3.02353
3.00171
2.98013
2.95882
2.93779
2.91706
2.89669
2.87671
2.85718
2.83817
2.81975
2.802
2.78503
2.76893
2.7538
2.73976
2.72691
2.71536
2.70519
2.69647
2.68926
2.68357
2.67936
2.67656
2.67502
2.67457
2.67494
2.67584
2.67693
2.67782
2.67815
2.67752
2.67558
2.67201
2.66651
2.65886
2.64888
2.63648
2.62161
2.60427
2.58455
2.56256
2.53845
2.51241
2.48463
2.45533
2.42473
2.39304
2.36048
2.32723
2.29348
2.2594
2.22513
2.19079
2.15649
2.12232
2.08832
2.05471
2.02063
1.99086
1.94049
4.00185
3.97539
3.94892
3.92243
3.89594
3.86944
3.84294
3.81645
3.78996
3.7635
3.73705
3.71064
3.68427
3.65794
3.63167
3.60547
3.57934
3.5533
3.52735
3.50151
3.47578
3.45018
3.42471
3.39938
3.3742
3.34918
3.32434
3.29966
3.27517
3.25087
3.22677
3.20286
3.17916
3.15566
3.13238
3.10931
3.08646
3.06383
3.04142
3.01924
2.99731
2.97562
2.9542
2.93306
2.91224
2.89177
2.87168
2.85202
2.83286
2.81427
2.79631
2.77907
2.76264
2.74712
2.7326
2.71917
2.70694
2.69599
2.68637
2.67814
2.67131
2.66584
2.66167
2.65866
2.65665
2.6554
2.65463
2.65403
2.65326
2.65197
2.64981
2.64644
2.64157
2.63492
2.62629
2.6155
2.60246
2.5871
2.56944
2.54952
2.52745
2.50335
2.47739
2.44974
2.42059
2.39014
2.35859
2.32613
2.29296
2.25923
2.22513
2.19079
2.15633
2.12187
2.08749
2.05323
2.01933
1.98489
1.95482
1.90378
4.00158
3.97511
3.94861
3.9221
3.89559
3.86906
3.84253
3.81601
3.78949
3.76299
3.73651
3.71005
3.68363
3.65724
3.63091
3.60464
3.57844
3.55231
3.52627
3.50033
3.4745
3.44878
3.42318
3.39772
3.37241
3.34725
3.32226
3.29743
3.27279
3.24833
3.22406
3.19999
3.17613
3.15247
3.12903
3.10581
3.08281
3.06004
3.0375
3.0152
2.99314
2.97134
2.94981
2.92857
2.90764
2.88705
2.86684
2.84706
2.82774
2.80896
2.79078
2.77327
2.75651
2.74059
2.7256
2.71162
2.69873
2.68702
2.67654
2.66734
2.65942
2.65277
2.64731
2.64293
2.63947
2.63671
2.6344
2.63224
2.62993
2.62713
2.62354
2.61884
2.61275
2.60502
2.59545
2.5839
2.57024
2.55444
2.53648
2.51642
2.49433
2.47032
2.44453
2.4171
2.3882
2.35801
2.3267
2.29446
2.26146
2.22788
2.19386
2.15956
2.1251
2.09059
2.05612
2.02174
1.98767
1.95303
1.92277
1.87129
4.00133
3.97484
3.94832
3.92179
3.89525
3.8687
3.84214
3.81559
3.78904
3.7625
3.73598
3.70948
3.68301
3.65658
3.63019
3.60385
3.57758
3.55137
3.52525
3.49921
3.47328
3.44745
3.42175
3.39617
3.37073
3.34544
3.3203
3.29533
3.27054
3.24593
3.22152
3.1973
3.17328
3.14948
3.12589
3.10252
3.07938
3.05647
3.0338
3.01137
2.98919
2.96727
2.94563
2.92428
2.90324
2.88254
2.86221
2.84228
2.82281
2.80384
2.78543
2.76765
2.75057
2.73425
2.71879
2.70426
2.69074
2.6783
2.667
2.65687
2.64794
2.64017
2.63351
2.62786
2.62305
2.6189
2.61516
2.61157
2.60782
2.60363
2.59869
2.59272
2.58545
2.57667
2.56619
2.55387
2.53961
2.52338
2.50517
2.48502
2.46297
2.43914
2.41361
2.38652
2.35799
2.32819
2.29726
2.26538
2.23269
2.19937
2.16557
2.13144
2.0971
2.06265
2.02821
1.99381
1.95969
1.92496
1.89462
1.84289
4.00109
3.97458
3.94804
3.92149
3.89493
3.86835
3.84177
3.81519
3.78861
3.76203
3.73547
3.70893
3.68242
3.65594
3.62949
3.6031
3.57676
3.55048
3.52428
3.49816
3.47213
3.44621
3.42039
3.3947
3.36915
3.34373
3.31847
3.29337
3.26844
3.24369
3.21913
3.19477
3.17061
3.14666
3.12293
3.09943
3.07615
3.05311
3.03031
3.00776
2.98546
2.96343
2.94168
2.92022
2.89907
2.87825
2.85779
2.83773
2.81809
2.79893
2.78029
2.76223
2.74482
2.72812
2.7122
2.69714
2.68301
2.66988
2.65779
2.6468
2.63691
2.62811
2.62035
2.61352
2.60749
2.60205
2.597
2.59207
2.58698
2.58145
2.57519
2.56796
2.55951
2.54964
2.53819
2.52507
2.51019
2.49353
2.47509
2.4549
2.433
2.40945
2.38434
2.35774
2.32977
2.30054
2.27018
2.23882
2.20663
2.17374
2.14032
2.1065
2.07241
2.03816
2.00387
1.96956
1.93551
1.90079
1.87045
1.81863
4.00086
3.97434
3.94778
3.92121
3.89462
3.86802
3.84142
3.81481
3.7882
3.76159
3.735
3.70842
3.68186
3.65533
3.62883
3.60238
3.57598
3.54964
3.52336
3.49716
3.47105
3.44504
3.41913
3.39333
3.36767
3.34214
3.31676
3.29153
3.26648
3.2416
3.2169
3.19241
3.16811
3.14403
3.12017
3.09653
3.07313
3.04996
3.02704
3.00437
2.98196
2.95982
2.93796
2.9164
2.89513
2.8742
2.85362
2.83341
2.81361
2.79425
2.77539
2.75707
2.73934
2.72226
2.70591
2.69034
2.67563
2.66184
2.64902
2.63723
2.62647
2.61674
2.60797
2.60008
2.59292
2.58631
2.58002
2.5738
2.56738
2.56049
2.55286
2.54426
2.53449
2.5234
2.51087
2.49684
2.48127
2.46417
2.44554
2.42541
2.4038
2.38074
2.35628
2.33044
2.3033
2.27492
2.2454
2.21484
2.18339
2.15118
2.11835
2.08503
2.05137
2.01748
1.98346
1.94938
1.91548
1.88087
1.85062
1.79881
4.00065
3.97411
3.94754
3.92094
3.89434
3.86771
3.84108
3.81445
3.78781
3.76117
3.73454
3.70793
3.68133
3.65476
3.62821
3.60171
3.57525
3.54885
3.5225
3.49623
3.47004
3.44394
3.41794
3.39206
3.36629
3.34066
3.31517
3.28983
3.26466
3.23966
3.21484
3.19022
3.1658
3.14159
3.11761
3.09385
3.07032
3.04704
3.02401
3.00123
2.97872
2.95648
2.93452
2.91285
2.89148
2.87044
2.84974
2.8294
2.80945
2.78991
2.77084
2.75226
2.73423
2.71681
2.70005
2.68402
2.66878
2.6544
2.64094
2.62843
2.6169
2.60633
2.59666
2.5878
2.57959
2.57183
2.5643
2.55672
2.54883
2.54037
2.53111
2.52086
2.50948
2.49688
2.48303
2.46792
2.45159
2.43406
2.41537
2.39552
2.3745
2.35231
2.32891
2.30428
2.27842
2.25135
2.22311
2.19378
2.16345
2.13226
2.10032
2.06777
2.03476
2.00141
1.96783
1.93409
1.90047
1.86604
1.83594
1.7842
4.00046
3.9739
3.94731
3.9207
3.89407
3.86743
3.84078
3.81412
3.78745
3.76079
3.73412
3.70747
3.68084
3.65423
3.62764
3.60109
3.57458
3.54812
3.52171
3.49538
3.46912
3.44294
3.41686
3.39089
3.36503
3.3393
3.31371
3.28827
3.263
3.23789
3.21296
3.18823
3.1637
3.13938
3.11529
3.09142
3.06779
3.04441
3.02128
2.99841
2.9758
2.95348
2.93144
2.90969
2.88824
2.86711
2.84632
2.82587
2.80579
2.78612
2.76687
2.74808
2.72981
2.71209
2.69499
2.67857
2.66289
2.64802
2.63401
2.62089
2.60869
2.59736
2.58684
2.577
2.56767
2.55861
2.54957
2.54027
2.53047
2.51992
2.50847
2.49599
2.48247
2.46792
2.45243
2.4361
2.41903
2.40128
2.3829
2.36386
2.34409
2.3235
2.30196
2.27935
2.25559
2.23059
2.20435
2.17688
2.14824
2.11855
2.08791
2.05647
2.02438
1.99178
1.9588
1.92552
1.89224
1.85804
1.82811
1.77639
4.00029
3.97371
3.94711
3.92048
3.89384
3.86717
3.8405
3.81382
3.78713
3.76044
3.73375
3.70707
3.6804
3.65375
3.62712
3.60053
3.57397
3.54746
3.52101
3.49462
3.46829
3.44205
3.41591
3.38986
3.36393
3.33812
3.31245
3.28692
3.26155
3.23636
3.21134
3.18652
3.1619
3.1375
3.11331
3.08937
3.06566
3.04221
3.01901
2.99608
2.97343
2.95106
2.92898
2.9072
2.88572
2.86456
2.84373
2.82325
2.80312
2.78338
2.76404
2.74514
2.72672
2.70882
2.69149
2.67479
2.65879
2.64352
2.62905
2.61538
2.60249
2.59034
2.57879
2.56767
2.55676
2.5458
2.5345
2.5226
2.50989
2.49623
2.48158
2.46598
2.4496
2.43264
2.41533
2.39793
2.3806
2.36343
2.34642
2.32946
2.31236
2.29486
2.27667
2.25754
2.23722
2.21554
2.19239
2.16772
2.14156
2.11399
2.08513
2.05515
2.02423
1.99253
1.96023
1.92744
1.89446
1.86042
1.83056
1.77864
4.00016
3.97357
3.94695
3.92031
3.89365
3.86697
3.84028
3.81358
3.78687
3.76016
3.73345
3.70674
3.68005
3.65338
3.62672
3.6001
3.57351
3.54696
3.52047
3.49404
3.46767
3.44139
3.4152
3.3891
3.36312
3.33726
3.31153
3.28596
3.26054
3.23529
3.21023
3.18536
3.1607
3.13626
3.11205
3.08808
3.06436
3.0409
3.01772
2.99481
2.97219
2.94987
2.92785
2.90614
2.88474
2.86368
2.84294
2.82255
2.80252
2.78285
2.76358
2.74472
2.7263
2.70835
2.69093
2.67405
2.65777
2.64211
2.62706
2.61261
2.59866
2.5851
2.57172
2.5583
2.54456
2.53021
2.51501
2.49877
2.48143
2.46306
2.44385
2.42417
2.40443
2.38512
2.36669
2.34949
2.33373
2.31942
2.30642
2.29438
2.28284
2.27129
2.25917
2.24597
2.23127
2.21476
2.19622
2.17556
2.15275
2.12788
2.10115
2.07279
2.04305
2.01216
1.98033
1.94774
1.91475
1.88045
1.85032
1.79745
4.00009
3.97349
3.94687
3.92023
3.89356
3.86688
3.84019
3.81348
3.78677
3.76006
3.73335
3.70664
3.67995
3.65327
3.62662
3.59999
3.57341
3.54687
3.52038
3.49395
3.46759
3.44131
3.41513
3.38905
3.36308
3.33724
3.31153
3.28598
3.2606
3.23539
3.21038
3.18557
3.16098
3.13662
3.11251
3.08866
3.06507
3.04176
3.01875
2.99603
2.97363
2.95154
2.92978
2.90834
2.88724
2.86648
2.84606
2.82598
2.80625
2.78687
2.76785
2.74918
2.73087
2.71293
2.69534
2.67811
2.66122
2.6446
2.62818
2.61183
2.59539
2.57864
2.56131
2.54313
2.52386
2.50329
2.48136
2.45814
2.43393
2.40918
2.38458
2.36092
2.33902
2.31967
2.30348
2.2908
2.28167
2.2758
2.27261
2.27129
2.27086
2.27034
2.26877
2.26534
2.25938
2.25046
2.23828
2.22267
2.20366
2.18151
2.15659
2.12928
2.09996
2.06898
2.03665
2.0032
1.96908
1.93337
1.90192
1.84625
4.0003
3.97373
3.94714
3.92052
3.89389
3.86725
3.8406
3.81394
3.78728
3.76063
3.73398
3.70734
3.68073
3.65413
3.62757
3.60104
3.57456
3.54813
3.52176
3.49546
3.46924
3.44311
3.41708
3.39117
3.36539
3.33974
3.31425
3.28892
3.26378
3.23883
3.2141
3.18958
3.16531
3.1413
3.11756
3.09409
3.07093
3.04807
3.02553
3.00332
2.98144
2.95991
2.93872
2.91787
2.89736
2.87719
2.85733
2.83777
2.8185
2.79947
2.78064
2.76197
2.74339
2.72483
2.70619
2.68735
2.66816
2.64845
2.62802
2.60663
2.58404
2.56003
2.53437
2.50695
2.47776
2.44698
2.41504
2.38259
2.35061
2.32028
2.29295
2.26998
2.25261
2.24174
2.23788
2.24095
2.25036
2.265
2.28335
2.30369
2.3242
2.34315
2.35905
2.37071
2.37729
2.37828
2.37332
2.36225
2.34567
2.32427
2.29875
2.2698
2.23802
2.20396
2.16806
2.13067
2.09233
2.05203
2.01652
1.9534
4.00162
3.9752
3.94876
3.92232
3.89588
3.86944
3.843
3.81658
3.79017
3.76378
3.73741
3.71108
3.68478
3.65852
3.63232
3.60617
3.58008
3.55407
3.52814
3.50231
3.47657
3.45095
3.42545
3.4001
3.37489
3.34985
3.32498
3.30031
3.27585
3.25161
3.22761
3.20386
3.18038
3.15718
3.13428
3.11168
3.08939
3.06743
3.0458
3.0245
3.00353
2.98288
2.96254
2.94248
2.92267
2.90306
2.88361
2.86422
2.84482
2.82526
2.80542
2.78511
2.76413
2.74223
2.71917
2.69465
2.66839
2.64012
2.60959
2.57663
2.54117
2.50327
2.46316
2.42132
2.37849
2.33574
2.29449
2.25649
2.22376
2.1985
2.18279
2.17848
2.18682
2.2083
2.24248
2.28797
2.34249
2.4031
2.46641
2.52896
2.58749
2.63919
2.6819
2.71426
2.73549
2.74504
2.74256
2.72966
2.70798
2.67902
2.64414
2.60452
2.56117
2.5149
2.46639
2.41613
2.36489
2.31133
2.26431
2.18168
4.00817
3.98233
3.95652
3.93074
3.90499
3.87928
3.85361
3.828
3.80243
3.77692
3.75147
3.72609
3.70078
3.67555
3.65041
3.62536
3.6004
3.57555
3.55081
3.5262
3.50172
3.47738
3.4532
3.42917
3.40532
3.38166
3.35819
3.33493
3.31189
3.28908
3.26651
3.24419
3.22212
3.20031
3.17877
3.15749
3.13646
3.11568
3.09512
3.07476
3.05455
3.03446
3.01441
2.99431
2.97405
2.9535
2.93249
2.91079
2.88817
2.86434
2.83894
2.81163
2.78199
2.74963
2.71418
2.67535
2.63296
2.587
2.53767
2.48546
2.43113
2.37579
2.32094
2.26845
2.22066
2.18035
2.15068
2.13516
2.13738
2.16077
2.20812
2.28115
2.38006
2.50311
2.64656
2.80476
2.97064
3.13636
3.29413
3.43693
3.55913
3.65691
3.72831
3.7735
3.79204
3.78506
3.75737
3.71292
3.6551
3.58685
3.51069
3.42875
3.34278
3.25418
3.16406
3.07318
2.9827
2.89045
2.81048
2.67523
4.03692
4.01307
3.9893
3.96563
3.94205
3.91856
3.89517
3.87188
3.84869
3.8256
3.8026
3.77971
3.75692
3.73423
3.71165
3.68917
3.66681
3.64455
3.6224
3.60037
3.57845
3.55665
3.53497
3.51341
3.49198
3.47066
3.44947
3.4284
3.40744
3.38658
3.36583
3.34515
3.32453
3.30395
3.28338
3.26277
3.24207
3.22122
3.20014
3.17873
3.15688
3.13445
3.11126
3.08712
3.06178
3.03497
3.00637
2.97562
2.94234
2.90613
2.8666
2.82342
2.77634
2.72532
2.67052
2.61245
2.55202
2.49058
2.43001
2.37271
2.32168
2.28056
2.25374
2.24645
2.26479
2.31577
2.40703
2.54639
2.74088
2.99549
3.31164
3.68599
4.10962
4.56802
5.04208
5.50985
5.94895
6.33897
6.66362
6.912
7.079
7.16592
7.17869
7.12496
7.01669
6.86619
6.68276
6.47473
6.24963
6.0141
5.77366
5.53271
5.29456
5.0616
4.83553
4.61718
4.40825
4.20351
4.03013
3.75331
4.15345
4.13509
4.11685
4.09871
4.08068
4.06274
4.04488
4.02708
4.00935
3.99166
3.974
3.95636
3.93873
3.9211
3.90344
3.88575
3.86802
3.85022
3.83234
3.81436
3.79627
3.77805
3.75967
3.74112
3.72236
3.70338
3.68413
3.6646
3.64474
3.62451
3.60387
3.58276
3.56114
3.53894
3.5161
3.49253
3.46816
3.44289
3.41663
3.38928
3.36071
3.33084
3.29954
3.26674
3.23236
3.19641
3.15895
3.12017
3.08045
3.04038
3.00088
2.96328
2.92938
2.9016
2.88302
2.8775
2.88977
2.92552
2.99159
3.09623
3.24932
3.46278
3.75075
4.1295
4.61687
5.23093
5.98757
6.89666
7.95728
9.15368
10.4534
11.8086
13.1603
14.4448
15.6008
16.5762
17.3326
17.8476
18.1154
18.1455
17.958
17.5898
17.0771
16.4504
15.7388
14.9704
14.1711
13.363
12.564
11.7875
11.0427
10.3356
9.66949
9.04541
8.46339
7.92149
7.42068
6.94618
6.55369
5.95527
4.59849
4.5932
4.58779
4.58222
4.57647
4.57051
4.56429
4.55778
4.55096
4.54378
4.53621
4.52822
4.51978
4.51084
4.50139
4.49137
4.48077
4.46956
4.45769
4.44516
4.43193
4.41799
4.40333
4.38794
4.37182
4.35499
4.33746
4.31927
4.30049
4.28117
4.26143
4.24139
4.22122
4.20112
4.18135
4.16226
4.14423
4.1278
4.11361
4.10246
4.09537
4.09363
4.09885
4.11309
4.13892
4.17957
4.23909
4.32249
4.43592
4.58681
4.78403
5.03798
5.36061
5.7654
6.2673
6.88257
7.62874
8.52459
9.59017
10.8469
12.3173
14.0239
15.9868
18.2198
20.7245
23.4839
26.4533
29.5545
32.6764
35.6856
38.4404
40.8083
42.6811
43.9857
44.6899
44.8016
44.3638
43.4445
42.1255
40.4999
38.6523
36.6456
34.5417
32.4015
30.2763
28.2049
26.2151
24.3252
22.5462
20.8834
19.3378
17.9073
16.5881
15.3744
14.2607
13.2383
12.3068
11.4341
10.7212
9.64774
6.531
6.56675
6.60193
6.63653
6.67053
6.70392
6.73672
6.76892
6.80057
6.83168
6.86231
6.89252
6.92239
6.95202
6.98153
7.01107
7.04083
7.071
7.10184
7.13364
7.16674
7.20153
7.23846
7.27807
7.32095
7.36779
7.41939
7.47664
7.5406
7.61247
7.6936
7.78561
7.89033
8.00989
8.14682
8.30403
8.48501
8.69383
8.93539
9.21551
9.54117
9.92072
10.3642
10.8837
11.4936
12.2111
13.0567
14.0542
15.2316
16.621
18.2583
20.1834
22.4391
25.0696
28.1181
31.6235
35.6152
40.1075
45.0922
50.5317
56.3534
62.4453
68.6554
74.7931
80.6366
85.9413
90.4407
93.8819
96.0706
96.9054
96.3928
94.6418
91.8401
88.2211
84.0287
79.4905
74.8045
70.1213
65.5446
61.1342
56.9325
52.9654
49.2434
45.7657
42.5255
39.513
36.717
34.126
31.7285
29.5132
27.4691
25.5854
23.852
22.258
20.7952
19.4502
18.2246
17.0712
16.1336
14.7033
20.4967
20.8411
21.1876
21.5364
21.8877
22.2418
22.5988
22.9592
23.3233
23.6915
24.0643
24.4422
24.8259
25.2158
25.6128
26.0177
26.4312
26.8543
27.2881
27.7335
28.1919
28.6645
29.1528
29.6583
30.1827
30.7281
31.2964
31.89
32.5117
33.1645
33.8518
34.5776
35.3465
36.1638
37.0357
37.9692
38.973
40.057
41.2327
42.5141
43.9175
45.4622
47.1712
49.0719
51.1966
53.584
56.2799
59.3385
62.8236
66.8097
71.3817
76.6346
82.6692
89.5852
97.4673
106.364
116.26
127.035
138.429
150.014
161.187
171.208
179.281
184.688
186.921
185.792
181.458
174.446
165.506
155.409
144.827
134.278
124.115
114.554
105.702
97.5888
90.1893
83.4619
77.3611
71.836
66.8332
62.2993
58.1835
54.4394
51.0253
47.9047
45.046
42.4226
40.0118
37.794
35.7531
33.8743
32.1459
30.5552
29.0947
27.7486
26.5233
25.3632
24.4288
22.9756
131.14
132.861
134.536
136.161
137.733
139.249
140.705
142.099
143.429
144.69
145.881
146.999
148.041
149.003
149.884
150.68
151.389
152.007
152.533
152.962
153.293
153.521
153.643
153.657
153.559
153.345
153.012
152.556
151.972
151.256
150.404
149.412
148.273
146.984
145.537
143.928
142.15
140.196
138.059
135.732
133.206
130.475
127.528
124.359
120.96
117.326
113.454
109.345
105.008
100.464
95.7454
90.9081
86.0338
81.2383
76.6765
72.5449
69.0784
66.5364
65.1764
65.2107
66.7482
69.7329
73.9057
78.8104
83.8483
88.4445
92.2579
94.9528
96.3445
96.4966
95.6324
94.0271
91.9373
89.5705
87.0789
84.5596
82.0635
79.6226
77.2641
75.01
72.8749
70.8647
68.9794
67.2144
65.5631
64.0185
62.5736
61.2223
59.9598
58.7819
57.6854
56.668
55.727
54.8614
54.0671
53.3461
52.6892
52.098
51.6135
50.9106
4.57475
4.15992
5.51653
5.88148
5.56552
4.86051
3.93929
3.56624
7.38735
16.5169
28.0067
40.7899
54.3544
68.3186
82.3797
96.2919
109.86
122.942
135.457
147.381
158.742
169.608
180.069
190.225
200.171
209.992
219.751
229.491
239.226
248.945
258.615
268.188
277.619
286.889
296.013
304.91
313.487
321.735
329.601
337.026
343.941
350.277
355.964
360.935
365.126
368.477
370.936
372.454
372.991
372.513
370.991
368.402
364.732
359.97
354.11
347.154
339.109
329.99
319.831
308.692
296.7
284.15
271.748
261.219
252.179
242.71
232.408
221.261
209.38
196.951
184.232
171.526
159.15
147.389
136.463
126.508
117.58
109.663
102.696
96.5883
91.2369
86.5382
82.3945
78.7175
75.431
72.4707
69.7839
67.3277
65.068
62.9731
61.0053
59.1281
57.319
55.5726
53.8986
52.3096
50.8325
49.4384
48.3121
46.6204
14.6163
9.98699
8.17579
7.33222
7.19478
8.17487
11.2275
16.7221
24.2204
32.6757
41.2322
49.5983
57.6919
65.5487
73.2382
80.809
88.2716
95.607
102.785
109.783
116.591
123.22
129.692
136.041
142.301
148.505
154.677
160.834
166.983
173.12
179.24
185.334
191.403
197.455
203.473
209.426
215.26
220.949
226.462
231.762
236.805
241.545
245.936
249.928
253.473
256.527
259.042
260.979
262.299
262.966
262.949
262.223
260.765
258.56
255.594
251.862
247.361
242.097
236.079
229.331
221.889
213.82
205.236
196.274
186.848
176.816
166.159
154.943
143.291
131.378
119.423
107.686
96.4356
85.9194
76.3311
67.7898
60.3355
53.9386
48.5183
43.9626
40.1466
36.9467
34.2499
31.9585
29.9917
28.2851
26.7886
25.4642
24.2829
23.2272
22.3141
21.5416
20.8759
20.2744
19.7055
19.152
18.6124
18.0712
17.6112
16.8479
25.2769
14.5002
12.1685
11.391
12.0621
14.7087
19.529
25.827
32.5937
39.2576
45.7667
52.2147
58.7246
65.403
72.2979
79.388
86.6001
93.8397
101.018
108.072
114.966
121.695
128.274
134.734
141.109
147.437
153.751
160.081
166.449
172.871
179.356
185.907
192.516
199.15
205.81
212.466
219.081
225.62
232.041
238.299
244.344
250.124
255.583
260.663
265.309
269.463
273.072
276.082
278.445
280.114
281.046
281.203
280.548
279.052
276.686
273.425
269.247
264.13
258.059
251.021
243.01
234.033
224.107
213.252
201.472
188.782
175.254
161.025
146.302
131.364
116.554
102.255
88.8443
76.6468
65.8824
56.6458
48.9104
42.5551
37.4019
33.251
29.9082
27.201
24.9858
23.1482
21.5999
20.2744
19.122
18.1066
17.2014
16.3872
15.6509
14.9805
14.3567
13.7741
13.2315
12.7271
12.2596
11.8186
11.4501
10.8872
33.7978
18.9211
16.6942
16.3029
17.4153
20.2761
24.7147
30.0341
35.6006
41.1887
46.8476
52.6731
58.7502
65.1328
71.8298
78.8065
85.9971
93.3226
100.707
108.09
115.429
122.704
129.913
137.067
144.191
151.312
158.461
165.667
172.954
180.343
187.847
195.468
203.196
211.016
218.905
226.824
234.729
242.576
250.314
257.889
265.242
272.308
279.02
285.31
291.107
296.344
300.954
304.871
308.035
310.387
311.87
312.431
312.021
310.591
308.098
304.497
299.744
293.799
286.621
278.173
268.426
257.361
244.975
231.286
216.339
200.223
183.098
165.207
146.892
128.589
110.813
94.1081
78.9705
65.7694
54.6841
45.6904
38.5964
33.1091
28.905
25.6819
23.1874
21.2251
19.6492
18.3543
17.2656
16.3297
15.5095
14.7784
14.1179
13.5145
12.9585
12.442
11.9576
11.4992
11.0642
10.6517
10.2627
9.89047
9.57446
9.09299
39.0143
22.0534
20.0846
20.1334
21.4435
24.0248
27.7136
32.095
36.8141
41.7246
46.8246
52.1655
57.8135
63.8253
70.2314
77.0282
84.1816
91.6349
99.3216
107.176
115.143
123.181
131.267
139.393
147.565
155.796
164.109
172.524
181.062
189.739
198.564
207.538
216.645
225.86
235.15
244.465
253.755
262.962
272.024
280.872
289.435
297.638
305.399
312.639
319.275
325.228
330.421
334.777
338.227
340.7
342.132
342.459
341.621
339.559
336.214
331.529
325.447
317.911
308.868
298.269
286.079
272.276
256.869
239.904
221.478
201.765
181.032
159.663
138.165
117.163
97.3521
79.4158
63.9043
51.1244
41.0826
33.5155
27.9892
24.0217
21.1767
19.1087
17.5679
16.3833
15.4405
14.664
14.0034
13.4248
12.9054
12.43
11.9884
11.5735
11.1808
10.8069
10.4487
10.104
9.77091
9.44902
9.13951
8.83766
8.57679
8.17214
41.4708
23.5229
21.917
22.4068
23.9356
26.3608
29.5649
33.3298
37.4499
41.8133
46.4028
51.2646
56.4761
62.1173
68.2481
74.8964
82.0556
89.6892
97.7411
106.146
114.839
123.766
132.883
142.162
151.587
161.154
170.866
180.73
190.753
200.937
211.282
221.774
232.386
243.08
253.809
264.51
275.119
285.562
295.762
305.637
315.102
324.069
332.448
340.15
347.086
353.17
358.319
362.453
365.498
367.381
368.033
367.388
365.38
361.946
357.021
350.543
342.448
332.675
321.169
307.886
292.797
275.902
257.243
236.919
215.108
192.088
168.269
144.202
120.59
98.2458
78.0122
60.6136
46.4945
35.7086
27.9278
22.5732
18.9982
16.6335
15.0508
13.9606
13.1787
12.5911
12.1271
11.742
11.4071
11.1036
10.8196
10.5475
10.2827
10.0228
9.7663
9.5128
9.26196
9.01366
8.76787
8.52494
8.28641
8.04892
7.84026
7.50867
42.8908
23.9802
22.5799
23.4484
25.2704
27.7715
30.8203
34.2806
38.031
42.0059
46.2107
50.71
55.603
60.9927
66.9665
73.5807
80.8557
88.7777
97.3056
106.38
115.935
125.904
136.226
146.852
157.742
168.865
180.2
191.728
203.435
215.303
227.305
239.406
251.56
263.711
275.791
287.723
299.423
310.802
321.77
332.232
342.092
351.257
359.631
367.123
373.647
379.116
383.454
386.583
388.435
388.941
388.037
385.662
381.754
376.25
369.089
360.21
349.553
337.064
322.698
306.426
288.247
268.201
246.386
222.982
198.272
172.675
146.77
121.305
97.1755
75.3419
56.669
41.7173
30.5771
22.8514
17.8189
14.6831
12.7687
11.5959
10.8617
10.3864
10.0654
9.83708
9.66363
9.52106
9.39372
9.27135
9.14742
9.0181
8.88148
8.73696
8.5848
8.42572
8.26064
8.09051
7.91629
7.73895
7.56034
7.37818
7.21549
6.9493
42.6271
23.6931
22.525
23.7604
25.9554
28.7423
31.9442
35.4354
39.1315
43.0055
47.0946
51.4897
56.3136
61.695
67.7481
74.5579
82.1725
90.6024
99.8248
109.79
120.433
131.675
143.44
155.653
168.243
181.148
194.311
207.684
221.219
234.859
248.547
262.217
275.796
289.204
302.353
315.147
327.488
339.273
350.403
360.779
370.304
378.885
386.435
392.872
398.12
402.107
404.77
406.048
405.884
404.227
401.023
396.222
389.772
381.621
371.716
360.004
346.438
330.98
313.604
294.315
273.155
250.223
225.698
199.866
173.148
146.132
119.589
94.46
71.7783
52.5018
37.2677
26.1774
18.7577
14.1564
11.4575
9.91884
9.04509
8.54407
8.25417
8.08692
7.99238
7.94072
7.91287
7.89595
7.88088
7.86129
7.83285
7.79292
7.74019
7.67439
7.59595
7.5058
7.40507
7.29497
7.17678
7.05173
6.92171
6.7852
6.66114
6.45099
41.527
23.1389
22.2629
23.9277
26.6381
29.966
33.6828
37.6346
41.7331
45.9641
50.3856
55.1123
60.2923
66.0815
72.6224
80.0288
88.3761
97.6981
107.989
119.206
131.28
144.121
157.627
171.69
186.203
201.061
216.173
231.441
246.768
262.057
277.211
292.131
306.716
320.864
334.469
347.423
359.621
370.96
381.344
390.68
398.886
405.885
411.611
416.003
419.011
420.588
420.695
419.294
416.353
411.837
405.714
397.947
388.498
377.329
364.399
349.672
333.117
314.72
294.491
272.476
248.778
223.578
197.158
169.938
142.503
115.624
90.2544
67.4566
48.2266
33.2284
22.5445
15.6242
11.5134
9.22191
7.98594
7.32367
6.96778
6.77898
6.68531
6.64835
6.64623
6.66531
6.69622
6.73188
6.7667
6.79619
6.81688
6.82632
6.82299
6.80623
6.77605
6.73294
6.67775
6.61147
6.53525
6.45026
6.35822
6.25808
6.16529
6.00153
39.6378
22.484
22.1979
24.6127
28.2503
32.6443
37.5073
42.6298
47.8828
53.2331
58.7394
64.531
70.7786
77.6649
85.3604
94.0048
103.696
114.483
126.369
139.307
153.214
167.974
183.451
199.494
215.953
232.687
249.54
266.364
283.013
299.353
315.253
330.59
345.246
359.107
372.065
384.017
394.869
404.533
412.934
420.006
425.695
429.957
432.759
434.076
433.891
432.191
428.968
424.212
417.914
410.063
400.643
389.634
377.012
362.752
346.828
329.221
309.927
288.961
266.376
242.278
216.846
190.362
163.234
136.035
109.521
84.6275
62.3989
43.8156
29.5151
19.5303
13.2412
9.63483
7.70402
6.70651
6.19588
5.935
5.80495
5.7467
5.7304
5.74028
5.76743
5.80614
5.85215
5.90174
5.95147
5.99811
6.03876
6.07101
6.09308
6.10381
6.10262
6.08946
6.06466
6.02881
5.98271
5.92728
5.86394
5.7919
5.72366
5.59724
37.7381
22.1283
23.1046
27.155
32.8365
39.6185
47.0957
54.9253
62.8641
70.8051
78.7762
86.9071
95.3877
104.427
114.222
124.932
136.669
149.487
163.381
178.287
194.097
210.662
227.801
245.339
263.084
280.83
298.382
315.559
332.192
348.13
363.233
377.377
390.449
402.35
412.992
422.297
430.202
436.654
441.616
445.062
446.981
447.369
446.236
443.596
439.467
433.872
426.829
418.355
408.462
397.152
384.424
370.27
354.675
337.625
319.111
299.134
277.716
254.913
230.831
205.65
179.64
153.2
126.877
101.396
77.6481
56.6205
39.2245
26.021
16.9686
11.395
8.28079
6.6588
5.84562
5.44437
5.24923
5.15836
5.12182
5.11497
5.12566
5.14788
5.17859
5.21596
5.2585
5.30457
5.35225
5.39933
5.44354
5.4827
5.5149
5.53867
5.553
5.55735
5.55154
5.53572
5.51032
5.47591
5.43357
5.38262
5.33314
5.23607
35.2549
22.737
27.0156
35.6291
47.0488
60.3907
74.7356
89.258
103.374
116.803
129.542
141.763
153.733
165.744
178.062
190.9
204.4
218.646
233.639
249.31
265.546
282.189
299.056
315.93
332.601
348.87
364.548
379.463
393.463
406.41
418.188
428.698
437.857
445.596
451.865
456.625
459.853
461.541
461.695
460.331
457.479
453.178
447.471
440.406
432.03
422.388
411.517
399.447
386.199
371.782
356.198
339.443
321.508
302.386
282.084
260.624
238.062
214.504
190.119
165.17
140.032
115.224
91.4204
69.4441
50.189
34.4519
22.6765
14.7326
9.92292
7.27629
5.91605
5.24458
4.92216
4.7734
4.71082
4.6909
4.69205
4.70384
4.72154
4.74335
4.76885
4.79808
4.83103
4.86735
4.9062
4.94628
4.98594
5.02337
5.05679
5.08464
5.10567
5.11897
5.12401
5.12057
5.1087
5.08867
5.06122
5.02568
4.99016
4.9157
32.6437
27.6365
44.7636
71.1442
103.356
137.666
170.687
200.243
225.45
246.381
263.68
278.178
290.699
301.962
312.547
322.882
333.259
343.915
354.909
366.194
377.668
389.209
400.676
411.911
422.749
433.026
442.586
451.285
458.995
465.605
471.021
475.167
477.985
479.432
479.487
478.14
475.4
471.291
465.849
459.122
451.165
442.041
431.814
420.545
408.294
395.108
381.029
366.083
350.286
333.643
316.149
297.795
278.575
258.491
237.562
215.84
193.421
170.467
147.222
124.034
101.38
79.8728
60.2417
43.2562
29.5636
19.4648
12.7433
8.71363
6.50427
5.36711
4.80606
4.54087
4.42489
4.38295
4.3765
4.38584
4.40126
4.41838
4.43568
4.45317
4.47153
4.49165
4.5143
4.53987
4.56827
4.59892
4.63075
4.6624
4.69235
4.71913
4.7414
4.75811
4.76846
4.77197
4.7684
4.75777
4.7405
4.7159
4.69052
4.63314
29.5937
68.5958
166.618
276.986
375.222
451.898
505.807
540.081
559.279
567.795
569.321
566.387
560.867
554.109
547.047
540.303
534.274
529.111
524.897
521.64
519.255
517.599
516.495
515.752
515.176
514.579
513.78
512.613
510.928
508.591
505.489
501.53
496.645
490.786
483.93
476.072
467.227
457.426
446.712
435.141
422.77
409.665
395.885
381.488
366.521
351.022
335.015
318.51
301.507
283.996
265.961
247.388
228.27
208.619
188.477
167.929
147.121
126.272
105.698
85.824
67.1829
50.3914
36.0693
24.6939
16.418
10.9619
7.69532
5.88858
4.94397
4.47163
4.24908
4.15626
4.12911
4.13325
4.15041
4.17113
4.19093
4.20813
4.22263
4.23516
4.24686
4.25895
4.27254
4.28844
4.30705
4.32827
4.35158
4.37602
4.4004
4.42343
4.44385
4.46054
4.47261
4.47937
4.48042
4.47555
4.46495
4.44789
4.42967
4.38494
23.8621
602.492
1039.46
1262.01
1333.54
1320.39
1268.06
1202.16
1134.76
1070.4
1010.15
954.115
902.291
854.748
811.59
772.836
738.357
707.861
680.948
657.182
636.128
617.385
600.589
585.416
571.564
558.753
546.719
535.214
524.01
512.907
501.734
490.352
478.655
466.569
454.047
441.07
427.637
413.768
399.494
384.856
369.9
354.671
339.212
323.557
307.732
291.748
275.605
259.292
242.787
226.064
209.098
191.871
174.384
156.667
138.789
120.875
103.118
85.7893
69.2516
53.9454
40.3583
28.9471
20.017
13.5928
9.37089
6.82023
5.37865
4.60319
4.20549
4.01634
3.94021
3.92332
3.93534
3.95924
3.9857
4.00999
4.03005
4.04544
4.05667
4.06473
4.0709
4.07649
4.08273
4.09063
4.10087
4.11373
4.12903
4.14622
4.16441
4.18255
4.19952
4.21425
4.2258
4.23341
4.23656
4.23489
4.22839
4.21631
4.203
4.16747
)
;

boundaryField
{
    outlet
    {
        type            zeroGradient;
    }
    inlet
    {
        type            fixedValue;
        value           uniform 5.199;
    }
    lowerWall
    {
        type            epsilonWallFunction;
        Cmu             0.09;
        kappa           0.41;
        E               9.8;
        value           nonuniform List<scalar> 
148
(
151.448
203.151
260.735
321.761
383.63
443.73
499.775
550.059
593.525
629.733
658.751
681.019
697.212
708.127
714.59
717.398
717.278
714.874
710.734
705.317
699.001
692.088
684.819
677.382
669.92
662.543
655.327
648.343
641.547
635.344
627.883
628.025
593.345
4.57475
14.6163
25.2769
33.7978
39.0143
41.4708
42.8908
42.6271
41.527
39.6378
37.7381
35.2549
32.6437
29.5937
23.8621
4.57475
4.15992
5.51653
5.88148
5.56552
4.86051
3.93929
3.56624
7.38735
16.5169
28.0067
40.7899
54.3544
68.3186
82.3797
96.2919
109.86
122.942
135.457
147.381
158.742
169.608
180.069
190.225
200.171
209.992
219.751
229.491
239.226
248.945
258.615
268.188
277.619
286.889
296.013
304.91
313.487
321.735
329.601
337.026
343.941
350.277
355.964
360.935
365.126
368.477
370.936
372.454
372.991
372.513
370.991
368.402
364.732
359.97
354.11
347.154
339.109
329.99
319.831
308.692
296.7
284.15
271.748
261.219
252.179
242.71
232.408
221.261
209.38
196.951
184.232
171.526
159.15
147.389
136.463
126.508
117.58
109.663
102.696
96.5883
91.2369
86.5382
82.3945
78.7175
75.431
72.4707
69.7839
67.3277
65.068
62.9731
61.0053
59.1281
57.319
55.5726
53.8986
52.3096
50.8325
49.4384
48.3121
46.6204
)
;
    }
    upperWall
    {
        type            epsilonWallFunction;
        Cmu             0.09;
        kappa           0.41;
        E               9.8;
        value           nonuniform List<scalar> 
133
(
44.7794
48.3124
51.8864
55.4657
59.0311
62.5709
66.0743
69.5317
72.9342
76.2741
79.5445
82.7395
85.8542
88.8847
91.8278
94.6809
97.4425
100.112
102.687
105.17
107.56
109.859
112.066
114.185
116.216
118.162
120.024
121.805
123.507
125.133
126.685
128.165
129.578
131.14
132.861
134.536
136.161
137.733
139.249
140.705
142.099
143.429
144.69
145.881
146.999
148.041
149.003
149.884
150.68
151.389
152.007
152.533
152.962
153.293
153.521
153.643
153.657
153.559
153.345
153.012
152.556
151.972
151.256
150.404
149.412
148.273
146.984
145.537
143.928
142.15
140.196
138.059
135.732
133.206
130.475
127.528
124.359
120.96
117.326
113.454
109.345
105.008
100.464
95.7454
90.9081
86.0338
81.2383
76.6765
72.5449
69.0784
66.5364
65.1764
65.2107
66.7482
69.7329
73.9057
78.8104
83.8483
88.4445
92.2579
94.9528
96.3445
96.4966
95.6324
94.0271
91.9373
89.5705
87.0789
84.5596
82.0635
79.6226
77.2641
75.01
72.8749
70.8647
68.9794
67.2144
65.5631
64.0185
62.5736
61.2223
59.9598
58.7819
57.6854
56.668
55.727
54.8614
54.0671
53.3461
52.6892
52.098
51.6135
50.9106
)
;
    }
    frontAndBack
    {
        type            empty;
    }
}


// ************************************************************************* //
