/*--------------------------------*- C++ -*----------------------------------*\
| =========                 |                                                 |
| \\      /  F ield         | OpenFOAM: The Open Source CFD Toolbox           |
|  \\    /   O peration     | Version:  2.1.1                                 |
|   \\  /    A nd           | Web:      www.OpenFOAM.org                      |
|    \\/     M anipulation  |                                                 |
\*---------------------------------------------------------------------------*/
FoamFile
{
    version     2.0;
    format      ascii;
    class       volScalarField;
    location    "0.11";
    object      nut;
}
// * * * * * * * * * * * * * * * * * * * * * * * * * * * * * * * * * * * * * //

dimensions      [0 2 -1 0 0 0 0];

internalField   nonuniform List<scalar> 
6820
(
4.96025e-05
5.47044e-05
5.94497e-05
6.37668e-05
6.76167e-05
7.09778e-05
7.38484e-05
7.62464e-05
7.82041e-05
7.97631e-05
8.09699e-05
8.18721e-05
8.2516e-05
8.29444e-05
8.31959e-05
8.33048e-05
8.33001e-05
8.3207e-05
8.3046e-05
8.28345e-05
8.25865e-05
8.23134e-05
8.20242e-05
8.17262e-05
8.14251e-05
8.11251e-05
8.08295e-05
8.05414e-05
8.0259e-05
7.99995e-05
7.96851e-05
7.96912e-05
7.81964e-05
0.000540295
0.000304976
0.000219967
0.000171567
0.00014053
0.000119668
0.000105143
9.47596e-05
8.71953e-05
8.16137e-05
7.74646e-05
7.43744e-05
7.20824e-05
7.04026e-05
6.91997e-05
6.83731e-05
6.78475e-05
6.75652e-05
6.74812e-05
6.75606e-05
6.77751e-05
6.81022e-05
6.85233e-05
6.9023e-05
6.95884e-05
7.02083e-05
7.08731e-05
7.15738e-05
7.23031e-05
7.30491e-05
7.3808e-05
7.45512e-05
7.51967e-05
0.00105857
0.000836084
0.000679232
0.000569607
0.000490046
0.000430109
0.000383694
0.000346849
0.00031695
0.000292236
0.000271492
0.000253855
0.0002387
0.000225557
0.000214072
0.000203967
0.000195026
0.000187076
0.000179975
0.000173609
0.000167882
0.000162717
0.000158045
0.00015381
0.000149964
0.000146466
0.00014328
0.000140375
0.000137725
0.00013531
0.000133093
0.000131115
0.000129092
0.00115953
0.00109653
0.00101166
0.000926408
0.000849797
0.000783602
0.000727043
0.000678709
0.000637183
0.000601244
0.000569888
0.000542313
0.000517879
0.000496076
0.000476498
0.000458815
0.000442762
0.000428121
0.000414712
0.000402383
0.00039101
0.000380484
0.000370715
0.000361625
0.000353145
0.000345218
0.000337794
0.000330829
0.00032429
0.000318144
0.00031238
0.000306967
0.000301945
0.00116966
0.00115863
0.00113363
0.00109757
0.00105569
0.0010122
0.00096967
0.000929413
0.000891972
0.000857472
0.000825822
0.000796831
0.000770274
0.000745917
0.000723539
0.000702938
0.00068393
0.000666352
0.000650059
0.000634924
0.000620834
0.000607688
0.0005954
0.000583889
0.000573088
0.000562934
0.000553372
0.000544352
0.000535832
0.000527774
0.000520146
0.000512921
0.000506085
0.00117006
0.00116839
0.00116306
0.00115261
0.00113713
0.00111768
0.00109554
0.00107192
0.00104773
0.00102362
0.00100002
0.000977215
0.000955355
0.00093452
0.000914736
0.000895997
0.000878276
0.000861531
0.000845716
0.000830778
0.000816667
0.00080333
0.000790718
0.000778784
0.000767482
0.000756771
0.00074661
0.000736964
0.000727797
0.00071908
0.000710783
0.000702889
0.000695373
0.00116996
0.00116938
0.00116821
0.00116569
0.00116123
0.00115458
0.00114584
0.00113528
0.00112329
0.00111025
0.00109651
0.00108237
0.00106806
0.00105377
0.00103965
0.00102578
0.00101225
0.000999111
0.000986386
0.000974099
0.000962259
0.000950867
0.000939918
0.000929405
0.000919317
0.00090964
0.000900359
0.00089146
0.000882928
0.000874747
0.000866904
0.00085939
0.000852192
0.00116994
0.0011694
0.00116883
0.00116803
0.00116674
0.00116472
0.0011618
0.00115791
0.00115305
0.00114729
0.00114075
0.00113356
0.00112584
0.00111773
0.00110933
0.00110075
0.00109207
0.00108335
0.00107467
0.00106606
0.00105756
0.0010492
0.00104101
0.001033
0.00102519
0.00101758
0.00101019
0.001003
0.000996029
0.000989273
0.000982731
0.000976405
0.000970293
0.00116994
0.00116939
0.00116886
0.00116832
0.0011677
0.00116692
0.00116588
0.00116449
0.00116269
0.00116044
0.00115772
0.00115456
0.00115099
0.00114703
0.00114275
0.00113818
0.00113338
0.00112839
0.00112326
0.00111803
0.00111272
0.00110737
0.00110202
0.00109667
0.00109135
0.00108608
0.00108087
0.00107574
0.00107069
0.00106573
0.00106087
0.00105611
0.00105147
0.00116994
0.00116938
0.00116885
0.00116833
0.00116782
0.00116729
0.00116671
0.00116605
0.00116526
0.00116432
0.00116319
0.00116186
0.00116031
0.00115854
0.00115655
0.00115437
0.00115199
0.00114945
0.00114675
0.00114392
0.00114097
0.00113792
0.0011348
0.00113162
0.00112839
0.00112513
0.00112185
0.00111857
0.00111528
0.00111201
0.00110877
0.00110555
0.00110237
0.00116994
0.00116938
0.00116884
0.00116832
0.00116782
0.00116732
0.00116683
0.00116634
0.00116582
0.00116527
0.00116467
0.001164
0.00116325
0.0011624
0.00116147
0.00116043
0.00115929
0.00115805
0.0011567
0.00115527
0.00115375
0.00115215
0.00115047
0.00114873
0.00114694
0.00114509
0.0011432
0.00114128
0.00113934
0.00113737
0.00113539
0.0011334
0.00113142
0.00116994
0.00116938
0.00116884
0.00116832
0.00116781
0.00116732
0.00116684
0.00116637
0.00116591
0.00116545
0.00116499
0.00116452
0.00116403
0.00116351
0.00116297
0.00116239
0.00116177
0.0011611
0.0011604
0.00115964
0.00115884
0.001158
0.00115711
0.00115618
0.00115522
0.00115421
0.00115317
0.00115211
0.00115101
0.00114989
0.00114876
0.00114761
0.00114644
0.00116994
0.00116938
0.00116884
0.00116832
0.00116781
0.00116732
0.00116684
0.00116637
0.00116592
0.00116547
0.00116504
0.00116461
0.00116419
0.00116377
0.00116335
0.00116292
0.00116249
0.00116204
0.00116158
0.00116111
0.00116063
0.00116012
0.0011596
0.00115906
0.0011585
0.00115792
0.00115733
0.00115672
0.00115609
0.00115546
0.0011548
0.00115414
0.00115347
0.00116994
0.00116938
0.00116884
0.00116832
0.00116781
0.00116731
0.00116683
0.00116637
0.00116591
0.00116547
0.00116504
0.00116462
0.00116422
0.00116382
0.00116343
0.00116304
0.00116266
0.00116228
0.00116191
0.00116154
0.00116116
0.00116079
0.00116041
0.00116003
0.00115965
0.00115926
0.00115887
0.00115847
0.00115807
0.00115766
0.00115725
0.00115684
0.00115642
0.00116994
0.00116938
0.00116884
0.00116832
0.00116781
0.00116731
0.00116683
0.00116636
0.00116591
0.00116547
0.00116504
0.00116462
0.00116421
0.00116382
0.00116343
0.00116306
0.00116269
0.00116233
0.00116198
0.00116164
0.0011613
0.00116097
0.00116064
0.00116031
0.00115999
0.00115968
0.00115936
0.00115905
0.00115874
0.00115844
0.00115813
0.00115783
0.00115753
0.00116994
0.00116938
0.00116884
0.00116831
0.0011678
0.00116731
0.00116683
0.00116636
0.0011659
0.00116546
0.00116503
0.00116461
0.00116421
0.00116381
0.00116343
0.00116305
0.00116269
0.00116233
0.00116199
0.00116165
0.00116132
0.001161
0.00116069
0.00116038
0.00116008
0.00115979
0.0011595
0.00115922
0.00115894
0.00115867
0.00115841
0.00115814
0.00115789
0.00116994
0.00116938
0.00116884
0.00116831
0.0011678
0.00116731
0.00116683
0.00116636
0.0011659
0.00116546
0.00116503
0.00116461
0.0011642
0.00116381
0.00116342
0.00116305
0.00116268
0.00116233
0.00116198
0.00116164
0.00116132
0.001161
0.00116069
0.00116038
0.00116009
0.0011598
0.00115952
0.00115925
0.00115898
0.00115872
0.00115847
0.00115822
0.00115798
0.00116994
0.00116938
0.00116884
0.00116831
0.0011678
0.00116731
0.00116682
0.00116635
0.0011659
0.00116546
0.00116502
0.00116461
0.0011642
0.0011638
0.00116342
0.00116304
0.00116267
0.00116232
0.00116197
0.00116164
0.00116131
0.00116099
0.00116068
0.00116038
0.00116008
0.0011598
0.00115952
0.00115925
0.00115898
0.00115872
0.00115847
0.00115823
0.00115799
0.00116994
0.00116938
0.00116884
0.00116831
0.0011678
0.0011673
0.00116682
0.00116635
0.0011659
0.00116545
0.00116502
0.0011646
0.00116419
0.0011638
0.00116341
0.00116303
0.00116267
0.00116231
0.00116197
0.00116163
0.0011613
0.00116098
0.00116067
0.00116037
0.00116007
0.00115978
0.00115951
0.00115923
0.00115897
0.00115871
0.00115846
0.00115822
0.00115798
0.00116994
0.00116938
0.00116884
0.00116831
0.0011678
0.0011673
0.00116682
0.00116635
0.00116589
0.00116545
0.00116502
0.0011646
0.00116419
0.00116379
0.00116341
0.00116303
0.00116266
0.00116231
0.00116196
0.00116162
0.00116129
0.00116097
0.00116066
0.00116036
0.00116006
0.00115977
0.00115949
0.00115922
0.00115896
0.0011587
0.00115845
0.0011582
0.00115797
0.00116994
0.00116938
0.00116884
0.00116831
0.0011678
0.0011673
0.00116682
0.00116635
0.00116589
0.00116545
0.00116502
0.0011646
0.00116419
0.00116379
0.0011634
0.00116302
0.00116266
0.0011623
0.00116195
0.00116161
0.00116128
0.00116096
0.00116065
0.00116035
0.00116005
0.00115976
0.00115948
0.00115921
0.00115894
0.00115868
0.00115843
0.00115819
0.00115795
0.00116994
0.00116938
0.00116884
0.00116831
0.0011678
0.0011673
0.00116682
0.00116635
0.00116589
0.00116545
0.00116501
0.00116459
0.00116418
0.00116379
0.0011634
0.00116302
0.00116265
0.00116229
0.00116195
0.00116161
0.00116128
0.00116096
0.00116064
0.00116034
0.00116004
0.00115975
0.00115947
0.0011592
0.00115893
0.00115867
0.00115842
0.00115817
0.00115793
0.00116994
0.00116938
0.00116884
0.00116831
0.0011678
0.0011673
0.00116682
0.00116635
0.00116589
0.00116545
0.00116501
0.00116459
0.00116418
0.00116378
0.00116339
0.00116302
0.00116265
0.00116229
0.00116194
0.0011616
0.00116127
0.00116095
0.00116064
0.00116033
0.00116003
0.00115974
0.00115946
0.00115919
0.00115892
0.00115866
0.0011584
0.00115816
0.00115792
0.00116994
0.00116938
0.00116884
0.00116831
0.0011678
0.0011673
0.00116682
0.00116635
0.00116589
0.00116544
0.00116501
0.00116459
0.00116418
0.00116378
0.00116339
0.00116301
0.00116264
0.00116229
0.00116194
0.0011616
0.00116127
0.00116094
0.00116063
0.00116032
0.00116002
0.00115973
0.00115945
0.00115917
0.00115891
0.00115864
0.00115839
0.00115814
0.0011579
0.00116994
0.00116938
0.00116884
0.00116831
0.0011678
0.0011673
0.00116682
0.00116635
0.00116589
0.00116544
0.00116501
0.00116459
0.00116418
0.00116378
0.00116339
0.00116301
0.00116264
0.00116228
0.00116193
0.00116159
0.00116126
0.00116094
0.00116062
0.00116031
0.00116002
0.00115972
0.00115944
0.00115916
0.0011589
0.00115863
0.00115838
0.00115813
0.00115789
0.00116994
0.00116938
0.00116884
0.00116831
0.0011678
0.0011673
0.00116682
0.00116635
0.00116589
0.00116544
0.00116501
0.00116459
0.00116418
0.00116378
0.00116339
0.00116301
0.00116264
0.00116228
0.00116193
0.00116159
0.00116126
0.00116093
0.00116062
0.00116031
0.00116001
0.00115972
0.00115943
0.00115916
0.00115889
0.00115862
0.00115837
0.00115812
0.00115787
0.00116994
0.00116938
0.00116884
0.00116831
0.0011678
0.0011673
0.00116682
0.00116635
0.00116589
0.00116544
0.00116501
0.00116459
0.00116417
0.00116377
0.00116338
0.00116301
0.00116264
0.00116228
0.00116193
0.00116158
0.00116125
0.00116093
0.00116061
0.0011603
0.00116
0.00115971
0.00115943
0.00115915
0.00115888
0.00115861
0.00115836
0.00115811
0.00115786
0.00116994
0.00116938
0.00116884
0.00116831
0.0011678
0.0011673
0.00116682
0.00116635
0.00116589
0.00116544
0.00116501
0.00116458
0.00116417
0.00116377
0.00116338
0.001163
0.00116263
0.00116227
0.00116192
0.00116158
0.00116125
0.00116092
0.00116061
0.0011603
0.00116
0.0011597
0.00115942
0.00115914
0.00115887
0.0011586
0.00115835
0.0011581
0.00115785
0.00116994
0.00116938
0.00116884
0.00116831
0.0011678
0.0011673
0.00116682
0.00116634
0.00116589
0.00116544
0.00116501
0.00116458
0.00116417
0.00116377
0.00116338
0.001163
0.00116263
0.00116227
0.00116192
0.00116158
0.00116124
0.00116092
0.0011606
0.00116029
0.00115999
0.0011597
0.00115941
0.00115913
0.00115886
0.0011586
0.00115834
0.00115809
0.00115784
0.00116994
0.00116938
0.00116884
0.00116831
0.0011678
0.0011673
0.00116682
0.00116635
0.00116589
0.00116544
0.00116501
0.00116459
0.00116417
0.00116377
0.00116338
0.001163
0.00116263
0.00116227
0.00116192
0.00116158
0.00116124
0.00116092
0.0011606
0.00116029
0.00115999
0.0011597
0.00115941
0.00115913
0.00115886
0.00115859
0.00115833
0.00115808
0.00115783
0.00116994
0.00116938
0.00116884
0.00116831
0.0011678
0.0011673
0.00116682
0.00116635
0.00116589
0.00116544
0.00116501
0.00116459
0.00116418
0.00116377
0.00116338
0.00116301
0.00116263
0.00116227
0.00116192
0.00116158
0.00116125
0.00116092
0.0011606
0.00116029
0.00115999
0.0011597
0.00115941
0.00115913
0.00115885
0.00115859
0.00115832
0.00115807
0.00115782
0.00116994
0.00116938
0.00116884
0.00116831
0.0011678
0.00116731
0.00116682
0.00116635
0.0011659
0.00116545
0.00116502
0.0011646
0.00116418
0.00116378
0.00116339
0.00116301
0.00116264
0.00116228
0.00116193
0.00116158
0.00116125
0.00116092
0.0011606
0.00116028
0.00115998
0.00115968
0.00115938
0.0011591
0.00115882
0.00115854
0.00115827
0.00115801
0.00115775
0.00116994
0.00116938
0.00116884
0.00116832
0.00116781
0.00116731
0.00116683
0.00116636
0.0011659
0.00116546
0.00116502
0.0011646
0.00116419
0.00116379
0.0011634
0.00116301
0.00116263
0.00116226
0.0011619
0.00116155
0.0011612
0.00116085
0.00116052
0.00116018
0.00115985
0.00115953
0.00115921
0.00115889
0.00115858
0.00115827
0.00115797
0.00115766
0.00115737
0.00116994
0.00116938
0.00116884
0.00116833
0.00116782
0.00116733
0.00116685
0.00116639
0.00116593
0.00116548
0.00116503
0.00116459
0.00116416
0.00116373
0.00116331
0.00116288
0.00116246
0.00116204
0.00116161
0.00116119
0.00116076
0.00116033
0.0011599
0.00115946
0.00115902
0.00115858
0.00115814
0.00115769
0.00115724
0.00115678
0.00115632
0.00115586
0.0011554
0.00116994
0.00116939
0.00116886
0.00116835
0.00116784
0.00116733
0.00116683
0.00116632
0.00116581
0.00116528
0.00116473
0.00116417
0.00116358
0.00116297
0.00116233
0.00116166
0.00116097
0.00116024
0.00115949
0.00115871
0.0011579
0.00115707
0.00115621
0.00115532
0.00115442
0.0011535
0.00115255
0.00115159
0.00115061
0.00114963
0.00114862
0.00114761
0.00114659
0.00116995
0.0011694
0.00116886
0.00116828
0.00116765
0.00116694
0.00116613
0.00116519
0.00116414
0.00116295
0.00116163
0.00116018
0.0011586
0.0011569
0.00115508
0.00115316
0.00115114
0.00114902
0.00114683
0.00114457
0.00114224
0.00113986
0.00113744
0.00113498
0.00113249
0.00112997
0.00112744
0.0011249
0.00112236
0.00111981
0.00111727
0.00111474
0.00111222
0.00116996
0.00116916
0.00116786
0.00116595
0.00116344
0.00116031
0.00115658
0.00115229
0.0011475
0.00114226
0.00113663
0.00113069
0.00112449
0.00111809
0.00111154
0.00110488
0.00109816
0.00109141
0.00108466
0.00107794
0.00107127
0.00106466
0.00105813
0.0010517
0.00104537
0.00103915
0.00103305
0.00102708
0.00102123
0.00101551
0.00100992
0.00100446
0.000999134
0.00116831
0.00115866
0.00114501
0.00112846
0.00110973
0.00108952
0.00106849
0.00104716
0.0010259
0.00100499
0.000984613
0.00096489
0.000945892
0.000927656
0.000910194
0.000893502
0.000877564
0.000862356
0.000847851
0.000834018
0.000820824
0.000808238
0.000796228
0.000784763
0.000773814
0.000763353
0.000753352
0.000743787
0.000734632
0.000725867
0.000717469
0.000709419
0.000701695
0.00107567
0.000936194
0.0008356
0.000756856
0.000692037
0.000638266
0.000593339
0.000555427
0.000523091
0.000495226
0.000470986
0.000449718
0.000430914
0.000414177
0.00039919
0.000385699
0.000373498
0.000362416
0.000352313
0.000343071
0.00033459
0.000326786
0.000319586
0.000312927
0.000306756
0.000301026
0.000295694
0.000290724
0.000286085
0.000281747
0.000277685
0.000273876
0.000270299
0.000142979
0.000146644
0.000150174
0.000153551
0.000156773
0.000159846
0.000162775
0.000165566
0.000168224
0.000170754
0.00017316
0.000175448
0.000177623
0.000179689
0.00018165
0.000183512
0.00018528
0.000186956
0.000188546
0.000190053
0.000191482
0.000192837
0.00019412
0.000195335
0.000196487
0.000197577
0.00019861
0.000199587
0.000200513
0.000201389
0.000202218
0.000203002
0.000203745
9.0911e-05
0.000110728
0.000136354
0.000168467
0.000206123
0.000247057
0.000288678
0.000328877
0.000366551
0.000401629
0.000434729
0.000466726
0.000498356
0.00053002
0.000561789
0.000593559
0.000625236
0.000656859
0.000688629
0.000720855
0.000753868
0.000787943
0.000823258
0.00085989
0.000897822
0.000936975
0.00097722
0.00101839
0.0010603
0.00110273
0.00114544
0.00118818
0.0012307
0.00127277
0.00131417
0.00135469
0.00139419
0.0014325
0.00146948
0.00150501
0.0015389
0.00157096
0.00160091
0.0016284
0.00165297
0.00167402
0.00169083
0.00170254
0.00170816
0.00170659
0.00169669
0.00167732
0.00164744
0.00160623
0.00155326
0.00148871
0.00141369
0.00133065
0.00124394
0.00116037
0.00108947
0.00104259
0.0010297
0.00105383
0.00110688
0.00117266
0.00123619
0.0012901
0.00133378
0.00136958
0.0014001
0.00142719
0.00145199
0.00147512
0.00149697
0.0015178
0.00153788
0.00155744
0.00157675
0.00159605
0.00161559
0.00163553
0.00165599
0.00167698
0.00169841
0.00172006
0.00174167
0.0017629
0.00178341
0.00180288
0.00182105
0.00183771
0.00185272
0.001866
0.00187752
0.00188732
0.00189542
0.00190203
0.00190688
0.00191196
7.63834e-05
7.85566e-05
8.205e-05
8.77022e-05
9.64792e-05
0.000109351
0.000127127
0.000150224
0.00017851
0.000211249
0.000247184
0.000284756
0.000322422
0.000358963
0.000393687
0.000426463
0.00045759
0.000487592
0.000517012
0.000546284
0.00057568
0.000605338
0.000635319
0.000665659
0.0006964
0.000727596
0.000759294
0.000791517
0.000824246
0.000857416
0.000890914
0.000924594
0.000958287
0.000991817
0.00102502
0.00105773
0.00108981
0.00112114
0.00115161
0.00118109
0.00120946
0.00123652
0.00126206
0.00128577
0.00130724
0.00132597
0.00134131
0.00135252
0.00135873
0.00135903
0.00135247
0.00133818
0.0013155
0.00128409
0.0012442
0.00119691
0.00114453
0.00109093
0.00104189
0.00100497
0.000988308
0.000997929
0.00103398
0.00108898
0.001151
0.00120973
0.00126012
0.00130176
0.00133647
0.00136638
0.00139313
0.00141772
0.00144071
0.00146242
0.00148304
0.00150274
0.00152172
0.00154018
0.00155835
0.00157647
0.00159475
0.0016134
0.00163257
0.00165231
0.0016726
0.00169331
0.00171421
0.00173503
0.00175545
0.00177514
0.00179383
0.00181127
0.00182727
0.00184171
0.00185451
0.00186565
0.00187516
0.00188319
0.00188937
0.00189642
0.000126999
0.00012482
0.000122563
0.000120003
0.000117479
0.000115306
0.000113721
0.000113182
0.000114356
0.00011805
0.00012507
0.000136058
0.000151363
0.000170967
0.000194467
0.000221125
0.000249984
0.000280021
0.000310314
0.000340168
0.000369172
0.000397188
0.000424287
0.000450668
0.00047657
0.000502224
0.000527808
0.000553446
0.000579205
0.000605104
0.000631131
0.000657245
0.00068339
0.000709498
0.0007355
0.000761325
0.000786906
0.00081218
0.000837084
0.000861543
0.000885466
0.000908726
0.000931151
0.000952505
0.000972474
0.000990657
0.00100656
0.00101962
0.0010292
0.00103464
0.00103539
0.00103101
0.0010214
0.00100695
0.000988746
0.000968844
0.000950416
0.000937763
0.000935857
0.00094916
0.000979752
0.00102565
0.00108084
0.00113774
0.00119031
0.00123575
0.00127407
0.0013067
0.00133531
0.00136121
0.00138524
0.00140788
0.00142934
0.00144975
0.00146922
0.00148785
0.00150578
0.00152319
0.00154028
0.00155725
0.00157433
0.00159171
0.00160956
0.00162799
0.00164703
0.00166662
0.0016866
0.00170676
0.0017268
0.00174644
0.00176537
0.00178333
0.00180011
0.00181551
0.00182944
0.00184183
0.00185265
0.00186205
0.00186951
0.00187853
0.000296451
0.000290275
0.000284016
0.000277531
0.000270682
0.000263677
0.0002564
0.000248653
0.000240269
0.000231213
0.00022167
0.000212078
0.000203103
0.000195531
0.000190132
0.000187536
0.000188153
0.000192151
0.000199468
0.000209846
0.000222884
0.000238101
0.000254988
0.000273065
0.000291921
0.000311239
0.0003308
0.000350475
0.000370209
0.000389996
0.00040986
0.000429834
0.000449952
0.00047024
0.000490715
0.000511386
0.000532257
0.000553323
0.000574574
0.000595986
0.000617517
0.000639099
0.000660632
0.000681974
0.000702937
0.000723282
0.000742732
0.000760978
0.000777717
0.000792702
0.000805814
0.000817161
0.000827189
0.0008368
0.000847434
0.00086105
0.000879922
0.000906168
0.000941019
0.000984066
0.00103297
0.00108401
0.00113333
0.00117814
0.00121736
0.00125126
0.00128092
0.00130752
0.00133202
0.00135507
0.00137701
0.00139799
0.00141808
0.00143728
0.00145565
0.00147324
0.00149017
0.00150658
0.00152263
0.00153852
0.00155445
0.00157061
0.00158718
0.00160428
0.00162201
0.00164035
0.00165923
0.00167849
0.00169789
0.00171717
0.00173606
0.00175427
0.00177156
0.00178771
0.00180258
0.00181605
0.00182807
0.00183874
0.00184741
0.00185835
0.000498588
0.000490394
0.000482431
0.000474621
0.00046687
0.000459095
0.000451288
0.000443346
0.000435121
0.000426451
0.000417179
0.000407179
0.000396387
0.000384833
0.000372671
0.000360184
0.000347776
0.000335926
0.000325133
0.000315852
0.000308448
0.000303168
0.000300138
0.000299374
0.000300803
0.000304292
0.00030967
0.000316752
0.000325359
0.000335327
0.000346517
0.000358819
0.000372147
0.000386438
0.000401647
0.000417741
0.000434692
0.000452478
0.000471072
0.000490447
0.000510569
0.000531394
0.000552874
0.00057495
0.000597559
0.000620635
0.000644115
0.000667954
0.000692143
0.000716733
0.000741873
0.000767838
0.000795048
0.000824057
0.000855484
0.00088987
0.000927474
0.000968052
0.00101072
0.00105404
0.00109629
0.00113595
0.00117206
0.00120435
0.00123318
0.00125925
0.00128329
0.00130593
0.00132758
0.00134847
0.00136868
0.00138821
0.00140701
0.00142506
0.00144236
0.00145896
0.00147492
0.00149037
0.00150545
0.00152033
0.00153517
0.00155017
0.0015655
0.0015813
0.00159769
0.00161472
0.00163236
0.00165053
0.00166906
0.00168772
0.00170627
0.00172443
0.00174195
0.00175859
0.00177416
0.00178853
0.00180157
0.00181339
0.00182317
0.00183594
0.000687087
0.00067802
0.000669251
0.000660758
0.000652488
0.000644397
0.000636437
0.000628562
0.000620725
0.00061288
0.000604975
0.000596959
0.00058878
0.000580395
0.000571772
0.000562905
0.000553824
0.000544602
0.000535361
0.000526268
0.000517525
0.000509356
0.000501991
0.000495646
0.000490515
0.000486757
0.000484495
0.000483812
0.000484754
0.000487335
0.000491542
0.000497339
0.000504677
0.000513497
0.000523731
0.000535306
0.000548145
0.000562172
0.000577309
0.00059348
0.000610617
0.000628659
0.00064756
0.000667287
0.000687829
0.000709193
0.00073141
0.000754531
0.000778629
0.000803792
0.000830121
0.000857713
0.000886644
0.000916932
0.000948498
0.000981122
0.00101441
0.00104779
0.00108061
0.00111218
0.00114198
0.00116969
0.00119532
0.00121908
0.00124137
0.00126258
0.00128304
0.00130299
0.00132253
0.00134168
0.00136039
0.00137857
0.00139617
0.00141311
0.00142939
0.00144502
0.00146006
0.0014746
0.00148876
0.00150268
0.00151651
0.00153042
0.00154458
0.00155913
0.0015742
0.00158989
0.00160622
0.00162317
0.00164062
0.00165842
0.00167636
0.00169418
0.00171164
0.00172848
0.0017445
0.00175953
0.0017734
0.0017862
0.00179695
0.00181142
0.000844192
0.000835364
0.000826755
0.000818362
0.000810165
0.000802154
0.00079431
0.000786616
0.000779059
0.000771632
0.000764337
0.000757177
0.000750162
0.000743301
0.000736603
0.000730077
0.000723736
0.000717597
0.000711688
0.000706048
0.000700734
0.000695818
0.000691388
0.00068754
0.000684377
0.000682006
0.000680527
0.000680033
0.000680605
0.000682304
0.000685179
0.000689254
0.000694537
0.000701017
0.000708667
0.000717444
0.000727294
0.000738153
0.00074995
0.000762613
0.000776071
0.000790259
0.000805126
0.00082063
0.000836749
0.000853479
0.000870832
0.000888835
0.000907527
0.000926944
0.000947117
0.00096805
0.000989712
0.00101202
0.00103482
0.00105791
0.00108103
0.0011039
0.00112625
0.00114788
0.0011687
0.00118869
0.00120797
0.00122671
0.00124508
0.00126325
0.00128131
0.00129928
0.00131714
0.0013348
0.00135216
0.00136912
0.00138557
0.00140146
0.00141675
0.00143146
0.00144561
0.00145928
0.00147257
0.0014856
0.00149849
0.00151139
0.00152445
0.00153782
0.00155163
0.001566
0.00158099
0.00159663
0.00161287
0.00162961
0.00164669
0.00166389
0.00168099
0.00169775
0.00171393
0.00172935
0.00174381
0.00175739
0.00176894
0.00178493
0.00096343
0.000955766
0.000948198
0.000940736
0.000933387
0.000926155
0.000919035
0.000912028
0.000905137
0.000898372
0.000891748
0.000885288
0.000879019
0.000872971
0.000867175
0.000861662
0.000856463
0.000851605
0.000847116
0.000843024
0.000839357
0.000836147
0.000833429
0.00083124
0.000829624
0.000828622
0.00082828
0.000828641
0.000829745
0.000831626
0.00083431
0.000837816
0.000842151
0.000847311
0.000853284
0.000860043
0.000867555
0.000875778
0.000884664
0.000894161
0.000904218
0.000914785
0.000925818
0.00093728
0.000949144
0.000961392
0.000974017
0.000987022
0.00100041
0.0010142
0.00102839
0.00104298
0.00105794
0.00107324
0.00108881
0.00110457
0.00112042
0.00113628
0.00115209
0.00116781
0.00118344
0.00119904
0.00121468
0.00123042
0.00124633
0.00126243
0.00127871
0.00129511
0.00131154
0.00132789
0.00134403
0.00135984
0.00137523
0.00139012
0.00140448
0.0014183
0.0014316
0.00144445
0.00145692
0.0014691
0.00148111
0.00149308
0.00150513
0.0015174
0.00153002
0.00154312
0.00155679
0.00157109
0.00158603
0.00160157
0.00161759
0.00163393
0.0016504
0.00166678
0.00168283
0.00169836
0.00171315
0.00172727
0.00173942
0.00175668
0.0010462
0.00104023
0.00103426
0.0010283
0.00102235
0.00101643
0.00101054
0.0010047
0.00099891
0.000993191
0.000987561
0.000982044
0.000976668
0.000971466
0.00096647
0.000961716
0.000957237
0.000953068
0.000949239
0.000945781
0.000942721
0.000940083
0.000937894
0.000936175
0.000934948
0.000934234
0.000934051
0.000934417
0.000935346
0.000936851
0.000938938
0.000941612
0.000944869
0.000948702
0.000953096
0.000958033
0.000963486
0.000969426
0.000975819
0.000982631
0.000989826
0.00099737
0.00100523
0.00101338
0.00102181
0.00103048
0.00103941
0.00104859
0.00105801
0.0010677
0.00107765
0.00108787
0.00109837
0.00110914
0.00112019
0.00113149
0.00114305
0.00115486
0.00116692
0.00117926
0.0011919
0.00120489
0.00121825
0.00123201
0.00124618
0.00126071
0.00127555
0.00129062
0.0013058
0.00132096
0.00133598
0.00135074
0.00136514
0.00137909
0.00139257
0.00140555
0.00141805
0.00143012
0.00144181
0.00145321
0.0014644
0.0014755
0.00148662
0.00149787
0.00150939
0.00152129
0.00153369
0.00154667
0.00156028
0.00157453
0.00158935
0.00160463
0.00162024
0.00163596
0.0016516
0.00166695
0.00168179
0.00169617
0.00170868
0.00172693
0.00109872
0.00109452
0.00109025
0.00108593
0.00108157
0.00107716
0.00107273
0.00106828
0.00106383
0.00105938
0.00105497
0.0010506
0.00104631
0.00104212
0.00103805
0.00103415
0.00103043
0.00102693
0.00102368
0.00102071
0.00101804
0.0010157
0.00101371
0.00101208
0.00101085
0.00101002
0.0010096
0.0010096
0.00101004
0.00101091
0.00101222
0.00101395
0.00101612
0.0010187
0.00102168
0.00102505
0.00102879
0.00103287
0.00103728
0.00104198
0.00104695
0.00105216
0.00105761
0.00106327
0.00106913
0.00107517
0.00108141
0.00108785
0.00109448
0.00110133
0.00110842
0.00111575
0.00112337
0.00113128
0.0011395
0.00114808
0.00115702
0.00116635
0.00117612
0.00118634
0.00119706
0.00120829
0.00122005
0.00123234
0.00124513
0.00125837
0.00127199
0.00128589
0.00129995
0.00131404
0.00132804
0.00134182
0.0013553
0.00136839
0.00138104
0.00139323
0.00140498
0.00141631
0.00142727
0.00143792
0.00144836
0.00145865
0.00146891
0.00147924
0.00148974
0.00150054
0.00151174
0.00152345
0.00153575
0.00154866
0.0015622
0.00157629
0.00159083
0.00160567
0.00162062
0.00163552
0.00165012
0.00166449
0.00167711
0.001696
0.0011291
0.0011264
0.00112361
0.00112075
0.00111782
0.00111482
0.00111176
0.00110865
0.0011055
0.00110232
0.00109912
0.00109593
0.00109276
0.00108962
0.00108655
0.00108356
0.00108068
0.00107792
0.00107533
0.00107291
0.00107069
0.0010687
0.00106694
0.00106545
0.00106424
0.00106331
0.00106269
0.00106237
0.00106238
0.0010627
0.00106334
0.0010643
0.00106558
0.00106716
0.00106903
0.00107119
0.00107362
0.00107631
0.00107922
0.00108236
0.00108571
0.00108924
0.00109294
0.00109681
0.00110085
0.00110504
0.0011094
0.00111393
0.00111864
0.00112357
0.00112872
0.00113413
0.00113983
0.00114586
0.00115224
0.00115903
0.00116625
0.00117394
0.00118215
0.0011909
0.00120023
0.00121015
0.00122067
0.00123177
0.00124342
0.00125556
0.00126811
0.00128096
0.00129401
0.00130713
0.0013202
0.00133309
0.00134572
0.001358
0.00136989
0.00138135
0.00139238
0.00140302
0.00141329
0.00142325
0.00143298
0.00144253
0.001452
0.00146147
0.00147105
0.00148083
0.00149093
0.00150145
0.00151248
0.00152409
0.00153631
0.00154913
0.00156247
0.00157624
0.00159029
0.00160447
0.00161855
0.00163263
0.0016451
0.00166426
0.00114507
0.00114344
0.00114175
0.00113999
0.00113815
0.00113625
0.00113429
0.00113226
0.00113019
0.00112808
0.00112593
0.00112376
0.00112158
0.0011194
0.00111724
0.00111511
0.00111303
0.00111102
0.00110909
0.00110727
0.00110556
0.00110399
0.00110257
0.00110132
0.00110025
0.00109938
0.00109871
0.00109825
0.00109802
0.00109801
0.00109822
0.00109867
0.00109934
0.00110023
0.00110134
0.00110266
0.00110417
0.00110588
0.00110777
0.00110982
0.00111203
0.0011144
0.0011169
0.00111955
0.00112233
0.00112525
0.00112833
0.00113157
0.00113498
0.0011386
0.00114246
0.00114657
0.00115099
0.00115574
0.00116087
0.00116643
0.00117246
0.00117899
0.00118607
0.00119373
0.001202
0.00121088
0.00122039
0.0012305
0.00124118
0.00125236
0.00126396
0.00127589
0.00128803
0.00130027
0.00131248
0.00132456
0.00133641
0.00134794
0.00135911
0.00136989
0.00138026
0.00139024
0.00139987
0.00140919
0.00141825
0.00142712
0.00143586
0.00144456
0.00145329
0.00146216
0.00147125
0.00148067
0.00149052
0.00150088
0.0015118
0.00152331
0.00153539
0.00154796
0.00156093
0.00157418
0.00158751
0.00160103
0.00161309
0.00163212
0.00115267
0.00115171
0.00115071
0.00114966
0.00114856
0.0011474
0.0011462
0.00114495
0.00114366
0.00114232
0.00114095
0.00113956
0.00113814
0.00113672
0.00113529
0.00113386
0.00113246
0.00113108
0.00112975
0.00112847
0.00112725
0.00112611
0.00112506
0.00112412
0.00112328
0.00112256
0.00112198
0.00112154
0.00112124
0.0011211
0.00112111
0.00112128
0.0011216
0.00112209
0.00112273
0.00112352
0.00112446
0.00112554
0.00112676
0.00112811
0.00112958
0.00113118
0.0011329
0.00113473
0.00113669
0.00113877
0.001141
0.00114338
0.00114593
0.00114869
0.00115167
0.00115492
0.00115846
0.00116235
0.00116662
0.00117132
0.00117649
0.00118217
0.00118841
0.00119523
0.00120267
0.00121072
0.0012194
0.00122867
0.00123851
0.00124885
0.00125961
0.00127071
0.00128203
0.00129347
0.00130491
0.00131624
0.00132736
0.0013382
0.00134871
0.00135885
0.0013686
0.00137798
0.001387
0.00139571
0.00140416
0.00141239
0.00142047
0.00142846
0.00143643
0.00144446
0.00145265
0.00146107
0.00146984
0.00147903
0.00148872
0.00149895
0.00150973
0.00152105
0.00153283
0.00154499
0.00155736
0.00157009
0.00158151
0.00160001
0.00115592
0.00115534
0.00115472
0.00115408
0.0011534
0.00115269
0.00115195
0.00115118
0.00115037
0.00114954
0.00114869
0.00114781
0.00114692
0.00114601
0.0011451
0.00114419
0.00114328
0.00114238
0.00114151
0.00114066
0.00113984
0.00113907
0.00113835
0.00113769
0.0011371
0.00113659
0.00113615
0.00113581
0.00113556
0.00113541
0.00113536
0.00113542
0.0011356
0.00113588
0.00113627
0.00113677
0.00113738
0.0011381
0.00113892
0.00113984
0.00114086
0.00114198
0.00114321
0.00114453
0.00114597
0.00114752
0.00114921
0.00115104
0.00115303
0.00115523
0.00115764
0.00116031
0.00116327
0.00116656
0.00117023
0.00117432
0.00117888
0.00118393
0.00118953
0.0011957
0.00120247
0.00120984
0.00121782
0.00122639
0.0012355
0.0012451
0.00125513
0.00126548
0.00127607
0.00128678
0.0012975
0.00130813
0.00131859
0.00132879
0.00133868
0.00134821
0.00135739
0.00136619
0.00137466
0.0013828
0.00139068
0.00139832
0.00140578
0.00141313
0.00142041
0.0014277
0.00143507
0.0014426
0.00145039
0.00145851
0.00146705
0.00147607
0.0014856
0.00149565
0.00150619
0.00151716
0.00152844
0.00154018
0.00155077
0.00156838
0.00115717
0.00115676
0.00115634
0.00115589
0.00115543
0.00115496
0.00115446
0.00115395
0.00115343
0.00115288
0.00115233
0.00115176
0.00115118
0.00115059
0.00115
0.00114942
0.00114883
0.00114825
0.00114769
0.00114714
0.00114661
0.00114612
0.00114565
0.00114522
0.00114483
0.00114449
0.00114421
0.00114398
0.00114382
0.00114372
0.00114369
0.00114374
0.00114387
0.00114407
0.00114435
0.00114471
0.00114516
0.00114568
0.00114628
0.00114697
0.00114773
0.00114858
0.00114952
0.00115054
0.00115166
0.00115289
0.00115425
0.00115574
0.00115739
0.00115922
0.00116127
0.00116356
0.00116613
0.00116902
0.00117228
0.00117594
0.00118004
0.00118462
0.00118973
0.00119539
0.00120162
0.00120843
0.00121582
0.00122377
0.00123225
0.00124121
0.00125057
0.00126025
0.00127017
0.00128021
0.00129027
0.00130026
0.00131009
0.00131969
0.00132899
0.00133797
0.00134659
0.00135487
0.0013628
0.00137042
0.00137776
0.00138486
0.00139176
0.00139852
0.00140518
0.0014118
0.00141844
0.00142518
0.0014321
0.00143927
0.00144677
0.00145467
0.00146302
0.00147185
0.00148114
0.00149089
0.00150098
0.00151162
0.00152124
0.00153764
0.00115759
0.00115725
0.00115691
0.00115656
0.0011562
0.00115583
0.00115545
0.00115507
0.00115468
0.00115428
0.00115387
0.00115347
0.00115306
0.00115265
0.00115224
0.00115183
0.00115143
0.00115104
0.00115067
0.0011503
0.00114995
0.00114963
0.00114932
0.00114905
0.0011488
0.0011486
0.00114842
0.0011483
0.00114821
0.00114818
0.00114819
0.00114826
0.00114839
0.00114858
0.00114882
0.00114913
0.0011495
0.00114993
0.00115042
0.00115099
0.00115162
0.00115232
0.00115309
0.00115395
0.0011549
0.00115594
0.0011571
0.00115839
0.00115983
0.00116144
0.00116326
0.0011653
0.00116762
0.00117024
0.0011732
0.00117654
0.00118031
0.00118453
0.00118925
0.0011945
0.00120028
0.00120662
0.00121351
0.00122093
0.00122885
0.00123723
0.00124599
0.00125506
0.00126436
0.00127378
0.00128323
0.00129262
0.00130187
0.00131089
0.00131965
0.00132808
0.00133619
0.00134395
0.00135139
0.00135851
0.00136536
0.00137195
0.00137834
0.00138457
0.00139067
0.00139669
0.0014027
0.00140874
0.00141489
0.00142122
0.0014278
0.00143469
0.00144196
0.00144964
0.00145775
0.00146629
0.00147518
0.00148463
0.00149319
0.00150816
0.00115771
0.0011574
0.00115708
0.00115676
0.00115644
0.00115612
0.00115579
0.00115546
0.00115513
0.00115479
0.00115446
0.00115413
0.0011538
0.00115347
0.00115315
0.00115283
0.00115253
0.00115223
0.00115195
0.00115168
0.00115143
0.0011512
0.00115099
0.0011508
0.00115064
0.00115051
0.00115041
0.00115035
0.00115032
0.00115033
0.00115038
0.00115048
0.00115062
0.0011508
0.00115104
0.00115133
0.00115167
0.00115206
0.00115251
0.00115301
0.00115357
0.0011542
0.00115489
0.00115566
0.00115651
0.00115745
0.0011585
0.00115967
0.00116099
0.00116246
0.00116413
0.00116602
0.00116816
0.00117059
0.00117334
0.00117645
0.00117996
0.0011839
0.00118831
0.00119321
0.00119862
0.00120455
0.00121099
0.00121795
0.00122537
0.00123322
0.00124144
0.00124995
0.00125867
0.00126751
0.00127639
0.00128521
0.00129389
0.00130237
0.0013106
0.00131852
0.00132613
0.00133341
0.00134037
0.00134703
0.00135341
0.00135954
0.00136546
0.0013712
0.00137681
0.00138231
0.00138775
0.00139319
0.00139867
0.00140427
0.00141004
0.00141605
0.00142235
0.00142899
0.001436
0.00144339
0.00145111
0.00145938
0.00146685
0.00148022
0.00115772
0.00115742
0.00115711
0.00115681
0.0011565
0.00115619
0.00115588
0.00115557
0.00115526
0.00115495
0.00115464
0.00115434
0.00115404
0.00115375
0.00115346
0.00115318
0.00115292
0.00115266
0.00115242
0.00115219
0.00115199
0.0011518
0.00115163
0.00115148
0.00115136
0.00115127
0.0011512
0.00115117
0.00115117
0.0011512
0.00115127
0.00115138
0.00115153
0.00115172
0.00115195
0.00115223
0.00115255
0.00115293
0.00115335
0.00115382
0.00115435
0.00115494
0.00115559
0.00115631
0.00115711
0.001158
0.00115898
0.00116009
0.00116133
0.00116272
0.0011643
0.00116608
0.0011681
0.00117038
0.00117298
0.00117591
0.00117921
0.00118292
0.00118706
0.00119166
0.00119674
0.00120231
0.00120837
0.00121489
0.00122186
0.00122923
0.00123694
0.00124492
0.00125311
0.0012614
0.00126973
0.001278
0.00128614
0.00129409
0.0013018
0.00130923
0.00131635
0.00132316
0.00132967
0.00133589
0.00134184
0.00134755
0.00135305
0.00135836
0.00136352
0.00136857
0.00137352
0.00137844
0.00138336
0.00138833
0.0013934
0.00139865
0.0014041
0.00140982
0.00141584
0.00142217
0.00142879
0.00143591
0.00144233
0.00145403
0.00115771
0.00115741
0.0011571
0.0011568
0.00115649
0.00115619
0.00115588
0.00115557
0.00115527
0.00115497
0.00115467
0.00115437
0.00115408
0.0011538
0.00115353
0.00115326
0.001153
0.00115276
0.00115253
0.00115232
0.00115212
0.00115194
0.00115179
0.00115165
0.00115154
0.00115146
0.0011514
0.00115137
0.00115138
0.00115141
0.00115148
0.00115159
0.00115174
0.00115192
0.00115215
0.00115242
0.00115273
0.00115309
0.0011535
0.00115395
0.00115446
0.00115503
0.00115565
0.00115635
0.00115712
0.00115797
0.00115892
0.00115998
0.00116117
0.00116251
0.00116402
0.00116572
0.00116765
0.00116983
0.00117229
0.00117507
0.0011782
0.00118171
0.00118562
0.00118996
0.00119475
0.00119999
0.00120569
0.00121182
0.00121836
0.00122528
0.00123251
0.00123999
0.00124766
0.00125543
0.00126321
0.00127095
0.00127856
0.00128599
0.00129319
0.00130012
0.00130677
0.00131313
0.00131921
0.00132501
0.00133057
0.00133589
0.00134101
0.00134595
0.00135074
0.00135539
0.00135994
0.00136442
0.00136885
0.0013733
0.00137779
0.00138238
0.00138711
0.00139203
0.00139717
0.00140256
0.00140817
0.00141423
0.00141963
0.00142968
0.0011577
0.00115739
0.00115708
0.00115678
0.00115647
0.00115616
0.00115586
0.00115555
0.00115525
0.00115495
0.00115465
0.00115435
0.00115406
0.00115378
0.0011535
0.00115324
0.00115298
0.00115273
0.0011525
0.00115229
0.00115209
0.0011519
0.00115174
0.0011516
0.00115149
0.0011514
0.00115133
0.0011513
0.00115129
0.00115132
0.00115138
0.00115148
0.00115162
0.00115179
0.001152
0.00115226
0.00115256
0.0011529
0.00115329
0.00115373
0.00115422
0.00115477
0.00115538
0.00115605
0.0011568
0.00115763
0.00115856
0.00115959
0.00116074
0.00116204
0.0011635
0.00116514
0.00116699
0.00116907
0.00117143
0.00117407
0.00117705
0.00118037
0.00118407
0.00118817
0.00119269
0.00119763
0.00120299
0.00120875
0.00121489
0.00122137
0.00122814
0.00123514
0.0012423
0.00124954
0.0012568
0.001264
0.00127108
0.00127798
0.00128467
0.00129111
0.00129729
0.00130322
0.00130888
0.0013143
0.0013195
0.00132449
0.00132928
0.00133391
0.00133838
0.00134272
0.00134693
0.00135105
0.00135509
0.0013591
0.0013631
0.00136714
0.00137125
0.00137548
0.00137986
0.00138442
0.00138914
0.00139422
0.00139871
0.00140718
0.00115768
0.00115737
0.00115706
0.00115675
0.00115645
0.00115614
0.00115583
0.00115552
0.00115522
0.00115491
0.00115461
0.00115431
0.00115402
0.00115373
0.00115345
0.00115318
0.00115291
0.00115266
0.00115242
0.0011522
0.00115199
0.0011518
0.00115162
0.00115147
0.00115134
0.00115124
0.00115116
0.00115111
0.00115109
0.00115111
0.00115115
0.00115123
0.00115135
0.00115151
0.0011517
0.00115194
0.00115222
0.00115255
0.00115292
0.00115334
0.00115382
0.00115435
0.00115494
0.0011556
0.00115633
0.00115714
0.00115804
0.00115904
0.00116017
0.00116143
0.00116284
0.00116442
0.0011662
0.00116821
0.00117046
0.00117298
0.00117581
0.00117897
0.00118247
0.00118635
0.0011906
0.00119525
0.00120028
0.00120569
0.00121143
0.00121749
0.0012238
0.00123031
0.00123696
0.00124368
0.00125039
0.00125704
0.00126357
0.00126994
0.00127611
0.00128206
0.00128779
0.00129329
0.00129857
0.00130365
0.00130854
0.00131325
0.00131779
0.00132217
0.00132641
0.0013305
0.00133445
0.00133829
0.00134202
0.00134567
0.00134926
0.00135284
0.00135643
0.00136007
0.0013638
0.00136763
0.00137156
0.00137577
0.00137943
0.00138642
0.00115766
0.00115735
0.00115704
0.00115673
0.00115642
0.00115611
0.0011558
0.00115549
0.00115518
0.00115487
0.00115457
0.00115427
0.00115397
0.00115368
0.00115339
0.00115311
0.00115284
0.00115258
0.00115233
0.0011521
0.00115188
0.00115167
0.00115149
0.00115132
0.00115118
0.00115106
0.00115096
0.00115089
0.00115086
0.00115085
0.00115088
0.00115094
0.00115103
0.00115117
0.00115134
0.00115156
0.00115182
0.00115213
0.00115248
0.00115289
0.00115334
0.00115386
0.00115443
0.00115507
0.00115578
0.00115657
0.00115745
0.00115844
0.00115953
0.00116075
0.00116212
0.00116365
0.00116536
0.00116729
0.00116944
0.00117185
0.00117453
0.00117752
0.00118083
0.00118449
0.00118849
0.00119285
0.00119755
0.0012026
0.00120795
0.00121357
0.00121941
0.00122542
0.00123154
0.0012377
0.00124385
0.00124993
0.00125589
0.0012617
0.00126735
0.00127282
0.00127811
0.00128322
0.00128817
0.00129297
0.00129762
0.00130212
0.00130649
0.00131071
0.00131479
0.00131872
0.00132249
0.00132611
0.00132959
0.00133295
0.00133621
0.00133939
0.00134253
0.00134566
0.0013488
0.001352
0.00135522
0.00135865
0.00136157
0.0013672
0.00115764
0.00115733
0.00115702
0.00115671
0.0011564
0.00115609
0.00115577
0.00115546
0.00115515
0.00115484
0.00115453
0.00115422
0.00115392
0.00115362
0.00115333
0.00115305
0.00115277
0.0011525
0.00115224
0.001152
0.00115176
0.00115155
0.00115135
0.00115117
0.00115101
0.00115087
0.00115076
0.00115067
0.00115062
0.00115059
0.00115059
0.00115064
0.00115071
0.00115083
0.00115098
0.00115118
0.00115142
0.0011517
0.00115204
0.00115242
0.00115286
0.00115335
0.00115391
0.00115453
0.00115522
0.00115599
0.00115685
0.00115781
0.00115887
0.00116005
0.00116138
0.00116285
0.0011645
0.00116634
0.00116839
0.00117068
0.00117322
0.00117604
0.00117916
0.00118258
0.00118632
0.00119038
0.00119475
0.00119941
0.00120434
0.0012095
0.00121485
0.00122032
0.00122587
0.00123143
0.00123697
0.00124244
0.00124782
0.00125307
0.0012582
0.00126321
0.00126811
0.0012729
0.00127759
0.0012822
0.00128671
0.00129112
0.00129541
0.00129956
0.00130357
0.0013074
0.00131106
0.00131453
0.00131781
0.00132092
0.00132388
0.00132671
0.00132943
0.00133209
0.0013347
0.00133731
0.00133989
0.00134259
0.00134484
0.00134921
0.00115763
0.00115731
0.001157
0.00115669
0.00115638
0.00115606
0.00115575
0.00115543
0.00115512
0.0011548
0.00115449
0.00115418
0.00115388
0.00115357
0.00115327
0.00115298
0.0011527
0.00115242
0.00115215
0.0011519
0.00115165
0.00115143
0.00115121
0.00115102
0.00115085
0.00115069
0.00115056
0.00115046
0.00115038
0.00115034
0.00115033
0.00115035
0.0011504
0.0011505
0.00115063
0.0011508
0.00115102
0.00115129
0.0011516
0.00115197
0.00115239
0.00115286
0.0011534
0.001154
0.00115467
0.00115542
0.00115625
0.00115718
0.00115821
0.00115935
0.00116062
0.00116204
0.00116361
0.00116536
0.00116731
0.00116946
0.00117185
0.00117449
0.00117739
0.00118056
0.00118402
0.00118775
0.00119174
0.00119599
0.00120046
0.0012051
0.00120989
0.00121476
0.00121968
0.0012246
0.00122949
0.00123433
0.0012391
0.00124381
0.00124847
0.00125309
0.00125768
0.00126227
0.00126683
0.00127138
0.00127589
0.00128032
0.00128465
0.00128884
0.00129285
0.00129665
0.00130023
0.00130357
0.00130666
0.00130953
0.00131218
0.00131465
0.00131696
0.00131914
0.00132123
0.00132326
0.00132521
0.00132723
0.00132883
0.00133202
0.00115761
0.0011573
0.00115698
0.00115667
0.00115635
0.00115604
0.00115572
0.0011554
0.00115509
0.00115477
0.00115445
0.00115414
0.00115383
0.00115352
0.00115322
0.00115292
0.00115263
0.00115235
0.00115207
0.00115181
0.00115155
0.00115131
0.00115109
0.00115088
0.00115069
0.00115053
0.00115038
0.00115026
0.00115017
0.0011501
0.00115007
0.00115007
0.00115011
0.00115018
0.0011503
0.00115045
0.00115065
0.00115089
0.00115119
0.00115153
0.00115193
0.00115239
0.0011529
0.00115348
0.00115413
0.00115485
0.00115565
0.00115655
0.00115753
0.00115863
0.00115984
0.00116119
0.00116268
0.00116432
0.00116614
0.00116814
0.00117035
0.00117277
0.00117542
0.00117831
0.00118142
0.00118477
0.00118833
0.00119209
0.00119601
0.00120006
0.00120421
0.00120841
0.00121263
0.00121685
0.00122106
0.00122526
0.00122947
0.00123371
0.00123801
0.00124238
0.00124685
0.00125141
0.00125605
0.00126072
0.00126539
0.00126999
0.00127446
0.00127875
0.00128281
0.00128659
0.00129007
0.00129323
0.00129609
0.00129864
0.00130093
0.00130296
0.0013048
0.00130645
0.00130797
0.00130938
0.00131069
0.00131202
0.00131297
0.001315
0.0011576
0.00115728
0.00115697
0.00115665
0.00115633
0.00115602
0.0011557
0.00115538
0.00115506
0.00115474
0.00115442
0.0011541
0.00115379
0.00115348
0.00115317
0.00115287
0.00115257
0.00115228
0.00115199
0.00115172
0.00115146
0.00115121
0.00115097
0.00115075
0.00115055
0.00115037
0.00115021
0.00115008
0.00114997
0.00114989
0.00114984
0.00114982
0.00114983
0.00114989
0.00114998
0.00115012
0.00115029
0.00115052
0.00115079
0.00115111
0.00115149
0.00115192
0.00115241
0.00115296
0.00115358
0.00115427
0.00115504
0.00115588
0.00115682
0.00115785
0.00115899
0.00116024
0.00116161
0.00116312
0.00116477
0.00116658
0.00116856
0.00117071
0.00117304
0.00117556
0.00117826
0.00118112
0.00118415
0.00118731
0.00119058
0.00119393
0.00119733
0.00120078
0.00120425
0.00120776
0.00121132
0.00121498
0.00121876
0.00122272
0.00122689
0.00123128
0.00123589
0.0012407
0.00124565
0.00125066
0.00125565
0.00126052
0.00126519
0.00126957
0.00127362
0.00127728
0.00128054
0.00128339
0.00128584
0.00128793
0.00128969
0.00129116
0.00129238
0.00129339
0.00129424
0.00129495
0.00129555
0.00129612
0.00129641
0.00129726
0.00115758
0.00115727
0.00115695
0.00115663
0.00115631
0.00115599
0.00115567
0.00115535
0.00115503
0.00115471
0.00115439
0.00115407
0.00115375
0.00115343
0.00115312
0.00115281
0.00115251
0.00115221
0.00115192
0.00115164
0.00115137
0.00115111
0.00115087
0.00115064
0.00115042
0.00115023
0.00115005
0.0011499
0.00114978
0.00114968
0.00114961
0.00114957
0.00114957
0.00114961
0.00114968
0.00114979
0.00114995
0.00115015
0.00115039
0.00115069
0.00115104
0.00115144
0.00115189
0.00115241
0.00115299
0.00115363
0.00115433
0.00115511
0.00115597
0.00115691
0.00115793
0.00115904
0.00116025
0.00116156
0.00116298
0.00116452
0.00116617
0.00116795
0.00116985
0.00117187
0.00117401
0.00117626
0.00117861
0.00118103
0.00118352
0.00118606
0.00118866
0.00119132
0.00119408
0.00119698
0.00120007
0.00120343
0.0012071
0.00121114
0.00121557
0.00122038
0.00122552
0.0012309
0.00123642
0.00124193
0.0012473
0.00125242
0.00125716
0.00126145
0.00126524
0.0012685
0.00127124
0.00127347
0.00127523
0.00127657
0.00127755
0.00127821
0.00127862
0.00127882
0.00127884
0.00127874
0.00127853
0.00127829
0.00127785
0.00127748
0.00115757
0.00115726
0.00115694
0.00115662
0.0011563
0.00115598
0.00115565
0.00115533
0.00115501
0.00115468
0.00115436
0.00115404
0.00115371
0.00115339
0.00115308
0.00115276
0.00115245
0.00115215
0.00115185
0.00115157
0.00115129
0.00115102
0.00115076
0.00115052
0.00115029
0.00115009
0.0011499
0.00114973
0.00114959
0.00114947
0.00114938
0.00114933
0.0011493
0.00114931
0.00114936
0.00114944
0.00114957
0.00114973
0.00114994
0.0011502
0.0011505
0.00115085
0.00115126
0.00115171
0.00115221
0.00115277
0.00115338
0.00115404
0.00115476
0.00115554
0.00115637
0.00115726
0.00115821
0.00115922
0.00116029
0.00116141
0.00116259
0.00116384
0.00116514
0.00116649
0.0011679
0.00116935
0.00117086
0.00117241
0.00117403
0.00117574
0.00117758
0.0011796
0.00118189
0.00118451
0.00118757
0.00119114
0.00119528
0.00119999
0.00120526
0.00121098
0.00121703
0.00122324
0.00122941
0.00123535
0.00124089
0.00124589
0.00125026
0.00125394
0.00125693
0.00125923
0.00126091
0.00126202
0.00126263
0.00126282
0.00126267
0.00126224
0.00126159
0.00126076
0.00125982
0.00125878
0.00125767
0.00125655
0.00125535
0.00125376
0.00115756
0.00115724
0.00115693
0.0011566
0.00115628
0.00115596
0.00115563
0.00115531
0.00115498
0.00115466
0.00115433
0.001154
0.00115368
0.00115335
0.00115303
0.00115271
0.0011524
0.00115209
0.00115178
0.00115148
0.0011512
0.00115092
0.00115065
0.00115039
0.00115015
0.00114992
0.00114972
0.00114953
0.00114936
0.00114922
0.0011491
0.00114902
0.00114895
0.00114893
0.00114893
0.00114897
0.00114904
0.00114915
0.00114929
0.00114948
0.0011497
0.00114996
0.00115025
0.00115059
0.00115095
0.00115135
0.00115178
0.00115224
0.00115272
0.00115322
0.00115373
0.00115425
0.00115478
0.0011553
0.00115582
0.00115633
0.00115682
0.00115731
0.00115779
0.00115826
0.00115875
0.00115927
0.00115985
0.00116053
0.00116138
0.00116248
0.0011639
0.00116578
0.00116821
0.0011713
0.00117515
0.0011798
0.00118523
0.00119137
0.00119806
0.00120507
0.00121216
0.00121903
0.00122544
0.00123116
0.00123604
0.00123998
0.00124296
0.00124501
0.00124622
0.00124668
0.00124651
0.00124581
0.0012447
0.00124328
0.00124164
0.00123984
0.00123793
0.00123596
0.00123395
0.00123194
0.00122993
0.00122796
0.00122605
0.00122334
0.00115755
0.00115723
0.00115691
0.00115659
0.00115627
0.00115594
0.00115561
0.00115528
0.00115495
0.00115462
0.00115429
0.00115396
0.00115363
0.0011533
0.00115297
0.00115264
0.00115231
0.00115199
0.00115167
0.00115136
0.00115105
0.00115075
0.00115046
0.00115018
0.00114991
0.00114965
0.00114941
0.00114918
0.00114897
0.00114878
0.00114861
0.00114846
0.00114833
0.00114823
0.00114815
0.00114809
0.00114806
0.00114805
0.00114806
0.0011481
0.00114815
0.00114823
0.00114832
0.00114841
0.00114852
0.00114862
0.00114871
0.00114879
0.00114884
0.00114886
0.00114883
0.00114875
0.00114861
0.00114839
0.00114809
0.00114772
0.00114728
0.00114677
0.00114624
0.00114571
0.00114524
0.00114489
0.00114476
0.00114495
0.00114558
0.0011468
0.00114873
0.00115153
0.0011553
0.00116012
0.00116598
0.00117279
0.00118038
0.00118846
0.00119668
0.00120465
0.00121197
0.0012183
0.0012234
0.00122713
0.00122946
0.00123047
0.0012303
0.00122914
0.0012272
0.00122467
0.00122174
0.00121854
0.00121523
0.0012119
0.0012086
0.00120537
0.00120224
0.00119922
0.00119631
0.00119351
0.00119081
0.00118821
0.00118581
0.00118235
0.00115754
0.00115721
0.00115689
0.00115656
0.00115623
0.0011559
0.00115556
0.00115523
0.00115489
0.00115454
0.0011542
0.00115385
0.0011535
0.00115315
0.0011528
0.00115245
0.0011521
0.00115174
0.00115139
0.00115104
0.00115069
0.00115034
0.00115
0.00114966
0.00114932
0.00114899
0.00114866
0.00114835
0.00114804
0.00114773
0.00114744
0.00114715
0.00114687
0.0011466
0.00114633
0.00114607
0.00114582
0.00114556
0.0011453
0.00114504
0.00114476
0.00114447
0.00114416
0.00114381
0.00114342
0.00114298
0.00114249
0.00114191
0.00114125
0.00114049
0.00113962
0.00113862
0.0011375
0.00113626
0.00113489
0.00113343
0.00113192
0.0011304
0.00112895
0.00112767
0.00112669
0.00112615
0.00112622
0.00112706
0.00112886
0.00113179
0.00113597
0.00114148
0.00114832
0.00115637
0.0011654
0.00117503
0.00118475
0.001194
0.00120218
0.00120877
0.0012134
0.00121584
0.00121611
0.00121438
0.00121094
0.00120617
0.00120049
0.00119425
0.00118779
0.00118135
0.00117512
0.00116925
0.00116384
0.00115889
0.00115438
0.00115025
0.00114648
0.00114302
0.00113982
0.00113684
0.00113406
0.00113142
0.00112906
0.00112563
0.00115746
0.00115712
0.00115678
0.00115643
0.00115608
0.00115572
0.00115535
0.00115499
0.00115461
0.00115423
0.00115384
0.00115344
0.00115304
0.00115263
0.00115221
0.00115179
0.00115135
0.00115091
0.00115046
0.00115
0.00114953
0.00114906
0.00114857
0.00114807
0.00114757
0.00114706
0.00114653
0.00114599
0.00114544
0.00114488
0.0011443
0.00114371
0.0011431
0.00114247
0.00114181
0.00114113
0.00114042
0.00113967
0.00113887
0.00113803
0.00113714
0.00113617
0.00113514
0.00113402
0.0011328
0.00113148
0.00113004
0.00112847
0.00112676
0.0011249
0.0011229
0.00112076
0.0011185
0.00111616
0.00111378
0.00111145
0.00110927
0.00110738
0.00110593
0.00110511
0.00110514
0.00110624
0.00110861
0.00111246
0.00111791
0.00112505
0.00113381
0.00114402
0.00115532
0.00116715
0.00117878
0.00118935
0.00119796
0.00120379
0.00120624
0.00120503
0.00120026
0.00119231
0.00118187
0.00116969
0.0011566
0.0011433
0.00113039
0.00111828
0.00110725
0.00109744
0.00108894
0.00108179
0.00107582
0.00107086
0.00106673
0.00106327
0.00106036
0.00105787
0.00105572
0.00105382
0.00105212
0.00105054
0.00104916
0.00104715
0.00115702
0.00115662
0.0011562
0.00115578
0.00115534
0.00115489
0.00115442
0.00115394
0.00115344
0.00115292
0.00115238
0.00115183
0.00115125
0.00115066
0.00115004
0.0011494
0.00114873
0.00114803
0.00114731
0.00114656
0.00114579
0.00114498
0.00114413
0.00114326
0.00114235
0.0011414
0.00114041
0.00113938
0.0011383
0.00113718
0.00113601
0.00113478
0.0011335
0.00113216
0.00113075
0.00112928
0.00112772
0.00112609
0.00112437
0.00112256
0.00112064
0.00111862
0.00111648
0.00111422
0.00111183
0.00110932
0.00110667
0.00110391
0.00110104
0.00109808
0.00109508
0.00109209
0.00108919
0.0010865
0.00108415
0.0010823
0.00108118
0.001081
0.00108203
0.0010845
0.00108867
0.00109473
0.00110279
0.00111288
0.00112483
0.00113829
0.00115266
0.00116706
0.00118034
0.00119116
0.00119809
0.00119989
0.00119568
0.00118523
0.00116897
0.00114794
0.00112363
0.00109765
0.00107154
0.00104658
0.00102369
0.00100346
0.000986149
0.000971779
0.000960208
0.000951289
0.000944867
0.000940459
0.000937635
0.000936025
0.000935323
0.000935277
0.000935692
0.000936408
0.000937316
0.000938304
0.000939339
0.000940328
0.000941212
0.000942436
0.00115485
0.00115421
0.00115354
0.00115283
0.00115209
0.00115132
0.00115051
0.00114967
0.00114878
0.00114785
0.00114688
0.00114586
0.00114479
0.00114368
0.00114252
0.0011413
0.00114003
0.00113871
0.00113732
0.00113588
0.00113437
0.0011328
0.00113116
0.00112946
0.00112768
0.00112583
0.00112391
0.0011219
0.00111982
0.00111765
0.0011154
0.00111306
0.00111063
0.0011081
0.00110549
0.00110277
0.00109996
0.00109704
0.00109403
0.00109092
0.00108772
0.00108443
0.00108106
0.00107762
0.00107414
0.00107065
0.00106717
0.00106377
0.00106051
0.00105748
0.0010548
0.00105261
0.0010511
0.00105046
0.00105093
0.00105277
0.00105624
0.0010616
0.00106906
0.00107875
0.00109066
0.00110462
0.0011202
0.00113662
0.00115275
0.00116703
0.00117751
0.00118204
0.00117853
0.00116542
0.0011421
0.00110928
0.00106891
0.0010239
0.000977444
0.000932447
0.00089115
0.000854972
0.00082458
0.000800059
0.000781101
0.000767164
0.000757601
0.000751704
0.000749003
0.000749027
0.000751067
0.000754564
0.000759073
0.000764241
0.000769791
0.000775504
0.00078122
0.00078681
0.0007922
0.000797297
0.000802115
0.000806566
0.000810462
0.000815886
0.00114539
0.00114397
0.00114248
0.00114093
0.00113931
0.00113761
0.00113584
0.001134
0.00113208
0.00113009
0.00112801
0.00112586
0.00112362
0.00112131
0.00111891
0.00111643
0.00111386
0.00111121
0.00110848
0.00110565
0.00110274
0.00109974
0.00109666
0.00109348
0.00109022
0.00108687
0.00108344
0.00107992
0.00107632
0.00107264
0.00106889
0.00106506
0.00106117
0.00105721
0.0010532
0.00104915
0.00104507
0.00104098
0.00103689
0.00103282
0.00102881
0.00102488
0.00102108
0.00101745
0.00101407
0.00101099
0.00100832
0.00100616
0.00100464
0.00100391
0.00100414
0.00100551
0.00100821
0.00101243
0.0010183
0.00102592
0.00103524
0.00104605
0.00105788
0.00106996
0.00108108
0.00108958
0.00109332
0.00108983
0.00107658
0.00105153
0.00101385
0.000964446
0.000906179
0.000843364
0.000780772
0.000722569
0.000671641
0.000629453
0.000596293
0.000571651
0.000554579
0.000543955
0.000538649
0.000537615
0.000539939
0.000544831
0.000551633
0.000559909
0.000569195
0.000579062
0.000589199
0.000599374
0.000609415
0.000619189
0.000628602
0.000637581
0.00064608
0.000654057
0.000661506
0.000668374
0.000674742
0.000680479
0.000685542
0.000692294
0.00110929
0.00110589
0.00110239
0.0010988
0.00109511
0.00109133
0.00108745
0.00108349
0.00107944
0.0010753
0.00107108
0.00106678
0.0010624
0.00105795
0.00105343
0.00104883
0.00104418
0.00103946
0.00103468
0.00102986
0.00102498
0.00102007
0.00101511
0.00101013
0.00100512
0.0010001
0.00099507
0.000990041
0.000985024
0.000980028
0.000975067
0.000970154
0.000965302
0.000960527
0.000955846
0.000951278
0.000946843
0.000942561
0.000938455
0.000934551
0.000930872
0.000927443
0.00092429
0.000921431
0.000918882
0.000916646
0.000914708
0.000913026
0.000911516
0.000910039
0.000908374
0.000906201
0.000903071
0.000898392
0.000891422
0.000881287
0.000867043
0.000847775
0.000822743
0.000791559
0.000754359
0.000711927
0.000665724
0.000617776
0.000570434
0.000526037
0.000486598
0.000453599
0.000427896
0.000409734
0.000398837
0.000394556
0.000396001
0.000402162
0.000411994
0.000424479
0.000438677
0.000453766
0.000469066
0.000484056
0.000498354
0.000511771
0.000524179
0.000535429
0.000545495
0.000554444
0.000562382
0.000569427
0.000575689
0.000581261
0.00058622
0.000590623
0.000594516
0.000597922
0.000600883
0.000603366
0.000605502
0.00060702
0.000608533
0.000609469
0.000993078
0.000986209
0.000979305
0.000972374
0.000965421
0.000958452
0.000951473
0.00094449
0.000937509
0.000930536
0.000923576
0.000916635
0.000909718
0.000902831
0.000895979
0.000889167
0.000882401
0.000875685
0.000869023
0.000862421
0.000855881
0.000849407
0.000843001
0.000836665
0.000830399
0.000824203
0.000818074
0.000812007
0.000805995
0.000800029
0.000794094
0.000788171
0.000782238
0.000776262
0.000770205
0.000764019
0.000757641
0.000750997
0.000743991
0.000736509
0.000728409
0.000719522
0.000709646
0.000698544
0.00068595
0.000671571
0.000655111
0.000636296
0.000614914
0.000590877
0.000564277
0.000535437
0.000504939
0.000473604
0.000442424
0.000412454
0.000384688
0.000359963
0.000338897
0.000321887
0.000309145
0.000300759
0.000296749
0.00029711
0.000301825
0.000310848
0.000324058
0.000341204
0.000361849
0.000385357
0.000410918
0.000437611
0.000464481
0.000490631
0.000515287
0.000537849
0.000557939
0.000575374
0.000590113
0.000602297
0.000612097
0.000619574
0.000624899
0.000628352
0.000630212
0.000630731
0.000630128
0.000628588
0.000626271
0.00062331
0.000619813
0.000615868
0.000611548
0.0006069
0.000601989
0.00059679
0.00059149
0.000585631
0.00058078
0.000571452
0.000693071
0.000683473
0.000674009
0.000664678
0.000655479
0.00064641
0.000637467
0.000628648
0.000619948
0.000611363
0.00060289
0.000594522
0.000586255
0.000578081
0.000569994
0.000561986
0.000554048
0.000546171
0.000538343
0.000530554
0.00052279
0.000515037
0.000507281
0.000499503
0.000491689
0.000483817
0.000475869
0.000467824
0.000459661
0.000451357
0.000442892
0.000434242
0.000425389
0.000416312
0.000406995
0.000397424
0.000387593
0.000377498
0.000367148
0.000356559
0.000345763
0.000334808
0.000323762
0.000312717
0.000301791
0.000291129
0.000280909
0.000271335
0.000262637
0.000255066
0.000248884
0.000244359
0.000241751
0.000241307
0.000243251
0.000247779
0.000255051
0.000265191
0.000278281
0.000294363
0.000313429
0.000335411
0.000360157
0.000387397
0.000416711
0.000447506
0.000478965
0.000510123
0.00054
0.00056774
0.000592709
0.000614539
0.000633117
0.000648534
0.000661
0.000670768
0.000678266
0.000683838
0.000687639
0.000689688
0.000690073
0.000688916
0.00068633
0.000682429
0.000677336
0.000671179
0.000664086
0.000656186
0.000647597
0.000638428
0.000628777
0.000618729
0.000608366
0.00059774
0.000586943
0.000575945
0.000565007
0.000553506
0.000543795
0.000526502
0.000266395
0.000262157
0.000258089
0.000254185
0.000250441
0.00024685
0.000243408
0.000240109
0.00023695
0.000233926
0.000231034
0.00022827
0.000225632
0.000223116
0.000220722
0.000218446
0.000216288
0.000214246
0.000212321
0.000210512
0.00020882
0.000207245
0.000205791
0.000204459
0.000203251
0.000202173
0.000201229
0.000200424
0.000199765
0.000199259
0.000198916
0.000198746
0.000198761
0.000198976
0.000199405
0.00020007
0.000200991
0.000202194
0.00020371
0.000205574
0.000207827
0.000210519
0.000213705
0.000217453
0.00022184
0.000226955
0.000232902
0.000239798
0.000247774
0.000256975
0.000267555
0.000279672
0.000293483
0.000309126
0.000326712
0.000346297
0.00036787
0.000391323
0.000416429
0.000442821
0.000469976
0.000497212
0.000523724
0.000548654
0.000571194
0.000590687
0.000606586
0.000618833
0.000627824
0.000634119
0.000638267
0.000640722
0.000641811
0.000641748
0.000640672
0.000638649
0.000635527
0.000631275
0.000626034
0.000619934
0.000613071
0.00060551
0.0005973
0.000588482
0.000579093
0.000569176
0.000558779
0.000547956
0.000536765
0.00052527
0.000513536
0.000501624
0.000489607
0.000477525
0.000465481
0.000453427
0.000441667
0.000429531
0.000419458
0.000401864
0.000204561
0.000205452
0.000206312
0.000207139
0.000207933
0.000208693
0.000209418
0.000210108
0.000210761
0.000211377
0.000211955
0.000212495
0.000212996
0.000213456
0.000213876
0.000214254
0.00021459
0.000214881
0.000215129
0.00021533
0.000215485
0.000215592
0.00021565
0.000215656
0.000215611
0.000215511
0.000215355
0.000215141
0.000214866
0.000214529
0.000214126
0.000213655
0.000213112
0.000212493
0.000211796
0.000211014
0.000210143
0.000209179
0.000208114
0.000206941
0.000205654
0.000204244
0.000202701
0.000201015
0.000199176
0.000197171
0.000194989
0.00019262
0.000190054
0.000187289
0.000184327
0.000181187
0.000177906
0.000174551
0.000171227
0.000168091
0.000165352
0.000163261
0.000162086
0.000162045
0.000163236
0.000165571
0.000168769
0.00017241
0.000176023
0.000179213
0.000181788
0.000183586
0.000184525
0.000184662
0.000184141
0.000183127
0.000181775
0.000180211
0.00017853
0.000176794
0.00017504
0.000173289
0.000171561
0.000169876
0.000168247
0.000166684
0.00016519
0.000163767
0.000162413
0.000161125
0.000159901
0.00015874
0.000157639
0.000156597
0.000155614
0.000154691
0.000153827
0.000153023
0.000152277
0.000151594
0.000150965
0.000150395
0.000149924
0.000149235
3.89318e-05
9.96387e-05
0.000109472
0.000111837
0.000109801
0.000104958
9.78667e-05
9.47107e-05
0.000120739
0.000157828
0.000188175
0.000213285
0.000234694
0.000253274
0.000269574
0.000283964
0.000296719
0.000308059
0.000318178
0.000327257
0.000335465
0.000342959
0.000349878
0.000356346
0.000362464
0.00036831
0.000373943
0.000379402
0.000384707
0.000389862
0.00039486
0.000399687
0.000404333
0.000408799
0.000413104
0.000417218
0.000421112
0.000424791
0.000428244
0.000431455
0.000434405
0.000437076
0.000439448
0.000441504
0.000443226
0.000444599
0.000445606
0.000446234
0.00044647
0.000446302
0.000445716
0.000444702
0.000443246
0.000441336
0.000438958
0.000436098
0.000432738
0.000428863
0.000424458
0.000419518
0.00041406
0.000408179
0.00040217
0.000396877
0.000392273
0.000387356
0.000381864
0.000375734
0.000368962
0.000361589
0.0003537
0.00034543
0.00033695
0.000328452
0.000320122
0.000312118
0.000304561
0.000297524
0.00029104
0.000285107
0.000279701
0.000274779
0.000270291
0.000266185
0.000262409
0.000258916
0.000255665
0.000252621
0.000249756
0.000247042
0.000244441
0.00024191
0.00023942
0.000236964
0.00023456
0.000232227
0.000230013
0.00022788
0.000226126
0.000223436
5.73393e-05
0.000230672
0.000365646
0.000399712
0.000364492
0.000324185
0.000328196
0.000373997
0.000441842
0.000517771
0.000602297
0.000698572
0.00080674
0.000924833
0.00104948
0.00117658
0.00130204
0.00142238
0.00153511
0.0016389
0.00173342
0.00181916
0.00189713
0.00196864
0.00203505
0.00209768
0.00215768
0.00221602
0.00227341
0.00233028
0.00238674
0.00244251
0.00249685
0.00254859
0.00259719
0.00264318
0.0026878
0.00273114
0.00277312
0.00281354
0.0028522
0.00288884
0.00292323
0.00295512
0.00298425
0.0030104
0.00303335
0.00305289
0.00306882
0.00308096
0.00308912
0.00309313
0.00309283
0.00308803
0.00307854
0.00306415
0.00304463
0.00301971
0.00298909
0.00295236
0.002909
0.00285826
0.00279908
0.00273027
0.00265247
0.002567
0.00247456
0.00237577
0.00227146
0.00216291
0.00205189
0.00194058
0.00183134
0.00172634
0.00162728
0.00153511
0.00145007
0.00137184
0.00129981
0.0012333
0.00117175
0.00111472
0.0010619
0.00101304
0.000967868
0.00092615
0.000887617
0.000852018
0.000819179
0.000788795
0.000759504
0.000730802
0.00070348
0.000678635
0.000656924
0.000638487
0.000622997
0.000609891
0.000599572
0.000585422
6.88261e-05
0.000389017
0.000553345
0.000594262
0.000573981
0.000560513
0.000598726
0.000683026
0.000796418
0.000933889
0.00109543
0.00127801
0.00147488
0.00167763
0.00187826
0.00207057
0.00225061
0.00241647
0.00256778
0.00270518
0.00282993
0.00294359
0.00304784
0.00314431
0.00323451
0.00331979
0.00340129
0.00347993
0.0035564
0.00363116
0.00370448
0.00377644
0.00384712
0.00391688
0.00398465
0.00405027
0.0041138
0.00417509
0.00423391
0.00428993
0.0043428
0.00439211
0.00443746
0.00447841
0.00451454
0.00454543
0.00457066
0.0045898
0.00460246
0.00460825
0.00460677
0.00459766
0.00458053
0.00455504
0.0045208
0.00447745
0.00442461
0.00436193
0.00428904
0.00420559
0.00411125
0.00400571
0.00388871
0.00376027
0.00362093
0.00347168
0.00331383
0.00314916
0.00298013
0.00281004
0.00264295
0.00248347
0.00233613
0.00220462
0.00209101
0.00199526
0.00191537
0.00184803
0.00178954
0.00173666
0.00168706
0.00163937
0.00159298
0.00154774
0.00150368
0.00146093
0.00141956
0.00137965
0.00134127
0.00130445
0.00126885
0.00123424
0.00120141
0.00117045
0.00114137
0.0011143
0.00108937
0.00106647
0.00104712
0.00102066
7.58246e-05
0.000493886
0.000708026
0.000778594
0.000788562
0.000806855
0.000871635
0.000984262
0.00113481
0.00131599
0.00152065
0.00174001
0.00196485
0.00218727
0.0024016
0.00260445
0.00279413
0.00297012
0.00313262
0.00328232
0.00342018
0.0035474
0.00366524
0.00377503
0.00387802
0.0039754
0.00406821
0.00415734
0.00424349
0.00432721
0.00440888
0.00448877
0.0045671
0.00464371
0.00471824
0.00479049
0.00486028
0.0049274
0.00499152
0.00505228
0.00510926
0.00516198
0.00520994
0.0052526
0.0052894
0.00531977
0.00534313
0.00535889
0.00536649
0.00536534
0.00535488
0.00533455
0.00530381
0.00526214
0.00520903
0.00514399
0.00506656
0.00497631
0.00487284
0.00475583
0.00462504
0.00448033
0.00432178
0.00414972
0.0039649
0.00376857
0.00356264
0.00334987
0.0031341
0.0029205
0.0027155
0.00252647
0.00236076
0.00222413
0.00211922
0.00204447
0.00199447
0.00196157
0.00193804
0.00191784
0.00189722
0.00187446
0.00184915
0.00182154
0.0017921
0.00176132
0.00172965
0.00169742
0.00166498
0.00163262
0.0016005
0.00156876
0.00153768
0.00150768
0.00147891
0.0014515
0.00142551
0.00140092
0.00137928
0.00134924
7.95425e-05
0.000564515
0.000830418
0.00094407
0.000993992
0.0010437
0.00112917
0.00125823
0.00142445
0.00161813
0.00182937
0.0020491
0.00226989
0.00248626
0.00269461
0.00289277
0.00307959
0.00325455
0.00341765
0.00356922
0.00370987
0.00384045
0.00396194
0.0040754
0.00418191
0.00428251
0.00437816
0.00446971
0.00455788
0.00464325
0.00472627
0.00480731
0.00488648
0.00496376
0.00503903
0.0051121
0.00518278
0.00525081
0.00531587
0.00537757
0.00543545
0.00548898
0.00553759
0.00558065
0.00561749
0.00564742
0.00566971
0.00568363
0.00568843
0.00568336
0.0056677
0.00564071
0.00560168
0.00554993
0.00548481
0.00540569
0.005312
0.00520322
0.00507889
0.00493865
0.00478227
0.0046097
0.0044211
0.004217
0.0039984
0.00376692
0.00352507
0.00327654
0.00302657
0.00278227
0.00255277
0.00234865
0.00218036
0.00205566
0.00197667
0.00193831
0.00192958
0.00193733
0.00195035
0.0019615
0.00196748
0.00196745
0.00196181
0.00195137
0.00193698
0.0019194
0.00189922
0.00187697
0.00185312
0.00182809
0.00180226
0.00177597
0.00174952
0.00172326
0.00169748
0.00167237
0.00164807
0.00162466
0.00160353
0.00157393
8.11825e-05
0.000603922
0.000916395
0.00107474
0.00116597
0.00124658
0.00134891
0.00148369
0.00164803
0.00183383
0.0020325
0.0022367
0.00244078
0.00264069
0.0028337
0.00301806
0.00319275
0.00335723
0.00351139
0.00365541
0.00378971
0.00391494
0.00403188
0.0041414
0.00424442
0.00434184
0.00443451
0.00452322
0.00460866
0.00469139
0.00477188
0.00485046
0.00492733
0.00500254
0.00507604
0.0051477
0.00521733
0.00528466
0.00534936
0.00541101
0.00546912
0.00552314
0.00557241
0.00561624
0.00565387
0.00568449
0.00570724
0.00572126
0.00572564
0.00571948
0.00570187
0.00567192
0.00562876
0.00557154
0.00549947
0.00541177
0.00530776
0.00518681
0.0050484
0.00489213
0.00471775
0.00452524
0.0043149
0.00408744
0.00384413
0.0035871
0.00331958
0.0030464
0.00277457
0.00251374
0.00227637
0.0020767
0.00192787
0.00183743
0.00180307
0.00181192
0.0018454
0.00188666
0.00192511
0.00195613
0.00197876
0.00199358
0.00200163
0.00200396
0.00200148
0.00199492
0.0019849
0.00197194
0.00195652
0.00193908
0.00192006
0.00189985
0.00187883
0.00185734
0.00183567
0.00181408
0.00179276
0.00177184
0.00175255
0.00172524
8.21033e-05
0.000619773
0.000968496
0.00116491
0.00129157
0.00139847
0.00151351
0.00164781
0.00180158
0.00196994
0.0021469
0.00232715
0.0025065
0.00268198
0.00285152
0.00301382
0.00316811
0.003314
0.00345143
0.00358056
0.00370173
0.00381547
0.00392238
0.00402318
0.00411858
0.00420935
0.00429617
0.00437971
0.00446054
0.00453913
0.00461591
0.00469119
0.00476516
0.00483791
0.00490939
0.0049795
0.00504803
0.00511471
0.00517918
0.00524101
0.00529969
0.0053546
0.00540508
0.00545036
0.00548961
0.00552192
0.00554635
0.0055619
0.00556754
0.00556222
0.00554488
0.00551448
0.00547
0.00541043
0.00533485
0.00524236
0.00513215
0.00500351
0.00485585
0.00468875
0.00450197
0.00429557
0.00406998
0.00382619
0.0035659
0.00329189
0.00300849
0.00272223
0.0024427
0.00218322
0.00196051
0.00179217
0.00169111
0.00165854
0.00168037
0.00173265
0.00179327
0.00184939
0.00189649
0.00193428
0.00196374
0.00198604
0.00200217
0.00201294
0.00201901
0.00202093
0.00201915
0.0020141
0.00200615
0.00199571
0.00198319
0.00196898
0.00195345
0.00193694
0.00191976
0.00190216
0.00188437
0.00186656
0.00184978
0.00182568
8.19394e-05
0.000618241
0.000990532
0.00121354
0.00136458
0.00148866
0.00160984
0.00173844
0.00187646
0.00202172
0.00217083
0.00232054
0.00246834
0.00261244
0.0027517
0.00288545
0.00301335
0.00313529
0.00325134
0.00336166
0.00346653
0.00356631
0.00366141
0.00375232
0.00383952
0.00392353
0.00400484
0.00408383
0.00416088
0.00423638
0.00431064
0.00438389
0.00445626
0.0045278
0.00459845
0.00466807
0.00473646
0.00480331
0.00486827
0.00493089
0.00499065
0.00504693
0.00509904
0.00514617
0.00518747
0.00522197
0.00524865
0.00526642
0.00527416
0.0052707
0.00525487
0.00522548
0.00518138
0.00512145
0.00504462
0.0049499
0.00483637
0.00470326
0.00454994
0.00437598
0.00418121
0.00396582
0.00373049
0.00347659
0.00320648
0.00292401
0.00263522
0.00234939
0.00208012
0.00184569
0.001667
0.00156141
0.0015332
0.00156674
0.00163243
0.00170371
0.00176738
0.00182071
0.00186494
0.00190182
0.00193261
0.00195812
0.00197886
0.00199522
0.0020075
0.00201595
0.00202084
0.00202241
0.00202094
0.00201675
0.00201018
0.00200158
0.00199129
0.00197965
0.00196694
0.00195343
0.00193934
0.00192487
0.00191091
0.00189045
8.12339e-05
0.0006081
0.00098633
0.00121842
0.00137704
0.00150376
0.00161975
0.00173423
0.00184984
0.00196625
0.00208221
0.00219651
0.00230832
0.00241725
0.0025232
0.00262622
0.00272646
0.00282405
0.00291911
0.0030117
0.00310192
0.00318987
0.00327566
0.00335945
0.0034414
0.00352172
0.00360045
0.00367778
0.00375393
0.0038291
0.00390343
0.00397703
0.00404995
0.00412215
0.00419355
0.004264
0.00433326
0.00440106
0.00446703
0.00453077
0.00459176
0.00464941
0.00470303
0.00475185
0.00479499
0.00483148
0.00486025
0.00488019
0.00489009
0.00488872
0.00487478
0.00484702
0.00480416
0.00474497
0.00466829
0.00457302
0.00445819
0.00432298
0.00416675
0.00398913
0.00379007
0.00356999
0.00332995
0.00307198
0.0027995
0.00251811
0.00223674
0.00196897
0.00173396
0.00155479
0.00145202
0.00143191
0.00147668
0.00155145
0.00162679
0.00169082
0.00174338
0.00178749
0.00182574
0.00185963
0.00188989
0.00191681
0.00194043
0.00196073
0.00197771
0.00199134
0.00200169
0.00200886
0.00201299
0.00201431
0.00201309
0.00200962
0.00200422
0.00199717
0.00198875
0.00197921
0.00196878
0.00195767
0.00194662
0.00192993
7.99886e-05
0.000586344
0.000950639
0.00116768
0.00131039
0.00141951
0.00151457
0.00160366
0.0016896
0.00177309
0.00185435
0.00193364
0.00201146
0.00208847
0.00216535
0.00224265
0.00232077
0.00239988
0.00247996
0.00256085
0.00264232
0.00272411
0.00280598
0.00288771
0.00296905
0.00304968
0.00312955
0.00320863
0.00328691
0.0033644
0.0034411
0.00351696
0.00359196
0.00366602
0.00373903
0.00381082
0.0038812
0.00394992
0.00401667
0.00408107
0.00414268
0.00420096
0.00425528
0.0043049
0.00434899
0.0043866
0.00441667
0.00443806
0.00444955
0.00444983
0.00443757
0.00441142
0.00437003
0.00431207
0.00423631
0.0041416
0.00402692
0.00389143
0.00373456
0.00355604
0.00335606
0.00313542
0.00289584
0.00264042
0.00237441
0.00210638
0.00184978
0.00162409
0.00145353
0.00136026
0.0013511
0.00140574
0.00148557
0.00156068
0.00162159
0.00167038
0.00171128
0.00174743
0.00178062
0.0018117
0.00184098
0.00186841
0.00189377
0.00191681
0.00193728
0.00195496
0.00196974
0.00198156
0.00199047
0.0019966
0.00200012
0.00200128
0.00200032
0.00199751
0.0019931
0.00198732
0.00198038
0.00197252
0.00196432
0.00195139
7.86958e-05
0.000556816
0.000871712
0.00103784
0.0011356
0.00120641
0.00126769
0.00132573
0.00138238
0.00143815
0.00149336
0.00154857
0.00160458
0.00166223
0.00172235
0.00178553
0.00185213
0.00192222
0.00199559
0.00207188
0.00215062
0.00223126
0.00231335
0.00239617
0.00247923
0.0025622
0.00264482
0.00272683
0.00280806
0.00288835
0.00296757
0.00304561
0.00312236
0.00319773
0.0032716
0.00334383
0.00341429
0.00348276
0.003549
0.00361272
0.00367353
0.00373099
0.00378455
0.00383353
0.00387716
0.00391454
0.00394466
0.00396637
0.00397846
0.00397959
0.0039684
0.00394347
0.0039034
0.00384682
0.00377243
0.00367905
0.00356566
0.00343148
0.00327606
0.00309935
0.00290194
0.00268532
0.00245231
0.00220789
0.00196037
0.00172297
0.00151507
0.00136096
0.00128276
0.00128615
0.0013484
0.00142974
0.00150229
0.00155926
0.00160411
0.00164148
0.00167459
0.00170538
0.00173486
0.00176354
0.00179152
0.00181867
0.00184472
0.00186932
0.00189208
0.00191267
0.00193082
0.00194636
0.00195922
0.00196941
0.00197704
0.00198226
0.00198528
0.00198631
0.00198556
0.00198325
0.00197958
0.00197478
0.00196931
0.00195999
7.69367e-05
0.000500734
0.000719074
0.000799566
0.000838244
0.00087077
0.00090696
0.000947845
0.000992195
0.00103874
0.00108676
0.00113612
0.00118713
0.00124032
0.00129628
0.00135554
0.00141844
0.00148506
0.00155528
0.00162882
0.0017053
0.00178411
0.00186463
0.0019464
0.00202892
0.00211173
0.00219443
0.00227663
0.00235803
0.00243836
0.0025174
0.00259497
0.00267093
0.00274514
0.0028175
0.0028879
0.00295622
0.0030223
0.00308598
0.00314701
0.00320511
0.0032599
0.0033109
0.00335754
0.00339911
0.00343476
0.00346354
0.00348433
0.00349592
0.003497
0.00348616
0.00346197
0.003423
0.00336784
0.00329518
0.00320386
0.00309292
0.00296173
0.00281005
0.00263829
0.00244773
0.00224104
0.00202299
0.00180168
0.00159006
0.001407
0.00127586
0.001217
0.00123349
0.00130078
0.00138093
0.00144992
0.00150334
0.00154515
0.00157984
0.00161046
0.00163884
0.00166604
0.0016927
0.00171915
0.00174551
0.00177169
0.00179747
0.00182251
0.0018464
0.00186876
0.00188923
0.00190751
0.00192344
0.00193692
0.00194798
0.00195668
0.00196316
0.00196758
0.00197011
0.00197095
0.00197027
0.00196831
0.00196537
0.00195946
7.49956e-05
0.000402882
0.000472033
0.000486974
0.000508719
0.000543018
0.000586006
0.000633698
0.000683465
0.000733881
0.00078433
0.0008348
0.000885617
0.000937289
0.00099039
0.00104546
0.00110297
0.00116314
0.00122609
0.00129181
0.00136013
0.00143086
0.00150367
0.00157814
0.00165385
0.00173034
0.00180716
0.00188389
0.00196014
0.00203555
0.00210983
0.00218272
0.00225401
0.00232354
0.00239118
0.0024568
0.00252028
0.00258152
0.00264035
0.0026966
0.00275003
0.00280033
0.0028471
0.00288983
0.00292788
0.00296048
0.00298671
0.00300552
0.00301571
0.00301598
0.00300495
0.00298118
0.00294324
0.00288973
0.00281938
0.00273112
0.00262416
0.00249812
0.00235326
0.00219075
0.00201311
0.00182504
0.00163447
0.00145395
0.00130143
0.00119829
0.00116158
0.00119071
0.00126062
0.00133776
0.0014029
0.00145336
0.00149305
0.00152602
0.00155501
0.00158167
0.00160698
0.00163158
0.00165592
0.00168028
0.00170482
0.00172955
0.00175435
0.00177895
0.00180301
0.00182612
0.0018479
0.00186799
0.00188612
0.00190212
0.00191591
0.00192748
0.00193688
0.00194423
0.00194964
0.00195328
0.00195529
0.0019559
0.00195528
0.00195255
7.25918e-05
0.000222763
0.00025214
0.000298275
0.000351703
0.000405731
0.000457707
0.000507068
0.000554106
0.00059936
0.00064331
0.000686454
0.000729302
0.000772366
0.000816147
0.000861105
0.00090763
0.000956017
0.00100651
0.00105925
0.00111428
0.00117156
0.00123099
0.00129238
0.00135545
0.00141986
0.00148523
0.00155114
0.00161717
0.00168293
0.00174808
0.00181229
0.0018753
0.00193689
0.00199686
0.00205508
0.00211139
0.00216567
0.00221778
0.00226756
0.00231481
0.00235926
0.00240057
0.00243829
0.00247184
0.00250051
0.00252344
0.00253963
0.00254793
0.00254707
0.0025357
0.00251243
0.00247586
0.00242468
0.00235776
0.0022742
0.00217357
0.00205601
0.00192263
0.00177595
0.00162058
0.0014643
0.00131908
0.00120138
0.00112954
0.00111603
0.00115637
0.00122674
0.00129973
0.00136093
0.00140885
0.00144697
0.00147884
0.00150687
0.0015325
0.00155658
0.00157969
0.00160225
0.00162461
0.00164704
0.00166974
0.00169282
0.00171623
0.00173982
0.00176334
0.00178642
0.00180868
0.00182975
0.00184929
0.00186707
0.00188292
0.00189675
0.00190855
0.00191835
0.00192623
0.0019323
0.00193669
0.0019396
0.00194107
0.00194126
6.7601e-05
0.000146582
0.000243572
0.000312884
0.000362694
0.000401629
0.000435581
0.000467812
0.000499744
0.000531788
0.000563968
0.000596321
0.000628995
0.000662221
0.00069623
0.000731204
0.000767267
0.00080451
0.000843044
0.00088302
0.000924609
0.000967966
0.00101318
0.00106026
0.00110911
0.00115952
0.00121124
0.00126393
0.00131727
0.00137089
0.00142448
0.0014777
0.00153027
0.00158193
0.00163247
0.00168169
0.00172943
0.00177553
0.00181987
0.00186229
0.00190259
0.00194056
0.00197588
0.00200816
0.00203687
0.00206137
0.00208087
0.0020944
0.00210091
0.00209918
0.00208795
0.0020659
0.00203176
0.00198442
0.00192298
0.00184698
0.00175658
0.00165288
0.00153842
0.0014178
0.0012985
0.00119158
0.0011113
0.00107192
0.00108061
0.00112977
0.00119869
0.00126675
0.00132387
0.00136933
0.00140605
0.00143708
0.00146449
0.00148953
0.00151293
0.00153515
0.00155654
0.00157742
0.00159808
0.00161879
0.00163978
0.00166118
0.00168306
0.00170536
0.00172789
0.0017504
0.00177253
0.00179391
0.00181421
0.00183312
0.00185042
0.00186595
0.00187963
0.00189142
0.00190136
0.00190952
0.00191597
0.00192091
0.00192423
0.00192707
)
;

boundaryField
{
    outlet
    {
        type            calculated;
        value           nonuniform List<scalar> 
55
(
0.00191196
0.00189642
0.00187853
0.00185835
0.00183594
0.00181142
0.00178493
0.00175668
0.00172693
0.001696
0.00166426
0.00163212
0.00160001
0.00156838
0.00153764
0.00150816
0.00148022
0.00145403
0.00142968
0.00140718
0.00138642
0.0013672
0.00134921
0.00133202
0.001315
0.00129726
0.00127748
0.00125376
0.00122334
0.00118235
0.00112563
0.00104715
0.000942436
0.000815886
0.000692294
0.000609469
0.000571452
0.000526502
0.000401864
0.000149235
0.000223436
0.000585422
0.00102066
0.00134924
0.00157393
0.00172524
0.00182568
0.00189045
0.00192993
0.00195139
0.00195999
0.00195946
0.00195255
0.00194126
0.00192707
)
;
    }
    inlet
    {
        type            calculated;
        value           uniform 0.00117023;
    }
    lowerWall
    {
        type            nutkWallFunction;
        Cmu             0.09;
        kappa           0.41;
        E               9.8;
        value           nonuniform List<scalar> 
148
(
3.87013e-07
1.22524e-06
1.99422e-06
2.68579e-06
3.29663e-06
3.82569e-06
4.27462e-06
4.64766e-06
4.95093e-06
5.19165e-06
5.37752e-06
5.51621e-06
5.61505e-06
5.68075e-06
5.71931e-06
5.73598e-06
5.73528e-06
5.721e-06
5.69633e-06
5.66391e-06
5.62587e-06
5.58396e-06
5.53956e-06
5.49379e-06
5.4475e-06
5.40138e-06
5.3559e-06
5.31154e-06
5.26805e-06
5.22807e-06
5.1796e-06
5.18053e-06
4.94971e-06
0
1.66685e-06
3.503e-06
4.59903e-06
5.17498e-06
5.42736e-06
5.56849e-06
5.54275e-06
5.43357e-06
5.24099e-06
5.04061e-06
4.76741e-06
4.46486e-06
4.08864e-06
3.29954e-06
0
8.22634e-06
9.6862e-06
1.00344e-05
9.7341e-06
9.01719e-06
7.95864e-06
7.48045e-06
1.13288e-05
1.66275e-05
2.08365e-05
2.42508e-05
2.71204e-05
2.95835e-05
3.17252e-05
3.36023e-05
3.5256e-05
3.67186e-05
3.8018e-05
3.91792e-05
4.02254e-05
4.11775e-05
4.20543e-05
4.28717e-05
4.3643e-05
4.43783e-05
4.50855e-05
4.57694e-05
4.64328e-05
4.70763e-05
4.76993e-05
4.82999e-05
4.8877e-05
4.94311e-05
4.99641e-05
5.04729e-05
5.09537e-05
5.14073e-05
5.18324e-05
5.22271e-05
5.25894e-05
5.29169e-05
5.32074e-05
5.34587e-05
5.36688e-05
5.38357e-05
5.39576e-05
5.40329e-05
5.406e-05
5.40372e-05
5.39631e-05
5.38361e-05
5.36547e-05
5.34172e-05
5.31217e-05
5.27663e-05
5.23488e-05
5.18671e-05
5.13191e-05
5.07038e-05
5.00235e-05
4.92901e-05
4.85417e-05
4.78857e-05
4.73091e-05
4.66901e-05
4.5997e-05
4.52222e-05
4.4365e-05
4.34304e-05
4.24293e-05
4.13786e-05
4.03001e-05
3.92179e-05
3.81557e-05
3.71336e-05
3.61669e-05
3.52648e-05
3.44318e-05
3.36678e-05
3.29698e-05
3.23327e-05
3.17502e-05
3.12158e-05
3.07231e-05
3.02662e-05
2.984e-05
2.94402e-05
2.90631e-05
2.87052e-05
2.83614e-05
2.80261e-05
2.76957e-05
2.73697e-05
2.70502e-05
2.67402e-05
2.64459e-05
2.61624e-05
2.59291e-05
2.55713e-05
)
;
    }
    upperWall
    {
        type            nutkWallFunction;
        Cmu             0.09;
        kappa           0.41;
        E               9.8;
        value           nonuniform List<scalar> 
133
(
1.45074e-05
1.50271e-05
1.5526e-05
1.60017e-05
1.64543e-05
1.68847e-05
1.72941e-05
1.76831e-05
1.80528e-05
1.8404e-05
1.87374e-05
1.90538e-05
1.9354e-05
1.96388e-05
1.99088e-05
2.01647e-05
2.04073e-05
2.06371e-05
2.08549e-05
2.10611e-05
2.12563e-05
2.14412e-05
2.16163e-05
2.17819e-05
2.19387e-05
2.20871e-05
2.22275e-05
2.23604e-05
2.24861e-05
2.2605e-05
2.27174e-05
2.28238e-05
2.29245e-05
2.3035e-05
2.31556e-05
2.32719e-05
2.33838e-05
2.34911e-05
2.35938e-05
2.36917e-05
2.37847e-05
2.38728e-05
2.39559e-05
2.40339e-05
2.41067e-05
2.41741e-05
2.42362e-05
2.42927e-05
2.43436e-05
2.43887e-05
2.4428e-05
2.44613e-05
2.44884e-05
2.45092e-05
2.45236e-05
2.45313e-05
2.45322e-05
2.4526e-05
2.45126e-05
2.44916e-05
2.44627e-05
2.44258e-05
2.43804e-05
2.43261e-05
2.42626e-05
2.41893e-05
2.41059e-05
2.40117e-05
2.39061e-05
2.37885e-05
2.3658e-05
2.35138e-05
2.3355e-05
2.31805e-05
2.2989e-05
2.27793e-05
2.25499e-05
2.22993e-05
2.20257e-05
2.17274e-05
2.1403e-05
2.10511e-05
2.0671e-05
2.02633e-05
1.98301e-05
1.93766e-05
1.89121e-05
1.84516e-05
1.8017e-05
1.7638e-05
1.73506e-05
1.71924e-05
1.7194e-05
1.73678e-05
1.77e-05
1.81492e-05
1.86559e-05
1.91545e-05
1.95917e-05
1.99427e-05
2.01853e-05
2.03095e-05
2.03242e-05
2.02494e-05
2.01079e-05
1.99205e-05
1.97044e-05
1.94722e-05
1.92326e-05
1.899e-05
1.87477e-05
1.85084e-05
1.82748e-05
1.80489e-05
1.78318e-05
1.76241e-05
1.74261e-05
1.72374e-05
1.70578e-05
1.68869e-05
1.67246e-05
1.65706e-05
1.64248e-05
1.62873e-05
1.61579e-05
1.60368e-05
1.5924e-05
1.58195e-05
1.57236e-05
1.56354e-05
1.55553e-05
1.54893e-05
1.53926e-05
)
;
    }
    frontAndBack
    {
        type            empty;
    }
}


// ************************************************************************* //
