/*--------------------------------*- C++ -*----------------------------------*\
| =========                 |                                                 |
| \\      /  F ield         | OpenFOAM: The Open Source CFD Toolbox           |
|  \\    /   O peration     | Version:  2.1.1                                 |
|   \\  /    A nd           | Web:      www.OpenFOAM.org                      |
|    \\/     M anipulation  |                                                 |
\*---------------------------------------------------------------------------*/
FoamFile
{
    version     2.0;
    format      ascii;
    class       volScalarField;
    location    "0.11";
    object      p;
}
// * * * * * * * * * * * * * * * * * * * * * * * * * * * * * * * * * * * * * //

dimensions      [0 2 -2 0 0 0 0];

internalField   nonuniform List<scalar> 
6820
(
-11.1553
-13.0017
-13.577
-13.7052
-13.8128
-13.8927
-13.9479
-13.9952
-14.0387
-14.0788
-14.1165
-14.1523
-14.1865
-14.2193
-14.2509
-14.2813
-14.3108
-14.3395
-14.3674
-14.3946
-14.4214
-14.4477
-14.4737
-14.4993
-14.5247
-14.5496
-14.574
-14.5976
-14.6193
-14.6382
-14.6505
-14.6492
-14.625
-15.1078
-14.5733
-14.1511
-13.9615
-13.9374
-13.9493
-13.9703
-13.9991
-14.0323
-14.0669
-14.1016
-14.1362
-14.1701
-14.2032
-14.2353
-14.2665
-14.2968
-14.3263
-14.355
-14.383
-14.4105
-14.4375
-14.4641
-14.4904
-14.5163
-14.542
-14.5674
-14.5926
-14.6171
-14.6429
-14.6682
-14.7174
-14.7806
-13.4653
-13.1616
-13.4485
-13.6939
-13.7995
-13.8755
-13.9353
-13.9855
-14.0306
-14.0718
-14.1102
-14.1463
-14.1807
-14.2135
-14.245
-14.2753
-14.3046
-14.3331
-14.3609
-14.388
-14.4147
-14.441
-14.467
-14.4927
-14.5183
-14.5438
-14.5692
-14.5947
-14.6204
-14.6475
-14.6764
-14.7137
-14.7541
-13.9722
-14.0067
-14.0042
-13.9454
-13.9382
-13.9593
-13.9864
-14.0161
-14.048
-14.0805
-14.1129
-14.1449
-14.1765
-14.2074
-14.2376
-14.2672
-14.2961
-14.3243
-14.3521
-14.3793
-14.4061
-14.4326
-14.4589
-14.485
-14.511
-14.537
-14.5632
-14.5898
-14.617
-14.6466
-14.6786
-14.7206
-14.769
-13.8167
-13.7167
-13.7612
-13.8276
-13.8812
-13.9283
-13.9698
-14.0081
-14.0449
-14.0804
-14.1146
-14.1477
-14.1798
-14.2109
-14.241
-14.2704
-14.299
-14.3269
-14.3542
-14.3811
-14.4075
-14.4337
-14.4596
-14.4855
-14.5113
-14.5373
-14.5636
-14.5905
-14.6184
-14.6484
-14.6812
-14.7203
-14.7635
-13.8717
-13.8552
-13.8806
-13.9041
-13.9269
-13.9569
-13.9891
-14.0216
-14.0544
-14.0869
-14.1188
-14.1501
-14.1808
-14.2107
-14.2399
-14.2685
-14.2965
-14.3239
-14.3509
-14.3775
-14.4037
-14.4297
-14.4556
-14.4814
-14.5072
-14.5333
-14.5598
-14.5871
-14.6154
-14.6457
-14.6785
-14.7156
-14.7559
-13.8698
-13.8487
-13.8648
-13.894
-13.9246
-13.9582
-13.9918
-14.0247
-14.0572
-14.0893
-14.1207
-14.1515
-14.1817
-14.2111
-14.2399
-14.2681
-14.2958
-14.3229
-14.3495
-14.3758
-14.4018
-14.4276
-14.4532
-14.4789
-14.5046
-14.5307
-14.5571
-14.5844
-14.6126
-14.6426
-14.6745
-14.7092
-14.7459
-13.8838
-13.8761
-13.8917
-13.9166
-13.9424
-13.9711
-14.0014
-14.032
-14.0627
-14.0933
-14.1235
-14.1533
-14.1825
-14.2112
-14.2394
-14.267
-14.2941
-14.3207
-14.347
-14.3729
-14.3986
-14.4241
-14.4495
-14.475
-14.5005
-14.5264
-14.5527
-14.5797
-14.6077
-14.637
-14.6677
-14.7003
-14.734
-13.8965
-13.8927
-13.9051
-13.927
-13.9515
-13.9789
-14.0079
-14.0373
-14.0669
-14.0965
-14.1258
-14.1547
-14.1832
-14.2112
-14.2387
-14.2658
-14.2924
-14.3186
-14.3444
-14.37
-14.3953
-14.4205
-14.4457
-14.4708
-14.4961
-14.5217
-14.5477
-14.5743
-14.6017
-14.6301
-14.6595
-14.6901
-14.7212
-13.9099
-13.9093
-13.9209
-13.9407
-13.9633
-13.9886
-14.0157
-14.0435
-14.0717
-14.1
-14.1282
-14.1562
-14.1838
-14.2111
-14.2379
-14.2644
-14.2904
-14.3161
-14.3415
-14.3667
-14.3916
-14.4164
-14.4412
-14.466
-14.491
-14.5161
-14.5417
-14.5677
-14.5944
-14.6218
-14.6498
-14.6786
-14.7075
-13.9232
-13.9243
-13.9349
-13.9527
-13.9736
-13.9972
-14.0228
-14.0492
-14.0761
-14.1033
-14.1305
-14.1575
-14.1843
-14.2108
-14.237
-14.2628
-14.2883
-14.3135
-14.3384
-14.3631
-14.3876
-14.412
-14.4364
-14.4607
-14.4852
-14.5099
-14.5349
-14.5603
-14.5861
-14.6124
-14.6391
-14.6662
-14.6932
-13.9362
-13.9382
-13.9482
-13.9644
-13.9839
-14.0059
-14.0299
-14.0549
-14.0806
-14.1066
-14.1328
-14.1589
-14.1848
-14.2105
-14.236
-14.2612
-14.2861
-14.3107
-14.3351
-14.3592
-14.3833
-14.4072
-14.4311
-14.4549
-14.4789
-14.503
-14.5273
-14.5519
-14.5768
-14.602
-14.6274
-14.6529
-14.6783
-13.9487
-13.9512
-13.9606
-13.9755
-13.9935
-14.0142
-14.0367
-14.0604
-14.0849
-14.1098
-14.1349
-14.1601
-14.1852
-14.2101
-14.2349
-14.2594
-14.2836
-14.3077
-14.3315
-14.3551
-14.3786
-14.402
-14.4253
-14.4486
-14.472
-14.4954
-14.519
-14.5428
-14.5667
-14.5908
-14.615
-14.6391
-14.663
-13.9606
-13.9633
-13.9722
-13.9859
-14.0027
-14.022
-14.0432
-14.0657
-14.089
-14.1128
-14.137
-14.1612
-14.1854
-14.2096
-14.2336
-14.2574
-14.281
-14.3044
-14.3277
-14.3507
-14.3736
-14.3964
-14.4192
-14.4418
-14.4645
-14.4873
-14.5101
-14.5329
-14.5559
-14.5788
-14.6018
-14.6246
-14.6471
-13.9719
-13.9746
-13.983
-13.9957
-14.0114
-14.0295
-14.0495
-14.0707
-14.0929
-14.1157
-14.1388
-14.1622
-14.1855
-14.2089
-14.2321
-14.2553
-14.2782
-14.301
-14.3236
-14.346
-14.3683
-14.3905
-14.4126
-14.4346
-14.4566
-14.4785
-14.5005
-14.5224
-14.5444
-14.5662
-14.588
-14.6095
-14.6307
-13.9825
-13.9851
-13.993
-14.0049
-14.0195
-14.0365
-14.0553
-14.0755
-14.0966
-14.1183
-14.1405
-14.1629
-14.1855
-14.208
-14.2305
-14.2529
-14.2751
-14.2972
-14.3192
-14.341
-14.3626
-14.3841
-14.4055
-14.4268
-14.448
-14.4692
-14.4903
-14.5113
-14.5322
-14.553
-14.5736
-14.5939
-14.6139
-13.9923
-13.9948
-14.0023
-14.0134
-14.0271
-14.043
-14.0607
-14.0798
-14.0999
-14.1207
-14.1419
-14.1635
-14.1852
-14.2069
-14.2287
-14.2503
-14.2718
-14.2933
-14.3145
-14.3356
-14.3566
-14.3774
-14.3981
-14.4186
-14.439
-14.4593
-14.4795
-14.4996
-14.5195
-14.5391
-14.5586
-14.5777
-14.5966
-14.0014
-14.0038
-14.0108
-14.0212
-14.034
-14.049
-14.0657
-14.0838
-14.1029
-14.1227
-14.1431
-14.1638
-14.1846
-14.2056
-14.2266
-14.2475
-14.2683
-14.289
-14.3095
-14.3299
-14.3502
-14.3703
-14.3902
-14.4099
-14.4295
-14.449
-14.4682
-14.4873
-14.5062
-14.5248
-14.5431
-14.5611
-14.5787
-14.0097
-14.012
-14.0186
-14.0283
-14.0403
-14.0544
-14.0702
-14.0874
-14.1056
-14.1245
-14.1439
-14.1638
-14.1838
-14.204
-14.2242
-14.2444
-14.2645
-14.2844
-14.3043
-14.3239
-14.3434
-14.3627
-14.3819
-14.4008
-14.4196
-14.4381
-14.4564
-14.4745
-14.4924
-14.5099
-14.5271
-14.544
-14.5605
-14.0172
-14.0193
-14.0255
-14.0346
-14.0459
-14.0592
-14.0742
-14.0905
-14.1078
-14.1258
-14.1445
-14.1635
-14.1827
-14.2021
-14.2215
-14.241
-14.2603
-14.2796
-14.2986
-14.3176
-14.3363
-14.3549
-14.3732
-14.3913
-14.4092
-14.4268
-14.4442
-14.4613
-14.4781
-14.4946
-14.5107
-14.5264
-14.5418
-14.0238
-14.0258
-14.0317
-14.0402
-14.0509
-14.0635
-14.0776
-14.0931
-14.1096
-14.1268
-14.1446
-14.1628
-14.1813
-14.1999
-14.2186
-14.2373
-14.2559
-14.2744
-14.2927
-14.3109
-14.3289
-14.3466
-14.3641
-14.3814
-14.3984
-14.4151
-14.4315
-14.4476
-14.4634
-14.4788
-14.4938
-14.5085
-14.5227
-14.0296
-14.0315
-14.037
-14.0451
-14.0551
-14.067
-14.0805
-14.0952
-14.1108
-14.1273
-14.1443
-14.1618
-14.1795
-14.1974
-14.2153
-14.2333
-14.2511
-14.2689
-14.2865
-14.3039
-14.3211
-14.338
-14.3547
-14.3711
-14.3872
-14.403
-14.4184
-14.4336
-14.4483
-14.4627
-14.4766
-14.4901
-14.5032
-14.0345
-14.0363
-14.0415
-14.0491
-14.0586
-14.0699
-14.0827
-14.0967
-14.1116
-14.1274
-14.1437
-14.1604
-14.1774
-14.1945
-14.2117
-14.229
-14.2461
-14.2631
-14.2799
-14.2966
-14.313
-14.3291
-14.3449
-14.3605
-14.3757
-14.3905
-14.405
-14.4192
-14.4329
-14.4462
-14.4591
-14.4715
-14.4835
-14.0385
-14.0402
-14.0451
-14.0523
-14.0613
-14.072
-14.0842
-14.0975
-14.1118
-14.1268
-14.1425
-14.1585
-14.1748
-14.1912
-14.2077
-14.2242
-14.2407
-14.2569
-14.273
-14.2889
-14.3045
-14.3198
-14.3348
-14.3495
-14.3638
-14.3778
-14.3913
-14.4045
-14.4172
-14.4295
-14.4413
-14.4527
-14.4635
-14.0416
-14.0432
-14.0479
-14.0547
-14.0633
-14.0735
-14.0851
-14.0978
-14.1115
-14.1259
-14.1409
-14.1563
-14.1719
-14.1877
-14.2035
-14.2194
-14.2351
-14.2506
-14.266
-14.2811
-14.2959
-14.3104
-14.3246
-14.3384
-14.3518
-14.3648
-14.3775
-14.3896
-14.4013
-14.4126
-14.4234
-14.4337
-14.4435
-14.0438
-14.0453
-14.0497
-14.0561
-14.0642
-14.0739
-14.085
-14.0972
-14.1103
-14.1241
-14.1385
-14.1533
-14.1683
-14.1835
-14.1987
-14.2138
-14.2289
-14.2437
-14.2584
-14.2727
-14.2868
-14.3005
-14.3139
-14.3269
-14.3394
-14.3516
-14.3633
-14.3745
-14.3852
-14.3955
-14.4053
-14.4145
-14.4232
-14.045
-14.0464
-14.0506
-14.0569
-14.0647
-14.074
-14.0847
-14.0965
-14.1091
-14.1225
-14.1363
-14.1505
-14.1649
-14.1795
-14.1941
-14.2086
-14.2229
-14.2371
-14.251
-14.2646
-14.2779
-14.2909
-14.3034
-14.3155
-14.3272
-14.3385
-14.3492
-14.3595
-14.3693
-14.3786
-14.3873
-14.3955
-14.4032
-14.0451
-14.0464
-14.0502
-14.0559
-14.0633
-14.0721
-14.0823
-14.0936
-14.1058
-14.1187
-14.1321
-14.1458
-14.1598
-14.1739
-14.1879
-14.2019
-14.2157
-14.2293
-14.2425
-14.2555
-14.2681
-14.2804
-14.2922
-14.3035
-14.3144
-14.3248
-14.3347
-14.3441
-14.353
-14.3613
-14.3691
-14.3764
-14.3831
-14.0444
-14.0459
-14.0498
-14.0556
-14.063
-14.0718
-14.0818
-14.0928
-14.1046
-14.1171
-14.13
-14.1433
-14.1567
-14.1701
-14.1835
-14.1968
-14.21
-14.2228
-14.2354
-14.2476
-14.2595
-14.2709
-14.2819
-14.2924
-14.3025
-14.312
-14.321
-14.3295
-14.3374
-14.3448
-14.3517
-14.3579
-14.3636
-14.0421
-14.0427
-14.0455
-14.0502
-14.0567
-14.065
-14.0746
-14.0855
-14.0972
-14.1095
-14.1224
-14.1355
-14.1487
-14.162
-14.1752
-14.1882
-14.201
-14.2135
-14.2256
-14.2374
-14.2487
-14.2596
-14.27
-14.2799
-14.2892
-14.2981
-14.3063
-14.3141
-14.3212
-14.3278
-14.3338
-14.3392
-14.344
-14.0404
-14.0428
-14.0471
-14.0529
-14.0599
-14.0682
-14.0776
-14.088
-14.0992
-14.1109
-14.123
-14.1353
-14.1478
-14.1603
-14.1727
-14.1849
-14.1968
-14.2085
-14.2198
-14.2307
-14.2412
-14.2512
-14.2608
-14.2698
-14.2783
-14.2862
-14.2936
-14.3004
-14.3067
-14.3123
-14.3173
-14.3218
-14.3256
-14.0324
-14.0303
-14.0304
-14.0338
-14.04
-14.0485
-14.0586
-14.0699
-14.0821
-14.0948
-14.1078
-14.121
-14.1341
-14.1471
-14.1599
-14.1725
-14.1846
-14.1964
-14.2077
-14.2185
-14.2288
-14.2386
-14.2478
-14.2565
-14.2645
-14.272
-14.2788
-14.2851
-14.2907
-14.2957
-14.3001
-14.3038
-14.307
-14.0386
-14.0449
-14.0505
-14.0552
-14.0607
-14.0676
-14.0758
-14.0851
-14.0952
-14.1059
-14.117
-14.1283
-14.1398
-14.1512
-14.1625
-14.1736
-14.1844
-14.1949
-14.2051
-14.2147
-14.224
-14.2327
-14.2408
-14.2485
-14.2556
-14.262
-14.2679
-14.2732
-14.2779
-14.282
-14.2854
-14.2882
-14.2904
-14.0069
-13.9935
-13.9885
-13.9931
-14.0026
-14.0145
-14.0279
-14.0422
-14.0568
-14.0716
-14.0863
-14.1008
-14.1149
-14.1285
-14.1417
-14.1544
-14.1665
-14.178
-14.189
-14.1993
-14.2089
-14.218
-14.2264
-14.2341
-14.2412
-14.2476
-14.2533
-14.2583
-14.2627
-14.2664
-14.2695
-14.2718
-14.2736
-14.0595
-14.0795
-14.0834
-14.0783
-14.0757
-14.0775
-14.0821
-14.0885
-14.0962
-14.1048
-14.1142
-14.124
-14.134
-14.1441
-14.1541
-14.164
-14.1736
-14.1829
-14.1919
-14.2003
-14.2083
-14.2158
-14.2228
-14.2292
-14.235
-14.2402
-14.2447
-14.2487
-14.252
-14.2547
-14.2568
-14.2583
-14.2591
-13.9366
-13.8871
-13.8753
-13.9014
-13.9284
-13.9519
-13.975
-13.9972
-14.0183
-14.0381
-14.0568
-14.0744
-14.0909
-14.1064
-14.121
-14.1347
-14.1475
-14.1594
-14.1706
-14.1809
-14.1904
-14.1991
-14.2071
-14.2143
-14.2208
-14.2264
-14.2314
-14.2356
-14.2391
-14.2418
-14.2438
-14.2451
-14.2457
-14.1841
-14.2188
-14.1875
-14.1442
-14.1151
-14.1038
-14.1004
-14.1004
-14.1032
-14.1083
-14.1148
-14.1222
-14.1302
-14.1385
-14.147
-14.1555
-14.1638
-14.1719
-14.1796
-14.1869
-14.1938
-14.2003
-14.2061
-14.2115
-14.2162
-14.2204
-14.224
-14.2269
-14.2292
-14.2309
-14.2319
-14.2323
-14.2321
-13.6918
-13.572
-13.6342
-13.7355
-13.809
-13.8598
-13.9026
-13.94
-13.9722
-14.0003
-14.0253
-14.0477
-14.0679
-14.0862
-14.1029
-14.1181
-14.1321
-14.1448
-14.1565
-14.1671
-14.1768
-14.1855
-14.1933
-14.2003
-14.2063
-14.2116
-14.216
-14.2197
-14.2225
-14.2246
-14.2258
-14.2264
-14.2262
-14.9059
-14.5669
-14.3029
-14.1852
-14.1348
-14.1089
-14.0931
-14.0861
-14.0852
-14.0881
-14.0934
-14.1003
-14.1081
-14.1165
-14.1252
-14.1339
-14.1424
-14.1507
-14.1587
-14.1662
-14.1732
-14.1798
-14.1857
-14.1911
-14.1958
-14.1999
-14.2033
-14.2061
-14.2082
-14.2097
-14.2105
-14.2106
-14.2101
-12.4022
-13.1087
-13.5129
-13.6649
-13.7689
-13.8507
-13.9094
-13.9534
-13.9888
-14.018
-14.0425
-14.0636
-14.0821
-14.0986
-14.1135
-14.1269
-14.1392
-14.1503
-14.1605
-14.1697
-14.178
-14.1855
-14.1921
-14.1979
-14.203
-14.2072
-14.2107
-14.2134
-14.2153
-14.2165
-14.217
-14.2168
-14.2158
-14.5212
-14.744
-14.8992
-14.9831
-15.0306
-15.062
-15.0928
-15.1357
-15.1989
-15.2833
-15.3865
-15.5042
-15.632
-15.764
-15.8948
-16.0196
-16.1344
-16.2362
-16.3227
-16.3923
-16.4442
-16.478
-16.4937
-16.4913
-16.471
-16.433
-16.3771
-16.3032
-16.2113
-16.1009
-15.972
-15.8244
-15.6581
-15.4731
-15.2697
-15.0483
-14.8096
-14.5545
-14.2839
-13.9992
-13.7015
-13.3923
-13.073
-12.7449
-12.4093
-12.0671
-11.7191
-11.3657
-11.0071
-10.643
-10.2728
-9.89544
-9.5097
-9.1141
-8.707
-8.28677
-7.85187
-7.40102
-6.93339
-6.44872
-5.94767
-5.432
-4.90495
-4.37149
-3.83842
-3.31414
-2.80778
-2.32812
-1.88278
-1.47789
-1.11783
-0.804989
-0.539703
-0.320421
-0.144024
-0.0062806
0.0976743
0.172916
0.224388
0.256675
0.27386
0.279467
0.276457
0.26725
0.253784
0.237561
0.219729
0.20111
0.18231
0.16368
0.145533
0.127859
0.111019
0.0943976
0.0791783
0.0628882
0.0501325
0.0317458
0.0249907
-0.00349458
-15.1444
-15.2711
-15.1894
-15.1109
-15.0621
-15.0263
-15.0186
-15.0369
-15.0879
-15.1701
-15.2777
-15.404
-15.5415
-15.6827
-15.8208
-15.9501
-16.0667
-16.1677
-16.2518
-16.3182
-16.3667
-16.3974
-16.4106
-16.4062
-16.3845
-16.3453
-16.2886
-16.2141
-16.1218
-16.0113
-15.8826
-15.7355
-15.5699
-15.3861
-15.1842
-14.9647
-14.7283
-14.4757
-14.2079
-13.9263
-13.6319
-13.3262
-13.0104
-12.6859
-12.3539
-12.0152
-11.6706
-11.3205
-10.965
-10.6038
-10.2363
-9.86143
-9.47803
-9.0846
-8.67955
-8.26126
-7.82823
-7.37922
-6.91347
-6.43091
-5.93247
-5.42033
-4.89817
-4.37131
-3.84662
-3.33196
-2.83545
-2.36489
-1.92728
-1.52845
-1.17264
-0.862243
-0.597703
-0.37767
-0.19929
-0.0586288
0.0488882
0.128074
0.183654
0.22004
0.241191
0.250547
0.251015
0.244991
0.234404
0.220764
0.205232
0.188651
0.171652
0.154611
0.13787
0.121436
0.105693
0.0900517
0.0756908
0.0602061
0.0481138
0.0304624
0.0241561
-0.00345666
-14.8113
-14.8025
-14.8222
-14.8811
-14.938
-14.9807
-15.0158
-15.0609
-15.1199
-15.1943
-15.2838
-15.387
-15.5002
-15.6189
-15.7384
-15.8545
-15.9632
-16.0609
-16.145
-16.2133
-16.2646
-16.298
-16.3133
-16.3104
-16.2895
-16.2505
-16.1938
-16.1192
-16.0268
-15.9165
-15.7882
-15.6418
-15.4773
-15.295
-15.0949
-14.8777
-14.6438
-14.3941
-14.1296
-13.8513
-13.5605
-13.2584
-12.9463
-12.6255
-12.297
-11.9617
-11.6203
-11.2732
-10.9205
-10.5618
-10.1965
-9.82363
-9.44198
-9.05011
-8.64646
-8.22947
-7.79774
-7.35022
-6.88638
-6.40649
-5.9118
-5.40483
-4.88948
-4.37107
-3.85601
-3.35139
-2.86458
-2.40277
-1.97261
-1.57965
-1.22801
-0.920044
-0.656288
-0.435568
-0.255282
-0.111775
-0.000754724
0.0823352
0.142002
0.182488
0.207625
0.220764
0.224758
0.221973
0.214326
0.203332
0.190164
0.175686
0.16055
0.145157
0.129873
0.11473
0.100126
0.0855075
0.0720397
0.0573972
0.0459909
0.0291155
0.0232587
-0.00342282
-14.8718
-14.9923
-15.0551
-15.0697
-15.0614
-15.0495
-15.0471
-15.0707
-15.1156
-15.1796
-15.2626
-15.3609
-15.4697
-15.5836
-15.6971
-15.8056
-15.9053
-15.9933
-16.0676
-16.1271
-16.1709
-16.1985
-16.2097
-16.2043
-16.1821
-16.1429
-16.0865
-16.0128
-15.9215
-15.8125
-15.6857
-15.5411
-15.3785
-15.1984
-15.0008
-14.7863
-14.5554
-14.309
-14.0479
-13.7733
-13.4862
-13.1879
-12.8796
-12.5623
-12.2373
-11.9052
-11.5668
-11.2223
-10.8719
-10.5152
-10.1516
-9.7802
-9.39978
-9.00901
-8.60643
-8.19065
-7.76047
-7.31505
-6.85413
-6.37822
-5.88882
-5.38861
-4.88144
-4.37232
-3.86711
-3.37234
-2.89486
-2.44151
-2.01857
-1.63136
-1.28384
-0.978311
-0.715388
-0.494057
-0.311949
-0.165678
-0.0512228
0.0357215
0.0994484
0.144028
0.173163
0.190115
0.197677
0.198182
0.193535
0.18525
0.174511
0.162199
0.148987
0.135301
0.121528
0.107727
0.0943074
0.0807544
0.0682163
0.0544521
0.0437597
0.0276946
0.0223036
-0.00340446
-14.8249
-14.8682
-14.8756
-14.8852
-14.9105
-14.9506
-14.9947
-15.0408
-15.0965
-15.1648
-15.2458
-15.3371
-15.4354
-15.5372
-15.6387
-15.7364
-15.8273
-15.9087
-15.9784
-16.0347
-16.0762
-16.1021
-16.1118
-16.1048
-16.0812
-16.0406
-15.9831
-15.9085
-15.8167
-15.7077
-15.5813
-15.4375
-15.2764
-15.098
-14.9027
-14.6908
-14.4629
-14.2197
-13.9621
-13.6911
-13.4078
-13.1132
-12.8085
-12.4948
-12.173
-11.844
-11.5083
-11.1663
-10.818
-10.463
-10.101
-9.73088
-9.35169
-8.96217
-8.56102
-8.14701
-7.71914
-7.27678
-6.81988
-6.34914
-5.86619
-5.37364
-4.87516
-4.37538
-3.87979
-3.39452
-2.92609
-2.48093
-2.06504
-1.68349
-1.34004
-1.03697
-0.774933
-0.553068
-0.369224
-0.220272
-0.102455
-0.0117107
0.0560423
0.104702
0.137843
0.158631
0.169798
0.173641
0.172048
0.16653
0.158281
0.148196
0.136968
0.125047
0.112838
0.100429
0.0882397
0.075794
0.0642222
0.0513723
0.0414223
0.0262007
0.0212949
-0.00340212
-14.8093
-14.8679
-14.9161
-14.9576
-14.9888
-15.0034
-15.0218
-15.0551
-15.101
-15.1596
-15.2307
-15.3122
-15.401
-15.4938
-15.5868
-15.6764
-15.7596
-15.8335
-15.8962
-15.9459
-15.9817
-16.0027
-16.0085
-15.9986
-15.9729
-15.931
-15.8727
-15.7979
-15.7063
-15.5979
-15.4724
-15.3299
-15.1703
-14.9939
-14.8008
-14.5915
-14.3665
-14.1265
-13.8723
-13.6049
-13.3251
-13.0342
-12.7332
-12.4229
-12.1045
-11.7785
-11.4456
-11.106
-10.7598
-10.4068
-10.0464
-9.67788
-9.30025
-8.91241
-8.51322
-8.10163
-7.67681
-7.23832
-6.78626
-6.3214
-5.84536
-5.36066
-4.87076
-4.38006
-3.89378
-3.41773
-2.95807
-2.52093
-2.11195
-1.73596
-1.39656
-1.09596
-0.834863
-0.61254
-0.427049
-0.275505
-0.154403
-0.0599189
0.0118204
0.0645427
0.101689
0.126331
0.141136
0.14836
0.149871
0.147178
0.141477
0.133679
0.124494
0.114393
0.103802
0.0928347
0.0819208
0.0706246
0.0600564
0.0481565
0.0389784
0.0246329
0.0202348
-0.00341783
-14.791
-14.8382
-14.8717
-14.8945
-14.9159
-14.9496
-14.9848
-15.0267
-15.077
-15.1364
-15.2051
-15.2816
-15.3636
-15.4482
-15.5324
-15.6134
-15.6883
-15.7548
-15.8111
-15.8556
-15.887
-15.9044
-15.9072
-15.8949
-15.8671
-15.8235
-15.764
-15.6882
-15.5961
-15.4875
-15.3624
-15.2206
-15.0622
-14.8874
-14.6964
-14.4895
-14.2673
-14.0304
-13.7796
-13.5157
-13.2396
-12.9524
-12.6549
-12.3482
-12.0331
-11.7103
-11.3803
-11.0434
-10.6996
-10.3487
-9.99029
-9.62369
-9.24802
-8.86231
-8.46557
-8.0569
-7.63563
-7.20144
-6.7545
-6.29566
-5.82651
-5.34949
-4.86795
-4.38608
-3.90885
-3.44179
-2.99072
-2.56141
-2.15923
-1.78872
-1.45335
-1.15523
-0.895119
-0.672415
-0.485367
-0.331322
-0.207016
-0.108859
-0.033179
0.0235806
0.064728
0.0932369
0.111706
0.12235
0.127014
0.127197
0.124101
0.118649
0.111564
0.103339
0.0944189
0.0849422
0.0753493
0.065245
0.0557178
0.0448037
0.0364282
0.0229899
0.0191255
-0.00345432
-14.774
-14.8178
-14.8553
-14.8895
-14.9216
-14.9518
-14.9839
-15.0217
-15.0673
-15.1212
-15.1833
-15.2523
-15.3261
-15.4024
-15.4783
-15.5513
-15.6188
-15.6786
-15.7287
-15.7677
-15.7942
-15.8075
-15.8068
-15.7916
-15.7614
-15.7161
-15.6552
-15.5787
-15.4862
-15.3777
-15.253
-15.1121
-14.955
-14.7818
-14.5928
-14.3883
-14.1688
-13.9349
-13.6873
-13.4268
-13.1543
-12.8706
-12.5768
-12.2736
-11.9618
-11.6422
-11.3151
-10.9808
-10.6395
-10.2909
-9.93468
-9.5702
-9.1967
-8.81335
-8.41927
-8.01372
-7.59613
-7.16631
-6.72453
-6.27165
-5.80928
-5.33981
-4.86645
-4.39323
-3.92487
-3.46661
-3.02394
-2.60232
-2.20681
-1.84172
-1.51033
-1.21471
-0.95564
-0.732632
-0.544118
-0.387666
-0.260243
-0.158483
-0.0789139
-0.018148
0.0269898
0.0593729
0.0815293
0.095628
0.103488
0.106598
0.106161
0.103109
0.0981802
0.0918866
0.0846886
0.0767519
0.0685252
0.0596547
0.0512063
0.0413135
0.0337719
0.0212708
0.0179697
-0.00351446
-14.7574
-14.7974
-14.833
-14.8642
-14.8947
-14.9256
-14.9599
-14.9991
-15.0444
-15.0962
-15.1545
-15.2181
-15.2855
-15.3546
-15.4231
-15.4887
-15.549
-15.602
-15.6461
-15.6797
-15.7017
-15.7111
-15.7071
-15.6892
-15.6569
-15.6098
-15.5477
-15.4703
-15.3774
-15.2689
-15.1446
-15.0044
-14.8485
-14.6769
-14.4899
-14.2878
-14.0709
-13.84
-13.5956
-13.3385
-13.0694
-12.7893
-12.499
-12.1992
-11.8908
-11.5743
-11.2501
-10.9186
-10.5798
-10.2336
-9.87966
-9.51741
-9.14623
-8.76536
-8.37409
-7.97176
-7.55796
-7.13257
-6.69596
-6.24904
-5.7934
-5.33139
-4.86611
-4.4014
-3.94174
-3.49211
-3.05768
-2.64361
-2.25465
-1.89489
-1.56746
-1.27435
-1.01636
-0.793129
-0.603242
-0.444478
-0.314027
-0.208739
-0.125339
-0.0606038
-0.0114924
0.0247664
0.0506275
0.0682109
0.0793069
0.0853915
0.0876651
0.0870671
0.0843481
0.0800384
0.0746139
0.0682654
0.0614497
0.0538547
0.0465229
0.0376863
0.0310107
0.0194754
0.0167699
-0.00360117
-14.7409
-14.7781
-14.8127
-14.8451
-14.8769
-14.9091
-14.9435
-14.9814
-15.0242
-15.0724
-15.1258
-15.1835
-15.2444
-15.3064
-15.3676
-15.426
-15.4795
-15.5262
-15.5645
-15.5929
-15.6103
-15.6157
-15.6084
-15.5877
-15.5531
-15.5043
-15.4409
-15.3626
-15.2693
-15.1607
-15.0368
-14.8975
-14.7428
-14.5727
-14.3877
-14.1878
-13.9736
-13.7455
-13.5042
-13.2504
-12.9848
-12.7081
-12.4212
-12.1249
-11.8197
-11.5063
-11.1851
-10.8564
-10.5202
-10.1764
-9.82485
-9.46497
-9.09624
-8.71801
-8.32968
-7.93072
-7.52081
-7.09995
-6.66858
-6.22764
-5.77873
-5.32413
-4.86683
-4.4105
-3.95941
-3.51825
-3.09191
-2.68523
-2.30271
-1.9482
-1.62468
-1.33409
-1.07723
-0.853844
-0.662675
-0.501697
-0.368312
-0.259577
-0.172407
-0.103745
-0.0506825
-0.0105518
0.0190262
0.0401201
0.0544882
0.0635907
0.0686234
0.0705311
0.0700744
0.0678002
0.0641991
0.0594861
0.0541256
0.0478471
0.0416695
0.0339233
0.0281465
0.0176038
0.0155292
-0.00371745
-14.7243
-14.7591
-14.7924
-14.8242
-14.8556
-14.8875
-14.9213
-14.9582
-14.9991
-15.0443
-15.0936
-15.1463
-15.2012
-15.2568
-15.3114
-15.3631
-15.4101
-15.4507
-15.4834
-15.5067
-15.5196
-15.5212
-15.5105
-15.487
-15.4502
-15.3996
-15.3349
-15.2558
-15.162
-15.0534
-14.9298
-14.7912
-14.6376
-14.4691
-14.2859
-14.0883
-13.8766
-13.6513
-13.413
-13.1624
-12.9001
-12.6268
-12.3433
-12.0503
-11.7484
-11.4381
-11.1198
-10.7939
-10.4604
-10.1192
-9.77009
-9.41271
-9.04657
-8.67114
-8.2859
-7.89045
-7.48458
-7.06836
-6.6423
-6.20739
-5.7652
-5.31797
-4.86857
-4.42052
-3.97785
-3.54499
-3.12656
-2.72713
-2.35092
-2.00158
-1.68194
-1.39387
-1.13819
-0.914715
-0.722355
-0.559261
-0.423037
-0.310939
-0.220068
-0.147527
-0.0905416
-0.0465485
-0.0132462
0.0113794
0.0290518
0.0412124
0.04905
0.0535124
0.0553683
0.0551798
0.0534505
0.0504194
0.0465575
0.0416356
0.0366492
0.030027
0.0251816
0.0156566
0.0142507
-0.0038663
-14.7074
-14.7402
-14.7722
-14.8033
-14.8343
-14.8658
-14.8989
-14.9345
-14.9731
-15.015
-15.0601
-15.1078
-15.1571
-15.2066
-15.2549
-15.3002
-15.341
-15.3758
-15.403
-15.4214
-15.43
-15.4276
-15.4136
-15.3874
-15.3483
-15.2959
-15.2298
-15.1497
-15.0554
-14.9467
-14.8235
-14.6856
-14.5331
-14.366
-14.1846
-13.9891
-13.7799
-13.5573
-13.322
-13.0744
-12.8153
-12.5454
-12.2652
-11.9754
-11.6767
-11.3695
-11.0543
-10.7312
-10.4004
-10.0618
-9.71532
-9.36057
-8.99718
-8.6247
-8.24273
-7.85094
-7.44924
-7.03777
-6.61711
-6.18826
-5.7528
-5.3129
-4.87132
-4.43141
-3.997
-3.57228
-3.16161
-2.76927
-2.39925
-2.05499
-1.73918
-1.45363
-1.19916
-0.975679
-0.78222
-0.617109
-0.478143
-0.362769
-0.268269
-0.191902
-0.131028
-0.083187
-0.0461583
-0.0179846
0.0030202
0.0182758
0.0289611
0.0360248
0.0402415
0.042187
0.0423766
0.0410725
0.0387513
0.0352254
0.0314665
0.0260007
0.0221196
0.0136354
0.0129381
-0.00405069
-14.6903
-14.7213
-14.7518
-14.7819
-14.812
-14.8427
-14.8746
-14.9085
-14.9447
-14.9835
-15.0247
-15.0677
-15.1117
-15.1555
-15.1979
-15.2372
-15.2722
-15.3014
-15.3233
-15.337
-15.3412
-15.3351
-15.3178
-15.2888
-15.2473
-15.1931
-15.1256
-15.0446
-14.9498
-14.8409
-14.7179
-14.5807
-14.4292
-14.2635
-14.0839
-13.8904
-13.6835
-13.4635
-13.231
-12.9865
-12.7305
-12.4638
-12.1868
-11.9003
-11.6048
-11.3007
-10.9884
-10.6682
-10.3402
-10.0043
-9.66057
-9.30859
-8.9481
-8.57873
-8.20016
-7.8122
-7.41479
-7.00819
-6.59299
-6.17025
-5.74151
-5.30889
-4.87503
-4.44314
-4.01684
-3.6001
-3.19701
-2.81161
-2.44765
-2.10838
-1.79636
-1.51331
-1.2601
-1.03667
-0.842204
-0.675176
-0.533567
-0.415009
-0.316956
-0.236822
-0.172097
-0.120428
-0.0796761
-0.0479422
-0.0235811
-0.00519742
0.00837549
0.0180844
0.024708
0.028834
0.0309881
0.0314545
0.0307152
0.0286232
0.0261275
0.0218493
0.0189649
0.0115425
0.0115953
-0.00427341
-14.6729
-14.7021
-14.7312
-14.7601
-14.7891
-14.8186
-14.8491
-14.8811
-14.9149
-14.9505
-14.9879
-15.0264
-15.0654
-15.1039
-15.1406
-15.1743
-15.2037
-15.2275
-15.2444
-15.2534
-15.2535
-15.2436
-15.2231
-15.1912
-15.1475
-15.0914
-15.0225
-14.9405
-14.845
-14.736
-14.6132
-14.4765
-14.326
-14.1616
-13.9836
-13.7921
-13.5875
-13.37
-13.1403
-12.8986
-12.6457
-12.3821
-12.1083
-11.825
-11.5325
-11.2315
-10.9222
-10.6049
-10.2798
-9.9468
-9.60586
-9.25679
-8.89934
-8.53323
-8.15824
-7.77423
-7.38125
-6.97961
-6.56996
-6.15335
-5.73132
-5.30591
-4.87968
-4.45567
-4.03733
-3.62839
-3.23271
-2.85409
-2.49606
-2.16169
-1.8534
-1.57287
-1.32094
-1.09764
-0.902243
-0.733398
-0.589247
-0.467598
-0.366071
-0.282233
-0.213702
-0.158231
-0.113763
-0.0784611
-0.0507238
-0.0291824
-0.0126853
-0.000289828
0.00878448
0.0151355
0.0192978
0.0215769
0.0224592
0.0218379
0.0206396
0.0175788
0.0157227
0.00938122
0.0102266
-0.00453701
-14.655
-14.6826
-14.7102
-14.7377
-14.7654
-14.7935
-14.8224
-14.8523
-14.8836
-14.9161
-14.9497
-14.984
-15.0183
-15.0516
-15.0831
-15.1114
-15.1355
-15.1542
-15.1663
-15.1708
-15.1668
-15.1532
-15.1295
-15.0949
-15.0488
-14.9908
-14.9205
-14.8374
-14.7413
-14.6321
-14.5094
-14.3732
-14.2236
-14.0605
-13.884
-13.6944
-13.4919
-13.2769
-13.0497
-12.8109
-12.5609
-12.3003
-12.0297
-11.7494
-11.4601
-11.1622
-10.8559
-10.5416
-10.2193
-9.88926
-9.55127
-9.20523
-8.85096
-8.48826
-8.11699
-7.73707
-7.34864
-6.95206
-6.548
-6.13755
-5.72221
-5.30395
-4.88525
-4.46899
-4.05844
-3.65712
-3.26867
-2.89667
-2.54444
-2.21487
-1.91026
-1.63223
-1.38161
-1.1585
-0.962272
-0.791709
-0.645118
-0.520474
-0.415557
-0.328081
-0.255792
-0.196549
-0.148377
-0.109506
-0.0783765
-0.0536515
-0.0341967
-0.0190763
-0.00750992
0.0011085
0.007321
0.0114531
0.0139952
0.0148799
0.015012
0.013197
0.0123997
0.00715584
0.00883699
-0.00484364
-14.6367
-14.6627
-14.6888
-14.7148
-14.741
-14.7675
-14.7946
-14.8224
-14.851
-14.8805
-14.9105
-14.9407
-14.9705
-14.999
-15.0254
-15.0487
-15.0678
-15.0816
-15.089
-15.0892
-15.0812
-15.064
-15.0371
-14.9998
-14.9514
-14.8915
-14.8197
-14.7355
-14.6388
-14.5292
-14.4066
-14.2709
-14.122
-13.9601
-13.7851
-13.5973
-13.3968
-13.1841
-12.9595
-12.7234
-12.4763
-12.2186
-11.951
-11.6738
-11.3876
-11.0927
-10.7894
-10.4781
-10.1588
-9.83176
-9.49683
-9.15394
-8.803
-8.44385
-8.07643
-7.70074
-7.31697
-6.92553
-6.52712
-6.12284
-5.71416
-5.30299
-4.8917
-4.48304
-4.08012
-3.68624
-3.30486
-2.93931
-2.59274
-2.26787
-1.96689
-1.69134
-1.44207
-1.2192
-1.02223
-0.850043
-0.701115
-0.573573
-0.465353
-0.37431
-0.298316
-0.235335
-0.183478
-0.141038
-0.106505
-0.0785739
-0.0561314
-0.0382503
-0.0241532
-0.0132272
-0.00492467
0.00109911
0.00533739
0.00776174
0.00925535
0.00871301
0.00900354
0.00487185
0.00743155
-0.00519483
-14.618
-14.6424
-14.6669
-14.6914
-14.7159
-14.7407
-14.7658
-14.7914
-14.8174
-14.8438
-14.8703
-14.8966
-14.9221
-14.9461
-14.9678
-14.9862
-15.0005
-15.0096
-15.0126
-15.0086
-14.9967
-14.9761
-14.9461
-14.906
-14.8553
-14.7935
-14.7201
-14.6349
-14.5374
-14.4274
-14.3049
-14.1696
-14.0214
-13.8605
-13.687
-13.5008
-13.3023
-13.0918
-12.8696
-12.6362
-12.3918
-12.137
-11.8724
-11.5982
-11.315
-11.0231
-10.7229
-10.4146
-10.0984
-9.77439
-9.4426
-9.103
-8.7555
-8.40005
-8.03661
-7.66527
-7.28626
-6.90003
-6.50733
-6.10922
-5.70716
-5.303
-4.89901
-4.49781
-4.10233
-3.71572
-3.34121
-2.98195
-2.64091
-2.32064
-2.02323
-1.75015
-1.50224
-1.27968
-1.08204
-0.908333
-0.75717
-0.626829
-0.515395
-0.42086
-0.341219
-0.274539
-0.219018
-0.173015
-0.135071
-0.103916
-0.0784587
-0.0577844
-0.0411203
-0.0278491
-0.0174188
-0.0094668
-0.00349797
0.000497906
0.00338234
0.00413763
0.00554292
0.00253595
0.00601589
-0.00559135
-14.5988
-14.6217
-14.6445
-14.6674
-14.6902
-14.7132
-14.7362
-14.7595
-14.7828
-14.8062
-14.8293
-14.8518
-14.8732
-14.8929
-14.9101
-14.924
-14.9337
-14.9384
-14.9371
-14.9291
-14.9134
-14.8894
-14.8563
-14.8136
-14.7606
-14.6969
-14.622
-14.5356
-14.4373
-14.327
-14.2044
-14.0694
-13.9219
-13.762
-13.5897
-13.4052
-13.2086
-13.0002
-12.7803
-12.5493
-12.3076
-12.0557
-11.7938
-11.5226
-11.2424
-10.9535
-10.6564
-10.3511
-10.038
-9.71719
-9.38866
-9.05244
-8.70852
-8.35688
-7.99756
-7.63068
-7.25653
-6.87559
-6.48861
-6.09668
-5.70119
-5.30396
-4.90714
-4.51324
-4.12504
-3.74551
-3.37769
-3.02456
-2.68889
-2.37312
-2.07921
-1.80859
-1.56207
-1.33987
-1.14164
-0.966512
-0.813217
-0.680178
-0.565621
-0.467671
-0.384443
-0.314108
-0.254948
-0.205392
-0.164034
-0.12964
-0.101145
-0.0776477
-0.0583833
-0.0427316
-0.0301383
-0.0202237
-0.0124922
-0.00689495
-0.00259268
-0.000516594
0.00202783
0.000156206
0.00459581
-0.00603287
-14.5792
-14.6005
-14.6217
-14.6428
-14.6639
-14.6849
-14.7059
-14.7267
-14.7475
-14.7678
-14.7877
-14.8066
-14.8241
-14.8397
-14.8526
-14.8622
-14.8676
-14.868
-14.8627
-14.8507
-14.8315
-14.8041
-14.7681
-14.7227
-14.6674
-14.6018
-14.5254
-14.4378
-14.3387
-14.2279
-14.1052
-13.9705
-13.8236
-13.6646
-13.4935
-13.3104
-13.1156
-12.9092
-12.6915
-12.463
-12.2238
-11.9746
-11.7156
-11.4472
-11.1699
-10.8841
-10.5899
-10.2878
-9.97786
-9.66025
-9.33506
-9.00234
-8.66211
-8.31441
-7.95931
-7.597
-7.22779
-6.8522
-6.47099
-6.08521
-5.69625
-5.30585
-4.91607
-4.52931
-4.14821
-3.77556
-3.41424
-3.06707
-2.73664
-2.42526
-2.1348
-1.8666
-1.62149
-1.39971
-1.20097
-1.02451
-0.869187
-0.733552
-0.615965
-0.514681
-0.427929
-0.353985
-0.291217
-0.238123
-0.19335
-0.155705
-0.124152
-0.097806
-0.0759108
-0.0578462
-0.043057
-0.0311479
-0.021624
-0.0143979
-0.00865342
-0.00523531
-0.00153066
-0.00225784
0.00317721
-0.00651766
-14.5592
-14.5788
-14.5984
-14.6178
-14.6371
-14.6561
-14.6749
-14.6934
-14.7115
-14.729
-14.7456
-14.761
-14.7748
-14.7865
-14.7954
-14.8008
-14.8021
-14.7985
-14.7892
-14.7736
-14.7508
-14.7203
-14.6813
-14.6333
-14.5758
-14.5083
-14.4303
-14.3415
-14.2416
-14.1304
-14.0075
-13.8729
-13.7265
-13.5683
-13.3983
-13.2167
-13.0235
-12.819
-12.6035
-12.3772
-12.1406
-11.8939
-11.6376
-11.3721
-11.0977
-10.8148
-10.5237
-10.2247
-9.91796
-9.60364
-9.28188
-8.95275
-8.61633
-8.27267
-7.92191
-7.56427
-7.20008
-6.82988
-6.45445
-6.07481
-5.69232
-5.30864
-4.92578
-4.54599
-4.17179
-3.80584
-3.45084
-3.10944
-2.78411
-2.47701
-2.18992
-1.92413
-1.68045
-1.45913
-1.25996
-1.08226
-0.925012
-0.786882
-0.66636
-0.561824
-0.471616
-0.394114
-0.32777
-0.271155
-0.222971
-0.182068
-0.14744
-0.118222
-0.0936681
-0.0731608
-0.0561459
-0.0422129
-0.0308697
-0.0219895
-0.0147816
-0.0100022
-0.0051203
-0.00469495
0.00176597
-0.00704222
-14.5388
-14.5568
-14.5747
-14.5924
-14.6098
-14.6268
-14.6434
-14.6596
-14.675
-14.6897
-14.7032
-14.7153
-14.7256
-14.7335
-14.7385
-14.7401
-14.7374
-14.73
-14.717
-14.6978
-14.6716
-14.638
-14.5962
-14.5457
-14.486
-14.4166
-14.337
-14.247
-14.1463
-14.0344
-13.9114
-13.7769
-13.6309
-13.4735
-13.3045
-13.1241
-12.9325
-12.7298
-12.5163
-12.2922
-12.0579
-11.8138
-11.5601
-11.2974
-11.0259
-10.7459
-10.4578
-10.1619
-9.85841
-9.54744
-9.22919
-8.90374
-8.57122
-8.23172
-7.8854
-7.53251
-7.17341
-6.80865
-6.439
-6.06547
-5.68938
-5.31233
-4.93623
-4.56324
-4.19576
-3.8363
-3.48742
-3.15163
-2.83124
-2.52831
-2.24453
-1.98112
-1.73887
-1.51807
-1.31854
-1.1397
-0.980624
-0.840102
-0.71674
-0.609035
-0.515441
-0.434433
-0.36455
-0.304434
-0.252847
-0.208682
-0.170965
-0.138853
-0.111617
-0.0886401
-0.0693723
-0.0533889
-0.0402025
-0.0296458
-0.0209566
-0.0147988
-0.00872767
-0.00714197
0.000367721
-0.00760066
-14.518
-14.5345
-14.5507
-14.5666
-14.5821
-14.5971
-14.6116
-14.6253
-14.6382
-14.6501
-14.6606
-14.6695
-14.6764
-14.6808
-14.6822
-14.68
-14.6737
-14.6625
-14.646
-14.6233
-14.594
-14.5574
-14.5128
-14.4599
-14.398
-14.3267
-14.2456
-14.1544
-14.0527
-13.9403
-13.8169
-13.6825
-13.5369
-13.3801
-13.212
-13.0329
-12.8427
-12.6417
-12.43
-12.208
-11.976
-11.7343
-11.4832
-11.2232
-10.9544
-10.6774
-10.3923
-10.0996
-9.79929
-9.49173
-9.17704
-8.85537
-8.52684
-8.19159
-7.84981
-7.50175
-7.14781
-6.78853
-6.42466
-6.05721
-5.68744
-5.31689
-4.9474
-4.58104
-4.22007
-3.8669
-3.52394
-3.19357
-2.87798
-2.57912
-2.29856
-2.0375
-1.7967
-1.57646
-1.37665
-1.19676
-1.03595
-0.893141
-0.767036
-0.656247
-0.559338
-0.474879
-0.401497
-0.337904
-0.282923
-0.235494
-0.194678
-0.159656
-0.129715
-0.104245
-0.0827002
-0.0646429
-0.0495924
-0.0373398
-0.0271558
-0.0196042
-0.0123382
-0.00958342
-0.00101247
-0.00818393
-14.497
-14.5119
-14.5264
-14.5406
-14.5542
-14.5672
-14.5795
-14.5909
-14.6013
-14.6105
-14.6181
-14.6239
-14.6275
-14.6285
-14.6265
-14.6208
-14.6109
-14.5963
-14.5763
-14.5504
-14.518
-14.4785
-14.4313
-14.3759
-14.3119
-14.2388
-14.1562
-14.0637
-13.9611
-13.8481
-13.7244
-13.59
-13.4446
-13.2884
-13.1211
-12.9431
-12.7542
-12.5547
-12.3449
-12.1249
-11.895
-11.6556
-11.407
-11.1496
-10.8836
-10.6094
-10.3273
-10.0377
-9.74068
-9.43657
-9.12552
-8.8077
-8.48325
-8.15234
-7.81518
-7.47204
-7.12331
-6.76953
-6.41144
-6.05002
-5.68648
-5.32232
-4.95928
-4.59935
-4.2447
-3.8976
-3.56036
-3.23523
-2.92429
-2.62936
-2.35196
-2.09323
-1.85388
-1.63424
-1.43422
-1.25337
-1.09094
-0.945931
-0.817178
-0.703392
-0.60324
-0.515388
-0.438548
-0.371505
-0.313143
-0.262451
-0.218528
-0.180582
-0.147918
-0.119933
-0.0960903
-0.0759386
-0.0590069
-0.0450417
-0.033354
-0.0243954
-0.0159365
-0.0120012
-0.0023706
-0.00877865
-14.4757
-14.4891
-14.502
-14.5143
-14.5261
-14.5371
-14.5473
-14.5564
-14.5644
-14.5709
-14.5757
-14.5786
-14.5791
-14.5769
-14.5716
-14.5625
-14.5493
-14.5314
-14.5082
-14.4792
-14.4438
-14.4015
-14.3517
-14.294
-14.228
-14.153
-14.0689
-13.9752
-13.8716
-13.7579
-13.6339
-13.4994
-13.3542
-13.1984
-13.032
-12.8549
-12.6672
-12.4692
-12.261
-12.0429
-11.8151
-11.5779
-11.3316
-11.0767
-10.8134
-10.542
-10.2629
-9.97637
-9.68267
-9.38204
-9.07468
-8.76078
-8.44049
-8.11401
-7.78155
-7.44339
-7.09992
-6.75168
-6.39936
-6.04391
-5.68652
-5.3286
-4.97184
-4.61815
-4.2696
-3.92836
-3.59664
-3.27656
-2.9701
-2.67899
-2.40468
-2.14823
-1.91035
-1.69135
-1.49118
-1.30946
-1.1455
-0.998402
-0.867097
-0.750401
-0.64708
-0.555893
-0.475638
-0.405175
-0.343447
-0.289496
-0.242461
-0.201578
-0.166175
-0.135658
-0.1095
-0.0872362
-0.0684099
-0.0527187
-0.0395237
-0.0291461
-0.0195059
-0.0143739
-0.00370448
-0.00936516
-14.4543
-14.4662
-14.4774
-14.4881
-14.498
-14.5071
-14.5151
-14.522
-14.5276
-14.5316
-14.5337
-14.5338
-14.5314
-14.5261
-14.5176
-14.5054
-14.489
-14.468
-14.4417
-14.4097
-14.3715
-14.3265
-14.2743
-14.2143
-14.1462
-14.0696
-13.9839
-13.889
-13.7844
-13.6701
-13.5456
-13.4109
-13.2659
-13.1105
-12.9446
-12.7684
-12.5819
-12.3852
-12.1786
-11.9622
-11.7363
-11.5012
-11.2572
-11.0047
-10.7439
-10.4753
-10.1991
-9.91573
-9.62533
-9.32821
-9.02459
-8.71466
-8.39862
-8.07665
-7.74897
-7.41586
-7.0777
-6.735
-6.38844
-6.03891
-5.68755
-5.33574
-4.98509
-4.63743
-4.29475
-3.95915
-3.63272
-3.31749
-3.01536
-2.72796
-2.45665
-2.20246
-1.96604
-1.74773
-1.54748
-1.36496
-1.19957
-1.05048
-0.916722
-0.797203
-0.690788
-0.596328
-0.512705
-0.43885
-0.373775
-0.31657
-0.26642
-0.222592
-0.184437
-0.151372
-0.122882
-0.0984928
-0.0777627
-0.060335
-0.0456351
-0.0338278
-0.0230298
-0.0166764
-0.0050153
-0.00991492
-14.4329
-14.4432
-14.4529
-14.4618
-14.47
-14.4771
-14.4831
-14.4878
-14.4911
-14.4926
-14.4922
-14.4896
-14.4844
-14.4762
-14.4648
-14.4496
-14.4302
-14.4062
-14.377
-14.3422
-14.3012
-14.2537
-14.1991
-14.137
-14.0669
-13.9885
-13.9014
-13.8052
-13.6997
-13.5846
-13.4597
-13.3248
-13.1798
-13.0247
-12.8594
-12.6839
-12.4984
-12.3029
-12.0977
-11.8829
-11.6588
-11.4257
-11.1838
-10.9336
-10.6754
-10.4095
-10.1362
-9.85583
-9.56873
-9.27513
-8.97529
-8.6694
-8.35767
-8.04029
-7.71747
-7.38948
-7.05667
-6.71953
-6.3787
-6.03504
-5.68961
-5.34375
-4.99902
-4.65717
-4.32013
-3.98992
-3.66856
-3.358
-3.06003
-2.7762
-2.50782
-2.25584
-2.02089
-1.8033
-1.60304
-1.41981
-1.25308
-1.1021
-0.965981
-0.843728
-0.734297
-0.636627
-0.549682
-0.472471
-0.404066
-0.343616
-0.290349
-0.243566
-0.202647
-0.167021
-0.136189
-0.109662
-0.087023
-0.0678512
-0.0516556
-0.0384083
-0.0264904
-0.0188785
-0.0063091
-0.0103858
-14.4116
-14.4204
-14.4286
-14.4358
-14.4422
-14.4475
-14.4515
-14.4541
-14.4551
-14.4544
-14.4515
-14.4463
-14.4384
-14.4275
-14.4132
-14.3952
-14.373
-14.3461
-14.3142
-14.2767
-14.2332
-14.1832
-14.1264
-14.0622
-13.9902
-13.9101
-13.8215
-13.7241
-13.6176
-13.5017
-13.3763
-13.2412
-13.0961
-12.9412
-12.7763
-12.6015
-12.4169
-12.2225
-12.0185
-11.8052
-11.5827
-11.3515
-11.1117
-10.8637
-10.6079
-10.3445
-10.074
-9.79674
-9.51292
-9.22287
-8.92684
-8.62504
-8.31769
-8.00497
-7.68709
-7.36429
-7.03689
-6.70533
-6.37021
-6.03234
-5.69273
-5.35267
-5.01364
-4.67737
-4.34573
-4.02067
-3.70414
-3.39802
-3.10403
-2.82365
-2.5581
-2.30829
-2.07482
-1.85798
-1.65777
-1.47392
-1.30595
-1.15318
-1.0148
-0.88991
-0.777544
-0.676731
-0.586516
-0.505981
-0.434268
-0.370581
-0.314196
-0.264452
-0.220758
-0.182558
-0.149373
-0.120698
-0.0961486
-0.0752275
-0.0575526
-0.042854
-0.0298726
-0.0209459
-0.00760163
-0.0107168
-14.3903
-14.3978
-14.4044
-14.4101
-14.4147
-14.4182
-14.4203
-14.4209
-14.4199
-14.4168
-14.4116
-14.404
-14.3936
-14.3801
-14.3632
-14.3425
-14.3176
-14.2881
-14.2536
-14.2135
-14.1676
-14.1153
-14.0563
-13.99
-13.9163
-13.8345
-13.7445
-13.6459
-13.5383
-13.4217
-13.2957
-13.1602
-13.0151
-12.8603
-12.6957
-12.5215
-12.3376
-12.1441
-11.9413
-11.7293
-11.5083
-11.2788
-11.0409
-10.795
-10.5414
-10.2806
-10.0129
-9.73855
-9.45798
-9.17147
-8.87927
-8.58162
-8.27872
-7.97075
-7.65788
-7.34034
-7.0184
-6.69245
-6.36303
-6.03088
-5.69697
-5.36252
-5.02899
-4.69805
-4.37153
-4.05134
-3.73938
-3.43748
-3.14729
-2.87022
-2.60742
-2.35973
-2.12773
-1.91168
-1.71158
-1.5272
-1.3581
-1.20365
-1.06312
-0.935692
-0.820479
-0.716594
-0.62316
-0.539338
-0.464335
-0.397417
-0.33791
-0.285195
-0.238714
-0.197928
-0.162379
-0.13155
-0.105091
-0.0824178
-0.0632879
-0.0471249
-0.0331588
-0.0228341
-0.00891903
-0.0108172
-14.3696
-14.3757
-14.3808
-14.3849
-14.3879
-14.3896
-14.3899
-14.3886
-14.3855
-14.3803
-14.3729
-14.363
-14.3502
-14.3343
-14.3149
-14.2917
-14.2642
-14.2322
-14.1952
-14.1528
-14.1045
-14.0501
-13.989
-13.9208
-13.8452
-13.7619
-13.6705
-13.5706
-13.4621
-13.3447
-13.2181
-13.0822
-12.9369
-12.7821
-12.6178
-12.4439
-12.2606
-12.068
-11.8661
-11.6553
-11.4357
-11.2077
-10.9715
-10.7276
-10.4762
-10.2178
-9.95267
-9.68127
-9.40393
-9.12094
-8.83261
-8.53915
-8.24077
-7.93763
-7.62989
-7.3177
-7.00129
-6.68098
-6.35724
-6.03075
-5.70241
-5.37339
-5.04512
-4.71923
-4.39753
-4.0819
-3.77424
-3.47631
-3.1897
-2.91578
-2.65561
-2.41001
-2.17947
-1.96426
-1.76436
-1.57956
-1.40944
-1.25345
-1.11091
-0.981053
-0.863093
-0.756214
-0.659619
-0.572544
-0.494268
-0.424119
-0.361481
-0.305777
-0.25649
-0.213099
-0.175175
-0.14218
-0.113814
-0.0893855
-0.0688322
-0.0511872
-0.0363425
-0.0244988
-0.0103136
-0.0105598
-14.3489
-14.3537
-14.3575
-14.3602
-14.3616
-14.3617
-14.3603
-14.3572
-14.3522
-14.345
-14.3355
-14.3234
-14.3084
-14.2902
-14.2685
-14.2429
-14.2132
-14.1788
-14.1395
-14.0948
-14.0444
-13.9878
-13.9247
-13.8547
-13.7775
-13.6926
-13.5998
-13.4988
-13.3892
-13.2709
-13.1437
-13.0074
-12.8618
-12.7069
-12.5427
-12.3691
-12.1863
-11.9943
-11.7933
-11.5834
-11.3651
-11.1384
-10.9038
-10.6617
-10.4123
-10.1561
-9.89359
-9.62504
-9.35086
-9.07139
-8.78693
-8.49771
-8.20393
-7.90573
-7.6032
-7.29647
-6.98567
-6.67105
-6.35298
-6.03207
-5.70915
-5.38534
-5.06204
-4.74087
-4.42363
-4.11222
-3.80852
-3.51427
-3.23103
-2.9601
-2.70249
-2.45894
-2.2299
-2.01561
-1.81602
-1.63094
-1.45997
-1.3026
-1.15818
-1.02604
-0.905438
-0.79564
-0.695929
-0.60562
-0.52407
-0.450676
-0.384882
-0.326162
-0.274041
-0.22802
-0.187702
-0.15253
-0.12226
-0.0960719
-0.0741354
-0.0549856
-0.0394028
-0.0258698
-0.0118521
-0.009751
-14.3295
-14.3329
-14.3353
-14.3365
-14.3365
-14.335
-14.3319
-14.327
-14.3202
-14.3111
-14.2997
-14.2855
-14.2684
-14.2481
-14.2242
-14.1964
-14.1644
-14.1279
-14.0864
-14.0396
-13.9871
-13.9286
-13.8637
-13.7919
-13.713
-13.6267
-13.5325
-13.4303
-13.3198
-13.2006
-13.0727
-12.9359
-12.79
-12.6349
-12.4707
-12.2973
-12.1148
-11.9232
-11.7229
-11.5139
-11.2965
-11.071
-10.8378
-10.5973
-10.3497
-10.0957
-9.83555
-9.56974
-9.29866
-9.02267
-8.7421
-8.45718
-8.16809
-7.87495
-7.57779
-7.27666
-6.97159
-6.66274
-6.35037
-6.03498
-5.71733
-5.39851
-5.07986
-4.76304
-4.44986
-4.14224
-3.8421
-3.5512
-3.27105
-3.00291
-2.74775
-2.50623
-2.27877
-2.06553
-1.86646
-1.68133
-1.50976
-1.35124
-1.20517
-1.0709
-0.947776
-0.835133
-0.732341
-0.638799
-0.553945
-0.477252
-0.40824
-0.346439
-0.291423
-0.242722
-0.199976
-0.1626
-0.130421
-0.102465
-0.0791907
-0.058503
-0.0423609
-0.0269023
-0.0136724
-0.00813881
-14.31
-14.3124
-14.3136
-14.3136
-14.3122
-14.3093
-14.3047
-14.2983
-14.2898
-14.279
-14.2657
-14.2497
-14.2307
-14.2084
-14.1825
-14.1527
-14.1187
-14.0801
-14.0366
-13.9878
-13.9335
-13.8731
-13.8064
-13.733
-13.6525
-13.5647
-13.4693
-13.3659
-13.2543
-13.1343
-13.0057
-12.8682
-12.7219
-12.5666
-12.4022
-12.2288
-12.0465
-11.8553
-11.6554
-11.447
-11.2305
-11.006
-10.774
-10.5348
-10.289
-10.0369
-9.77899
-9.5158
-9.24774
-8.97521
-8.69853
-8.41795
-8.13365
-7.84567
-7.554
-7.25857
-6.95932
-6.65625
-6.34951
-6.03947
-5.72682
-5.41259
-5.09814
-4.78514
-4.47549
-4.17119
-3.87422
-3.58638
-3.30917
-3.04382
-2.7912
-2.55191
-2.32628
-2.11439
-1.91615
-1.73128
-1.55938
-1.39994
-1.25239
-1.11611
-0.990516
-0.875019
-0.76908
-0.67221
-0.58395
-0.50386
-0.431528
-0.36655
-0.308557
-0.257112
-0.211893
-0.17228
-0.138189
-0.108454
-0.0838968
-0.0616327
-0.0451609
-0.0274675
-0.0159051
-0.00531995
-14.2923
-14.2935
-14.2935
-14.2921
-14.2894
-14.2851
-14.279
-14.271
-14.2609
-14.2485
-14.2335
-14.2157
-14.1949
-14.1708
-14.143
-14.1114
-14.0755
-14.035
-13.9897
-13.9391
-13.8829
-13.8209
-13.7525
-13.6775
-13.5956
-13.5065
-13.4098
-13.3053
-13.1927
-13.0718
-12.9424
-12.8044
-12.6575
-12.5018
-12.3372
-12.1637
-11.9814
-11.7903
-11.5907
-11.3827
-11.1667
-10.9429
-10.7118
-10.4738
-10.2294
-9.97895
-9.72311
-9.46236
-9.19718
-8.92801
-8.65521
-8.37904
-8.09966
-7.81706
-7.53114
-7.24172
-6.94856
-6.65151
-6.35053
-6.04587
-5.7381
-5.42818
-5.11751
-4.80781
-4.5011
-4.1995
-3.90513
-3.61987
-3.3453
-3.0826
-2.83261
-2.59585
-2.37252
-2.1626
-1.96583
-1.78183
-1.6101
-1.45009
-1.30123
-1.16297
-1.03483
-0.916325
-0.807062
-0.706649
-0.614721
-0.530972
-0.455087
-0.386727
-0.325609
-0.271307
-0.223537
-0.181637
-0.145617
-0.114087
-0.0883054
-0.0644159
-0.0478897
-0.0275645
-0.0188721
-0.00083371
-14.2748
-14.2752
-14.2743
-14.272
-14.2682
-14.2627
-14.2555
-14.2462
-14.2347
-14.2209
-14.2044
-14.1851
-14.1627
-14.1369
-14.1075
-14.0741
-14.0365
-13.9943
-13.9473
-13.895
-13.8372
-13.7735
-13.7036
-13.6272
-13.5439
-13.4534
-13.3555
-13.2499
-13.1363
-13.0145
-12.8843
-12.7455
-12.5981
-12.4419
-12.277
-12.1032
-11.9208
-11.7297
-11.5301
-11.3224
-11.1067
-10.8835
-10.6531
-10.4161
-10.1728
-9.92392
-9.66997
-9.41151
-9.14909
-8.88319
-8.6142
-8.3424
-8.06788
-7.79061
-7.51036
-7.2268
-6.93952
-6.64815
-6.35249
-6.05262
-5.74902
-5.44265
-5.13497
-4.82791
-4.52368
-4.22466
-3.93318
-3.65126
-3.38041
-3.1217
-2.87572
-2.6427
-2.4226
-2.21517
-2.02001
-1.83669
-1.66471
-1.50358
-1.35282
-1.21202
-1.08076
-0.958705
-0.845584
-0.741211
-0.645373
-0.557753
-0.478119
-0.40627
-0.341946
-0.284734
-0.234389
-0.190197
-0.152275
-0.11897
-0.0920637
-0.0665279
-0.0502961
-0.0268963
-0.0227278
0.00610449
-14.2594
-14.2586
-14.2565
-14.253
-14.248
-14.2414
-14.2328
-14.2223
-14.2095
-14.1943
-14.1764
-14.1557
-14.1318
-14.1045
-14.0736
-14.0387
-13.9996
-13.9559
-13.9074
-13.8536
-13.7944
-13.7293
-13.658
-13.5803
-13.4957
-13.4041
-13.3051
-13.1984
-13.0838
-12.9611
-12.8301
-12.6906
-12.5425
-12.3858
-12.2203
-12.046
-11.8632
-11.6717
-11.4719
-11.264
-11.0483
-10.8251
-10.5949
-10.3582
-10.1155
-9.86759
-9.61497
-9.35832
-9.09828
-8.83542
-8.57019
-8.30291
-8.03368
-7.76239
-7.48869
-7.21205
-6.93181
-6.64732
-6.35809
-6.06398
-5.76534
-5.46314
-5.15893
-4.85483
-4.55332
-4.25706
-3.96862
-3.69009
-3.42293
-3.168
-2.92566
-2.69587
-2.47837
-2.27272
-2.07843
-1.89501
-1.72201
-1.55901
-1.40565
-1.26164
-1.12677
-1.00085
-0.883732
-0.775192
-0.67505
-0.583306
-0.499894
-0.424559
-0.357069
-0.297018
-0.244194
-0.197813
-0.158109
-0.123127
-0.0952493
-0.0680922
-0.0525488
-0.0256148
-0.0280453
0.0160799
-14.2457
-14.2444
-14.2418
-14.2377
-14.232
-14.2245
-14.2151
-14.2035
-14.1897
-14.1734
-14.1544
-14.1324
-14.1073
-14.0787
-14.0465
-14.0102
-13.9697
-13.9246
-13.8747
-13.8196
-13.759
-13.6925
-13.62
-13.541
-13.4552
-13.3624
-13.2623
-13.1546
-13.0391
-12.9155
-12.7837
-12.6435
-12.4947
-12.3373
-12.1713
-11.9965
-11.8132
-11.6214
-11.4213
-11.2132
-10.9974
-10.7742
-10.5442
-10.3079
-10.0659
-9.81891
-9.56764
-9.3128
-9.05509
-8.79513
-8.53345
-8.27036
-8.00595
-7.74007
-7.47226
-7.20184
-6.92798
-6.64984
-6.36677
-6.07849
-5.78528
-5.48807
-5.18848
-4.88867
-4.5912
-4.29874
-4.01386
-3.73854
-3.47404
-3.22104
-2.97981
-2.75038
-2.53259
-2.32614
-2.13068
-1.94578
-1.77101
-1.60595
-1.45021
-1.3035
-1.16553
-1.03611
-0.915287
-0.803083
-0.699498
-0.604444
-0.517821
-0.439462
-0.369207
-0.306668
-0.251674
-0.203375
-0.162139
-0.125688
-0.0970769
-0.0684106
-0.0539978
-0.0231796
-0.0346509
0.0297491
-14.2313
-14.2291
-14.2255
-14.2204
-14.2137
-14.2053
-14.195
-14.1825
-14.1677
-14.1505
-14.1305
-14.1076
-14.0814
-14.0519
-14.0186
-13.9814
-13.9398
-13.8937
-13.8428
-13.7866
-13.725
-13.6576
-13.584
-13.5041
-13.4174
-13.3236
-13.2226
-13.114
-12.9975
-12.8731
-12.7403
-12.5992
-12.4495
-12.2912
-12.1242
-11.9485
-11.7641
-11.5713
-11.3701
-11.1609
-10.944
-10.7198
-10.4888
-10.2517
-10.0092
-9.76206
-9.51119
-9.25749
-9.00186
-8.74515
-8.48807
-8.23112
-7.97446
-7.71789
-7.46075
-7.20196
-6.94008
-6.67352
-6.40076
-6.12071
-5.833
-5.53824
-5.23809
-4.93524
-4.63303
-4.33526
-4.04567
-3.76706
-3.50099
-3.24819
-3.00863
-2.78181
-2.56697
-2.36324
-2.16983
-1.986
-1.81123
-1.64518
-1.48762
-1.33846
-1.19783
-1.06569
-0.941919
-0.826566
-0.719769
-0.621602
-0.532093
-0.451121
-0.378539
-0.313943
-0.257186
-0.207333
-0.164887
-0.127232
-0.0981335
-0.0681062
-0.0551389
-0.020262
-0.0425111
0.0456501
-14.2251
-14.2228
-14.219
-14.2136
-14.2065
-14.1976
-14.1866
-14.1735
-14.158
-14.14
-14.1192
-14.0954
-14.0683
-14.0378
-14.0035
-13.9653
-13.9227
-13.8756
-13.8236
-13.7664
-13.7038
-13.6354
-13.5608
-13.4799
-13.3923
-13.2978
-13.1959
-13.0865
-12.9694
-12.8443
-12.7109
-12.5692
-12.419
-12.2601
-12.0927
-11.9165
-11.7318
-11.5386
-11.337
-11.1275
-10.9103
-10.6859
-10.4549
-10.2178
-9.97546
-9.72872
-9.47849
-9.2257
-8.97133
-8.71623
-8.46115
-8.20658
-7.95269
-7.69921
-7.44542
-7.19011
-6.93172
-6.6685
-6.39878
-6.1214
-5.836
-5.54329
-5.2452
-4.94466
-4.64531
-4.35113
-4.06598
-3.79246
-3.53136
-3.28257
-3.04556
-2.81969
-2.60432
-2.39892
-2.20307
-2.01648
-1.83896
-1.67022
-1.51014
-1.35861
-1.21545
-1.08074
-0.954583
-0.837094
-0.728371
-0.628443
-0.537301
-0.454818
-0.380872
-0.315051
-0.257251
-0.206468
-0.163356
-0.124969
-0.0957955
-0.064774
-0.0535428
-0.0150228
-0.0480608
0.0617158
-14.2089
-14.2062
-14.202
-14.1962
-14.1888
-14.1796
-14.1684
-14.1549
-14.1392
-14.1208
-14.0997
-14.0756
-14.0482
-14.0173
-13.9826
-13.9439
-13.9009
-13.8533
-13.8007
-13.743
-13.6797
-13.6106
-13.5353
-13.4536
-13.3651
-13.2696
-13.1667
-13.0562
-12.9379
-12.8114
-12.6766
-12.5333
-12.3813
-12.2205
-12.0508
-11.8723
-11.6849
-11.4888
-11.2841
-11.0712
-10.8503
-10.622
-10.387
-10.146
-9.89989
-9.64991
-9.39727
-9.14336
-8.88961
-8.63742
-8.38801
-8.14222
-7.90035
-7.66191
-7.42554
-7.18899
-6.94929
-6.70314
-6.44743
-6.17994
-5.89989
-5.60821
-5.30759
-5.00205
-4.69615
-4.39503
-4.10349
-3.8242
-3.55806
-3.30526
-3.06525
-2.83729
-2.62058
-2.41436
-2.21796
-2.03077
-1.85244
-1.68279
-1.52166
-1.36892
-1.22454
-1.08861
-0.961165
-0.842334
-0.732251
-0.631002
-0.538631
-0.455037
-0.380114
-0.313442
-0.25494
-0.203542
-0.160019
-0.121156
-0.0920206
-0.0602915
-0.0504992
-0.00923609
-0.050371
0.0742351
-14.2139
-14.2106
-14.2057
-14.1992
-14.191
-14.1809
-14.1688
-14.1545
-14.1377
-14.1184
-14.0962
-14.071
-14.0425
-14.0105
-13.9748
-13.9349
-13.8908
-13.8421
-13.7884
-13.7296
-13.6652
-13.5951
-13.5188
-13.4361
-13.3467
-13.2503
-13.1466
-13.0353
-12.9162
-12.7891
-12.6536
-12.5097
-12.3572
-12.196
-12.0259
-11.8471
-11.6596
-11.4635
-11.259
-11.0465
-10.8263
-10.5991
-10.3657
-10.1268
-9.8835
-9.63706
-9.38881
-9.14016
-8.89256
-8.64734
-8.40559
-8.16794
-7.93443
-7.70426
-7.47578
-7.24645
-7.01301
-6.77189
-6.51972
-6.25391
-5.97331
-5.67862
-5.37252
-5.05934
-4.74447
-4.43354
-4.13308
-3.84731
-3.57668
-3.32044
-3.07767
-2.84727
-2.62824
-2.41971
-2.22098
-2.03153
-1.85101
-1.6793
-1.51629
-1.36189
-1.21607
-1.07888
-0.950401
-0.830752
-0.720059
-0.618391
-0.525774
-0.44209
-0.367224
-0.30073
-0.242533
-0.191505
-0.148493
-0.110074
-0.0817131
-0.0502185
-0.0419736
0.000248921
-0.0454851
0.0831538
-15.7392
-15.7444
-15.7882
-15.8059
-15.8048
-15.7891
-15.7678
-15.7506
-15.7489
-15.7701
-15.817
-15.8953
-16.0044
-16.1386
-16.2878
-16.4407
-16.5867
-16.7174
-16.8276
-16.9144
-16.9769
-17.0157
-17.032
-17.0273
-17.0029
-16.9599
-16.899
-16.8206
-16.7247
-16.6111
-16.4796
-16.3298
-16.1617
-15.9756
-15.771
-15.545
-15.2977
-15.0302
-14.7428
-14.436
-14.1104
-13.7666
-13.4052
-13.027
-12.6327
-12.2231
-11.799
-11.3607
-10.9088
-10.4434
-9.96447
-9.47183
-8.96498
-8.44326
-7.90591
-7.35212
-6.78117
-6.19261
-5.58643
-4.96334
-4.32503
-3.67447
-3.01633
-2.3573
-1.70578
-1.07216
-0.468918
0.0903248
0.591616
1.02219
1.37212
1.63587
1.81334
1.90985
1.93521
1.90212
1.8243
1.71504
1.58618
1.44753
1.30674
1.16935
1.03907
0.918108
0.807547
0.707682
0.618223
0.538868
0.468728
0.408895
0.358054
0.307172
0.256295
0.207468
0.165342
0.1237
0.095895
0.0532759
0.0532178
-0.0253462
-15.8281
-15.8583
-15.8778
-15.8951
-15.8758
-15.8274
-15.7691
-15.7332
-15.7245
-15.7394
-15.79
-15.8841
-16.019
-16.1829
-16.3591
-16.5315
-16.6874
-16.819
-16.9229
-16.9988
-17.0485
-17.0744
-17.0793
-17.0654
-17.0344
-16.9875
-16.9254
-16.8481
-16.7554
-16.6466
-16.521
-16.3772
-16.2153
-16.0309
-15.8257
-15.6013
-15.359
-15.0978
-14.8176
-14.5187
-14.2012
-13.8659
-13.5132
-13.1441
-12.7592
-12.3594
-11.9454
-11.518
-11.0775
-10.6243
-10.1585
-9.67992
-9.18822
-8.6828
-8.16295
-7.62785
-7.07674
-6.50903
-5.92449
-5.32352
-4.70735
-4.07823
-3.43985
-2.79785
-2.15979
-1.53513
-0.935254
-0.372957
0.138309
0.585777
0.95895
1.25121
1.461
1.59208
1.65279
1.65453
1.60999
1.53171
1.43102
1.31746
1.19861
1.08008
0.965781
0.858195
0.758708
0.667883
0.585766
0.511797
0.445501
0.38452
0.327593
0.278339
0.236594
0.19721
0.162476
0.125791
0.0999377
0.0581859
0.0562865
-0.0255701
-15.7706
-15.8274
-15.8336
-15.8383
-15.8181
-15.7966
-15.7822
-15.788
-15.8206
-15.8853
-15.9818
-16.1044
-16.2432
-16.3874
-16.5274
-16.6559
-16.7684
-16.8625
-16.9373
-16.9929
-17.03
-17.0495
-17.0522
-17.039
-17.0104
-16.9667
-16.908
-16.834
-16.7443
-16.6384
-16.5157
-16.3751
-16.216
-16.0397
-15.8428
-15.6262
-15.3898
-15.1339
-14.8588
-14.5647
-14.2522
-13.9219
-13.5746
-13.2111
-12.8323
-12.4391
-12.0322
-11.6124
-11.1803
-10.7361
-10.2801
-9.81208
-9.33171
-8.83837
-8.33131
-7.80966
-7.27255
-6.71922
-6.14925
-5.56277
-4.96066
-4.3448
-3.71843
-3.08632
-2.45509
-1.83363
-1.23296
-0.665687
-0.145332
0.314911
0.703801
1.01381
1.24248
1.39288
1.47287
1.49351
1.46725
1.4064
1.32207
1.22364
1.11854
1.01233
0.908865
0.810679
0.719239
0.635242
0.558863
0.489922
0.427954
0.372605
0.323046
0.277203
0.234378
0.193691
0.157777
0.121177
0.0950799
0.0561421
0.0501946
-0.0182443
-15.657
-15.7267
-15.7471
-15.7582
-15.7518
-15.747
-15.7542
-15.7851
-15.8433
-15.9293
-16.04
-16.1691
-16.3082
-16.4487
-16.5833
-16.706
-16.8131
-16.9023
-16.9729
-17.025
-17.0593
-17.0768
-17.0783
-17.0648
-17.0365
-16.9939
-16.9366
-16.8645
-16.7769
-16.6731
-16.5523
-16.414
-16.2561
-16.0793
-15.883
-15.6672
-15.432
-15.1775
-14.9039
-14.6115
-14.301
-13.973
-13.6283
-13.2679
-12.8928
-12.5039
-12.1021
-11.6882
-11.2628
-10.8263
-10.3788
-9.92021
-9.45013
-8.96791
-8.47269
-7.96347
-7.43924
-6.89905
-6.34223
-5.76861
-5.17873
-4.57408
-3.95749
-3.33336
-2.70796
-2.08976
-1.48937
-0.919259
-0.393048
0.0757256
0.4753
0.797582
1.03965
1.20423
1.29895
1.33464
1.3235
1.27754
1.20764
1.12295
1.03072
0.93633
0.843565
0.754883
0.67176
0.594934
0.524649
0.460706
0.402757
0.34985
0.301291
0.257024
0.217823
0.181422
0.149397
0.116516
0.0923147
0.0563249
0.0479593
-0.0128071
-15.5587
-15.6383
-15.6687
-15.6849
-15.69
-15.7022
-15.7305
-15.7832
-15.8616
-15.964
-16.0855
-16.2191
-16.357
-16.4921
-16.6186
-16.7324
-16.831
-16.9132
-16.9787
-17.0278
-17.0609
-17.0787
-17.0817
-17.0703
-17.0446
-17.0045
-16.9498
-16.8798
-16.7941
-16.6917
-16.5721
-16.4344
-16.2779
-16.1023
-15.907
-15.692
-15.4573
-15.2031
-14.9297
-14.6378
-14.3278
-14.0007
-13.6575
-13.2991
-12.9267
-12.5413
-12.1439
-11.7353
-11.3162
-10.887
-10.4477
-9.99829
-9.53825
-9.06683
-8.58308
-8.08587
-7.57401
-7.04638
-6.5021
-5.94076
-5.36261
-4.76888
-4.16205
-3.54617
-2.92723
-2.31339
-1.71504
-1.14454
-0.615529
-0.141647
0.265197
0.596787
0.850081
1.02761
1.13657
1.18721
1.19106
1.15967
1.10364
1.03199
0.951831
0.868443
0.785515
0.705489
0.629881
0.559515
0.49475
0.435555
0.381715
0.33277
0.288241
0.247419
0.21017
0.174963
0.143583
0.111779
0.0878302
0.0540455
0.0438044
-0.00947072
-15.4972
-15.5753
-15.6123
-15.6338
-15.6474
-15.6687
-15.7062
-15.767
-15.852
-15.9591
-16.0828
-16.2165
-16.3531
-16.4864
-16.6112
-16.7241
-16.8226
-16.9057
-16.9728
-17.0242
-17.06
-17.0808
-17.0869
-17.0784
-17.0554
-17.0177
-16.965
-16.8966
-16.8119
-16.7103
-16.5909
-16.4531
-16.2961
-16.1197
-15.9234
-15.7074
-15.4716
-15.2162
-14.9419
-14.6491
-14.3387
-14.0117
-13.6691
-13.3121
-12.9418
-12.5595
-12.1662
-11.7626
-11.3496
-10.9274
-10.4962
-10.0558
-9.6055
-9.14456
-8.67186
-8.18613
-7.68602
-7.17025
-6.63777
-6.08796
-5.52087
-4.93752
-4.3402
-3.73278
-3.12108
-2.51312
-1.91918
-1.35151
-0.82364
-0.349021
0.0607805
0.397985
0.659863
0.84881
0.971289
1.03644
1.05494
1.03792
0.995811
0.937447
0.869698
0.797623
0.724798
0.653648
0.58574
0.521994
0.462872
0.408455
0.358627
0.312979
0.271138
0.232668
0.197736
0.165043
0.135968
0.106417
0.0837527
0.0523169
0.0412462
-0.00692299
-15.4846
-15.5522
-15.5852
-15.6052
-15.6207
-15.6446
-15.6841
-15.7456
-15.83
-15.9355
-16.0572
-16.1889
-16.3241
-16.4567
-16.5819
-16.6961
-16.797
-16.8831
-16.9539
-17.0092
-17.0492
-17.0739
-17.0836
-17.0784
-17.0582
-17.0226
-16.9713
-16.9039
-16.8196
-16.7178
-16.5977
-16.4588
-16.3005
-16.1225
-15.9245
-15.7066
-15.4689
-15.2117
-14.9357
-14.6416
-14.3303
-14.0029
-13.6607
-13.3049
-12.9367
-12.5574
-12.168
-11.7695
-11.3624
-10.9473
-10.5239
-10.0921
-9.65123
-9.20024
-8.73793
-8.2629
-7.77366
-7.26878
-6.74708
-6.20782
-5.65091
-5.07728
-4.48912
-3.89025
-3.28643
-2.68567
-2.09818
-1.5361
-1.01265
-0.540717
-0.131027
0.209512
0.478546
0.677859
0.812576
0.890751
0.922692
0.919421
0.891046
0.845902
0.790442
0.729479
0.666497
0.603943
0.543467
0.4861
0.432431
0.382674
0.336841
0.29469
0.25598
0.22027
0.187624
0.156853
0.12931
0.101332
0.0795802
0.0500289
0.0386141
-0.00548613
-15.4679
-15.5254
-15.5566
-15.5772
-15.5939
-15.6184
-15.657
-15.7155
-15.7958
-15.8968
-16.0145
-16.1432
-16.2769
-16.4097
-16.5367
-16.654
-16.7589
-16.8497
-16.9255
-16.9858
-17.0303
-17.0592
-17.0724
-17.07
-17.0518
-17.0176
-16.967
-16.8996
-16.8147
-16.7118
-16.5903
-16.4495
-16.2891
-16.1088
-15.9084
-15.6881
-15.448
-15.1887
-14.9108
-14.6152
-14.3029
-13.9753
-13.6335
-13.2789
-12.913
-12.5368
-12.1516
-11.7581
-11.3571
-10.9488
-10.5331
-10.1096
-9.67762
-9.23595
-8.78327
-8.31804
-7.83868
-7.34364
-6.83165
-6.3019
-5.75428
-5.18966
-4.61027
-4.01997
-3.4246
-2.83217
-2.25285
-1.69854
-1.18187
-0.714742
-0.30668
0.0361682
0.311023
0.518308
0.662252
0.750988
0.794959
0.804731
0.789611
0.757227
0.713582
0.663273
0.609726
0.555421
0.502092
0.450879
0.402484
0.357239
0.315263
0.276418
0.240564
0.207344
0.176881
0.148117
0.12234
0.0961054
0.075514
0.0477638
0.0364636
-0.00450912
-15.5057
-15.5427
-15.5573
-15.5661
-15.5753
-15.5937
-15.6262
-15.6779
-15.7513
-15.8458
-15.9582
-16.0836
-16.216
-16.3496
-16.479
-16.6002
-16.7098
-16.8057
-16.8866
-16.9517
-17.0005
-17.0329
-17.0489
-17.0485
-17.0315
-16.9978
-16.9471
-16.879
-16.7929
-16.6884
-16.5648
-16.4218
-16.259
-16.0761
-15.8732
-15.6504
-15.408
-15.1466
-14.8671
-14.5703
-14.2575
-13.93
-13.5891
-13.2362
-12.8728
-12.5001
-12.1192
-11.731
-11.336
-10.9345
-10.5262
-10.1107
-9.68698
-9.25392
-8.81003
-8.35366
-7.88313
-7.39684
-6.89349
-6.37224
-5.833
-5.27673
-4.70573
-4.12398
-3.53743
-2.95413
-2.38409
-1.83871
-1.32968
-0.86764
-0.461261
-0.117095
0.160787
0.372359
0.522621
0.620273
0.675302
0.697248
0.694458
0.673897
0.641193
0.600765
0.555991
0.509383
0.462748
0.417323
0.373912
0.332953
0.294665
0.259015
0.225953
0.195176
0.166834
0.139954
0.115781
0.0910954
0.0716019
0.0454315
0.0344813
-0.00396023
-15.4698
-15.5101
-15.528
-15.5378
-15.5442
-15.5572
-15.5822
-15.6256
-15.6907
-15.7782
-15.8855
-16.008
-16.1399
-16.275
-16.4076
-16.533
-16.6475
-16.7484
-16.834
-16.9033
-16.9556
-16.9908
-17.0088
-17.0096
-16.9932
-16.9595
-16.9082
-16.8389
-16.7513
-16.6449
-16.5193
-16.3741
-16.209
-16.0239
-15.8188
-15.5939
-15.3498
-15.087
-14.8064
-14.5091
-14.1964
-13.8696
-13.5301
-13.1796
-12.8192
-12.4504
-12.0742
-11.6913
-11.3024
-10.9075
-10.5063
-10.0982
-9.68221
-9.257
-8.821
-8.37251
-7.90978
-7.4312
-6.93545
-6.42175
-5.89009
-5.34156
-4.77858
-4.20531
-3.62778
-3.05397
-2.49351
-1.95698
-1.45498
-0.997465
-0.593633
-0.251199
0.0258475
0.238945
0.394152
0.499871
0.565004
0.597978
0.606311
0.59643
0.573647
0.542224
0.50549
0.465975
0.425542
0.385506
0.346759
0.309829
0.275022
0.242386
0.21195
0.183471
0.157137
0.132052
0.109435
0.0862387
0.0678613
0.0431404
0.0327079
-0.00364302
-15.5758
-15.5716
-15.5547
-15.5377
-15.524
-15.5191
-15.5279
-15.5572
-15.611
-15.6904
-15.7931
-15.9139
-16.0466
-16.1844
-16.3209
-16.4509
-16.57
-16.6754
-16.765
-16.8376
-16.8925
-16.9296
-16.949
-16.9506
-16.9345
-16.9004
-16.8484
-16.7781
-16.6891
-16.5812
-16.4539
-16.307
-16.1402
-15.9535
-15.7469
-15.5208
-15.2756
-15.0122
-14.7315
-14.4345
-14.1227
-13.7974
-13.4602
-13.1125
-12.7558
-12.3912
-12.0199
-11.6425
-11.2595
-10.871
-10.4765
-10.0753
-9.66629
-9.24811
-8.81911
-8.37753
-7.9216
-7.44973
-6.96064
-6.45364
-5.92886
-5.38751
-4.83221
-4.26722
-3.69855
-3.13391
-2.5823
-2.05349
-1.5577
-1.10563
-0.707446
-0.37032
-0.0962666
0.11764
0.277422
0.390496
0.464641
0.507376
0.525561
0.525181
0.511276
0.487965
0.45852
0.425473
0.390729
0.355663
0.321238
0.28806
0.256506
0.226699
0.198737
0.172425
0.147986
0.124591
0.103439
0.0816271
0.0643267
0.0409191
0.031089
-0.00348885
-15.4426
-15.4896
-15.495
-15.4845
-15.4625
-15.445
-15.4414
-15.4609
-15.5083
-15.5846
-15.6865
-15.8087
-15.9439
-16.0849
-16.225
-16.3585
-16.481
-16.5893
-16.6813
-16.7558
-16.8123
-16.8506
-16.8708
-16.8727
-16.8564
-16.822
-16.7694
-16.6983
-16.6084
-16.4995
-16.3712
-16.2232
-16.0555
-15.868
-15.6608
-15.4344
-15.1892
-14.9261
-14.6461
-14.3504
-14.0403
-13.7174
-13.383
-13.0388
-12.6861
-12.326
-11.9597
-11.5878
-11.2106
-10.8281
-10.4397
-10.0448
-9.64208
-9.2301
-8.80719
-8.37157
-7.9215
-7.45542
-6.97215
-6.4711
-5.95255
-5.41788
-4.86982
-4.31263
-3.75213
-3.19558
-2.65149
-2.12968
-1.64128
-1.19768
-0.808216
-0.477811
-0.206721
0.00823024
0.172296
0.291896
0.373922
0.425184
0.452011
0.460018
0.454006
0.437957
0.415082
0.387902
0.358347
0.327838
0.297395
0.267687
0.239155
0.211984
0.186329
0.16204
0.139377
0.117563
0.0977911
0.0772721
0.0610067
0.0388
0.0296126
-0.00343027
-15.7394
-15.641
-15.5579
-15.4932
-15.4373
-15.3949
-15.3721
-15.3776
-15.4158
-15.4867
-15.5866
-15.7088
-15.8452
-15.9879
-16.1296
-16.2645
-16.3881
-16.4971
-16.5897
-16.6645
-16.7212
-16.7594
-16.7792
-16.7807
-16.764
-16.7291
-16.6759
-16.6043
-16.5138
-16.4044
-16.2756
-16.1274
-15.9595
-15.7719
-15.565
-15.3391
-15.0947
-14.8328
-14.5544
-14.2608
-13.9532
-13.6332
-13.3023
-12.962
-12.6136
-12.2582
-11.897
-11.5303
-11.1585
-10.7816
-10.3988
-10.0094
-9.61218
-9.20555
-8.78785
-8.35731
-7.91224
-7.45113
-6.97293
-6.47716
-5.96425
-5.43566
-4.89414
-4.34379
-3.7902
-3.24049
-2.7036
-2.19025
-1.71203
-1.27934
-0.899263
-0.574878
-0.305943
-0.0897658
0.0781327
0.203401
0.292247
0.350913
0.38529
0.400675
0.401656
0.392086
0.375109
0.353228
0.328385
0.302036
0.275245
0.248732
0.222993
0.198265
0.174751
0.152345
0.131336
0.110996
0.0925122
0.0731944
0.0579096
0.0368019
0.0282632
-0.00342738
-15.2731
-15.3834
-15.3838
-15.366
-15.3209
-15.2824
-15.2647
-15.2774
-15.3231
-15.4004
-15.5037
-15.6271
-15.763
-15.9041
-16.0439
-16.1767
-16.2984
-16.4057
-16.4967
-16.5702
-16.6256
-16.6627
-16.6815
-16.682
-16.6645
-16.6287
-16.5748
-16.5026
-16.4117
-16.302
-16.1731
-16.0249
-15.8573
-15.6704
-15.4643
-15.2395
-14.9967
-14.7367
-14.4606
-14.1696
-13.8651
-13.5486
-13.2215
-12.8853
-12.5413
-12.1907
-11.8342
-11.4725
-11.1058
-10.7338
-10.356
-9.97139
-9.5788
-9.17668
-8.76335
-8.33707
-7.8962
-7.43933
-6.9655
-6.47435
-5.96635
-5.44298
-4.9069
-4.36218
-3.81459
-3.27192
-2.74389
-2.24147
-1.77521
-1.3535
-0.981622
-0.662017
-0.39463
-0.17727
-0.00604508
0.124103
0.218836
0.283928
0.324901
0.346774
0.353945
0.350144
0.338453
0.321348
0.300774
0.278211
0.254757
0.231176
0.208006
0.185532
0.163998
0.143336
0.123861
0.104888
0.0876033
0.0693994
0.0550356
0.0349367
0.0270304
-0.00345144
-16.1111
-15.613
-15.5256
-15.4111
-15.314
-15.2506
-15.2171
-15.2176
-15.2538
-15.3241
-15.4245
-15.5465
-15.6821
-15.8231
-15.9624
-16.0941
-16.214
-16.3193
-16.408
-16.4793
-16.5325
-16.5675
-16.5844
-16.5833
-16.5642
-16.5272
-16.4722
-16.3991
-16.3076
-16.1975
-16.0686
-15.9206
-15.7536
-15.5675
-15.3627
-15.1395
-14.8987
-14.641
-14.3676
-14.0797
-13.7787
-13.4659
-13.1428
-12.8108
-12.4712
-12.125
-11.7731
-11.416
-11.0537
-10.686
-10.3124
-9.93192
-9.54319
-9.14475
-8.73495
-8.31211
-7.87463
-7.4212
-6.95092
-6.46349
-5.95944
-5.44026
-4.90879
-4.36949
-3.82877
-3.29497
-2.77792
-2.28765
-1.83303
-1.42085
-1.05568
-0.739921
-0.473746
-0.255341
-0.0812624
0.0530792
0.152898
0.223577
0.270318
0.2979
0.310549
0.311887
0.304927
0.292118
0.275404
0.256278
0.235867
0.214968
0.194158
0.173758
0.154049
0.134996
0.11694
0.0992325
0.083058
0.065884
0.0523805
0.0332071
0.0259075
-0.00348682
)
;

boundaryField
{
    outlet
    {
        type            fixedValue;
        value           uniform 0;
    }
    inlet
    {
        type            zeroGradient;
    }
    lowerWall
    {
        type            zeroGradient;
    }
    upperWall
    {
        type            zeroGradient;
    }
    frontAndBack
    {
        type            empty;
    }
}


// ************************************************************************* //
