/*--------------------------------*- C++ -*----------------------------------*\
| =========                 |                                                 |
| \\      /  F ield         | OpenFOAM: The Open Source CFD Toolbox           |
|  \\    /   O peration     | Version:  2.1.1                                 |
|   \\  /    A nd           | Web:      www.OpenFOAM.org                      |
|    \\/     M anipulation  |                                                 |
\*---------------------------------------------------------------------------*/
FoamFile
{
    version     2.0;
    format      ascii;
    class       volScalarField;
    location    "0.085";
    object      p;
}
// * * * * * * * * * * * * * * * * * * * * * * * * * * * * * * * * * * * * * //

dimensions      [0 2 -2 0 0 0 0];

internalField   nonuniform List<scalar> 
6820
(
8.58986
-9.24473
-12.2503
-12.4335
-12.6004
-12.5191
-12.4521
-12.4516
-12.4832
-12.5315
-12.5877
-12.6465
-12.7052
-12.7622
-12.8166
-12.8676
-12.9145
-12.9566
-12.9928
-13.0224
-13.0442
-13.057
-13.0595
-13.05
-13.0268
-12.9876
-12.9303
-12.8517
-12.7491
-12.617
-12.4581
-12.2453
-12.0534
1.90841
-9.06383
-11.9394
-12.2355
-12.4824
-12.4971
-12.4666
-12.4773
-12.5107
-12.556
-12.6084
-12.6637
-12.7194
-12.7742
-12.8269
-12.8768
-12.923
-12.9646
-13.0007
-13.0304
-13.0524
-13.0657
-13.0689
-13.0603
-13.0382
-13.0005
-12.945
-12.8688
-12.7691
-12.6417
-12.4866
-12.2922
-12.1065
-0.806744
-7.63401
-10.9194
-11.6734
-12.1359
-12.3254
-12.3738
-12.4174
-12.4703
-12.5281
-12.5893
-12.6514
-12.7123
-12.7711
-12.8268
-12.8789
-12.9267
-12.9697
-13.007
-13.0378
-13.0612
-13.076
-13.081
-13.0749
-13.0559
-13.0223
-12.9722
-12.9033
-12.814
-12.7015
-12.5691
-12.414
-12.2802
-2.79275
-7.40743
-10.4985
-11.3538
-11.8202
-12.0889
-12.2075
-12.2954
-12.3797
-12.4584
-12.533
-12.6044
-12.6723
-12.7368
-12.7976
-12.8541
-12.906
-12.9529
-12.994
-13.0287
-13.0561
-13.0755
-13.0858
-13.0858
-13.0744
-13.0505
-13.0127
-12.9601
-12.8928
-12.8114
-12.7228
-12.6374
-12.5977
-4.42911
-7.5088
-10.1078
-11.0073
-11.5095
-11.8576
-12.0466
-12.1744
-12.2835
-12.3794
-12.4663
-12.5473
-12.6229
-12.6935
-12.7595
-12.8207
-12.877
-12.928
-12.9734
-13.0125
-13.0449
-13.0699
-13.087
-13.0954
-13.0945
-13.084
-13.0638
-13.0344
-12.9981
-12.9589
-12.9275
-12.9208
-12.9807
-5.6528
-7.69081
-9.85808
-10.7984
-11.3198
-11.6952
-11.9193
-12.0703
-12.196
-12.3051
-12.4022
-12.4911
-12.5735
-12.65
-12.721
-12.7868
-12.8473
-12.9025
-12.9521
-12.996
-13.0337
-13.0651
-13.0897
-13.1075
-13.1184
-13.123
-13.1221
-13.1179
-13.1142
-13.1175
-13.1405
-13.2003
-13.3352
-6.60473
-7.97849
-9.7421
-10.6453
-11.1545
-11.5383
-11.7928
-11.9696
-12.1137
-12.237
-12.3445
-12.4414
-12.5302
-12.612
-12.6877
-12.7577
-12.8224
-12.8818
-12.9358
-12.9844
-13.0275
-13.065
-13.097
-13.1238
-13.1458
-13.1642
-13.1806
-13.198
-13.2212
-13.2575
-13.3191
-13.4213
-13.5931
-7.35215
-8.28611
-9.69248
-10.5312
-11.029
-11.4146
-11.6883
-11.8827
-12.0394
-12.1727
-12.2886
-12.3923
-12.487
-12.574
-12.6545
-12.7291
-12.7982
-12.8619
-12.9205
-12.9741
-13.0227
-13.0666
-13.1061
-13.1419
-13.1748
-13.2063
-13.2387
-13.2754
-13.3217
-13.3844
-13.4746
-13.6047
-13.7952
-7.94603
-8.59141
-9.70442
-10.4631
-10.9386
-11.3129
-11.5933
-11.7998
-11.967
-12.1098
-12.234
-12.3448
-12.4455
-12.5379
-12.6232
-12.7024
-12.7759
-12.8441
-12.9074
-12.966
-13.0202
-13.0706
-13.1176
-13.1621
-13.2053
-13.2491
-13.296
-13.3494
-13.4144
-13.4975
-13.6074
-13.7537
-13.9502
-8.42421
-8.87878
-9.75445
-10.4246
-10.8714
-11.2302
-11.5118
-11.7267
-11.9021
-12.0523
-12.1832
-12.2999
-12.4059
-12.5032
-12.5931
-12.6766
-12.7545
-12.8272
-12.8952
-12.9589
-13.0188
-13.0755
-13.1297
-13.1826
-13.2355
-13.2904
-13.3499
-13.4174
-13.4973
-13.5952
-13.718
-13.8726
-14.0677
-8.81364
-9.14052
-9.8288
-10.4121
-10.8267
-11.1665
-11.4433
-11.6615
-11.842
-11.9976
-12.1342
-12.2564
-12.3674
-12.4695
-12.564
-12.6521
-12.7344
-12.8117
-12.8844
-12.9532
-13.0187
-13.0817
-13.1429
-13.2036
-13.2654
-13.3302
-13.4004
-13.4792
-13.5706
-13.6788
-13.8091
-13.9661
-14.1552
-9.13395
-9.37431
-9.91659
-10.4185
-10.7986
-11.1173
-11.3854
-11.6039
-11.7875
-11.9474
-12.0887
-12.2156
-12.3312
-12.4378
-12.5366
-12.6289
-12.7156
-12.7973
-12.8747
-12.9485
-13.0194
-13.0882
-13.156
-13.2239
-13.2936
-13.3668
-13.4459
-13.5337
-13.6332
-13.7481
-13.8818
-14.0375
-14.218
-9.39948
-9.58022
-10.0097
-10.4387
-10.7839
-11.081
-11.3381
-11.5541
-11.7387
-11.9011
-12.046
-12.1769
-12.2966
-12.4073
-12.5103
-12.6068
-12.6977
-12.7838
-12.8659
-12.9445
-13.0206
-13.0951
-13.1689
-13.2433
-13.3199
-13.4003
-13.4866
-13.5811
-13.6863
-13.8048
-13.9391
-14.091
-14.2617
-9.62081
-9.7597
-10.1025
-10.468
-10.7794
-11.0548
-11.2995
-11.5108
-11.6949
-11.8588
-12.0064
-12.1407
-12.2641
-12.3786
-12.4856
-12.5861
-12.6812
-12.7715
-12.8579
-12.9412
-13.0222
-13.1018
-13.1811
-13.2612
-13.3437
-13.4299
-13.5217
-13.621
-13.7297
-13.8496
-13.9824
-14.129
-14.2897
-9.80578
-9.91476
-10.1912
-10.5025
-10.7821
-11.0367
-11.2684
-11.4737
-11.6561
-11.8204
-11.9698
-12.1069
-12.2335
-12.3516
-12.4622
-12.5666
-12.6656
-12.76
-12.8506
-12.9383
-13.0238
-13.1082
-13.1923
-13.2775
-13.3648
-13.4557
-13.5516
-13.6541
-13.7646
-13.8843
-14.0142
-14.1547
-14.3055
-9.96026
-10.0475
-10.273
-10.539
-10.7897
-11.0246
-11.2433
-11.4419
-11.6215
-11.7854
-11.9362
-12.0754
-12.205
-12.3262
-12.4404
-12.5484
-12.6511
-12.7494
-12.844
-12.9357
-13.0254
-13.114
-13.2024
-13.2917
-13.383
-13.4774
-13.5762
-13.6805
-13.7914
-13.9097
-14.0358
-14.1699
-14.3113
-10.0886
-10.1598
-10.3462
-10.5748
-10.7997
-11.0165
-11.2228
-11.4143
-11.5907
-11.7538
-11.9052
-12.0463
-12.1784
-12.3026
-12.42
-12.5314
-12.6377
-12.7396
-12.8379
-12.9334
-13.0268
-13.1192
-13.2112
-13.304
-13.3983
-13.4954
-13.596
-13.701
-13.8113
-13.9273
-14.0493
-14.1769
-14.3095
-10.1942
-10.2534
-10.4098
-10.6079
-10.8103
-11.0108
-11.2057
-11.3902
-11.563
-11.725
-11.8768
-12.0194
-12.1537
-12.2807
-12.401
-12.5156
-12.6252
-12.7305
-12.8322
-12.9311
-13.0279
-13.1235
-13.2186
-13.314
-13.4107
-13.5094
-13.6109
-13.7159
-13.8248
-13.938
-14.0554
-14.1766
-14.3013
-10.2795
-10.3296
-10.463
-10.6365
-10.8198
-11.006
-11.1905
-11.3685
-11.5379
-11.6985
-11.8506
-11.9946
-12.1309
-12.2604
-12.3836
-12.5013
-12.614
-12.7224
-12.8272
-12.9292
-13.0289
-13.1272
-13.2248
-13.3224
-13.4207
-13.5204
-13.6221
-13.7263
-13.8333
-13.9433
-14.056
-14.1713
-14.2886
-10.3462
-10.3895
-10.5053
-10.6592
-10.8266
-11.0005
-11.1761
-11.3483
-11.5145
-11.674
-11.8263
-11.9715
-12.1098
-12.2417
-12.3675
-12.488
-12.6036
-12.7149
-12.8226
-12.9272
-13.0294
-13.13
-13.2295
-13.3286
-13.4279
-13.5279
-13.6292
-13.732
-13.8367
-13.9431
-14.0513
-14.1609
-14.2713
-10.3957
-10.4338
-10.5363
-10.6749
-10.8294
-10.9932
-11.1613
-11.3286
-11.4923
-11.6508
-11.8036
-11.9501
-12.0904
-12.2246
-12.3532
-12.4763
-12.5947
-12.7087
-12.8189
-12.9259
-13.0304
-13.1328
-13.2338
-13.3339
-13.4337
-13.5335
-13.6339
-13.735
-13.837
-13.94
-14.0437
-14.1478
-14.252
-10.4286
-10.4629
-10.5555
-10.6825
-10.8269
-10.9828
-11.145
-11.3086
-11.4704
-11.6285
-11.7819
-11.9299
-12.0722
-12.2088
-12.3399
-12.4656
-12.5865
-12.7029
-12.8154
-12.9244
-13.0306
-13.1344
-13.2363
-13.337
-13.4367
-13.5359
-13.6349
-13.734
-13.8331
-13.9323
-14.0316
-14.1306
-14.229
-10.4455
-10.477
-10.5625
-10.6811
-10.818
-10.9681
-11.1262
-11.2874
-11.4483
-11.6068
-11.7615
-11.9114
-12.056
-12.1951
-12.3288
-12.4572
-12.5805
-12.6993
-12.8139
-12.9248
-13.0324
-13.1373
-13.2399
-13.3407
-13.44
-13.5383
-13.6357
-13.7324
-13.8286
-13.9242
-14.0191
-14.1132
-14.2062
-10.4461
-10.4759
-10.5566
-10.6695
-10.8016
-10.9481
-11.1038
-11.264
-11.4251
-11.5846
-11.741
-11.8931
-12.0402
-12.1819
-12.3182
-12.4491
-12.5748
-12.6956
-12.812
-12.9243
-13.033
-13.1385
-13.2413
-13.3418
-13.4403
-13.5372
-13.6326
-13.7268
-13.8198
-13.9116
-14.0023
-14.0916
-14.1795
-10.4302
-10.4589
-10.537
-10.647
-10.7767
-10.9218
-11.0773
-11.2382
-11.4009
-11.5628
-11.7219
-11.8771
-12.0273
-12.1721
-12.3114
-12.445
-12.5731
-12.6961
-12.8142
-12.9279
-13.0375
-13.1435
-13.2463
-13.3463
-13.4438
-13.539
-13.6323
-13.7238
-13.8135
-13.9017
-13.9881
-14.0728
-14.1558
-10.3968
-10.4253
-10.5026
-10.6121
-10.7419
-10.8878
-11.0449
-11.2081
-11.3736
-11.5386
-11.7012
-11.8597
-12.0133
-12.1614
-12.3035
-12.4398
-12.5702
-12.695
-12.8146
-12.9293
-13.0394
-13.1455
-13.2479
-13.3469
-13.4429
-13.5362
-13.6271
-13.7156
-13.8019
-13.8862
-13.9685
-14.0487
-14.1269
-10.3447
-10.3737
-10.4523
-10.5639
-10.6966
-10.8461
-11.0075
-11.1755
-11.346
-11.5162
-11.6838
-11.8472
-12.0053
-12.1574
-12.3031
-12.4425
-12.5754
-12.7023
-12.8234
-12.939
-13.0497
-13.1557
-13.2574
-13.3553
-13.4497
-13.5409
-13.6291
-13.7146
-13.7975
-13.8779
-13.9559
-14.0316
-14.1049
-10.272
-10.3021
-10.3841
-10.5002
-10.6381
-10.7934
-10.9608
-11.135
-11.3116
-11.4878
-11.661
-11.8297
-11.9925
-12.1488
-12.2982
-12.4406
-12.5761
-12.7048
-12.8272
-12.9435
-13.0543
-13.1598
-13.2606
-13.3571
-13.4495
-13.5382
-13.6235
-13.7057
-13.7849
-13.8613
-13.9351
-14.0063
-14.0751
-10.1761
-10.2085
-10.2965
-10.4208
-10.5681
-10.7335
-10.9113
-11.0956
-11.282
-11.467
-11.6483
-11.8241
-11.9931
-12.1547
-12.3085
-12.4545
-12.5927
-12.7234
-12.847
-12.9639
-13.0746
-13.1795
-13.2791
-13.3738
-13.464
-13.5501
-13.6323
-13.711
-13.7863
-13.8585
-13.9278
-13.9942
-14.058
-10.0535
-10.0889
-10.1849
-10.3196
-10.4779
-10.6547
-10.844
-11.0394
-11.2363
-11.4312
-11.6214
-11.8051
-11.9811
-12.1486
-12.3073
-12.4571
-12.5982
-12.731
-12.8559
-12.9733
-13.0838
-13.1878
-13.2859
-13.3786
-13.4663
-13.5493
-13.6281
-13.7031
-13.7744
-13.8423
-13.9071
-13.969
-14.0281
-9.90004
-9.94074
-10.0507
-10.2036
-10.3814
-10.5778
-10.786
-10.9986
-11.2108
-11.4189
-11.6206
-11.8139
-11.9978
-12.1718
-12.3355
-12.4892
-12.6331
-12.7677
-12.8934
-13.0109
-13.1207
-13.2234
-13.3196
-13.4098
-13.4945
-13.5741
-13.6491
-13.7199
-13.7867
-13.8499
-13.9096
-13.9662
-14.0197
-9.70814
-9.75362
-9.87767
-10.0481
-10.2439
-10.4592
-10.6866
-10.918
-11.1477
-11.3719
-11.5877
-11.7933
-11.9875
-12.1698
-12.3402
-12.4989
-12.6464
-12.7833
-12.9102
-13.0278
-13.1369
-13.2382
-13.3322
-13.4198
-13.5013
-13.5773
-13.6483
-13.7147
-13.777
-13.8354
-13.8904
-13.9421
-13.991
-9.47262
-9.5328
-9.68976
-9.89841
-10.1302
-10.3783
-10.6344
-10.8902
-11.1403
-11.3815
-11.6114
-11.8284
-12.0318
-12.2214
-12.3973
-12.5599
-12.71
-12.8481
-12.9753
-13.0922
-13.1997
-13.2986
-13.3897
-13.4736
-13.551
-13.6225
-13.6885
-13.7497
-13.8064
-13.8589
-13.9078
-13.9532
-13.9954
-9.17121
-9.23385
-9.41092
-9.64643
-9.90915
-10.1925
-10.485
-10.7747
-11.0554
-11.3232
-11.5755
-11.8109
-12.0289
-12.2297
-12.4139
-12.5823
-12.7361
-12.8764
-13.0041
-13.1205
-13.2265
-13.3231
-13.4112
-13.4916
-13.565
-13.6321
-13.6935
-13.7497
-13.8012
-13.8485
-13.892
-13.9321
-13.9694
-8.81424
-8.93224
-9.19496
-9.50184
-9.8159
-10.1401
-10.4658
-10.7824
-11.0853
-11.372
-11.6401
-11.8885
-12.1171
-12.3261
-12.5163
-12.6887
-12.8447
-12.9853
-13.112
-13.2261
-13.3287
-13.4211
-13.5042
-13.5789
-13.6462
-13.7067
-13.7612
-13.8102
-13.8542
-13.8937
-13.9292
-13.9611
-13.9901
-8.28883
-8.38066
-8.68113
-9.05596
-9.45111
-9.85922
-10.2598
-10.6389
-10.993
-11.32
-11.619
-11.8904
-12.1355
-12.3562
-12.5541
-12.7314
-12.8898
-13.0312
-13.1573
-13.2697
-13.3698
-13.459
-13.5384
-13.609
-13.6718
-13.7274
-13.7767
-13.8202
-13.8583
-13.8918
-13.9209
-13.9466
-13.9695
-7.79725
-8.12044
-8.5905
-9.01277
-9.42742
-9.8617
-10.2873
-10.6908
-11.0706
-11.4228
-11.7445
-12.0353
-12.2959
-12.5277
-12.7329
-12.9136
-13.0723
-13.2113
-13.3328
-13.4389
-13.5315
-13.6121
-13.6823
-13.7433
-13.7961
-13.8417
-13.8808
-13.9139
-13.9414
-13.9638
-13.9813
-13.9947
-14.0041
-6.49719
-6.81992
-7.59536
-8.29861
-8.93984
-9.55221
-10.1037
-10.5939
-11.0333
-11.4255
-11.774
-12.0831
-12.3564
-12.5973
-12.8089
-12.9941
-13.1556
-13.2959
-13.4174
-13.5223
-13.6125
-13.6899
-13.7561
-13.8123
-13.8599
-13.8996
-13.9323
-13.9583
-13.9779
-13.9912
-13.9974
-13.9977
-13.9877
-6.4869
-7.23287
-7.8401
-8.31112
-8.91627
-9.5561
-10.154
-10.7125
-11.2254
-11.682
-12.0813
-12.4268
-12.7226
-12.9735
-13.1848
-13.3616
-13.5088
-13.6307
-13.7313
-13.8139
-13.8815
-13.9364
-13.9808
-14.0164
-14.0447
-14.0666
-14.083
-14.0944
-14.1005
-14.1004
-14.0913
-14.0701
-14.0228
-0.237886
-4.84654
-6.63321
-7.48776
-8.49501
-9.37745
-10.0856
-10.7023
-11.2438
-11.7104
-12.1111
-12.4541
-12.7456
-12.9918
-13.1986
-13.3714
-13.5151
-13.6339
-13.7317
-13.8119
-13.8772
-13.93
-13.9726
-14.0065
-14.0333
-14.0541
-14.0701
-14.0818
-14.0903
-14.0951
-14.099
-14.0968
-14.1
-11.4883
-12.4692
-15.0733
-17.9081
-20.2461
-21.5888
-22.0223
-21.9592
-21.4461
-19.9434
-17.1107
-13.4932
-10.2316
-8.36057
-8.29993
-9.94499
-12.9955
-17.1328
-22.0013
-27.2819
-32.629
-37.6025
-41.7134
-44.5071
-45.6479
-44.9466
-42.4074
-38.255
-32.9175
-27.0464
-21.2793
-15.7664
-10.2935
-5.00775
-0.622279
2.35589
3.97475
4.39982
3.68787
1.50811
-2.79804
-9.5141
-18.1018
-27.3697
-36.0877
-43.3178
-48.3912
-50.8215
-50.3583
-46.9547
-41.0792
-33.6903
-26.0546
-19.2346
-13.6985
-9.42447
-6.20348
-3.81584
-2.0753
-0.829566
0.0431949
0.63836
1.02948
1.2727
1.41051
1.47471
1.48887
1.4702
1.43101
1.37995
1.32284
1.26344
1.20404
1.14589
1.08958
1.03527
0.982878
0.932179
0.882868
0.834613
0.787098
0.740067
0.693365
0.646961
0.600955
0.555551
0.510994
0.46757
0.425435
0.384761
0.345311
0.307297
0.269695
0.233872
0.196151
0.163495
0.120561
0.0992301
0.031217
0.0625865
-11.7587
-12.5839
-14.9947
-17.7109
-19.9622
-21.3421
-21.8932
-21.9055
-21.3652
-19.8306
-17.1087
-13.7975
-10.9244
-9.30823
-9.25034
-10.7375
-13.5404
-17.3038
-21.7064
-26.4427
-31.1951
-35.605
-39.2609
-41.7525
-42.7645
-42.1147
-39.8066
-36.0503
-31.2449
-25.9569
-20.6758
-15.4808
-10.2297
-5.1734
-1.02337
1.78262
3.31234
3.71462
3.01756
0.983894
-2.90788
-8.95678
-16.7732
-25.3497
-33.535
-40.3828
-45.202
-47.5101
-47.0761
-43.8983
-38.476
-31.7413
-24.8256
-18.6163
-13.4978
-9.47014
-6.38089
-4.05595
-2.33735
-1.08991
-0.202356
0.414184
0.829392
1.09718
1.25878
1.34533
1.38004
1.37993
1.35724
1.3206
1.27588
1.22692
1.17616
1.12503
1.07429
1.02431
0.975204
0.926944
0.879398
0.832403
0.785783
0.739396
0.693179
0.647163
0.601479
0.556349
0.512017
0.468754
0.426714
0.386069
0.346586
0.308497
0.270779
0.234841
0.19695
0.16421
0.120992
0.0997572
0.0311793
0.0631217
-12.1902
-13.105
-15.2359
-17.6586
-19.7101
-21.0298
-21.5919
-21.5792
-20.9613
-19.4318
-16.9549
-14.1084
-11.727
-10.4303
-10.4399
-11.7288
-14.1877
-17.5648
-21.5361
-25.7849
-29.9989
-33.859
-37.0345
-39.1894
-40.0476
-39.4356
-37.3561
-33.9982
-29.7156
-24.9706
-20.1158
-15.1969
-10.1662
-5.37363
-1.49118
1.13207
2.57263
2.95549
2.28676
0.383055
-3.14148
-8.5587
-15.5888
-23.4072
-30.9794
-37.3819
-41.9122
-44.0924
-43.709
-40.8057
-35.8956
-29.8512
-23.65
-18.0235
-13.3
-9.50943
-6.55127
-4.29152
-2.59775
-1.35096
-0.450269
0.186642
0.625462
0.917727
1.10329
1.21252
1.26818
1.28705
1.28128
1.25943
1.22743
1.1892
1.14731
1.10337
1.05835
1.01281
0.967087
0.921341
0.875625
0.829939
0.784247
0.738529
0.692813
0.647195
0.601844
0.556999
0.512906
0.469829
0.427911
0.387319
0.347823
0.309669
0.271837
0.235777
0.197714
0.164875
0.121405
0.100225
0.0312111
0.0635129
-12.6955
-13.5623
-15.3537
-17.4351
-19.2285
-20.4095
-20.9222
-20.8598
-20.198
-18.7868
-16.7006
-14.4189
-12.561
-11.5779
-11.6506
-12.7773
-14.8952
-17.8522
-21.3955
-25.2063
-28.9619
-32.357
-35.1004
-36.9266
-37.6202
-37.0284
-35.1584
-32.1727
-28.3635
-24.0826
-19.5765
-14.8961
-10.1019
-5.61369
-2.02073
0.418517
1.77429
2.14043
1.50855
-0.27344
-3.47423
-8.30634
-14.5663
-21.5922
-28.4892
-34.3907
-38.6011
-40.6513
-40.3465
-37.7682
-33.4152
-28.0677
-22.5469
-17.4601
-13.1044
-9.54114
-6.71371
-4.52182
-2.85585
-1.61216
-0.700103
-0.0439282
0.417939
0.734527
0.944182
1.07638
1.15337
1.19165
1.2032
1.19653
1.17758
1.15038
1.11763
1.0811
1.04197
1.00102
0.95879
0.915639
0.87181
0.827474
0.782741
0.737714
0.692512
0.647298
0.60228
0.557713
0.513848
0.470942
0.42913
0.388577
0.349059
0.310838
0.272901
0.236725
0.198508
0.165563
0.121866
0.100674
0.0313262
0.0637321
-13.2023
-13.982
-15.4142
-17.0864
-18.5411
-19.5131
-19.9363
-19.8479
-19.2478
-18.0854
-16.4548
-14.7069
-13.2938
-12.5667
-12.7011
-13.7163
-15.5572
-18.116
-21.2189
-24.61
-27.9738
-30.9991
-33.4106
-34.9813
-35.5321
-34.9516
-33.2567
-30.5847
-27.1637
-23.2485
-19.0205
-14.5642
-10.0438
-5.89771
-2.60264
-0.342434
0.933431
1.28382
0.693306
-0.967266
-3.88199
-8.18952
-13.7291
-19.9688
-26.1562
-31.5125
-35.3743
-37.2944
-37.095
-34.8766
-31.0939
-26.4146
-21.5202
-16.9258
-12.9115
-9.56647
-6.869
-4.74709
-3.1116
-1.8734
-0.951751
-0.277447
0.206887
0.547635
0.781506
0.936978
1.0357
1.09381
1.12309
1.13198
1.12643
1.11054
1.08714
1.05821
1.02511
0.988855
0.950188
0.909689
0.867793
0.824838
0.781088
0.736764
0.692084
0.647277
0.602593
0.558309
0.514678
0.471955
0.430264
0.389771
0.350252
0.311978
0.273945
0.237653
0.199284
0.166218
0.122323
0.101065
0.0315079
0.0637981
-13.6186
-14.2919
-15.4028
-16.6913
-17.8383
-18.6434
-19.0171
-18.964
-18.4872
-17.574
-16.3144
-14.975
-13.9007
-13.3734
-13.5516
-14.4716
-16.0914
-18.3165
-21.0072
-23.9704
-26.9508
-29.6571
-31.8144
-33.2043
-33.6679
-33.1196
-31.5781
-29.1587
-26.0374
-22.4035
-18.414
-14.2041
-10.0091
-6.22866
-3.22478
-1.13409
0.0657742
0.401181
-0.147065
-1.68524
-4.34197
-8.18941
-13.0815
-18.5817
-24.0639
-28.8549
-32.3519
-34.1441
-34.0657
-32.2133
-28.9749
-24.9049
-20.5701
-16.4192
-12.7215
-9.58586
-7.01733
-4.96726
-3.36483
-2.13446
-1.20501
-0.513737
-0.00754817
0.357175
0.615377
0.794423
0.915271
0.993638
1.04107
1.06591
1.07409
1.06979
1.05599
1.03484
1.00793
0.97647
0.941454
0.903666
0.863742
0.822197
0.779446
0.735839
0.691688
0.647292
0.602943
0.558938
0.515535
0.472986
0.431409
0.390966
0.35144
0.313111
0.274984
0.238579
0.200072
0.166875
0.122813
0.101427
0.0317696
0.0636999
-13.8958
-14.4837
-15.3733
-16.3979
-17.3308
-18.002
-18.3285
-18.2982
-17.9157
-17.1949
-16.2232
-15.2052
-14.4035
-14.0423
-14.2571
-15.0896
-16.5145
-18.4523
-20.7782
-23.3321
-25.9132
-28.2853
-30.2
-31.4382
-31.8485
-31.3542
-29.9605
-27.7554
-24.879
-21.491
-17.7532
-13.8443
-10.0184
-6.60391
-3.87275
-1.9411
-0.815493
-0.494893
-1.00102
-2.41677
-4.83362
-8.27666
-12.6009
-17.4373
-22.2613
-26.5033
-29.639
-31.3053
-31.342
-29.8255
-27.0713
-23.5334
-19.6899
-15.938
-12.5348
-9.6004
-7.15941
-5.18262
-3.61557
-2.39531
-1.45981
-0.752729
-0.225298
0.163218
0.445874
0.648809
0.792199
0.891271
0.957293
0.998466
1.02071
1.02827
1.02428
1.01107
0.990445
0.963871
0.932557
0.897515
0.859584
0.819461
0.777717
0.734828
0.691205
0.647217
0.6032
0.559471
0.516299
0.47393
0.432478
0.392101
0.352585
0.314216
0.276009
0.239492
0.200855
0.167512
0.123313
0.101736
0.0320997
0.0634427
-14.0993
-14.6193
-15.3472
-16.169
-16.9185
-17.469
-17.7516
-17.7465
-17.4577
-16.9071
-16.1723
-15.4123
-14.8297
-14.6035
-14.8483
-15.6052
-16.8587
-18.5432
-20.5492
-22.7364
-24.9362
-26.9574
-28.5975
-29.6633
-30.0113
-29.5584
-28.2954
-26.2859
-23.6457
-20.5227
-17.0864
-13.53
-10.0857
-7.01445
-4.53224
-2.75031
-1.69841
-1.39242
-1.85615
-3.15123
-5.34131
-8.42276
-12.2517
-16.5086
-20.7482
-24.4891
-27.2856
-28.8254
-28.9509
-27.7155
-25.3694
-22.286
-18.8724
-15.481
-12.3525
-9.61119
-7.29588
-5.39348
-3.86396
-2.65595
-1.71612
-0.994371
-0.4463
-0.0341585
0.273095
0.500257
0.666623
0.786863
0.871913
0.929811
0.966443
0.986137
0.992158
0.987035
0.972817
0.951199
0.923633
0.891364
0.855441
0.816745
0.776008
0.733836
0.69074
0.647157
0.603467
0.560012
0.517065
0.474871
0.43354
0.393224
0.353715
0.315302
0.277018
0.24039
0.201635
0.168135
0.123831
0.102004
0.0325047
0.0630247
-14.243
-14.7012
-15.3023
-15.9672
-16.5788
-17.0402
-17.2915
-17.3104
-17.1001
-16.6871
-16.1407
-15.5863
-15.1802
-15.0634
-15.3314
-16.0222
-17.1261
-18.5902
-20.3198
-22.1909
-24.0568
-25.7549
-27.1188
-27.9916
-28.247
-27.8039
-26.6459
-24.8192
-22.4224
-19.5918
-16.4893
-13.2951
-10.2094
-7.44666
-5.19062
-3.55083
-2.57202
-2.28032
-2.70077
-3.87794
-5.85323
-8.60574
-11.9975
-15.7498
-19.4812
-22.7818
-25.2698
-26.6811
-26.8626
-25.8494
-23.8407
-21.1454
-18.1112
-15.0477
-12.1758
-9.61949
-7.42763
-5.60037
-4.11028
-2.91654
-1.97402
-1.2387
-0.670553
-0.234918
0.0971147
0.34888
0.538695
0.680593
0.785128
0.86015
0.911499
0.943574
0.959789
0.962882
0.955142
0.938519
0.914717
0.885221
0.851295
0.814014
0.774271
0.732803
0.69022
0.647032
0.603664
0.560477
0.517755
0.475741
0.434539
0.394298
0.35481
0.316369
0.27802
0.241285
0.202421
0.168749
0.124371
0.102226
0.0329822
0.0624443
-14.3438
-14.7486
-15.2519
-15.7974
-16.3005
-16.6874
-16.9101
-16.9488
-16.8073
-16.5115
-16.1202
-15.7316
-15.4668
-15.437
-15.7208
-16.3522
-17.3246
-18.595
-20.0836
-21.6829
-23.2648
-24.6888
-25.8146
-26.51
-26.6658
-26.2151
-25.1429
-23.4854
-21.3256
-18.783
-16.0014
-13.1405
-10.3743
-7.88635
-5.83755
-4.3332
-3.4259
-3.14773
-3.52426
-4.58694
-6.35982
-8.81057
-11.8107
-15.1173
-18.4031
-21.317
-23.5315
-24.809
-25.0205
-24.1834
-22.4574
-20.0989
-17.4028
-14.6384
-12.0061
-9.6266
-7.55562
-5.80393
-4.35495
-3.17735
-2.23368
-1.48582
-0.898111
-0.439052
-0.0819977
0.194805
0.408587
0.572669
0.69717
0.789722
0.85611
0.900804
0.927378
0.938791
0.937585
0.925978
0.90594
0.879199
0.847249
0.811357
0.772584
0.731799
0.689714
0.646908
0.60385
0.560925
0.518423
0.476584
0.435508
0.395338
0.355872
0.3174
0.27899
0.242147
0.203188
0.169332
0.124917
0.102394
0.0335289
0.061702
-14.4122
-14.7703
-15.1962
-15.6486
-16.0671
-16.3964
-16.5986
-16.6565
-16.5735
-16.3732
-16.1053
-15.8474
-15.6936
-15.7315
-16.0244
-16.6018
-17.4587
-18.5594
-19.8372
-21.2002
-22.5385
-23.7312
-24.6572
-25.2032
-25.278
-24.8252
-23.8315
-22.3274
-20.3832
-18.1018
-15.6085
-13.0442
-10.5622
-8.32195
-6.46469
-5.08891
-4.2506
-3.9851
-4.31788
-5.27026
-6.85338
-9.02736
-11.6737
-14.5814
-17.4698
-20.0373
-21.9995
-23.1522
-23.3783
-22.6857
-21.2018
-19.1387
-16.745
-14.2536
-11.8447
-9.63387
-7.68095
-6.00501
-4.59858
-3.43883
-2.49544
-1.73597
-1.12911
-0.646605
-0.264198
0.0381538
0.276488
0.463328
0.608306
0.718805
0.800548
0.858081
0.895151
0.914953
0.920301
0.913694
0.897381
0.87335
0.843324
0.808776
0.770933
0.7308
0.689187
0.646745
0.603986
0.561317
0.519034
0.477375
0.436433
0.396347
0.356917
0.318427
0.27997
0.243022
0.203978
0.169921
0.125498
0.102526
0.0341555
0.0607952
-14.4555
-14.7735
-15.138
-15.5186
-15.8714
-16.1554
-16.341
-16.4147
-16.38
-16.2578
-16.089
-15.9349
-15.8683
-15.9577
-16.2539
-16.7814
-17.5361
-18.4879
-19.5812
-20.7379
-21.8643
-22.8573
-23.6126
-24.0343
-24.0455
-23.5979
-22.6796
-21.3157
-19.566
-17.5188
-15.2838
-12.9857
-10.76
-8.74529
-7.06532
-5.81079
-5.03837
-4.78475
-5.0746
-5.92187
-7.32798
-9.24884
-11.5755
-14.1248
-16.6564
-18.9112
-20.645
-21.6797
-21.9106
-21.338
-20.0629
-18.2594
-16.1362
-13.8937
-11.6928
-9.64269
-7.80488
-6.2046
-4.84196
-3.7016
-2.75978
-1.9895
-1.36377
-0.857678
-0.449469
-0.120947
0.142611
0.352844
0.518844
0.647722
0.745133
0.815707
0.863382
0.891611
0.903497
0.901843
0.889188
0.867792
0.839619
0.806348
0.769379
0.729851
0.688675
0.646572
0.604093
0.561666
0.519594
0.478109
0.437299
0.397295
0.3579
0.319394
0.280893
0.243841
0.204727
0.170459
0.12607
0.10259
0.0348453
0.0597215
-14.4806
-14.764
-15.0795
-15.4038
-15.7054
-15.954
-16.1273
-16.2148
-16.2199
-16.1605
-16.0699
-15.9963
-15.9963
-16.1232
-16.4172
-16.8978
-17.5618
-18.3838
-19.3164
-20.2938
-21.2363
-22.0563
-22.6652
-22.9822
-22.9419
-22.5033
-21.6554
-20.4192
-18.8452
-17.0097
-15.0088
-12.9524
-10.9594
-9.15059
-7.63425
-6.49335
-5.78341
-5.541
-5.78927
-6.53725
-7.779
-9.469
-11.5076
-13.7357
-15.9475
-17.9211
-19.448
-20.3719
-20.5999
-20.1267
-19.0312
-17.4556
-15.5742
-13.5587
-11.5517
-9.65455
-7.92881
-6.40392
-5.08611
-3.96649
-3.02737
-2.24692
-1.60245
-1.07245
-0.637828
-0.282377
0.00718686
0.241529
0.429145
0.576849
0.690232
0.774023
0.832375
0.869023
0.887385
0.890588
0.881483
0.862609
0.836186
0.804104
0.767935
0.728956
0.688178
0.646385
0.604171
0.56198
0.520119
0.478815
0.438148
0.398238
0.358894
0.320383
0.281851
0.244697
0.205522
0.171023
0.126695
0.102628
0.0356253
0.0584822
-14.4911
-14.7452
-15.021
-15.3013
-15.5631
-15.7842
-15.9479
-16.0466
-16.0836
-16.0737
-16.0442
-16.0327
-16.0828
-16.2359
-16.5233
-16.9602
-17.5435
-18.2515
-19.0442
-19.866
-20.6495
-21.3206
-21.8044
-22.0327
-21.9504
-21.5228
-20.7402
-19.6201
-18.2055
-16.5622
-14.7738
-12.9367
-11.155
-9.53368
-8.16783
-7.13282
-6.48167
-6.24974
-6.45828
-7.11311
-8.20294
-9.6828
-11.4623
-13.403
-15.3292
-17.0505
-18.39
-19.2103
-19.4298
-19.0385
-18.0975
-16.7221
-15.0571
-13.2488
-11.4224
-9.67099
-8.0543
-6.6044
-5.3323
-4.23461
-3.29912
-2.50895
-1.84563
-1.29119
-0.829339
-0.446019
-0.129524
0.129741
0.339624
0.506625
0.636277
0.733434
0.802493
0.847504
0.87223
0.880148
0.874438
0.857937
0.833125
0.802112
0.766646
0.728138
0.687698
0.646173
0.604194
0.56222
0.520558
0.479426
0.438898
0.399082
0.359789
0.321275
0.28272
0.245467
0.20625
0.171513
0.127293
0.102585
0.036461
0.0570671
-14.4912
-14.7202
-14.964
-15.2096
-15.4402
-15.6397
-15.7959
-15.9034
-15.9654
-15.9942
-16.0114
-16.0465
-16.133
-16.3027
-16.5796
-16.9753
-17.4866
-18.0947
-18.7658
-19.4531
-20.0997
-20.6432
-21.0206
-21.1745
-21.0588
-20.644
-19.9222
-18.9077
-17.6375
-16.168
-14.5719
-12.9331
-11.3426
-9.89156
-8.66362
-7.72671
-7.13041
-6.90819
-7.07923
-7.64713
-8.59722
-9.88628
-11.4329
-13.117
-14.7882
-16.2841
-17.454
-18.1783
-18.3849
-18.0611
-17.2531
-16.0538
-14.5829
-12.964
-11.3063
-9.69364
-8.18308
-6.80772
-5.58207
-4.50735
-3.57622
-2.77651
-2.09399
-1.51429
-1.02412
-0.611766
-0.267237
0.01789
0.25076
0.437552
0.583758
0.694392
0.774136
0.827393
0.858309
0.870741
0.868218
0.853895
0.830522
0.800433
0.765555
0.727433
0.687272
0.645978
0.604215
0.562452
0.520992
0.480043
0.439668
0.39996
0.360735
0.322229
0.283662
0.246309
0.207055
0.172056
0.127966
0.102531
0.0374008
0.0554851
-14.4828
-14.6905
-14.9082
-15.1261
-15.3322
-15.5146
-15.6647
-15.7788
-15.8598
-15.9179
-15.97
-16.0392
-16.151
-16.3296
-16.5931
-16.95
-17.3968
-17.9173
-18.4829
-19.0541
-19.5832
-20.0179
-20.3053
-20.3975
-20.2557
-19.8555
-19.1901
-18.2718
-17.132
-15.8193
-14.3965
-12.9367
-11.5188
-10.2222
-9.12019
-8.27358
-7.72806
-7.51471
-7.65069
-8.13789
-8.96012
-10.0765
-11.4143
-12.8694
-14.3133
-15.6081
-16.625
-17.2608
-17.4519
-17.1835
-16.4902
-15.4463
-14.1497
-12.7044
-11.2043
-9.7242
-8.31707
-7.01586
-5.83734
-4.78644
-3.86018
-3.05084
-2.34839
-1.74228
-1.22237
-0.77952
-0.405628
-0.0935479
0.163118
0.370226
0.533259
0.657439
0.747782
0.809097
0.845958
0.862633
0.863028
0.850631
0.828474
0.799121
0.764679
0.726827
0.686857
0.645733
0.604144
0.562565
0.521291
0.480515
0.440288
0.400687
0.361532
0.323039
0.28447
0.247025
0.207759
0.172497
0.128587
0.102381
0.0383887
0.0537149
-14.4684
-14.658
-14.8542
-15.05
-15.2365
-15.4052
-15.5499
-15.6684
-15.7633
-15.8428
-15.9203
-16.0133
-16.1413
-16.3226
-16.5705
-16.8908
-17.2798
-17.7235
-18.1976
-18.6691
-19.0978
-19.4401
-19.6519
-19.6932
-19.5317
-19.1473
-18.5342
-17.7032
-16.6811
-15.5096
-14.2429
-12.944
-11.6816
-10.5246
-9.53693
-8.77292
-8.27403
-8.0687
-8.17213
-8.5849
-9.2906
-10.2511
-11.402
-12.6531
-13.895
-15.0105
-15.8899
-16.4445
-16.6182
-16.3955
-15.8016
-14.895
-13.7557
-12.4699
-11.1176
-9.76445
-8.45841
-7.23108
-6.10038
-5.07405
-4.15292
-3.33349
-2.61
-1.97584
-1.42436
-0.949198
-0.54434
-0.204033
0.0773378
0.305319
0.485432
0.62317
0.723953
0.793059
0.835537
0.856108
0.859085
0.848309
0.827106
0.798276
0.764106
0.726402
0.686544
0.645541
0.604104
0.562704
0.521624
0.481037
0.440977
0.401503
0.362435
0.323967
0.285404
0.247861
0.208582
0.173022
0.129313
0.102239
0.0394994
0.0517784
-14.4489
-14.623
-14.8014
-14.9792
-15.1497
-15.307
-15.4469
-15.5678
-15.6722
-15.7666
-15.8615
-15.9701
-16.1072
-16.2862
-16.5168
-16.8028
-17.1401
-17.5165
-17.9115
-18.2974
-18.6407
-18.9049
-19.0536
-19.0534
-18.8778
-18.5101
-17.9458
-17.1941
-16.278
-15.2333
-14.1064
-12.9521
-11.8294
-10.798
-9.91387
-9.22498
-8.7686
-8.57041
-8.64379
-8.98844
-9.58835
-10.4086
-11.3925
-12.4623
-13.5247
-14.4808
-15.2369
-15.7173
-15.873
-15.6881
-15.1804
-14.3959
-13.3988
-12.2603
-11.0473
-9.81627
-8.60949
-7.45609
-6.37399
-5.37288
-4.45686
-3.62647
-2.88028
-2.21591
-1.63048
-1.12073
-0.682952
-0.312909
-0.00580236
0.243643
0.441061
0.5923
0.703269
0.779794
0.827459
0.851481
0.856615
0.847076
0.826495
0.797915
0.763799
0.726081
0.686215
0.645252
0.603914
0.56266
0.521755
0.481346
0.441449
0.402101
0.363124
0.32469
0.28615
0.248526
0.209266
0.173421
0.129973
0.101985
0.0406478
0.0496417
-14.4262
-14.5869
-14.7505
-14.9133
-15.0706
-15.2182
-15.3532
-15.4747
-15.5849
-15.6889
-15.7947
-15.9124
-16.0528
-16.2258
-16.4381
-16.6918
-16.9827
-17.3003
-17.627
-17.9397
-18.2105
-18.4092
-18.5055
-18.4721
-18.2869
-17.9365
-17.4174
-16.7375
-15.9167
-14.9855
-13.9839
-12.9588
-11.9611
-11.0425
-10.2517
-9.63068
-9.21276
-9.02084
-9.06662
-9.34923
-9.85355
-10.548
-11.383
-12.2918
-13.1953
-14.0095
-14.6556
-15.0686
-15.2061
-15.0526
-14.6202
-13.9447
-13.0772
-12.0753
-10.9945
-9.88164
-8.773
-7.69401
-6.66152
-5.68624
-4.77503
-3.93231
-3.16112
-2.46366
-1.84124
-1.29407
-0.821015
-0.41946
-0.0854409
0.186104
0.401017
0.565616
0.686419
0.76988
0.822193
0.849126
0.855911
0.847162
0.82683
0.798199
0.763913
0.726019
0.686042
0.64506
0.603796
0.562689
0.521973
0.481765
0.442057
0.402859
0.363992
0.325602
0.287087
0.249369
0.210115
0.173942
0.130762
0.101766
0.0419403
0.0473446
-14.4001
-14.5491
-14.7
-14.8502
-14.9963
-15.1353
-15.2652
-15.3857
-15.4986
-15.6078
-15.7194
-15.8409
-15.9803
-16.1444
-16.3378
-16.5613
-16.8108
-17.0768
-17.3447
-17.5951
-17.8047
-17.9487
-18.0021
-17.9424
-17.7517
-17.4189
-16.9417
-16.327
-15.5917
-14.7621
-13.8723
-12.9624
-12.0764
-11.2587
-10.5514
-9.99143
-9.60805
-9.42155
-9.4421
-9.66847
-10.0867
-10.6688
-11.3714
-12.1375
-12.9002
-13.5888
-14.1365
-14.4887
-14.6084
-14.4812
-14.1151
-13.5373
-12.7885
-11.9145
-10.9599
-9.96268
-8.95197
-7.94858
-6.96708
-6.01828
-5.11128
-4.25425
-3.45494
-2.72061
-2.0573
-1.46917
-0.957935
-0.522756
-0.160488
0.133809
0.36634
0.544052
0.674191
0.763953
0.820223
0.849385
0.85719
0.848675
0.828121
0.799062
0.764312
0.726028
0.685788
0.644688
0.603437
0.562441
0.521897
0.481884
0.442364
0.403318
0.36457
0.326239
0.287776
0.249966
0.210789
0.174307
0.131461
0.10142
0.043256
0.0448383
-14.3727
-14.5115
-14.6514
-14.7906
-14.9268
-15.0579
-15.1825
-15.3005
-15.4135
-15.5243
-15.6377
-15.759
-15.8938
-16.047
-16.2214
-16.4168
-16.6291
-16.8502
-17.0675
-17.2647
-17.423
-17.5215
-17.5399
-17.4598
-17.2667
-16.9517
-16.5132
-15.9573
-15.2987
-14.5596
-13.7692
-12.9619
-12.1751
-11.4472
-10.8145
-10.3091
-9.9565
-9.77459
-9.77213
-9.94774
-10.2888
-10.7706
-11.3557
-11.9957
-12.6339
-13.2112
-13.6715
-13.9687
-14.0714
-13.9665
-13.6589
-13.1697
-12.5304
-11.7771
-10.9446
-10.0616
-9.14988
-8.22425
-7.29572
-6.3742
-5.47047
-4.59639
-3.76483
-2.98873
-2.27959
-1.64607
-1.09312
-0.621802
-0.229759
0.0879936
0.338222
0.528679
0.667506
0.762776
0.822172
0.852762
0.860861
0.851953
0.830665
0.800773
0.76526
0.726379
0.685747
0.644457
0.603198
0.56232
0.521973
0.482186
0.442889
0.404024
0.365411
0.32715
0.288725
0.250825
0.21168
0.174843
0.132327
0.101143
0.0447396
0.0421825
-14.3425
-14.472
-14.6022
-14.7318
-14.8591
-14.9826
-15.1015
-15.2158
-15.3267
-15.4364
-15.5483
-15.6662
-15.794
-15.935
-16.0905
-16.2599
-16.4391
-16.6209
-16.7948
-16.9472
-17.0624
-17.1236
-17.1139
-17.0185
-16.8257
-16.5284
-16.1257
-15.6231
-15.0329
-14.3744
-13.6724
-12.956
-12.2574
-11.6092
-11.0427
-10.5857
-10.2604
-10.0823
-10.0589
-10.1889
-10.4609
-10.8535
-11.3346
-11.863
-12.3914
-12.8701
-13.2527
-13.5005
-13.5872
-13.5012
-13.2459
-12.8374
-12.3003
-11.6623
-10.9492
-10.1809
-9.37077
-8.52642
-7.65374
-6.76056
-5.85877
-4.96397
-4.09468
-3.27043
-2.50911
-1.82465
-1.22567
-0.715262
-0.291734
0.0501884
0.318066
0.520702
0.667342
0.767099
0.828568
0.859581
0.867069
0.856991
0.834325
0.803099
0.766448
0.726704
0.685503
0.643915
0.602588
0.561802
0.521642
0.482084
0.443016
0.404345
0.365882
0.32772
0.289378
0.251424
0.21236
0.175197
0.13308
0.100732
0.0462309
0.0393101
-14.3128
-14.434
-14.5553
-14.6761
-14.7951
-14.9113
-15.024
-15.1335
-15.2406
-15.3469
-15.4548
-15.5669
-15.6859
-15.8137
-15.9509
-16.0961
-16.2456
-16.3932
-16.5298
-16.6443
-16.7237
-16.7541
-16.722
-16.6154
-16.4249
-16.145
-15.7752
-15.3205
-14.7915
-14.2045
-13.5806
-12.9445
-12.3237
-11.746
-11.2381
-10.8238
-10.5225
-10.3474
-10.305
-10.3939
-10.6044
-10.9178
-11.3068
-11.7368
-12.1682
-12.5599
-12.8732
-13.0766
-13.1482
-13.0785
-12.8702
-12.536
-12.0952
-11.5687
-10.9743
-10.3232
-9.61941
-8.86173
-8.04903
-7.18564
-6.284
-5.36358
-4.44939
-3.56879
-2.74727
-2.00495
-1.35468
-0.80166
-0.344647
0.0221837
0.307537
0.521588
0.674945
0.777954
0.84026
0.870546
0.876408
0.864305
0.839575
0.806482
0.768305
0.727435
0.685508
0.643541
0.602134
0.561458
0.521526
0.482244
0.443451
0.405006
0.366703
0.328636
0.290363
0.252324
0.213315
0.175774
0.13404
0.100437
0.0479172
0.0363009
-14.2799
-14.3933
-14.5066
-14.6192
-14.7303
-14.8391
-14.9454
-15.0492
-15.1511
-15.2522
-15.3543
-15.459
-15.568
-15.6823
-15.8017
-15.9248
-16.048
-16.1659
-16.2708
-16.3534
-16.4032
-16.4088
-16.3593
-16.245
-16.0585
-15.7956
-15.4562
-15.0447
-14.5702
-14.0466
-13.4918
-12.9267
-12.3744
-11.8588
-11.4025
-11.0258
-10.7453
-10.5725
-10.5129
-10.5651
-10.7208
-10.9639
-11.2715
-11.6147
-11.9604
-12.2749
-12.5267
-12.69
-12.7474
-12.6917
-12.5257
-12.2603
-11.9113
-11.4942
-11.02
-10.4913
-9.90145
-9.23834
-8.49141
-7.65978
-6.75588
-5.80335
-4.83483
-3.88721
-2.99525
-2.18656
-1.47868
-0.878922
-0.38627
0.00610141
0.308501
0.532868
0.691485
0.796159
0.857736
0.885853
0.888826
0.873642
0.846002
0.810407
0.770251
0.727956
0.685119
0.642669
0.601145
0.560572
0.520878
0.481891
0.443396
0.405205
0.367084
0.329177
0.291018
0.252935
0.214037
0.176159
0.134871
0.100018
0.049596
0.0330805
-14.25
-14.356
-14.4615
-14.5663
-14.6697
-14.7712
-14.8705
-14.9678
-15.0633
-15.158
-15.2528
-15.3487
-15.4468
-15.5474
-15.6498
-15.7525
-15.8521
-15.944
-16.0217
-16.0774
-16.1026
-16.0881
-16.0251
-15.9058
-15.7244
-15.4778
-15.1662
-14.7934
-14.3674
-13.8998
-13.4057
-12.9029
-12.4108
-11.9495
-11.5383
-11.1945
-10.932
-10.7608
-10.6854
-10.7047
-10.8116
-10.9925
-11.2281
-11.4945
-11.7645
-12.0106
-12.2072
-12.334
-12.3777
-12.3337
-12.2059
-12.0048
-11.7442
-11.4363
-11.0863
-10.6882
-10.2235
-9.66614
-8.99286
-8.19562
-7.28623
-6.29307
-5.2581
-4.22994
-3.2548
-2.36915
-1.5959
-0.944567
-0.4139
0.00455349
0.323304
0.556556
0.718649
0.823113
0.882168
0.906503
0.905203
0.885793
0.854338
0.815547
0.772917
0.728875
0.684946
0.641926
0.600302
0.559876
0.520489
0.481866
0.443728
0.405837
0.368092
0.330145
0.292072
0.25391
0.215086
0.176818
0.135944
0.0997742
0.0514818
0.0297842
-14.2155
-14.3146
-14.4127
-14.51
-14.6058
-14.6999
-14.792
-14.8822
-14.9707
-15.0579
-15.1445
-15.2311
-15.3179
-15.405
-15.4915
-15.5757
-15.6545
-15.7239
-15.7786
-15.812
-15.8172
-15.7868
-15.7137
-15.5918
-15.4166
-15.1858
-14.8997
-14.5619
-14.179
-13.7609
-13.3204
-12.8723
-12.433
-12.0193
-11.6476
-11.3323
-11.0853
-10.915
-10.8252
-10.815
-10.8784
-11.004
-11.1759
-11.3743
-11.5772
-11.7622
-11.9092
-12.0024
-12.0325
-11.9977
-11.904
-11.7629
-11.5884
-11.3911
-11.1721
-10.9169
-10.5932
-10.1568
-9.56789
-8.80858
-7.8897
-6.8448
-5.7275
-4.60151
-3.52706
-2.55139
-1.70367
-0.995378
-0.424317
0.0204214
0.354318
0.594455
0.75767
0.859521
0.91379
0.932328
0.925051
0.900044
0.863728
0.820994
0.775386
0.729291
0.684119
0.640437
0.598742
0.55849
0.519448
0.481239
0.443504
0.405963
0.368455
0.330708
0.292782
0.254592
0.215904
0.177297
0.136887
0.0994497
0.053305
0.0264208
-14.1875
-14.2796
-14.3705
-14.4602
-14.5484
-14.6348
-14.7193
-14.8017
-14.8823
-14.9613
-15.0388
-15.1153
-15.1906
-15.2643
-15.3356
-15.4026
-15.4627
-15.5124
-15.5472
-15.5618
-15.5504
-15.5073
-15.4266
-15.3037
-15.1351
-14.9191
-14.6561
-14.3494
-14.0047
-13.6301
-13.2365
-12.8362
-12.4429
-12.0706
-11.7331
-11.4423
-11.2084
-11.0383
-10.9353
-10.8985
-10.923
-10.9995
-11.1147
-11.2527
-11.3956
-11.5258
-11.6274
-11.6889
-11.7047
-11.6763
-11.6123
-11.527
-11.4367
-11.3531
-11.2749
-11.1796
-11.0187
-10.7248
-10.2354
-9.51944
-8.58573
-7.47509
-6.25542
-5.00892
-3.81418
-2.73206
-1.7988
-1.02735
-0.413478
0.0573867
0.404709
0.64921
0.810744
0.907222
0.954182
0.964727
0.949631
0.917529
0.875161
0.8276
0.778421
0.72991
0.683326
0.639235
0.597217
0.557233
0.518651
0.480958
0.443692
0.406535
0.369302
0.331732
0.293929
0.255671
0.217077
0.17808
0.138081
0.0993635
0.055237
0.0233156
-14.1524
-14.2377
-14.3215
-14.4038
-14.4846
-14.5634
-14.6401
-14.7146
-14.7871
-14.8575
-14.9258
-14.9921
-15.0561
-15.1173
-15.1745
-15.2262
-15.2699
-15.3027
-15.3208
-15.32
-15.2954
-15.2425
-15.1568
-15.0345
-14.873
-14.6711
-14.4295
-14.1509
-13.8401
-13.5041
-13.1517
-12.7934
-12.4403
-12.1042
-11.7963
-11.5268
-11.304
-11.1335
-11.0182
-10.9574
-10.947
-10.9795
-11.0441
-11.128
-11.2171
-11.2973
-11.3569
-11.3878
-11.3879
-11.362
-11.3226
-11.2883
-11.2802
-11.3142
-11.39
-11.4783
-11.512
-11.3927
-11.0264
-10.3631
-9.40927
-8.21279
-6.86095
-5.46204
-4.11896
-2.9094
-1.87726
-1.03583
-0.377029
0.119033
0.47713
0.722539
0.878733
0.96634
1.00285
1.00273
0.977656
0.936815
0.887224
0.834044
0.780799
0.729619
0.681529
0.636756
0.594793
0.555174
0.517153
0.480031
0.443328
0.406613
0.369724
0.332379
0.294763
0.256493
0.218058
0.178722
0.139165
0.0992715
0.0569017
0.0207237
-14.1289
-14.2073
-14.2838
-14.3585
-14.4314
-14.5021
-14.5705
-14.6366
-14.7002
-14.7613
-14.8198
-14.8755
-14.928
-14.9767
-15.0204
-15.0577
-15.0865
-15.1042
-15.1077
-15.0936
-15.058
-14.9973
-14.9078
-14.7869
-14.6323
-14.4435
-14.2211
-13.9674
-13.6865
-13.3842
-13.0679
-12.746
-12.4279
-12.123
-11.8407
-11.5893
-11.3755
-11.204
-11.0771
-10.9944
-10.9524
-10.9451
-10.9642
-10.9993
-11.0394
-11.0737
-11.0935
-11.094
-11.076
-11.0479
-11.0265
-11.0364
-11.1069
-11.2631
-11.5111
-11.8189
-12.0979
-12.2057
-12.0012
-11.406
-10.4244
-9.11092
-7.58139
-5.98248
-4.44995
-3.08328
-1.93452
-1.01478
-0.309074
0.210486
0.575813
0.817896
0.964496
1.03931
1.06195
1.04828
1.01084
0.959325
0.901024
0.841177
0.783198
0.728989
0.679268
0.633893
0.592105
0.553051
0.515771
0.479401
0.443352
0.407135
0.370609
0.333463
0.296
0.257666
0.21935
0.179622
0.140457
0.0994201
0.0583893
0.019179
-14.094
-14.1656
-14.2349
-14.3023
-14.3675
-14.4304
-14.4907
-14.5485
-14.6035
-14.6556
-14.7046
-14.7502
-14.7919
-14.8291
-14.8606
-14.8853
-14.9012
-14.9061
-14.8976
-14.8728
-14.8287
-14.7623
-14.6709
-14.5524
-14.4052
-14.2288
-14.0241
-13.793
-13.5389
-13.2667
-12.9822
-12.6924
-12.4049
-12.1274
-11.8674
-11.6315
-11.4252
-11.2522
-11.1143
-11.0113
-10.9404
-10.8971
-10.8748
-10.8656
-10.8609
-10.8526
-10.8343
-10.8036
-10.7638
-10.7266
-10.7135
-10.7573
-10.9
-11.1839
-11.6323
-12.2189
-12.8283
-13.2516
-13.2731
-12.7711
-11.7444
-10.2591
-8.47991
-6.60646
-4.822
-3.25517
-1.96548
-0.957239
-0.203211
0.336582
0.70384
0.93676
1.06818
1.12524
1.1298
1.09919
1.04686
0.982844
0.91461
0.847351
0.784268
0.726932
0.675653
0.629854
0.588414
0.550098
0.513701
0.478195
0.44289
0.407248
0.371155
0.334268
0.297028
0.258681
0.220555
0.180461
0.141727
0.0996121
0.0594143
0.018829
-14.0786
-14.1427
-14.2044
-14.2637
-14.3206
-14.3748
-14.4263
-14.4749
-14.5204
-14.5627
-14.6015
-14.6365
-14.667
-14.6926
-14.7122
-14.7246
-14.7283
-14.7214
-14.7019
-14.6676
-14.616
-14.5448
-14.452
-14.3359
-14.1955
-14.0304
-13.8415
-13.6304
-13.3999
-13.1539
-12.8973
-12.6356
-12.3748
-12.121
-11.8802
-11.6574
-11.4571
-11.282
-11.1335
-11.0114
-10.9139
-10.8374
-10.7771
-10.7272
-10.6811
-10.6326
-10.5769
-10.5127
-10.4451
-10.388
-10.368
-10.4286
-10.632
-11.0516
-11.7464
-12.7086
-13.7848
-14.6566
-14.9932
-14.6098
-13.514
-11.7847
-9.65261
-7.39288
-5.26122
-3.42879
-1.96234
-0.851474
-0.047847
0.507244
0.869237
1.08556
1.19502
1.22846
1.21006
1.1585
1.08795
1.00889
0.928882
0.852988
0.784108
0.723384
0.670607
0.624657
0.583927
0.546734
0.511562
0.477168
0.442763
0.407759
0.372103
0.33543
0.29836
0.259929
0.221968
0.181427
0.143181
0.0998705
0.0604066
0.0193782
-14.0448
-14.102
-14.1563
-14.2081
-14.2573
-14.3036
-14.3468
-14.3869
-14.4236
-14.4569
-14.4862
-14.5114
-14.532
-14.5472
-14.5563
-14.5581
-14.5515
-14.5348
-14.5065
-14.4647
-14.4076
-14.3334
-14.2405
-14.1277
-13.9942
-13.8401
-13.666
-13.4732
-13.2642
-13.0419
-12.8103
-12.5736
-12.3366
-12.1038
-11.8797
-11.6683
-11.4727
-11.295
-11.1362
-10.9962
-10.8737
-10.7665
-10.6712
-10.5835
-10.4984
-10.4107
-10.316
-10.2129
-10.1065
-10.0122
-9.96146
-10.0123
-10.2581
-10.8233
-11.8276
-13.2964
-15.0146
-16.495
-17.2471
-16.9932
-15.8133
-13.771
-11.1712
-8.38963
-5.78808
-3.60288
-1.9119
-0.680879
0.172015
0.733821
1.07944
1.26831
1.34629
1.34825
1.30061
1.22347
1.13142
1.03503
0.941804
0.856495
0.781563
0.717558
0.663601
0.617899
0.578261
0.542517
0.508824
0.475734
0.442379
0.408134
0.373019
0.336642
0.299831
0.26136
0.223655
0.182617
0.145028
0.100183
0.0618767
0.0193361
-14.041
-14.0899
-14.1358
-14.1789
-14.2189
-14.2559
-14.2895
-14.3198
-14.3465
-14.3695
-14.3884
-14.4029
-14.4126
-14.4168
-14.415
-14.406
-14.389
-14.3627
-14.3258
-14.2768
-14.2143
-14.1371
-14.0439
-13.9339
-13.8067
-13.6623
-13.5012
-13.3248
-13.1348
-12.9337
-12.7243
-12.5099
-12.2939
-12.0798
-11.8707
-11.6692
-11.4775
-11.2969
-11.1279
-10.9703
-10.8233
-10.6858
-10.5557
-10.4302
-10.3051
-10.1755
-10.0362
-9.88421
-9.72283
-9.56714
-9.45334
-9.45706
-9.71312
-10.4164
-11.7714
-13.8475
-16.3392
-18.532
-19.7641
-19.7672
-18.4799
-16.1252
-13.0009
-9.58909
-6.39425
-3.75718
-1.78448
-0.413022
0.486537
1.04204
1.35541
1.50176
1.53536
1.49527
1.40967
1.29966
1.18046
1.06248
0.953017
0.856452
0.774642
0.70734
0.652756
0.608181
0.570611
0.537227
0.505746
0.474473
0.442464
0.409093
0.37452
0.338362
0.301736
0.263123
0.225686
0.183999
0.147391
0.100291
0.0651947
0.01651
-14.0099
-14.0515
-14.09
-14.1256
-14.1579
-14.1867
-14.2121
-14.2338
-14.2517
-14.2656
-14.2754
-14.2806
-14.2809
-14.2757
-14.2646
-14.2467
-14.2212
-14.1871
-14.1434
-14.0891
-14.0231
-13.9443
-13.8521
-13.7458
-13.6251
-13.4903
-13.3418
-13.1805
-13.008
-12.8261
-12.6368
-12.4426
-12.2457
-12.0485
-11.8528
-11.6601
-11.4714
-11.287
-11.1068
-10.9306
-10.7579
-10.5883
-10.4214
-10.2554
-10.087
-9.91071
-9.71958
-9.50801
-9.27657
-9.03809
-8.83044
-8.74563
-8.96262
-9.75284
-11.4165
-14.095
-17.3936
-20.3135
-22.0025
-22.2031
-20.9449
-18.3823
-14.8235
-10.8102
-6.98559
-3.83583
-1.53632
-0.00938035
0.928108
1.45676
1.71467
1.79727
1.7684
1.67149
1.53638
1.38513
1.23253
1.08865
0.960281
0.851146
0.76221
0.6921
0.63779
0.595383
0.560874
0.530693
0.502092
0.473135
0.442844
0.410623
0.376806
0.341017
0.304717
0.266007
0.228978
0.186481
0.151266
0.10082
0.0714277
0.00872503
-14.0204
-14.0526
-14.0819
-14.1076
-14.1297
-14.1482
-14.1631
-14.1742
-14.1814
-14.1846
-14.1835
-14.1779
-14.1675
-14.1519
-14.1304
-14.1027
-14.0679
-14.0254
-13.9743
-13.914
-13.8436
-13.7624
-13.6701
-13.5662
-13.4506
-13.3237
-13.186
-13.0383
-12.8818
-12.7177
-12.5477
-12.373
-12.1951
-12.0151
-11.8333
-11.6499
-11.4642
-11.2751
-11.0814
-10.8821
-10.6772
-10.4682
-10.2571
-10.0449
-9.83023
-9.60863
-9.37199
-9.11199
-8.82629
-8.52101
-8.22102
-8.01654
-8.12442
-8.88341
-10.7113
-13.9234
-18.0246
-21.6491
-23.7358
-24.0796
-22.8225
-20.1184
-16.2526
-11.7657
-7.38783
-3.74371
-1.10908
0.577261
1.54102
2.01902
2.19265
2.18331
2.06714
1.89255
1.69141
1.48534
1.28829
1.11022
0.957503
0.833073
0.736594
0.664987
0.613321
0.575867
0.547092
0.522333
0.498213
0.472546
0.444421
0.413411
0.380205
0.344539
0.308368
0.269372
0.232769
0.189294
0.155967
0.101267
0.0827581
-0.00742466
-13.994
-14.0196
-14.0426
-14.0611
-14.0753
-14.0856
-14.0919
-14.0941
-14.0923
-14.0862
-14.0758
-14.0609
-14.0412
-14.0164
-13.9861
-13.9498
-13.907
-13.8572
-13.7999
-13.7344
-13.6603
-13.5772
-13.4848
-13.3832
-13.2724
-13.1529
-13.0253
-12.8902
-12.7489
-12.6023
-12.4513
-12.2965
-12.1381
-11.9755
-11.8077
-11.6329
-11.4487
-11.2526
-11.0426
-10.8182
-10.5813
-10.3364
-10.0896
-9.84546
-9.60588
-9.36673
-9.11611
-8.83879
-8.52612
-8.17607
-7.80613
-7.50222
-7.45684
-8.05942
-9.95604
-13.5832
-18.3408
-22.5501
-24.9047
-25.2726
-23.949
-21.1295
-17.0573
-12.2504
-7.47209
-3.43797
-0.517993
1.30832
2.28564
2.69665
2.76521
2.64104
2.41505
2.14423
1.86201
1.58876
1.33855
1.12108
0.941692
0.801757
0.698948
0.627864
0.581189
0.551019
0.530076
0.512482
0.494189
0.472776
0.447462
0.418054
0.385699
0.350273
0.314367
0.27511
0.239166
0.194563
0.163718
0.103686
0.0996781
-0.0275108
-14.0146
-14.0316
-14.0444
-14.0509
-14.0531
-14.0514
-14.0453
-14.0348
-14.0202
-14.0015
-13.9785
-13.951
-13.9188
-13.8817
-13.8393
-13.7913
-13.7374
-13.6772
-13.6105
-13.5369
-13.4563
-13.3688
-13.2745
-13.1737
-13.067
-12.9551
-12.8388
-12.7191
-12.5967
-12.4719
-12.3449
-12.2149
-12.0809
-11.9409
-11.7922
-11.6315
-11.4551
-11.259
-11.0401
-10.7975
-10.5346
-10.2609
-9.98898
-9.72904
-9.48601
-9.25567
-9.02395
-8.77739
-8.5113
-8.20594
-7.81459
-7.39052
-7.22967
-7.76157
-9.55267
-13.18
-18.1784
-22.6662
-25.1571
-25.5653
-24.2212
-21.3274
-17.1419
-12.1729
-7.18298
-2.92055
0.184101
2.10411
3.07818
3.41434
3.3693
3.11972
2.77315
2.39553
2.02379
1.67894
1.37436
1.11838
0.91469
0.762443
0.656583
0.588828
0.549159
0.527411
0.514646
0.50395
0.490826
0.472814
0.449439
0.420851
0.388734
0.35308
0.317164
0.277375
0.242015
0.195975
0.167362
0.102565
0.106115
-0.0338939
-13.9876
-14.012
-14.0205
-14.0146
-14.0046
-13.9908
-13.972
-13.9487
-13.9214
-13.89
-13.8545
-13.8148
-13.771
-13.7228
-13.6702
-13.613
-13.5512
-13.4846
-13.4132
-13.3372
-13.2565
-13.1714
-13.0822
-12.9893
-12.8933
-12.7946
-12.6937
-12.5911
-12.4868
-12.3807
-12.2721
-12.16
-12.0424
-11.917
-11.7807
-11.63
-11.4608
-11.2693
-11.0525
-10.8104
-10.5478
-10.2755
-10.0067
-9.75327
-9.52384
-9.31458
-9.10112
-8.85213
-8.56653
-8.25575
-7.93053
-7.64792
-7.57419
-8.04625
-9.56671
-12.7717
-17.4337
-21.8177
-24.3699
-24.8645
-23.583
-20.7219
-16.5604
-11.6105
-6.63148
-2.35248
0.786101
2.72517
3.68016
3.95862
3.82898
3.48169
3.03813
2.57616
2.13523
1.73817
1.39718
1.11758
0.9
0.740936
0.633167
0.566684
0.530112
0.512253
0.503444
0.496297
0.486093
0.470287
0.4485
0.420904
0.389482
0.354039
0.318519
0.278303
0.243692
0.196026
0.169544
0.100629
0.105971
-0.0282407
-13.996
-14.0261
-14.0323
-14.0165
-13.9955
-13.9708
-13.9414
-13.9083
-13.8721
-13.8327
-13.7901
-13.7443
-13.6952
-13.6428
-13.5868
-13.5272
-13.4638
-13.3967
-13.3256
-13.2507
-13.1719
-13.0894
-13.0035
-12.9144
-12.8227
-12.7288
-12.6332
-12.5364
-12.4385
-12.3394
-12.2384
-12.1342
-12.0251
-11.9087
-11.7821
-11.6417
-11.4833
-11.3014
-11.0904
-10.8467
-10.5734
-10.2893
-10.0145
-9.76015
-9.53143
-9.32249
-9.11637
-8.89771
-8.66045
-8.40738
-8.153
-7.99464
-8.13719
-8.69055
-9.86414
-12.2273
-15.9599
-19.9622
-22.7881
-23.7022
-22.6175
-19.7633
-15.6691
-10.8279
-5.98334
-1.81757
1.24726
3.13401
4.03762
4.25783
4.06549
3.66187
3.16149
2.65887
2.18763
1.76889
1.41288
1.12336
0.899701
0.737331
0.628131
0.561401
0.52526
0.508158
0.500188
0.493827
0.484282
0.46895
0.447524
0.420162
0.388986
0.353613
0.318397
0.277957
0.244002
0.19527
0.170466
0.0989567
0.104348
-0.021123
-14.1021
-14.0823
-14.0643
-14.0428
-14.0171
-13.9883
-13.9563
-13.9212
-13.8831
-13.842
-13.7978
-13.7506
-13.7003
-13.6467
-13.5898
-13.5294
-13.4656
-13.3982
-13.3271
-13.2525
-13.1742
-13.0925
-13.0074
-12.9193
-12.8284
-12.735
-12.6395
-12.5422
-12.4429
-12.3416
-12.2376
-12.1296
-12.0161
-11.8948
-11.763
-11.6175
-11.4546
-11.2708
-11.0625
-10.83
-10.5754
-10.3078
-10.042
-9.78817
-9.55223
-9.32879
-9.10156
-8.85508
-8.59894
-8.35758
-8.17815
-8.1438
-8.35539
-8.96974
-10.1954
-12.3591
-15.4776
-18.7655
-21.1701
-22.0611
-21.2347
-18.779
-14.8656
-10.2088
-5.56486
-1.60776
1.30005
3.11214
3.99988
4.23456
4.06248
3.66279
3.17754
2.67137
2.19931
1.78159
1.42701
1.13805
0.913502
0.748882
0.636581
0.566482
0.527209
0.50755
0.497788
0.490381
0.48044
0.465233
0.444247
0.417364
0.386719
0.351582
0.316754
0.276019
0.242585
0.192814
0.169189
0.0960826
0.101205
-0.0186829
-18.1432
-18.2676
-18.0945
-17.6134
-17.2706
-17.2391
-17.3699
-17.4349
-17.429
-17.4359
-17.4948
-17.6034
-17.8156
-18.1663
-18.6317
-19.1625
-19.7833
-20.5298
-21.4311
-22.4523
-23.4861
-24.3462
-24.8136
-24.7078
-23.8108
-22.0055
-19.4679
-16.562
-13.7738
-11.5646
-10.1786
-9.56578
-9.37195
-9.14273
-8.969
-9.04615
-9.16013
-9.15091
-9.14319
-9.39031
-10.0166
-11.1966
-13.2405
-16.526
-21.0518
-26.2121
-30.9527
-34.1563
-35.0223
-32.8324
-27.4037
-19.7107
-11.2403
-3.48351
2.52041
6.44412
8.54875
9.32908
9.28686
8.81706
8.17291
7.49213
6.85149
6.1968
5.50083
4.80301
4.12082
3.47912
2.90422
2.41466
2.01657
1.70417
1.46449
1.28267
1.14537
1.04184
0.963467
0.902911
0.853601
0.809719
0.766442
0.72022
0.669008
0.612517
0.552253
0.491253
0.433287
0.38178
0.338634
0.303785
0.27523
0.250104
0.22571
0.199501
0.172316
0.139553
0.112945
0.0689409
0.0585129
-0.00955936
-18.8168
-19.0115
-18.8553
-18.4644
-18.2422
-18.2711
-18.3664
-18.3167
-17.9992
-17.5413
-17.2144
-17.1355
-17.3299
-17.7476
-18.3059
-18.9525
-19.6885
-20.6376
-21.8876
-23.4237
-25.0942
-26.6182
-27.6249
-27.7458
-26.8418
-24.9718
-22.2958
-19.1516
-15.9962
-13.2897
-11.3542
-10.2389
-9.68773
-9.44005
-9.26304
-9.08603
-8.96644
-8.84834
-8.87076
-9.23417
-9.86782
-10.973
-13.3594
-17.6655
-23.9066
-31.0947
-37.5958
-41.6795
-42.0643
-38.6644
-32.1628
-23.5814
-14.2773
-5.74422
0.902442
5.31313
7.75807
8.759
8.86336
8.48614
7.89133
7.22353
6.5257
5.85293
5.23332
4.62211
4.00067
3.40031
2.85685
2.3945
2.01998
1.72552
1.49657
1.31828
1.17855
1.06857
0.981894
0.913419
0.858373
0.811859
0.768912
0.724957
0.676551
0.622106
0.562329
0.500066
0.4394
0.384365
0.337534
0.299434
0.268552
0.242407
0.218514
0.194473
0.170479
0.141752
0.118115
0.0761978
0.0683392
-0.0114587
-18.4998
-18.6404
-19.1003
-19.6446
-20.2152
-20.6728
-20.7965
-20.4655
-19.6833
-18.5753
-17.535
-17.0222
-17.0902
-17.3865
-17.9979
-18.9668
-20.3747
-22.2555
-24.5771
-27.1969
-29.8617
-32.2357
-33.952
-34.6596
-34.1143
-32.2601
-29.2507
-25.4435
-21.3305
-17.4288
-14.1563
-11.7369
-10.1761
-9.24836
-8.79474
-8.61917
-8.51398
-8.43838
-8.51584
-8.95109
-10.1464
-12.8871
-18.0388
-25.3926
-33.8128
-41.7692
-47.9024
-51.1934
-50.9709
-47.0514
-39.8467
-30.2621
-19.7239
-9.91153
-2.16649
3.06907
6.06272
7.42606
7.7942
7.62596
7.20236
6.67554
6.11633
5.55359
4.97532
4.39488
3.84736
3.34113
2.88149
2.47451
2.12328
1.82752
1.58388
1.38683
1.2299
1.10653
1.01037
0.935083
0.874512
0.822904
0.775046
0.726724
0.675163
0.619335
0.560083
0.499927
0.442354
0.390735
0.34709
0.311488
0.282028
0.255872
0.23021
0.202766
0.173798
0.140389
0.111711
0.0689639
0.0608911
-0.0178641
-18.6001
-18.8892
-20.0439
-21.2854
-22.2817
-22.8575
-22.9142
-22.3906
-21.2418
-19.6694
-18.2324
-17.4771
-17.3101
-17.4847
-18.2083
-19.5664
-21.677
-24.5445
-28.0778
-32.0488
-36.0997
-39.7718
-42.5722
-44.0483
-43.8911
-41.9941
-38.4947
-33.7739
-28.3878
-22.9651
-18.0626
-14.0562
-11.1371
-9.2858
-8.34428
-8.00824
-7.94305
-7.94352
-8.06429
-8.7761
-11.005
-15.9515
-23.7594
-33.2525
-42.8216
-51.1839
-57.4029
-60.6324
-60.1798
-55.8531
-48.0105
-37.4947
-25.7337
-14.5712
-5.61439
0.537018
4.13928
5.92525
6.60865
6.68831
6.45888
6.07799
5.62263
5.13663
4.64378
4.15574
3.67767
3.21806
2.79287
2.4148
2.0898
1.81758
1.59339
1.4105
1.26189
1.14118
1.04291
0.96244
0.895323
0.837247
0.784401
0.733499
0.682041
0.62867
0.573361
0.51735
0.462714
0.411723
0.366019
0.32618
0.291498
0.26058
0.2317
0.203318
0.175046
0.144193
0.116728
0.0768224
0.0689668
-0.0193604
-18.7776
-19.4168
-21.0223
-22.4226
-23.4182
-23.8823
-23.7971
-23.1169
-21.7914
-20.0716
-18.5624
-17.7517
-17.4002
-17.5274
-18.4003
-20.1891
-23.0344
-26.9299
-31.7403
-37.1536
-42.6888
-47.7394
-51.6777
-53.9521
-54.177
-52.2125
-48.1958
-42.5227
-35.8028
-28.7844
-22.1884
-16.5475
-12.1608
-9.17868
-7.44077
-6.776
-6.5785
-6.56969
-6.8143
-8.07518
-11.7228
-18.8082
-28.6487
-39.474
-49.7203
-58.4533
-64.9267
-68.2791
-67.7654
-63.2169
-54.9733
-43.8077
-31.1437
-18.8393
-8.87044
-1.95385
2.18353
4.36018
5.3519
5.68351
5.65796
5.43898
5.11407
4.73211
4.31833
3.89129
3.46956
3.06798
2.69726
2.36358
2.07022
1.81784
1.6042
1.42564
1.27779
1.15616
1.05632
0.973914
0.904735
0.84472
0.790063
0.73762
0.685226
0.631858
0.577622
0.523578
0.471342
0.422587
0.378417
0.339095
0.30384
0.271416
0.240224
0.209186
0.177768
0.144957
0.114599
0.0762777
0.0634909
-0.016685
-18.5469
-19.6158
-21.2508
-22.6166
-23.5593
-23.9504
-23.7917
-22.996
-21.5463
-19.7641
-18.2878
-17.4035
-16.9092
-17.0094
-18.0282
-20.2096
-23.7144
-28.5327
-34.4855
-41.1748
-47.9965
-54.2079
-59.0751
-61.9781
-62.5161
-60.5433
-56.1741
-49.7874
-42.0085
-33.6731
-25.6445
-18.5826
-12.8951
-8.75889
-6.14363
-4.8609
-4.37783
-4.27707
-4.71417
-6.67865
-11.7439
-20.5968
-31.8986
-43.5807
-54.2712
-63.3046
-70.0206
-73.5187
-73.0084
-68.323
-59.8524
-48.3425
-35.1051
-22.1353
-11.4812
-4.05713
0.455022
2.9371
4.19329
4.7505
4.90901
4.83438
4.6204
4.32461
3.98384
3.62311
3.25991
2.90695
2.57509
2.27285
2.00531
1.77376
1.57673
1.41106
1.27269
1.15737
1.06105
0.979949
0.910534
0.849432
0.793614
0.740578
0.688506
0.636392
0.584074
0.532129
0.481609
0.433694
0.389232
0.348561
0.311252
0.27663
0.24349
0.211334
0.179155
0.147132
0.115501
0.0815859
0.0556571
0.00455284
-17.6432
-18.8242
-20.4972
-21.9517
-22.9773
-23.4016
-23.1948
-22.2823
-20.7178
-18.9083
-17.4348
-16.4226
-15.7588
-15.7847
-16.8889
-19.3624
-23.3762
-28.91
-35.7395
-43.3896
-51.1569
-58.2007
-63.7371
-67.1344
-67.9645
-66.0555
-61.5034
-54.6774
-46.1974
-36.9518
-27.9196
-19.8269
-13.1231
-7.99517
-4.54483
-2.52244
-1.61817
-1.38143
-2.05613
-4.75288
-10.9997
-21.1226
-33.3896
-45.6119
-56.5881
-65.8249
-72.7008
-76.2881
-75.811
-71.09
-62.5562
-50.9416
-37.4839
-24.2301
-13.3156
-5.69535
-1.00075
1.67915
3.13777
3.88097
4.19708
4.25049
4.14003
3.92897
3.65851
3.35691
3.04497
2.73817
2.44784
2.18139
1.94285
1.73339
1.55243
1.39788
1.26682
1.15608
1.0624
0.982574
0.913485
0.852158
0.795896
0.742464
0.690253
0.638388
0.586724
0.535742
0.486302
0.439365
0.395591
0.355232
0.31784
0.282846
0.249015
0.216132
0.182667
0.150155
0.115767
0.0842173
0.0470359
0.0205689
-15.9474
-17.0817
-19.0265
-20.7717
-22.0027
-22.5269
-22.3001
-21.2901
-19.6428
-17.806
-16.2596
-15.0453
-14.1467
-14.0204
-15.1097
-17.7438
-22.0865
-28.0925
-35.4925
-43.753
-52.1121
-59.6783
-65.6462
-69.3851
-70.4615
-68.6755
-64.1041
-57.1044
-48.2725
-38.5158
-28.9255
-20.2803
-12.933
-7.08278
-2.92327
-0.299411
1.10272
1.49408
0.623967
-2.6481
-9.72068
-20.6149
-33.4263
-45.9458
-57.0667
-66.3732
-73.2665
-76.8478
-76.4004
-71.7412
-63.2929
-51.7637
-38.3744
-25.2132
-14.4184
-6.88351
-2.17712
0.604171
2.2068
3.09668
3.54283
3.705
3.68414
3.54744
3.34048
3.09479
2.83245
2.56895
2.31537
2.0794
1.86578
1.67663
1.51194
1.37009
1.24877
1.14519
1.05648
0.979819
0.912532
0.852103
0.796292
0.743261
0.691672
0.640759
0.590323
0.540654
0.492352
0.446124
0.402466
0.361626
0.323282
0.287149
0.252168
0.218553
0.184352
0.152216
0.116352
0.0878184
0.0424076
0.0333081
-13.6944
-14.9735
-17.2366
-19.3666
-20.8844
-21.5492
-21.3358
-20.2798
-18.6014
-16.7293
-15.0492
-13.5833
-12.4047
-12.0298
-12.9932
-15.6501
-20.1434
-26.3853
-34.0625
-42.6071
-51.2355
-59.0502
-65.2425
-69.1859
-70.4549
-68.8317
-64.3784
-57.4362
-48.5603
-38.6441
-28.8708
-20.0902
-12.5006
-6.21171
-1.52072
1.51838
3.29282
3.86661
2.88171
-0.72129
-8.20341
-19.4095
-32.4027
-45.0091
-56.1475
-65.3922
-72.1697
-75.6574
-75.2308
-70.6989
-62.4479
-51.1546
-38.0708
-25.3154
-14.9453
-7.71134
-3.1193
-0.310862
1.38617
2.38696
2.93778
3.19188
3.25039
3.18237
3.03525
2.84188
2.62539
2.40217
2.18388
1.97836
1.79033
1.62193
1.47352
1.34404
1.23188
1.13483
1.05059
0.976867
0.911381
0.851993
0.796782
0.744159
0.692964
0.64253
0.59268
0.543664
0.495991
0.450272
0.406926
0.36618
0.327719
0.291334
0.25593
0.221926
0.186943
0.154635
0.116918
0.0901333
0.0383934
0.041475
-11.8245
-13.1409
-15.6253
-18.1366
-19.9828
-20.8048
-20.6396
-19.6115
-17.9588
-16.0336
-14.1448
-12.3569
-10.827
-10.1342
-10.8876
-13.4564
-17.9426
-24.2089
-31.904
-40.4477
-49.0674
-56.8918
-63.1278
-67.1527
-68.5474
-67.0984
-62.8524
-56.1334
-47.465
-37.7107
-28.088
-19.4795
-11.9657
-5.52642
-0.51111
2.81962
4.74547
5.47924
4.48501
0.804574
-6.69351
-17.8063
-30.6723
-43.1866
-54.2305
-63.3156
-69.895
-73.2393
-72.8226
-68.4443
-60.4456
-49.4941
-36.9066
-24.8031
-15.0731
-8.27522
-3.8729
-1.0861
0.668008
1.75082
2.38527
2.71682
2.84479
2.83835
2.7457
2.60062
2.42691
2.2413
2.05555
1.87763
1.71255
1.56295
1.42968
1.31238
1.20959
1.11965
1.04064
0.970571
0.907546
0.849759
0.79561
0.743783
0.693324
0.643682
0.594701
0.546569
0.49968
0.454515
0.411399
0.370535
0.331645
0.294666
0.258569
0.224055
0.188445
0.156232
0.11738
0.0924078
0.0360605
0.0481917
-11.0026
-12.2808
-14.7302
-17.3752
-19.4299
-20.4165
-20.3284
-19.3745
-17.7939
-15.808
-13.6649
-11.5203
-9.64532
-8.63031
-9.12565
-11.5183
-15.866
-21.9793
-29.4759
-37.7817
-46.1596
-53.7876
-59.9048
-63.8991
-65.36
-64.0816
-60.098
-53.7146
-45.4317
-36.0869
-26.8877
-18.6866
-11.4508
-5.05898
0.081565
3.57738
5.53402
6.30069
5.39609
1.84436
-5.35464
-16.0468
-28.5287
-40.7879
-51.6388
-60.5032
-66.8472
-70.0277
-69.6079
-65.3828
-57.6618
-47.1363
-35.2014
-23.9267
-14.961
-8.66008
-4.48054
-1.7441
0.0396924
1.18145
1.88218
2.27892
2.4678
2.51687
2.47413
2.37354
2.23921
2.08826
1.93273
1.78087
1.6379
1.50667
1.38828
1.28266
1.18888
1.1057
1.03159
0.964973
0.904295
0.848066
0.794958
0.743874
0.694013
0.644922
0.596481
0.548864
0.502422
0.457589
0.414652
0.373814
0.33481
0.297638
0.261246
0.226483
0.190369
0.15807
0.118038
0.0941409
0.0341299
0.0527213
-11.4466
-12.623
-14.9541
-17.5934
-19.6953
-20.6843
-20.6167
-19.7967
-18.3855
-16.3896
-13.9555
-11.3363
-8.94451
-7.57723
-7.87585
-10.0977
-14.2178
-20.0236
-27.137
-35.0118
-42.9618
-50.2264
-56.0885
-59.9567
-61.4305
-60.3094
-56.6175
-50.6431
-42.8694
-34.1113
-25.5278
-17.8784
-11.0267
-4.80167
0.321952
3.8542
5.79264
6.48349
5.69403
2.40654
-4.28009
-14.3133
-26.2052
-38.06
-48.6273
-57.2305
-63.3273
-66.3424
-65.9076
-61.8283
-54.4045
-44.3833
-33.227
-22.8874
-14.7278
-8.92709
-4.97433
-2.30314
-0.508985
0.674143
1.42744
1.87914
2.12121
2.21971
2.22192
2.16172
2.0634
1.94427
1.81654
1.68857
1.56577
1.45125
1.34648
1.25177
1.16659
1.08999
1.0208
0.957758
0.899599
0.845109
0.793208
0.743008
0.693871
0.645446
0.597658
0.55067
0.504783
0.460368
0.417656
0.376834
0.337644
0.300159
0.263351
0.228248
0.191669
0.159344
0.11851
0.0956085
0.0329855
0.0563029
-11.9917
-13.3581
-15.8394
-18.6281
-20.7288
-21.551
-21.3591
-20.6687
-19.5995
-17.8147
-15.0926
-11.8417
-8.90959
-7.22629
-7.25166
-9.25803
-13.1176
-18.5359
-25.1386
-32.4356
-39.8149
-46.588
-52.0891
-55.7538
-57.1928
-56.2088
-52.82
-47.2984
-40.1122
-32.0527
-24.1945
-17.1553
-10.7145
-4.7145
0.296779
3.76354
5.65024
6.23924
5.51761
2.55678
-3.5068
-12.732
-23.8815
-35.202
-45.4
-53.7057
-59.5512
-62.4064
-61.9527
-58.0192
-50.9233
-41.4849
-31.1965
-21.8273
-14.4495
-9.11577
-5.37816
-2.7791
-0.988191
0.22299
1.01788
1.51584
1.80415
1.94648
1.98907
1.96546
1.89992
1.80988
1.70767
1.60179
1.49781
1.39907
1.30726
1.22294
1.14589
1.07553
1.01099
0.951326
0.895554
0.842719
0.791968
0.742598
0.694102
0.646218
0.598914
0.552355
0.506823
0.462662
0.420085
0.379278
0.339996
0.302359
0.265329
0.230038
0.193112
0.16071
0.119133
0.0968242
0.0321421
0.0587101
-11.8898
-13.2746
-15.9286
-18.842
-21.0815
-22.0647
-22.0316
-21.5709
-20.7466
-19.1192
-16.2859
-12.6351
-9.17358
-7.14259
-7.17173
-9.0999
-12.6482
-17.5919
-23.5996
-30.2303
-36.9471
-43.1404
-48.2029
-51.6032
-52.9666
-52.0993
-49.0151
-43.9672
-37.41
-30.1049
-23.0054
-16.5599
-10.503
-4.74804
0.0861897
3.41822
5.22615
5.73436
5.02593
2.38551
-3.03056
-11.3796
-21.6862
-32.3685
-42.1204
-50.0929
-55.6827
-58.3858
-57.9164
-54.139
-47.4124
-38.6286
-29.2573
-20.8348
-14.1718
-9.2528
-5.71108
-3.18582
-1.40721
-0.177777
0.650054
1.18695
1.51537
1.69639
1.77506
1.78445
1.74867
1.68516
1.6063
1.52068
1.43396
1.34966
1.26969
1.19491
1.12542
1.06089
1.00077
0.94435
0.890913
0.839726
0.790137
0.741611
0.693771
0.646444
0.599646
0.553551
0.508421
0.46457
0.422182
0.381429
0.342069
0.304262
0.266979
0.231457
0.194202
0.161723
0.119601
0.0977901
0.0316499
0.0605425
-11.6625
-12.6405
-15.3959
-18.3895
-20.7636
-21.9544
-22.1426
-21.8634
-21.2532
-19.7263
-16.8673
-13.1477
-9.7109
-7.65963
-7.51609
-9.29391
-12.6569
-17.1798
-22.5678
-28.4886
-34.4985
-40.0661
-44.6435
-47.7388
-48.9971
-48.2258
-45.432
-40.8528
-34.9329
-28.3906
-22.0223
-16.1026
-10.3713
-4.85874
-0.244541
2.91184
4.6249
5.08099
4.3674
1.9958
-2.81437
-10.2957
-19.7137
-29.6834
-38.9226
-46.5252
-51.8521
-54.4114
-53.935
-50.3315
-44.0192
-35.9457
-27.4977
-19.955
-13.9191
-9.35701
-5.98877
-3.53502
-1.77399
-0.533412
0.32039
0.889951
1.25302
1.46811
1.57897
1.61807
1.60927
1.56993
1.51242
1.44538
1.37457
1.30365
1.23473
1.1689
1.10648
1.04743
0.991435
0.938065
0.886821
0.837185
0.788692
0.740957
0.693717
0.646878
0.600498
0.554762
0.509923
0.466281
0.424008
0.383278
0.343855
0.305933
0.268482
0.232809
0.195306
0.162741
0.12015
0.0986226
0.0313533
0.061761
)
;

boundaryField
{
    outlet
    {
        type            fixedValue;
        value           uniform 0;
    }
    inlet
    {
        type            zeroGradient;
    }
    lowerWall
    {
        type            zeroGradient;
    }
    upperWall
    {
        type            zeroGradient;
    }
    frontAndBack
    {
        type            empty;
    }
}


// ************************************************************************* //
