/*--------------------------------*- C++ -*----------------------------------*\
| =========                 |                                                 |
| \\      /  F ield         | OpenFOAM: The Open Source CFD Toolbox           |
|  \\    /   O peration     | Version:  2.1.1                                 |
|   \\  /    A nd           | Web:      www.OpenFOAM.org                      |
|    \\/     M anipulation  |                                                 |
\*---------------------------------------------------------------------------*/
FoamFile
{
    version     2.0;
    format      ascii;
    class       volScalarField;
    location    "0.115";
    object      p;
}
// * * * * * * * * * * * * * * * * * * * * * * * * * * * * * * * * * * * * * //

dimensions      [0 2 -2 0 0 0 0];

internalField   nonuniform List<scalar> 
6820
(
-11.1529
-12.9993
-13.5745
-13.7028
-13.8103
-13.8902
-13.9454
-13.9927
-14.0362
-14.0763
-14.1139
-14.1496
-14.1838
-14.2166
-14.2481
-14.2785
-14.308
-14.3366
-14.3644
-14.3916
-14.4183
-14.4446
-14.4705
-14.496
-14.5213
-14.5461
-14.5704
-14.5939
-14.6155
-14.6343
-14.6464
-14.645
-14.6202
-15.1054
-14.5708
-14.1486
-13.959
-13.9349
-13.9468
-13.9678
-13.9966
-14.0298
-14.0643
-14.099
-14.1335
-14.1674
-14.2005
-14.2326
-14.2637
-14.294
-14.3234
-14.352
-14.38
-14.4074
-14.4343
-14.4608
-14.487
-14.5129
-14.5386
-14.5638
-14.5889
-14.6133
-14.639
-14.6642
-14.713
-14.7759
-13.4628
-13.1592
-13.446
-13.6914
-13.797
-13.873
-13.9328
-13.983
-14.028
-14.0692
-14.1076
-14.1437
-14.178
-14.2108
-14.2422
-14.2725
-14.3018
-14.3302
-14.3579
-14.385
-14.4116
-14.4378
-14.4637
-14.4894
-14.5149
-14.5403
-14.5656
-14.591
-14.6166
-14.6436
-14.6724
-14.7096
-14.75
-13.9698
-14.0042
-14.0018
-13.9429
-13.9357
-13.9568
-13.9839
-14.0136
-14.0454
-14.0779
-14.1103
-14.1423
-14.1738
-14.2047
-14.2349
-14.2644
-14.2932
-14.3214
-14.3491
-14.3762
-14.403
-14.4295
-14.4556
-14.4817
-14.5076
-14.5335
-14.5596
-14.5861
-14.6133
-14.6427
-14.6746
-14.7166
-14.765
-13.8143
-13.7143
-13.7587
-13.8252
-13.8787
-13.9259
-13.9673
-14.0055
-14.0424
-14.0778
-14.112
-14.1451
-14.1771
-14.2081
-14.2383
-14.2676
-14.2961
-14.324
-14.3512
-14.378
-14.4044
-14.4305
-14.4564
-14.4822
-14.5079
-14.5338
-14.56
-14.5868
-14.6146
-14.6446
-14.6774
-14.7164
-14.7597
-13.8693
-13.8528
-13.8782
-13.9016
-13.9245
-13.9544
-13.9866
-14.0191
-14.0518
-14.0843
-14.1162
-14.1475
-14.1781
-14.208
-14.2372
-14.2657
-14.2937
-14.321
-14.3479
-14.3744
-14.4006
-14.4265
-14.4523
-14.4781
-14.5038
-14.5299
-14.5563
-14.5834
-14.6117
-14.6419
-14.6747
-14.7118
-14.7521
-13.8673
-13.8463
-13.8624
-13.8916
-13.9222
-13.9557
-13.9893
-14.0222
-14.0546
-14.0867
-14.1181
-14.1489
-14.179
-14.2084
-14.2372
-14.2653
-14.2929
-14.32
-14.3466
-14.3728
-14.3987
-14.4244
-14.45
-14.4756
-14.5013
-14.5272
-14.5536
-14.5807
-14.609
-14.6388
-14.6707
-14.7054
-14.7422
-13.8813
-13.8737
-13.8893
-13.9142
-13.9399
-13.9686
-13.9989
-14.0294
-14.0601
-14.0907
-14.1209
-14.1507
-14.1799
-14.2085
-14.2366
-14.2642
-14.2912
-14.3178
-14.344
-14.3699
-14.3955
-14.4209
-14.4463
-14.4717
-14.4972
-14.5229
-14.5492
-14.5761
-14.604
-14.6332
-14.664
-14.6965
-14.7303
-13.8941
-13.8903
-13.9027
-13.9246
-13.949
-13.9764
-14.0054
-14.0348
-14.0644
-14.0939
-14.1232
-14.1521
-14.1805
-14.2085
-14.236
-14.263
-14.2895
-14.3157
-14.3415
-14.367
-14.3923
-14.4174
-14.4424
-14.4675
-14.4928
-14.5183
-14.5442
-14.5707
-14.598
-14.6264
-14.6558
-14.6863
-14.7174
-13.9075
-13.9069
-13.9185
-13.9383
-13.9609
-13.9862
-14.0132
-14.041
-14.0692
-14.0975
-14.1256
-14.1536
-14.1812
-14.2084
-14.2352
-14.2616
-14.2876
-14.3132
-14.3386
-14.3637
-14.3885
-14.4133
-14.438
-14.4627
-14.4876
-14.5127
-14.5382
-14.5641
-14.5907
-14.618
-14.6461
-14.6747
-14.7036
-13.9207
-13.9218
-13.9324
-13.9502
-13.9712
-13.9948
-14.0203
-14.0467
-14.0736
-14.1008
-14.1279
-14.1549
-14.1817
-14.2082
-14.2343
-14.2601
-14.2855
-14.3106
-14.3355
-14.3601
-14.3846
-14.4089
-14.4332
-14.4575
-14.4819
-14.5065
-14.5314
-14.5567
-14.5824
-14.6086
-14.6353
-14.6623
-14.6892
-13.9337
-13.9358
-13.9458
-13.962
-13.9815
-14.0035
-14.0274
-14.0524
-14.0781
-14.1041
-14.1302
-14.1563
-14.1822
-14.2079
-14.2333
-14.2584
-14.2833
-14.3078
-14.3322
-14.3563
-14.3802
-14.4041
-14.4279
-14.4517
-14.4756
-14.4996
-14.5238
-14.5483
-14.5731
-14.5982
-14.6236
-14.649
-14.6743
-13.9463
-13.9488
-13.9582
-13.9731
-13.9911
-14.0117
-14.0342
-14.0579
-14.0824
-14.1073
-14.1324
-14.1575
-14.1826
-14.2075
-14.2322
-14.2566
-14.2809
-14.3048
-14.3286
-14.3522
-14.3756
-14.3989
-14.4222
-14.4454
-14.4687
-14.492
-14.5155
-14.5392
-14.563
-14.587
-14.6111
-14.6351
-14.6588
-13.9582
-13.9609
-13.9698
-13.9835
-14.0003
-14.0196
-14.0408
-14.0632
-14.0865
-14.1103
-14.1344
-14.1586
-14.1828
-14.207
-14.2309
-14.2547
-14.2783
-14.3016
-14.3248
-14.3478
-14.3706
-14.3934
-14.416
-14.4386
-14.4612
-14.4839
-14.5066
-14.5294
-14.5522
-14.575
-14.5979
-14.6205
-14.6429
-13.9695
-13.9722
-13.9806
-13.9933
-14.009
-14.0271
-14.047
-14.0683
-14.0904
-14.1132
-14.1363
-14.1596
-14.183
-14.2063
-14.2295
-14.2526
-14.2754
-14.2982
-14.3207
-14.3431
-14.3653
-14.3874
-14.4094
-14.4314
-14.4533
-14.4751
-14.497
-14.5189
-14.5407
-14.5624
-14.584
-14.6054
-14.6265
-13.9801
-13.9827
-13.9907
-14.0025
-14.0171
-14.0341
-14.0529
-14.073
-14.0941
-14.1158
-14.138
-14.1604
-14.1829
-14.2054
-14.2279
-14.2502
-14.2724
-14.2945
-14.3164
-14.3381
-14.3597
-14.3811
-14.4024
-14.4237
-14.4448
-14.4659
-14.4868
-14.5077
-14.5285
-14.5492
-14.5696
-14.5898
-14.6096
-13.99
-13.9925
-13.9999
-14.011
-14.0247
-14.0406
-14.0583
-14.0774
-14.0975
-14.1182
-14.1394
-14.1609
-14.1826
-14.2043
-14.226
-14.2477
-14.2692
-14.2905
-14.3117
-14.3328
-14.3537
-14.3744
-14.395
-14.4155
-14.4358
-14.456
-14.4761
-14.4961
-14.5158
-14.5354
-14.5547
-14.5737
-14.5923
-13.999
-14.0014
-14.0085
-14.0188
-14.0316
-14.0466
-14.0633
-14.0814
-14.1005
-14.1203
-14.1406
-14.1613
-14.1821
-14.203
-14.224
-14.2448
-14.2656
-14.2863
-14.3068
-14.3271
-14.3473
-14.3673
-14.3872
-14.4068
-14.4264
-14.4457
-14.4649
-14.4838
-14.5026
-14.521
-14.5392
-14.557
-14.5745
-14.0073
-14.0096
-14.0162
-14.0259
-14.0379
-14.052
-14.0679
-14.085
-14.1031
-14.122
-14.1415
-14.1613
-14.1813
-14.2015
-14.2216
-14.2418
-14.2618
-14.2817
-14.3015
-14.3211
-14.3406
-14.3598
-14.3789
-14.3978
-14.4165
-14.4349
-14.4531
-14.4711
-14.4888
-14.5062
-14.5233
-14.54
-14.5563
-14.0148
-14.017
-14.0232
-14.0323
-14.0436
-14.0569
-14.0719
-14.0881
-14.1054
-14.1234
-14.142
-14.161
-14.1802
-14.1996
-14.219
-14.2384
-14.2577
-14.2769
-14.296
-14.3148
-14.3335
-14.352
-14.3703
-14.3883
-14.4061
-14.4237
-14.4409
-14.4579
-14.4746
-14.491
-14.5069
-14.5225
-14.5377
-14.0215
-14.0235
-14.0293
-14.0379
-14.0486
-14.0611
-14.0753
-14.0907
-14.1072
-14.1244
-14.1422
-14.1604
-14.1788
-14.1975
-14.2161
-14.2348
-14.2533
-14.2718
-14.2901
-14.3082
-14.3261
-14.3438
-14.3613
-14.3785
-14.3954
-14.412
-14.4284
-14.4444
-14.46
-14.4753
-14.4902
-14.5047
-14.5187
-14.0273
-14.0292
-14.0347
-14.0428
-14.0528
-14.0647
-14.0781
-14.0928
-14.1085
-14.1249
-14.142
-14.1594
-14.1771
-14.195
-14.2129
-14.2308
-14.2486
-14.2664
-14.2839
-14.3013
-14.3184
-14.3353
-14.3519
-14.3682
-14.3843
-14.4
-14.4154
-14.4304
-14.445
-14.4593
-14.4731
-14.4865
-14.4994
-14.0322
-14.034
-14.0392
-14.0468
-14.0563
-14.0676
-14.0804
-14.0944
-14.1093
-14.125
-14.1413
-14.158
-14.175
-14.1921
-14.2093
-14.2265
-14.2436
-14.2606
-14.2774
-14.294
-14.3104
-14.3265
-14.3422
-14.3577
-14.3729
-14.3877
-14.4021
-14.4161
-14.4298
-14.443
-14.4558
-14.4681
-14.4799
-14.0362
-14.0379
-14.0428
-14.0501
-14.0591
-14.0698
-14.0819
-14.0952
-14.1095
-14.1245
-14.1401
-14.1562
-14.1724
-14.1889
-14.2054
-14.2219
-14.2383
-14.2545
-14.2706
-14.2864
-14.302
-14.3173
-14.3322
-14.3469
-14.3611
-14.375
-14.3885
-14.4016
-14.4142
-14.4264
-14.4382
-14.4494
-14.4602
-14.0394
-14.041
-14.0456
-14.0525
-14.061
-14.0712
-14.0828
-14.0956
-14.1093
-14.1237
-14.1386
-14.154
-14.1696
-14.1854
-14.2012
-14.217
-14.2327
-14.2483
-14.2636
-14.2787
-14.2935
-14.3079
-14.3221
-14.3359
-14.3492
-14.3622
-14.3748
-14.3869
-14.3986
-14.4097
-14.4204
-14.4307
-14.4404
-14.0415
-14.0431
-14.0474
-14.0539
-14.062
-14.0717
-14.0828
-14.095
-14.1081
-14.1219
-14.1363
-14.151
-14.1661
-14.1812
-14.1964
-14.2116
-14.2266
-14.2414
-14.2561
-14.2704
-14.2845
-14.2982
-14.3115
-14.3245
-14.337
-14.3491
-14.3608
-14.3719
-14.3826
-14.3928
-14.4026
-14.4117
-14.4204
-14.0428
-14.0442
-14.0484
-14.0547
-14.0624
-14.0718
-14.0825
-14.0943
-14.1069
-14.1203
-14.1341
-14.1483
-14.1627
-14.1773
-14.1918
-14.2063
-14.2207
-14.2349
-14.2488
-14.2624
-14.2757
-14.2886
-14.3011
-14.3133
-14.3249
-14.3361
-14.3469
-14.3571
-14.3669
-14.3761
-14.3849
-14.393
-14.4007
-14.0429
-14.0442
-14.048
-14.0537
-14.0611
-14.0699
-14.0801
-14.0914
-14.1036
-14.1165
-14.1299
-14.1437
-14.1577
-14.1717
-14.1858
-14.1997
-14.2135
-14.2271
-14.2404
-14.2534
-14.266
-14.2782
-14.29
-14.3014
-14.3123
-14.3227
-14.3326
-14.342
-14.3508
-14.3592
-14.3669
-14.3742
-14.3809
-14.0422
-14.0437
-14.0476
-14.0535
-14.0608
-14.0696
-14.0796
-14.0906
-14.1025
-14.115
-14.1279
-14.1411
-14.1545
-14.168
-14.1815
-14.1948
-14.2079
-14.2208
-14.2334
-14.2456
-14.2575
-14.2689
-14.2799
-14.2904
-14.3005
-14.31
-14.3191
-14.3275
-14.3355
-14.3429
-14.3497
-14.356
-14.3617
-14.0399
-14.0405
-14.0433
-14.048
-14.0546
-14.0628
-14.0725
-14.0833
-14.0951
-14.1074
-14.1203
-14.1334
-14.1467
-14.1599
-14.1732
-14.1862
-14.199
-14.2115
-14.2237
-14.2355
-14.2468
-14.2577
-14.2681
-14.278
-14.2874
-14.2963
-14.3046
-14.3123
-14.3195
-14.3261
-14.3321
-14.3376
-14.3424
-14.0383
-14.0407
-14.045
-14.0507
-14.0578
-14.0661
-14.0755
-14.0859
-14.0971
-14.1088
-14.1209
-14.1333
-14.1458
-14.1583
-14.1707
-14.1829
-14.1949
-14.2066
-14.218
-14.2289
-14.2394
-14.2495
-14.2591
-14.2681
-14.2766
-14.2846
-14.2921
-14.2989
-14.3052
-14.3109
-14.316
-14.3205
-14.3244
-14.0302
-14.0282
-14.0283
-14.0316
-14.0379
-14.0464
-14.0565
-14.0678
-14.08
-14.0927
-14.1058
-14.119
-14.1321
-14.1452
-14.158
-14.1706
-14.1828
-14.1946
-14.2059
-14.2168
-14.2271
-14.237
-14.2462
-14.2549
-14.263
-14.2706
-14.2775
-14.2838
-14.2895
-14.2946
-14.299
-14.3029
-14.3061
-14.0365
-14.0428
-14.0484
-14.0531
-14.0586
-14.0656
-14.0738
-14.0831
-14.0932
-14.1039
-14.115
-14.1264
-14.1378
-14.1493
-14.1607
-14.1718
-14.1827
-14.1932
-14.2034
-14.2131
-14.2224
-14.2311
-14.2394
-14.2471
-14.2542
-14.2608
-14.2668
-14.2721
-14.2769
-14.2811
-14.2846
-14.2876
-14.2899
-14.0048
-13.9914
-13.9864
-13.991
-14.0005
-14.0125
-14.0259
-14.0401
-14.0548
-14.0697
-14.0844
-14.0989
-14.113
-14.1267
-14.1399
-14.1526
-14.1648
-14.1764
-14.1874
-14.1977
-14.2075
-14.2166
-14.225
-14.2328
-14.24
-14.2465
-14.2523
-14.2575
-14.2619
-14.2658
-14.2689
-14.2714
-14.2733
-14.0574
-14.0775
-14.0813
-14.0763
-14.0737
-14.0755
-14.0801
-14.0865
-14.0942
-14.1029
-14.1123
-14.1221
-14.1322
-14.1423
-14.1524
-14.1623
-14.172
-14.1814
-14.1903
-14.1989
-14.207
-14.2145
-14.2216
-14.228
-14.2339
-14.2392
-14.2439
-14.248
-14.2515
-14.2543
-14.2565
-14.2581
-14.2591
-13.9346
-13.8851
-13.8732
-13.8994
-13.9264
-13.9499
-13.973
-13.9953
-14.0164
-14.0362
-14.0549
-14.0726
-14.0891
-14.1047
-14.1193
-14.133
-14.1459
-14.1579
-14.1691
-14.1795
-14.1891
-14.198
-14.206
-14.2133
-14.2199
-14.2257
-14.2307
-14.2351
-14.2387
-14.2416
-14.2438
-14.2453
-14.246
-14.1821
-14.2167
-14.1855
-14.1422
-14.1131
-14.1018
-14.0984
-14.0984
-14.1013
-14.1064
-14.1129
-14.1204
-14.1284
-14.1368
-14.1454
-14.1539
-14.1623
-14.1704
-14.1782
-14.1856
-14.1926
-14.1992
-14.2051
-14.2106
-14.2155
-14.2198
-14.2235
-14.2265
-14.229
-14.2308
-14.232
-14.2327
-14.2327
-13.6897
-13.57
-13.6322
-13.7335
-13.807
-13.8578
-13.9007
-13.938
-13.9703
-13.9985
-14.0235
-14.0459
-14.0661
-14.0845
-14.1012
-14.1166
-14.1306
-14.1434
-14.1552
-14.1659
-14.1757
-14.1845
-14.1924
-14.1995
-14.2057
-14.211
-14.2156
-14.2194
-14.2224
-14.2247
-14.2261
-14.2269
-14.2269
-14.9039
-14.5648
-14.3009
-14.1832
-14.1328
-14.107
-14.0912
-14.0842
-14.0834
-14.0863
-14.0916
-14.0985
-14.1064
-14.1149
-14.1236
-14.1323
-14.141
-14.1494
-14.1574
-14.165
-14.1721
-14.1788
-14.1848
-14.1903
-14.1952
-14.1994
-14.203
-14.2059
-14.2082
-14.2099
-14.2109
-14.2112
-14.2109
-12.4001
-13.1066
-13.5109
-13.6629
-13.767
-13.8487
-13.9074
-13.9515
-13.987
-14.0162
-14.0407
-14.0618
-14.0804
-14.097
-14.1119
-14.1254
-14.1377
-14.149
-14.1592
-14.1685
-14.1769
-14.1845
-14.1913
-14.1972
-14.2024
-14.2068
-14.2104
-14.2133
-14.2154
-14.2168
-14.2175
-14.2175
-14.2167
-14.5171
-14.7442
-14.8989
-14.9846
-15.0354
-15.0697
-15.1014
-15.1427
-15.2014
-15.2786
-15.3722
-15.4792
-15.5951
-15.7151
-15.8344
-15.9487
-16.0545
-16.149
-16.2302
-16.2967
-16.3476
-16.3824
-16.401
-16.4033
-16.3893
-16.3589
-16.3117
-16.2475
-16.1657
-16.0659
-15.9473
-15.8094
-15.6519
-15.4742
-15.2762
-15.0579
-14.8195
-14.5616
-14.2849
-13.9905
-13.6797
-13.354
-13.0152
-12.6652
-12.3059
-11.9393
-11.5675
-11.1921
-10.8147
-10.4367
-10.0589
-9.68183
-9.30567
-8.93011
-8.55448
-8.17779
-7.79877
-7.41597
-7.02787
-6.63302
-6.23014
-5.81828
-5.39703
-4.96665
-4.52831
-4.08429
-3.63815
-3.19479
-2.76028
-2.34138
-1.94475
-1.57636
-1.24108
-0.942392
-0.682293
-0.461175
-0.277931
-0.130183
-0.0146091
0.0726886
0.135841
0.178924
0.205759
0.219773
0.223946
0.220783
0.212341
0.200248
0.18579
0.169876
0.15326
0.136256
0.119453
0.102434
0.0864456
0.0692331
0.0551729
0.0357102
0.0271081
-0.00217463
-15.137
-15.2665
-15.1886
-15.1134
-15.0678
-15.0349
-15.0276
-15.0447
-15.0916
-15.1667
-15.265
-15.3804
-15.5061
-15.6354
-15.7621
-15.8814
-15.9894
-16.0838
-16.1631
-16.2268
-16.2746
-16.3064
-16.3225
-16.3227
-16.3069
-16.2751
-16.2268
-16.1617
-16.0793
-15.9789
-15.8601
-15.7224
-15.5653
-15.3884
-15.1917
-14.975
-14.7387
-14.4833
-14.2096
-13.9185
-13.6113
-13.2896
-12.955
-12.6094
-12.2546
-11.8926
-11.5252
-11.1542
-10.781
-10.4069
-10.0328
-9.65908
-9.28596
-8.91312
-8.53992
-8.16536
-7.78822
-7.40708
-7.02046
-6.62695
-6.22532
-5.81474
-5.39492
-4.96633
-4.5304
-4.0897
-3.64801
-3.21028
-2.78229
-2.37018
-1.97994
-1.61701
-1.28597
-0.990179
-0.731616
-0.510745
-0.326601
-0.177004
-0.0588495
0.0315344
0.0980748
0.144674
0.175012
0.192415
0.199793
0.199605
0.193888
0.184264
0.172023
0.158089
0.143238
0.127802
0.112399
0.0966327
0.0817738
0.0655789
0.0524766
0.0338373
0.0261722
-0.00261125
-14.8074
-14.8013
-14.8224
-14.8823
-14.9417
-14.9865
-15.0207
-15.0642
-15.1196
-15.1882
-15.2702
-15.3643
-15.4674
-15.5756
-15.6848
-15.7913
-15.8915
-15.9823
-16.0613
-16.1265
-16.1767
-16.211
-16.229
-16.2305
-16.2154
-16.1836
-16.1351
-16.0696
-15.9867
-15.8862
-15.7674
-15.63
-15.4736
-15.2979
-15.1027
-14.888
-14.6542
-14.4018
-14.1314
-13.8441
-13.541
-13.2237
-12.8937
-12.5527
-12.2027
-11.8453
-11.4825
-11.1159
-10.7468
-10.3765
-10.0057
-9.63509
-9.26463
-8.89408
-8.52281
-8.14988
-7.77408
-7.39407
-7.00845
-6.61589
-6.21533
-5.8061
-5.38812
-4.96211
-4.52972
-4.09365
-3.6577
-3.22657
-2.80555
-2.40024
-2.01618
-1.6585
-1.33154
-1.03857
-0.781522
-0.560915
-0.375912
-0.224514
-0.103828
-0.0103956
0.0595088
0.109615
0.143464
0.16428
0.174897
0.17773
0.17479
0.167691
0.157727
0.145833
0.132803
0.118992
0.105041
0.0905767
0.0768912
0.0617582
0.0496454
0.0318748
0.0251573
-0.00306172
-14.8675
-14.9888
-15.0533
-15.0699
-15.0629
-15.051
-15.0492
-15.0727
-15.114
-15.1724
-15.2479
-15.3376
-15.437
-15.5411
-15.6453
-15.7452
-15.8375
-15.9195
-15.9895
-16.0463
-16.0891
-16.1174
-16.131
-16.1295
-16.1126
-16.0799
-16.0312
-15.9658
-15.8835
-15.7836
-15.6658
-15.5296
-15.3747
-15.2007
-15.0077
-14.7956
-14.5648
-14.3157
-14.0491
-13.7659
-13.4672
-13.1545
-12.8293
-12.4933
-12.1481
-11.7956
-11.4374
-11.075
-10.71
-10.3433
-9.97576
-9.6079
-9.23981
-8.87122
-8.50156
-8.12993
-7.75523
-7.3762
-6.99157
-6.60017
-6.20111
-5.79391
-5.37867
-4.95628
-4.5285
-4.09804
-3.66848
-3.2442
-2.83009
-2.43137
-2.05328
-1.70066
-1.37768
-1.08748
-0.831938
-0.611627
-0.425817
-0.272676
-0.149514
-0.0530786
0.0201588
0.0737576
0.111121
0.135366
0.149254
0.155149
0.155036
0.150516
0.142886
0.133091
0.12194
0.109811
0.0973644
0.0842528
0.0717861
0.0577592
0.0466729
0.0298118
0.0240665
-0.00353734
-14.8213
-14.8656
-14.8743
-14.8846
-14.912
-14.9537
-14.9968
-15.0395
-15.0916
-15.1551
-15.2297
-15.3135
-15.4036
-15.4968
-15.5899
-15.6798
-15.7638
-15.8395
-15.905
-15.9586
-15.999
-16.0255
-16.0374
-16.0341
-16.0154
-15.981
-15.9306
-15.8639
-15.7805
-15.68
-15.562
-15.4261
-15.2719
-15.0993
-14.9081
-14.6984
-14.4704
-14.2247
-13.9618
-13.6828
-13.3886
-13.0807
-12.7604
-12.4293
-12.0892
-11.7415
-11.3879
-11.03
-10.669
-10.3059
-9.94163
-9.57654
-9.2108
-8.84417
-8.47615
-8.10592
-7.73248
-7.3547
-6.97147
-6.58176
-6.18485
-5.78043
-5.36874
-4.95076
-4.52823
-4.10375
-3.6807
-3.26314
-2.85573
-2.46338
-2.09105
-1.74336
-1.42429
-1.13682
-0.882802
-0.662822
-0.476257
-0.321435
-0.195854
-0.0964654
-0.0199303
0.0371423
0.0780174
0.105705
0.12289
0.131884
0.134642
0.132754
0.127512
0.119872
0.110657
0.100265
0.0893743
0.0776648
0.0664619
0.0535849
0.043562
0.0276511
0.0229049
-0.00403632
-14.8057
-14.865
-14.914
-14.9566
-14.9874
-15.0005
-15.0205
-15.052
-15.0947
-15.1489
-15.2141
-15.2887
-15.37
-15.455
-15.5404
-15.6229
-15.6999
-15.7687
-15.8276
-15.875
-15.9099
-15.9315
-15.9393
-15.9327
-15.9115
-15.8752
-15.8235
-15.7559
-15.672
-15.5714
-15.4537
-15.3184
-15.1652
-14.994
-14.8047
-14.5974
-14.3722
-14.1298
-13.8706
-13.5957
-13.306
-13.0027
-12.6873
-12.3613
-12.0261
-11.6833
-11.3345
-10.9811
-10.6242
-10.2649
-9.904
-9.54187
-9.17868
-8.81426
-8.44814
-8.07961
-7.7078
-7.3317
-6.95033
-6.56285
-6.16865
-5.76754
-5.35987
-4.94662
-4.52948
-4.11095
-3.69423
-3.2832
-2.88226
-2.49609
-2.12939
-1.78654
-1.4713
-1.18655
-0.934063
-0.714451
-0.527187
-0.370746
-0.242808
-0.140519
-0.0607262
-0.000203387
0.0441763
0.0753154
0.0958185
0.107946
0.113618
0.114409
0.111608
0.106178
0.0989533
0.0903521
0.0810698
0.0708118
0.0609177
0.0492343
0.0403122
0.025392
0.0216742
-0.00455936
-14.7874
-14.8351
-14.8691
-14.8921
-14.9148
-14.9485
-14.9826
-15.0222
-15.0692
-15.1244
-15.1877
-15.2581
-15.3333
-15.411
-15.4885
-15.5631
-15.6324
-15.6944
-15.7472
-15.7895
-15.82
-15.838
-15.8426
-15.8334
-15.8099
-15.7715
-15.7181
-15.649
-15.5641
-15.4627
-15.3447
-15.2096
-15.0571
-14.8871
-14.6995
-14.4944
-14.272
-14.0328
-13.7773
-13.5064
-13.2212
-12.9226
-12.6122
-12.2911
-11.961
-11.6232
-11.2792
-10.9304
-10.5778
-10.2224
-9.865
-9.50599
-9.14554
-8.78353
-8.41957
-8.05303
-7.68314
-7.30903
-6.92986
-6.54489
-6.15366
-5.75606
-5.35249
-4.94396
-4.53213
-4.11939
-3.70883
-3.30416
-2.90953
-2.52941
-2.16821
-1.83011
-1.51867
-1.23661
-0.985672
-0.766468
-0.578561
-0.420564
-0.290335
-0.185202
-0.102195
-0.0382506
0.00962194
0.0442164
0.0680565
0.0833465
0.0919722
0.0954883
0.095179
0.0920118
0.086831
0.0800738
0.0724505
0.0636929
0.0551527
0.0447066
0.0369235
0.0230339
0.0203766
-0.00510802
-14.7704
-14.8145
-14.8523
-14.887
-14.9182
-14.9484
-14.9795
-15.0154
-15.0581
-15.1082
-15.1656
-15.229
-15.2969
-15.3669
-15.4368
-15.5041
-15.5666
-15.6222
-15.6692
-15.7062
-15.732
-15.7458
-15.7469
-15.7345
-15.7083
-15.6678
-15.6126
-15.5423
-15.4564
-15.3546
-15.2364
-15.1016
-14.95
-14.7812
-14.5953
-14.3924
-14.1728
-13.9367
-13.6849
-13.418
-13.1371
-12.8432
-12.5376
-12.2215
-11.8964
-11.5635
-11.2243
-10.8799
-10.5316
-10.1801
-9.82623
-9.47039
-9.11275
-8.75325
-8.39155
-8.02713
-7.6593
-7.28732
-6.91046
-6.52812
-6.13992
-5.74585
-5.34638
-4.94251
-4.5359
-4.12885
-3.72434
-3.32589
-2.93745
-2.56325
-2.20747
-1.87404
-1.56634
-1.28697
-1.03758
-0.818825
-0.630331
-0.470845
-0.338391
-0.230474
-0.144301
-0.0769677
-0.0256187
0.0124308
0.0396219
0.0581009
0.0697158
0.0760002
0.0782307
0.0773775
0.0742929
0.0694317
0.0635176
0.0563088
0.0491675
0.040002
0.0333965
0.0205766
0.0190146
-0.0056841
-14.7537
-14.7938
-14.8295
-14.8606
-14.8911
-14.9216
-14.9547
-14.9919
-15.0344
-15.0827
-15.1366
-15.1952
-15.2573
-15.3209
-15.3839
-15.4444
-15.5002
-15.5496
-15.5909
-15.6228
-15.6441
-15.654
-15.6516
-15.6364
-15.6077
-15.5652
-15.5083
-15.4366
-15.3498
-15.2475
-15.1292
-14.9948
-14.8439
-14.6764
-14.4922
-14.2915
-14.0745
-13.8416
-13.5934
-13.3305
-13.0539
-12.7646
-12.4637
-12.1525
-11.8322
-11.5041
-11.1696
-10.8297
-10.4855
-10.1379
-9.78759
-9.43493
-9.08016
-8.72323
-8.36389
-8.00168
-7.63602
-7.26628
-6.89184
-6.51221
-6.12711
-5.73662
-5.34125
-4.94204
-4.5406
-4.13919
-3.74063
-3.3483
-2.96596
-2.59758
-2.24712
-1.91829
-1.61428
-1.33757
-1.08975
-0.871474
-0.682448
-0.52154
-0.386929
-0.276292
-0.187006
-0.11632
-0.0615156
-0.020016
0.0105359
0.0322263
0.0468628
0.0559561
0.0607719
0.0622818
0.061344
0.0584295
0.0542739
0.0486617
0.0429637
0.0351216
0.0297325
0.0180204
0.0175911
-0.00628953
-14.737
-14.7742
-14.8089
-14.8411
-14.8726
-14.9041
-14.9371
-14.9732
-15.0134
-15.0584
-15.1078
-15.1612
-15.2172
-15.2743
-15.3308
-15.3846
-15.4341
-15.4775
-15.5133
-15.5402
-15.5571
-15.563
-15.5572
-15.539
-15.5078
-15.4631
-15.4046
-15.3316
-15.244
-15.1411
-15.0228
-14.8887
-14.7386
-14.5724
-14.39
-14.1915
-13.9772
-13.7474
-13.5026
-13.2437
-12.9712
-12.6864
-12.3901
-12.0836
-11.7681
-11.4448
-11.1148
-10.7793
-10.4393
-10.0955
-9.74872
-9.39928
-9.04742
-8.69315
-8.33626
-7.97637
-7.61301
-7.24564
-6.87374
-6.49693
-6.11503
-5.72819
-5.33697
-4.94242
-4.54615
-4.15032
-3.75766
-3.37137
-2.99501
-2.63235
-2.28711
-1.9628
-1.66244
-1.38837
-1.14213
-0.924366
-0.734864
-0.5726
-0.435902
-0.322612
-0.230267
-0.156271
-0.0980365
-0.0530962
-0.019178
0.00574232
0.0234297
0.0353691
0.0428136
0.0467337
0.0479916
0.0470731
0.0447242
0.0407552
0.0365444
0.0300677
0.025934
0.0153665
0.0161093
-0.00692635
-14.7202
-14.755
-14.7882
-14.8197
-14.8506
-14.8817
-14.9143
-14.9494
-14.9879
-15.0301
-15.0758
-15.1246
-15.1752
-15.2265
-15.2768
-15.3245
-15.368
-15.4057
-15.4361
-15.4582
-15.4707
-15.4727
-15.4635
-15.4423
-15.4087
-15.3619
-15.3017
-15.2275
-15.1389
-15.0356
-14.9172
-14.7835
-14.6342
-14.4692
-14.2885
-14.0922
-13.8805
-13.6537
-13.4124
-13.1572
-12.8889
-12.6084
-12.3166
-12.0148
-11.7039
-11.3852
-11.0597
-10.7286
-10.3926
-10.0527
-9.70945
-9.36326
-9.01438
-8.66285
-8.30852
-7.95108
-7.59015
-7.22528
-6.85605
-6.48218
-6.10358
-5.72048
-5.33347
-4.94362
-4.5525
-4.16222
-3.77538
-3.39504
-3.02457
-2.66752
-2.32742
-2.00755
-1.71078
-1.43932
-1.19466
-0.977453
-0.787527
-0.623976
-0.485262
-0.369386
-0.274042
-0.196781
-0.135147
-0.0867798
-0.0494939
-0.021329
-0.000565113
0.014255
0.0243688
0.030744
0.0342446
0.0353699
0.0348746
0.0325946
0.029914
0.0248438
0.0220044
0.0126165
0.0145731
-0.00759672
-14.7033
-14.7359
-14.7677
-14.7984
-14.8288
-14.8595
-14.8913
-14.9251
-14.9615
-15.0007
-15.0427
-15.0869
-15.1324
-15.178
-15.2225
-15.2643
-15.302
-15.3342
-15.3596
-15.3768
-15.3851
-15.3833
-15.3707
-15.3466
-15.3104
-15.2616
-15.1997
-15.1242
-15.0347
-14.9309
-14.8125
-14.6791
-14.5306
-14.3668
-14.1878
-13.9936
-13.7844
-13.5606
-13.3227
-13.0711
-12.8068
-12.5305
-12.2432
-11.9458
-11.6395
-11.3253
-11.0043
-10.6774
-10.3455
-10.0094
-9.66971
-9.32681
-8.98098
-8.63228
-8.28062
-7.92576
-7.56739
-7.20516
-6.83874
-6.46795
-6.09276
-5.71347
-5.33073
-4.9456
-4.55963
-4.17485
-3.79378
-3.4193
-3.05461
-2.70307
-2.368
-2.05249
-1.75925
-1.49038
-1.24731
-1.03068
-0.840389
-0.675616
-0.53496
-0.416568
-0.318287
-0.237811
-0.17281
-0.121034
-0.0803838
-0.0489636
-0.0251008
-0.00736871
0.00545262
0.0143255
0.0201141
0.0233295
0.0247334
0.0241867
0.0230786
0.0194547
0.017948
0.00977333
0.0129867
-0.00830274
-14.686
-14.7168
-14.747
-14.7767
-14.8061
-14.8359
-14.8666
-14.8988
-14.933
-14.9694
-15.0077
-15.0476
-15.0883
-15.1287
-15.1677
-15.204
-15.2362
-15.2632
-15.2835
-15.2962
-15.3002
-15.2947
-15.2787
-15.2517
-15.2131
-15.1622
-15.0986
-15.0218
-14.9314
-14.8272
-14.7086
-14.5756
-14.4278
-14.2652
-14.0878
-13.8957
-13.689
-13.4681
-13.2334
-12.9854
-12.725
-12.4528
-12.1697
-11.8768
-11.5749
-11.2652
-10.9485
-10.6258
-10.2979
-9.96564
-9.6295
-9.28994
-8.94722
-8.60145
-8.25257
-7.90041
-7.54475
-7.18529
-6.82182
-6.45422
-6.08255
-5.70717
-5.32874
-4.94835
-4.56751
-4.1882
-3.81281
-3.4441
-3.08509
-2.73895
-2.40881
-2.09758
-1.80781
-1.54151
-1.30002
-1.08401
-0.893397
-0.72747
-0.584945
-0.46411
-0.362956
-0.279317
-0.210988
-0.155826
-0.111817
-0.0771348
-0.0501544
-0.0294819
-0.0139176
-0.00250652
0.00561328
0.0109632
0.0143104
0.0155401
0.0160455
0.0139067
0.0137704
0.00684045
0.0113549
-0.00904641
-14.6685
-14.6974
-14.7262
-14.7546
-14.7829
-14.8115
-14.8409
-14.8713
-14.9032
-14.9367
-14.9715
-15.0072
-15.0433
-15.0788
-15.1126
-15.1436
-15.1707
-15.1925
-15.2081
-15.2164
-15.2163
-15.207
-15.1878
-15.1579
-15.1167
-15.0638
-14.9985
-14.9204
-14.8291
-14.7243
-14.6057
-14.473
-14.3259
-14.1645
-13.9887
-13.7985
-13.5943
-13.3761
-13.1446
-12.9001
-12.6434
-12.3752
-12.0963
-11.8077
-11.5102
-11.2047
-10.8923
-10.5737
-10.2499
-9.92139
-9.58885
-9.25267
-8.91313
-8.57037
-8.22438
-7.87506
-7.52222
-7.16569
-6.80529
-6.441
-6.07296
-5.70155
-5.32749
-4.95185
-4.57614
-4.20224
-3.83245
-3.46941
-3.11597
-2.77512
-2.4498
-2.14277
-1.85642
-1.59265
-1.35275
-1.13738
-0.9465
-0.779485
-0.635165
-0.511961
-0.408001
-0.321255
-0.24964
-0.191117
-0.143762
-0.105814
-0.0757003
-0.0520621
-0.0337221
-0.0197348
-0.00924259
-0.00171541
0.00361754
0.00666536
0.00882375
0.0082074
0.0094783
0.00382257
0.00968308
-0.00982946
-14.6506
-14.6778
-14.705
-14.7321
-14.7591
-14.7863
-14.814
-14.8425
-14.8721
-14.9026
-14.934
-14.9658
-14.9975
-15.0283
-15.0572
-15.0833
-15.1053
-15.1224
-15.1334
-15.1373
-15.1332
-15.1203
-15.0979
-15.0651
-15.0215
-14.9665
-14.8995
-14.8201
-14.7279
-14.6226
-14.5038
-14.3714
-14.225
-14.0647
-13.8904
-13.7022
-13.5002
-13.2848
-13.0563
-12.8152
-12.5621
-12.2978
-12.023
-11.7385
-11.4452
-11.144
-10.8358
-10.5213
-10.2014
-9.87672
-9.54778
-9.21502
-8.87873
-8.53908
-8.19609
-7.84971
-7.49984
-7.14636
-6.78917
-6.42831
-6.06398
-5.69662
-5.32696
-4.95609
-4.58547
-4.21693
-3.85268
-3.4952
-3.14722
-2.81154
-2.49094
-2.18802
-1.90502
-1.64375
-1.40544
-1.19074
-0.999644
-0.831608
-0.685568
-0.56007
-0.453375
-0.363581
-0.288724
-0.22687
-0.176182
-0.134969
-0.101711
-0.0750846
-0.0539388
-0.0373396
-0.024436
-0.0146907
-0.00733129
-0.00242534
0.00142417
0.00236602
0.0050795
0.000725442
0.00797694
-0.0106532
-14.6322
-14.6579
-14.6835
-14.709
-14.7346
-14.7602
-14.7862
-14.8127
-14.8398
-14.8675
-14.8955
-14.9236
-14.9511
-14.9774
-15.0017
-15.023
-15.0403
-15.0528
-15.0593
-15.0591
-15.0511
-15.0347
-15.009
-14.9735
-14.9274
-14.8703
-14.8016
-14.7209
-14.6279
-14.522
-14.4031
-14.2709
-14.1252
-13.9659
-13.7931
-13.6067
-13.407
-13.1941
-12.9686
-12.7308
-12.4812
-12.2207
-11.9498
-11.6693
-11.3802
-11.0831
-10.779
-10.4686
-10.1526
-9.83166
-9.50634
-9.17704
-8.84407
-8.5076
-8.16772
-7.82441
-7.47763
-7.12732
-6.77346
-6.41614
-6.05561
-5.69237
-5.32715
-4.96105
-4.59549
-4.23225
-3.87344
-3.52142
-3.17878
-2.84816
-2.53218
-2.23328
-1.95357
-1.69477
-1.45805
-1.24403
-1.05278
-0.883786
-0.736102
-0.608386
-0.499026
-0.406245
-0.328195
-0.263044
-0.209042
-0.164567
-0.128155
-0.098522
-0.0745431
-0.055299
-0.039947
-0.0279449
-0.0185201
-0.0117177
-0.00614088
-0.00360657
0.000582995
-0.00244398
0.0062426
-0.0115181
-14.6135
-14.6376
-14.6616
-14.6856
-14.7095
-14.7335
-14.7576
-14.7819
-14.8065
-14.8313
-14.8561
-14.8806
-14.9041
-14.9262
-14.9461
-14.9628
-14.9757
-14.9837
-14.986
-14.9818
-14.9701
-14.9502
-14.9214
-14.8831
-14.8346
-14.7754
-14.7051
-14.6231
-14.529
-14.4226
-14.3036
-14.1716
-14.0265
-13.8682
-13.6968
-13.5122
-13.3146
-13.1043
-12.8815
-12.6469
-12.4007
-12.1438
-11.8767
-11.6002
-11.3151
-11.0221
-10.722
-10.4155
-10.1034
-9.78627
-9.46458
-9.13878
-8.80918
-8.47598
-8.1393
-7.79918
-7.45561
-7.10859
-6.75817
-6.4045
-6.04786
-5.68879
-5.32804
-4.96671
-4.60618
-4.24817
-3.8947
-3.54804
-3.21062
-2.88494
-2.57347
-2.2785
-2.00202
-1.74565
-1.51051
-1.29722
-1.10584
-0.935965
-0.786711
-0.656855
-0.544905
-0.449201
-0.368008
-0.299596
-0.242301
-0.194572
-0.155001
-0.122345
-0.095508
-0.0735881
-0.0557534
-0.0414578
-0.0299309
-0.0211956
-0.0138572
-0.00969784
-0.00400105
-0.00567747
0.00448642
-0.012424
-14.5944
-14.6168
-14.6393
-14.6616
-14.6838
-14.706
-14.7282
-14.7503
-14.7724
-14.7944
-14.816
-14.837
-14.8567
-14.8748
-14.8904
-14.903
-14.9115
-14.9153
-14.9136
-14.9054
-14.8901
-14.8668
-14.835
-14.794
-14.7431
-14.6819
-14.6099
-14.5266
-14.4316
-14.3246
-14.2053
-14.0735
-13.929
-13.7717
-13.6016
-13.4187
-13.2232
-13.0152
-12.7952
-12.5636
-12.3208
-12.0673
-11.8039
-11.5313
-11.25
-10.961
-10.6648
-10.3623
-10.054
-9.74059
-9.42254
-9.10027
-8.7741
-8.44425
-8.11088
-7.77404
-7.4338
-7.0902
-6.74333
-6.39339
-6.04072
-5.68587
-5.32961
-4.97303
-4.61749
-4.26464
-3.91643
-3.57501
-3.24269
-2.92184
-2.61476
-2.32363
-2.05032
-1.79634
-1.56279
-1.35024
-1.15879
-0.98809
-0.837342
-0.705425
-0.590958
-0.492397
-0.408116
-0.336482
-0.275918
-0.224946
-0.182213
-0.14652
-0.116804
-0.0921801
-0.0718304
-0.0552067
-0.0415431
-0.0308404
-0.0217089
-0.0158936
-0.0086613
-0.00896538
0.00271494
-0.0133692
-14.5748
-14.5957
-14.6165
-14.6372
-14.6577
-14.678
-14.6981
-14.718
-14.7377
-14.7569
-14.7754
-14.7929
-14.8091
-14.8233
-14.8349
-14.8434
-14.8479
-14.8477
-14.842
-14.8301
-14.8113
-14.7848
-14.75
-14.7063
-14.6531
-14.5899
-14.5162
-14.4316
-14.3356
-14.2281
-14.1086
-13.9769
-13.8329
-13.6765
-13.5076
-13.3263
-13.1328
-12.9271
-12.7098
-12.481
-12.2414
-11.9913
-11.7315
-11.4625
-11.1851
-10.8999
-10.6076
-10.3089
-10.0044
-9.6947
-9.38029
-9.06158
-8.73889
-8.41247
-8.08248
-7.74904
-7.41224
-7.07216
-6.72895
-6.38283
-6.0342
-5.6836
-5.33185
-4.98001
-4.6294
-4.28164
-3.93858
-3.60229
-3.27494
-2.95879
-2.656
-2.36862
-2.0984
-1.84679
-1.61481
-1.40303
-1.21157
-1.04011
-0.88794
-0.754041
-0.637134
-0.535783
-0.448469
-0.373656
-0.30985
-0.255647
-0.209753
-0.171013
-0.138398
-0.111045
-0.0881504
-0.0691664
-0.0533341
-0.0406316
-0.029678
-0.0221776
-0.0133853
-0.0122965
0.000934659
-0.0143506
-14.5549
-14.5742
-14.5934
-14.6124
-14.6311
-14.6495
-14.6676
-14.6852
-14.7023
-14.7188
-14.7343
-14.7486
-14.7613
-14.7718
-14.7797
-14.7842
-14.7848
-14.7808
-14.7714
-14.7559
-14.7337
-14.7041
-14.6664
-14.6201
-14.5646
-14.4995
-14.4241
-14.3382
-14.2413
-14.1331
-14.0133
-13.8818
-13.7382
-13.5826
-13.4149
-13.2352
-13.0435
-12.8401
-12.6252
-12.3993
-12.1626
-11.9158
-11.6594
-11.394
-11.1203
-10.8388
-10.5503
-10.2554
-9.95464
-9.64865
-9.33789
-9.02276
-8.7036
-8.38067
-8.05416
-7.72422
-7.39095
-7.0545
-6.71503
-6.37283
-6.02828
-5.68199
-5.33475
-4.98761
-4.64189
-4.29912
-3.96112
-3.62982
-3.30733
-2.99575
-2.69714
-2.41341
-2.14623
-1.89695
-1.66654
-1.45555
-1.26411
-1.09196
-0.938451
-0.802649
-0.683378
-0.579307
-0.489018
-0.411069
-0.344052
-0.286634
-0.237581
-0.195786
-0.160256
-0.130149
-0.104683
-0.083309
-0.0652783
-0.050546
-0.0377445
-0.028532
-0.0181594
-0.0156577
-0.000848068
-0.0153628
-14.5346
-14.5524
-14.5699
-14.5872
-14.6041
-14.6206
-14.6365
-14.6519
-14.6666
-14.6804
-14.693
-14.7041
-14.7135
-14.7205
-14.7247
-14.7256
-14.7225
-14.7148
-14.7018
-14.6829
-14.6575
-14.6248
-14.5844
-14.5355
-14.4778
-14.4107
-14.3337
-14.2465
-14.1487
-14.0398
-13.9198
-13.7883
-13.6452
-13.4903
-13.3237
-13.1454
-12.9555
-12.7542
-12.5417
-12.3184
-12.0847
-11.841
-11.5879
-11.326
-11.0558
-10.7779
-10.4931
-10.2019
-9.90484
-9.60252
-9.29539
-8.98387
-8.66828
-8.34891
-8.02596
-7.69959
-7.36997
-7.03724
-6.70161
-6.36339
-6.02299
-5.68102
-5.33829
-4.99583
-4.65491
-4.31706
-3.98399
-3.65757
-3.33979
-3.03266
-2.73811
-2.45795
-2.19375
-1.94676
-1.71791
-1.50774
-1.31638
-1.14359
-0.98882
-0.851195
-0.729638
-0.622917
-0.529712
-0.448673
-0.378476
-0.317861
-0.265655
-0.220799
-0.182339
-0.149459
-0.121396
-0.0976036
-0.0773478
-0.0605579
-0.0458863
-0.0349363
-0.0229688
-0.0190338
-0.0026273
-0.0163976
-14.514
-14.5302
-14.5461
-14.5617
-14.5768
-14.5913
-14.6052
-14.6184
-14.6306
-14.6417
-14.6515
-14.6596
-14.6658
-14.6695
-14.6703
-14.6677
-14.6611
-14.6499
-14.6335
-14.6113
-14.5827
-14.5471
-14.504
-14.4527
-14.3928
-14.3238
-14.2452
-14.1567
-14.0579
-13.9484
-13.8281
-13.6966
-13.5538
-13.3997
-13.2341
-13.0572
-12.869
-12.6696
-12.4594
-12.2386
-12.0076
-11.7669
-11.517
-11.2584
-10.9916
-10.7173
-10.4361
-10.1485
-9.85505
-9.55637
-9.25287
-8.94497
-8.63299
-8.31723
-7.99791
-7.67522
-7.34932
-7.02041
-6.6887
-6.35453
-6.01832
-5.6807
-5.34246
-5.00463
-4.66845
-4.33541
-4.00715
-3.68548
-3.37229
-3.06947
-2.77888
-2.50219
-2.24089
-1.99616
-1.76888
-1.55954
-1.3683
-1.19496
-1.03899
-0.899624
-0.775859
-0.66656
-0.570498
-0.486417
-0.413074
-0.349282
-0.29393
-0.24601
-0.204607
-0.168934
-0.138251
-0.112017
-0.0895116
-0.0706389
-0.054079
-0.0413679
-0.0277977
-0.0224071
-0.00439783
-0.0174432
-14.4932
-14.5079
-14.5222
-14.536
-14.5493
-14.5619
-14.5737
-14.5846
-14.5945
-14.603
-14.6101
-14.6153
-14.6184
-14.6189
-14.6165
-14.6105
-14.6006
-14.586
-14.5664
-14.5411
-14.5095
-14.4711
-14.4253
-14.3717
-14.3097
-14.2388
-14.1587
-14.0689
-13.9691
-13.859
-13.7383
-13.6068
-13.4643
-13.3108
-13.1462
-12.9705
-12.7839
-12.5864
-12.3783
-12.1599
-11.9316
-11.6937
-11.4468
-11.1914
-10.9279
-10.657
-10.3792
-10.0952
-9.80536
-9.51028
-9.21039
-8.90611
-8.59778
-8.28569
-7.97007
-7.65113
-7.32905
-7.00404
-6.67633
-6.34626
-6.01429
-5.68102
-5.34725
-5.014
-4.68248
-4.35414
-4.03057
-3.7135
-3.40475
-3.10613
-2.81937
-2.54606
-2.2876
-2.04511
-1.81938
-1.61091
-1.41984
-1.24599
-1.08891
-0.947882
-0.821988
-0.710181
-0.611325
-0.524251
-0.447797
-0.380848
-0.322359
-0.271372
-0.227017
-0.188535
-0.155212
-0.126511
-0.101736
-0.0807578
-0.0622958
-0.0478015
-0.0326294
-0.025757
-0.00615588
-0.0184822
-14.4722
-14.4853
-14.498
-14.5101
-14.5216
-14.5323
-14.5421
-14.5508
-14.5583
-14.5644
-14.5688
-14.5713
-14.5715
-14.569
-14.5634
-14.5543
-14.5411
-14.5235
-14.5007
-14.4724
-14.438
-14.3969
-14.3486
-14.2927
-14.2286
-14.156
-14.0743
-13.9833
-13.8825
-13.7717
-13.6506
-13.5191
-13.3769
-13.2239
-13.0602
-12.8857
-12.7005
-12.5047
-12.2987
-12.0825
-11.8567
-11.6215
-11.3775
-11.1251
-10.8648
-10.5972
-10.3228
-10.0422
-9.75584
-9.46431
-9.16802
-8.86737
-8.5627
-8.25433
-7.94247
-7.62736
-7.30919
-6.98815
-6.66452
-6.33861
-6.0109
-5.68198
-5.35266
-5.02392
-4.69697
-4.37321
-4.05419
-3.74159
-3.43714
-3.14257
-2.85952
-2.58951
-2.33383
-2.09353
-1.86936
-1.66178
-1.47093
-1.29665
-1.13853
-0.995916
-0.867971
-0.753729
-0.65214
-0.562121
-0.482592
-0.41251
-0.350894
-0.296841
-0.249524
-0.208217
-0.172236
-0.141049
-0.113985
-0.0908808
-0.070508
-0.054209
-0.0374463
-0.029059
-0.00789998
-0.0194899
-14.4511
-14.4628
-14.4739
-14.4843
-14.494
-14.5028
-14.5106
-14.5172
-14.5224
-14.5261
-14.528
-14.5278
-14.5252
-14.5198
-14.5112
-14.4991
-14.483
-14.4623
-14.4366
-14.4055
-14.3683
-14.3246
-14.274
-14.2158
-14.1498
-14.0753
-13.9922
-13.8999
-13.7982
-13.6867
-13.5653
-13.4336
-13.2916
-13.1391
-12.9762
-12.8027
-12.6189
-12.4247
-12.2205
-12.0065
-11.783
-11.5504
-11.3091
-11.0596
-10.8023
-10.5378
-10.2667
-9.98946
-9.70657
-9.41853
-9.1258
-8.82878
-8.52781
-8.22319
-7.91517
-7.60396
-7.28976
-6.97279
-6.65329
-6.33161
-6.00818
-5.68361
-5.35869
-5.03439
-4.7119
-4.39259
-4.07798
-3.76968
-3.46938
-3.17873
-2.89929
-2.63248
-2.37952
-2.14138
-1.91876
-1.7121
-1.52151
-1.34687
-1.18779
-1.04367
-0.913752
-0.797147
-0.69289
-0.599977
-0.51741
-0.444219
-0.379488
-0.322368
-0.272083
-0.227936
-0.189281
-0.155587
-0.12622
-0.100971
-0.0786851
-0.06056
-0.042231
-0.032285
-0.00963297
-0.0204304
-14.4299
-14.4402
-14.4497
-14.4585
-14.4665
-14.4734
-14.4793
-14.4838
-14.4869
-14.4882
-14.4877
-14.4849
-14.4796
-14.4715
-14.4601
-14.4452
-14.4262
-14.4027
-14.3742
-14.3404
-14.3006
-14.2544
-14.2015
-14.1412
-14.0732
-13.9971
-13.9125
-13.819
-13.7164
-13.6042
-13.4823
-13.3505
-13.2087
-13.0566
-12.8943
-12.7219
-12.5392
-12.3466
-12.1441
-11.9321
-11.7108
-11.4805
-11.2418
-10.995
-10.7406
-10.4792
-10.2112
-9.93716
-9.65761
-9.37301
-9.08381
-8.79041
-8.49314
-8.19232
-7.88819
-7.58096
-7.27082
-6.95799
-6.64269
-6.32527
-6.00614
-5.68591
-5.36534
-5.04541
-4.72726
-4.41226
-4.10189
-3.79774
-3.50143
-3.21455
-2.93859
-2.67489
-2.42458
-2.18858
-1.96752
-1.7618
-1.57153
-1.39659
-1.23662
-1.09108
-0.959276
-0.840385
-0.733523
-0.63777
-0.552204
-0.475929
-0.408094
-0.347909
-0.294647
-0.247647
-0.206301
-0.170084
-0.138401
-0.110991
-0.0867946
-0.0668209
-0.0469661
-0.0354011
-0.0113641
-0.0212515
-14.409
-14.4178
-14.4258
-14.433
-14.4392
-14.4444
-14.4483
-14.4509
-14.4518
-14.451
-14.4481
-14.4428
-14.435
-14.4243
-14.4103
-14.3927
-14.371
-14.3448
-14.3137
-14.2773
-14.235
-14.1865
-14.1314
-14.0691
-13.9993
-13.9215
-13.8355
-13.7408
-13.6372
-13.5243
-13.402
-13.27
-13.1282
-12.9765
-12.8148
-12.6432
-12.4617
-12.2704
-12.0695
-11.8593
-11.64
-11.412
-11.1757
-10.9314
-10.6798
-10.4212
-10.1562
-9.88533
-9.60904
-9.32781
-9.04209
-8.75229
-8.45875
-8.16176
-7.86158
-7.5584
-7.2524
-6.94378
-6.63276
-6.31964
-6.00484
-5.68892
-5.37265
-5.05697
-4.74304
-4.4322
-4.1259
-3.82572
-3.53323
-3.24997
-2.97736
-2.71667
-2.46896
-2.23506
-2.01556
-1.81082
-1.62092
-1.44575
-1.28498
-1.1381
-1.00449
-0.883394
-0.773998
-0.675461
-0.586936
-0.507602
-0.436677
-0.373426
-0.317179
-0.267312
-0.223259
-0.184499
-0.150489
-0.120901
-0.0948043
-0.0729572
-0.0516373
-0.038369
-0.0131143
-0.0218783
-14.388
-14.3955
-14.4021
-14.4077
-14.4123
-14.4158
-14.4179
-14.4185
-14.4174
-14.4144
-14.4093
-14.4018
-14.3916
-14.3784
-14.3619
-14.3418
-14.3175
-14.2888
-14.2552
-14.2164
-14.1718
-14.1211
-14.0638
-13.9996
-13.928
-13.8487
-13.7612
-13.6654
-13.5608
-13.4473
-13.3245
-13.1923
-13.0505
-12.899
-12.7379
-12.567
-12.3865
-12.1964
-11.997
-11.7884
-11.571
-11.345
-11.1109
-10.869
-10.62
-10.3641
-10.102
-9.83407
-9.56092
-9.28298
-9.0007
-8.71448
-8.42467
-8.13156
-7.83538
-7.53632
-7.23456
-6.93024
-6.62356
-6.31479
-6.00432
-5.6927
-5.38065
-5.06911
-4.75925
-4.45237
-4.14996
-3.85354
-3.56469
-3.28488
-3.01549
-2.75772
-2.51254
-2.28072
-2.06279
-1.85905
-1.66959
-1.49426
-1.33278
-1.18467
-1.04935
-0.926137
-0.814283
-0.713021
-0.621582
-0.539215
-0.465208
-0.39889
-0.339646
-0.286893
-0.240114
-0.198791
-0.162444
-0.13066
-0.10268
-0.0789302
-0.0562305
-0.041141
-0.0149189
-0.0222005
-14.3677
-14.3738
-14.3789
-14.3831
-14.3861
-14.3879
-14.3882
-14.387
-14.384
-14.379
-14.3717
-14.362
-14.3496
-14.3341
-14.3152
-14.2926
-14.266
-14.2349
-14.199
-14.1578
-14.111
-14.0582
-13.999
-13.9329
-13.8596
-13.7788
-13.69
-13.593
-13.4875
-13.3732
-13.2499
-13.1175
-12.9756
-12.8244
-12.6636
-12.4934
-12.3137
-12.1247
-11.9266
-11.7195
-11.5037
-11.2796
-11.0475
-10.8079
-10.5612
-10.3079
-10.0485
-9.78343
-9.5133
-9.23857
-8.95966
-8.677
-8.39093
-8.10172
-7.80961
-7.51477
-7.21732
-6.9174
-6.61514
-6.31078
-6.00467
-5.6973
-5.38939
-5.08188
-4.7759
-4.47279
-4.17403
-3.88117
-3.59573
-3.31919
-3.05287
-2.7979
-2.55518
-2.32541
-2.10906
-1.90639
-1.71743
-1.54206
-1.37998
-1.23076
-1.09385
-0.968623
-0.8544
-0.750482
-0.656173
-0.570797
-0.493713
-0.424315
-0.362051
-0.306384
-0.256851
-0.212938
-0.174238
-0.140239
-0.110397
-0.0847071
-0.060743
-0.0436683
-0.0168431
-0.0220642
-14.3474
-14.3523
-14.3561
-14.3588
-14.3604
-14.3606
-14.3593
-14.3564
-14.3515
-14.3446
-14.3354
-14.3237
-14.3091
-14.2914
-14.2704
-14.2456
-14.2167
-14.1834
-14.1452
-14.1019
-14.0531
-13.9983
-13.9371
-13.8693
-13.7944
-13.7121
-13.6221
-13.524
-13.4175
-13.3025
-13.1787
-13.0459
-12.904
-12.7528
-12.5924
-12.4227
-12.2437
-12.0556
-11.8586
-11.6528
-11.4385
-11.2161
-10.9859
-10.7482
-10.5037
-10.2527
-9.99584
-9.73352
-9.4663
-9.19466
-8.91907
-8.63993
-8.3576
-8.07234
-7.78438
-7.49383
-7.20081
-6.90538
-6.60764
-6.30774
-6.00597
-5.70282
-5.39894
-5.09527
-4.79297
-4.49338
-4.198
-3.90841
-3.62615
-3.35268
-3.08927
-2.83699
-2.59669
-2.36898
-2.15425
-1.95271
-1.76438
-1.5891
-1.42657
-1.27639
-1.13803
-1.01091
-0.89442
-0.787913
-0.690771
-0.602395
-0.522224
-0.44972
-0.384401
-0.32578
-0.273453
-0.226911
-0.185839
-0.149596
-0.117919
-0.0902413
-0.0651648
-0.0458801
-0.0189755
-0.0212406
-14.3283
-14.3319
-14.3344
-14.3357
-14.3358
-14.3345
-14.3316
-14.327
-14.3204
-14.3117
-14.3006
-14.2869
-14.2704
-14.2507
-14.2275
-14.2006
-14.1696
-14.1342
-14.0941
-14.0488
-13.9979
-13.9413
-13.8784
-13.8089
-13.7325
-13.6488
-13.5575
-13.4583
-13.351
-13.2352
-13.1108
-12.9777
-12.8356
-12.6844
-12.5242
-12.3549
-12.1765
-11.9892
-11.7931
-11.5885
-11.3755
-11.1545
-10.9259
-10.6901
-10.4475
-10.1987
-9.94409
-9.6843
-9.41983
-9.15118
-8.87881
-8.60316
-8.32457
-8.04332
-7.75958
-7.47346
-7.185
-6.89421
-6.60109
-6.30574
-6.00837
-5.70938
-5.40943
-5.10942
-4.81054
-4.51416
-4.22184
-3.93519
-3.65579
-3.38512
-3.12442
-2.8747
-2.63675
-2.41111
-2.1981
-1.99787
-1.81037
-1.63542
-1.4727
-1.32179
-1.18218
-1.05334
-0.93468
-0.825643
-0.725683
-0.634285
-0.55097
-0.475283
-0.406825
-0.345163
-0.28997
-0.240735
-0.197255
-0.158729
-0.125243
-0.0955164
-0.0695227
-0.0477253
-0.0214807
-0.0194282
-14.3092
-14.3117
-14.3131
-14.3133
-14.3121
-14.3094
-14.3051
-14.299
-14.2908
-14.2805
-14.2677
-14.2522
-14.2338
-14.2123
-14.1872
-14.1584
-14.1255
-14.0882
-14.0461
-13.9989
-13.9463
-13.8879
-13.8233
-13.7522
-13.6743
-13.5893
-13.4968
-13.3966
-13.2884
-13.1719
-13.0469
-12.9133
-12.771
-12.6198
-12.4597
-12.2906
-12.1127
-11.926
-11.7307
-11.5269
-11.315
-11.0953
-10.8681
-10.6338
-10.393
-10.1461
-9.89363
-9.6362
-9.37432
-9.10853
-8.8393
-8.56709
-8.29224
-8.01502
-7.73558
-7.45398
-7.17019
-6.88413
-6.59571
-6.30491
-6.01186
-5.7169
-5.42062
-5.12395
-4.8281
-4.53452
-4.24484
-3.96078
-3.68397
-3.41592
-3.15786
-2.91075
-2.67528
-2.45191
-2.24087
-2.04222
-1.85585
-1.68153
-1.51888
-1.36748
-1.22681
-1.09635
-0.975582
-0.864002
-0.761155
-0.666633
-0.580068
-0.501085
-0.429367
-0.364546
-0.306383
-0.254371
-0.208429
-0.167565
-0.132299
-0.100447
-0.0737821
-0.0490798
-0.0245343
-0.0161604
-14.2919
-14.2933
-14.2934
-14.2923
-14.2898
-14.2858
-14.2801
-14.2725
-14.2628
-14.2508
-14.2364
-14.2193
-14.1992
-14.1759
-14.1491
-14.1185
-14.0838
-14.0447
-14.0009
-13.952
-13.8977
-13.8376
-13.7715
-13.699
-13.6198
-13.5335
-13.4399
-13.3386
-13.2295
-13.1123
-12.9868
-12.8527
-12.7101
-12.5587
-12.3986
-12.2297
-12.052
-11.8657
-11.671
-11.4679
-11.2569
-11.0381
-10.812
-10.5791
-10.3397
-10.0944
-9.84385
-9.58851
-9.329
-9.06587
-8.79966
-8.53081
-8.2597
-7.98659
-7.7116
-7.43473
-7.15587
-6.87482
-6.59136
-6.30533
-6.01673
-5.7258
-5.43308
-5.13949
-4.84629
-4.55504
-4.26748
-3.98546
-3.71075
-3.44493
-3.18927
-2.94473
-2.71193
-2.49124
-2.28277
-2.0864
-1.90189
-1.72882
-1.56675
-1.41516
-1.27355
-1.14145
-1.01842
-0.904081
-0.7981
-0.700171
-0.610033
-0.527455
-0.452219
-0.384025
-0.32274
-0.267833
-0.219364
-0.176103
-0.139096
-0.105037
-0.0780072
-0.0499165
-0.028495
-0.0108814
-14.2748
-14.2754
-14.2747
-14.2726
-14.2691
-14.264
-14.2571
-14.2483
-14.2374
-14.2241
-14.2082
-14.1896
-14.168
-14.1432
-14.1148
-14.0825
-14.0462
-14.0055
-13.9601
-13.9096
-13.8537
-13.7922
-13.7246
-13.6508
-13.5702
-13.4828
-13.388
-13.2858
-13.1758
-13.0579
-12.9317
-12.7972
-12.6542
-12.5026
-12.3423
-12.1734
-11.9959
-11.8099
-11.6156
-11.413
-11.2026
-10.9846
-10.7595
-10.5276
-10.2894
-10.0456
-9.79662
-9.54317
-9.28583
-9.0252
-8.76185
-8.49625
-8.22878
-7.95969
-7.68908
-7.41686
-7.14282
-6.86662
-6.58789
-6.30631
-6.02173
-5.73431
-5.44455
-5.15342
-4.86229
-4.57292
-4.28727
-4.0074
-3.73526
-3.47253
-3.22043
-2.97975
-2.75089
-2.53393
-2.32874
-2.135
-1.95231
-1.78022
-1.61824
-1.46591
-1.32279
-1.18851
-1.06271
-0.945111
-0.83553
-0.733862
-0.639967
-0.553593
-0.474649
-0.402973
-0.338482
-0.28062
-0.229605
-0.183929
-0.145258
-0.108941
-0.0819315
-0.0499194
-0.0335661
-0.0026913
-14.2596
-14.2591
-14.2573
-14.2541
-14.2495
-14.2432
-14.2351
-14.225
-14.2128
-14.1982
-14.181
-14.1611
-14.1381
-14.1118
-14.082
-14.0483
-14.0106
-13.9685
-13.9216
-13.8697
-13.8125
-13.7497
-13.6809
-13.6058
-13.5241
-13.4356
-13.3399
-13.2367
-13.1259
-13.0072
-12.8805
-12.7454
-12.6019
-12.45
-12.2895
-12.1205
-11.9429
-11.7569
-11.5626
-11.3602
-11.1501
-10.9324
-10.7077
-10.4763
-10.2389
-9.99595
-9.74811
-9.49604
-9.24041
-8.98191
-8.72115
-8.45867
-8.19491
-7.93012
-7.66437
-7.39751
-7.12918
-6.85887
-6.58596
-6.3099
-6.03032
-5.74722
-5.46105
-5.17282
-4.88405
-4.59672
-4.31307
-4.0354
-3.76588
-3.50628
-3.25773
-3.02083
-2.79571
-2.58216
-2.37977
-2.18806
-2.0065
-1.8346
-1.6719
-1.51803
-1.37266
-1.23553
-1.10646
-0.985317
-0.871997
-0.766339
-0.668314
-0.577996
-0.495412
-0.420337
-0.352755
-0.292072
-0.23867
-0.190717
-0.15059
-0.112074
-0.0855648
-0.0491326
-0.0403031
0.0091152
-14.2462
-14.2452
-14.2429
-14.2391
-14.2338
-14.2268
-14.2178
-14.2068
-14.1936
-14.178
-14.1597
-14.1386
-14.1145
-14.087
-14.0559
-14.021
-13.9819
-13.9385
-13.8903
-13.8371
-13.7787
-13.7146
-13.6446
-13.5684
-13.4856
-13.3961
-13.2994
-13.1954
-13.0838
-12.9644
-12.837
-12.7014
-12.5575
-12.4052
-12.2445
-12.0752
-11.8975
-11.7115
-11.5172
-11.315
-11.105
-10.8876
-10.6632
-10.4324
-10.1956
-9.95344
-9.70662
-9.45583
-9.20182
-8.94529
-8.68694
-8.42733
-8.16694
-7.90602
-7.6446
-7.38249
-7.1192
-6.8541
-6.58642
-6.31546
-6.04074
-5.76217
-5.48018
-5.19582
-4.91069
-4.62683
-4.3465
-4.07199
-3.8054
-3.54838
-3.30188
-3.06641
-2.84208
-2.62879
-2.42629
-2.23421
-2.05209
-1.87943
-1.71576
-1.56063
-1.41361
-1.27443
-1.14283
-1.01867
-0.902103
-0.79319
-0.691987
-0.598495
-0.512776
-0.434705
-0.364385
-0.301188
-0.245682
-0.195688
-0.154376
-0.113792
-0.0882911
-0.0470497
-0.0485397
0.0250699
-14.232
-14.2302
-14.2269
-14.2222
-14.2159
-14.208
-14.1981
-14.1863
-14.1721
-14.1556
-14.1364
-14.1144
-14.0893
-14.0609
-14.0288
-13.9929
-13.9529
-13.9085
-13.8594
-13.8053
-13.7459
-13.6809
-13.61
-13.5329
-13.4493
-13.3589
-13.2615
-13.1567
-13.0444
-12.9243
-12.7962
-12.66
-12.5155
-12.3625
-12.2012
-12.0314
-11.8531
-11.6665
-11.4716
-11.2688
-11.0582
-10.8403
-10.6155
-10.3842
-10.1471
-9.9048
-9.65814
-9.4079
-9.15495
-8.90017
-8.6444
-8.38842
-8.13281
-7.87794
-7.62387
-7.37028
-7.11646
-6.86133
-6.60357
-6.34176
-6.0747
-5.80165
-5.5226
-5.23847
-4.9511
-4.66315
-4.37771
-4.09808
-3.82739
-3.56804
-3.32123
-3.08728
-2.86586
-2.65625
-2.4575
-2.26867
-2.08889
-1.91744
-1.75378
-1.59762
-1.44876
-1.30716
-1.17294
-1.04617
-0.92674
-0.814776
-0.710504
-0.614073
-0.525649
-0.445115
-0.372617
-0.307445
-0.25034
-0.198745
-0.156658
-0.114294
-0.0902531
-0.0441269
-0.0577689
0.0432802
-14.226
-14.2241
-14.2206
-14.2156
-14.209
-14.2006
-14.1902
-14.1777
-14.1629
-14.1456
-14.1257
-14.1028
-14.0769
-14.0475
-14.0146
-13.9777
-13.9368
-13.8914
-13.8414
-13.7863
-13.726
-13.6601
-13.5883
-13.5104
-13.426
-13.3349
-13.2368
-13.1315
-13.0186
-12.898
-12.7695
-12.633
-12.4881
-12.335
-12.1734
-12.0034
-11.8251
-11.6384
-11.4435
-11.2406
-11.0301
-10.8122
-10.5873
-10.3561
-10.1192
-9.8771
-9.63075
-9.38097
-9.12864
-8.87469
-8.62
-8.36536
-8.11139
-7.85846
-7.6066
-7.35545
-7.10424
-6.85177
-6.59661
-6.33723
-6.07233
-5.80119
-5.52387
-5.24149
-4.95615
-4.67076
-4.38859
-4.11297
-3.847
-3.5925
-3.35009
-3.11948
-2.8999
-2.69058
-2.49085
-2.30012
-2.11793
-1.94391
-1.77785
-1.61949
-1.46859
-1.32507
-1.18882
-1.05988
-0.938415
-0.82459
-0.718587
-0.620509
-0.530514
-0.448487
-0.374642
-0.308213
-0.250133
-0.197475
-0.155083
-0.111359
-0.089101
-0.0385942
-0.0642421
0.0612913
-14.21
-14.2076
-14.2038
-14.1984
-14.1915
-14.1828
-14.1721
-14.1593
-14.1443
-14.1267
-14.1065
-14.0833
-14.057
-14.0273
-13.994
-13.9568
-13.9154
-13.8696
-13.819
-13.7634
-13.7025
-13.636
-13.5636
-13.485
-13.3998
-13.3079
-13.209
-13.1027
-12.9888
-12.8672
-12.7375
-12.5997
-12.4536
-12.299
-12.1358
-11.9641
-11.7839
-11.5951
-11.398
-11.1928
-10.9797
-10.759
-10.5313
-10.2972
-10.0572
-9.8124
-9.56359
-9.31192
-9.0586
-8.80491
-8.55214
-8.30147
-8.05386
-7.80989
-7.56958
-7.33224
-7.0964
-6.85991
-6.62006
-6.37407
-6.11956
-5.85509
-5.58063
-5.29767
-5.00911
-4.71874
-4.43066
-4.14885
-3.87714
-3.61794
-3.37156
-3.13798
-2.91644
-2.70599
-2.50571
-2.31477
-2.13244
-1.95812
-1.79137
-1.63201
-1.48
-1.33519
-1.1976
-1.06734
-0.944509
-0.829287
-0.7219
-0.622501
-0.531297
-0.44818
-0.3734
-0.306126
-0.247431
-0.194084
-0.151594
-0.106921
-0.0861733
-0.0323974
-0.0670967
0.075305
-14.2151
-14.2121
-14.2077
-14.2016
-14.1939
-14.1844
-14.1729
-14.1592
-14.1433
-14.1247
-14.1035
-14.0793
-14.052
-14.0213
-13.9869
-13.9487
-13.9063
-13.8594
-13.8078
-13.7513
-13.6894
-13.622
-13.5487
-13.4693
-13.3834
-13.2908
-13.1912
-13.0843
-12.9699
-12.8478
-12.7178
-12.5796
-12.4332
-12.2784
-12.1152
-11.9435
-11.7633
-11.5747
-11.3779
-11.1731
-10.9605
-10.7407
-10.5141
-10.2814
-10.0433
-9.80077
-9.55486
-9.30673
-9.05766
-8.80895
-8.56188
-8.31756
-8.07684
-7.84011
-7.60713
-7.37696
-7.14788
-6.91744
-6.68269
-6.44056
-6.18837
-5.92436
-5.64823
-5.36135
-5.06682
-4.76896
-4.47267
-4.18277
-3.90379
-3.63906
-3.38918
-3.15279
-2.92884
-2.71615
-2.51363
-2.32042
-2.13581
-1.95926
-1.79039
-1.62905
-1.4752
-1.32876
-1.18975
-1.05822
-0.934327
-0.818238
-0.710177
-0.610286
-0.518765
-0.435489
-0.360721
-0.293567
-0.235187
-0.182118
-0.140312
-0.0957468
-0.0766217
-0.0216436
-0.0616409
0.0857918
-15.6948
-15.6994
-15.7377
-15.7525
-15.7511
-15.7373
-15.7189
-15.7046
-15.7046
-15.7249
-15.7684
-15.8398
-15.9386
-16.0597
-16.1943
-16.3325
-16.465
-16.5846
-16.6865
-16.768
-16.8283
-16.8676
-16.8867
-16.8867
-16.8685
-16.8328
-16.78
-16.7102
-16.623
-16.5181
-16.395
-16.2531
-16.0921
-15.9123
-15.7129
-15.4912
-15.2464
-14.9797
-14.6913
-14.382
-14.0521
-13.7028
-13.3349
-12.9499
-12.5491
-12.134
-11.7064
-11.2679
-10.82
-10.3643
-9.90187
-9.43392
-8.96117
-8.48411
-8.00291
-7.51744
-7.02731
-6.53193
-6.03062
-5.52266
-5.00753
-4.48498
-3.95536
-3.41976
-2.88047
-2.34078
-1.80527
-1.28015
-0.773033
-0.292964
0.150147
0.546217
0.886019
1.16235
1.37113
1.51214
1.58912
1.60926
1.58205
1.51807
1.42776
1.32062
1.20469
1.08634
0.970266
0.859708
0.75665
0.662124
0.576459
0.499544
0.431211
0.37044
0.321285
0.273052
0.223548
0.171614
0.130785
0.0784984
0.0656184
-0.0208436
-15.772
-15.7988
-15.8152
-15.8298
-15.8114
-15.7679
-15.7168
-15.6866
-15.6802
-15.695
-15.7417
-15.827
-15.9483
-16.0952
-16.2533
-16.4084
-16.5496
-16.6701
-16.7667
-16.839
-16.8883
-16.9167
-16.9262
-16.9187
-16.8955
-16.8573
-16.8045
-16.7368
-16.6536
-16.5541
-16.4373
-16.3019
-16.1468
-15.9696
-15.7701
-15.5502
-15.3109
-15.0511
-14.7706
-14.4694
-14.148
-13.8072
-13.448
-13.0714
-12.679
-12.2723
-11.8529
-11.4226
-10.9829
-10.5354
-10.0815
-9.62225
-9.15862
-8.69118
-8.2202
-7.74566
-7.26725
-6.78443
-6.29651
-5.80277
-5.30261
-4.79558
-4.28165
-3.76146
-3.2367
-2.71018
-2.18589
-1.66926
-1.16716
-0.687863
-0.240672
0.164717
0.519115
0.814949
1.04738
1.21512
1.32076
1.37029
1.37217
1.33609
1.27186
1.18854
1.0939
0.99422
0.894265
0.797396
0.705816
0.62077
0.542858
0.472
0.407865
0.349751
0.293683
0.242801
0.200818
0.159485
0.126555
0.0801653
0.0649857
-0.0120724
-15.7191
-15.7699
-15.7746
-15.7787
-15.7601
-15.7413
-15.7293
-15.7359
-15.7666
-15.8258
-15.9133
-16.0238
-16.1487
-16.2786
-16.405
-16.5218
-16.6249
-16.7122
-16.7828
-16.8367
-16.8744
-16.8965
-16.9037
-16.8964
-16.8749
-16.8392
-16.7891
-16.7242
-16.6439
-16.5473
-16.4336
-16.3018
-16.151
-15.9811
-15.7903
-15.5784
-15.3453
-15.0909
-14.8154
-14.519
-14.2022
-13.866
-13.5113
-13.1393
-12.7516
-12.3496
-11.9352
-11.51
-11.0758
-10.634
-10.1862
-9.73355
-9.27696
-8.81707
-8.35416
-7.88824
-7.41897
-6.94578
-6.46794
-5.98463
-5.49511
-4.99883
-4.49562
-3.9859
-3.4708
-2.95244
-2.43433
-1.92156
-1.42068
-0.93967
-0.487649
-0.0743453
0.290783
0.599674
0.846854
1.0304
1.1523
1.21813
1.23602
1.21542
1.16592
1.09641
1.01452
0.92644
0.836866
0.749154
0.665536
0.587338
0.515238
0.44941
0.389739
0.335944
0.287733
0.242308
0.200426
0.157142
0.121807
0.0773528
0.0566733
-0.00410907
-15.6171
-15.6802
-15.6989
-15.7086
-15.7028
-15.6989
-15.7062
-15.735
-15.7881
-15.8659
-15.9657
-16.0817
-16.2068
-16.3335
-16.4554
-16.5673
-16.6658
-16.749
-16.8162
-16.8672
-16.9028
-16.9235
-16.93
-16.9228
-16.9021
-16.8678
-16.8197
-16.757
-16.679
-16.5848
-16.4733
-16.3436
-16.1944
-16.025
-15.8349
-15.6241
-15.3921
-15.139
-14.8646
-14.5694
-14.2538
-13.9187
-13.5652
-13.1945
-12.8084
-12.4083
-11.9962
-11.5738
-11.143
-10.7053
-10.2622
-9.81508
-9.36476
-8.91188
-8.45674
-7.99925
-7.53903
-7.07543
-6.60757
-6.13449
-5.65529
-5.16919
-4.67579
-4.17525
-3.66848
-3.15738
-2.64513
-2.13643
-1.63753
-1.15619
-0.701458
-0.283126
0.0891205
0.406875
0.664274
0.859034
0.99287
1.07112
1.10171
1.09387
1.05696
0.999644
0.929368
0.852157
0.772592
0.693943
0.618399
0.547275
0.481283
0.420567
0.365063
0.314145
0.266904
0.2226
0.183375
0.144664
0.113196
0.0738578
0.0524128
0.00133834
-15.5305
-15.6026
-15.6303
-15.6453
-15.6503
-15.6619
-15.6882
-15.7364
-15.8074
-15.8998
-16.0091
-16.1292
-16.2533
-16.3753
-16.49
-16.5941
-16.6853
-16.7624
-16.8251
-16.8736
-16.9082
-16.9294
-16.9373
-16.9322
-16.9139
-16.8821
-16.8364
-16.776
-16.7
-16.6075
-16.4975
-16.3691
-16.2212
-16.0532
-15.8643
-15.6542
-15.4226
-15.1694
-14.8948
-14.5991
-14.283
-13.9474
-13.5936
-13.2229
-12.8371
-12.4379
-12.0273
-11.6071
-11.1792
-10.7454
-10.307
-9.86544
-9.42158
-8.97602
-8.52896
-8.08025
-7.62939
-7.17561
-6.71789
-6.25513
-5.78622
-5.31024
-4.82658
-4.33518
-3.83671
-3.33285
-2.82657
-2.32232
-1.82615
-1.3457
-0.889948
-0.468694
-0.0917089
0.232478
0.497878
0.702079
0.846617
0.936541
0.979372
0.983878
0.959027
0.913213
0.853734
0.786512
0.71605
0.645567
0.577238
0.512411
0.451856
0.395837
0.344402
0.297168
0.253837
0.213231
0.176323
0.139272
0.108094
0.0708797
0.0482208
0.0034493
-15.4755
-15.5467
-15.5807
-15.601
-15.614
-15.6341
-15.6687
-15.7241
-15.801
-15.8975
-16.0087
-16.129
-16.252
-16.3726
-16.4861
-16.5896
-16.6809
-16.759
-16.8235
-16.8743
-16.9116
-16.9356
-16.9466
-16.9443
-16.9288
-16.8995
-16.8558
-16.7971
-16.7225
-16.6309
-16.5215
-16.3932
-16.2451
-16.0765
-15.8868
-15.6756
-15.4426
-15.1879
-14.9116
-14.6141
-14.2963
-13.9593
-13.6042
-13.2328
-12.8467
-12.4479
-12.0385
-11.6203
-11.1953
-10.7653
-10.3318
-9.89602
-9.45887
-9.02086
-8.58211
-8.14234
-7.70094
-7.25698
-6.8093
-6.35665
-5.89777
-5.43156
-4.95726
-4.47465
-3.98427
-3.48767
-2.98768
-2.48864
-1.99649
-1.51876
-1.06438
-0.64308
-0.264525
0.062942
0.333557
0.545064
0.698924
0.799768
0.85443
0.871009
0.858038
0.823697
0.775135
0.718116
0.656999
0.59491
0.534
0.475643
0.42067
0.369418
0.322015
0.278109
0.237509
0.199282
0.164617
0.130247
0.101189
0.0670235
0.0450905
0.00454432
-15.4665
-15.5284
-15.5587
-15.5776
-15.5922
-15.6146
-15.651
-15.707
-15.7834
-15.8785
-15.988
-16.1066
-16.2285
-16.3486
-16.4627
-16.5675
-16.6611
-16.7422
-16.8102
-16.8647
-16.9059
-16.9337
-16.9481
-16.949
-16.936
-16.9088
-16.8667
-16.8091
-16.7349
-16.6435
-16.5337
-16.4046
-16.2554
-16.0854
-15.8941
-15.6809
-15.4458
-15.1888
-14.9101
-14.6104
-14.2904
-13.9515
-13.595
-13.2226
-12.8363
-12.438
-12.0299
-11.6139
-11.1921
-10.7663
-10.338
-9.90826
-9.47805
-9.04774
-8.61734
-8.18645
-7.75431
-7.31986
-6.88179
-6.43872
-5.98925
-5.53216
-5.06659
-4.59222
-4.10952
-3.62
-3.12643
-2.63312
-2.14596
-1.67247
-1.22146
-0.802473
-0.424826
-0.0963706
0.177643
0.395228
0.55758
0.668546
0.734112
0.761882
0.760188
0.737011
0.69921
0.652257
0.600309
0.546399
0.492675
0.440562
0.390973
0.344348
0.300923
0.260476
0.223005
0.187625
0.155325
0.123145
0.0956396
0.0635085
0.0424095
0.0045372
-15.4504
-15.5037
-15.5332
-15.553
-15.5691
-15.5922
-15.6279
-15.6813
-15.7541
-15.8452
-15.9512
-16.0673
-16.1881
-16.3086
-16.4244
-16.5323
-16.6298
-16.7153
-16.7878
-16.847
-16.8924
-16.924
-16.9416
-16.9451
-16.9341
-16.9082
-16.8668
-16.8093
-16.7349
-16.6426
-16.5316
-16.4009
-16.2499
-16.0778
-15.8841
-15.6684
-15.4307
-15.171
-14.8898
-14.5877
-14.2656
-13.925
-13.5672
-13.1943
-12.808
-12.4106
-12.0043
-11.591
-11.1729
-10.7517
-10.3288
-9.90546
-9.48233
-9.05975
-8.63759
-8.21533
-7.79207
-7.3666
-6.93751
-6.50329
-6.06245
-5.61369
-5.15609
-4.68931
-4.21381
-3.73111
-3.24403
-2.7569
-2.27563
-1.80766
-1.36165
-0.946771
-0.571722
-0.243625
0.0328089
0.255507
0.424908
0.544061
0.618673
0.656344
0.665201
0.652761
0.625382
0.58817
0.545075
0.499057
0.452268
0.40619
0.361816
0.319679
0.280107
0.242971
0.208378
0.175543
0.145469
0.115469
0.0897744
0.0597375
0.0400115
0.0040984
-15.4889
-15.5232
-15.5368
-15.5453
-15.5542
-15.5715
-15.6014
-15.6486
-15.715
-15.8002
-15.9016
-16.0147
-16.1345
-16.2558
-16.3741
-16.4856
-16.5875
-16.6777
-16.7549
-16.8185
-16.8677
-16.9025
-16.9226
-16.9279
-16.918
-16.8925
-16.8511
-16.793
-16.7176
-16.6239
-16.5111
-16.3785
-16.2252
-16.0507
-15.8546
-15.6364
-15.3961
-15.134
-14.8505
-14.5464
-14.2227
-13.8809
-13.5226
-13.1497
-12.7642
-12.3684
-11.9645
-11.5546
-11.1407
-10.7245
-10.3074
-9.89058
-9.47459
-9.05963
-8.64545
-8.2314
-7.81646
-7.3993
-6.97842
-6.5522
-6.1191
-5.6778
-5.22737
-4.76748
-4.29866
-3.82249
-3.34187
-2.8612
-2.38639
-1.92477
-1.48466
-1.07464
-0.702621
-0.375102
-0.0968355
0.129383
0.303416
0.42845
0.510533
0.557146
0.57584
0.573453
0.555814
0.527691
0.492859
0.454216
0.413925
0.373519
0.334066
0.296183
0.260288
0.226344
0.194562
0.164231
0.136343
0.108376
0.0843908
0.0561332
0.0378648
0.00336145
-15.4521
-15.491
-15.5089
-15.5193
-15.5261
-15.5388
-15.562
-15.6015
-15.6603
-15.7391
-15.8358
-15.9465
-16.0659
-16.1888
-16.31
-16.4255
-16.5318
-16.6266
-16.7081
-16.7753
-16.8277
-16.8649
-16.8867
-16.8929
-16.8834
-16.8579
-16.816
-16.7569
-16.6802
-16.5849
-16.4703
-16.3357
-16.1804
-16.0037
-15.8054
-15.5851
-15.3428
-15.0789
-14.7938
-14.4885
-14.164
-13.8218
-13.4638
-13.0918
-12.708
-12.3147
-11.914
-11.508
-11.0988
-10.688
-10.2771
-9.86684
-9.45789
-9.05029
-8.64369
-8.2373
-7.82999
-7.42036
-7.00681
-6.58769
-6.16143
-5.72671
-5.28264
-4.82897
-4.3663
-3.89634
-3.42208
-2.94797
-2.47985
-2.02481
-1.59063
-1.1852
-0.81589
-0.489346
-0.210992
0.0161078
0.192419
0.32185
0.410502
0.465278
0.492961
0.499736
0.490969
0.471144
0.443885
0.412032
0.377751
0.342617
0.30776
0.273869
0.241437
0.210508
0.181372
0.153387
0.127571
0.101515
0.0792167
0.0526027
0.0358854
0.00250191
-15.5585
-15.5539
-15.5379
-15.5222
-15.5099
-15.5056
-15.5135
-15.5396
-15.5877
-15.6589
-15.7512
-15.8603
-15.9806
-16.1059
-16.2308
-16.3504
-16.4609
-16.5596
-16.6446
-16.7147
-16.7693
-16.8081
-16.8309
-16.8377
-16.8284
-16.8026
-16.76
-16.7
-16.622
-16.5254
-16.4093
-16.2732
-16.1162
-15.9381
-15.7382
-15.5165
-15.2731
-15.0082
-14.7224
-14.4168
-14.0925
-13.7511
-13.3944
-13.0243
-12.6431
-12.253
-11.8562
-11.4548
-11.0508
-10.6458
-10.241
-9.83728
-9.43514
-9.03451
-8.63493
-8.23553
-7.83508
-7.43211
-7.02499
-6.61204
-6.19172
-5.76273
-5.32426
-4.87616
-4.41914
-3.95503
-3.48689
-3.01915
-2.55746
-2.10849
-1.67949
-1.27804
-0.911819
-0.588067
-0.312166
-0.0862032
0.0913231
0.22459
0.319219
0.381359
0.417091
0.432054
0.431235
0.418875
0.398464
0.372786
0.344
0.313713
0.283102
0.252917
0.223717
0.195614
0.168966
0.143191
0.119336
0.095066
0.0743793
0.0492488
0.0340681
0.00159979
-15.4244
-15.4715
-15.4789
-15.4714
-15.4523
-15.4368
-15.4334
-15.4506
-15.493
-15.5614
-15.6533
-15.7637
-15.8863
-16.0146
-16.1427
-16.2654
-16.3787
-16.4797
-16.5667
-16.6382
-16.694
-16.7336
-16.757
-16.764
-16.7545
-16.7283
-16.685
-16.6243
-16.5454
-16.4479
-16.3309
-16.1937
-16.0359
-15.8569
-15.6563
-15.4341
-15.1903
-14.9254
-14.6401
-14.3352
-14.0122
-13.6725
-13.318
-12.9508
-12.5731
-12.187
-11.7947
-11.3984
-10.9999
-10.6007
-10.202
-9.80464
-9.40893
-9.01474
-8.62152
-8.22833
-7.8339
-7.4367
-7.0351
-6.62743
-6.21217
-5.78812
-5.35453
-4.91138
-4.4595
-4.00078
-3.5383
-3.07633
-2.62024
-2.17638
-1.75198
-1.35506
-0.993783
-0.675091
-0.403176
-0.178889
-0.000258004
0.136583
0.236602
0.305275
0.348111
0.370312
0.376547
0.370851
0.356591
0.336491
0.312699
0.28684
0.260128
0.233363
0.207158
0.181681
0.157353
0.133637
0.11162
0.0890104
0.0698534
0.0460795
0.0323923
0.000710655
-15.7211
-15.6237
-15.5447
-15.4842
-15.4328
-15.3938
-15.3724
-15.3764
-15.4098
-15.473
-15.5626
-15.6726
-15.796
-15.9255
-16.0548
-16.1784
-16.2924
-16.3939
-16.481
-16.5526
-16.6083
-16.6475
-16.6704
-16.6769
-16.6668
-16.64
-16.5961
-16.5348
-16.4553
-16.3572
-16.2396
-16.1021
-15.9439
-15.7647
-15.5642
-15.3422
-15.099
-14.835
-14.5509
-14.2477
-13.9269
-13.5899
-13.2386
-12.875
-12.5014
-12.1199
-11.7327
-11.3417
-10.9487
-10.5553
-10.1626
-9.7712
-9.3814
-8.99302
-8.60543
-8.21764
-7.82835
-7.43604
-7.03907
-6.63581
-6.22482
-5.80495
-5.37559
-4.93678
-4.48943
-4.03544
-3.57779
-3.12061
-2.66918
-2.23009
-1.81108
-1.42048
-1.06602
-0.753392
-0.485483
-0.262529
-0.0826803
0.0574404
0.16223
0.236627
0.285686
0.314247
0.326716
0.326942
0.31818
0.303099
0.283826
0.261993
0.238845
0.215219
0.191774
0.168728
0.14655
0.124745
0.104442
0.0833711
0.0656511
0.0431181
0.0308519
-0.000133129
-15.2573
-15.3695
-15.3743
-15.3624
-15.3226
-15.2878
-15.2712
-15.2821
-15.3229
-15.3922
-15.4854
-15.5968
-15.7198
-15.8479
-15.9752
-16.0968
-16.2088
-16.3085
-16.394
-16.4642
-16.5184
-16.5565
-16.5782
-16.5836
-16.5725
-16.5448
-16.5001
-16.4379
-16.3578
-16.2592
-16.1413
-16.0036
-15.8455
-15.6666
-15.4666
-15.2455
-15.0035
-14.7411
-14.459
-14.1583
-13.8404
-13.5068
-13.1594
-12.8001
-12.4311
-12.0546
-11.6726
-11.287
-10.8996
-10.5119
-10.1247
-9.73874
-9.35424
-8.97094
-8.58818
-8.20496
-7.81995
-7.43166
-7.03848
-6.63884
-6.23135
-5.81497
-5.38913
-4.95394
-4.51032
-4.06014
-3.60637
-3.15327
-2.70655
-2.27322
-1.86123
-1.4784
-1.13128
-0.824319
-0.559714
-0.337647
-0.156567
-0.0135196
0.0954416
0.17483
0.229327
0.26347
0.281438
0.28692
0.283068
0.272491
0.257295
0.239114
0.219212
0.198458
0.177547
0.156739
0.136547
0.116508
0.0977935
0.078146
0.0617663
0.0403717
0.0294394
-0.000912227
-16.0922
-15.6043
-15.5203
-15.4102
-15.3176
-15.2576
-15.2255
-15.2247
-15.2567
-15.3198
-15.4099
-15.5201
-15.6431
-15.7713
-15.8983
-16.019
-16.1296
-16.2274
-16.3108
-16.3789
-16.431
-16.467
-16.4869
-16.4905
-16.4777
-16.4485
-16.4025
-16.3393
-16.2583
-16.159
-16.0407
-15.9029
-15.745
-15.5666
-15.3675
-15.1477
-14.9074
-14.6471
-14.3676
-14.07
-13.7555
-13.4258
-13.0827
-12.7281
-12.3641
-11.9927
-11.616
-11.2358
-10.8537
-10.4712
-10.0891
-9.70799
-9.32811
-8.94914
-8.57041
-8.1909
-7.80933
-7.42422
-7.034
-6.63716
-6.23238
-5.81867
-5.39552
-4.9631
-4.52237
-4.07534
-3.62525
-3.17678
-2.73593
-2.30984
-1.90593
-1.53104
-1.1906
-0.888378
-0.626385
-0.404919
-0.222689
-0.0770727
0.0355195
0.119254
0.178504
0.21755
0.240372
0.250519
0.251045
0.244507
0.232984
0.218108
0.201157
0.183023
0.164434
0.145681
0.127316
0.108906
0.0916596
0.0733245
0.0581893
0.037839
0.0281502
-0.00161952
)
;

boundaryField
{
    outlet
    {
        type            fixedValue;
        value           uniform 0;
    }
    inlet
    {
        type            zeroGradient;
    }
    lowerWall
    {
        type            zeroGradient;
    }
    upperWall
    {
        type            zeroGradient;
    }
    frontAndBack
    {
        type            empty;
    }
}


// ************************************************************************* //
