/*--------------------------------*- C++ -*----------------------------------*\
| =========                 |                                                 |
| \\      /  F ield         | OpenFOAM: The Open Source CFD Toolbox           |
|  \\    /   O peration     | Version:  2.1.1                                 |
|   \\  /    A nd           | Web:      www.OpenFOAM.org                      |
|    \\/     M anipulation  |                                                 |
\*---------------------------------------------------------------------------*/
FoamFile
{
    version     2.0;
    format      ascii;
    class       volScalarField;
    location    "0.075";
    object      nuSgs;
}
// * * * * * * * * * * * * * * * * * * * * * * * * * * * * * * * * * * * * * //

dimensions      [0 2 -1 0 0 0 0];

internalField   nonuniform List<scalar> 
6820
(
0.000556016
0.000457373
0.000368009
0.00030585
0.000268481
0.000242657
0.000223572
0.000208899
0.000196974
0.000186891
0.000178133
0.000170367
0.00016337
0.000156986
0.000151098
0.000145622
0.000140488
0.000135646
0.000131054
0.000126678
0.000122493
0.000118476
0.000114614
0.000110892
0.000107306
0.000103854
0.000100537
9.73706e-05
9.43627e-05
9.1585e-05
8.89888e-05
8.67418e-05
8.4137e-05
0.00010351
0.000170699
0.00022371
0.000240078
0.00023529
0.000224874
0.000213105
0.000201732
0.000191397
0.000182119
0.000173781
0.000166249
0.0001594
0.00015313
0.000147355
0.000142004
0.00013702
0.000132353
0.000127962
0.000123812
0.000119874
0.000116121
0.000112532
0.000109087
0.000105768
0.000102559
9.94466e-05
9.64077e-05
9.34427e-05
9.04599e-05
8.75394e-05
8.41669e-05
8.08722e-05
3.67747e-05
2.84643e-05
4.56951e-05
8.24733e-05
0.000108211
0.000123899
0.000132412
0.000136338
0.000137503
0.00013698
0.000135411
0.000133193
0.000130579
0.000127734
0.000124766
0.000121748
0.000118726
0.000115734
0.000112792
0.000109913
0.000107105
0.000104373
0.000101716
9.91326e-05
9.66199e-05
9.41712e-05
9.17781e-05
8.94246e-05
8.70954e-05
8.47315e-05
8.23077e-05
7.95918e-05
7.66578e-05
2.07385e-05
2.8671e-05
2.65226e-05
1.49946e-05
3.63091e-06
1.4157e-05
2.61515e-05
3.61566e-05
4.42734e-05
5.07724e-05
5.59255e-05
5.99755e-05
6.31202e-05
6.55176e-05
6.73022e-05
6.85847e-05
6.94564e-05
6.99923e-05
7.02542e-05
7.02928e-05
7.01494e-05
6.98577e-05
6.94446e-05
6.89311e-05
6.83332e-05
6.76609e-05
6.69192e-05
6.61045e-05
6.52078e-05
6.41979e-05
6.30467e-05
6.17027e-05
6.01799e-05
1.44252e-05
1.75692e-05
2.25885e-05
2.42853e-05
2.39501e-05
2.19441e-05
1.90021e-05
1.56601e-05
1.21505e-05
8.62362e-06
5.18977e-06
1.9506e-06
1.38901e-06
4.19989e-06
6.86824e-06
9.32932e-06
1.1584e-05
1.3642e-05
1.55166e-05
1.72221e-05
1.87732e-05
2.01837e-05
2.14664e-05
2.26319e-05
2.36889e-05
2.46426e-05
2.54948e-05
2.62417e-05
2.68755e-05
2.73804e-05
2.77432e-05
2.7983e-05
2.81219e-05
1.09273e-05
1.24815e-05
1.37952e-05
1.43062e-05
1.51009e-05
1.57541e-05
1.61468e-05
1.63682e-05
1.64192e-05
1.63021e-05
1.60379e-05
1.56491e-05
1.51541e-05
1.45671e-05
1.39062e-05
1.31883e-05
1.24279e-05
1.16373e-05
1.08266e-05
1.00038e-05
9.17508e-06
8.34564e-06
7.5197e-06
6.7011e-06
5.8937e-06
5.1019e-06
4.33076e-06
3.58641e-06
2.87465e-06
2.19967e-06
1.57063e-06
1.02789e-06
9.68097e-07
8.25449e-06
9.41465e-06
1.02169e-05
1.00059e-05
9.81295e-06
9.63644e-06
9.45926e-06
9.38342e-06
9.39747e-06
9.45692e-06
9.53453e-06
9.61173e-06
9.67819e-06
9.73021e-06
9.7644e-06
9.77906e-06
9.77396e-06
9.74979e-06
9.70784e-06
9.64978e-06
9.57752e-06
9.49315e-06
9.39891e-06
9.29715e-06
9.19039e-06
9.08121e-06
8.97206e-06
8.86478e-06
8.75947e-06
8.65125e-06
8.5303e-06
8.36277e-06
8.12542e-06
6.37383e-06
7.39872e-06
8.18634e-06
8.03758e-06
7.71855e-06
7.37209e-06
6.98874e-06
6.65959e-06
6.40354e-06
6.20026e-06
6.03739e-06
5.90608e-06
5.79775e-06
5.70623e-06
5.62763e-06
5.55915e-06
5.49864e-06
5.44464e-06
5.39625e-06
5.35309e-06
5.3152e-06
5.283e-06
5.25724e-06
5.23888e-06
5.22905e-06
5.22875e-06
5.23857e-06
5.25786e-06
5.28399e-06
5.30959e-06
5.32337e-06
5.2999e-06
5.2187e-06
5.01661e-06
5.85239e-06
6.51327e-06
6.49297e-06
6.31493e-06
6.09899e-06
5.80813e-06
5.514e-06
5.25469e-06
5.02642e-06
4.82447e-06
4.64548e-06
4.48476e-06
4.33833e-06
4.20353e-06
4.07838e-06
3.96143e-06
3.85172e-06
3.74865e-06
3.65191e-06
3.56143e-06
3.47731e-06
3.39982e-06
3.32924e-06
3.26581e-06
3.20943e-06
3.15934e-06
3.11355e-06
3.06831e-06
3.01657e-06
2.94899e-06
2.84925e-06
2.70504e-06
4.01436e-06
4.70493e-06
5.28214e-06
5.33672e-06
5.22246e-06
5.06467e-06
4.83988e-06
4.60229e-06
4.389e-06
4.19888e-06
4.02733e-06
3.87214e-06
3.73026e-06
3.59882e-06
3.47591e-06
3.36022e-06
3.25075e-06
3.14678e-06
3.0478e-06
2.95348e-06
2.8636e-06
2.778e-06
2.69652e-06
2.61889e-06
2.54454e-06
2.47239e-06
2.40055e-06
2.32585e-06
2.24362e-06
2.14679e-06
2.02707e-06
1.87277e-06
1.67608e-06
3.25819e-06
3.83647e-06
4.34197e-06
4.43557e-06
4.36743e-06
4.25633e-06
4.08571e-06
3.89173e-06
3.70853e-06
3.54019e-06
3.38525e-06
3.24364e-06
3.11401e-06
2.99435e-06
2.8831e-06
2.77905e-06
2.68117e-06
2.58865e-06
2.50088e-06
2.41737e-06
2.33771e-06
2.26147e-06
2.18812e-06
2.11693e-06
2.04676e-06
1.97589e-06
1.90175e-06
1.8206e-06
1.72745e-06
1.61552e-06
1.47721e-06
1.30322e-06
1.0858e-06
2.67496e-06
3.16513e-06
3.61748e-06
3.74403e-06
3.71925e-06
3.64438e-06
3.51123e-06
3.34743e-06
3.18544e-06
3.0333e-06
2.8914e-06
2.76041e-06
2.63982e-06
2.52819e-06
2.42426e-06
2.32704e-06
2.23566e-06
2.1494e-06
2.06763e-06
1.9898e-06
1.91536e-06
1.84368e-06
1.77395e-06
1.7051e-06
1.63565e-06
1.56352e-06
1.48586e-06
1.39889e-06
1.29785e-06
1.17678e-06
1.0291e-06
8.4761e-07
6.2403e-07
2.21503e-06
2.63839e-06
3.05185e-06
3.20173e-06
3.21032e-06
3.16373e-06
3.06201e-06
2.92687e-06
2.78661e-06
2.65081e-06
2.52124e-06
2.39947e-06
2.28602e-06
2.1803e-06
2.08156e-06
1.98913e-06
1.9023e-06
1.82041e-06
1.74283e-06
1.66891e-06
1.59798e-06
1.52923e-06
1.46167e-06
1.39402e-06
1.32463e-06
1.2513e-06
1.17129e-06
1.08115e-06
9.76872e-07
8.53894e-07
7.07773e-07
5.35752e-07
3.39289e-07
1.8448e-06
2.21854e-06
2.6036e-06
2.77206e-06
2.80976e-06
2.7884e-06
2.71316e-06
2.60191e-06
2.47951e-06
2.3569e-06
2.23748e-06
2.12364e-06
2.01663e-06
1.91643e-06
1.82262e-06
1.73469e-06
1.65207e-06
1.57414e-06
1.50028e-06
1.42983e-06
1.36205e-06
1.29607e-06
1.23085e-06
1.1651e-06
1.09724e-06
1.02537e-06
9.47269e-07
8.60553e-07
7.63068e-07
6.53734e-07
5.35147e-07
4.2159e-07
3.56852e-07
1.54077e-06
1.87918e-06
2.24443e-06
2.42858e-06
2.49093e-06
2.4909e-06
2.4374e-06
2.34653e-06
2.24032e-06
2.13023e-06
2.02067e-06
1.91458e-06
1.8137e-06
1.71854e-06
1.62906e-06
1.54499e-06
1.46596e-06
1.39148e-06
1.32098e-06
1.25384e-06
1.18935e-06
1.1267e-06
1.06493e-06
1.00296e-06
9.39583e-07
8.73572e-07
8.03871e-07
7.30037e-07
6.5323e-07
5.78051e-07
5.16288e-07
4.90751e-07
5.28746e-07
1.28626e-06
1.60138e-06
1.95377e-06
2.15172e-06
2.2356e-06
2.25483e-06
2.22061e-06
2.14794e-06
2.05638e-06
1.95751e-06
1.85666e-06
1.75735e-06
1.66185e-06
1.57118e-06
1.48563e-06
1.40521e-06
1.3297e-06
1.25872e-06
1.1918e-06
1.12842e-06
1.06796e-06
1.00977e-06
9.53166e-07
8.97457e-07
8.42091e-07
7.8683e-07
7.32126e-07
6.7972e-07
6.33667e-07
6.01361e-07
5.94147e-07
6.24398e-07
7.00687e-07
1.06919e-06
1.37153e-06
1.71696e-06
1.92763e-06
2.03064e-06
2.06738e-06
2.05024e-06
1.99363e-06
1.91532e-06
1.82685e-06
1.73426e-06
1.64156e-06
1.55144e-06
1.46529e-06
1.38374e-06
1.30703e-06
1.23512e-06
1.16782e-06
1.10479e-06
1.04566e-06
9.90018e-07
9.37454e-07
8.87632e-07
8.40368e-07
7.95792e-07
7.54575e-07
7.18262e-07
6.89648e-07
6.73161e-07
6.74613e-07
7.00569e-07
7.55908e-07
8.43737e-07
8.80707e-07
1.17992e-06
1.52352e-06
1.74621e-06
1.86646e-06
1.91936e-06
1.91787e-06
1.876e-06
1.81012e-06
1.73155e-06
1.64688e-06
1.56055e-06
1.47561e-06
1.39385e-06
1.31625e-06
1.24328e-06
1.17513e-06
1.11179e-06
1.05309e-06
9.98835e-07
9.4883e-07
9.02932e-07
8.61133e-07
8.23659e-07
7.91107e-07
7.64595e-07
7.45923e-07
7.37635e-07
7.42991e-07
7.65424e-07
8.08248e-07
8.73235e-07
9.61893e-07
7.14446e-07
1.01992e-06
1.3661e-06
1.6003e-06
1.73624e-06
1.80418e-06
1.81718e-06
1.7889e-06
1.73462e-06
1.66545e-06
1.58836e-06
1.50822e-06
1.42839e-06
1.35102e-06
1.27738e-06
1.20819e-06
1.14383e-06
1.08447e-06
1.03012e-06
9.80772e-07
9.36399e-07
8.97077e-07
8.63027e-07
8.34665e-07
8.1273e-07
7.98326e-07
7.92957e-07
7.98441e-07
8.16807e-07
8.49872e-07
8.99299e-07
9.65565e-07
1.0496e-06
5.66218e-07
8.8761e-07
1.23983e-06
1.485e-06
1.63524e-06
1.71719e-06
1.74371e-06
1.72813e-06
1.68487e-06
1.62479e-06
1.55517e-06
1.48118e-06
1.40652e-06
1.33363e-06
1.26405e-06
1.19874e-06
1.13829e-06
1.08303e-06
1.03313e-06
9.887e-07
9.49866e-07
9.16806e-07
8.89793e-07
8.69294e-07
8.55968e-07
8.50671e-07
8.54424e-07
8.6832e-07
8.93517e-07
9.30922e-07
9.81332e-07
1.04471e-06
1.12157e-06
4.34548e-07
7.81517e-07
1.14184e-06
1.39716e-06
1.56032e-06
1.65526e-06
1.6944e-06
1.69065e-06
1.65772e-06
1.60623e-06
1.54364e-06
1.47541e-06
1.40549e-06
1.3366e-06
1.27051e-06
1.20844e-06
1.15113e-06
1.09906e-06
1.05252e-06
1.01174e-06
9.76888e-07
9.48192e-07
9.25934e-07
9.10492e-07
9.0232e-07
9.01997e-07
9.10161e-07
9.27461e-07
9.54459e-07
9.91491e-07
1.03888e-06
1.0963e-06
1.16406e-06
3.23489e-07
7.02978e-07
1.07103e-06
1.33515e-06
1.50976e-06
1.61666e-06
1.66757e-06
1.67496e-06
1.6519e-06
1.60881e-06
1.55324e-06
1.49086e-06
1.42587e-06
1.36118e-06
1.29882e-06
1.24014e-06
1.18602e-06
1.13707e-06
1.09364e-06
1.05602e-06
1.02441e-06
9.9901e-07
9.80037e-07
9.67745e-07
9.62445e-07
9.64473e-07
9.74125e-07
9.9166e-07
1.01733e-06
1.05122e-06
1.09337e-06
1.14342e-06
1.20139e-06
2.49595e-07
6.5519e-07
1.02754e-06
1.29845e-06
1.48288e-06
1.60049e-06
1.66208e-06
1.67951e-06
1.66527e-06
1.6295e-06
1.57981e-06
1.52205e-06
1.46061e-06
1.39864e-06
1.33836e-06
1.2813e-06
1.2285e-06
1.18063e-06
1.13818e-06
1.10142e-06
1.0706e-06
1.04586e-06
1.02738e-06
1.01529e-06
1.00973e-06
1.01082e-06
1.01869e-06
1.03342e-06
1.05504e-06
1.08339e-06
1.11834e-06
1.1595e-06
1.20679e-06
2.45946e-07
6.42356e-07
1.01244e-06
1.2876e-06
1.48023e-06
1.60757e-06
1.67925e-06
1.70645e-06
1.7011e-06
1.67307e-06
1.62993e-06
1.57761e-06
1.52061e-06
1.4622e-06
1.40472e-06
1.34981e-06
1.2986e-06
1.25186e-06
1.21008e-06
1.1736e-06
1.14263e-06
1.11732e-06
1.09776e-06
1.08403e-06
1.07619e-06
1.07426e-06
1.07823e-06
1.08802e-06
1.10352e-06
1.12458e-06
1.15097e-06
1.18247e-06
1.2187e-06
3.19285e-07
6.68334e-07
1.0279e-06
1.30407e-06
1.50271e-06
1.63791e-06
1.71772e-06
1.75241e-06
1.75338e-06
1.73027e-06
1.69067e-06
1.64066e-06
1.58491e-06
1.52689e-06
1.46912e-06
1.41338e-06
1.3609e-06
1.3125e-06
1.26875e-06
1.22996e-06
1.19635e-06
1.16804e-06
1.14505e-06
1.12741e-06
1.11507e-06
1.10797e-06
1.10603e-06
1.10915e-06
1.11714e-06
1.12977e-06
1.14674e-06
1.16782e-06
1.19262e-06
4.40386e-07
7.33434e-07
1.0758e-06
1.35033e-06
1.55389e-06
1.69704e-06
1.78597e-06
1.8299e-06
1.83957e-06
1.82411e-06
1.79089e-06
1.74587e-06
1.69374e-06
1.63803e-06
1.58134e-06
1.52558e-06
1.47208e-06
1.42178e-06
1.37532e-06
1.3331e-06
1.29537e-06
1.26227e-06
1.23385e-06
1.21013e-06
1.19105e-06
1.17653e-06
1.16646e-06
1.1607e-06
1.15907e-06
1.1614e-06
1.1674e-06
1.17716e-06
1.18982e-06
5.91214e-07
8.36783e-07
1.15876e-06
1.42871e-06
1.63388e-06
1.78077e-06
1.87344e-06
1.92025e-06
1.93168e-06
1.91689e-06
1.88339e-06
1.83731e-06
1.78347e-06
1.72552e-06
1.66613e-06
1.60721e-06
1.55013e-06
1.49581e-06
1.44486e-06
1.39767e-06
1.35445e-06
1.31533e-06
1.28033e-06
1.24944e-06
1.22259e-06
1.19969e-06
1.18063e-06
1.16529e-06
1.1535e-06
1.14511e-06
1.13982e-06
1.13769e-06
1.13801e-06
7.67882e-07
9.7694e-07
1.27921e-06
1.54529e-06
1.75524e-06
1.91177e-06
2.01608e-06
2.07459e-06
2.09654e-06
2.09028e-06
2.06291e-06
2.02047e-06
1.96792e-06
1.90915e-06
1.8471e-06
1.78401e-06
1.72147e-06
1.66064e-06
1.60231e-06
1.54698e-06
1.49498e-06
1.44648e-06
1.40155e-06
1.3602e-06
1.32239e-06
1.28803e-06
1.25703e-06
1.22929e-06
1.20469e-06
1.18317e-06
1.16446e-06
1.14906e-06
1.13552e-06
9.74774e-07
1.15911e-06
1.4442e-06
1.70157e-06
1.90569e-06
2.05678e-06
2.15516e-06
2.20766e-06
2.22419e-06
2.21344e-06
2.18244e-06
2.13699e-06
2.08175e-06
2.02026e-06
1.9552e-06
1.88858e-06
1.82185e-06
1.75606e-06
1.69196e-06
1.63006e-06
1.57067e-06
1.51401e-06
1.46017e-06
1.4092e-06
1.36109e-06
1.31581e-06
1.27331e-06
1.23355e-06
1.19645e-06
1.16199e-06
1.12994e-06
1.10069e-06
1.07312e-06
1.21582e-06
1.37971e-06
1.65425e-06
1.91684e-06
2.13854e-06
2.31338e-06
2.43505e-06
2.50637e-06
2.53572e-06
2.53165e-06
2.50181e-06
2.45301e-06
2.39099e-06
2.32024e-06
2.24421e-06
2.16547e-06
2.0859e-06
2.00681e-06
1.92909e-06
1.85335e-06
1.77994e-06
1.70909e-06
1.64087e-06
1.57533e-06
1.51244e-06
1.45216e-06
1.39444e-06
1.33925e-06
1.28654e-06
1.23638e-06
1.18856e-06
1.14394e-06
1.10033e-06
1.51182e-06
1.67268e-06
1.93541e-06
2.17315e-06
2.36277e-06
2.50665e-06
2.60366e-06
2.65897e-06
2.68074e-06
2.67542e-06
2.6481e-06
2.60343e-06
2.5455e-06
2.47776e-06
2.40305e-06
2.32372e-06
2.24163e-06
2.15823e-06
2.07461e-06
1.99157e-06
1.90968e-06
1.82933e-06
1.75076e-06
1.6741e-06
1.59943e-06
1.52678e-06
1.45615e-06
1.38756e-06
1.32099e-06
1.25652e-06
1.19396e-06
1.1339e-06
1.07467e-06
1.85449e-06
1.99421e-06
2.27536e-06
2.57131e-06
2.8348e-06
3.04282e-06
3.18048e-06
3.25237e-06
3.2721e-06
3.2522e-06
3.20294e-06
3.13285e-06
3.0486e-06
2.95505e-06
2.8557e-06
2.75306e-06
2.64891e-06
2.54447e-06
2.44063e-06
2.33798e-06
2.23692e-06
2.13772e-06
2.04052e-06
1.94542e-06
1.85244e-06
1.76161e-06
1.67292e-06
1.58642e-06
1.50212e-06
1.42021e-06
1.34049e-06
1.26412e-06
1.18806e-06
2.33922e-06
2.51149e-06
2.73694e-06
2.90817e-06
3.0523e-06
3.18789e-06
3.30193e-06
3.38516e-06
3.43547e-06
3.45237e-06
3.43756e-06
3.39525e-06
3.33051e-06
3.2483e-06
3.15306e-06
3.04859e-06
2.93798e-06
2.82367e-06
2.70749e-06
2.59081e-06
2.47461e-06
2.35955e-06
2.24607e-06
2.13446e-06
2.02488e-06
1.9174e-06
1.81209e-06
1.70902e-06
1.60824e-06
1.50995e-06
1.41411e-06
1.32161e-06
1.2303e-06
2.81942e-06
2.95373e-06
3.38285e-06
3.83137e-06
4.17467e-06
4.39251e-06
4.49419e-06
4.51045e-06
4.47105e-06
4.3941e-06
4.29076e-06
4.16902e-06
4.03446e-06
3.89095e-06
3.74148e-06
3.58854e-06
3.43414e-06
3.27996e-06
3.12734e-06
2.97731e-06
2.8306e-06
2.68774e-06
2.54902e-06
2.41457e-06
2.28442e-06
2.15848e-06
2.03667e-06
1.91889e-06
1.80512e-06
1.69555e-06
1.5901e-06
1.49038e-06
1.39292e-06
3.8653e-06
3.98886e-06
3.9344e-06
3.89917e-06
4.04328e-06
4.29048e-06
4.51553e-06
4.66913e-06
4.74837e-06
4.76303e-06
4.72929e-06
4.66482e-06
4.58392e-06
4.49654e-06
4.40897e-06
4.32467e-06
4.24501e-06
4.17014e-06
4.09952e-06
4.03236e-06
3.9678e-06
3.9051e-06
3.84361e-06
3.78285e-06
3.72243e-06
3.66206e-06
3.60156e-06
3.54081e-06
3.47985e-06
3.41892e-06
3.35844e-06
3.3004e-06
3.24293e-06
4.33242e-06
4.94228e-06
5.95766e-06
6.47e-06
6.6117e-06
6.61111e-06
6.61786e-06
6.73279e-06
6.98394e-06
7.34047e-06
7.75507e-06
8.18583e-06
8.60093e-06
8.97927e-06
9.30902e-06
9.58508e-06
9.80682e-06
9.97642e-06
1.00977e-05
1.01752e-05
1.02138e-05
1.02184e-05
1.01934e-05
1.01429e-05
1.00704e-05
9.97904e-06
9.87133e-06
9.74926e-06
9.6146e-06
9.46845e-06
9.31261e-06
9.14944e-06
8.97998e-06
7.52851e-06
5.81244e-06
4.66418e-06
6.28425e-06
9.01316e-06
1.17113e-05
1.40269e-05
1.59022e-05
1.73387e-05
1.83527e-05
1.89825e-05
1.92767e-05
1.92853e-05
1.90573e-05
1.86389e-05
1.80719e-05
1.73925e-05
1.6632e-05
1.58158e-05
1.49651e-05
1.40964e-05
1.32228e-05
1.23539e-05
1.14972e-05
1.06577e-05
9.83863e-06
9.04181e-06
8.26741e-06
7.51508e-06
6.78138e-06
6.0674e-06
5.36227e-06
4.68387e-06
8.57692e-06
1.47419e-05
1.88498e-05
2.1256e-05
2.23519e-05
2.1894e-05
2.00597e-05
1.73002e-05
1.40777e-05
1.09934e-05
9.00768e-06
9.18716e-06
1.13781e-05
1.45223e-05
1.79195e-05
2.12573e-05
2.44006e-05
2.72917e-05
2.99107e-05
3.2257e-05
3.43408e-05
3.61775e-05
3.77856e-05
3.91844e-05
4.03929e-05
4.14295e-05
4.23118e-05
4.30569e-05
4.3681e-05
4.42052e-05
4.46438e-05
4.50545e-05
4.54251e-05
3.46136e-05
3.71889e-05
4.6605e-05
6.16884e-05
7.73394e-05
9.26712e-05
0.000106987
0.000119586
0.000130285
0.00013913
0.000146237
0.00015177
0.000155918
0.000158868
0.000160793
0.000161852
0.000162186
0.000161919
0.000161154
0.000159983
0.000158482
0.000156716
0.000154737
0.000152591
0.000150315
0.000147938
0.000145485
0.000142974
0.000140421
0.000137832
0.000135208
0.000132638
0.00013013
0.000608426
0.000582486
0.000556874
0.000530437
0.000504477
0.000479313
0.000454985
0.000431762
0.00040982
0.000389214
0.000369954
0.000352022
0.000335366
0.000319914
0.000305586
0.000292295
0.000279954
0.000268478
0.000257786
0.000247804
0.000238461
0.000229696
0.00022145
0.000213673
0.000206319
0.000199345
0.000192715
0.000186394
0.000180343
0.000174542
0.000168861
0.000163839
0.000159253
7.5497e-05
7.72896e-05
8.01311e-05
8.09948e-05
7.38371e-05
6.05932e-05
5.67425e-05
5.9251e-05
6.23191e-05
6.30318e-05
6.06799e-05
5.55843e-05
4.84758e-05
4.08423e-05
3.4064e-05
2.83378e-05
2.38599e-05
1.72548e-05
8.57697e-06
9.53108e-06
1.4575e-05
2.24181e-05
3.47072e-05
4.6519e-05
5.03797e-05
4.77689e-05
4.39275e-05
4.1602e-05
4.11594e-05
4.31864e-05
4.64301e-05
5.11165e-05
5.50165e-05
5.29265e-05
4.58834e-05
3.7657e-05
3.05407e-05
2.48398e-05
1.99308e-05
1.53558e-05
1.12466e-05
8.37507e-06
7.42397e-06
8.7845e-06
1.6329e-05
2.82117e-05
3.73848e-05
3.98676e-05
3.6879e-05
3.18841e-05
2.7225e-05
2.34831e-05
2.0471e-05
1.79487e-05
1.57734e-05
1.38659e-05
1.21771e-05
1.0673e-05
9.32849e-06
8.12378e-06
7.04267e-06
6.07209e-06
5.20171e-06
4.42338e-06
3.73061e-06
3.118e-06
2.58076e-06
2.11448e-06
1.71487e-06
1.37762e-06
1.09823e-06
8.71915e-07
6.93619e-07
5.57958e-07
4.59167e-07
3.9111e-07
3.47429e-07
3.21936e-07
3.09132e-07
3.04709e-07
3.0581e-07
3.11201e-07
3.21277e-07
3.37674e-07
3.62343e-07
3.96126e-07
4.37636e-07
4.83294e-07
5.29161e-07
5.72644e-07
6.14074e-07
6.52239e-07
6.85932e-07
7.04962e-07
7.15469e-07
7.02019e-07
7.14013e-07
6.70688e-07
7.52592e-07
6.32109e-07
9.9207e-05
9.57345e-05
9.73491e-05
0.000101981
0.000105092
9.65847e-05
7.69512e-05
6.70481e-05
6.48615e-05
6.37988e-05
6.1251e-05
5.62551e-05
4.92015e-05
4.14908e-05
3.42172e-05
2.81255e-05
2.2127e-05
1.16173e-05
4.21137e-06
8.30541e-06
1.50384e-05
2.39461e-05
3.81453e-05
4.8412e-05
4.96192e-05
4.59231e-05
4.22613e-05
4.03271e-05
3.98661e-05
4.13839e-05
4.44941e-05
4.83925e-05
5.31324e-05
5.34923e-05
4.78585e-05
3.95439e-05
3.15893e-05
2.49943e-05
1.94362e-05
1.43974e-05
9.73185e-06
5.58428e-06
3.41359e-06
1.00361e-05
2.20589e-05
3.38974e-05
4.03214e-05
4.00964e-05
3.58892e-05
3.0885e-05
2.65959e-05
2.31627e-05
2.0339e-05
1.79296e-05
1.58261e-05
1.39659e-05
1.23074e-05
1.08205e-05
9.48239e-06
8.27497e-06
7.1842e-06
6.19931e-06
5.31216e-06
4.51645e-06
3.80708e-06
3.17957e-06
2.6297e-06
2.15333e-06
1.74626e-06
1.40402e-06
1.12182e-06
8.94332e-07
7.15855e-07
5.80412e-07
4.81798e-07
4.1365e-07
3.69558e-07
3.43399e-07
3.29798e-07
3.24602e-07
3.25168e-07
3.30435e-07
3.40829e-07
3.57786e-07
3.82852e-07
4.16464e-07
4.57026e-07
5.00976e-07
5.446e-07
5.85806e-07
6.258e-07
6.64361e-07
7.00827e-07
7.24378e-07
7.39929e-07
7.30002e-07
7.43362e-07
6.97503e-07
7.78308e-07
6.48889e-07
9.78404e-05
9.67589e-05
9.78017e-05
0.000101917
0.000108745
0.00011539
0.000108192
8.63621e-05
7.13158e-05
6.52264e-05
6.05698e-05
5.49369e-05
4.8034e-05
4.04552e-05
3.29531e-05
2.60206e-05
1.64183e-05
4.33747e-06
2.29221e-06
9.32388e-06
1.57025e-05
2.73043e-05
4.26343e-05
4.96468e-05
4.80737e-05
4.37686e-05
4.04916e-05
3.88821e-05
3.84651e-05
3.93726e-05
4.20492e-05
4.54296e-05
5.01735e-05
5.30614e-05
4.99884e-05
4.24794e-05
3.39289e-05
2.62525e-05
1.97082e-05
1.38847e-05
8.42274e-06
3.06918e-06
6.35725e-06
1.73205e-05
2.98258e-05
3.91022e-05
4.2e-05
3.94256e-05
3.45562e-05
2.98211e-05
2.59591e-05
2.28329e-05
2.01985e-05
1.79084e-05
1.58839e-05
1.40764e-05
1.24514e-05
1.09825e-05
9.64971e-06
8.43789e-06
7.33578e-06
6.33529e-06
5.43051e-06
4.61691e-06
3.89062e-06
3.24796e-06
2.6852e-06
2.19842e-06
1.78338e-06
1.4354e-06
1.14922e-06
9.19039e-07
7.38654e-07
6.01639e-07
5.01492e-07
4.31734e-07
3.86014e-07
3.58402e-07
3.43802e-07
3.38296e-07
3.39378e-07
3.45938e-07
3.58107e-07
3.76832e-07
4.03074e-07
4.36788e-07
4.76206e-07
5.17942e-07
5.58755e-07
5.97247e-07
6.35544e-07
6.74324e-07
7.13423e-07
7.41544e-07
7.62593e-07
7.5705e-07
7.73096e-07
7.25991e-07
8.07065e-07
6.69013e-07
7.83444e-05
7.95976e-05
8.29247e-05
8.8688e-05
9.61052e-05
0.000104785
0.000113107
0.000109009
8.94375e-05
7.13312e-05
6.14922e-05
5.41732e-05
4.63419e-05
3.80026e-05
2.98107e-05
2.07362e-05
1.06424e-05
4.35292e-06
6.7938e-06
1.21126e-05
1.69346e-05
3.38972e-05
4.69699e-05
4.93003e-05
4.55449e-05
4.13278e-05
3.86097e-05
3.72559e-05
3.68857e-05
3.74489e-05
3.94667e-05
4.23894e-05
4.64436e-05
5.09861e-05
5.13562e-05
4.62301e-05
3.81924e-05
2.98763e-05
2.24529e-05
1.61533e-05
1.1388e-05
1.05755e-05
1.69323e-05
2.75991e-05
3.75869e-05
4.27327e-05
4.2084e-05
3.78876e-05
3.29679e-05
2.87377e-05
2.533e-05
2.24966e-05
2.0046e-05
1.78789e-05
1.59399e-05
1.41909e-05
1.26029e-05
1.11536e-05
9.82655e-06
8.60997e-06
7.49595e-06
6.47925e-06
5.55631e-06
4.72432e-06
3.98061e-06
3.32231e-06
2.74616e-06
2.24848e-06
1.82505e-06
1.47106e-06
1.18097e-06
9.48535e-07
7.67e-07
6.29407e-07
5.28853e-07
4.58626e-07
4.12331e-07
3.84108e-07
3.68972e-07
3.63123e-07
3.64123e-07
3.70877e-07
3.83413e-07
4.02428e-07
4.28562e-07
4.61485e-07
4.99288e-07
5.38605e-07
5.76346e-07
6.11484e-07
6.46967e-07
6.84622e-07
7.25169e-07
7.57011e-07
7.83188e-07
7.82194e-07
8.01723e-07
7.5425e-07
8.36881e-07
6.90126e-07
3.82171e-05
4.13164e-05
4.63839e-05
5.37955e-05
6.34032e-05
7.45973e-05
8.72858e-05
9.89094e-05
9.98105e-05
8.63956e-05
6.89294e-05
5.57699e-05
4.6026e-05
3.71395e-05
2.8193e-05
1.91402e-05
1.29753e-05
1.34197e-05
1.53983e-05
1.05532e-05
2.44792e-05
4.22986e-05
4.91093e-05
4.69893e-05
4.23885e-05
3.88127e-05
3.6623e-05
3.54307e-05
3.50542e-05
3.54512e-05
3.68958e-05
3.9331e-05
4.2507e-05
4.71543e-05
5.05537e-05
4.92452e-05
4.36894e-05
3.63418e-05
2.92478e-05
2.36753e-05
2.09439e-05
2.27777e-05
2.93294e-05
3.75029e-05
4.30998e-05
4.38392e-05
4.05742e-05
3.57909e-05
3.13344e-05
2.77021e-05
2.47159e-05
2.21494e-05
1.98777e-05
1.78381e-05
1.59907e-05
1.43048e-05
1.27567e-05
1.13283e-05
1.00074e-05
8.78615e-06
7.66021e-06
6.62727e-06
5.68604e-06
4.83542e-06
4.07396e-06
3.3996e-06
2.80964e-06
2.30068e-06
1.86858e-06
1.50835e-06
1.21411e-06
9.7911e-07
7.96041e-07
6.57433e-07
5.55978e-07
4.84757e-07
4.37377e-07
4.08126e-07
3.92224e-07
3.86062e-07
3.87307e-07
3.94828e-07
4.08435e-07
4.28441e-07
4.55038e-07
4.87519e-07
5.23774e-07
5.60427e-07
5.94574e-07
6.25636e-07
6.57471e-07
6.93177e-07
7.34559e-07
7.69982e-07
8.01624e-07
8.05834e-07
8.29826e-07
7.82926e-07
8.68279e-07
7.13074e-07
2.55817e-06
5.3371e-06
9.57088e-06
1.54738e-05
2.33788e-05
3.35155e-05
4.58536e-05
6.03929e-05
7.44095e-05
8.09176e-05
7.62292e-05
6.46907e-05
5.23446e-05
4.17009e-05
3.28726e-05
2.75438e-05
2.61947e-05
2.28839e-05
1.04226e-05
1.72417e-05
3.78401e-05
4.79424e-05
4.76846e-05
4.32151e-05
3.90951e-05
3.63296e-05
3.45449e-05
3.34753e-05
3.3088e-05
3.3413e-05
3.44812e-05
3.63882e-05
3.88372e-05
4.24615e-05
4.70346e-05
4.94331e-05
4.78979e-05
4.35236e-05
3.84317e-05
3.45025e-05
3.32739e-05
3.55002e-05
4.00846e-05
4.41242e-05
4.50272e-05
4.24426e-05
3.80052e-05
3.35284e-05
2.97871e-05
2.67275e-05
2.41119e-05
2.17917e-05
1.96973e-05
1.77896e-05
1.60385e-05
1.44195e-05
1.29136e-05
1.15075e-05
1.01935e-05
8.96813e-06
7.83049e-06
6.78127e-06
5.82147e-06
4.95171e-06
4.17182e-06
3.4807e-06
2.87623e-06
2.35536e-06
1.91407e-06
1.54726e-06
1.24876e-06
1.01137e-06
8.27232e-07
6.88282e-07
5.86749e-07
5.15438e-07
4.67876e-07
4.38413e-07
4.2238e-07
4.16255e-07
4.17732e-07
4.25615e-07
4.39551e-07
4.59611e-07
4.85723e-07
5.16976e-07
5.51149e-07
5.84838e-07
6.15191e-07
6.41891e-07
6.6959e-07
7.02669e-07
7.44083e-07
7.82205e-07
8.18661e-07
8.27905e-07
8.56853e-07
8.1124e-07
9.00552e-07
7.37e-07
1.02908e-05
9.45001e-06
7.64035e-06
4.64626e-06
2.18793e-06
7.34849e-06
1.51035e-05
2.42284e-05
3.48458e-05
4.59783e-05
5.3953e-05
5.57673e-05
5.22354e-05
4.60748e-05
3.97526e-05
3.3619e-05
2.3884e-05
6.91699e-06
1.62989e-05
3.65205e-05
4.6967e-05
4.7537e-05
4.33694e-05
3.90698e-05
3.60294e-05
3.39203e-05
3.24162e-05
3.14652e-05
3.10921e-05
3.13599e-05
3.22197e-05
3.36823e-05
3.55896e-05
3.80671e-05
4.18877e-05
4.60003e-05
4.81127e-05
4.75882e-05
4.55562e-05
4.36918e-05
4.32628e-05
4.44107e-05
4.58691e-05
4.5801e-05
4.33724e-05
3.93349e-05
3.50703e-05
3.14002e-05
2.83859e-05
2.58105e-05
2.35138e-05
2.14241e-05
1.95066e-05
1.77345e-05
1.60838e-05
1.45348e-05
1.30734e-05
1.16913e-05
1.03855e-05
9.15671e-06
8.00771e-06
6.94212e-06
5.96327e-06
5.07363e-06
4.27447e-06
3.56568e-06
2.94589e-06
2.41244e-06
1.96146e-06
1.58775e-06
1.28483e-06
1.045e-06
8.59772e-07
7.20486e-07
6.18852e-07
5.47366e-07
4.9947e-07
4.69595e-07
4.53228e-07
4.4699e-07
4.48643e-07
4.56948e-07
4.71377e-07
4.91723e-07
5.17595e-07
5.47812e-07
5.79988e-07
6.10649e-07
6.36951e-07
6.58774e-07
6.81468e-07
7.10735e-07
7.51092e-07
7.91431e-07
8.32853e-07
8.47718e-07
8.82618e-07
8.39314e-07
9.33954e-07
7.62563e-07
6.70711e-06
6.28389e-06
5.23556e-06
3.3533e-06
4.52172e-07
3.71367e-06
9.08009e-06
1.50465e-05
2.02785e-05
2.37771e-05
2.60044e-05
2.74647e-05
2.73182e-05
2.47831e-05
1.95993e-05
1.12759e-05
1.05966e-05
2.5665e-05
3.97573e-05
4.67674e-05
4.6463e-05
4.24667e-05
3.83772e-05
3.54184e-05
3.32712e-05
3.15729e-05
3.02794e-05
2.94538e-05
2.91177e-05
2.93196e-05
3.0041e-05
3.1204e-05
3.27262e-05
3.44697e-05
3.69272e-05
4.04743e-05
4.40238e-05
4.62502e-05
4.69693e-05
4.6957e-05
4.68637e-05
4.66232e-05
4.55408e-05
4.3077e-05
3.95143e-05
3.57175e-05
3.23535e-05
2.95425e-05
2.71175e-05
2.49291e-05
2.29136e-05
2.10461e-05
1.93065e-05
1.76735e-05
1.61268e-05
1.4651e-05
1.32367e-05
1.18808e-05
1.05847e-05
9.35338e-06
8.19326e-06
7.11095e-06
6.1123e-06
5.20179e-06
4.38224e-06
3.65472e-06
3.01863e-06
2.47178e-06
2.01048e-06
1.62945e-06
1.32192e-06
1.07971e-06
8.93732e-07
7.5463e-07
6.53541e-07
5.82579e-07
5.35039e-07
5.0538e-07
4.89191e-07
4.83182e-07
4.8513e-07
4.93721e-07
5.08265e-07
5.28337e-07
5.53335e-07
5.81924e-07
6.11635e-07
6.38937e-07
6.60941e-07
6.77619e-07
6.9492e-07
7.1981e-07
7.58321e-07
7.99954e-07
8.45622e-07
8.65851e-07
9.07118e-07
8.66824e-07
9.68113e-07
7.89227e-07
3.30121e-06
2.8659e-06
2.18192e-06
1.6309e-06
2.46458e-06
4.75102e-06
8.25963e-06
1.31371e-05
1.90115e-05
2.45309e-05
2.80595e-05
2.9011e-05
2.82138e-05
2.72473e-05
2.80017e-05
3.18678e-05
3.81273e-05
4.36585e-05
4.56356e-05
4.3818e-05
4.01772e-05
3.67817e-05
3.42931e-05
3.23766e-05
3.07116e-05
2.92771e-05
2.81713e-05
2.74641e-05
2.71648e-05
2.73007e-05
2.78894e-05
2.88523e-05
3.01138e-05
3.1513e-05
3.30784e-05
3.52711e-05
3.81345e-05
4.0909e-05
4.28494e-05
4.38175e-05
4.38807e-05
4.29724e-05
4.10272e-05
3.82837e-05
3.5283e-05
3.2501e-05
3.00788e-05
2.79246e-05
2.59331e-05
2.40635e-05
2.23081e-05
2.06587e-05
1.90984e-05
1.76074e-05
1.61681e-05
1.4769e-05
1.34049e-05
1.20775e-05
1.07928e-05
9.55981e-06
8.38857e-06
7.28892e-06
6.26943e-06
5.3368e-06
4.49556e-06
3.74806e-06
3.09457e-06
2.53342e-06
2.06111e-06
1.67235e-06
1.36005e-06
1.11555e-06
9.29054e-07
7.90478e-07
6.90281e-07
6.20127e-07
5.7312e-07
5.43739e-07
5.27693e-07
5.21815e-07
5.23939e-07
5.32712e-07
5.47312e-07
5.67111e-07
5.91283e-07
6.18307e-07
6.45578e-07
6.69458e-07
6.86933e-07
6.97926e-07
7.08792e-07
7.27794e-07
7.63057e-07
8.05233e-07
8.55101e-07
8.81162e-07
9.29749e-07
8.93531e-07
1.003e-06
8.1738e-07
1.86466e-06
1.41051e-06
1.17691e-06
1.97323e-06
3.58779e-06
5.69748e-06
8.24506e-06
1.13759e-05
1.54034e-05
2.04043e-05
2.57374e-05
3.0387e-05
3.38192e-05
3.62637e-05
3.84805e-05
4.04822e-05
4.15744e-05
4.10741e-05
3.91012e-05
3.65706e-05
3.43464e-05
3.26149e-05
3.11142e-05
2.96516e-05
2.82553e-05
2.70427e-05
2.61069e-05
2.54957e-05
2.52203e-05
2.53013e-05
2.57655e-05
2.65694e-05
2.76362e-05
2.88643e-05
3.01079e-05
3.14542e-05
3.31441e-05
3.507e-05
3.67583e-05
3.77747e-05
3.79332e-05
3.71771e-05
3.56768e-05
3.37794e-05
3.18179e-05
2.99478e-05
2.81693e-05
2.64502e-05
2.47891e-05
2.3202e-05
2.16961e-05
2.02626e-05
1.88829e-05
1.7537e-05
1.6209e-05
1.48903e-05
1.358e-05
1.22838e-05
1.1012e-05
9.77781e-06
8.59512e-06
7.47719e-06
6.43555e-06
5.47929e-06
4.61483e-06
3.84591e-06
3.17373e-06
2.5972e-06
2.11307e-06
1.71603e-06
1.39874e-06
1.15201e-06
9.65358e-07
8.27848e-07
7.29177e-07
6.60467e-07
6.14574e-07
5.85963e-07
5.70447e-07
5.64961e-07
5.6738e-07
5.763e-07
5.90766e-07
6.09978e-07
6.32939e-07
6.58004e-07
6.82487e-07
7.02661e-07
7.15361e-07
7.20395e-07
7.24413e-07
7.36854e-07
7.67877e-07
8.09517e-07
8.62793e-07
8.94406e-07
9.5073e-07
9.19344e-07
1.03847e-06
8.46701e-07
1.04548e-06
5.81528e-07
8.79784e-07
2.06375e-06
3.67519e-06
5.64397e-06
7.92228e-06
1.04624e-05
1.32787e-05
1.6494e-05
2.0182e-05
2.4104e-05
2.7747e-05
3.06949e-05
3.27151e-05
3.37744e-05
3.38631e-05
3.3246e-05
3.23288e-05
3.13919e-05
3.04621e-05
2.9438e-05
2.82807e-05
2.70621e-05
2.58983e-05
2.48861e-05
2.40899e-05
2.35519e-05
2.32919e-05
2.33306e-05
2.36926e-05
2.43573e-05
2.52634e-05
2.63444e-05
2.74881e-05
2.85892e-05
2.96829e-05
3.08145e-05
3.18566e-05
3.25603e-05
3.27557e-05
3.23889e-05
3.15671e-05
3.04614e-05
2.92014e-05
2.78515e-05
2.64505e-05
2.50407e-05
2.3663e-05
2.23415e-05
2.10785e-05
1.98593e-05
1.86616e-05
1.7464e-05
1.62515e-05
1.50176e-05
1.37646e-05
1.2502e-05
1.12445e-05
1.00094e-05
8.81459e-06
7.67714e-06
6.61172e-06
5.63005e-06
4.74057e-06
3.94853e-06
3.25616e-06
2.663e-06
2.16611e-06
1.76021e-06
1.43772e-06
1.18895e-06
1.00261e-06
8.6682e-07
7.70368e-07
7.03726e-07
6.59437e-07
6.3193e-07
6.17122e-07
6.1208e-07
6.1475e-07
6.23717e-07
6.37936e-07
6.56461e-07
6.78137e-07
7.01181e-07
7.228e-07
7.39134e-07
7.46783e-07
7.45253e-07
7.41235e-07
7.45363e-07
7.70432e-07
8.10434e-07
8.66806e-07
9.04279e-07
9.69254e-07
9.43821e-07
1.07432e-06
8.77428e-07
4.15185e-07
2.24068e-07
1.07874e-06
2.22071e-06
3.65488e-06
5.37935e-06
7.37405e-06
9.59359e-06
1.19716e-05
1.4453e-05
1.70219e-05
1.96458e-05
2.21913e-05
2.44227e-05
2.61218e-05
2.72677e-05
2.79371e-05
2.82373e-05
2.82287e-05
2.79307e-05
2.73585e-05
2.65584e-05
2.56135e-05
2.46197e-05
2.36631e-05
2.28138e-05
2.21273e-05
2.16474e-05
2.14002e-05
2.14057e-05
2.16875e-05
2.22349e-05
2.30064e-05
2.39463e-05
2.49885e-05
2.60357e-05
2.70043e-05
2.7864e-05
2.85835e-05
2.90943e-05
2.93037e-05
2.91639e-05
2.86981e-05
2.79637e-05
2.70259e-05
2.59526e-05
2.48125e-05
2.3665e-05
2.25499e-05
2.14827e-05
2.04567e-05
1.94502e-05
1.84363e-05
1.73909e-05
1.62985e-05
1.51538e-05
1.39617e-05
1.27351e-05
1.14929e-05
1.02567e-05
9.04889e-06
7.89033e-06
6.79916e-06
5.78994e-06
4.87332e-06
4.05616e-06
3.34182e-06
2.73054e-06
2.21976e-06
1.80428e-06
1.47633e-06
1.22569e-06
1.04019e-06
9.06853e-07
8.13403e-07
7.49545e-07
7.07446e-07
6.81483e-07
6.67693e-07
6.63286e-07
6.66295e-07
6.75305e-07
6.89188e-07
7.06869e-07
7.27059e-07
7.47872e-07
7.66435e-07
7.78762e-07
7.81195e-07
7.72863e-07
7.60333e-07
7.55227e-07
7.72956e-07
8.099e-07
8.6841e-07
9.11434e-07
9.85535e-07
9.6693e-07
1.1105e-06
9.09365e-07
2.40577e-07
6.41763e-07
1.39969e-06
2.40267e-06
3.64817e-06
5.13262e-06
6.84216e-06
8.7486e-06
1.08045e-05
1.29427e-05
1.50909e-05
1.71825e-05
1.91523e-05
2.09231e-05
2.2432e-05
2.36234e-05
2.44658e-05
2.49525e-05
2.5099e-05
2.49358e-05
2.4511e-05
2.38897e-05
2.31439e-05
2.2343e-05
2.1552e-05
2.08312e-05
2.0233e-05
1.98006e-05
1.95635e-05
1.95416e-05
1.97581e-05
2.02102e-05
2.08702e-05
2.16925e-05
2.26226e-05
2.35965e-05
2.45328e-05
2.5357e-05
2.6024e-05
2.65002e-05
2.6728e-05
2.66726e-05
2.63391e-05
2.57647e-05
2.50083e-05
2.41395e-05
2.32254e-05
2.23188e-05
2.14506e-05
2.06268e-05
1.98322e-05
1.90375e-05
1.82096e-05
1.73207e-05
1.63534e-05
1.53025e-05
1.41747e-05
1.29863e-05
1.17602e-05
1.05226e-05
9.30033e-06
8.11864e-06
6.99933e-06
5.96e-06
5.0137e-06
4.16904e-06
3.43063e-06
2.79948e-06
2.27351e-06
1.84766e-06
1.51403e-06
1.26186e-06
1.078e-06
9.48179e-07
8.58846e-07
7.98775e-07
7.5968e-07
7.35867e-07
7.23497e-07
7.19951e-07
7.23381e-07
7.3241e-07
7.45865e-07
7.62576e-07
7.81139e-07
7.99568e-07
8.14897e-07
8.22986e-07
8.19838e-07
8.0401e-07
7.81673e-07
7.65416e-07
7.73658e-07
8.05896e-07
8.6583e-07
9.14529e-07
9.98665e-07
9.88118e-07
1.14676e-06
9.42692e-07
5.89051e-07
1.01139e-06
1.67039e-06
2.54092e-06
3.61731e-06
4.89324e-06
6.35486e-06
7.9788e-06
9.73066e-06
1.15629e-05
1.34159e-05
1.5222e-05
1.69169e-05
1.84523e-05
1.97788e-05
2.08436e-05
2.16173e-05
2.20948e-05
2.22861e-05
2.22159e-05
2.19248e-05
2.14618e-05
2.08782e-05
2.02276e-05
1.95659e-05
1.89472e-05
1.842e-05
1.80252e-05
1.77941e-05
1.77487e-05
1.79107e-05
1.82853e-05
1.88539e-05
1.95817e-05
2.04188e-05
2.13096e-05
2.2189e-05
2.29883e-05
2.36516e-05
2.41331e-05
2.43851e-05
2.43839e-05
2.41389e-05
2.36875e-05
2.3086e-05
2.23994e-05
2.16893e-05
2.10032e-05
2.03655e-05
1.97746e-05
1.92064e-05
1.86231e-05
1.79845e-05
1.7257e-05
1.64201e-05
1.54677e-05
1.44078e-05
1.32596e-05
1.205e-05
1.08101e-05
9.57169e-06
8.36436e-06
7.21399e-06
6.14149e-06
5.16249e-06
4.28753e-06
3.52254e-06
2.86946e-06
2.32671e-06
1.88953e-06
1.54991e-06
1.29656e-06
1.1152e-06
9.8999e-07
9.05846e-07
8.5045e-07
8.15012e-07
7.93777e-07
7.83082e-07
7.80531e-07
7.84439e-07
7.93495e-07
8.06509e-07
8.22229e-07
8.3915e-07
8.55198e-07
8.67322e-07
8.71216e-07
8.62501e-07
8.39045e-07
8.06398e-07
7.77771e-07
7.74529e-07
7.99981e-07
8.59986e-07
9.13942e-07
1.00869e-06
1.00727e-06
1.18306e-06
9.77277e-07
8.93572e-07
1.29474e-06
1.87582e-06
2.63196e-06
3.56074e-06
4.65638e-06
5.90623e-06
7.28989e-06
8.7786e-06
1.03352e-05
1.19141e-05
1.34624e-05
1.49273e-05
1.62618e-05
1.74213e-05
1.8369e-05
1.90812e-05
1.95494e-05
1.97797e-05
1.979e-05
1.96066e-05
1.92635e-05
1.88012e-05
1.82658e-05
1.77058e-05
1.71684e-05
1.66971e-05
1.63307e-05
1.61017e-05
1.6035e-05
1.61515e-05
1.64623e-05
1.69556e-05
1.76061e-05
1.83701e-05
1.9194e-05
2.0017e-05
2.0781e-05
2.14297e-05
2.19117e-05
2.21869e-05
2.22375e-05
2.20736e-05
2.17309e-05
2.12634e-05
2.07342e-05
2.02036e-05
1.97167e-05
1.92937e-05
1.89261e-05
1.85806e-05
1.82099e-05
1.77646e-05
1.72043e-05
1.65036e-05
1.56546e-05
1.4666e-05
1.35597e-05
1.23668e-05
1.11235e-05
9.86641e-06
8.63033e-06
7.44538e-06
6.33605e-06
5.32078e-06
4.4122e-06
3.61771e-06
2.94025e-06
2.37891e-06
1.92931e-06
1.58349e-06
1.32959e-06
1.15204e-06
1.03311e-06
9.5581e-07
9.06535e-07
8.75906e-07
8.58113e-07
8.49685e-07
8.48484e-07
8.53028e-07
8.62122e-07
8.74594e-07
8.89151e-07
9.04207e-07
9.17613e-07
9.26229e-07
9.25575e-07
9.10823e-07
8.79002e-07
8.3484e-07
7.91863e-07
7.74427e-07
7.9055e-07
8.49231e-07
9.08297e-07
1.01463e-06
1.02378e-06
1.21916e-06
1.01332e-06
1.13527e-06
1.51018e-06
2.02629e-06
2.68491e-06
3.48653e-06
4.42701e-06
5.49577e-06
6.67569e-06
7.94281e-06
9.26661e-06
1.06101e-05
1.19321e-05
1.31915e-05
1.43486e-05
1.53656e-05
1.62119e-05
1.68664e-05
1.732e-05
1.7573e-05
1.76348e-05
1.75237e-05
1.72667e-05
1.68971e-05
1.64524e-05
1.59729e-05
1.54993e-05
1.5071e-05
1.47249e-05
1.44943e-05
1.4407e-05
1.44852e-05
1.47427e-05
1.51745e-05
1.5761e-05
1.64655e-05
1.72367e-05
1.80178e-05
1.87525e-05
1.9385e-05
1.9866e-05
2.01598e-05
2.02519e-05
2.01525e-05
1.98964e-05
1.95375e-05
1.91395e-05
1.87641e-05
1.84563e-05
1.82337e-05
1.80813e-05
1.79564e-05
1.78007e-05
1.75543e-05
1.71676e-05
1.66095e-05
1.58692e-05
1.49554e-05
1.38926e-05
1.27162e-05
1.14675e-05
1.01889e-05
8.92025e-06
7.69648e-06
6.54597e-06
5.4902e-06
4.54406e-06
3.71656e-06
3.01177e-06
2.4296e-06
1.96621e-06
1.61382e-06
1.36003e-06
1.18767e-06
1.07664e-06
1.00766e-06
9.65604e-07
9.40497e-07
9.26539e-07
9.20556e-07
9.20758e-07
9.2594e-07
9.35071e-07
9.47038e-07
9.60528e-07
9.73889e-07
9.84898e-07
9.90321e-07
9.8546e-07
9.64948e-07
9.24842e-07
8.68777e-07
8.10039e-07
7.75634e-07
7.79136e-07
8.34207e-07
8.97622e-07
1.01626e-06
1.03735e-06
1.25501e-06
1.05072e-06
1.32026e-06
1.66727e-06
2.12688e-06
2.70169e-06
3.39383e-06
4.20071e-06
5.1139e-06
6.11949e-06
7.19809e-06
8.32487e-06
9.46976e-06
1.06006e-05
1.16845e-05
1.26874e-05
1.35783e-05
1.43312e-05
1.49272e-05
1.53555e-05
1.56134e-05
1.57063e-05
1.56473e-05
1.54561e-05
1.51582e-05
1.47838e-05
1.43668e-05
1.39425e-05
1.35467e-05
1.32142e-05
1.29787e-05
1.28705e-05
1.29147e-05
1.31276e-05
1.35095e-05
1.40433e-05
1.46981e-05
1.54265e-05
1.61752e-05
1.68864e-05
1.75047e-05
1.79842e-05
1.82922e-05
1.84155e-05
1.83648e-05
1.8175e-05
1.79012e-05
1.761e-05
1.73665e-05
1.72186e-05
1.71832e-05
1.72397e-05
1.73354e-05
1.73994e-05
1.73588e-05
1.71536e-05
1.67453e-05
1.61192e-05
1.52838e-05
1.42659e-05
1.31053e-05
1.18488e-05
1.05448e-05
9.23895e-06
7.97128e-06
6.77442e-06
5.67317e-06
4.68487e-06
3.82031e-06
3.08483e-06
2.4793e-06
2.00066e-06
1.64154e-06
1.38903e-06
1.22402e-06
1.12342e-06
1.06512e-06
1.03222e-06
1.01411e-06
1.00505e-06
1.00219e-06
1.00414e-06
1.01003e-06
1.01905e-06
1.0302e-06
1.0422e-06
1.05336e-06
1.06142e-06
1.06307e-06
1.05341e-06
1.02658e-06
9.77629e-07
9.0884e-07
8.32652e-07
7.7809e-07
7.64968e-07
8.13601e-07
8.80564e-07
1.01257e-06
1.04735e-06
1.29047e-06
1.08973e-06
1.46497e-06
1.78377e-06
2.1932e-06
2.69549e-06
3.29345e-06
3.98564e-06
4.76549e-06
5.62187e-06
6.53927e-06
7.49751e-06
8.47295e-06
9.44012e-06
1.03716e-05
1.12391e-05
1.20171e-05
1.26833e-05
1.32208e-05
1.36185e-05
1.38722e-05
1.39834e-05
1.39603e-05
1.38171e-05
1.35736e-05
1.32539e-05
1.28858e-05
1.24997e-05
1.21277e-05
1.18031e-05
1.15598e-05
1.143e-05
1.14425e-05
1.16166e-05
1.19574e-05
1.24509e-05
1.3067e-05
1.3762e-05
1.4483e-05
1.51732e-05
1.57798e-05
1.62578e-05
1.65758e-05
1.67212e-05
1.67049e-05
1.6562e-05
1.63501e-05
1.61406e-05
1.60055e-05
1.59989e-05
1.61393e-05
1.64011e-05
1.67203e-05
1.70108e-05
1.71851e-05
1.71706e-05
1.69201e-05
1.64145e-05
1.56613e-05
1.46894e-05
1.35433e-05
1.22757e-05
1.09415e-05
9.59267e-06
8.27487e-06
7.02537e-06
5.8726e-06
4.83658e-06
3.93003e-06
3.15973e-06
2.52776e-06
2.0321e-06
1.66605e-06
1.41615e-06
1.26082e-06
1.17311e-06
1.12743e-06
1.10495e-06
1.09454e-06
1.09066e-06
1.09097e-06
1.09462e-06
1.10113e-06
1.11e-06
1.12039e-06
1.13106e-06
1.14032e-06
1.14586e-06
1.14431e-06
1.13045e-06
1.09787e-06
1.04055e-06
9.59066e-07
8.64293e-07
7.8624e-07
7.51143e-07
7.88635e-07
8.57056e-07
1.00305e-06
1.05322e-06
1.32544e-06
1.13027e-06
1.56567e-06
1.85603e-06
2.21969e-06
2.6581e-06
3.17421e-06
3.76735e-06
4.43248e-06
5.16094e-06
5.94037e-06
6.75478e-06
7.58588e-06
8.41285e-06
9.21266e-06
9.96244e-06
1.06408e-05
1.12289e-05
1.17115e-05
1.20776e-05
1.23212e-05
1.24416e-05
1.24435e-05
1.23365e-05
1.21351e-05
1.18581e-05
1.15282e-05
1.11714e-05
1.08164e-05
1.04949e-05
1.02408e-05
1.00886e-05
1.00701e-05
1.02089e-05
1.0514e-05
1.09751e-05
1.1563e-05
1.2234e-05
1.29351e-05
1.36108e-05
1.42088e-05
1.46848e-05
1.50079e-05
1.51655e-05
1.51679e-05
1.50514e-05
1.48768e-05
1.47232e-05
1.46732e-05
1.47909e-05
1.50987e-05
1.55658e-05
1.61147e-05
1.66417e-05
1.70422e-05
1.72294e-05
1.71462e-05
1.67681e-05
1.6101e-05
1.5176e-05
1.40422e-05
1.27588e-05
1.1388e-05
9.98893e-06
8.61333e-06
7.30368e-06
6.09237e-06
5.00231e-06
4.04829e-06
3.23869e-06
2.57703e-06
2.06275e-06
1.6902e-06
1.44543e-06
1.30359e-06
1.23268e-06
1.2029e-06
1.19334e-06
1.1924e-06
1.19489e-06
1.19904e-06
1.20457e-06
1.21149e-06
1.21965e-06
1.22845e-06
1.2368e-06
1.24306e-06
1.24487e-06
1.23898e-06
1.22004e-06
1.18114e-06
1.11527e-06
1.02115e-06
9.07333e-07
8.0314e-07
7.4012e-07
7.59951e-07
8.26413e-07
9.86753e-07
1.05413e-06
1.35966e-06
1.17254e-06
1.64382e-06
1.90633e-06
2.22828e-06
2.61028e-06
3.05511e-06
3.56257e-06
4.12881e-06
4.7471e-06
5.40778e-06
6.09867e-06
6.805e-06
7.50965e-06
8.1943e-06
8.84038e-06
9.42994e-06
9.9467e-06
1.03769e-05
1.07101e-05
1.09397e-05
1.1063e-05
1.10816e-05
1.10015e-05
1.08328e-05
1.05897e-05
1.02902e-05
9.9562e-06
9.61332e-06
9.29135e-06
9.02409e-06
8.84798e-06
8.79853e-06
8.90388e-06
9.17706e-06
9.61053e-06
1.01762e-05
1.08297e-05
1.15177e-05
1.21843e-05
1.27767e-05
1.32505e-05
1.35741e-05
1.37343e-05
1.37408e-05
1.36309e-05
1.34702e-05
1.33479e-05
1.33613e-05
1.35888e-05
1.40592e-05
1.47357e-05
1.55243e-05
1.63013e-05
1.69423e-05
1.73447e-05
1.74401e-05
1.71972e-05
1.66199e-05
1.57414e-05
1.46159e-05
1.33102e-05
1.18943e-05
1.04353e-05
8.99215e-06
7.61285e-06
6.33416e-06
5.18215e-06
4.17392e-06
3.31964e-06
2.62456e-06
2.09006e-06
1.71201e-06
1.47573e-06
1.35177e-06
1.30149e-06
1.29018e-06
1.29497e-06
1.30419e-06
1.31332e-06
1.32139e-06
1.32886e-06
1.33632e-06
1.34399e-06
1.35154e-06
1.35803e-06
1.362e-06
1.36091e-06
1.35141e-06
1.32825e-06
1.28408e-06
1.21075e-06
1.10493e-06
9.7221e-07
8.39491e-07
7.41148e-07
7.32606e-07
7.89593e-07
9.62675e-07
1.04856e-06
1.39234e-06
1.21623e-06
1.68183e-06
1.91657e-06
2.19952e-06
2.53077e-06
2.91281e-06
3.34569e-06
3.82655e-06
4.35028e-06
4.90971e-06
5.49538e-06
6.09528e-06
6.69562e-06
7.28172e-06
7.83844e-06
8.35086e-06
8.80506e-06
9.18874e-06
9.49185e-06
9.70712e-06
9.83042e-06
9.86103e-06
9.80186e-06
9.65942e-06
9.4439e-06
9.16926e-06
8.85347e-06
8.51905e-06
8.19376e-06
7.91106e-06
7.70925e-06
7.62778e-06
7.69993e-06
7.94332e-06
8.35294e-06
8.9008e-06
9.5415e-06
1.02203e-05
1.08801e-05
1.14677e-05
1.19379e-05
1.2258e-05
1.24129e-05
1.24112e-05
1.22906e-05
1.21219e-05
1.20071e-05
1.2063e-05
1.23878e-05
1.30195e-05
1.39138e-05
1.49573e-05
1.60024e-05
1.69024e-05
1.75364e-05
1.78229e-05
1.77229e-05
1.72379e-05
1.64032e-05
1.52795e-05
1.39416e-05
1.24692e-05
1.09384e-05
9.41575e-06
7.95576e-06
6.59976e-06
5.37716e-06
4.30739e-06
3.40264e-06
2.67037e-06
2.11462e-06
1.73369e-06
1.51188e-06
1.41301e-06
1.3896e-06
1.40135e-06
1.4237e-06
1.44531e-06
1.46254e-06
1.47534e-06
1.48496e-06
1.49264e-06
1.4991e-06
1.50435e-06
1.50754e-06
1.50755e-06
1.50218e-06
1.48785e-06
1.45944e-06
1.40957e-06
1.32932e-06
1.21334e-06
1.06364e-06
9.02684e-07
7.63382e-07
7.12857e-07
7.47529e-07
9.28774e-07
1.0336e-06
1.42135e-06
1.26074e-06
1.71259e-06
1.92037e-06
2.16716e-06
2.45262e-06
2.77891e-06
3.14629e-06
3.55271e-06
3.99436e-06
4.46569e-06
4.95924e-06
5.46581e-06
5.97481e-06
6.47448e-06
6.95242e-06
7.39611e-06
7.79355e-06
8.13378e-06
8.4074e-06
8.60702e-06
8.72757e-06
8.76651e-06
8.72417e-06
8.60384e-06
8.41213e-06
8.15917e-06
7.85923e-06
7.53156e-06
7.20158e-06
6.90201e-06
6.67274e-06
6.55751e-06
6.59564e-06
6.81023e-06
7.19882e-06
7.73275e-06
8.36438e-06
9.03687e-06
9.69197e-06
1.02753e-05
1.07406e-05
1.10534e-05
1.11963e-05
1.11753e-05
1.10274e-05
1.08287e-05
1.06959e-05
1.07717e-05
1.1182e-05
1.1978e-05
1.31056e-05
1.44265e-05
1.57642e-05
1.69458e-05
1.78296e-05
1.83191e-05
1.83673e-05
1.79734e-05
1.71762e-05
1.60435e-05
1.46603e-05
1.31166e-05
1.14988e-05
9.88204e-06
8.32762e-06
6.88194e-06
5.57793e-06
4.43753e-06
3.47519e-06
2.70106e-06
2.12298e-06
1.7427e-06
1.54276e-06
1.47695e-06
1.48628e-06
1.52458e-06
1.5664e-06
1.60147e-06
1.62758e-06
1.64594e-06
1.65884e-06
1.66823e-06
1.67528e-06
1.68044e-06
1.68284e-06
1.6811e-06
1.67343e-06
1.6565e-06
1.62508e-06
1.57164e-06
1.48637e-06
1.36175e-06
1.1958e-06
1.00553e-06
8.18818e-07
7.08565e-07
6.99095e-07
8.78708e-07
1.00254e-06
1.4423e-06
1.30448e-06
1.70088e-06
1.88192e-06
2.0944e-06
2.33798e-06
2.61455e-06
2.92452e-06
3.26649e-06
3.63774e-06
4.03412e-06
4.4499e-06
4.87801e-06
5.31009e-06
5.73682e-06
6.14817e-06
6.5338e-06
6.88346e-06
7.18738e-06
7.43668e-06
7.62377e-06
7.74269e-06
7.78943e-06
7.76222e-06
7.66177e-06
7.4916e-06
7.25847e-06
6.97311e-06
6.65139e-06
6.31599e-06
5.99822e-06
5.73909e-06
5.58685e-06
5.58818e-06
5.7732e-06
6.14244e-06
6.66569e-06
7.29181e-06
7.96099e-06
8.61322e-06
9.1931e-06
9.65296e-06
9.95618e-06
1.00819e-05
1.0032e-05
9.84094e-06
9.58822e-06
9.40769e-06
9.47686e-06
9.9623e-06
1.0934e-05
1.23219e-05
1.39524e-05
1.56125e-05
1.70989e-05
1.82471e-05
1.89463e-05
1.91426e-05
1.88341e-05
1.80641e-05
1.69093e-05
1.54653e-05
1.38343e-05
1.21134e-05
1.03872e-05
8.72422e-06
7.17601e-06
5.77891e-06
4.55753e-06
3.52861e-06
2.70587e-06
2.1029e-06
1.72761e-06
1.56045e-06
1.53995e-06
1.5915e-06
1.66278e-06
1.72838e-06
1.77986e-06
1.81685e-06
1.84203e-06
1.85892e-06
1.87034e-06
1.87799e-06
1.8828e-06
1.88443e-06
1.88126e-06
1.87129e-06
1.8516e-06
1.81727e-06
1.76092e-06
1.67203e-06
1.54068e-06
1.36006e-06
1.14031e-06
9.01391e-07
7.14368e-07
6.32039e-07
7.97187e-07
9.43017e-07
1.44701e-06
1.34404e-06
1.69726e-06
1.85202e-06
2.03204e-06
2.23688e-06
2.46822e-06
2.7265e-06
3.01073e-06
3.31908e-06
3.64864e-06
3.99534e-06
4.35391e-06
4.71796e-06
5.08012e-06
5.43226e-06
5.76578e-06
6.07191e-06
6.34204e-06
6.56802e-06
6.74246e-06
6.85899e-06
6.91253e-06
6.89953e-06
6.81834e-06
6.66961e-06
6.45683e-06
6.18723e-06
5.87309e-06
5.53376e-06
5.19829e-06
4.90788e-06
4.71522e-06
4.67588e-06
4.82935e-06
5.18024e-06
5.6957e-06
6.3195e-06
6.98797e-06
7.63915e-06
8.21654e-06
8.67105e-06
8.96335e-06
9.06799e-06
8.98054e-06
8.72948e-06
8.39466e-06
8.12919e-06
8.16033e-06
8.71752e-06
9.89363e-06
1.15841e-05
1.35617e-05
1.55696e-05
1.73741e-05
1.87909e-05
1.96984e-05
2.00378e-05
1.98071e-05
1.90544e-05
1.78648e-05
1.63458e-05
1.46116e-05
1.27716e-05
1.092e-05
9.13317e-06
7.46798e-06
5.96423e-06
4.64878e-06
3.54046e-06
2.65669e-06
2.01919e-06
1.64752e-06
1.52181e-06
1.55786e-06
1.65962e-06
1.76847e-06
1.86041e-06
1.92995e-06
1.97941e-06
2.01353e-06
2.03742e-06
2.05505e-06
2.06846e-06
2.07846e-06
2.08495e-06
2.08651e-06
2.08076e-06
2.0645e-06
2.03269e-06
1.97755e-06
1.88713e-06
1.7482e-06
1.54817e-06
1.29022e-06
9.86596e-07
7.02304e-07
5.10607e-07
6.5463e-07
8.40812e-07
1.42953e-06
1.37621e-06
1.64387e-06
1.77274e-06
1.92163e-06
2.09054e-06
2.281e-06
2.49352e-06
2.7277e-06
2.9824e-06
3.2557e-06
3.5447e-06
3.84551e-06
4.1533e-06
4.46241e-06
4.7664e-06
5.05822e-06
5.33042e-06
5.57531e-06
5.78522e-06
5.95272e-06
6.07096e-06
6.13386e-06
6.13647e-06
6.07526e-06
5.94853e-06
5.75695e-06
5.50449e-06
5.19975e-06
4.85823e-06
4.50558e-06
4.18171e-06
3.94299e-06
3.85563e-06
3.97252e-06
4.30446e-06
4.81458e-06
5.43919e-06
6.1095e-06
6.7614e-06
7.33744e-06
7.78705e-06
8.06766e-06
8.14789e-06
8.01431e-06
7.68498e-06
7.23551e-06
6.84092e-06
6.8029e-06
7.44763e-06
8.87948e-06
1.09176e-05
1.32639e-05
1.56239e-05
1.77433e-05
1.94254e-05
2.05408e-05
2.10248e-05
2.08728e-05
2.01353e-05
1.89054e-05
1.7302e-05
1.54531e-05
1.34808e-05
1.14908e-05
9.56685e-06
7.77132e-06
6.14703e-06
4.72196e-06
3.51557e-06
2.54763e-06
1.85019e-06
1.4673e-06
1.39089e-06
1.5005e-06
1.66534e-06
1.81953e-06
1.94227e-06
2.03237e-06
2.0954e-06
2.13885e-06
2.16951e-06
2.1929e-06
2.21228e-06
2.22864e-06
2.24154e-06
2.24934e-06
2.24944e-06
2.23841e-06
2.21106e-06
2.15919e-06
2.06912e-06
1.92348e-06
1.70263e-06
1.40219e-06
1.02756e-06
6.34982e-07
2.86746e-07
4.39535e-07
7.18935e-07
1.40271e-06
1.40117e-06
1.61966e-06
1.7219e-06
1.83989e-06
1.97373e-06
2.12487e-06
2.29401e-06
2.48117e-06
2.6859e-06
2.90714e-06
3.14308e-06
3.39109e-06
3.64769e-06
3.90858e-06
4.16864e-06
4.4221e-06
4.66264e-06
4.88354e-06
5.0778e-06
5.23838e-06
5.35832e-06
5.43092e-06
5.45007e-06
5.4105e-06
5.30826e-06
5.1413e-06
4.91033e-06
4.62016e-06
4.28191e-06
3.91664e-06
3.56076e-06
3.27208e-06
3.12828e-06
3.20127e-06
3.51237e-06
4.01882e-06
4.64615e-06
5.31921e-06
5.97176e-06
6.54573e-06
6.98925e-06
7.25631e-06
7.30887e-06
7.12285e-06
6.70237e-06
6.1126e-06
5.54868e-06
5.41614e-06
6.18051e-06
7.91389e-06
1.03105e-05
1.30161e-05
1.57234e-05
1.81682e-05
2.01389e-05
2.14897e-05
2.21411e-05
2.20799e-05
2.13584e-05
2.00796e-05
1.83788e-05
1.63999e-05
1.42793e-05
1.2135e-05
1.00599e-05
8.12164e-06
6.36493e-06
4.81697e-06
3.49391e-06
2.41069e-06
1.60012e-06
1.14357e-06
1.09895e-06
1.29523e-06
1.53235e-06
1.73512e-06
1.88896e-06
1.99917e-06
2.07594e-06
2.12963e-06
2.16937e-06
2.20164e-06
2.2311e-06
2.25925e-06
2.28546e-06
2.30743e-06
2.32173e-06
2.32403e-06
2.30823e-06
2.26479e-06
2.17731e-06
2.02371e-06
1.77832e-06
1.43429e-06
1.00219e-06
5.49864e-07
1.59238e-07
3.44818e-07
7.16375e-07
1.43696e-06
1.4434e-06
1.53177e-06
1.60807e-06
1.69609e-06
1.79687e-06
1.91199e-06
2.04233e-06
2.18837e-06
2.35032e-06
2.52789e-06
2.72017e-06
2.92554e-06
3.14165e-06
3.36536e-06
3.59274e-06
3.81908e-06
4.03896e-06
4.24628e-06
4.43442e-06
4.5963e-06
4.72465e-06
4.81214e-06
4.85166e-06
4.83665e-06
4.76145e-06
4.62188e-06
4.41591e-06
4.14492e-06
3.81556e-06
3.44322e-06
3.0581e-06
2.7149e-06
2.50058e-06
2.51361e-06
2.79569e-06
3.2966e-06
3.92581e-06
4.60003e-06
5.25131e-06
5.82187e-06
6.25965e-06
6.51679e-06
6.55055e-06
6.32783e-06
5.83711e-06
5.12074e-06
4.36429e-06
4.07711e-06
4.94053e-06
6.96893e-06
9.72066e-06
1.28234e-05
1.59637e-05
1.88438e-05
2.1205e-05
2.28614e-05
2.37085e-05
2.37281e-05
2.29829e-05
2.16033e-05
1.9748e-05
1.7586e-05
1.52746e-05
1.29448e-05
1.06972e-05
8.60211e-06
6.70402e-06
5.02709e-06
3.58116e-06
2.36871e-06
1.39843e-06
7.41677e-07
6.59081e-07
9.75038e-07
1.29781e-06
1.55008e-06
1.7324e-06
1.85756e-06
1.9419e-06
2.0001e-06
2.04294e-06
2.07828e-06
2.11144e-06
2.14446e-06
2.17681e-06
2.20599e-06
2.22815e-06
2.23853e-06
2.23079e-06
2.19508e-06
2.11399e-06
1.96363e-06
1.71816e-06
1.38069e-06
9.9275e-07
6.80532e-07
5.6594e-07
5.63339e-07
8.69384e-07
1.60114e-06
1.5531e-06
1.50549e-06
1.55311e-06
1.60944e-06
1.67552e-06
1.7529e-06
1.84283e-06
1.94641e-06
2.06459e-06
2.19793e-06
2.34647e-06
2.50959e-06
2.68593e-06
2.87331e-06
3.06873e-06
3.26835e-06
3.46753e-06
3.66088e-06
3.84231e-06
4.00507e-06
4.14189e-06
4.24512e-06
4.30692e-06
4.31961e-06
4.276e-06
4.16992e-06
3.99687e-06
3.75498e-06
3.44652e-06
3.08066e-06
2.67894e-06
2.28636e-06
1.98978e-06
1.91834e-06
2.15481e-06
2.64474e-06
3.27399e-06
3.94924e-06
4.6023e-06
5.17803e-06
5.62728e-06
5.90412e-06
5.96532e-06
5.77132e-06
5.2907e-06
4.5176e-06
3.54563e-06
2.87896e-06
3.70531e-06
6.1258e-06
9.452e-06
1.32585e-05
1.71618e-05
2.07553e-05
2.368e-05
2.56888e-05
2.6662e-05
2.6606e-05
2.5642e-05
2.39485e-05
2.17414e-05
1.92324e-05
1.66041e-05
1.39994e-05
1.15206e-05
9.23487e-06
7.181e-06
5.37653e-06
3.82373e-06
2.51438e-06
1.4338e-06
5.667e-07
1.8283e-07
6.76887e-07
1.06627e-06
1.34726e-06
1.54187e-06
1.67112e-06
1.75454e-06
1.80964e-06
1.84895e-06
1.88209e-06
1.91466e-06
1.94893e-06
1.9842e-06
2.01758e-06
2.04479e-06
2.06085e-06
2.05961e-06
2.03215e-06
1.96297e-06
1.83328e-06
1.63142e-06
1.39258e-06
1.18441e-06
1.0458e-06
8.50881e-07
4.4114e-07
7.32708e-07
1.87225e-06
1.81237e-06
1.40185e-06
1.42154e-06
1.44579e-06
1.47706e-06
1.51752e-06
1.5689e-06
1.63311e-06
1.71204e-06
1.80727e-06
1.91985e-06
2.05011e-06
2.19755e-06
2.36073e-06
2.53726e-06
2.72377e-06
2.91598e-06
3.10866e-06
3.29574e-06
3.47037e-06
3.62504e-06
3.75172e-06
3.84206e-06
3.88763e-06
3.8802e-06
3.81217e-06
3.67702e-06
3.47007e-06
3.18957e-06
2.83861e-06
2.42903e-06
1.99071e-06
1.5953e-06
1.39689e-06
1.56536e-06
2.05545e-06
2.70586e-06
3.40731e-06
4.0934e-06
4.71435e-06
5.2259e-06
5.58436e-06
5.74287e-06
5.64627e-06
5.22476e-06
4.39189e-06
3.07422e-06
1.58884e-06
2.90351e-06
6.5736e-06
1.12175e-05
1.63867e-05
2.15503e-05
2.61363e-05
2.96814e-05
3.19058e-05
3.27234e-05
3.22053e-05
3.05471e-05
2.80389e-05
2.50051e-05
2.17391e-05
1.84679e-05
1.53453e-05
1.24633e-05
9.86994e-06
7.58397e-06
5.60546e-06
3.92286e-06
2.51761e-06
1.36766e-06
4.56477e-07
3.19842e-07
8.50949e-07
1.252e-06
1.53586e-06
1.72723e-06
1.84998e-06
1.92417e-06
1.96704e-06
1.99268e-06
2.01087e-06
2.0273e-06
2.04421e-06
2.06092e-06
2.07488e-06
2.08272e-06
2.08146e-06
2.06869e-06
2.04204e-06
1.99711e-06
1.93318e-06
1.86241e-06
1.82679e-06
1.81748e-06
1.75328e-06
1.42759e-06
1.07639e-06
1.09794e-06
2.69413e-06
2.4692e-06
1.4115e-06
1.39957e-06
1.38903e-06
1.38186e-06
1.38003e-06
1.38581e-06
1.40215e-06
1.43236e-06
1.47973e-06
1.54709e-06
1.63636e-06
1.74824e-06
1.88207e-06
2.0359e-06
2.2066e-06
2.39001e-06
2.58105e-06
2.77377e-06
2.96137e-06
3.1362e-06
3.28978e-06
3.41294e-06
3.49596e-06
3.52888e-06
3.50189e-06
3.40586e-06
3.23298e-06
2.97766e-06
2.63764e-06
2.21616e-06
1.72712e-06
1.21451e-06
8.42642e-07
9.94306e-07
1.59412e-06
2.34026e-06
3.12014e-06
3.87914e-06
4.57269e-06
5.15392e-06
5.56727e-06
5.74101e-06
5.5773e-06
4.94143e-06
3.65717e-06
1.53004e-06
1.76232e-06
6.1498e-06
1.1709e-05
1.81282e-05
2.48523e-05
3.11889e-05
3.6508e-05
4.03722e-05
4.25252e-05
4.29343e-05
4.16382e-05
3.88609e-05
3.49942e-05
3.05067e-05
2.58407e-05
2.13345e-05
1.71957e-05
1.35198e-05
1.03264e-05
7.59443e-06
5.28584e-06
3.35902e-06
1.77683e-06
5.45811e-07
6.55442e-07
1.42102e-06
2.02245e-06
2.46508e-06
2.77563e-06
2.98166e-06
3.10911e-06
3.18082e-06
3.21568e-06
3.22883e-06
3.23104e-06
3.22903e-06
3.22597e-06
3.22214e-06
3.21594e-06
3.2052e-06
3.18905e-06
3.16976e-06
3.15445e-06
3.15478e-06
3.19068e-06
3.28833e-06
3.48284e-06
3.74942e-06
4.06181e-06
4.26457e-06
4.62884e-06
4.51796e-06
5.54019e-06
4.25525e-06
1.35499e-06
1.3136e-06
1.2673e-06
1.21909e-06
1.17113e-06
1.12599e-06
1.08781e-06
1.06234e-06
1.05654e-06
1.0776e-06
1.13129e-06
1.22046e-06
1.34454e-06
1.50016e-06
1.68222e-06
1.88465e-06
2.10075e-06
2.32318e-06
2.54388e-06
2.75394e-06
2.94356e-06
3.10214e-06
3.21851e-06
3.28126e-06
3.27927e-06
3.20221e-06
3.04124e-06
2.78964e-06
2.44339e-06
2.00178e-06
1.46801e-06
8.50327e-07
1.8204e-07
6.11917e-07
1.39543e-06
2.19094e-06
2.9607e-06
3.66066e-06
4.23613e-06
4.61852e-06
4.72202e-06
4.44164e-06
3.66197e-06
2.34885e-06
1.75581e-06
4.59465e-06
9.18868e-06
1.49919e-05
2.16682e-05
2.87074e-05
3.54973e-05
4.15222e-05
4.65078e-05
5.02955e-05
5.27416e-05
5.35043e-05
5.2316e-05
4.91468e-05
4.43078e-05
3.83864e-05
3.20493e-05
2.58627e-05
2.02018e-05
1.52511e-05
1.10588e-05
7.60722e-06
4.88947e-06
3.04165e-06
2.49454e-06
3.10825e-06
4.01935e-06
4.84866e-06
5.51347e-06
6.01254e-06
6.36716e-06
6.60366e-06
6.74998e-06
6.83166e-06
6.87006e-06
6.88187e-06
6.87848e-06
6.86652e-06
6.84894e-06
6.8262e-06
6.7978e-06
6.76396e-06
6.72791e-06
6.69854e-06
6.69412e-06
6.74382e-06
6.89005e-06
7.17836e-06
7.65679e-06
8.31801e-06
9.15435e-06
9.92306e-06
1.07038e-05
1.03464e-05
1.08204e-05
7.72798e-06
1.47899e-06
1.4097e-06
1.33249e-06
1.2482e-06
1.15734e-06
1.06124e-06
9.63034e-07
8.68701e-07
7.88594e-07
7.38603e-07
7.37612e-07
7.98372e-07
9.1965e-07
1.08999e-06
1.296e-06
1.52614e-06
1.77062e-06
2.02045e-06
2.26671e-06
2.5001e-06
2.71079e-06
2.88858e-06
3.02317e-06
3.10458e-06
3.12364e-06
3.07258e-06
2.94554e-06
2.73913e-06
2.45298e-06
2.09034e-06
1.65871e-06
1.1708e-06
6.46997e-07
1.60372e-07
4.66468e-07
9.35502e-07
1.31193e-06
1.53734e-06
1.56203e-06
1.3872e-06
1.27885e-06
1.98325e-06
3.6726e-06
6.15677e-06
9.36802e-06
1.32367e-05
1.76194e-05
2.22631e-05
2.68017e-05
3.0855e-05
3.42646e-05
3.7332e-05
4.06513e-05
4.46494e-05
4.90521e-05
5.28411e-05
5.4923e-05
5.4434e-05
5.11684e-05
4.56148e-05
3.86842e-05
3.13442e-05
2.43599e-05
1.82167e-05
1.31899e-05
9.49438e-06
7.40726e-06
7.02581e-06
7.79408e-06
8.97123e-06
1.01489e-05
1.11698e-05
1.19904e-05
1.26123e-05
1.30579e-05
1.33589e-05
1.35503e-05
1.36649e-05
1.37309e-05
1.37693e-05
1.37936e-05
1.38101e-05
1.38204e-05
1.38231e-05
1.38167e-05
1.38021e-05
1.3784e-05
1.37744e-05
1.37948e-05
1.38797e-05
1.40805e-05
1.44564e-05
1.50704e-05
1.59211e-05
1.69625e-05
1.78459e-05
1.84986e-05
1.7564e-05
1.74134e-05
1.24218e-05
1.51577e-06
1.42507e-06
1.32241e-06
1.20894e-06
1.08465e-06
9.49425e-07
8.04113e-07
6.51701e-07
5.0038e-07
3.73908e-07
3.32285e-07
4.24408e-07
6.05241e-07
8.27356e-07
1.0709e-06
1.32673e-06
1.58905e-06
1.85309e-06
2.11448e-06
2.36906e-06
2.61296e-06
2.84262e-06
3.05495e-06
3.24731e-06
3.41756e-06
3.56412e-06
3.68616e-06
3.78392e-06
3.85935e-06
3.91697e-06
3.96476e-06
4.01503e-06
4.08507e-06
4.19754e-06
4.38031e-06
4.66595e-06
5.08979e-06
5.68648e-06
6.48283e-06
7.48362e-06
8.65673e-06
9.91977e-06
1.11421e-05
1.21711e-05
1.28864e-05
1.328e-05
1.3504e-05
1.37145e-05
1.36819e-05
1.2602e-05
9.57222e-06
4.4088e-06
3.4246e-06
1.15864e-05
2.10022e-05
3.07508e-05
3.93842e-05
4.52968e-05
4.74137e-05
4.56429e-05
4.08082e-05
3.42121e-05
2.71664e-05
2.07359e-05
1.57385e-05
1.282e-05
1.21724e-05
1.31387e-05
1.47808e-05
1.65108e-05
1.80682e-05
1.93649e-05
2.03886e-05
2.11554e-05
2.16995e-05
2.20655e-05
2.23012e-05
2.2452e-05
2.25563e-05
2.26425e-05
2.27276e-05
2.28182e-05
2.29128e-05
2.3005e-05
2.30873e-05
2.31543e-05
2.32066e-05
2.32532e-05
2.33152e-05
2.3426e-05
2.36319e-05
2.39766e-05
2.44849e-05
2.50826e-05
2.56048e-05
2.56381e-05
2.51129e-05
2.30554e-05
2.21895e-05
1.62256e-05
1.7262e-06
1.64019e-06
1.54649e-06
1.44452e-06
1.33499e-06
1.21893e-06
1.0979e-06
9.75589e-07
8.5975e-07
7.65354e-07
7.18008e-07
7.48716e-07
8.7403e-07
1.08761e-06
1.37574e-06
1.72897e-06
2.14296e-06
2.61599e-06
3.1469e-06
3.73371e-06
4.37261e-06
5.05739e-06
5.7792e-06
6.52662e-06
7.28607e-06
8.04261e-06
8.78084e-06
9.48625e-06
1.01459e-05
1.07491e-05
1.12883e-05
1.17583e-05
1.21553e-05
1.24748e-05
1.27076e-05
1.2835e-05
1.28218e-05
1.26075e-05
1.20953e-05
1.11453e-05
9.57926e-06
7.25904e-06
4.68331e-06
5.85205e-06
1.22803e-05
2.13315e-05
3.20169e-05
4.32668e-05
5.34137e-05
6.05048e-05
6.35833e-05
6.35611e-05
6.19451e-05
5.92664e-05
5.53716e-05
5.08275e-05
4.72163e-05
4.5484e-05
4.46138e-05
4.26723e-05
3.85687e-05
3.24953e-05
2.54355e-05
1.86356e-05
1.34778e-05
1.1463e-05
1.27184e-05
1.54638e-05
1.83751e-05
2.09709e-05
2.31224e-05
2.48398e-05
2.61548e-05
2.71277e-05
2.78252e-05
2.83141e-05
2.86558e-05
2.89026e-05
2.90958e-05
2.9264e-05
2.94234e-05
2.95796e-05
2.97302e-05
2.98675e-05
2.99821e-05
3.00654e-05
3.01126e-05
3.01253e-05
3.01117e-05
3.00804e-05
3.00268e-05
2.99018e-05
2.95866e-05
2.88507e-05
2.743e-05
2.51202e-05
2.23404e-05
1.92427e-05
1.87837e-05
1.41901e-05
4.27423e-06
4.37797e-06
4.49045e-06
4.6105e-06
4.74234e-06
4.89095e-06
5.06075e-06
5.25686e-06
5.48513e-06
5.7517e-06
6.06273e-06
6.42414e-06
6.84116e-06
7.31772e-06
7.85596e-06
8.45559e-06
9.11344e-06
9.82301e-06
1.05742e-05
1.13531e-05
1.21423e-05
1.29209e-05
1.36649e-05
1.43481e-05
1.49425e-05
1.54191e-05
1.57484e-05
1.59001e-05
1.58443e-05
1.555e-05
1.49842e-05
1.41093e-05
1.28809e-05
1.12437e-05
9.12884e-06
6.45392e-06
3.1518e-06
1.52684e-06
6.44063e-06
1.27426e-05
2.04319e-05
2.97119e-05
4.07697e-05
5.36841e-05
6.83296e-05
8.42801e-05
0.000100623
0.000115539
0.000126129
0.00013005
0.000128088
0.000123819
0.000120319
0.000117736
0.000114121
0.000108516
0.000101059
9.23014e-05
8.27442e-05
7.25651e-05
6.17329e-05
5.03798e-05
3.89637e-05
2.81039e-05
1.83338e-05
9.97151e-06
3.1446e-06
2.44163e-06
6.53207e-06
9.56642e-06
1.17179e-05
1.31594e-05
1.40655e-05
1.4597e-05
1.48845e-05
1.50276e-05
1.50948e-05
1.51276e-05
1.51463e-05
1.51563e-05
1.51538e-05
1.51298e-05
1.50732e-05
1.49721e-05
1.48134e-05
1.45816e-05
1.42578e-05
1.38167e-05
1.32225e-05
1.24147e-05
1.12904e-05
9.68118e-06
7.37712e-06
4.24216e-06
2.02758e-06
6.00846e-06
1.11523e-05
1.45469e-05
1.8137e-05
1.40935e-05
1.17974e-05
1.20027e-05
1.21946e-05
1.23692e-05
1.25304e-05
1.2677e-05
1.28062e-05
1.29163e-05
1.30047e-05
1.30677e-05
1.31003e-05
1.30966e-05
1.30495e-05
1.29502e-05
1.27887e-05
1.25532e-05
1.22304e-05
1.18053e-05
1.12617e-05
1.05819e-05
9.74748e-06
8.73964e-06
7.54001e-06
6.13314e-06
4.51513e-06
2.74317e-06
1.48029e-06
2.92149e-06
5.65123e-06
8.90703e-06
1.26362e-05
1.68665e-05
2.1648e-05
2.70431e-05
3.31234e-05
3.9965e-05
4.76426e-05
5.62195e-05
6.57348e-05
7.61997e-05
8.75991e-05
9.99063e-05
0.000113072
0.000126967
0.000141329
0.000155583
0.000168239
0.0001764
0.000177487
0.000172239
0.000164083
0.000156851
0.000153391
0.000153293
0.000153577
0.000152084
0.000148464
0.000142611
0.000134244
0.000123379
0.000110487
9.64328e-05
8.22874e-05
6.90786e-05
5.75687e-05
4.81605e-05
4.09327e-05
3.57341e-05
3.22948e-05
3.03147e-05
2.95075e-05
2.95997e-05
3.0315e-05
3.14123e-05
3.26949e-05
3.40231e-05
3.53143e-05
3.65336e-05
3.76805e-05
3.87745e-05
3.98438e-05
4.09168e-05
4.20176e-05
4.31653e-05
4.43755e-05
4.56635e-05
4.70481e-05
4.85566e-05
5.023e-05
5.2131e-05
5.43434e-05
5.69565e-05
5.99894e-05
6.3301e-05
6.64537e-05
6.87295e-05
6.94861e-05
6.77015e-05
6.53243e-05
5.81327e-05
5.31123e-06
4.44508e-06
3.46874e-06
2.41924e-06
1.44024e-06
1.19503e-06
2.18974e-06
3.63788e-06
5.29072e-06
7.10933e-06
9.08936e-06
1.12346e-05
1.35512e-05
1.60457e-05
1.87239e-05
2.15906e-05
2.46493e-05
2.79016e-05
3.13478e-05
3.49866e-05
3.88156e-05
4.28319e-05
4.70325e-05
5.14156e-05
5.59812e-05
6.07318e-05
6.56733e-05
7.08155e-05
7.61724e-05
8.17625e-05
8.76073e-05
9.37303e-05
0.000100155
0.000106902
0.000113984
0.000121399
0.000129123
0.000137096
0.000145211
0.000153305
0.000161187
0.000168713
0.000175812
0.000182338
0.000187767
0.000191091
0.000191371
0.000188861
0.000185204
0.000181301
0.000177188
0.00017407
0.000173441
0.000174654
0.000176428
0.000177872
0.000178471
0.000177537
0.000174055
0.000167329
0.000157437
0.00014525
0.000132121
0.000119464
0.00010841
9.96408e-05
9.3408e-05
8.96329e-05
8.80133e-05
8.81194e-05
8.94769e-05
9.1624e-05
9.41885e-05
9.68969e-05
9.95736e-05
0.000102127
0.000104527
0.000106783
0.000108926
0.000110995
0.000113024
0.000115037
0.000117049
0.000119063
0.000121073
0.000123071
0.000125045
0.00012699
0.000128898
0.00013076
0.000132551
0.000134203
0.000135563
0.000136409
0.000136435
0.000135456
0.000133517
0.000130694
0.000128529
0.000125345
6.13134e-05
6.40259e-05
6.68821e-05
6.98739e-05
7.29616e-05
7.61413e-05
7.94165e-05
8.27882e-05
8.62577e-05
8.98258e-05
9.34916e-05
9.72523e-05
0.000101103
0.000105036
0.000109042
0.000113109
0.000117222
0.000121366
0.000125525
0.00012968
0.000133815
0.000137914
0.000141964
0.000145952
0.000149872
0.000153716
0.000157485
0.000161178
0.000164795
0.000168335
0.000171796
0.000175165
0.000178427
0.000181552
0.000184498
0.000187205
0.000189582
0.000191496
0.000192737
0.000192992
0.000191896
0.0001892
0.000184824
0.000178749
0.000171285
0.000163722
0.000158373
0.000157177
0.000160357
0.000165869
0.000171057
0.000175562
0.000180257
0.000184454
0.000187107
0.000189746
0.00019208
0.000194451
0.00019518
0.00019305
0.000187679
0.000179628
0.000170161
0.000160805
0.000152854
0.000147085
0.000143726
0.000142575
0.00014316
0.00014493
0.000147396
0.000150175
0.000153018
0.000155791
0.000158436
0.000160944
0.000163329
0.000165615
0.000167821
0.00016996
0.000172039
0.000174059
0.000176016
0.000177907
0.000179727
0.000181474
0.000183144
0.000184733
0.000186226
0.000187604
0.000188824
0.000189835
0.000190552
0.000190948
0.000190988
0.000190861
0.000190733
0.000190831
0.00019175
0.000192838
0.000170452
0.00017262
0.000174816
0.000176945
0.000179024
0.000181052
0.000183032
0.000184962
0.00018684
0.000188662
0.000190421
0.00019211
0.00019372
0.00019524
0.000196662
0.000197973
0.000199165
0.000200228
0.000201153
0.000201935
0.000202567
0.000203046
0.000203369
0.000203534
0.000203537
0.000203372
0.00020303
0.000202496
0.000201746
0.000200746
0.000199449
0.000197795
0.000195701
0.00019307
0.000189783
0.000185712
0.00018072
0.000174682
0.00016749
0.000159063
0.000149348
0.000138366
0.000126383
0.000114017
0.000102164
9.24019e-05
8.75677e-05
9.07261e-05
0.000100719
0.000110513
0.000114904
0.00011774
0.000126672
0.00014088
0.000154407
0.000165318
0.000175619
0.000184451
0.000191055
0.000194159
0.000193712
0.000190702
0.0001866
0.00018284
0.000180447
0.000179792
0.000180695
0.000182679
0.000185257
0.000188037
0.000190777
0.000193393
0.000195868
0.000198229
0.000200511
0.000202741
0.00020493
0.000207083
0.000209193
0.000211253
0.000213255
0.000215193
0.000217068
0.000218882
0.000220643
0.000222358
0.000224033
0.000225668
0.000227256
0.000228789
0.000230247
0.000231641
0.00023295
0.000234261
0.000235513
0.000236939
0.000238312
0.000239911
0.000241706
0.000243111
0.000205544
0.000204672
0.000204276
0.000203796
0.000203221
0.000202533
0.000201708
0.000200735
0.000199605
0.000198301
0.000196809
0.000195117
0.000193214
0.000191091
0.000188741
0.000186163
0.000183356
0.000180324
0.000177073
0.000173613
0.000169956
0.000166115
0.000162103
0.000157932
0.000153615
0.000149159
0.000144568
0.00013984
0.000134967
0.000129936
0.000124724
0.000119308
0.000113667
0.00010779
0.00010168
9.53651e-05
8.89121e-05
8.24259e-05
7.59715e-05
6.94658e-05
6.27984e-05
5.61399e-05
5.01207e-05
4.53099e-05
4.14016e-05
3.76817e-05
3.44807e-05
3.6564e-05
5.38259e-05
8.65542e-05
0.000125578
0.000160769
0.000185282
0.000197497
0.000198689
0.000190283
0.000172114
0.000145766
0.000114805
8.86512e-05
8.27232e-05
0.000101601
0.000131311
0.000160934
0.000185994
0.000205156
0.000218581
0.000227136
0.000231972
0.000234224
0.000234891
0.000234793
0.000234487
0.000234322
0.000234483
0.000235036
0.000235962
0.000237201
0.000238678
0.000240321
0.000242073
0.000243897
0.00024577
0.000247681
0.000249625
0.000251592
0.000253572
0.000255544
0.000257487
0.000259365
0.000261171
0.000262859
0.000264499
0.000265981
0.000267631
0.000268965
0.000271134
0.000272202
0.000275551
0.000276472
2.70174e-05
6.03181e-05
0.000101635
0.000122829
0.000127657
0.00012674
0.000124974
0.000123163
0.000121125
0.000117098
0.000109516
0.000102202
0.000104222
0.000115209
0.000127194
0.000136077
0.000140076
0.000140837
0.000141426
0.000140635
0.000136978
0.000132576
0.000129974
0.000132134
0.000140347
0.000153297
0.000166981
0.000178174
0.000184734
0.0001827
0.000169309
0.000148923
0.000130424
0.000125321
0.000154064
0.000216436
0.000293811
0.000370466
0.000437262
0.000489356
0.000524635
0.000542407
0.000542754
0.000527133
0.000496905
0.000454041
0.000399747
0.000338206
0.000275951
0.000223043
0.000191803
0.000189874
0.000211061
0.000242476
0.000275355
0.00030554
0.000331753
0.000353674
0.000370198
0.00038044
0.000384897
0.000384789
0.00038146
0.000375981
0.000369201
0.000361734
0.000354076
0.000346708
0.000340072
0.000334475
0.000330023
0.000326634
0.000324098
0.000322143
0.000320498
0.000318932
0.000317292
0.000315514
0.000313637
0.000311786
0.000310138
0.000308872
0.000308129
0.000307985
0.00030845
0.00030948
0.000310996
0.000312885
0.000315017
0.000317258
0.000319508
0.000321716
0.000323894
0.000326088
0.000328363
0.000330712
0.000333241
0.000335589
0.000338557
0.00034031
6.40045e-05
0.000124366
0.000106221
8.7989e-05
7.08063e-05
5.68584e-05
5.46412e-05
6.62388e-05
8.44171e-05
0.000104222
0.000118306
0.0001178
0.000101339
8.15079e-05
7.66588e-05
8.4193e-05
8.90591e-05
9.10236e-05
0.000102784
0.000122657
0.000143174
0.000159365
0.000167908
0.000165852
0.000150731
0.000121316
8.20692e-05
4.10995e-05
1.14012e-05
2.76706e-05
5.49513e-05
9.53758e-05
0.000155333
0.000221957
0.00027033
0.000289306
0.000278708
0.000243772
0.000194277
0.00014086
9.30972e-05
6.33694e-05
6.63194e-05
9.5111e-05
0.000132159
0.000166056
0.000193378
0.000210021
0.000213552
0.000204475
0.000186278
0.000163559
0.000140143
0.000118563
0.000100224
8.58083e-05
7.56619e-05
7.07732e-05
7.20552e-05
7.81943e-05
8.77399e-05
0.000100607
0.000116056
0.000132812
0.000149458
0.00016482
0.000178198
0.000189339
0.000198315
0.000205395
0.000210947
0.000215363
0.000218996
0.000222132
0.000224971
0.000227627
0.000230143
0.00023251
0.000234697
0.000236661
0.000238368
0.000239793
0.000240923
0.000241765
0.000242348
0.000242742
0.000243055
0.00024343
0.000244018
0.000244955
0.000246322
0.000248141
0.000250356
0.000252892
0.000255591
0.000258432
0.000261154
0.000264004
0.000266567
0.00026902
0.000157215
0.000126407
6.26663e-05
4.43486e-05
4.14121e-05
3.84404e-05
3.78657e-05
4.46989e-05
5.9764e-05
7.90817e-05
9.88052e-05
0.000111232
0.00011509
0.000121958
0.000135457
0.000144094
0.00014113
0.00013581
0.000136183
0.000142465
0.000152507
0.000162613
0.000169836
0.000172306
0.000168244
0.000152591
0.000120348
7.56941e-05
2.71872e-05
2.63032e-05
7.24394e-05
0.00013065
0.000193148
0.000230278
0.000230866
0.000203966
0.000161416
0.00011582
7.53235e-05
4.11186e-05
1.11023e-05
2.43401e-05
5.67294e-05
8.88868e-05
0.000118751
0.000146646
0.000171408
0.000189186
0.000195405
0.000188491
0.000171071
0.000147858
0.000123357
0.000100704
8.1406e-05
6.58279e-05
5.36693e-05
4.45392e-05
3.80429e-05
3.38833e-05
3.17841e-05
3.05019e-05
2.85803e-05
2.57089e-05
2.29251e-05
2.24777e-05
2.59615e-05
3.24594e-05
4.02005e-05
4.80347e-05
5.54399e-05
6.22789e-05
6.86274e-05
7.4659e-05
8.05663e-05
8.65063e-05
9.25686e-05
9.87622e-05
0.000105019
0.000111213
0.000117187
0.000122777
0.000127834
0.000132232
0.000135867
0.000138667
0.000140604
0.00014173
0.000142202
0.000142288
0.000142329
0.00014267
0.000143576
0.000145191
0.000147481
0.000150389
0.000153571
0.000157256
0.000160339
0.000164578
0.000210277
7.37374e-05
2.40803e-05
3.68126e-05
3.48418e-05
3.15104e-05
3.36258e-05
4.10061e-05
4.92542e-05
6.09955e-05
7.91974e-05
0.000100923
0.000123314
0.000144492
0.000151764
0.000139338
0.000121653
0.000110068
0.000105088
0.000106212
0.000112199
0.000120225
0.00012726
0.000131386
0.000133414
0.000133157
0.000119589
8.68811e-05
4.24193e-05
1.6562e-05
7.07432e-05
0.000130169
0.000171389
0.000176072
0.000151356
0.000113572
7.88225e-05
5.61409e-05
4.34844e-05
3.52551e-05
3.58512e-05
5.18528e-05
7.47771e-05
9.6148e-05
0.000113836
0.00013066
0.000148773
0.000165278
0.000173817
0.000170298
0.00015559
0.000134125
0.000110891
8.94925e-05
7.15814e-05
5.7401e-05
4.65338e-05
3.83451e-05
3.21207e-05
2.73709e-05
2.38883e-05
2.1633e-05
2.05857e-05
2.04211e-05
2.058e-05
2.05299e-05
1.9935e-05
1.86927e-05
1.68884e-05
1.47089e-05
1.23511e-05
9.96297e-06
7.63217e-06
5.42496e-06
3.50206e-06
2.52972e-06
3.45856e-06
5.47506e-06
7.93638e-06
1.07493e-05
1.39322e-05
1.74922e-05
2.13916e-05
2.55407e-05
2.97985e-05
3.39709e-05
3.78146e-05
4.10649e-05
4.3499e-05
4.50252e-05
4.57474e-05
4.59588e-05
4.60395e-05
4.63495e-05
4.70866e-05
4.83993e-05
5.0093e-05
5.25432e-05
5.45182e-05
5.82495e-05
0.000225062
2.74885e-05
2.6918e-05
3.46132e-05
3.70299e-05
3.92283e-05
4.48445e-05
4.94057e-05
5.10086e-05
5.34617e-05
6.6564e-05
9.08511e-05
0.000115662
0.000125182
0.000112128
9.07019e-05
7.62035e-05
6.83007e-05
6.45918e-05
6.50709e-05
7.00234e-05
7.87973e-05
8.86779e-05
9.51717e-05
9.73042e-05
0.000101623
0.000105048
9.27239e-05
6.60811e-05
5.19791e-05
8.01007e-05
0.000118494
0.000134803
0.000122335
9.40253e-05
6.77483e-05
5.45387e-05
5.10139e-05
4.92781e-05
4.8587e-05
5.43595e-05
6.82447e-05
8.53212e-05
9.99645e-05
0.00010977
0.000117855
0.000128845
0.000142054
0.000151163
0.000150301
0.000138563
0.000119608
9.85383e-05
7.91504e-05
6.31708e-05
5.07683e-05
4.13641e-05
3.42226e-05
2.87909e-05
2.46734e-05
2.14425e-05
1.8746e-05
1.64229e-05
1.44594e-05
1.29461e-05
1.19634e-05
1.14687e-05
1.12991e-05
1.12498e-05
1.11598e-05
1.09537e-05
1.06386e-05
1.02825e-05
9.98576e-06
9.85035e-06
9.95113e-06
1.03126e-05
1.09005e-05
1.16309e-05
1.23925e-05
1.30699e-05
1.35568e-05
1.37555e-05
1.35687e-05
1.28989e-05
1.16712e-05
9.88785e-06
7.69757e-06
5.45275e-06
3.74724e-06
3.21844e-06
3.59914e-06
4.12336e-06
4.5799e-06
5.00123e-06
5.49518e-06
5.95326e-06
6.52355e-06
7.01701e-06
7.50503e-06
0.000214669
1.71233e-05
2.72574e-05
3.19083e-05
3.68907e-05
3.96113e-05
4.52421e-05
4.99741e-05
5.04051e-05
4.9977e-05
5.871e-05
7.67577e-05
8.80626e-05
7.95049e-05
5.92674e-05
4.63217e-05
4.18827e-05
3.92899e-05
3.78005e-05
3.7847e-05
4.1022e-05
5.0107e-05
6.52108e-05
8.01873e-05
8.7144e-05
8.92257e-05
9.53698e-05
9.93551e-05
9.27479e-05
8.82554e-05
9.99696e-05
0.000115272
0.000114853
9.74399e-05
7.61915e-05
6.34861e-05
5.97973e-05
5.92496e-05
5.86475e-05
5.9043e-05
6.33166e-05
7.31066e-05
8.56344e-05
9.59627e-05
0.000101458
0.000104741
0.000111267
0.000121748
0.000130619
0.000131437
0.000122147
0.000105747
8.71273e-05
7.00778e-05
5.62739e-05
4.57772e-05
3.79372e-05
3.20138e-05
2.74066e-05
2.36741e-05
2.05345e-05
1.78405e-05
1.54923e-05
1.34048e-05
1.15188e-05
9.8107e-06
8.29188e-06
6.97853e-06
5.87487e-06
4.96563e-06
4.22112e-06
3.61392e-06
3.13412e-06
2.79297e-06
2.61501e-06
2.62573e-06
2.84023e-06
3.2554e-06
3.8473e-06
4.57535e-06
5.39202e-06
6.25311e-06
7.12084e-06
7.95501e-06
8.69472e-06
9.24204e-06
9.46476e-06
9.23005e-06
8.46111e-06
7.18528e-06
5.54603e-06
3.76384e-06
2.08239e-06
7.2645e-07
6.31117e-07
1.28218e-06
1.7939e-06
1.98604e-06
2.54647e-06
1.97898e-06
0.000190557
2.80101e-05
2.93544e-05
3.03489e-05
3.46434e-05
3.90831e-05
4.42099e-05
4.84006e-05
4.92438e-05
4.8553e-05
5.16659e-05
5.63729e-05
5.02009e-05
3.08112e-05
1.96428e-05
2.3752e-05
2.52137e-05
2.59565e-05
2.738e-05
2.85642e-05
3.05048e-05
3.77936e-05
5.40063e-05
7.56247e-05
9.20589e-05
9.70044e-05
0.000100627
0.000106144
0.000112373
0.00011486
0.000119757
0.000122236
0.000113509
9.57501e-05
7.92379e-05
7.01643e-05
6.69069e-05
6.58022e-05
6.4888e-05
6.4672e-05
6.70979e-05
7.28455e-05
8.03704e-05
8.67413e-05
8.9495e-05
9.06873e-05
9.52588e-05
0.00010425
0.000112816
0.000114645
0.000107179
9.29473e-05
7.66422e-05
6.18957e-05
5.01752e-05
4.13751e-05
3.47934e-05
2.97358e-05
2.57085e-05
2.23941e-05
1.95737e-05
1.7091e-05
1.48498e-05
1.28108e-05
1.0969e-05
9.32716e-06
7.87793e-06
6.60551e-06
5.48816e-06
4.50826e-06
3.65556e-06
2.92825e-06
2.33071e-06
1.86876e-06
1.54373e-06
1.34779e-06
1.2631e-06
1.26433e-06
1.32278e-06
1.4119e-06
1.51292e-06
1.61823e-06
1.73035e-06
1.85619e-06
1.99983e-06
2.1572e-06
2.31007e-06
2.41665e-06
2.41385e-06
2.24413e-06
1.89754e-06
1.43115e-06
9.86922e-07
7.84737e-07
9.68602e-07
1.28987e-06
1.67351e-06
1.86081e-06
2.32652e-06
1.93331e-06
0.000160783
3.76323e-05
3.36663e-05
3.10415e-05
3.37418e-05
3.87473e-05
4.39423e-05
4.82253e-05
4.99157e-05
4.90637e-05
4.64133e-05
3.89018e-05
2.15785e-05
7.97013e-06
2.1007e-05
2.32173e-05
2.06666e-05
2.2184e-05
2.62851e-05
2.9455e-05
3.24768e-05
3.84662e-05
5.24994e-05
7.44645e-05
9.56623e-05
0.00010518
0.000108629
0.000112
0.000119766
0.00012797
0.000131422
0.000128701
0.000116684
9.89468e-05
8.32872e-05
7.39143e-05
6.98372e-05
6.80009e-05
6.6105e-05
6.45308e-05
6.46478e-05
6.65148e-05
7.03066e-05
7.41495e-05
7.57308e-05
7.67235e-05
8.10897e-05
8.94561e-05
9.79024e-05
0.000100379
9.40654e-05
8.14496e-05
6.71707e-05
5.4575e-05
4.47703e-05
3.74439e-05
3.18864e-05
2.75015e-05
2.38964e-05
2.08249e-05
1.81359e-05
1.57461e-05
1.36123e-05
1.17072e-05
1.00081e-05
8.49305e-06
7.14272e-06
5.94081e-06
4.87554e-06
3.93879e-06
3.12774e-06
2.44556e-06
1.8994e-06
1.49571e-06
1.23383e-06
1.10034e-06
1.06854e-06
1.10393e-06
1.17025e-06
1.2331e-06
1.26318e-06
1.23982e-06
1.1548e-06
1.01696e-06
8.58612e-07
7.42459e-07
7.42974e-07
8.6815e-07
1.04398e-06
1.18616e-06
1.23816e-06
1.18106e-06
1.05065e-06
9.16251e-07
9.22162e-07
1.07888e-06
1.40487e-06
1.56952e-06
2.00027e-06
1.71843e-06
0.000130384
4.31748e-05
3.6807e-05
3.19706e-05
3.31536e-05
3.91811e-05
4.58004e-05
5.11375e-05
5.40035e-05
5.36544e-05
4.93925e-05
4.06401e-05
3.217e-05
3.33734e-05
3.53019e-05
3.01062e-05
2.56756e-05
2.58403e-05
2.72557e-05
3.05669e-05
3.49943e-05
4.08507e-05
5.33772e-05
7.44532e-05
9.61113e-05
0.000107593
0.000109731
0.000112682
0.000117603
0.000128273
0.000133354
0.000129496
0.000116868
9.93836e-05
8.3578e-05
7.34903e-05
6.86904e-05
6.59471e-05
6.26646e-05
5.91653e-05
5.64013e-05
5.5366e-05
5.7199e-05
6.02069e-05
6.20596e-05
6.40486e-05
6.88721e-05
7.72034e-05
8.58917e-05
8.86217e-05
8.27261e-05
7.1206e-05
5.87065e-05
4.80837e-05
3.99585e-05
3.38324e-05
2.90521e-05
2.51493e-05
2.18422e-05
1.89676e-05
1.64304e-05
1.41741e-05
1.21646e-05
1.03798e-05
8.80326e-06
7.41735e-06
6.20152e-06
5.13406e-06
4.196e-06
3.37542e-06
2.67034e-06
2.08455e-06
1.62343e-06
1.28792e-06
1.06981e-06
9.51025e-07
9.07948e-07
9.15993e-07
9.51364e-07
9.92229e-07
1.02066e-06
1.02413e-06
9.96388e-07
9.39565e-07
8.69889e-07
8.24051e-07
8.46699e-07
9.45286e-07
1.07567e-06
1.18325e-06
1.23503e-06
1.21646e-06
1.13745e-06
1.02245e-06
9.74757e-07
1.02845e-06
1.26405e-06
1.3734e-06
1.7373e-06
1.51279e-06
0.000102865
4.37357e-05
3.68331e-05
3.16803e-05
3.31018e-05
4.08164e-05
4.95654e-05
5.66982e-05
6.11569e-05
6.22857e-05
5.96566e-05
5.43445e-05
4.99174e-05
4.81818e-05
4.42502e-05
3.80431e-05
3.4698e-05
3.1151e-05
2.80802e-05
3.01974e-05
3.51895e-05
4.11785e-05
5.28655e-05
7.30234e-05
9.3883e-05
0.000105259
0.000105515
0.000106018
0.000109751
0.000119221
0.000127213
0.000124742
0.000113075
9.64686e-05
8.07974e-05
7.01986e-05
6.46133e-05
6.08474e-05
5.62998e-05
5.09616e-05
4.58657e-05
4.30158e-05
4.41012e-05
4.72652e-05
5.0068e-05
5.32708e-05
5.86181e-05
6.75666e-05
7.66702e-05
7.89595e-05
7.27823e-05
6.20497e-05
5.12074e-05
4.23751e-05
3.56668e-05
3.04956e-05
2.63259e-05
2.28222e-05
1.97935e-05
1.71299e-05
1.47672e-05
1.26685e-05
1.08107e-05
9.17536e-06
7.74293e-06
6.49148e-06
5.39781e-06
4.44072e-06
3.60489e-06
2.88029e-06
2.26332e-06
1.75473e-06
1.35578e-06
1.06391e-06
8.6997e-07
7.58679e-07
7.11384e-07
7.08443e-07
7.30363e-07
7.59315e-07
7.81102e-07
7.86745e-07
7.73858e-07
7.48478e-07
7.27188e-07
7.35416e-07
7.9422e-07
9.01155e-07
1.03017e-06
1.14706e-06
1.22389e-06
1.24009e-06
1.19697e-06
1.10819e-06
1.04774e-06
1.03457e-06
1.17402e-06
1.21978e-06
1.51698e-06
1.33242e-06
8.05317e-05
3.99758e-05
3.27293e-05
2.88792e-05
3.30495e-05
4.34128e-05
5.43597e-05
6.32234e-05
6.90896e-05
7.147e-05
7.01529e-05
6.59074e-05
6.07012e-05
5.52963e-05
4.85146e-05
4.32637e-05
3.9137e-05
3.21695e-05
2.7117e-05
2.83427e-05
3.33588e-05
3.94881e-05
5.09812e-05
7.03122e-05
8.95486e-05
9.91722e-05
9.81437e-05
9.54417e-05
9.80978e-05
0.00010578
0.000115626
0.00011611
0.000106467
9.13441e-05
7.62947e-05
6.54141e-05
5.89988e-05
5.42909e-05
4.88565e-05
4.23379e-05
3.58975e-05
3.2189e-05
3.32184e-05
3.68102e-05
4.05059e-05
4.43913e-05
5.03906e-05
6.07062e-05
6.97754e-05
7.06975e-05
6.38278e-05
5.38775e-05
4.46539e-05
3.73958e-05
3.18335e-05
2.74122e-05
2.37379e-05
2.05852e-05
1.7828e-05
1.53941e-05
1.32401e-05
1.13371e-05
9.66128e-06
8.19025e-06
6.90205e-06
5.77572e-06
4.79225e-06
3.93535e-06
3.19208e-06
2.5539e-06
2.01559e-06
1.57442e-06
1.22755e-06
9.69688e-07
7.91874e-07
6.81693e-07
6.24242e-07
6.03258e-07
6.02783e-07
6.09241e-07
6.13062e-07
6.09581e-07
5.99759e-07
5.91082e-07
5.97724e-07
6.36233e-07
7.14766e-07
8.2479e-07
9.45632e-07
1.05367e-06
1.13082e-06
1.16322e-06
1.15167e-06
1.09909e-06
1.054e-06
1.0202e-06
1.10311e-06
1.10786e-06
1.34928e-06
1.18536e-06
6.45165e-05
3.3505e-05
2.43201e-05
2.3262e-05
3.30799e-05
4.64049e-05
5.89558e-05
6.87768e-05
7.52338e-05
7.80082e-05
7.6927e-05
7.22516e-05
6.53608e-05
5.72582e-05
4.9408e-05
4.42478e-05
3.83602e-05
3.06579e-05
2.55201e-05
2.56618e-05
3.02003e-05
3.64962e-05
4.82655e-05
6.68882e-05
8.40033e-05
9.10164e-05
8.85963e-05
8.41302e-05
8.51747e-05
9.13725e-05
0.000101365
0.000105164
9.834e-05
8.51361e-05
7.10706e-05
6.01438e-05
5.30145e-05
4.75693e-05
4.16765e-05
3.47802e-05
2.8014e-05
2.41787e-05
2.52929e-05
2.90872e-05
3.30807e-05
3.70483e-05
4.46195e-05
5.65079e-05
6.43142e-05
6.31246e-05
5.56239e-05
4.66624e-05
3.89932e-05
3.30533e-05
2.83956e-05
2.45776e-05
2.13323e-05
1.8512e-05
1.60324e-05
1.38423e-05
1.19074e-05
1.02012e-05
8.70026e-06
7.38235e-06
6.2266e-06
5.21375e-06
4.32695e-06
3.55249e-06
2.88007e-06
2.303e-06
1.81675e-06
1.41803e-06
1.10313e-06
8.66676e-07
7.00775e-07
5.94857e-07
5.36199e-07
5.11094e-07
5.06398e-07
5.10911e-07
5.16378e-07
5.18393e-07
5.17501e-07
5.20122e-07
5.37714e-07
5.81657e-07
6.55468e-07
7.51523e-07
8.55761e-07
9.52941e-07
1.03125e-06
1.07907e-06
1.09356e-06
1.06946e-06
1.03961e-06
9.99676e-07
1.04648e-06
1.02202e-06
1.21543e-06
1.06124e-06
5.34436e-05
2.75899e-05
1.39652e-05
1.66138e-05
3.30767e-05
4.9025e-05
6.22068e-05
7.20725e-05
7.83846e-05
8.08316e-05
7.93736e-05
7.40793e-05
6.58385e-05
5.63046e-05
4.81252e-05
4.22439e-05
3.56052e-05
2.89866e-05
2.39423e-05
2.24953e-05
2.64742e-05
3.30689e-05
4.54027e-05
6.3288e-05
7.78e-05
8.18901e-05
7.81734e-05
7.3273e-05
7.31433e-05
7.80235e-05
8.67915e-05
9.31182e-05
8.95726e-05
7.86201e-05
6.57551e-05
5.50032e-05
4.73928e-05
4.14685e-05
3.5472e-05
2.88168e-05
2.24692e-05
1.88905e-05
1.99168e-05
2.34447e-05
2.69324e-05
3.14137e-05
4.18839e-05
5.41255e-05
5.92413e-05
5.58162e-05
4.81542e-05
4.04057e-05
3.41391e-05
2.92574e-05
2.53163e-05
2.20027e-05
1.91424e-05
1.6637e-05
1.4427e-05
1.24732e-05
1.07467e-05
9.22269e-06
7.87874e-06
6.69423e-06
5.65085e-06
4.73294e-06
3.92764e-06
3.22479e-06
2.61664e-06
2.09741e-06
1.66226e-06
1.30676e-06
1.02617e-06
8.1446e-07
6.6378e-07
5.64426e-07
5.05264e-07
4.74723e-07
4.62072e-07
4.58555e-07
4.58213e-07
4.58525e-07
4.60967e-07
4.71054e-07
4.96784e-07
5.44546e-07
6.14496e-07
6.99335e-07
7.88147e-07
8.70392e-07
9.39453e-07
9.88063e-07
1.01395e-06
1.00847e-06
9.93814e-07
9.59083e-07
9.88663e-07
9.49061e-07
1.10611e-06
9.56449e-07
3.81521e-05
2.43132e-05
1.761e-05
2.28534e-05
3.57093e-05
5.09335e-05
6.38558e-05
7.29532e-05
7.84102e-05
8.02177e-05
7.82246e-05
7.24476e-05
6.36821e-05
5.38356e-05
4.5609e-05
3.91051e-05
3.28062e-05
2.73614e-05
2.12569e-05
1.85968e-05
2.26474e-05
2.99057e-05
4.29004e-05
5.98335e-05
7.12649e-05
7.24466e-05
6.78884e-05
6.34246e-05
6.28132e-05
6.65542e-05
7.33479e-05
8.0754e-05
8.05748e-05
7.22099e-05
6.06897e-05
5.02531e-05
4.23684e-05
3.61863e-05
3.03147e-05
2.42092e-05
1.85845e-05
1.53539e-05
1.6073e-05
1.87764e-05
2.16145e-05
2.86899e-05
4.18338e-05
5.21531e-05
5.38314e-05
4.87371e-05
4.15177e-05
3.50677e-05
2.99813e-05
2.59328e-05
2.25722e-05
1.96929e-05
1.7181e-05
1.49681e-05
1.30099e-05
1.12743e-05
9.7354e-06
8.3709e-06
7.16104e-06
6.08891e-06
5.14036e-06
4.30371e-06
3.56931e-06
2.92919e-06
2.37669e-06
1.90621e-06
1.51287e-06
1.19182e-06
9.37846e-07
7.44916e-07
6.05829e-07
5.12111e-07
4.54348e-07
4.22951e-07
4.09134e-07
4.05696e-07
4.07598e-07
4.125e-07
4.21183e-07
4.37416e-07
4.66488e-07
5.12102e-07
5.73496e-07
6.45042e-07
7.19231e-07
7.8941e-07
8.52164e-07
9.02239e-07
9.36869e-07
9.45054e-07
9.41939e-07
9.13187e-07
9.32642e-07
8.84792e-07
1.01377e-06
8.6751e-07
4.05939e-05
4.96407e-05
5.51484e-05
5.30795e-05
5.00866e-05
5.41073e-05
6.30907e-05
7.13966e-05
7.61046e-05
7.70557e-05
7.44963e-05
6.85713e-05
5.99843e-05
5.05752e-05
4.25398e-05
3.58481e-05
3.03035e-05
2.48034e-05
1.64858e-05
1.44358e-05
1.9181e-05
2.74888e-05
4.10738e-05
5.66115e-05
6.45293e-05
6.31972e-05
5.84322e-05
5.48599e-05
5.42582e-05
5.71577e-05
6.19717e-05
6.88563e-05
7.16341e-05
6.62736e-05
5.6359e-05
4.63523e-05
3.82899e-05
3.1924e-05
2.62108e-05
2.06323e-05
1.5627e-05
1.25975e-05
1.26824e-05
1.42417e-05
1.82667e-05
2.95863e-05
4.2764e-05
4.94386e-05
4.80053e-05
4.21697e-05
3.58295e-05
3.05796e-05
2.6429e-05
2.3034e-05
2.01517e-05
1.76485e-05
1.5447e-05
1.34971e-05
1.17639e-05
1.02204e-05
8.84422e-06
7.61652e-06
6.52152e-06
5.5463e-06
4.68043e-06
3.91533e-06
3.24383e-06
2.65976e-06
2.15765e-06
1.73244e-06
1.37904e-06
1.09212e-06
8.65951e-07
6.94243e-07
5.69977e-07
4.85337e-07
4.31963e-07
4.01522e-07
3.86523e-07
3.8103e-07
3.8114e-07
3.85337e-07
3.94553e-07
4.11741e-07
4.40505e-07
4.82835e-07
5.37275e-07
5.98825e-07
6.61421e-07
7.20319e-07
7.74304e-07
8.20575e-07
8.57467e-07
8.7364e-07
8.79443e-07
8.58089e-07
8.73753e-07
8.23841e-07
9.32686e-07
7.90177e-07
)
;

boundaryField
{
    outlet
    {
        type            zeroGradient;
    }
    inlet
    {
        type            zeroGradient;
    }
    lowerWall
    {
        type            zeroGradient;
    }
    upperWall
    {
        type            zeroGradient;
    }
    frontAndBack
    {
        type            empty;
    }
}


// ************************************************************************* //
