/*--------------------------------*- C++ -*----------------------------------*\
| =========                 |                                                 |
| \\      /  F ield         | OpenFOAM: The Open Source CFD Toolbox           |
|  \\    /   O peration     | Version:  2.1.1                                 |
|   \\  /    A nd           | Web:      www.OpenFOAM.org                      |
|    \\/     M anipulation  |                                                 |
\*---------------------------------------------------------------------------*/
FoamFile
{
    version     2.0;
    format      ascii;
    class       volScalarField;
    location    "0.165";
    object      p;
}
// * * * * * * * * * * * * * * * * * * * * * * * * * * * * * * * * * * * * * //

dimensions      [0 2 -2 0 0 0 0];

internalField   nonuniform List<scalar> 
6820
(
7.89648
-9.94095
-12.9542
-13.1473
-13.3274
-13.2628
-13.2162
-13.2402
-13.3004
-13.3816
-13.4755
-13.5767
-13.6831
-13.7934
-13.9073
-14.0244
-14.1447
-14.2681
-14.3945
-14.5238
-14.6562
-14.7915
-14.9297
-15.0706
-15.2142
-15.3601
-15.5081
-15.6573
-15.8078
-15.9565
-16.1092
-16.2436
-16.422
1.21606
-9.75895
-12.6421
-12.9484
-13.2085
-13.24
-13.2301
-13.2653
-13.3272
-13.4055
-13.4954
-13.593
-13.6962
-13.8041
-13.9161
-14.0319
-14.1512
-14.2738
-14.3997
-14.5287
-14.6609
-14.7959
-14.9338
-15.0748
-15.2185
-15.3644
-15.5129
-15.6628
-15.814
-15.965
-16.1198
-16.2687
-16.4655
-1.49737
-8.32723
-11.6201
-12.3844
-12.8603
-13.0668
-13.1356
-13.2036
-13.2848
-13.3754
-13.4739
-13.578
-13.6862
-13.7977
-13.9121
-14.0295
-14.1497
-14.2729
-14.399
-14.528
-14.66
-14.795
-14.9329
-15.074
-15.2179
-15.3647
-15.5136
-15.6654
-15.82
-15.9765
-16.1386
-16.3021
-16.4866
-3.48154
-8.09866
-11.1968
-12.0623
-12.542
-12.8275
-12.9664
-13.0785
-13.1908
-13.3018
-13.4131
-13.5257
-13.6401
-13.7565
-13.8749
-13.9955
-14.1184
-14.2437
-14.3716
-14.5022
-14.6356
-14.7718
-14.911
-15.0534
-15.1991
-15.3481
-15.5008
-15.658
-15.8205
-15.9896
-16.1703
-16.368
-16.6008
-5.11563
-8.19762
-10.8034
-11.7131
-12.2284
-12.593
-12.802
-12.9535
-13.0902
-13.2177
-13.3404
-13.4617
-13.5826
-13.7037
-13.8257
-13.9491
-14.0742
-14.2011
-14.3303
-14.4617
-14.5958
-14.7326
-14.8726
-15.0161
-15.1635
-15.3154
-15.4726
-15.6365
-15.8096
-15.9951
-16.2002
-16.4355
-16.7233
-6.33658
-8.37684
-10.5507
-11.501
-12.0353
-12.4269
-12.6707
-12.8449
-12.9974
-13.1373
-13.2693
-13.3974
-13.5236
-13.649
-13.7743
-13.9
-14.0267
-14.1548
-14.2847
-14.4166
-14.5509
-14.6881
-14.8285
-14.9727
-15.1214
-15.2756
-15.4367
-15.6069
-15.7895
-15.9893
-16.2149
-16.4786
-16.8041
-7.28528
-8.66124
-10.4312
-11.3441
-11.8659
-12.2656
-12.5394
-12.7387
-12.909
-13.0621
-13.2036
-13.3384
-13.4696
-13.5986
-13.7265
-13.8542
-13.9823
-14.1114
-14.2419
-14.3741
-14.5086
-14.6457
-14.7862
-14.9306
-15.08
-15.2355
-15.3991
-15.5732
-15.7615
-15.9694
-16.2052
-16.4801
-16.814
-8.02892
-8.96503
-10.3775
-11.2257
-11.7358
-12.1369
-12.4292
-12.6455
-12.8275
-12.9897
-13.1383
-13.2786
-13.414
-13.5464
-13.6768
-13.8065
-13.936
-14.0659
-14.1968
-14.3292
-14.4635
-14.6004
-14.7405
-14.8846
-15.034
-15.1898
-15.3542
-15.5298
-15.7205
-15.9313
-16.1698
-16.4452
-16.7728
-8.61844
-9.26593
-10.3848
-11.1526
-11.6401
-12.0292
-12.3276
-12.5552
-12.7469
-12.9174
-13.073
-13.2188
-13.3585
-13.4941
-13.627
-13.7583
-13.8889
-14.0195
-14.1506
-14.2828
-14.4167
-14.5529
-14.6922
-14.8354
-14.9838
-15.1388
-15.3023
-15.4771
-15.6666
-15.8753
-16.1095
-16.3759
-16.685
-9.09168
-9.54827
-10.4296
-11.1085
-11.5668
-11.9398
-12.2388
-12.4739
-12.6726
-12.8494
-13.0102
-13.1602
-13.3032
-13.4413
-13.5761
-13.7087
-13.8401
-13.971
-14.102
-14.2337
-14.3668
-14.5019
-14.6398
-14.7814
-14.9279
-15.0807
-15.2417
-15.4132
-15.5983
-15.8005
-16.0248
-16.2755
-16.5592
-9.4755
-9.80434
-10.498
-11.0896
-11.5152
-11.8687
-12.1619
-12.3995
-12.6021
-12.7829
-12.9478
-13.1014
-13.2473
-13.3877
-13.5242
-13.658
-13.79
-13.921
-14.0517
-14.1826
-14.3145
-14.4481
-14.584
-14.7232
-14.8668
-15.0161
-15.1727
-15.3388
-15.5165
-15.7088
-15.9187
-16.1491
-16.4033
-9.78953
-10.0318
-10.5792
-11.089
-11.4794
-11.8111
-12.0948
-12.3315
-12.536
-12.7195
-12.8874
-13.0437
-13.1919
-13.334
-13.4717
-13.6062
-13.7385
-13.8692
-13.9992
-14.129
-14.2593
-14.3907
-14.5239
-14.66
-14.7997
-14.9442
-15.095
-15.2535
-15.4216
-15.601
-15.7937
-16.0009
-16.2239
-10.0481
-10.2306
-10.665
-11.1014
-11.4563
-11.7656
-12.0373
-12.2703
-12.4744
-12.6589
-12.8284
-12.9865
-13.1363
-13.2797
-13.4183
-13.5532
-13.6855
-13.8157
-13.9447
-14.073
-14.2012
-14.33
-14.4601
-14.5922
-14.7271
-14.8657
-15.0092
-15.1587
-15.3152
-15.4798
-15.6534
-15.8362
-16.0276
-10.2617
-10.4023
-10.7497
-11.1221
-11.4425
-11.7292
-11.9874
-12.2145
-12.4167
-12.6008
-12.7711
-12.9303
-13.0811
-13.2253
-13.3644
-13.4994
-13.6312
-13.7606
-13.8882
-14.0146
-14.1404
-14.2661
-14.3923
-14.5197
-14.649
-14.7808
-14.9159
-15.0549
-15.1986
-15.3472
-15.5008
-15.6589
-15.8199
-10.4383
-10.5488
-10.8294
-11.1471
-11.4351
-11.7
-11.9441
-12.1639
-12.3627
-12.5454
-12.7154
-12.8749
-13.0262
-13.1707
-13.3099
-13.4446
-13.5757
-13.704
-13.8299
-13.954
-14.0769
-14.199
-14.3209
-14.4431
-14.566
-14.6902
-14.816
-14.9438
-15.0738
-15.2059
-15.3395
-15.4735
-15.606
-10.5835
-10.6722
-10.9015
-11.1733
-11.4316
-11.6759
-11.9058
-12.1174
-12.3118
-12.4923
-12.6612
-12.8205
-12.9716
-13.1161
-13.255
-13.3891
-13.5193
-13.646
-13.7699
-13.8914
-14.0111
-14.1292
-14.2463
-14.3627
-14.4786
-14.5945
-14.7105
-14.8266
-14.9427
-15.0582
-15.1723
-15.2836
-15.3898
-10.702
-10.7744
-10.9643
-11.1981
-11.4297
-11.6548
-11.8712
-12.0742
-12.2635
-12.4411
-12.6085
-12.7669
-12.9176
-13.0616
-13.1998
-13.3331
-13.4619
-13.5869
-13.7085
-13.8271
-13.9432
-14.057
-14.1689
-14.2791
-14.3878
-14.4951
-14.601
-14.7052
-14.8074
-14.9069
-15.0024
-15.0927
-15.1754
-10.7968
-10.8571
-11.0166
-11.2192
-11.4275
-11.6353
-11.8388
-12.0333
-12.2173
-12.3916
-12.557
-12.7141
-12.8639
-13.0072
-13.1445
-13.2766
-13.4039
-13.5269
-13.6459
-13.7614
-13.8736
-13.9828
-14.0892
-14.1929
-14.2941
-14.3926
-14.4883
-14.5808
-14.6695
-14.7537
-14.8321
-14.9034
-14.9652
-10.8707
-10.9217
-11.0577
-11.2351
-11.4234
-11.6157
-11.8075
-11.9939
-12.1725
-12.3434
-12.5065
-12.6622
-12.8109
-12.9532
-13.0894
-13.2201
-13.3457
-13.4664
-13.5827
-13.6948
-13.803
-13.9074
-14.0082
-14.1053
-14.1989
-14.2886
-14.3744
-14.4556
-14.5316
-14.6016
-14.6644
-14.7187
-14.7625
-10.9252
-10.9693
-11.0872
-11.2443
-11.4158
-11.5947
-11.7761
-11.955
-12.1286
-12.296
-12.4568
-12.6109
-12.7584
-12.8994
-13.0344
-13.1636
-13.2872
-13.4056
-13.519
-13.6276
-13.7315
-13.831
-13.926
-14.0165
-14.1025
-14.1837
-14.2598
-14.3302
-14.3944
-14.4514
-14.5002
-14.5397
-14.5681
-10.9618
-11.0005
-11.1047
-11.2458
-11.4034
-11.571
-11.7435
-11.9158
-12.0848
-12.2491
-12.4078
-12.5604
-12.7066
-12.8465
-12.9802
-13.1078
-13.2295
-13.3454
-13.4558
-13.5609
-13.6606
-13.7551
-13.8445
-13.9285
-14.0072
-14.0802
-14.1472
-14.2076
-14.261
-14.3064
-14.3429
-14.3697
-14.3851
-10.9812
-11.016
-11.1097
-11.2384
-11.385
-11.5434
-11.7086
-11.8754
-12.0406
-12.2022
-12.359
-12.5102
-12.6553
-12.794
-12.9263
-13.0523
-13.1719
-13.2854
-13.3927
-13.4941
-13.5896
-13.6792
-13.7629
-13.8407
-13.9122
-13.9774
-14.0359
-14.0872
-14.1307
-14.1658
-14.1916
-14.2076
-14.2123
-10.9839
-11.0157
-11.1018
-11.2214
-11.3596
-11.511
-11.6706
-11.8333
-11.9956
-12.1552
-12.3108
-12.461
-12.6052
-12.743
-12.8743
-12.9988
-13.1166
-13.2277
-13.3321
-13.43
-13.5214
-13.6063
-13.6847
-13.7564
-13.8214
-13.8794
-13.9301
-13.9731
-14.0079
-14.0341
-14.0509
-14.0579
-14.054
-10.9699
-10.9997
-11.0806
-11.1938
-11.3261
-11.4726
-11.6284
-11.7883
-11.9488
-12.1073
-12.262
-12.4117
-12.5553
-12.6924
-12.8226
-12.9457
-13.0616
-13.1703
-13.2719
-13.3663
-13.4537
-13.5339
-13.6071
-13.6731
-13.7319
-13.7831
-13.8267
-13.8622
-13.8894
-13.9078
-13.917
-13.9165
-13.9058
-10.9389
-10.9675
-11.0452
-11.1546
-11.2836
-11.4276
-11.5816
-11.7406
-11.9007
-12.0593
-12.2143
-12.3643
-12.5081
-12.6451
-12.7748
-12.897
-13.0114
-13.1181
-13.2171
-13.3084
-13.3921
-13.4681
-13.5366
-13.5973
-13.6504
-13.6957
-13.7329
-13.7619
-13.7825
-13.7944
-13.7972
-13.7908
-13.7746
-10.89
-10.9182
-10.9947
-11.1028
-11.2309
-11.3745
-11.5287
-11.6882
-11.8492
-12.0089
-12.1649
-12.3157
-12.4601
-12.5972
-12.7265
-12.8478
-12.9609
-13.0656
-13.1621
-13.2503
-13.3304
-13.4024
-13.4663
-13.5221
-13.5699
-13.6096
-13.6411
-13.6643
-13.6792
-13.6855
-13.683
-13.6719
-13.6517
-10.8222
-10.8506
-10.928
-11.0375
-11.1675
-11.3135
-11.4706
-11.6333
-11.7975
-11.9602
-12.119
-12.2721
-12.4183
-12.5566
-12.6865
-12.8076
-12.9199
-13.0232
-13.1177
-13.2033
-13.2802
-13.3485
-13.4084
-13.4598
-13.5029
-13.5377
-13.5642
-13.5825
-13.5925
-13.5941
-13.5874
-13.5725
-13.5491
-10.7336
-10.7631
-10.8432
-10.9565
-11.0908
-11.2415
-11.4032
-11.5705
-11.7391
-11.9058
-12.0681
-12.2241
-12.3724
-12.5123
-12.643
-12.7643
-12.876
-12.978
-13.0706
-13.1538
-13.2277
-13.2926
-13.3486
-13.3959
-13.4346
-13.465
-13.487
-13.5008
-13.5065
-13.5042
-13.494
-13.4761
-13.4506
-10.6219
-10.6534
-10.7391
-10.86
-11.0027
-11.1624
-11.3332
-11.5092
-11.6857
-11.8595
-12.0278
-12.1887
-12.341
-12.4836
-12.6162
-12.7383
-12.8501
-12.9514
-13.0425
-13.1236
-13.1949
-13.2567
-13.3093
-13.3529
-13.3877
-13.414
-13.432
-13.442
-13.444
-13.4383
-13.4252
-13.4048
-13.3772
-10.4837
-10.518
-10.6113
-10.7419
-10.8948
-11.0648
-11.2459
-11.4316
-11.6171
-11.7989
-11.9742
-12.1411
-12.2981
-12.4444
-12.5795
-12.7032
-12.8154
-12.9164
-13.0064
-13.0857
-13.1547
-13.2137
-13.2631
-13.3032
-13.3344
-13.357
-13.3713
-13.3777
-13.3765
-13.3679
-13.3523
-13.33
-13.3014
-10.3148
-10.3544
-10.4611
-10.6093
-10.7809
-10.9696
-11.1683
-11.3699
-11.5692
-11.7627
-11.9478
-12.1224
-12.2855
-12.4362
-12.5744
-12.6999
-12.8129
-12.9137
-13.0026
-13.0802
-13.1469
-13.2032
-13.2495
-13.2863
-13.314
-13.3331
-13.3439
-13.3469
-13.3425
-13.3311
-13.3129
-13.2885
-13.258
-10.1081
-10.1523
-10.2728
-10.4379
-10.6268
-10.8335
-11.0505
-11.2696
-11.4851
-11.6931
-11.8907
-12.0759
-12.2475
-12.4049
-12.548
-12.6767
-12.7916
-12.893
-12.9816
-13.058
-13.1227
-13.1765
-13.22
-13.2536
-13.2781
-13.2938
-13.3014
-13.3013
-13.294
-13.2801
-13.2599
-13.234
-13.2028
-9.85846
-9.91718
-10.0702
-10.273
-10.4973
-10.7358
-10.9806
-11.223
-11.4577
-11.6815
-11.8918
-12.0871
-12.2664
-12.4296
-12.5766
-12.7079
-12.8239
-12.9254
-13.0131
-13.0878
-13.1502
-13.2012
-13.2413
-13.2714
-13.2922
-13.3041
-13.3079
-13.3042
-13.2934
-13.2761
-13.2528
-13.2241
-13.1903
-9.54388
-9.60502
-9.77793
-10.0072
-10.2617
-10.5348
-10.815
-11.0904
-11.3546
-11.6038
-11.8353
-12.0476
-12.2403
-12.4134
-12.5675
-12.7034
-12.8222
-12.9248
-13.0123
-13.0857
-13.1462
-13.1946
-13.2319
-13.2589
-13.2763
-13.285
-13.2855
-13.2786
-13.2649
-13.2449
-13.2195
-13.1891
-13.1544
-9.17474
-9.29102
-9.54926
-9.84945
-10.1548
-10.4682
-10.7809
-11.0824
-11.368
-11.6351
-11.8814
-12.1058
-12.308
-12.4883
-12.6476
-12.7866
-12.9067
-13.0091
-13.0952
-13.1661
-13.2232
-13.2675
-13.3002
-13.3223
-13.3346
-13.3381
-13.3334
-13.3213
-13.3025
-13.2776
-13.2473
-13.2122
-13.173
-8.6388
-8.72892
-9.02468
-9.39241
-9.77835
-10.175
-10.5619
-10.9251
-11.261
-11.5677
-11.844
-12.0905
-12.3085
-12.4998
-12.6661
-12.8094
-12.9315
-13.0343
-13.1196
-13.1888
-13.2436
-13.2852
-13.3149
-13.3337
-13.3428
-13.3429
-13.3348
-13.3194
-13.2972
-13.269
-13.2355
-13.1976
-13.1562
-8.13762
-8.45906
-8.92433
-9.33931
-9.74449
-10.167
-10.5786
-10.9657
-11.3267
-11.658
-11.9564
-12.2216
-12.4544
-12.6563
-12.8293
-12.9757
-13.098
-13.1984
-13.2792
-13.3425
-13.3903
-13.4241
-13.4456
-13.4561
-13.4568
-13.4486
-13.4324
-13.4089
-13.3787
-13.3424
-13.3003
-13.2535
-13.2022
-6.8307
-7.15133
-7.92175
-8.61748
-9.24886
-9.84895
-10.3857
-10.859
-11.2791
-11.6499
-11.9747
-12.2579
-12.5031
-12.7139
-12.8933
-13.0442
-13.1694
-13.2715
-13.3528
-13.4156
-13.462
-13.4938
-13.5127
-13.5202
-13.5176
-13.5058
-13.4858
-13.4582
-13.4232
-13.3812
-13.3316
-13.2759
-13.2097
-6.81486
-7.5588
-8.16045
-8.62346
-9.21857
-9.84613
-10.4295
-10.9711
-11.4646
-11.8996
-12.2751
-12.5946
-12.8623
-13.0832
-13.2624
-13.4054
-13.5169
-13.6014
-13.6628
-13.7044
-13.7294
-13.7401
-13.7388
-13.7273
-13.7071
-13.6794
-13.6452
-13.6049
-13.5586
-13.5054
-13.4425
-13.3671
-13.2651
-0.560111
-5.16744
-6.94904
-7.79604
-8.79354
-9.66382
-10.3574
-10.957
-11.4791
-11.924
-12.3007
-12.6174
-12.8806
-13.0965
-13.2711
-13.4099
-13.5178
-13.599
-13.6576
-13.6968
-13.7195
-13.7284
-13.7254
-13.7125
-13.6912
-13.6628
-13.6285
-13.5891
-13.5458
-13.4982
-13.4492
-13.3939
-13.3438
-16.3828
-16.8305
-19.2213
-22.711
-27.1079
-31.7702
-35.6569
-37.9149
-38.2386
-36.7991
-33.5229
-27.9844
-20.3422
-12.1013
-5.03078
0.165599
3.72279
5.7968
6.45899
5.84231
3.78143
0.311675
-4.61343
-11.0608
-18.9659
-28.0406
-37.7368
-47.2514
-55.5511
-61.5938
-64.5869
-63.9768
-60.017
-53.7249
-46.8629
-40.9487
-36.6985
-33.9941
-32.2912
-31.0406
-29.8597
-28.5259
-26.9258
-25.018
-22.8145
-20.3691
-17.7658
-15.1058
-12.4927
-10.0201
-7.76181
-5.76717
-4.06035
-2.64347
-1.50168
-0.608808
0.0674425
0.56137
0.906276
1.13255
1.26667
1.3308
1.34299
1.31747
1.26516
1.19391
1.1087
1.0118
0.902121
0.774541
0.620845
0.427454
0.166952
-0.232135
-0.988325
-2.60886
-5.9
-11.6436
-19.9911
-29.7548
-38.391
-43.0553
-42.2077
-35.6903
-25.6542
-15.5312
-8.04735
-3.74648
-1.63607
-0.634429
-0.1227
0.149974
0.291363
0.350565
0.387939
0.391742
0.418617
0.374771
0.35531
0.242525
-16.5971
-17.0425
-19.244
-22.6086
-26.7145
-30.9673
-34.476
-36.3983
-36.4103
-34.6018
-30.9649
-25.3892
-18.3039
-10.9833
-4.69326
0.0575588
3.44552
5.6007
6.44678
6.0264
4.15647
0.747857
-4.22831
-10.828
-18.9697
-28.3331
-38.321
-48.0708
-56.4936
-62.5324
-65.4164
-64.6495
-60.5137
-54.0445
-47.0339
-41.0068
-36.6539
-33.8306
-31.9969
-30.6274
-29.361
-27.9845
-26.385
-24.5168
-22.3854
-20.0364
-17.5443
-14.9998
-12.4971
-10.1218
-7.94285
-6.00728
-4.33954
-2.9438
-1.80827
-0.91022
-0.220592
0.292074
0.658793
0.908228
1.0656
1.15224
1.18562
1.1796
1.14485
1.08903
1.01693
0.930743
0.829379
0.707758
0.557458
0.365277
0.105676
-0.285211
-1.00623
-2.5326
-5.62905
-11.0423
-18.9199
-28.1383
-36.3009
-40.7196
-39.962
-33.838
-24.377
-14.8428
-7.80082
-3.73131
-1.69797
-0.704882
-0.18487
0.0978068
0.248016
0.318675
0.361525
0.380078
0.397881
0.386518
0.314782
0.313057
-16.7303
-17.4678
-19.5685
-22.654
-26.3291
-30.0357
-32.9214
-34.3237
-33.9361
-31.8086
-28.0366
-22.7477
-16.4342
-10.0487
-4.47816
-0.132302
3.05956
5.21525
6.19585
5.94027
4.26997
0.978208
-3.99088
-10.6768
-18.9796
-28.5437
-38.7207
-48.5901
-57.0199
-62.9628
-65.6886
-64.7807
-60.5012
-53.939
-46.8872
-40.8507
-36.4752
-33.5874
-31.6592
-30.1964
-28.8616
-27.4525
-25.8579
-24.0298
-21.9684
-19.7124
-17.3272
-14.894
-12.4981
-10.2177
-8.1168
-6.24022
-4.61241
-3.23925
-2.11172
-1.21023
-0.508808
0.0212811
0.408808
0.680696
0.860892
0.969833
1.02437
1.03795
1.02093
0.980765
0.922098
0.846983
0.754353
0.639202
0.492986
0.302808
0.0445907
-0.338943
-1.02639
-2.45691
-5.34863
-10.4104
-17.7873
-26.4277
-34.0921
-38.2569
-37.5903
-31.8787
-23.0291
-14.1236
-7.5482
-3.71733
-1.76067
-0.774975
-0.246431
0.0458932
0.204392
0.286334
0.33458
0.367793
0.376336
0.397078
0.273772
0.379916
-16.979
-17.8287
-19.6837
-22.37
-25.4762
-28.4821
-30.7143
-31.6102
-30.9131
-28.6937
-25.1162
-20.3764
-14.8852
-9.3326
-4.38064
-0.391141
2.60243
4.69229
5.74688
5.61854
4.12391
0.992748
-3.90349
-10.596
-18.9643
-28.6165
-38.8556
-48.7134
-57.0355
-62.8072
-65.3366
-64.3029
-59.9324
-53.3768
-46.4063
-40.4741
-36.1599
-33.2626
-31.2764
-29.7449
-28.3582
-26.9262
-25.3413
-23.5544
-21.5619
-19.396
-17.114
-14.7884
-12.4958
-10.3079
-8.28388
-6.46618
-4.87905
-3.52983
-2.41196
-1.50873
-0.797078
-0.250881
0.156432
0.450051
0.652619
0.783635
0.859291
0.892564
0.893477
0.86926
0.824372
0.760731
0.677293
0.569171
0.427724
0.240287
-0.0157959
-0.391693
-1.04554
-2.37765
-5.05534
-9.74696
-16.5978
-24.6359
-31.7873
-35.6963
-35.1247
-29.8443
-21.638
-13.3922
-7.29864
-3.70739
-1.82469
-0.844881
-0.307698
-0.00606506
0.160429
0.253583
0.307181
0.35491
0.354215
0.406513
0.232854
0.443415
-17.1779
-18.0486
-19.6276
-21.8107
-24.252
-26.5349
-28.1425
-28.6433
-27.8445
-25.785
-22.5898
-18.4377
-13.6664
-8.80652
-4.38522
-0.723795
2.07647
4.0576
5.13506
5.09719
3.74427
0.795385
-3.96013
-10.5684
-18.891
-28.5024
-38.6645
-48.3761
-56.4835
-62.0178
-64.3225
-63.1756
-58.781
-52.3419
-45.5846
-39.8741
-35.7054
-32.8539
-30.8466
-29.272
-27.8499
-26.405
-24.8347
-23.0905
-21.1659
-19.0873
-16.905
-14.6831
-12.4907
-10.3929
-8.44437
-6.6853
-5.1395
-3.81549
-2.70886
-1.80555
-1.08521
-0.524231
-0.0981749
0.216423
0.440882
0.593722
0.690429
0.743477
0.762512
0.754506
0.72374
0.671994
0.59822
0.497685
0.361735
0.177876
-0.0752091
-0.443049
-1.06321
-2.29511
-4.7522
-9.06081
-15.3685
-22.789
-29.418
-33.0697
-32.5953
-27.7618
-20.226
-12.6639
-7.06021
-3.70561
-1.89287
-0.916976
-0.370437
-0.0591512
0.115598
0.220207
0.279283
0.341379
0.331568
0.414638
0.192278
0.503214
-17.2906
-18.1131
-19.4121
-21.1286
-23.0029
-24.7031
-25.8483
-26.1057
-25.2962
-23.4151
-20.561
-16.9004
-12.7199
-8.43999
-4.48651
-1.13904
1.47211
3.32664
4.38552
4.4074
3.16847
0.401392
-4.15378
-10.5806
-18.7341
-28.1645
-38.1041
-47.5361
-55.3293
-60.5672
-62.636
-61.3872
-57.0488
-50.8494
-44.4419
-39.0673
-35.122
-32.366
-30.3713
-28.7771
-27.3354
-25.887
-24.3365
-22.6368
-20.7795
-18.7861
-16.7001
-14.5784
-12.4829
-10.4728
-8.59855
-6.89781
-5.39391
-4.09627
-3.00238
-2.1006
-1.3731
-0.798649
-0.354899
-0.0200867
0.225766
0.400169
0.517858
0.590765
0.628123
0.63662
0.620338
0.580915
0.517288
0.424901
0.295176
0.115747
-0.133479
-0.493069
-1.08073
-2.21343
-4.44783
-8.36629
-14.1204
-20.9144
-27.0161
-30.4112
-30.0378
-25.6651
-18.8209
-11.9567
-6.84127
-3.71524
-1.96697
-0.99268
-0.435759
-0.114028
0.0696199
0.186114
0.2509
0.327192
0.308522
0.421358
0.152324
0.55888
-17.2922
-18.0438
-19.1265
-20.4892
-21.9315
-23.192
-23.9768
-24.0245
-23.1871
-21.4502
-18.8906
-15.653
-11.9781
-8.20275
-4.67182
-1.62899
0.789798
2.51423
3.51849
3.57726
2.43811
-0.155095
-4.46676
-10.6175
-18.4724
-27.5746
-37.1454
-46.1708
-53.5603
-58.4521
-60.2873
-58.9593
-54.7704
-48.9432
-43.0194
-38.0829
-34.4253
-31.8057
-29.8528
-28.2603
-26.8138
-25.3714
-23.846
-22.193
-20.4025
-18.4921
-16.4993
-14.4744
-12.4728
-10.5482
-8.74677
-7.10399
-5.64245
-4.37225
-3.29253
-2.39381
-1.66064
-1.07402
-0.613629
-0.259376
0.00736484
0.203061
0.341659
0.434504
0.490386
0.515675
0.514248
0.487595
0.434621
0.350959
0.228201
0.0540951
-0.19035
-0.541405
-1.09833
-2.1352
-4.14934
-7.67689
-12.8746
-19.0404
-24.6156
-27.7578
-27.49
-23.5894
-17.4511
-11.2876
-6.64916
-3.73926
-2.04905
-1.07395
-0.505282
-0.171769
0.0219776
0.151112
0.222019
0.312342
0.285216
0.426614
0.113291
0.610231
-17.2261
-17.897
-18.7918
-19.862
-20.9534
-21.8615
-22.3607
-22.2498
-21.4062
-19.8069
-17.5106
-14.6432
-11.4076
-8.07527
-4.92665
-2.17545
0.0446284
1.63747
2.55975
2.63267
1.58944
-0.828233
-4.86756
-10.662
-18.0944
-26.7218
-35.7809
-44.2826
-51.1904
-55.6969
-57.3078
-55.9496
-52.0201
-46.7
-41.3804
-36.9613
-33.6356
-31.1817
-29.2943
-27.7222
-26.2845
-24.8574
-23.3624
-21.7583
-20.0345
-18.2052
-16.3027
-14.3714
-12.4608
-10.6193
-8.88943
-7.30417
-5.88536
-4.64358
-3.57936
-2.6852
-1.94779
-1.35029
-0.87429
-0.501364
-0.21424
0.00248171
0.161921
0.274798
0.349419
0.391813
0.405629
0.392203
0.350402
0.276045
0.160991
-0.00687082
-0.245571
-0.587697
-1.11601
-2.06245
-3.86342
-7.00628
-11.6528
-17.197
-22.2528
-25.1487
-24.9924
-21.5728
-16.1458
-10.6729
-6.48996
-3.77981
-2.14064
-1.16232
-0.580239
-0.233104
-0.0276345
0.115101
0.192668
0.296849
0.26181
0.430378
0.0754572
0.657139
-17.0995
-17.6831
-18.4143
-19.2472
-20.0617
-20.697
-20.9778
-20.747
-19.9048
-18.429
-16.3675
-13.8275
-10.9775
-8.03715
-5.23614
-2.76177
-0.744272
0.714445
1.54322
1.60428
0.652067
-1.57685
-5.31644
-10.6929
-17.6012
-25.6236
-34.0381
-41.9079
-48.2662
-52.3647
-53.7766
-52.4677
-48.9151
-44.2267
-39.6035
-35.7465
-32.7737
-30.5033
-28.6994
-27.1638
-25.7475
-24.3444
-22.8851
-21.3323
-19.6752
-17.9252
-16.1104
-14.2697
-12.4472
-10.6867
-9.02696
-7.49874
-6.12294
-4.91046
-3.86301
-2.97482
-2.23457
-1.62743
-1.13683
-0.745989
-0.438974
-0.201482
-0.0212569
0.111759
0.20535
0.265177
0.294639
0.294917
0.264832
0.200375
0.0937538
-0.0669254
-0.298881
-0.631578
-1.13361
-1.99694
-3.59659
-6.36859
-10.4782
-15.4154
-19.9647
-22.6242
-22.5872
-19.654
-14.9331
-10.1262
-6.36779
-3.83825
-2.24307
-1.25925
-0.661848
-0.298819
-0.079566
0.0779756
0.162893
0.280765
0.238492
0.432667
0.0390985
0.699529
-16.929
-17.4271
-18.0173
-18.6558
-19.2476
-19.667
-19.7778
-19.4585
-18.6303
-17.2733
-15.4254
-13.1763
-10.6659
-8.07353
-5.58913
-3.37598
-1.55994
-0.239404
0.496199
0.526864
-0.346724
-2.37473
-5.78235
-10.6895
-16.9992
-24.3221
-31.9899
-39.1415
-44.9018
-48.5893
-49.8429
-48.6726
-45.608
-41.6507
-37.7699
-34.4798
-31.8588
-29.7794
-28.0723
-26.5869
-25.2034
-23.8324
-22.4139
-20.9146
-19.3243
-17.6521
-15.9224
-14.1695
-12.4325
-10.7508
-9.15986
-7.68813
-6.35557
-5.17318
-4.14367
-3.26279
-2.52104
-1.90545
-1.40125
-0.993214
-0.666778
-0.408748
-0.207766
-0.0544782
0.0583421
0.135958
0.181492
0.195967
0.178157
0.12421
0.0267346
-0.125825
-0.350003
-0.672634
-1.15067
-1.93963
-3.35429
-5.7771
-9.37339
-13.7271
-17.7892
-20.2272
-20.3176
-17.8712
-13.8377
-9.65711
-6.28459
-3.91513
-2.35728
-1.36585
-0.75091
-0.369329
-0.133931
0.0397459
0.132806
0.264187
0.215484
0.433545
0.00447965
0.737399
-16.7257
-17.1422
-17.61
-18.0892
-18.5039
-18.7557
-18.739
-18.3595
-17.555
-16.3091
-14.6529
-12.6618
-10.4517
-8.16987
-5.97411
-4.00642
-2.38621
-1.20647
-0.561815
-0.566943
-1.37807
-3.20644
-6.25821
-10.6501
-16.3032
-22.8662
-29.7307
-36.1219
-41.2659
-44.5459
-45.6816
-44.7456
-42.274
-39.1007
-35.9501
-33.1942
-30.907
-29.0186
-27.4175
-25.9938
-24.653
-23.3216
-21.9487
-20.5051
-18.9815
-17.3858
-15.7389
-14.0711
-12.417
-10.8122
-9.28865
-7.87286
-6.58369
-5.43211
-4.42163
-3.54932
-2.80733
-2.18445
-1.66758
-1.24304
-0.89761
-0.619237
-0.397491
-0.223764
-0.091424
0.00436652
0.0664263
0.0956123
0.0906552
0.0478465
-0.0397788
-0.183302
-0.39864
-0.710438
-1.16643
-1.89048
-3.14014
-5.24304
-8.35968
-12.1626
-15.7638
-18.0001
-18.2266
-16.2591
-12.8787
-9.27049
-6.24013
-4.01043
-2.48402
-1.48291
-0.847919
-0.44486
-0.190739
0.000492368
0.102577
0.247271
0.193042
0.433126
-0.0281449
0.770799
-16.4991
-16.8404
-17.2035
-17.5526
-17.8269
-17.9492
-17.8373
-17.4187
-16.6453
-15.5046
-14.0225
-12.2619
-10.3188
-8.31467
-6.38158
-4.64313
-3.20985
-2.16944
-1.61452
-1.65301
-2.41314
-4.05743
-6.7552
-10.6093
-15.5633
-21.322
-27.3521
-32.9718
-37.4998
-40.3906
-41.4968
-40.9097
-39.0967
-36.6839
-34.1933
-31.9125
-29.9312
-28.2292
-26.7404
-25.3875
-24.0979
-22.8126
-21.4894
-20.1034
-18.6469
-17.1264
-15.5602
-13.9748
-12.4013
-10.8713
-9.41394
-8.0535
-6.80781
-5.68769
-4.69724
-3.8347
-3.09368
-2.46458
-1.93591
-1.4955
-1.13146
-0.832882
-0.590313
-0.395929
-0.243733
-0.12934
-0.0502672
-0.00583283
0.00265695
-0.0283681
-0.105446
-0.23906
-0.444483
-0.744564
-1.17995
-1.84842
-2.95545
-4.77434
-7.455
-10.7498
-13.9243
-15.983
-16.3531
-14.8454
-12.0662
-8.96565
-6.23243
-4.12397
-2.62392
-1.61087
-0.952919
-0.525196
-0.249749
-0.0395604
0.0724648
0.230238
0.171466
0.431576
-0.058529
0.799819
-16.2577
-16.5309
-16.8049
-17.0481
-17.2118
-17.2353
-17.055
-16.6152
-15.8791
-14.8378
-13.5135
-11.9585
-10.2527
-8.49707
-6.80242
-5.27641
-4.0189
-3.11297
-2.64585
-2.71482
-3.42885
-4.9102
-7.28302
-10.6221
-14.8805
-19.8222
-25.0077
-29.863
-33.8123
-36.4215
-37.5903
-37.4096
-36.2176
-34.4594
-32.522
-30.6478
-28.9423
-27.4196
-26.0465
-24.7711
-23.5397
-22.3061
-21.0362
-19.7098
-18.3203
-16.8738
-15.3863
-13.8812
-12.3859
-10.9289
-9.53637
-8.2307
-7.02855
-5.94047
-4.97098
-4.11931
-3.38038
-2.74607
-2.20641
-1.75069
-1.36833
-1.04963
-0.786108
-0.570785
-0.398339
-0.264868
-0.168257
-0.108009
-0.0854619
-0.104043
-0.169876
-0.292755
-0.487208
-0.774589
-1.19021
-1.81147
-2.79888
-4.37425
-6.67163
-9.51141
-12.302
-14.2107
-14.7272
-13.6452
-11.3999
-8.73707
-6.25875
-4.25577
-2.77764
-1.74992
-1.06562
-0.609829
-0.31057
-0.0800782
0.042816
0.213388
0.151094
0.429114
-0.0864301
0.824583
-16.0078
-16.2208
-16.4197
-16.5775
-16.6549
-16.6044
-16.3768
-15.9294
-15.2349
-14.2874
-13.1061
-11.7351
-10.241
-8.70775
-7.22888
-5.89806
-4.8042
-4.02498
-3.64109
-3.73829
-4.4086
-5.746
-7.83564
-10.7215
-14.3536
-18.5404
-22.9355
-27.0852
-30.535
-32.9443
-34.2085
-34.3761
-33.6772
-32.4317
-30.9389
-29.4087
-27.9506
-26.5985
-25.3417
-24.1484
-22.9804
-21.8031
-20.5897
-19.3242
-18.0019
-16.6283
-15.2176
-13.7905
-12.3714
-10.9855
-9.65663
-8.40515
-7.24658
-6.19107
-5.24343
-4.40366
-3.66786
-3.02927
-2.47933
-2.00875
-1.6083
-1.26944
-0.984751
-0.748125
-0.554958
-0.401875
-0.287152
-0.210494
-0.173263
-0.178733
-0.232619
-0.343988
-0.526473
-0.800099
-1.19617
-1.77698
-2.66644
-4.04031
-6.01344
-8.46057
-10.9182
-12.7055
-13.3626
-12.6573
-10.8688
-8.57616
-6.31668
-4.40656
-2.94596
-1.90004
-1.18549
-0.698076
-0.372629
-0.12059
0.0140771
0.197102
0.132311
0.426008
-0.111604
0.845222
-15.7556
-15.916
-16.0523
-16.1417
-16.1528
-16.0481
-15.7898
-15.3458
-14.6957
-13.8366
-12.7852
-11.5789
-10.2732
-8.93873
-7.65431
-6.50141
-5.55829
-4.89643
-4.58914
-4.71148
-5.34007
-6.54823
-8.39394
-10.8973
-14.0047
-17.557
-21.2821
-24.8319
-27.8543
-30.0735
-31.3789
-31.7808
-31.436
-30.5785
-29.442
-28.2031
-26.9658
-25.7738
-24.6317
-23.5228
-22.4221
-21.3045
-20.1501
-18.9469
-17.6917
-16.3899
-15.0543
-13.7031
-12.3581
-11.0418
-9.77548
-8.57766
-7.4627
-6.44026
-5.51527
-4.68838
-3.95667
-3.3146
-2.755
-2.26993
-1.85147
-1.49231
-1.18612
-0.92772
-0.713269
-0.539972
-0.406509
-0.312807
-0.260248
-0.251936
-0.293177
-0.392295
-0.561905
-0.8207
-1.19693
-1.74204
-2.55207
-3.76418
-5.47368
-7.59617
-9.77722
-11.4686
-12.2505
-11.8628
-10.4544
-8.47402
-6.40533
-4.57795
-3.12994
-2.06124
-1.31204
-0.789285
-0.43527
-0.160524
-0.0132109
0.181848
0.11555
0.422584
-0.133794
0.861866
-15.5052
-15.6205
-15.7053
-15.7406
-15.7015
-15.5586
-15.283
-14.8504
-14.2464
-13.4701
-12.5366
-11.4776
-10.3399
-9.18254
-8.07256
-7.08046
-6.27458
-5.71978
-5.4815
-5.62491
-6.21335
-7.30384
-8.93624
-11.1156
-13.7886
-16.8218
-19.9993
-23.0496
-25.6951
-27.7111
-28.995
-29.5375
-29.4428
-28.881
-28.0314
-27.0387
-25.9967
-24.9528
-23.9216
-22.8979
-21.8669
-20.8116
-19.7182
-18.5781
-17.3898
-16.1588
-14.8966
-13.6196
-12.3469
-11.0986
-9.89375
-8.7491
-7.6778
-6.68892
-5.78736
-4.97424
-4.24748
-3.60267
-3.03388
-2.53452
-2.098
-1.71825
-1.39009
-1.10932
-0.872911
-0.678707
-0.525811
-0.414386
-0.345838
-0.32308
-0.35099
-0.437152
-0.593078
-0.836023
-1.19173
-1.70392
-2.44858
-3.53283
-5.03472
-6.89943
-8.85937
-10.4745
-11.3586
-11.2292
-10.1361
-8.42425
-6.52605
-4.77257
-3.33106
-2.23382
-1.44489
-0.882862
-0.497785
-0.199202
-0.0384045
0.168185
0.101298
0.419218
-0.152739
0.874635
-15.2609
-15.3379
-15.3809
-15.3742
-15.2981
-15.1297
-14.8468
-14.4317
-13.8743
-13.1755
-12.349
-11.4217
-10.4333
-9.43353
-8.47929
-7.6314
-6.94912
-6.4905
-6.31321
-6.47318
-7.02256
-8.00525
-9.44823
-11.3479
-13.6534
-16.2534
-18.9742
-21.6011
-23.9133
-25.7294
-26.9586
-27.5814
-27.6639
-27.3274
-26.7076
-25.9213
-25.0502
-24.1417
-23.2165
-22.2772
-21.317
-20.3258
-19.2946
-18.2182
-17.0965
-15.9353
-14.745
-13.5404
-12.3383
-11.1566
-10.0123
-8.92043
-7.8929
-6.93807
-6.06069
-5.26218
-4.54117
-3.89421
-3.31657
-2.80297
-2.34815
-1.94734
-1.59655
-1.29265
-1.03348
-0.817567
-0.644472
-0.514602
-0.429386
-0.391525
-0.405445
-0.477979
-0.619502
-0.845698
-1.18
-1.66044
-2.349
-3.33095
-4.67092
-6.33535
-8.1214
-9.67437
-10.6384
-10.7207
-9.89711
-8.42497
-6.68249
-4.99405
-3.55146
-2.41857
-1.58383
-0.978309
-0.559439
-0.235842
-0.0607501
0.156776
0.090103
0.416342
-0.168167
0.883667
-15.0249
-15.0701
-15.0796
-15.041
-14.9386
-14.7546
-14.4723
-14.0789
-13.5679
-12.9412
-12.2115
-11.4018
-10.5458
-9.68567
-8.86962
-8.14986
-7.57772
-7.20435
-7.07995
-7.25209
-7.7634
-8.64746
-9.92176
-11.5775
-13.568
-15.8
-18.1337
-20.3985
-22.4186
-24.0482
-25.2066
-25.8687
-26.0737
-25.9068
-25.4695
-24.8546
-24.132
-23.3462
-22.5207
-21.6638
-20.7746
-19.8483
-18.8801
-17.8675
-16.8121
-15.7196
-14.5998
-13.4658
-12.3328
-11.2166
-10.1321
-9.09271
-8.10912
-7.18889
-6.33646
-5.55337
-4.83879
-4.19015
-3.60384
-3.07583
-2.60225
-2.17967
-1.80538
-1.47741
-1.1945
-0.955957
-0.761807
-0.612721
-0.51014
-0.456537
-0.455853
-0.514146
-0.640635
-0.849345
-1.16139
-1.61021
-2.24787
-3.14438
-4.35479
-5.86159
-7.50826
-9.01004
-10.0411
-10.3085
-9.72916
-8.47896
-6.88025
-5.24724
-3.79425
-2.61707
-1.72894
-1.07516
-0.61941
-0.269524
-0.0793635
0.148391
0.0825802
0.414445
-0.179821
0.889136
-14.8002
-14.8194
-14.8028
-14.7405
-14.6203
-14.4286
-14.1528
-13.784
-13.3181
-12.7584
-12.116
-11.4112
-10.6725
-9.93554
-9.24148
-8.63477
-8.15973
-7.86085
-7.78138
-7.9614
-8.43558
-9.22941
-10.3536
-11.7965
-13.516
-15.4344
-17.4388
-19.3935
-21.1581
-22.615
-23.6933
-24.3647
-24.6503
-24.6088
-24.3149
-23.8413
-23.2464
-22.5707
-21.8383
-21.0608
-20.2417
-19.3803
-18.4753
-17.5265
-16.5367
-15.5119
-14.4612
-13.3965
-12.3313
-11.2794
-10.2541
-9.26711
-8.32777
-7.44277
-6.61607
-5.84918
-5.14165
-4.49166
-3.89664
-3.35383
-2.86075
-2.41543
-2.01651
-1.66328
-1.35546
-1.09321
-0.877052
-0.707924
-0.58727
-0.517307
-0.501456
-0.544967
-0.655881
-0.846524
-1.13563
-1.55255
-2.14188
-2.96277
-4.06412
-5.44097
-6.9754
-8.43586
-9.53523
-9.97945
-9.6322
-8.59224
-7.12675
-5.53854
-4.06368
-2.83128
-1.88073
-1.17285
-0.676717
-0.299148
-0.0932044
0.143924
0.0794221
0.414081
-0.187455
0.891305
-14.5876
-14.5858
-14.5492
-14.47
-14.3389
-14.1455
-13.8805
-13.5378
-13.1155
-12.6173
-12.0536
-11.442
-10.8066
-10.1779
-9.59066
-9.08284
-8.69246
-8.4578
-8.41572
-8.59974
-9.03787
-9.74929
-10.74
-11.997
-13.4832
-15.1338
-16.8573
-18.5458
-20.0863
-21.3846
-22.3784
-23.0385
-23.3737
-23.4229
-23.2405
-22.8825
-22.3967
-21.8189
-21.1725
-20.4708
-19.7202
-18.9232
-18.0811
-17.1957
-16.2707
-15.3125
-14.3296
-13.3329
-12.3343
-11.3459
-10.3794
-9.44489
-8.55029
-7.70128
-6.90119
-6.1513
-5.45136
-4.80019
-4.19619
-3.63789
-3.12426
-2.65486
-2.22986
-1.84987
-1.51575
-1.22853
-0.989298
-0.799247
-0.659809
-0.57291
-0.541408
-0.569699
-0.664619
-0.836778
-1.10252
-1.4874
-2.02988
-2.78112
-3.78636
-5.05145
-6.49331
-7.93144
-9.10836
-9.73008
-9.61007
-8.77305
-7.43165
-5.87633
-4.36534
-3.06349
-2.03975
-1.27065
-0.730126
-0.323382
-0.101054
0.144398
0.081389
0.415847
-0.190868
0.890498
-14.3897
-14.3714
-14.32
-14.2295
-14.0929
-13.9022
-13.6509
-13.3351
-12.9543
-12.5125
-12.0194
-11.4902
-10.9457
-10.4116
-9.9176
-9.49563
-9.17827
-8.99815
-8.98642
-9.17091
-9.57406
-10.2102
-11.0821
-12.1767
-13.4616
-14.8827
-16.3662
-17.8254
-19.1696
-20.3231
-21.2314
-21.8658
-22.227
-22.3398
-22.2427
-21.9783
-21.5851
-21.0938
-20.5261
-19.896
-19.2118
-18.478
-17.698
-16.8752
-16.0142
-15.1215
-14.2053
-13.2754
-12.3424
-11.4171
-10.5092
-9.62746
-8.77832
-7.96627
-7.1938
-6.46175
-5.7699
-5.11755
-4.50404
-3.92919
-3.39354
-2.89833
-2.44537
-2.03679
-1.6747
-1.36105
-1.09754
-0.885633
-0.726701
-0.622339
-0.574785
-0.587528
-0.666151
-0.81954
-1.06168
-1.41462
-1.9117
-2.59803
-3.51729
-4.6866
-6.05593
-7.48764
-8.75413
-9.55985
-9.66875
-9.03235
-7.80757
-6.27133
-4.70632
-3.31696
-2.20647
-1.36754
-0.778077
-0.340616
-0.101489
0.150981
0.0893291
0.420408
-0.189854
0.887132
-14.205
-14.174
-14.1121
-14.0148
-13.8767
-13.6921
-13.4564
-13.1674
-12.8255
-12.4352
-12.0051
-11.5486
-11.0834
-10.6315
-10.218
-9.86981
-9.61469
-9.4802
-9.49243
-9.6743
-10.0437
-10.6113
-11.3777
-12.3302
-13.4409
-14.6651
-15.9428
-17.2043
-18.3769
-19.3991
-20.2238
-20.8236
-21.194
-21.3496
-21.317
-21.1278
-20.8128
-20.3974
-19.9014
-19.3385
-18.7179
-18.0457
-17.3268
-16.5656
-15.7675
-14.9392
-14.0885
-13.2244
-12.3564
-11.4937
-10.6447
-9.81637
-9.01373
-8.23991
-7.49628
-6.78303
-6.09972
-5.44602
-4.82214
-4.22927
-3.66962
-3.14632
-2.66305
-2.22359
-1.83149
-1.48971
-1.20059
-0.965819
-0.786709
-0.664446
-0.600579
-0.597619
-0.659831
-0.794341
-1.01282
-1.33408
-1.78719
-2.41282
-3.25484
-4.34203
-5.65485
-7.0956
-8.46712
-9.47015
-9.81727
-9.38502
-8.27131
-6.73832
-5.09609
-3.59624
-2.38151
-1.46222
-0.818648
-0.348939
-0.0928787
0.16497
0.104137
0.42843
-0.184283
0.881615
-14.0371
-13.9968
-13.9279
-13.8272
-13.6908
-13.5146
-13.2955
-13.0324
-12.7268
-12.383
-12.009
-11.6163
-11.2202
-10.8394
-10.495
-10.2097
-10.0071
-9.9101
-9.94054
-10.1171
-10.4541
-10.9592
-11.6317
-12.4599
-13.4198
-14.4745
-15.5753
-16.6658
-17.688
-18.5914
-19.3353
-19.8949
-20.2621
-20.4443
-20.4592
-20.3299
-20.0801
-19.7311
-19.2999
-18.7996
-18.2397
-17.6271
-16.9678
-16.267
-15.5307
-14.7656
-13.9794
-13.1803
-12.3767
-11.5767
-10.7871
-10.0133
-9.2587
-8.52476
-7.81153
-7.1182
-6.44389
-5.78846
-5.15298
-4.54006
-3.95382
-3.39952
-2.88294
-2.40982
-1.98526
-1.61336
-1.2971
-1.03843
-0.83848
-0.697968
-0.61766
-0.598997
-0.644844
-0.760505
-0.955338
-1.24515
-1.65536
-2.22364
-2.9949
-4.01085
-5.28099
-6.747
-8.24324
-9.46489
-10.0689
-9.85198
-8.84689
-7.29924
-5.54918
-3.90817
-2.56616
-1.55322
-0.849545
-0.346114
-0.0733689
0.187804
0.126802
0.440656
-0.173964
0.874457
-13.8818
-13.8348
-13.7617
-13.6603
-13.5278
-13.3614
-13.1592
-12.9211
-12.6488
-12.3468
-12.0221
-11.6851
-11.3487
-11.0288
-10.7431
-10.5109
-10.3518
-10.2851
-10.3286
-10.4977
-10.8036
-11.2518
-11.8408
-12.5602
-13.3894
-14.298
-15.2465
-16.1894
-17.0803
-17.877
-18.5452
-19.062
-19.4177
-19.6146
-19.6639
-19.582
-19.3868
-19.0955
-18.7228
-18.2805
-17.7781
-17.2229
-16.6214
-15.9796
-15.3038
-14.6008
-13.878
-13.1432
-12.4039
-11.6669
-10.9378
-10.2202
-9.5157
-8.82388
-8.14305
-7.47103
-6.80621
-6.14846
-5.49967
-4.86401
-4.2478
-3.65875
-3.10512
-2.59488
-2.13492
-1.73056
-1.38547
-1.1018
-0.880437
-0.721505
-0.624874
-0.5908
-0.620636
-0.717758
-0.889149
-1.14769
-1.51566
-2.02851
-2.73355
-3.68643
-4.92567
-6.43378
-8.07973
-9.5516
-10.4441
-10.4654
-9.57199
-7.98766
-6.08851
-4.26394
-2.76325
-1.63924
-0.868184
-0.329624
-0.0409433
0.220973
0.158267
0.457693
-0.158873
0.866028
-13.7451
-13.6936
-13.6185
-13.5183
-13.3913
-13.2355
-13.0499
-12.8351
-12.5932
-12.3284
-12.0471
-11.7583
-11.4731
-11.205
-10.9689
-10.7809
-10.6574
-10.6145
-10.6667
-10.8265
-11.1026
-11.499
-12.0138
-12.6376
-13.3532
-14.1355
-14.9524
-15.767
-16.5422
-17.2429
-17.84
-18.313
-18.6514
-18.854
-18.9272
-18.8821
-18.7322
-18.491
-18.1707
-17.782
-17.3337
-16.8334
-16.2878
-15.7034
-15.0866
-14.4445
-13.7843
-13.1132
-12.4383
-11.7652
-11.0982
-10.4391
-9.78755
-9.14082
-8.49499
-7.84606
-7.19128
-6.53038
-5.86601
-5.20413
-4.55361
-3.92506
-3.32971
-2.77813
-2.27922
-1.83968
-1.46389
-1.15408
-0.910798
-0.733419
-0.620771
-0.571782
-0.586158
-0.66522
-0.813478
-1.04088
-1.36686
-1.82518
-2.46653
-3.36167
-4.57978
-6.1479
-7.97624
-9.74488
-10.9769
-11.2763
-10.5047
-8.85437
-6.74879
-4.68115
-2.9781
-1.71943
-0.871795
-0.296721
0.00654651
0.266021
0.19956
0.480263
-0.138767
0.856819
-13.6185
-13.5642
-13.4888
-13.3912
-13.2705
-13.1256
-12.956
-12.7628
-12.5482
-12.3162
-12.0727
-11.8254
-11.5838
-11.3594
-11.1646
-11.0129
-10.9181
-10.8931
-10.9501
-11.099
-11.3467
-11.696
-12.1447
-12.6848
-13.3017
-13.975
-14.6784
-15.3825
-16.0567
-16.6719
-17.2037
-17.6339
-17.9517
-18.1538
-18.2431
-18.2268
-18.1146
-17.9168
-17.6436
-17.3042
-16.9068
-16.4589
-15.9671
-15.4382
-14.8789
-14.2964
-13.6978
-13.0902
-12.48
-11.8722
-11.2695
-10.6721
-10.0772
-9.47945
-8.872
-8.24843
-7.60439
-6.93921
-6.25632
-5.56373
-4.87337
-4.19942
-3.5566
-2.95853
-2.41647
-1.93863
-1.53007
-1.19304
-0.927546
-0.732045
-0.604131
-0.541226
-0.541199
-0.60312
-0.728796
-0.925104
-1.20852
-1.61155
-2.18936
-3.02912
-4.2335
-5.88189
-7.93742
-10.0712
-11.7197
-12.3572
-11.7214
-9.96396
-7.57535
-5.18388
-3.21883
-1.79363
-0.857523
-0.244519
0.0712296
0.324289
0.251371
0.508575
-0.113815
0.84679
-13.5129
-13.457
-13.3823
-13.2881
-13.1742
-13.0399
-12.8852
-12.7115
-12.5211
-12.3178
-12.1067
-11.8946
-11.6896
-11.5014
-11.3405
-11.2181
-11.1456
-11.1337
-11.1922
-11.329
-11.5496
-11.8558
-12.2455
-12.7116
-13.2422
-13.8204
-14.425
-15.0322
-15.6172
-16.1559
-16.6277
-17.0163
-17.3115
-17.5086
-17.6079
-17.6137
-17.5326
-17.3725
-17.1414
-16.8473
-16.4976
-16.0992
-15.659
-15.1836
-14.6802
-14.1559
-13.6181
-13.0737
-12.5289
-11.9879
-11.4525
-10.9209
-10.3875
-9.84372
-9.27906
-8.68381
-8.05149
-7.38068
-6.67562
-5.94671
-5.20966
-4.48298
-3.78559
-3.13481
-2.54463
-2.02492
-1.58137
-1.21605
-0.9282
-0.715114
-0.57293
-0.497348
-0.484216
-0.530145
-0.634024
-0.799369
-1.03937
-1.38547
-1.89753
-2.68089
-3.87646
-5.63023
-7.97448
-10.568
-12.7334
-13.7795
-13.292
-11.3764
-8.61208
-5.79691
-3.49429
-1.86166
-0.822128
-0.169857
0.155317
0.397109
0.314523
0.543093
-0.0836011
0.835999
-13.4129
-13.3565
-13.2833
-13.1931
-13.0861
-12.9618
-12.8209
-12.6648
-12.4957
-12.3172
-12.1339
-11.9515
-11.7772
-11.619
-11.4857
-11.3866
-11.331
-11.3279
-11.385
-11.5089
-11.7036
-11.9706
-12.3077
-12.709
-13.1647
-13.6609
-14.1804
-14.7039
-15.211
-15.6819
-16.0992
-16.4489
-16.7211
-16.9104
-17.0156
-17.0385
-16.9835
-16.8563
-16.6632
-16.4107
-16.1055
-15.7541
-15.3631
-14.9393
-14.4898
-14.0222
-13.544
-13.0624
-12.5837
-12.1117
-11.6472
-11.1865
-10.721
-10.2378
-9.72175
-9.15887
-8.53961
-7.86158
-7.12963
-6.35735
-5.56513
-4.77657
-4.01592
-3.30498
-2.66092
-2.09536
-1.61456
-1.22016
-0.910349
-0.68093
-0.52628
-0.44014
-0.41606
-0.447832
-0.531011
-0.665136
-0.859998
-1.14594
-1.58717
-2.30843
-3.49762
-5.38748
-8.09836
-11.2639
-14.0492
-15.5659
-15.2348
-13.1098
-9.87672
-6.53301
-3.80895
-1.92153
-0.761336
-0.0690329
0.261078
0.485334
0.38893
0.58292
-0.04882
0.823334
-13.3377
-13.2811
-13.2097
-13.1234
-13.0226
-12.9074
-12.7786
-12.6376
-12.4867
-12.329
-12.1686
-12.0107
-11.8611
-11.7267
-11.6148
-11.5332
-11.4896
-11.4912
-11.5444
-11.6543
-11.8242
-12.0548
-12.3443
-12.6878
-13.0771
-13.5011
-13.9459
-14.3957
-14.834
-15.2446
-15.6125
-15.9257
-16.175
-16.3548
-16.4626
-16.4987
-16.4656
-16.3671
-16.2082
-15.994
-15.7304
-15.4234
-15.0792
-14.7046
-14.3069
-13.894
-13.4739
-13.0545
-12.6424
-12.2419
-11.8531
-11.4702
-11.0812
-10.668
-10.2092
-9.68469
-9.08091
-8.39369
-7.62891
-6.80396
-5.94491
-5.08237
-4.24734
-3.46702
-2.76219
-2.14629
-1.62585
-1.2017
-0.870517
-0.626259
-0.461203
-0.366877
-0.33433
-0.354355
-0.418794
-0.522604
-0.67128
-0.892869
-1.25391
-1.9005
-3.08125
-5.13897
-8.30055
-12.1443
-15.6297
-17.6569
-17.4831
-15.1087
-11.334
-7.3755
-4.1543
-1.96599
-0.668381
0.0630529
0.391645
0.590511
0.475523
0.628363
-0.0087395
0.80823
-13.2617
-13.2054
-13.136
-13.0536
-12.9589
-12.8521
-12.7341
-12.6063
-12.4711
-12.3311
-12.19
-12.0523
-11.923
-11.8078
-11.7128
-11.6445
-11.6091
-11.6127
-11.6602
-11.7559
-11.9022
-12.0998
-12.347
-12.6398
-12.9714
-13.3328
-13.7127
-14.0984
-14.4765
-14.8336
-15.1572
-15.437
-15.6645
-15.8341
-15.9427
-15.9894
-15.9753
-15.9027
-15.7751
-15.5966
-15.3721
-15.1068
-14.8069
-14.4788
-14.1303
-13.7695
-13.4054
-13.0472
-12.7027
-12.3772
-12.0708
-11.7762
-11.4772
-11.1486
-10.7603
-10.2833
-9.69814
-8.99886
-8.19232
-7.30077
-6.35835
-5.40506
-4.4806
-3.61886
-2.84473
-2.17336
-1.61106
-1.15723
-0.806412
-0.550123
-0.378155
-0.27951
-0.242345
-0.253812
-0.301496
-0.375292
-0.475452
-0.625337
-0.88874
-1.43782
-2.59867
-4.84918
-8.53656
-13.1408
-17.3749
-19.9323
-19.9082
-17.2523
-12.8918
-8.26897
-4.5019
-1.9794
-0.532837
0.233478
0.551088
0.713879
0.573647
0.676983
0.0348507
0.788578
-13.2164
-13.1601
-13.0921
-13.0127
-12.9227
-12.8225
-12.713
-12.5958
-12.4728
-12.3466
-12.2204
-12.098
-11.9837
-11.8823
-11.799
-11.7389
-11.7074
-11.7093
-11.7487
-11.829
-11.952
-12.1184
-12.3266
-12.5733
-12.8533
-13.159
-13.4816
-13.8108
-14.1357
-14.4452
-14.7291
-14.9782
-15.1853
-15.3447
-15.4532
-15.5089
-15.5117
-15.4627
-15.364
-15.2188
-15.0308
-14.8046
-14.5458
-14.2611
-13.9583
-13.6464
-13.336
-13.0381
-12.7632
-12.5188
-12.3063
-12.1173
-11.9303
-11.7106
-11.4147
-11.0007
-10.4404
-9.72401
-8.85918
-7.87744
-6.82536
-5.75565
-4.71954
-3.75929
-2.90429
-2.17077
-1.56386
-1.08037
-0.711783
-0.446504
-0.271316
-0.172412
-0.134992
-0.142745
-0.17825
-0.224067
-0.272527
-0.336405
-0.471999
-0.888748
-2.00738
-4.46416
-8.73714
-14.1565
-19.1564
-22.2405
-22.3464
-19.3816
-14.418
-9.12292
-4.80101
-1.93542
-0.339519
0.452119
0.746059
0.859903
0.687064
0.731
0.0843181
0.763125
-13.1615
-13.1055
-13.039
-12.9626
-12.877
-12.7829
-12.681
-12.5728
-12.4603
-12.3457
-12.2317
-12.1217
-12.0193
-11.9286
-11.8539
-11.7994
-11.7696
-11.7683
-11.7989
-11.8641
-11.9654
-12.1033
-12.2765
-12.4825
-12.7168
-12.9738
-13.2461
-13.5256
-13.8036
-14.071
-14.3195
-14.5414
-14.7301
-14.8806
-14.9891
-15.0532
-15.0719
-15.045
-14.9734
-14.8591
-14.7048
-14.5146
-14.2936
-14.0485
-13.7876
-13.5212
-13.2619
-13.0243
-12.8228
-12.6696
-12.5692
-12.5129
-12.4727
-12.3992
-12.2292
-11.9001
-11.3714
-10.6286
-9.68228
-8.57798
-7.37771
-6.15274
-4.97125
-3.8869
-2.93429
-2.12985
-1.47571
-0.964214
-0.5821
-0.313451
-0.141359
-0.0488046
-0.0171567
-0.0255265
-0.0504173
-0.066068
-0.053427
-0.00662237
0.0245876
-0.222319
-1.27415
-3.94215
-8.84018
-15.0798
-20.797
-24.3554
-24.5655
-21.2935
-15.7522
-9.82637
-4.98713
-1.80113
-0.0707637
0.730254
0.983736
1.03167
0.815482
0.786651
0.138272
0.725775
-13.1461
-13.0889
-13.0225
-12.9472
-12.8638
-12.773
-12.6758
-12.5734
-12.4676
-12.3604
-12.2542
-12.152
-12.0567
-11.9718
-11.9008
-11.8474
-11.8152
-11.8072
-11.8264
-11.8749
-11.9541
-12.0642
-12.2044
-12.3726
-12.5655
-12.7785
-13.006
-13.2415
-13.4782
-13.7088
-13.9263
-14.1244
-14.2972
-14.44
-14.5488
-14.6207
-14.6536
-14.6464
-14.599
-14.5123
-14.3885
-14.231
-14.0447
-13.8361
-13.6139
-13.3899
-13.1798
-13.0026
-12.8797
-12.8304
-12.8656
-12.9777
-13.1302
-13.2536
-13.255
-13.0436
-12.5541
-11.7712
-10.7155
-9.44595
-8.04561
-6.61289
-5.23992
-3.99608
-2.92235
-2.03412
-1.32805
-0.789417
-0.39803
-0.132102
0.0300445
0.109129
0.127027
0.109584
0.0887718
0.10315
0.191683
0.378841
0.606132
0.543378
-0.424052
-3.30203
-8.80552
-15.7667
-22.0399
-25.9475
-26.2353
-22.7171
-16.7022
-10.2565
-4.99077
-1.54227
0.289858
1.07804
1.27316
1.23895
0.969706
0.852186
0.207307
0.662695
-13.1102
-13.0527
-12.9869
-12.9133
-12.8325
-12.7452
-12.6523
-12.5551
-12.455
-12.354
-12.254
-12.1577
-12.0676
-11.9865
-11.9176
-11.8637
-11.8278
-11.8126
-11.8204
-11.8529
-11.9114
-11.9961
-12.1065
-12.241
-12.3972
-12.5714
-12.7594
-12.9562
-13.1562
-13.3539
-13.5435
-13.7195
-13.877
-14.0114
-14.1189
-14.1963
-14.2412
-14.2518
-14.2271
-14.1672
-14.0732
-13.9477
-13.7946
-13.6199
-13.4321
-13.2446
-13.0764
-12.9533
-12.9058
-12.9638
-13.1475
-13.4525
-13.8327
-14.1935
-14.4055
-14.3421
-13.9151
-13.1007
-11.9316
-10.471
-8.8263
-7.13201
-5.515
-4.0692
-2.84623
-1.86029
-1.09971
-0.538882
-0.147304
0.105003
0.245692
0.299489
0.295032
0.26317
0.244528
0.292352
0.460687
0.782871
1.1877
1.28423
0.412655
-2.64156
-8.59839
-16.0471
-22.6239
-26.7146
-27.0572
-23.4023
-17.0968
-10.3141
-4.7637
-1.14087
0.747302
1.49745
1.61454
1.47924
1.14361
0.919479
0.295154
0.553061
-13.1236
-13.0629
-12.9951
-12.9199
-12.8381
-12.7506
-12.6582
-12.562
-12.4634
-12.3641
-12.2658
-12.1707
-12.081
-11.9992
-11.9278
-11.8692
-11.8259
-11.8001
-11.7939
-11.8087
-11.8456
-11.9049
-11.9864
-12.089
-12.2108
-12.3491
-12.5006
-12.6615
-12.8272
-12.9932
-13.155
-13.3081
-13.4486
-13.5727
-13.6774
-13.7597
-13.8168
-13.8465
-13.8468
-13.8161
-13.7538
-13.6608
-13.5399
-13.396
-13.2373
-13.0777
-12.9395
-12.8547
-12.8631
-13.0066
-13.3183
-13.8005
-14.4001
-14.9974
-15.4257
-15.5248
-15.1895
-14.3821
-13.1291
-11.4995
-9.61695
-7.64882
-5.7614
-4.0825
-2.68328
-1.58214
-0.76033
-0.179631
0.203511
0.430107
0.535455
0.550595
0.508382
0.440095
0.397439
0.449846
0.663851
1.07285
1.58633
1.79734
1.01275
-2.08164
-8.17388
-15.7847
-22.4136
-26.5359
-26.9063
-23.2277
-16.8453
-9.94775
-4.28688
-0.599677
1.28735
1.97427
2.00282
1.75958
1.35054
1.00301
0.413647
0.367104
-13.1057
-13.0446
-12.9774
-12.9026
-12.8213
-12.7346
-12.6432
-12.5482
-12.451
-12.3529
-12.2557
-12.161
-12.0708
-11.9872
-11.9123
-11.8482
-11.7969
-11.7603
-11.74
-11.7373
-11.7531
-11.7875
-11.8405
-11.9111
-11.9979
-12.0989
-12.2115
-12.333
-12.4605
-12.591
-12.7219
-12.8506
-12.9747
-13.0918
-13.1995
-13.2948
-13.3744
-13.4344
-13.4703
-13.4781
-13.4549
-13.4002
-13.315
-13.202
-13.0668
-12.9226
-12.7946
-12.7216
-12.7515
-12.9355
-13.318
-13.9135
-14.6717
-15.455
-16.0605
-16.2969
-16.0468
-15.2767
-13.9999
-12.2751
-10.2265
-8.04252
-5.92278
-4.0301
-2.46145
-1.24704
-0.366579
0.228349
0.594334
0.784112
0.841607
0.802159
0.703061
0.579431
0.491571
0.509648
0.701397
1.12359
1.6746
1.92653
1.189
-1.67628
-7.49109
-14.9279
-21.4326
-25.4821
-25.8629
-22.2652
-16.0086
-9.21837
-3.62059
0.0274772
1.86688
2.47319
2.40036
2.03805
1.54681
1.0728
0.546365
0.12956
-13.1422
-13.0778
-13.0067
-12.9269
-12.8414
-12.7511
-12.6563
-12.5579
-12.4572
-12.3556
-12.2544
-12.1551
-12.0592
-11.9684
-11.8844
-11.8088
-11.7432
-11.6893
-11.6481
-11.621
-11.6085
-11.6113
-11.6294
-11.6626
-11.7103
-11.7718
-11.8461
-11.9321
-12.0288
-12.135
-12.2495
-12.371
-12.4977
-12.6273
-12.7568
-12.8818
-12.9969
-13.0955
-13.1707
-13.2161
-13.2275
-13.2042
-13.1479
-13.061
-12.9467
-12.8142
-12.6854
-12.5985
-12.6059
-12.7739
-13.1682
-13.8177
-14.6723
-15.5805
-16.314
-16.6526
-16.4684
-15.7272
-14.4534
-12.6989
-10.5718
-8.2655
-5.99622
-3.95133
-2.25136
-0.943083
-0.0119458
0.594405
0.941599
1.09265
1.10007
1.00661
0.842938
0.656069
0.506812
0.479616
0.652453
1.06844
1.55553
1.68975
0.994773
-1.39463
-6.59072
-13.5704
-19.8421
-23.7777
-24.1546
-20.7097
-14.7381
-8.23053
-2.84089
0.672316
2.41348
2.92903
2.77354
2.31152
1.73885
1.13923
0.653722
-0.0808224
-13.1443
-13.0935
-13.0251
-12.9404
-12.8505
-12.7561
-12.6567
-12.5536
-12.448
-12.3409
-12.2335
-12.1269
-12.0224
-11.9215
-11.8255
-11.7359
-11.6543
-11.582
-11.5205
-11.4711
-11.4349
-11.413
-11.406
-11.4146
-11.439
-11.4794
-11.5357
-11.6075
-11.6945
-11.7958
-11.9105
-12.0373
-12.1743
-12.3186
-12.4667
-12.6135
-12.7528
-12.8774
-12.9797
-13.0526
-13.0917
-13.0957
-13.065
-12.9984
-12.8956
-12.7656
-12.6354
-12.5503
-12.5622
-12.726
-13.0991
-13.7185
-14.5541
-15.4682
-16.2277
-16.6005
-16.4456
-15.7288
-14.4805
-12.7392
-10.6112
-8.28449
-5.97819
-3.88598
-2.13894
-0.794064
0.156498
0.764351
1.09904
1.2291
1.21171
1.09189
0.906837
0.70556
0.54735
0.510339
0.674451
1.04225
1.3956
1.35439
0.694498
-1.23305
-5.63412
-11.9592
-17.9654
-21.7917
-22.1887
-18.9654
-13.3791
-7.2691
-2.1634
1.19027
2.84289
3.2774
3.02235
2.46176
1.8289
1.14172
0.684023
-0.0977249
-13.1748
-13.1329
-13.0658
-12.9752
-12.8783
-12.7771
-12.6712
-12.562
-12.4508
-12.3386
-12.2262
-12.1147
-12.0053
-11.8992
-11.7978
-11.7024
-11.6146
-11.5357
-11.4672
-11.4105
-11.3667
-11.3371
-11.3226
-11.3237
-11.3412
-11.3752
-11.4258
-11.4929
-11.5762
-11.6753
-11.7892
-11.9167
-12.0559
-12.204
-12.357
-12.5098
-12.6556
-12.7868
-12.8946
-12.9707
-13.0109
-13.0175
-12.9966
-12.9507
-12.8771
-12.7776
-12.6717
-12.5996
-12.6089
-12.7531
-13.0858
-13.6372
-14.3844
-15.2191
-15.9445
-16.3359
-16.2316
-15.5386
-14.2905
-12.5735
-10.4793
-8.19095
-5.91448
-3.83598
-2.08874
-0.736924
0.22013
0.829935
1.16126
1.28409
1.25892
1.13486
0.953728
0.764629
0.633748
0.638581
0.821396
1.12692
1.34779
1.18682
0.483415
-1.17676
-4.77089
-10.3112
-16.063
-19.9471
-20.4717
-17.4174
-12.177
-6.44455
-1.63364
1.52122
3.04238
3.40707
3.14445
2.56776
1.89412
1.1487
0.639406
0.000975885
-13.284
-13.1934
-13.103
-13.0077
-12.9073
-12.8032
-12.6959
-12.5861
-12.4745
-12.362
-12.2494
-12.1379
-12.0285
-11.9224
-11.821
-11.7257
-11.6377
-11.5587
-11.49
-11.433
-11.3889
-11.359
-11.344
-11.3449
-11.362
-11.3956
-11.4458
-11.5122
-11.5945
-11.6919
-11.8033
-11.9274
-12.0619
-12.2042
-12.3505
-12.4959
-12.6346
-12.7597
-12.8643
-12.9417
-12.9878
-13.0019
-12.9862
-12.9429
-12.8756
-12.7944
-12.7207
-12.6917
-12.7486
-12.9298
-13.2675
-13.7719
-14.4101
-15.0871
-15.6466
-15.9116
-15.7492
-15.102
-13.9358
-12.2708
-10.2283
-7.9933
-5.77579
-3.76039
-2.07076
-0.760167
0.175388
0.778707
1.11336
1.24571
1.23355
1.12524
0.964018
0.798989
0.690047
0.702917
0.87792
1.15933
1.32062
1.09589
0.305879
-1.47647
-4.96873
-9.97991
-15.1389
-18.6563
-19.1649
-16.5412
-11.5997
-6.17521
-1.60376
1.4681
3.00727
3.39124
3.09813
2.48325
1.8383
1.13833
0.675189
0.0511542
-16.9725
-16.9537
-16.7056
-16.3686
-16.2676
-16.432
-16.744
-17.0521
-17.2622
-17.3441
-17.3174
-17.2203
-17.0985
-17.0176
-17.0175
-17.1315
-17.3997
-17.8457
-18.4325
-19.0655
-19.6568
-20.1719
-20.6433
-21.1451
-21.7308
-22.3866
-23.0696
-23.7436
-24.3569
-24.8827
-25.3141
-25.6595
-25.9419
-26.1839
-26.3822
-26.5566
-26.8248
-27.4168
-28.4537
-29.805
-31.0484
-31.6393
-31.1525
-29.2459
-25.6394
-20.1452
-13.5568
-6.53503
0.194547
6.02558
10.5215
13.4916
15.0127
15.3425
14.8169
13.7784
12.5037
11.184
9.93592
8.80966
7.84432
6.97434
6.10483
5.23495
4.37603
3.58255
2.94251
2.51803
2.2922
2.18654
2.13758
2.13905
2.16427
2.10448
1.74698
0.830386
-0.950775
-3.92539
-8.32086
-13.747
-18.8668
-21.8673
-21.3173
-17.0872
-10.8118
-4.66919
-0.0480296
2.63804
3.67592
3.6205
3.04682
2.32976
1.72928
1.16334
0.854673
0.408566
0.48466
0.0699511
0.580443
-0.0754838
-17.4217
-17.4428
-17.3097
-17.2564
-17.4308
-17.7482
-18.0455
-18.2065
-18.195
-18.0369
-17.7914
-17.5345
-17.335
-17.2165
-17.1905
-17.2664
-17.4649
-17.8136
-18.3038
-18.8431
-19.3723
-19.9202
-20.5029
-21.1165
-21.7959
-22.5524
-23.3238
-24.0143
-24.5867
-25.0586
-25.4373
-25.7418
-25.983
-26.2275
-26.5864
-27.0693
-27.8381
-29.2323
-31.4321
-34.1531
-36.6547
-38.0212
-37.4379
-34.5029
-29.5451
-23.4013
-16.3489
-9.03284
-2.05298
4.01878
8.76423
11.9974
13.7752
14.3322
14.0025
13.1256
11.9782
10.7538
9.56587
8.47384
7.46716
6.55033
5.74076
4.96899
4.19264
3.45963
2.86701
2.48832
2.31452
2.26358
2.25583
2.25515
2.26404
2.20893
1.90282
1.10197
-0.548044
-3.54967
-8.41061
-14.8484
-21.1057
-24.6271
-23.7559
-18.8607
-11.8455
-5.02724
0.00394748
2.74007
3.65073
3.54307
3.0512
2.4079
1.81158
1.22709
0.873989
0.392067
0.424976
-0.0189196
0.597851
-0.309654
-17.6322
-17.7383
-18.0831
-18.6334
-19.1902
-19.574
-19.7041
-19.5607
-19.1843
-18.6514
-18.0641
-17.5253
-17.1189
-16.8951
-16.8744
-17.0344
-17.3026
-17.5995
-17.8896
-18.2214
-18.6973
-19.3528
-20.1078
-20.9247
-21.8251
-22.7635
-23.6704
-24.4894
-25.1934
-25.8124
-26.3415
-26.8352
-27.3553
-27.9491
-28.8557
-30.3819
-32.7314
-35.7982
-39.071
-41.837
-43.4747
-43.5552
-41.8507
-38.4425
-33.4434
-27.1118
-19.9115
-12.4319
-5.27543
1.00134
5.98219
9.46481
11.4963
12.3158
12.2543
11.6403
10.7384
9.73175
8.73095
7.79228
6.93432
6.15184
5.40958
4.69308
4.028
3.44314
2.96825
2.62205
2.3985
2.26939
2.21066
2.22042
2.29102
2.32114
2.07723
1.2069
-0.84337
-4.7383
-10.8034
-18.4081
-25.4712
-29.4543
-28.5392
-22.9291
-14.7407
-6.72421
-0.825817
2.39032
3.50773
3.42867
2.87379
2.2227
1.6713
1.14472
0.839303
0.427868
0.525798
0.0534948
0.837735
-0.588694
-17.9625
-18.233
-19.0547
-19.8566
-20.4564
-20.7365
-20.6832
-20.3093
-19.6849
-18.8998
-18.0683
-17.3082
-16.7281
-16.3975
-16.3312
-16.4842
-16.7671
-17.0604
-17.3099
-17.5752
-18.0105
-18.712
-19.6474
-20.7346
-21.9037
-23.1071
-24.2942
-25.3824
-26.3462
-27.2444
-28.0895
-28.8712
-29.6457
-30.5828
-31.988
-34.132
-37.0107
-40.2423
-43.2303
-45.458
-46.5937
-46.3601
-44.5465
-41.0644
-36.02
-29.7101
-22.5414
-15.1383
-8.04006
-1.79079
3.21121
6.77999
8.97184
10.0222
10.2436
9.93436
9.32811
8.58492
7.80205
7.03294
6.29767
5.60386
4.95465
4.34621
3.77489
3.25302
2.81244
2.47961
2.25502
2.12089
2.06465
2.08297
2.15697
2.1897
1.93779
0.94132
-1.57967
-6.4309
-13.8083
-22.8624
-31.2195
-35.9113
-34.8383
-28.2409
-18.5979
-9.06648
-2.10476
1.67726
3.02644
3.06114
2.61267
2.05582
1.58358
1.14439
0.89489
0.520437
0.618264
0.0972545
1.01529
-0.83984
-18.1495
-18.6628
-19.6096
-20.441
-21.0646
-21.3492
-21.3129
-20.927
-20.2291
-19.2922
-18.2439
-17.2333
-16.4039
-15.8475
-15.5909
-15.5925
-15.7635
-16.0053
-16.265
-16.6169
-17.2142
-18.1028
-19.2298
-20.5476
-21.9901
-23.4768
-24.9776
-26.4511
-27.869
-29.1939
-30.3549
-31.3118
-32.1357
-33.0625
-34.4244
-36.4538
-39.0785
-41.8892
-44.3687
-46.1439
-46.9728
-46.5905
-44.7776
-41.4549
-36.6526
-30.6314
-23.813
-16.7451
-9.97597
-4.01054
0.789897
4.27643
6.5206
7.74427
8.22108
8.20204
7.88143
7.39478
6.82961
6.23914
5.65204
5.08302
4.53538
4.0105
3.5186
3.07681
2.70277
2.40754
2.18761
2.02869
1.92428
1.88235
1.90189
1.89375
1.57258
0.362566
-2.68882
-8.47943
-17.1325
-27.6661
-37.3406
-42.7363
-41.505
-33.9373
-22.8328
-11.8075
-3.70034
0.748915
2.43596
2.64273
2.29999
1.83372
1.43713
1.05802
0.850929
0.519626
0.645101
0.126293
1.08666
-0.985117
-18.0283
-18.6104
-19.5902
-20.526
-21.3678
-21.9435
-22.1733
-21.9664
-21.326
-20.312
-19.0434
-17.6715
-16.3673
-15.2908
-14.5445
-14.1452
-14.0582
-14.233
-14.6412
-15.2908
-16.2055
-17.3319
-18.6769
-20.2171
-21.9187
-23.7706
-25.7421
-27.7509
-29.6938
-31.435
-32.8228
-33.7753
-34.3683
-34.8847
-35.7332
-37.1931
-39.2012
-41.4135
-43.3836
-44.7954
-45.4214
-44.9986
-43.293
-40.1893
-35.729
-30.1494
-23.8451
-17.3191
-11.0841
-5.5906
-1.14074
2.16152
4.39491
5.74897
6.44354
6.67644
6.60322
6.33752
5.9584
5.51894
5.05242
4.57982
4.11464
3.66638
3.24425
2.85942
2.52508
2.25165
2.03888
1.87737
1.75894
1.68206
1.63815
1.54339
1.10155
-0.34561
-3.88038
-10.4747
-20.2603
-32.0219
-42.7646
-48.6966
-47.3451
-38.9973
-26.6763
-14.3743
-5.28424
-0.250795
1.74484
2.14058
1.94665
1.60348
1.29812
0.99121
0.830821
0.535867
0.655994
0.127067
1.03486
-1.01815
-17.4871
-18.0448
-19.1706
-20.4521
-21.7654
-22.9033
-23.7142
-23.9971
-23.6473
-22.6787
-21.1546
-19.2015
-17.0552
-15.0668
-13.5465
-12.6268
-12.2914
-12.4548
-13.0206
-13.8917
-14.9701
-16.2696
-17.7854
-19.5637
-21.6391
-24.0051
-26.591
-29.2531
-31.7901
-33.9543
-35.5012
-36.2939
-36.4261
-36.2644
-36.3067
-36.9202
-38.1556
-39.7365
-41.2738
-42.4049
-42.8833
-42.4306
-40.8248
-37.962
-33.8852
-28.8145
-23.1158
-17.241
-11.6439
-6.70284
-2.6535
0.434816
2.63
4.07636
4.93817
5.36637
5.48601
5.39493
5.16671
4.85479
4.4962
4.11623
3.73139
3.35302
2.99178
2.6592
2.36651
2.12018
1.91848
1.75291
1.61549
1.50148
1.3955
1.20829
0.632843
-1.03546
-4.94719
-12.1302
-22.736
-35.416
-46.8777
-53.1288
-51.7018
-42.8709
-29.6927
-16.4785
-6.6674
-1.18824
1.06901
1.64627
1.59615
1.36858
1.14669
0.901318
0.777447
0.522047
0.646147
0.144727
0.965339
-0.945016
-16.7686
-17.4155
-18.7651
-20.4956
-22.5472
-24.6687
-26.561
-27.826
-28.1746
-27.5183
-25.8038
-23.0334
-19.4724
-15.8309
-12.9094
-11.0858
-10.3404
-10.4047
-11.0163
-11.9807
-13.1808
-14.6264
-16.3879
-18.5545
-21.1736
-24.2192
-27.5723
-31.0102
-34.2203
-36.8336
-38.5069
-39.0631
-38.6202
-37.6234
-36.6974
-36.3526
-36.7573
-37.6844
-38.7925
-39.6852
-40.0399
-39.5697
-38.0619
-35.4288
-31.7294
-27.1746
-22.0951
-16.8843
-11.9229
-7.51294
-3.83509
-0.943516
1.20525
2.71021
3.68996
4.26079
4.52588
4.57124
4.46509
4.25936
3.99186
3.68965
3.37193
3.05276
2.74379
2.45491
2.19477
1.96874
1.77594
1.61024
1.46391
1.32697
1.17515
0.910884
0.219204
-1.62343
-5.7871
-13.3308
-24.4252
-37.6127
-49.438
-55.8231
-54.369
-45.2996
-31.6771
-17.9537
-7.73036
-1.98755
0.446561
1.17394
1.2593
1.14449
1.00353
0.819597
0.731645
0.515787
0.633863
0.171838
0.883904
-0.814122
-16.4048
-17.1157
-18.7203
-21.0491
-24.1057
-27.6209
-31.0544
-33.6406
-34.8301
-34.462
-32.5141
-28.8383
-23.5135
-17.59
-12.5873
-9.34484
-7.86423
-7.67651
-8.25144
-9.29598
-10.6598
-12.3813
-14.5537
-17.2815
-20.6102
-24.4886
-28.7399
-33.0501
-36.9902
-40.075
-41.8797
-42.182
-41.1152
-39.22
-37.254
-35.9139
-35.4921
-35.8705
-36.5994
-37.2576
-37.4744
-36.9534
-35.5026
-33.0604
-29.7
-25.6193
-21.1095
-16.499
-12.0945
-8.13453
-4.76525
-2.04136
0.0547533
1.58702
2.64217
3.31264
3.68568
3.83744
3.83066
3.71476
3.52716
3.29559
3.04023
2.77591
2.51433
2.26493
2.0355
1.83033
1.6482
1.48357
1.32889
1.17197
0.983309
0.659032
-0.119607
-2.07597
-6.36709
-14.0569
-25.327
-38.6502
-50.5188
-56.8834
-55.4495
-46.3716
-32.6578
-18.7957
-8.44899
-2.61368
-0.0830822
0.759343
0.959569
0.941654
0.869207
0.736883
0.676898
0.498525
0.609656
0.203399
0.804579
-0.65419
-16.6093
-17.3879
-19.2179
-22.1576
-26.3054
-31.2797
-36.1077
-39.4744
-40.7207
-40.095
-37.9116
-33.7055
-27.0621
-19.1049
-12.0376
-7.29297
-4.94533
-4.42461
-4.93192
-6.06823
-7.68995
-9.79998
-12.5061
-15.9145
-20.0615
-24.863
-30.0777
-35.3003
-39.9955
-43.5847
-45.5686
-45.6786
-44.0595
-41.3264
-38.45
-36.2461
-35.068
-34.8236
-35.1138
-35.4692
-35.4787
-34.8427
-33.3905
-31.0829
-28.0003
-24.3224
-20.2932
-16.1779
-12.2222
-8.62043
-5.50028
-2.92114
-0.884038
0.652123
1.75299
2.49388
2.94921
3.18618
3.26179
3.22227
3.10366
2.93339
2.73204
2.51502
2.29439
2.07946
1.87692
1.69034
1.51859
1.35685
1.19798
1.02814
0.814173
0.449077
-0.383793
-2.39307
-6.70108
-14.3537
-25.5349
-38.6972
-50.3636
-56.5984
-55.2134
-46.3023
-32.781
-19.0831
-8.85325
-3.0697
-0.514103
0.407176
0.699653
0.762723
0.748467
0.662074
0.626781
0.48385
0.583978
0.237032
0.727005
-0.488578
-17.1311
-17.9503
-19.9584
-23.374
-28.3167
-34.2052
-39.606
-42.87
-43.6244
-42.5546
-40.2047
-35.8986
-28.6725
-19.4467
-10.8675
-4.97877
-1.966
-1.08837
-1.5422
-2.79057
-4.68129
-7.21491
-10.4922
-14.6164
-19.6085
-25.3466
-31.5282
-37.6699
-43.1506
-47.3136
-49.5899
-49.6429
-47.5796
-44.1105
-40.3281
-37.175
-35.1887
-34.3316
-34.1742
-34.1961
-33.9619
-33.1778
-31.6941
-29.4877
-26.6352
-23.2884
-19.6458
-15.922
-12.3187
-9.00171
-6.08725
-3.63693
-1.66231
-0.136603
0.990988
1.7824
2.30121
2.60663
2.75037
2.77548
2.71642
2.60009
2.44703
2.27282
2.08941
1.90571
1.72791
1.55924
1.39847
1.24082
1.07921
0.899255
0.666821
0.275823
-0.58263
-2.59255
-6.82874
-14.3026
-25.1946
-37.9774
-49.2714
-55.2998
-53.9864
-45.3675
-32.2442
-18.9361
-9.00346
-3.37849
-0.850689
0.120318
0.483619
0.610617
0.642301
0.593425
0.577333
0.46637
0.554296
0.268217
0.652422
-0.329629
-17.3997
-18.3279
-20.4363
-24.0972
-29.3808
-35.5485
-40.9471
-43.9078
-44.2191
-42.8245
-40.3798
-36.0567
-28.5502
-18.6497
-9.32646
-2.80535
0.624957
1.81996
1.46943
0.140855
-1.97005
-4.88313
-8.69105
-13.4903
-19.2836
-25.9124
-33.0222
-40.0655
-46.3441
-51.1189
-53.7323
-53.7399
-51.208
-46.97
-42.2712
-38.2656
-35.575
-34.169
-33.5883
-33.2794
-32.7973
-31.8613
-30.3397
-28.2137
-25.5477
-22.465
-19.1271
-15.7109
-12.3875
-9.30271
-6.56266
-4.22766
-2.31473
-0.806823
0.335535
1.1635
1.73164
2.09237
2.29263
2.37246
2.36461
2.29511
2.1842
2.04737
1.8965
1.74039
1.58486
1.43282
1.283
1.13061
0.968498
0.782109
0.537572
0.132867
-0.728081
-2.69793
-6.7972
-13.9929
-24.4595
-36.7177
-47.5308
-53.307
-52.0778
-43.8329
-31.2455
-18.4805
-8.9671
-3.57155
-1.10732
-0.109223
0.306349
0.48226
0.54979
0.532266
0.532114
0.450192
0.524956
0.296846
0.582095
-0.183582
-17.2311
-18.1773
-20.3933
-24.1324
-29.4261
-35.4616
-40.6192
-43.34
-43.4564
-41.9804
-39.4787
-35.0087
-27.2678
-17.1581
-7.75344
-1.12609
2.51388
3.93104
3.81885
2.5005
0.25325
-2.95003
-7.19699
-12.5806
-19.0847
-26.5168
-34.4767
-42.357
-49.3748
-54.6917
-57.5559
-57.4591
-54.4686
-49.5391
-44.0532
-39.3229
-36.0374
-34.1602
-33.1994
-32.5821
-31.8684
-30.7944
-29.2384
-27.1791
-24.6645
-21.7931
-18.6976
-15.5281
-12.4335
-9.543
-6.95276
-4.72026
-2.86575
-1.37939
-0.230479
0.623556
1.22993
1.63529
1.88243
2.00858
2.04479
2.01617
1.94249
1.83904
1.71753
1.58643
1.45127
1.31478
1.17571
1.02914
0.867707
0.676983
0.424337
0.0141653
-0.83291
-2.7341
-6.65307
-13.5081
-23.4667
-35.1156
-45.3877
-50.8852
-49.7497
-41.9284
-29.959
-17.8295
-8.80722
-3.68038
-1.29981
-0.290192
0.162978
0.375424
0.470035
0.477837
0.490204
0.434031
0.495669
0.321582
0.516458
-0.0532806
-16.8236
-17.5405
-19.9394
-23.6828
-28.7825
-34.4489
-39.2043
-41.7085
-41.8714
-40.5083
-37.9149
-33.1356
-25.2018
-15.3578
-6.48081
-0.175212
3.56125
5.19777
5.36896
4.22008
1.93505
-1.45266
-6.03231
-11.8869
-18.9863
-27.1074
-35.803
-44.3997
-52.0194
-57.7278
-60.7316
-60.4939
-57.0992
-51.5752
-45.4562
-40.1648
-36.4228
-34.1712
-32.8912
-32.0071
-31.0947
-29.9061
-28.325
-26.3229
-23.9324
-21.2319
-18.3335
-15.3672
-12.4635
-9.73728
-7.27604
-5.1342
-3.33407
-1.87111
-0.721368
0.150928
0.786977
1.22855
1.51479
1.68034
1.75462
1.76169
1.72079
1.64686
1.55138
1.44263
1.32596
1.20393
1.07532
0.9351
0.775592
0.582614
0.325193
-0.0844242
-0.906194
-2.72003
-6.43335
-12.9153
-22.3269
-33.3302
-43.0381
-48.2479
-47.2084
-39.83
-28.5177
-17.0713
-8.57574
-3.73399
-1.44516
-0.433136
0.0468687
0.286013
0.40092
0.429534
0.452131
0.418879
0.467873
0.342922
0.456304
0.0615019
-16.6293
-16.9653
-19.3812
-23.0421
-27.8314
-33.0205
-37.3208
-39.6653
-39.9767
-38.7067
-35.854
-30.6385
-22.6948
-13.5492
-5.57389
0.160354
3.85342
5.75139
6.18524
5.31447
3.09731
-0.375005
-5.18082
-11.3924
-18.9638
-27.6393
-36.9221
-46.0715
-54.1208
-60.067
-63.1115
-62.6892
-58.965
-52.9702
-46.3859
-40.6994
-36.6387
-34.1141
-32.5876
-31.4921
-30.4237
-29.1488
-27.5534
-25.6019
-23.3147
-20.7559
-18.0216
-15.2254
-12.4829
-9.89677
-7.54702
-5.48532
-3.73522
-2.29611
-1.14927
-0.264354
0.394849
0.865966
1.18493
1.3841
1.4913
1.52962
1.51768
1.47009
1.39805
1.30959
1.20984
1.10122
0.982568
0.84879
0.691957
0.49818
0.238132
-0.167911
-0.959013
-2.67668
-6.17345
-12.2711
-21.1253
-31.4773
-40.6224
-45.5483
-44.6042
-37.6698
-27.0225
-16.2705
-8.3086
-3.75318
-1.55776
-0.548598
-0.0487529
0.210566
0.340857
0.386573
0.417459
0.404434
0.441509
0.360677
0.401427
0.160769
)
;

boundaryField
{
    outlet
    {
        type            fixedValue;
        value           uniform 0;
    }
    inlet
    {
        type            zeroGradient;
    }
    lowerWall
    {
        type            zeroGradient;
    }
    upperWall
    {
        type            zeroGradient;
    }
    frontAndBack
    {
        type            empty;
    }
}


// ************************************************************************* //
