/*--------------------------------*- C++ -*----------------------------------*\
| =========                 |                                                 |
| \\      /  F ield         | OpenFOAM: The Open Source CFD Toolbox           |
|  \\    /   O peration     | Version:  2.1.1                                 |
|   \\  /    A nd           | Web:      www.OpenFOAM.org                      |
|    \\/     M anipulation  |                                                 |
\*---------------------------------------------------------------------------*/
FoamFile
{
    version     2.0;
    format      ascii;
    class       volScalarField;
    location    "0.185";
    object      p;
}
// * * * * * * * * * * * * * * * * * * * * * * * * * * * * * * * * * * * * * //

dimensions      [0 2 -2 0 0 0 0];

internalField   nonuniform List<scalar> 
6820
(
-10.1845
-12.0308
-12.6058
-12.7335
-12.8406
-12.9197
-12.974
-13.0204
-13.0627
-13.1015
-13.1377
-13.1719
-13.2043
-13.2351
-13.2645
-13.2926
-13.3195
-13.3452
-13.37
-13.394
-13.417
-13.4394
-13.461
-13.4819
-13.502
-13.5213
-13.5395
-13.5561
-13.5701
-13.5804
-13.5826
-13.5709
-13.5319
-14.137
-13.6024
-13.1799
-12.9899
-12.9652
-12.9764
-12.9965
-13.0243
-13.0564
-13.0896
-13.1229
-13.1559
-13.188
-13.2191
-13.2491
-13.2779
-13.3056
-13.3322
-13.3579
-13.3825
-13.4064
-13.4294
-13.4517
-13.4733
-13.4942
-13.5143
-13.5336
-13.552
-13.569
-13.5864
-13.6022
-13.6384
-13.6872
-12.4945
-12.1907
-12.4773
-12.7224
-12.8273
-12.9026
-12.9615
-13.0108
-13.0547
-13.0946
-13.1315
-13.1661
-13.1987
-13.2295
-13.2589
-13.2868
-13.3136
-13.3393
-13.364
-13.3878
-13.4109
-13.4333
-13.455
-13.4761
-13.4967
-13.5167
-13.5361
-13.5551
-13.5736
-13.5928
-13.613
-13.6408
-13.6735
-13.0015
-13.0358
-13.033
-12.9738
-12.966
-12.9864
-13.0127
-13.0415
-13.0722
-13.1034
-13.1344
-13.1648
-13.1946
-13.2236
-13.2517
-13.2789
-13.3052
-13.3307
-13.3554
-13.3794
-13.4026
-13.4253
-13.4474
-13.469
-13.4901
-13.5108
-13.5312
-13.5515
-13.572
-13.5941
-13.6183
-13.6516
-13.6915
-12.8461
-12.7461
-12.7902
-12.8562
-12.9091
-12.9556
-12.9962
-13.0335
-13.0692
-13.1034
-13.1362
-13.1677
-13.198
-13.2272
-13.2553
-13.2823
-13.3084
-13.3335
-13.3579
-13.3815
-13.4045
-13.4269
-13.4487
-13.4702
-13.4912
-13.5121
-13.5328
-13.5537
-13.5753
-13.5985
-13.6243
-13.6559
-13.6927
-12.9012
-12.8845
-12.9096
-12.9327
-12.955
-12.9842
-13.0157
-13.0472
-13.0788
-13.1101
-13.1406
-13.1704
-13.1993
-13.2273
-13.2545
-13.2808
-13.3063
-13.331
-13.3551
-13.3785
-13.4013
-13.4236
-13.4455
-13.467
-13.4883
-13.5094
-13.5306
-13.5522
-13.5746
-13.5987
-13.6251
-13.6557
-13.6902
-12.8994
-12.8782
-12.8941
-12.9228
-12.9529
-12.9857
-13.0185
-13.0504
-13.0819
-13.1127
-13.1428
-13.172
-13.2005
-13.2281
-13.2549
-13.2808
-13.306
-13.3305
-13.3543
-13.3775
-13.4001
-13.4223
-13.4441
-13.4657
-13.487
-13.5083
-13.5298
-13.5517
-13.5745
-13.5987
-13.6248
-13.6539
-13.6854
-12.9135
-12.9058
-12.9211
-12.9456
-12.9708
-12.9988
-13.0283
-13.058
-13.0876
-13.117
-13.1459
-13.1742
-13.2018
-13.2286
-13.2548
-13.2802
-13.3049
-13.329
-13.3525
-13.3754
-13.3979
-13.4199
-13.4416
-13.4631
-13.4845
-13.5058
-13.5274
-13.5495
-13.5723
-13.5964
-13.6219
-13.6494
-13.6784
-12.9265
-12.9225
-12.9347
-12.9562
-12.9801
-13.0068
-13.0351
-13.0636
-13.0922
-13.1205
-13.1485
-13.176
-13.2028
-13.2291
-13.2546
-13.2796
-13.3039
-13.3276
-13.3508
-13.3735
-13.3957
-13.4176
-13.4391
-13.4605
-13.4818
-13.5032
-13.5247
-13.5467
-13.5694
-13.593
-13.6177
-13.6436
-13.6704
-12.94
-12.9394
-12.9507
-12.9701
-12.9922
-13.0168
-13.0432
-13.0701
-13.0973
-13.1244
-13.1514
-13.1779
-13.204
-13.2295
-13.2545
-13.2789
-13.3027
-13.3261
-13.3489
-13.3713
-13.3932
-13.4149
-13.4363
-13.4575
-13.4787
-13.4999
-13.5213
-13.543
-13.5653
-13.5883
-13.612
-13.6365
-13.6615
-12.9535
-12.9545
-12.9649
-12.9823
-13.0028
-13.0258
-13.0506
-13.0761
-13.1021
-13.1282
-13.1541
-13.1798
-13.2051
-13.23
-13.2543
-13.2782
-13.3016
-13.3245
-13.3469
-13.3689
-13.3906
-13.412
-13.4332
-13.4542
-13.4751
-13.4961
-13.5172
-13.5386
-13.5604
-13.5827
-13.6054
-13.6286
-13.6519
-12.9668
-12.9687
-12.9785
-12.9944
-13.0134
-13.0348
-13.0581
-13.0823
-13.107
-13.132
-13.157
-13.1818
-13.2063
-13.2304
-13.2542
-13.2775
-13.3003
-13.3228
-13.3448
-13.3665
-13.3878
-13.4089
-13.4298
-13.4505
-13.4712
-13.4918
-13.5126
-13.5336
-13.5548
-13.5762
-13.598
-13.6199
-13.6418
-12.9796
-12.982
-12.9912
-13.0057
-13.0234
-13.0434
-13.0653
-13.0882
-13.1118
-13.1357
-13.1597
-13.1837
-13.2074
-13.2308
-13.2539
-13.2767
-13.299
-13.321
-13.3426
-13.3639
-13.3849
-13.4056
-13.4262
-13.4465
-13.4668
-13.4871
-13.5074
-13.5279
-13.5484
-13.5691
-13.5899
-13.6107
-13.6313
-12.9919
-12.9945
-13.0032
-13.0166
-13.033
-13.0517
-13.0723
-13.094
-13.1165
-13.1394
-13.1624
-13.1855
-13.2085
-13.2312
-13.2537
-13.2758
-13.2976
-13.3191
-13.3403
-13.3612
-13.3818
-13.4021
-13.4223
-13.4422
-13.4621
-13.482
-13.5018
-13.5216
-13.5415
-13.5614
-13.5812
-13.6009
-13.6204
-13.0036
-13.0062
-13.0144
-13.0268
-13.0421
-13.0597
-13.079
-13.0996
-13.121
-13.1429
-13.165
-13.1873
-13.2095
-13.2315
-13.2533
-13.2749
-13.2962
-13.3172
-13.3378
-13.3583
-13.3784
-13.3984
-13.4181
-13.4376
-13.4571
-13.4764
-13.4957
-13.5149
-13.534
-13.5531
-13.5721
-13.5908
-13.6093
-13.0146
-13.0171
-13.0248
-13.0364
-13.0507
-13.0672
-13.0854
-13.1049
-13.1253
-13.1462
-13.1675
-13.1889
-13.2104
-13.2317
-13.2529
-13.2738
-13.2946
-13.315
-13.3352
-13.3552
-13.3749
-13.3944
-13.4136
-13.4327
-13.4517
-13.4705
-13.4891
-13.5077
-13.5261
-13.5444
-13.5625
-13.5803
-13.5978
-13.0248
-13.0273
-13.0346
-13.0454
-13.0587
-13.0742
-13.0915
-13.11
-13.1294
-13.1494
-13.1698
-13.1904
-13.2111
-13.2318
-13.2523
-13.2727
-13.2928
-13.3128
-13.3325
-13.3519
-13.3711
-13.3901
-13.4089
-13.4275
-13.4459
-13.4641
-13.4822
-13.5001
-13.5178
-13.5353
-13.5525
-13.5695
-13.5861
-13.0344
-13.0367
-13.0436
-13.0537
-13.0662
-13.0808
-13.0971
-13.1147
-13.1332
-13.1523
-13.1719
-13.1918
-13.2117
-13.2317
-13.2516
-13.2714
-13.291
-13.3104
-13.3295
-13.3485
-13.3672
-13.3857
-13.4039
-13.422
-13.4398
-13.4575
-13.4749
-13.4921
-13.5091
-13.5258
-13.5423
-13.5584
-13.5741
-13.0432
-13.0454
-13.0519
-13.0614
-13.0731
-13.0869
-13.1023
-13.119
-13.1367
-13.155
-13.1738
-13.1929
-13.2121
-13.2314
-13.2507
-13.2699
-13.2889
-13.3077
-13.3264
-13.3448
-13.363
-13.3809
-13.3987
-13.4162
-13.4334
-13.4505
-13.4673
-13.4838
-13.5001
-13.516
-13.5317
-13.547
-13.5619
-13.0512
-13.0533
-13.0594
-13.0684
-13.0794
-13.0925
-13.1071
-13.123
-13.1398
-13.1573
-13.1754
-13.1937
-13.2123
-13.231
-13.2496
-13.2682
-13.2867
-13.3049
-13.323
-13.3409
-13.3586
-13.376
-13.3932
-13.4101
-13.4268
-13.4432
-13.4593
-13.4752
-13.4907
-13.506
-13.5209
-13.5354
-13.5495
-13.0585
-13.0605
-13.0662
-13.0746
-13.0851
-13.0974
-13.1113
-13.1264
-13.1425
-13.1593
-13.1767
-13.1944
-13.2123
-13.2303
-13.2483
-13.2663
-13.2842
-13.3019
-13.3195
-13.3368
-13.3539
-13.3708
-13.3874
-13.4038
-13.4198
-13.4356
-13.4511
-13.4663
-13.4812
-13.4957
-13.5098
-13.5236
-13.5369
-13.0649
-13.0668
-13.0722
-13.0802
-13.0901
-13.1018
-13.115
-13.1294
-13.1448
-13.1609
-13.1776
-13.1946
-13.2119
-13.2293
-13.2468
-13.2642
-13.2815
-13.2987
-13.3157
-13.3325
-13.3491
-13.3654
-13.3814
-13.3972
-13.4126
-13.4278
-13.4426
-13.4572
-13.4713
-13.4851
-13.4985
-13.5116
-13.5242
-13.0705
-13.0723
-13.0774
-13.0849
-13.0944
-13.1055
-13.1181
-13.1319
-13.1466
-13.1621
-13.1782
-13.1946
-13.2113
-13.2281
-13.245
-13.2619
-13.2787
-13.2953
-13.3117
-13.328
-13.344
-13.3597
-13.3752
-13.3904
-13.4052
-13.4198
-13.434
-13.4478
-13.4613
-13.4744
-13.4871
-13.4994
-13.5113
-13.0752
-13.0769
-13.0818
-13.0889
-13.0979
-13.1085
-13.1205
-13.1338
-13.1479
-13.1628
-13.1783
-13.1941
-13.2103
-13.2265
-13.2429
-13.2592
-13.2755
-13.2916
-13.3075
-13.3232
-13.3386
-13.3538
-13.3687
-13.3833
-13.3976
-13.4115
-13.4251
-13.4383
-13.4511
-13.4636
-13.4756
-13.4872
-13.4983
-13.0791
-13.0807
-13.0853
-13.0921
-13.1007
-13.1108
-13.1224
-13.1351
-13.1488
-13.1632
-13.1781
-13.1934
-13.209
-13.2248
-13.2406
-13.2564
-13.2722
-13.2877
-13.3031
-13.3183
-13.3332
-13.3479
-13.3622
-13.3762
-13.3899
-13.4032
-13.4162
-13.4287
-13.4409
-13.4527
-13.464
-13.4749
-13.4854
-13.082
-13.0835
-13.0879
-13.0943
-13.1025
-13.1122
-13.1233
-13.1356
-13.1487
-13.1626
-13.177
-13.1919
-13.2071
-13.2224
-13.2377
-13.2531
-13.2683
-13.2834
-13.2983
-13.313
-13.3274
-13.3415
-13.3553
-13.3688
-13.3819
-13.3946
-13.407
-13.4189
-13.4305
-13.4416
-13.4523
-13.4625
-13.4723
-13.0839
-13.0854
-13.0897
-13.0959
-13.1038
-13.1133
-13.1241
-13.136
-13.1488
-13.1623
-13.1763
-13.1907
-13.2054
-13.2202
-13.2351
-13.25
-13.2647
-13.2793
-13.2937
-13.3079
-13.3218
-13.3354
-13.3486
-13.3615
-13.3741
-13.3862
-13.398
-13.4093
-13.4202
-13.4307
-13.4408
-13.4504
-13.4595
-13.0848
-13.0861
-13.0899
-13.0958
-13.1032
-13.1122
-13.1226
-13.1341
-13.1466
-13.1597
-13.1735
-13.1876
-13.202
-13.2165
-13.231
-13.2455
-13.2599
-13.2741
-13.2881
-13.3018
-13.3153
-13.3284
-13.3412
-13.3536
-13.3656
-13.3773
-13.3885
-13.3993
-13.4096
-13.4195
-13.429
-13.438
-13.4466
-13.085
-13.0866
-13.0906
-13.0965
-13.104
-13.113
-13.1233
-13.1346
-13.1467
-13.1596
-13.173
-13.1866
-13.2006
-13.2146
-13.2287
-13.2427
-13.2566
-13.2703
-13.2838
-13.297
-13.3099
-13.3225
-13.3348
-13.3466
-13.3581
-13.3691
-13.3798
-13.39
-13.3997
-13.409
-13.4179
-13.4263
-13.4342
-13.0833
-13.0839
-13.0867
-13.0916
-13.0984
-13.1069
-13.1169
-13.1282
-13.1403
-13.1532
-13.1666
-13.1803
-13.1943
-13.2083
-13.2223
-13.2362
-13.25
-13.2635
-13.2768
-13.2898
-13.3024
-13.3147
-13.3266
-13.3381
-13.3492
-13.3598
-13.37
-13.3797
-13.389
-13.3978
-13.4062
-13.4141
-13.4215
-13.0827
-13.0853
-13.0897
-13.0956
-13.1029
-13.1115
-13.1213
-13.1321
-13.1437
-13.156
-13.1688
-13.1818
-13.1951
-13.2085
-13.2218
-13.2351
-13.2482
-13.2611
-13.2737
-13.2861
-13.2981
-13.3098
-13.3211
-13.332
-13.3424
-13.3525
-13.3621
-13.3712
-13.3799
-13.3881
-13.3959
-13.4031
-13.41
-13.0748
-13.0728
-13.073
-13.0767
-13.0833
-13.0922
-13.1028
-13.1147
-13.1275
-13.141
-13.1548
-13.1688
-13.1829
-13.197
-13.211
-13.2247
-13.2382
-13.2514
-13.2642
-13.2767
-13.2888
-13.3004
-13.3116
-13.3224
-13.3327
-13.3425
-13.3519
-13.3608
-13.3692
-13.377
-13.3845
-13.3914
-13.3978
-13.0827
-13.0892
-13.0949
-13.0999
-13.1056
-13.1128
-13.1215
-13.1313
-13.1421
-13.1535
-13.1655
-13.1778
-13.1902
-13.2028
-13.2154
-13.2279
-13.2402
-13.2523
-13.2641
-13.2757
-13.2868
-13.2976
-13.308
-13.318
-13.3276
-13.3367
-13.3454
-13.3536
-13.3613
-13.3685
-13.3753
-13.3816
-13.3874
-13.0507
-13.0371
-13.0321
-13.0373
-13.0473
-13.0599
-13.0739
-13.0889
-13.1045
-13.1202
-13.1359
-13.1514
-13.1667
-13.1817
-13.1963
-13.2105
-13.2243
-13.2376
-13.2504
-13.2628
-13.2746
-13.286
-13.2968
-13.3071
-13.3169
-13.3261
-13.3349
-13.3431
-13.3508
-13.3579
-13.3646
-13.3707
-13.3764
-13.1047
-13.125
-13.1295
-13.1249
-13.1223
-13.1244
-13.1296
-13.1366
-13.145
-13.1546
-13.165
-13.176
-13.1873
-13.1988
-13.2103
-13.2219
-13.2333
-13.2445
-13.2555
-13.2661
-13.2765
-13.2864
-13.296
-13.3052
-13.3139
-13.3222
-13.33
-13.3373
-13.3442
-13.3506
-13.3566
-13.362
-13.367
-12.9818
-12.9323
-12.9204
-12.9463
-12.9745
-12.9988
-13.0226
-13.0458
-13.0678
-13.0887
-13.1086
-13.1275
-13.1454
-13.1624
-13.1787
-13.1941
-13.2089
-13.2229
-13.2362
-13.2489
-13.2609
-13.2723
-13.2831
-13.2933
-13.3028
-13.3118
-13.3202
-13.328
-13.3352
-13.3419
-13.348
-13.3536
-13.3586
-13.2302
-13.2651
-13.2342
-13.1917
-13.163
-13.1519
-13.149
-13.1498
-13.1536
-13.1597
-13.1674
-13.1761
-13.1856
-13.1955
-13.2057
-13.2161
-13.2264
-13.2366
-13.2467
-13.2565
-13.266
-13.2752
-13.2841
-13.2925
-13.3005
-13.3081
-13.3153
-13.322
-13.3282
-13.334
-13.3393
-13.3441
-13.3485
-12.738
-12.6182
-12.6806
-12.782
-12.856
-12.9079
-12.9517
-12.9899
-13.0232
-13.0525
-13.0788
-13.1026
-13.1243
-13.1443
-13.1628
-13.1801
-13.1961
-13.2112
-13.2253
-13.2385
-13.2509
-13.2625
-13.2734
-13.2836
-13.2931
-13.3019
-13.3101
-13.3177
-13.3246
-13.3309
-13.3366
-13.3418
-13.3463
-13.9525
-13.6136
-13.3499
-13.2329
-13.1827
-13.1574
-13.1424
-13.1362
-13.1364
-13.1404
-13.147
-13.1553
-13.1647
-13.1748
-13.1853
-13.196
-13.2067
-13.2173
-13.2278
-13.2379
-13.2478
-13.2572
-13.2663
-13.275
-13.2832
-13.2909
-13.2982
-13.3049
-13.3112
-13.317
-13.3223
-13.3272
-13.3315
-11.4489
-12.1555
-12.5601
-12.7125
-12.8172
-12.8996
-12.9591
-13.0041
-13.0407
-13.0711
-13.0969
-13.1195
-13.1396
-13.1579
-13.1747
-13.1903
-13.2048
-13.2183
-13.231
-13.243
-13.2542
-13.2648
-13.2747
-13.2839
-13.2925
-13.3006
-13.308
-13.3148
-13.3211
-13.3268
-13.3319
-13.3365
-13.3406
-13.4195
-13.6696
-13.7995
-13.8884
-13.9542
-14.0012
-14.036
-14.0682
-14.1
-14.134
-14.1717
-14.2131
-14.2583
-14.3068
-14.3579
-14.4106
-14.464
-14.5173
-14.5696
-14.6202
-14.6684
-14.7134
-14.7548
-14.7919
-14.8241
-14.8509
-14.8716
-14.8855
-14.8917
-14.8893
-14.8773
-14.8547
-14.8201
-14.7726
-14.711
-14.6342
-14.5412
-14.4311
-14.3032
-14.1568
-13.9913
-13.8062
-13.6013
-13.3763
-13.1311
-12.8656
-12.5802
-12.2751
-11.951
-11.6087
-11.2492
-10.8737
-10.4837
-10.0808
-9.66673
-9.24354
-8.81327
-8.37807
-7.94017
-7.50183
-7.06526
-6.63266
-6.20616
-5.78774
-5.37927
-4.98247
-4.59884
-4.22971
-3.87619
-3.53917
-3.21934
-2.91715
-2.63288
-2.36662
-2.11828
-1.88763
-1.6743
-1.47781
-1.2976
-1.13302
-0.983379
-0.847948
-0.725979
-0.616712
-0.519397
-0.433281
-0.357652
-0.291769
-0.235005
-0.186561
-0.14601
-0.11221
-0.0853805
-0.0630451
-0.0477205
-0.0322899
-0.0271553
-0.0105446
-0.0161345
0.0129711
-14.0058
-14.144
-14.0861
-14.0201
-13.9941
-13.9787
-13.9701
-13.9787
-13.9993
-14.0315
-14.0747
-14.1256
-14.182
-14.2416
-14.3024
-14.3628
-14.4216
-14.4778
-14.531
-14.581
-14.6275
-14.6704
-14.7095
-14.7443
-14.7745
-14.7994
-14.8184
-14.8307
-14.8354
-14.8315
-14.818
-14.7939
-14.758
-14.7093
-14.6466
-14.5688
-14.4751
-14.3645
-14.2363
-14.0899
-13.9246
-13.7402
-13.5362
-13.3124
-13.0688
-12.8053
-12.5221
-12.2198
-11.8987
-11.5598
-11.2041
-10.8326
-10.447
-10.0486
-9.63938
-9.22113
-8.79587
-8.36571
-7.9328
-7.49934
-7.0675
-6.63942
-6.21716
-5.8027
-5.39786
-5.00433
-4.62362
-4.25703
-3.90568
-3.57045
-3.25204
-2.95091
-2.66737
-2.4015
-2.15325
-1.9224
-1.70862
-1.51144
-1.33034
-1.16468
-1.01381
-0.87702
-0.753583
-0.642762
-0.543825
-0.456041
-0.378709
-0.311108
-0.252617
-0.20246
-0.160197
-0.124738
-0.0962258
-0.0723524
-0.0553174
-0.0386653
-0.031465
-0.0147365
-0.0163646
0.00808368
-13.7259
-13.7362
-13.7581
-13.8073
-13.8626
-13.9078
-13.948
-13.9784
-14.0119
-14.0452
-14.0812
-14.1201
-14.1627
-14.2087
-14.2576
-14.3086
-14.361
-14.4138
-14.4661
-14.5168
-14.5651
-14.6101
-14.6511
-14.6872
-14.7181
-14.7429
-14.7612
-14.7723
-14.7754
-14.7698
-14.7546
-14.7288
-14.6913
-14.6411
-14.5772
-14.4984
-14.4039
-14.2928
-14.1644
-14.0181
-13.8533
-13.6696
-13.4667
-13.2443
-13.0025
-12.7412
-12.4606
-12.1612
-11.8435
-11.5082
-11.1565
-10.7893
-10.4082
-10.0146
-9.61031
-9.19707
-8.77688
-8.35178
-7.92387
-7.4953
-7.06819
-6.64464
-6.22668
-5.81626
-5.41516
-5.02505
-4.64742
-4.28355
-3.93455
-3.6013
-3.28449
-2.98461
-2.70194
-2.43662
-2.18858
-1.95766
-1.74352
-1.54575
-1.36382
-1.19716
-1.04511
-0.907002
-0.782129
-0.669776
-0.569231
-0.479778
-0.400734
-0.331392
-0.271139
-0.21922
-0.175187
-0.137997
-0.107722
-0.082223
-0.0633818
-0.0454093
-0.0360572
-0.019074
-0.0168239
0.00355935
-13.7791
-13.8881
-13.9473
-13.9652
-13.9728
-13.9776
-13.9823
-13.9913
-14.0054
-14.0298
-14.0622
-14.1009
-14.1449
-14.1926
-14.2424
-14.293
-14.3431
-14.3919
-14.4387
-14.4831
-14.5248
-14.5635
-14.5987
-14.63
-14.6568
-14.6786
-14.6945
-14.7037
-14.7054
-14.6986
-14.6823
-14.6555
-14.617
-14.5659
-14.5012
-14.4217
-14.3267
-14.2154
-14.087
-13.9409
-13.7767
-13.5939
-13.3923
-13.1715
-12.9317
-12.6727
-12.3949
-12.0985
-11.7842
-11.4527
-11.105
-10.7423
-10.3657
-9.97693
-9.57754
-9.16936
-8.7543
-8.33436
-7.91158
-7.48807
-7.06591
-6.64714
-6.23376
-5.82765
-5.43059
-5.04419
-4.66992
-4.30905
-3.96265
-3.63161
-3.31661
-3.01814
-2.73652
-2.47187
-2.22418
-1.99327
-1.77887
-1.58057
-1.39788
-1.23026
-1.07708
-0.93769
-0.811414
-0.697557
-0.595425
-0.50432
-0.423571
-0.352487
-0.290461
-0.236757
-0.190917
-0.151945
-0.119845
-0.0926436
-0.0719142
-0.0525225
-0.0409486
-0.0235493
-0.0175686
-0.000519635
-13.7474
-13.7947
-13.8119
-13.8266
-13.8522
-13.8812
-13.9102
-13.9386
-13.9744
-14.0101
-14.0458
-14.0846
-14.1262
-14.1698
-14.2148
-14.2606
-14.3067
-14.3524
-14.397
-14.4399
-14.4805
-14.518
-14.5518
-14.5813
-14.6058
-14.6247
-14.6375
-14.6433
-14.6415
-14.6312
-14.6117
-14.5819
-14.5409
-14.4875
-14.421
-14.3402
-14.2442
-14.1323
-14.0037
-13.8578
-13.6941
-13.5123
-13.3119
-13.0928
-12.8549
-12.5984
-12.3233
-12.0301
-11.7193
-11.3917
-11.0482
-10.6899
-10.3181
-9.93436
-9.54017
-9.13733
-8.72771
-8.31324
-7.89594
-7.47785
-7.06098
-6.64735
-6.23888
-5.83743
-5.44472
-5.06233
-4.69169
-4.33404
-3.99045
-3.6618
-3.34876
-3.05184
-2.77136
-2.50747
-2.26018
-2.02935
-1.81472
-1.61592
-1.4325
-1.26394
-1.10964
-0.968986
-0.841318
-0.725967
-0.622258
-0.529509
-0.447063
-0.374242
-0.310443
-0.254947
-0.207284
-0.166503
-0.132537
-0.103578
-0.080897
-0.0599997
-0.0461494
-0.0281701
-0.0186445
-0.00411579
-13.7371
-13.7908
-13.8333
-13.867
-13.8956
-13.9191
-13.9401
-13.9617
-13.9785
-14.0049
-14.0356
-14.07
-14.108
-14.1486
-14.1911
-14.2345
-14.278
-14.3207
-14.3621
-14.4013
-14.4379
-14.4714
-14.5013
-14.527
-14.5481
-14.5638
-14.5737
-14.5768
-14.5725
-14.5599
-14.538
-14.506
-14.4628
-14.4075
-14.3392
-14.2568
-14.1596
-14.0467
-13.9176
-13.7715
-13.6081
-13.4269
-13.2276
-13.01
-12.774
-12.5198
-12.2475
-11.9575
-11.6503
-11.3266
-10.9875
-10.6338
-10.2671
-9.8885
-9.49976
-9.10254
-8.69865
-8.28997
-7.87846
-7.4661
-7.05485
-6.64665
-6.24338
-5.84683
-5.45868
-5.08048
-4.71361
-4.35931
-4.01863
-3.69243
-3.38141
-3.08607
-2.80676
-2.54365
-2.29678
-2.06603
-1.85117
-1.65188
-1.46772
-1.29821
-1.14279
-1.00086
-0.871795
-0.75494
-0.649645
-0.555245
-0.471096
-0.396532
-0.330956
-0.273662
-0.224167
-0.181563
-0.145709
-0.114958
-0.0902848
-0.0678142
-0.0516526
-0.032935
-0.0200757
-0.00721525
-13.7251
-13.769
-13.8024
-13.8275
-13.8508
-13.8741
-13.8972
-13.9215
-13.9521
-13.9825
-14.0149
-14.0497
-14.0867
-14.1254
-14.1652
-14.2055
-14.2457
-14.2851
-14.3232
-14.3594
-14.3931
-14.4238
-14.4509
-14.4738
-14.492
-14.5048
-14.5115
-14.5115
-14.5041
-14.4883
-14.4634
-14.4286
-14.3828
-14.3251
-14.2547
-14.1707
-14.0722
-13.9584
-13.8287
-13.6825
-13.5194
-13.3388
-13.1406
-12.9245
-12.6905
-12.4387
-12.1692
-11.8825
-11.579
-11.2595
-10.9248
-10.5761
-10.2145
-9.8414
-9.45836
-9.06701
-8.66909
-8.26644
-7.86094
-7.45449
-7.049
-6.64635
-6.24836
-5.85677
-5.47323
-5.09923
-4.73615
-4.3852
-4.04741
-3.72367
-3.41465
-3.12089
-2.84274
-2.58041
-2.33394
-2.10327
-1.88819
-1.68839
-1.5035
-1.33304
-1.17649
-1.03328
-0.902796
-0.784425
-0.677529
-0.581462
-0.495594
-0.419272
-0.351903
-0.292798
-0.241458
-0.197016
-0.159259
-0.126694
-0.100005
-0.0759122
-0.0574265
-0.0378272
-0.0218551
-0.00983614
-13.7136
-13.7531
-13.7872
-13.8165
-13.8439
-13.87
-13.8957
-13.919
-13.9442
-13.9712
-14.0007
-14.0326
-14.0667
-14.1025
-14.1394
-14.1768
-14.2141
-14.2505
-14.2856
-14.3187
-14.3493
-14.3768
-14.4006
-14.4203
-14.4352
-14.4448
-14.4484
-14.4454
-14.4349
-14.4163
-14.3887
-14.3512
-14.3029
-14.2431
-14.1707
-14.0849
-13.985
-13.8702
-13.7399
-13.5935
-13.4305
-13.2506
-13.0534
-12.8389
-12.6069
-12.3575
-12.091
-11.8076
-11.5079
-11.1926
-10.8626
-10.5188
-10.1625
-9.79499
-9.41772
-9.03229
-8.64038
-8.24377
-7.84425
-7.4437
-7.04394
-6.64679
-6.25404
-5.86737
-5.48838
-5.11854
-4.75921
-4.41157
-4.07666
-3.75534
-3.44832
-3.15612
-2.87913
-2.61757
-2.37152
-2.14093
-1.92563
-1.72534
-1.53972
-1.36831
-1.21063
-1.06613
-0.934237
-0.814345
-0.70584
-0.608095
-0.520492
-0.442395
-0.373214
-0.312279
-0.259075
-0.212776
-0.173098
-0.138699
-0.109978
-0.0842252
-0.0634188
-0.0428128
-0.0239358
-0.0120297
-13.7021
-13.7377
-13.7698
-13.798
-13.824
-13.8487
-13.8723
-13.8978
-13.9236
-13.9511
-13.9804
-14.0114
-14.044
-14.0777
-14.1122
-14.1469
-14.1813
-14.2148
-14.2468
-14.2769
-14.3044
-14.3289
-14.3497
-14.3664
-14.3783
-14.3849
-14.3855
-14.3795
-14.3661
-14.3447
-14.3143
-14.2742
-14.2235
-14.1614
-14.087
-13.9996
-13.8984
-13.7827
-13.6518
-13.5052
-13.3425
-13.1633
-12.9673
-12.7543
-12.5243
-12.2774
-12.0138
-11.7338
-11.438
-11.1269
-10.8015
-10.4627
-10.1116
-9.74964
-9.37808
-8.99851
-8.61254
-8.22189
-7.8283
-7.43356
-7.03945
-6.64775
-6.26017
-5.87835
-5.50387
-5.13816
-4.78254
-4.43819
-4.10613
-3.78724
-3.4822
-3.19158
-2.91576
-2.65498
-2.40936
-2.17886
-1.96335
-1.76259
-1.57624
-1.4039
-1.2451
-1.09932
-0.966021
-0.844608
-0.734493
-0.635064
-0.545719
-0.465836
-0.394829
-0.332045
-0.276958
-0.228782
-0.187163
-0.150905
-0.120138
-0.0926911
-0.0695745
-0.0478528
-0.0262412
-0.0138782
-13.6905
-13.7232
-13.7538
-13.7817
-13.8079
-13.8333
-13.8579
-13.8828
-13.9079
-13.9342
-13.9619
-13.991
-14.0214
-14.0527
-14.0846
-14.1166
-14.1481
-14.1787
-14.2078
-14.2349
-14.2594
-14.2808
-14.2986
-14.3123
-14.3212
-14.3248
-14.3224
-14.3135
-14.2972
-14.273
-14.2399
-14.1973
-14.1443
-14.0801
-14.0039
-13.915
-13.8125
-13.6959
-13.5645
-13.4178
-13.2554
-13.0769
-12.8821
-12.6707
-12.4428
-12.1984
-11.9377
-11.6611
-11.3691
-11.0622
-10.7414
-10.4075
-10.0616
-9.70509
-9.33918
-8.9654
-8.5853
-8.20053
-7.81279
-7.4238
-7.03528
-6.64896
-6.26649
-5.8895
-5.51948
-5.15787
-4.80594
-4.46487
-4.13567
-3.81919
-3.51616
-3.22711
-2.95248
-2.6925
-2.44733
-2.21694
-2.00125
-1.80002
-1.61297
-1.43971
-1.2798
-1.13276
-0.998058
-0.875131
-0.763407
-0.662294
-0.571204
-0.489527
-0.416685
-0.352041
-0.295055
-0.244984
-0.201406
-0.163268
-0.130439
-0.101266
-0.0758507
-0.0529187
-0.0286884
-0.0154872
-13.6788
-13.7092
-13.7381
-13.7652
-13.7908
-13.8156
-13.8399
-13.8641
-13.8888
-13.9144
-13.941
-13.9687
-13.9972
-14.0265
-14.056
-14.0854
-14.1143
-14.142
-14.1682
-14.1924
-14.2139
-14.2324
-14.2472
-14.2579
-14.2638
-14.2645
-14.2592
-14.2474
-14.2284
-14.2014
-14.1658
-14.1207
-14.0655
-13.9992
-13.9213
-13.8308
-13.7272
-13.6098
-13.4779
-13.3312
-13.1691
-12.9914
-12.7977
-12.588
-12.3621
-12.1202
-11.8625
-11.5893
-11.301
-10.9983
-10.682
-10.353
-10.0123
-9.66113
-9.3008
-8.93273
-8.55843
-8.17948
-7.79752
-7.41422
-7.03124
-6.65025
-6.27286
-5.90064
-5.53507
-5.17754
-4.8293
-4.4915
-4.16515
-3.8511
-3.55008
-3.26263
-2.9892
-2.73005
-2.48534
-2.25509
-2.03923
-1.83757
-1.64983
-1.47567
-1.31467
-1.16638
-1.03028
-0.905846
-0.792518
-0.689723
-0.596886
-0.513412
-0.438728
-0.372214
-0.313319
-0.261339
-0.215787
-0.175751
-0.14085
-0.109921
-0.0822178
-0.0579961
-0.0312076
-0.0169702
-13.6669
-13.6953
-13.7228
-13.749
-13.774
-13.7984
-13.8223
-13.8461
-13.8701
-13.8947
-13.92
-13.946
-13.9726
-13.9997
-14.0268
-14.0537
-14.0799
-14.1049
-14.1283
-14.1495
-14.1682
-14.1837
-14.1956
-14.2033
-14.2064
-14.2041
-14.196
-14.1814
-14.1596
-14.13
-14.0918
-14.0444
-13.987
-13.9188
-13.8391
-13.7472
-13.6425
-13.5243
-13.392
-13.2453
-13.0836
-12.9066
-12.7141
-12.506
-12.2823
-12.0429
-11.7881
-11.5182
-11.2336
-10.9351
-10.6233
-10.2991
-9.96346
-9.61762
-9.26281
-8.9004
-8.53183
-8.15864
-7.7824
-7.40473
-7.02723
-6.65153
-6.27918
-5.91171
-5.55056
-5.19709
-4.85252
-4.518
-4.19451
-3.8829
-3.5839
-3.29807
-3.02586
-2.76756
-2.52334
-2.29325
-2.07725
-1.87517
-1.68677
-1.51172
-1.34965
-1.20012
-1.06264
-0.936702
-0.821775
-0.7173
-0.622715
-0.537442
-0.460912
-0.392521
-0.331708
-0.277807
-0.230273
-0.188323
-0.151344
-0.118635
-0.0886541
-0.0630798
-0.0337471
-0.01843
-13.6549
-13.6816
-13.7077
-13.7328
-13.7571
-13.7808
-13.804
-13.8271
-13.8503
-13.8738
-13.8978
-13.9223
-13.9471
-13.9721
-13.997
-14.0214
-14.045
-14.0673
-14.088
-14.1064
-14.1222
-14.1348
-14.1438
-14.1487
-14.1488
-14.1437
-14.1328
-14.1154
-14.091
-14.0588
-14.0182
-13.9684
-13.9089
-13.8388
-13.7574
-13.6642
-13.5584
-13.4395
-13.3068
-13.1601
-12.9988
-12.8226
-12.6314
-12.4249
-12.2032
-11.9663
-11.7144
-11.4478
-11.167
-10.8725
-10.5651
-10.2457
-9.91509
-9.57452
-9.22516
-8.86834
-8.50544
-8.13794
-7.76736
-7.39527
-7.02321
-6.65274
-6.2854
-5.92265
-5.5659
-5.21647
-4.87557
-4.54432
-4.22369
-3.91453
-3.61757
-3.33337
-3.0624
-2.80497
-2.56126
-2.33137
-2.11525
-1.91277
-1.72373
-1.54782
-1.38469
-1.23393
-1.09508
-0.967654
-0.851134
-0.744982
-0.648651
-0.561576
-0.483196
-0.412922
-0.350185
-0.294357
-0.244831
-0.200958
-0.161897
-0.127389
-0.0951403
-0.0681683
-0.0362698
-0.0199473
-13.6427
-13.6678
-13.6926
-13.7167
-13.7401
-13.763
-13.7855
-13.8078
-13.8301
-13.8525
-13.8751
-13.898
-13.921
-13.944
-13.9666
-13.9887
-14.0097
-14.0294
-14.0473
-14.063
-14.076
-14.0858
-14.092
-14.094
-14.0913
-14.0834
-14.0697
-14.0497
-14.0226
-13.9879
-13.9449
-13.8929
-13.8313
-13.7593
-13.6764
-13.5818
-13.475
-13.3554
-13.2224
-13.0757
-12.9148
-12.7394
-12.5494
-12.3445
-12.1249
-11.8904
-11.6414
-11.3781
-11.101
-10.8106
-10.5076
-10.1928
-9.86719
-9.53181
-9.18784
-8.83653
-8.47923
-8.11736
-7.75239
-7.38581
-7.01913
-6.65386
-6.29148
-5.93342
-5.58104
-5.23563
-4.89839
-4.57041
-4.25264
-3.94594
-3.65103
-3.36849
-3.09878
-2.84224
-2.59907
-2.36939
-2.15317
-1.95033
-1.76066
-1.58391
-1.41974
-1.26777
-1.12757
-0.998659
-0.880554
-0.77273
-0.674654
-0.585778
-0.505545
-0.433385
-0.368719
-0.310956
-0.259435
-0.213629
-0.172486
-0.136165
-0.101658
-0.0732601
-0.0387491
-0.0215771
-13.6303
-13.6541
-13.6776
-13.7006
-13.723
-13.745
-13.7666
-13.788
-13.8093
-13.8305
-13.8518
-13.8731
-13.8943
-13.9153
-13.9357
-13.9555
-13.9741
-13.9912
-14.0065
-14.0194
-14.0297
-14.0367
-14.0401
-14.0393
-14.0339
-14.0232
-14.0069
-13.9841
-13.9545
-13.9173
-13.872
-13.8178
-13.7542
-13.6805
-13.596
-13.5001
-13.3923
-13.2721
-13.1388
-12.9921
-12.8316
-12.6571
-12.4683
-12.2651
-12.0474
-11.8154
-11.5692
-11.3092
-11.0357
-10.7493
-10.4506
-10.1404
-9.81975
-9.48951
-9.15085
-8.80498
-8.45321
-8.0969
-7.73746
-7.37634
-7.01499
-6.65486
-6.2974
-5.94399
-5.59595
-5.25455
-4.92096
-4.59623
-4.28133
-3.9771
-3.68425
-3.40337
-3.13494
-2.87931
-2.63671
-2.40726
-2.19098
-1.98778
-1.79752
-1.61995
-1.45476
-1.3016
-1.16005
-1.02967
-0.909993
-0.800504
-0.700688
-0.610011
-0.527925
-0.453877
-0.387278
-0.327577
-0.274057
-0.226314
-0.183089
-0.144948
-0.108187
-0.0783528
-0.0411668
-0.0233505
-13.6177
-13.6402
-13.6625
-13.6844
-13.7058
-13.7268
-13.7475
-13.7679
-13.788
-13.8081
-13.8279
-13.8476
-13.8671
-13.8861
-13.9044
-13.9219
-13.9381
-13.9527
-13.9654
-13.9757
-13.9833
-13.9876
-13.9883
-13.9848
-13.9766
-13.9633
-13.9442
-13.9189
-13.8868
-13.8472
-13.7996
-13.7433
-13.6778
-13.6023
-13.5163
-13.4193
-13.3105
-13.1896
-13.056
-12.9094
-12.7494
-12.5757
-12.3881
-12.1865
-11.9708
-11.7413
-11.4979
-11.2411
-10.9711
-10.6887
-10.3942
-10.0887
-9.7728
-9.44762
-9.11419
-8.7737
-8.42739
-8.07656
-7.72258
-7.36685
-7.01076
-6.65573
-6.30314
-5.95434
-5.61061
-5.2732
-4.94323
-4.62175
-4.30971
-4.00794
-3.71716
-3.43797
-3.17084
-2.91614
-2.67413
-2.44493
-2.2286
-2.02509
-1.83425
-1.65588
-1.48969
-1.33536
-1.19248
-1.06065
-0.939409
-0.828262
-0.726712
-0.634239
-0.550302
-0.474365
-0.405833
-0.34419
-0.288671
-0.238988
-0.193684
-0.153721
-0.11471
-0.0834427
-0.0435114
-0.0252797
-13.6049
-13.6262
-13.6473
-13.6681
-13.6885
-13.7085
-13.7281
-13.7474
-13.7664
-13.7852
-13.8036
-13.8217
-13.8394
-13.8565
-13.8727
-13.888
-13.9018
-13.914
-13.9242
-13.932
-13.9369
-13.9386
-13.9365
-13.9304
-13.9195
-13.9036
-13.882
-13.8542
-13.8196
-13.7777
-13.7278
-13.6695
-13.6021
-13.5249
-13.4375
-13.3392
-13.2296
-13.1081
-12.9743
-12.8277
-12.6682
-12.4953
-12.3089
-12.1089
-11.8952
-11.668
-11.4275
-11.1738
-10.9074
-10.6288
-10.3386
-10.0375
-9.72639
-9.40618
-9.07791
-8.74271
-8.40177
-8.05635
-7.70776
-7.35734
-7.00646
-6.65646
-6.30869
-5.96445
-5.625
-5.29153
-4.96517
-4.64693
-4.33774
-4.03844
-3.74974
-3.47223
-3.20642
-2.95267
-2.71126
-2.48235
-2.266
-2.06219
-1.8708
-1.69165
-1.52449
-1.369
-1.22482
-1.09155
-0.968753
-0.855961
-0.752685
-0.658421
-0.572638
-0.494814
-0.42435
-0.360768
-0.303251
-0.251629
-0.204249
-0.162465
-0.121209
-0.0885247
-0.0457762
-0.0273632
-13.592
-13.6121
-13.632
-13.6517
-13.671
-13.69
-13.7085
-13.7267
-13.7445
-13.7619
-13.7789
-13.7954
-13.8113
-13.8265
-13.8408
-13.8538
-13.8654
-13.8752
-13.883
-13.8882
-13.8905
-13.8896
-13.885
-13.8762
-13.8628
-13.8443
-13.8201
-13.7899
-13.7529
-13.7087
-13.6568
-13.5964
-13.5272
-13.4484
-13.3596
-13.2602
-13.1497
-13.0276
-12.8936
-12.7471
-12.588
-12.416
-12.2308
-12.0323
-11.8207
-11.5958
-11.358
-11.1074
-10.8445
-10.5697
-10.2836
-9.98698
-9.68054
-9.36523
-9.04203
-8.71203
-8.37638
-8.03628
-7.693
-7.34782
-7.00207
-6.65704
-6.31403
-5.9743
-5.63909
-5.30954
-4.98675
-4.67173
-4.36538
-4.06854
-3.78192
-3.50611
-3.24162
-2.98884
-2.74806
-2.51945
-2.3031
-2.09902
-1.9071
-1.7272
-1.55909
-1.40247
-1.257
-1.12231
-0.997977
-0.883552
-0.778561
-0.682516
-0.594892
-0.515188
-0.442797
-0.377277
-0.317766
-0.264209
-0.21476
-0.171163
-0.127663
-0.0935924
-0.0479573
-0.0295909
-13.5788
-13.5978
-13.6166
-13.6352
-13.6534
-13.6713
-13.6887
-13.7057
-13.7222
-13.7383
-13.7538
-13.7688
-13.783
-13.7963
-13.8085
-13.8195
-13.8289
-13.8364
-13.8417
-13.8445
-13.8444
-13.8409
-13.8337
-13.8224
-13.8065
-13.7854
-13.7588
-13.7262
-13.6869
-13.6405
-13.5865
-13.5242
-13.4532
-13.3729
-13.2827
-13.1822
-13.0709
-12.9483
-12.814
-12.6677
-12.5091
-12.3378
-12.1538
-11.957
-11.7472
-11.5247
-11.2896
-11.0421
-10.7826
-10.5115
-10.2295
-9.93716
-9.63532
-9.32481
-9.00659
-8.6817
-8.35124
-8.01638
-7.67832
-7.3383
-6.9976
-6.65746
-6.31915
-5.98389
-5.65285
-5.32718
-5.00794
-4.69611
-4.3926
-4.09821
-3.81366
-3.53956
-3.2764
-3.0246
-2.78446
-2.55617
-2.33985
-2.13552
-1.9431
-1.76248
-1.59343
-1.4357
-1.28897
-1.15288
-1.02703
-0.910985
-0.804293
-0.706478
-0.617024
-0.535447
-0.461135
-0.393686
-0.332187
-0.276703
-0.225192
-0.179796
-0.134053
-0.0986381
-0.050051
-0.0319494
-13.5655
-13.5834
-13.6011
-13.6186
-13.6357
-13.6524
-13.6687
-13.6845
-13.6998
-13.7145
-13.7286
-13.7419
-13.7544
-13.7659
-13.7762
-13.7851
-13.7923
-13.7976
-13.8006
-13.801
-13.7984
-13.7925
-13.7828
-13.769
-13.7506
-13.7272
-13.6982
-13.6632
-13.6217
-13.5732
-13.5171
-13.4529
-13.3802
-13.2984
-13.207
-13.1054
-12.9933
-12.8702
-12.7358
-12.5896
-12.4314
-12.261
-12.0781
-11.8828
-11.675
-11.4548
-11.2223
-10.9778
-10.7216
-10.4542
-10.1762
-9.88812
-9.59077
-9.28497
-8.97163
-8.65176
-8.3264
-7.99667
-7.66374
-7.3288
-6.99306
-6.65774
-6.32406
-5.99319
-5.66629
-5.34445
-5.02872
-4.72005
-4.41935
-4.1274
-3.84492
-3.57251
-3.3107
-3.05989
-2.82041
-2.59246
-2.37619
-2.17162
-1.97873
-1.7974
-1.62745
-1.46864
-1.32067
-1.1832
-1.05585
-0.938206
-0.829829
-0.730258
-0.638987
-0.555548
-0.479326
-0.409957
-0.346481
-0.28908
-0.235517
-0.188342
-0.140356
-0.103653
-0.0520519
-0.0344255
-13.552
-13.5689
-13.5855
-13.6019
-13.6179
-13.6335
-13.6486
-13.6632
-13.6772
-13.6905
-13.7031
-13.7149
-13.7257
-13.7354
-13.7438
-13.7507
-13.7558
-13.7588
-13.7596
-13.7577
-13.7528
-13.7445
-13.7324
-13.7162
-13.6954
-13.6696
-13.6383
-13.601
-13.5573
-13.5067
-13.4487
-13.3828
-13.3084
-13.2251
-13.1325
-13.0299
-12.9171
-12.7935
-12.6589
-12.5129
-12.3551
-12.1855
-12.0039
-11.8101
-11.6041
-11.3861
-11.1562
-10.9146
-10.6618
-10.398
-10.1238
-9.8399
-9.54695
-9.24576
-8.93721
-8.62224
-8.30187
-7.97718
-7.64928
-7.31932
-6.98846
-6.65788
-6.32875
-6.00221
-5.67938
-5.36132
-5.04905
-4.74351
-4.44559
-4.15606
-3.87564
-3.60493
-3.34446
-3.09465
-2.85583
-2.62824
-2.41203
-2.20727
-2.01392
-1.83192
-1.66109
-1.50121
-1.35202
-1.2132
-1.08437
-0.965156
-0.855113
-0.753805
-0.660731
-0.575446
-0.497328
-0.426051
-0.36061
-0.30131
-0.245705
-0.196779
-0.146549
-0.108627
-0.0539506
-0.0370102
-13.5384
-13.5542
-13.5698
-13.5851
-13.6
-13.6145
-13.6284
-13.6418
-13.6545
-13.6664
-13.6776
-13.6878
-13.6969
-13.7049
-13.7114
-13.7163
-13.7194
-13.7203
-13.7189
-13.7147
-13.7075
-13.6969
-13.6825
-13.664
-13.6409
-13.6128
-13.5792
-13.5398
-13.494
-13.4414
-13.3815
-13.3138
-13.2379
-13.1532
-13.0593
-12.9558
-12.8423
-12.7183
-12.5835
-12.4376
-12.2804
-12.1116
-11.9311
-11.7387
-11.5347
-11.3188
-11.0915
-10.8528
-10.6031
-10.3428
-10.0724
-9.79259
-9.50394
-9.20726
-8.90337
-8.5932
-8.27772
-7.95795
-7.63497
-7.30989
-6.98381
-6.65788
-6.33322
-6.01093
-5.6921
-5.37776
-5.06891
-4.76646
-4.47128
-4.18415
-3.90577
-3.63675
-3.37762
-3.12881
-2.89067
-2.66346
-2.44733
-2.24238
-2.04861
-1.86595
-1.69426
-1.53336
-1.38298
-1.24282
-1.11255
-0.991775
-0.880089
-0.777063
-0.682207
-0.595093
-0.515095
-0.441929
-0.374538
-0.313358
-0.255725
-0.205083
-0.152604
-0.11355
-0.0557321
-0.0397019
-13.5246
-13.5395
-13.5541
-13.5683
-13.5821
-13.5955
-13.6082
-13.6203
-13.6317
-13.6423
-13.652
-13.6607
-13.6682
-13.6744
-13.6792
-13.6822
-13.6833
-13.6822
-13.6786
-13.6723
-13.6628
-13.65
-13.6333
-13.6126
-13.5872
-13.5569
-13.5212
-13.4796
-13.4318
-13.3773
-13.3156
-13.2462
-13.1687
-13.0827
-12.9877
-12.8833
-12.7691
-12.6447
-12.5098
-12.3641
-12.2073
-12.0393
-11.8599
-11.669
-11.4667
-11.253
-11.0281
-10.7922
-10.5457
-10.2888
-10.0221
-9.74626
-9.4618
-9.16951
-8.87018
-8.56469
-8.25397
-7.93902
-7.62085
-7.30053
-6.97913
-6.65775
-6.33747
-6.01935
-5.70445
-5.39377
-5.08828
-4.78887
-4.4964
-4.21163
-3.93527
-3.66792
-3.41012
-3.16232
-2.92486
-2.69803
-2.482
-2.27688
-2.0827
-1.89942
-1.72691
-1.565
-1.41345
-1.272
-1.1403
-1.018
-0.904694
-0.799974
-0.703358
-0.614437
-0.532579
-0.457544
-0.388222
-0.325189
-0.26554
-0.213225
-0.158491
-0.118411
-0.0573736
-0.0425106
-13.5109
-13.5248
-13.5383
-13.5515
-13.5642
-13.5764
-13.588
-13.5989
-13.609
-13.6183
-13.6266
-13.6337
-13.6397
-13.6442
-13.6471
-13.6483
-13.6475
-13.6444
-13.6388
-13.6303
-13.6188
-13.6038
-13.585
-13.562
-13.5345
-13.502
-13.4642
-13.4206
-13.3709
-13.3145
-13.251
-13.1801
-13.1011
-13.0139
-12.9178
-12.8125
-12.6976
-12.5728
-12.4378
-12.2923
-12.136
-11.9687
-11.7904
-11.601
-11.4004
-11.1888
-10.9663
-10.7332
-10.4896
-10.2361
-9.97302
-9.70098
-9.42061
-9.13258
-8.83769
-8.53676
-8.23068
-7.92042
-7.60694
-7.29127
-6.97445
-6.65751
-6.34151
-6.02747
-5.71642
-5.40932
-5.10712
-4.8107
-4.5209
-4.23846
-3.96409
-3.69839
-3.44191
-3.1951
-2.95833
-2.73188
-2.51597
-2.3107
-2.11614
-1.93225
-1.75894
-1.59605
-1.44338
-1.30065
-1.16756
-1.04376
-0.928864
-0.822477
-0.724126
-0.633423
-0.549729
-0.472851
-0.401619
-0.336761
-0.275113
-0.221178
-0.164173
-0.123202
-0.0588413
-0.0454625
-13.4971
-13.5101
-13.5226
-13.5348
-13.5464
-13.5575
-13.568
-13.5776
-13.5865
-13.5944
-13.6013
-13.607
-13.6113
-13.6142
-13.6155
-13.6149
-13.6122
-13.6071
-13.5996
-13.5891
-13.5755
-13.5584
-13.5375
-13.5124
-13.4828
-13.4483
-13.4085
-13.363
-13.3114
-13.2532
-13.1881
-13.1155
-13.0352
-12.9467
-12.8496
-12.7435
-12.628
-12.5029
-12.3678
-12.2224
-12.0665
-11.9001
-11.7228
-11.5348
-11.3359
-11.1264
-10.9062
-10.6757
-10.435
-10.1847
-9.92515
-9.65686
-9.38043
-9.09655
-8.80596
-8.50946
-8.2079
-7.9022
-7.59329
-7.28215
-6.96977
-6.65717
-6.34534
-6.03529
-5.728
-5.42441
-5.12543
-4.83194
-4.54474
-4.26459
-3.99217
-3.7281
-3.47292
-3.2271
-2.99101
-2.76495
-2.54916
-2.34376
-2.14883
-1.96436
-1.79028
-1.62645
-1.47267
-1.3287
-1.19425
-1.06898
-0.95253
-0.844508
-0.744451
-0.651995
-0.566492
-0.487799
-0.414682
-0.348035
-0.284401
-0.22891
-0.169611
-0.127916
-0.060087
-0.0486071
-13.4833
-13.4953
-13.507
-13.5181
-13.5287
-13.5387
-13.548
-13.5565
-13.5642
-13.5708
-13.5763
-13.5805
-13.5834
-13.5847
-13.5843
-13.5819
-13.5774
-13.5706
-13.5611
-13.5487
-13.5331
-13.514
-13.4911
-13.464
-13.4324
-13.396
-13.3542
-13.3068
-13.2534
-13.1935
-13.1268
-13.0528
-12.9712
-12.8815
-12.7834
-12.6765
-12.5605
-12.435
-12.2998
-12.1546
-11.9992
-11.8334
-11.6573
-11.4705
-11.2733
-11.0657
-10.8478
-10.6198
-10.382
-10.1348
-9.87865
-9.61396
-9.34136
-9.0615
-8.77508
-8.48286
-8.18568
-7.8844
-7.57992
-7.27318
-6.96513
-6.65675
-6.34899
-6.04282
-5.73919
-5.43901
-5.14318
-4.85255
-4.5679
-4.28998
-4.01947
-3.757
-3.5031
-3.25824
-3.02283
-2.79716
-2.58149
-2.37598
-2.1807
-1.99568
-1.82085
-1.6561
-1.50125
-1.35608
-1.2203
-1.0936
-0.975623
-0.865998
-0.764269
-0.670092
-0.582811
-0.502336
-0.427361
-0.358966
-0.293361
-0.236389
-0.174757
-0.132545
-0.0610423
-0.0520254
-13.4697
-13.4808
-13.4915
-13.5017
-13.5113
-13.5202
-13.5284
-13.5358
-13.5422
-13.5475
-13.5517
-13.5545
-13.5559
-13.5557
-13.5537
-13.5497
-13.5435
-13.5348
-13.5235
-13.5092
-13.4918
-13.4708
-13.4459
-13.4169
-13.3834
-13.3451
-13.3015
-13.2523
-13.1972
-13.1357
-13.0674
-12.9921
-12.9092
-12.8184
-12.7193
-12.6117
-12.4951
-12.3693
-12.234
-12.089
-11.934
-11.769
-11.5938
-11.4084
-11.2128
-11.007
-10.7913
-10.5658
-10.3307
-10.0865
-9.83359
-9.57239
-9.30349
-9.02749
-8.7451
-8.45703
-8.16408
-7.86708
-7.5669
-7.26442
-6.96057
-6.65627
-6.35246
-6.05006
-5.74999
-5.45313
-5.16036
-4.87251
-4.59034
-4.3146
-4.04596
-3.78504
-3.53238
-3.28847
-3.05372
-2.82844
-2.6129
-2.40728
-2.21167
-2.02611
-1.85056
-1.68493
-1.52904
-1.3827
-1.24563
-1.11754
-0.998068
-0.886877
-0.783512
-0.687649
-0.598625
-0.516405
-0.439601
-0.369504
-0.301943
-0.243578
-0.179555
-0.137088
-0.0616123
-0.0558426
-13.4561
-13.4664
-13.4762
-13.4854
-13.494
-13.5019
-13.5091
-13.5153
-13.5205
-13.5246
-13.5275
-13.529
-13.529
-13.5273
-13.5238
-13.5182
-13.5103
-13.5
-13.487
-13.4709
-13.4516
-13.4288
-13.4022
-13.3713
-13.336
-13.2959
-13.2505
-13.1997
-13.1429
-13.0798
-13.0101
-12.9334
-12.8493
-12.7575
-12.6575
-12.5492
-12.4321
-12.306
-12.1706
-12.0258
-11.8713
-11.7069
-11.5327
-11.3485
-11.1544
-10.9505
-10.7368
-10.5136
-10.2812
-10.0399
-9.7901
-9.53225
-9.26689
-8.99463
-8.71611
-8.43204
-8.14318
-7.85031
-7.55426
-7.25591
-6.95611
-6.65577
-6.35578
-6.05703
-5.76041
-5.46678
-5.17697
-4.89181
-4.61204
-4.33841
-4.07158
-3.81216
-3.56071
-3.31772
-3.0836
-2.85871
-2.64329
-2.43756
-2.24164
-2.05557
-1.87933
-1.71284
-1.55595
-1.40847
-1.27015
-1.1407
-1.01979
-0.907074
-0.802112
-0.704605
-0.613874
-0.529951
-0.451351
-0.379603
-0.310095
-0.250439
-0.183944
-0.141546
-0.061665
-0.0602418
-13.4429
-13.4524
-13.4613
-13.4696
-13.4773
-13.4842
-13.4903
-13.4954
-13.4995
-13.5024
-13.504
-13.5042
-13.5029
-13.4998
-13.4947
-13.4876
-13.4782
-13.4663
-13.4516
-13.4338
-13.4128
-13.3883
-13.3599
-13.3273
-13.2903
-13.2484
-13.2015
-13.149
-13.0907
-13.0261
-12.9551
-12.8771
-12.7918
-12.699
-12.5982
-12.4892
-12.3716
-12.2453
-12.1098
-11.9651
-11.811
-11.6474
-11.474
-11.291
-11.0984
-10.8962
-10.6845
-10.4636
-10.2337
-9.99511
-9.74828
-9.49363
-9.23168
-8.96299
-8.68819
-8.40796
-8.12302
-7.83412
-7.54207
-7.24769
-6.95181
-6.65528
-6.35898
-6.06376
-5.77047
-5.47995
-5.19301
-4.91044
-4.633
-4.3614
-4.09631
-3.83834
-3.58805
-3.34594
-3.11244
-2.8879
-2.67261
-2.46677
-2.27054
-2.08397
-1.90706
-1.73974
-1.58189
-1.43332
-1.29378
-1.16302
-1.0407
-0.926507
-0.819991
-0.720882
-0.628486
-0.542905
-0.462543
-0.389203
-0.317759
-0.25693
-0.18785
-0.145924
-0.0610264
-0.0654896
-13.4297
-13.4384
-13.4465
-13.454
-13.4608
-13.4668
-13.4719
-13.476
-13.479
-13.4808
-13.4813
-13.4803
-13.4776
-13.4732
-13.4668
-13.4582
-13.4473
-13.4339
-13.4176
-13.3983
-13.3757
-13.3495
-13.3194
-13.2852
-13.2466
-13.2031
-13.1546
-13.1006
-13.0408
-12.9749
-12.9025
-12.8233
-12.737
-12.6432
-12.5416
-12.432
-12.3139
-12.1873
-12.0518
-11.9073
-11.7536
-11.5905
-11.418
-11.2362
-11.0449
-10.8443
-10.6345
-10.4157
-10.1882
-9.95227
-9.70829
-9.4567
-9.198
-8.93273
-8.66149
-8.38493
-8.10375
-7.81867
-7.53045
-7.23988
-6.94776
-6.6549
-6.36215
-6.07032
-5.78023
-5.49269
-5.2085
-4.92843
-4.65321
-4.38355
-4.12011
-3.86352
-3.61433
-3.37305
-3.14012
-2.91591
-2.70072
-2.49479
-2.29825
-2.1112
-1.93365
-1.76554
-1.60676
-1.45713
-1.31644
-1.18442
-1.06074
-0.945115
-0.837095
-0.736434
-0.642416
-0.555226
-0.473139
-0.398266
-0.324886
-0.263014
-0.191194
-0.150224
-0.0594532
-0.0719451
-13.4174
-13.4253
-13.4326
-13.4392
-13.4451
-13.4502
-13.4543
-13.4574
-13.4594
-13.4601
-13.4594
-13.4572
-13.4533
-13.4476
-13.4399
-13.43
-13.4177
-13.4028
-13.385
-13.3642
-13.3401
-13.3124
-13.2808
-13.245
-13.2048
-13.1599
-13.1098
-13.0544
-12.9933
-12.9261
-12.8525
-12.7722
-12.6848
-12.5902
-12.4878
-12.3776
-12.2591
-12.1322
-11.9967
-11.8523
-11.6989
-11.5365
-11.3648
-11.184
-10.994
-10.7949
-10.5869
-10.3702
-10.1449
-9.91146
-9.67018
-9.4215
-9.16588
-8.90386
-8.63602
-8.36297
-8.08538
-7.80394
-7.51939
-7.23248
-6.94396
-6.65463
-6.36528
-6.07671
-5.78969
-5.50502
-5.22346
-4.94577
-4.67267
-4.40486
-4.143
-3.88771
-3.63956
-3.39906
-3.16666
-2.94275
-2.72765
-2.52159
-2.32476
-2.13724
-1.95905
-1.79018
-1.63049
-1.47985
-1.33803
-1.20478
-1.0798
-0.962782
-0.853304
-0.75114
-0.655551
-0.566809
-0.483041
-0.406711
-0.331408
-0.268647
-0.193906
-0.154477
-0.0566689
-0.080123
-13.4048
-13.4121
-13.4188
-13.4247
-13.4298
-13.4341
-13.4374
-13.4397
-13.4407
-13.4404
-13.4387
-13.4355
-13.4305
-13.4236
-13.4147
-13.4035
-13.3899
-13.3736
-13.3545
-13.3323
-13.3067
-13.2776
-13.2445
-13.2073
-13.1657
-13.1194
-13.0679
-13.0112
-12.9487
-12.8803
-12.8056
-12.7242
-12.6359
-12.5404
-12.4374
-12.3266
-12.2077
-12.0806
-11.9449
-11.8007
-11.6476
-11.4857
-11.3148
-11.135
-10.9462
-10.7486
-10.5422
-10.3274
-10.1042
-9.87313
-9.6344
-9.38846
-9.13576
-8.87682
-8.6122
-8.34248
-8.0683
-7.79033
-7.50927
-7.22582
-6.94074
-6.65475
-6.36863
-6.08314
-5.79902
-5.51705
-5.23797
-4.9625
-4.69138
-4.42528
-4.16487
-3.91076
-3.66354
-3.42374
-3.1918
-2.96815
-2.7531
-2.54692
-2.34979
-2.16183
-1.98306
-1.81347
-1.65295
-1.50136
-1.35849
-1.2241
-1.09788
-0.979555
-0.868684
-0.765077
-0.667964
-0.577718
-0.492297
-0.414565
-0.337319
-0.273807
-0.195905
-0.158658
-0.0522751
-0.0906336
-13.3937
-13.4002
-13.4061
-13.4112
-13.4155
-13.4189
-13.4214
-13.4227
-13.4228
-13.4216
-13.4189
-13.4145
-13.4085
-13.4005
-13.3904
-13.378
-13.3632
-13.3457
-13.3253
-13.3018
-13.275
-13.2445
-13.2101
-13.1716
-13.1287
-13.0811
-13.0284
-12.9704
-12.9068
-12.8372
-12.7614
-12.6791
-12.5899
-12.4937
-12.39
-12.2786
-12.1594
-12.032
-11.8964
-11.7522
-11.5995
-11.438
-11.2678
-11.0889
-10.9012
-10.7049
-10.5001
-10.287
-10.0659
-9.83695
-9.6006
-9.35722
-9.10727
-8.85123
-8.58964
-8.32307
-8.05212
-7.77745
-7.49971
-7.21958
-6.93777
-6.65499
-6.37197
-6.08943
-5.8081
-5.52872
-5.25201
-4.97868
-4.70944
-4.44498
-4.18594
-3.93296
-3.68661
-3.44744
-3.21592
-2.99248
-2.77745
-2.57111
-2.37366
-2.18523
-2.00586
-1.83554
-1.67419
-1.52165
-1.37774
-1.24222
-1.11479
-0.995191
-0.882975
-0.777989
-0.679423
-0.587761
-0.500768
-0.421752
-0.34261
-0.278546
-0.197281
-0.162923
-0.0460383
-0.104351
-13.3824
-13.3885
-13.3939
-13.3986
-13.4023
-13.4052
-13.4069
-13.4075
-13.4069
-13.4049
-13.4013
-13.3961
-13.3891
-13.3801
-13.369
-13.3556
-13.3396
-13.321
-13.2994
-13.2748
-13.2467
-13.215
-13.1794
-13.1397
-13.0955
-13.0466
-12.9928
-12.9336
-12.8689
-12.7983
-12.7215
-12.6383
-12.5483
-12.4513
-12.347
-12.2352
-12.1156
-11.988
-11.8523
-11.7082
-11.5557
-11.3947
-11.2252
-11.0471
-10.8605
-10.6654
-10.4621
-10.2506
-10.0313
-9.80441
-9.57029
-9.32931
-9.08192
-8.82858
-8.56981
-8.30617
-8.03823
-7.76661
-7.49194
-7.21486
-6.93606
-6.65621
-6.376
-6.09613
-5.8173
-5.54023
-5.2656
-4.99414
-4.72653
-4.46345
-4.20557
-3.95352
-3.7079
-3.46926
-3.23809
-3.01482
-2.79983
-2.59339
-2.39572
-2.20695
-2.02713
-1.85625
-1.69423
-1.54093
-1.39614
-1.25964
-1.13113
-1.01036
-0.896865
-0.790539
-0.690531
-0.597448
-0.508846
-0.428535
-0.347421
-0.282875
-0.197991
-0.167061
-0.0375803
-0.12163
-13.3723
-13.3777
-13.3824
-13.3862
-13.3893
-13.3913
-13.3923
-13.3921
-13.3907
-13.3878
-13.3834
-13.3774
-13.3695
-13.3596
-13.3475
-13.3332
-13.3163
-13.2966
-13.2741
-13.2484
-13.2192
-13.1865
-13.1499
-13.1091
-13.0639
-13.014
-12.9591
-12.899
-12.8333
-12.7618
-12.6842
-12.6002
-12.5095
-12.4118
-12.307
-12.1947
-12.0748
-11.947
-11.8112
-11.6672
-11.5149
-11.3543
-11.1853
-11.0079
-10.8222
-10.6282
-10.4261
-10.2161
-9.99838
-9.7733
-9.54117
-9.30236
-9.0573
-8.80645
-8.55031
-8.28942
-8.02433
-7.75563
-7.48393
-7.20985
-6.93403
-6.65711
-6.37975
-6.10262
-5.82638
-5.55171
-5.27929
-5.0098
-4.74393
-4.48235
-4.22571
-3.97465
-3.72978
-3.49167
-3.26081
-3.03766
-2.8226
-2.61593
-2.41787
-2.22858
-2.04812
-1.87649
-1.71362
-1.55938
-1.41357
-1.27599
-1.14632
-1.02434
-0.90959
-0.801986
-0.70063
-0.606261
-0.51619
-0.434755
-0.351783
-0.286925
-0.198361
-0.171118
-0.0272484
-0.141436
-13.3638
-13.3691
-13.3736
-13.3772
-13.3798
-13.3815
-13.3821
-13.3814
-13.3794
-13.3759
-13.3709
-13.3641
-13.3555
-13.3448
-13.3319
-13.3167
-13.2989
-13.2784
-13.2549
-13.2282
-13.1981
-13.1643
-13.1267
-13.0849
-13.0387
-12.9878
-12.932
-12.8709
-12.8043
-12.732
-12.6536
-12.5688
-12.4774
-12.3792
-12.2739
-12.1612
-12.041
-11.913
-11.7772
-11.6333
-11.4813
-11.321
-11.1526
-10.9759
-10.791
-10.5981
-10.3972
-10.1885
-9.97238
-9.74901
-9.51874
-9.28194
-9.03902
-8.79045
-8.53669
-8.27826
-8.01571
-7.74959
-7.48048
-7.20898
-6.93569
-6.66123
-6.38622
-6.11131
-5.83714
-5.56436
-5.29365
-5.02567
-4.7611
-4.50062
-4.24489
-3.99457
-3.75027
-3.51258
-3.28201
-3.05902
-2.844
-2.63727
-2.43904
-2.24946
-2.0686
-1.89643
-1.7329
-1.57786
-1.43111
-1.29244
-1.16156
-1.03824
-0.922033
-0.812902
-0.709913
-0.613966
-0.522138
-0.43936
-0.354347
-0.28915
-0.19702
-0.173421
-0.0166142
-0.157499
-13.3532
-13.3578
-13.3615
-13.3645
-13.3665
-13.3676
-13.3676
-13.3663
-13.3637
-13.3597
-13.3541
-13.3467
-13.3375
-13.3262
-13.3128
-13.2969
-13.2785
-13.2573
-13.2332
-13.2059
-13.1751
-13.1407
-13.1024
-13.0599
-13.013
-12.9615
-12.905
-12.8432
-12.776
-12.7031
-12.624
-12.5387
-12.4468
-12.3481
-12.2424
-12.1293
-12.0088
-11.8807
-11.7447
-11.6008
-11.4488
-11.2888
-11.1206
-10.9444
-10.7601
-10.5679
-10.368
-10.1604
-9.94559
-9.72371
-9.49514
-9.26025
-9.01945
-8.7732
-8.52196
-8.26623
-8.00655
-7.74343
-7.47743
-7.20911
-6.93902
-6.66772
-6.3958
-6.12382
-5.85238
-5.58208
-5.31354
-5.0474
-4.78429
-4.52489
-4.26985
-4.01985
-3.77551
-3.53744
-3.30622
-3.08234
-2.86623
-2.65826
-2.4587
-2.26772
-2.08544
-1.91187
-1.74697
-1.59061
-1.44261
-1.30277
-1.17079
-1.04646
-0.929307
-0.819335
-0.715532
-0.618944
-0.526349
-0.44327
-0.357231
-0.292617
-0.198131
-0.177782
-0.0141401
-0.165553
-13.3509
-13.3557
-13.3595
-13.3624
-13.3643
-13.3652
-13.3649
-13.3633
-13.3603
-13.3558
-13.3497
-13.3419
-13.3321
-13.3202
-13.3061
-13.2896
-13.2705
-13.2487
-13.2238
-13.1957
-13.1642
-13.129
-13.0899
-13.0467
-12.9991
-12.9468
-12.8896
-12.8272
-12.7594
-12.6858
-12.6063
-12.5205
-12.4282
-12.3292
-12.2232
-12.11
-11.9894
-11.8612
-11.7254
-11.5817
-11.4302
-11.2706
-11.1031
-10.9276
-10.7441
-10.5529
-10.3541
-10.1477
-9.93419
-9.71371
-9.48661
-9.25325
-9.01404
-8.7694
-8.51978
-8.26566
-8.00755
-7.74594
-7.48137
-7.21437
-6.94548
-6.67525
-6.40423
-6.133
-5.86214
-5.59226
-5.32399
-5.05798
-4.7949
-4.53545
-4.28031
-4.03018
-3.78573
-3.5476
-3.31637
-3.09256
-2.87659
-2.66882
-2.4695
-2.27878
-2.09674
-1.92337
-1.75859
-1.60224
-1.45414
-1.31406
-1.18169
-1.05685
-0.939047
-0.828348
-0.72369
-0.626308
-0.532697
-0.44904
-0.361664
-0.297339
-0.200501
-0.182401
-0.0166348
-0.163039
-13.3362
-13.3406
-13.3441
-13.3468
-13.3486
-13.3493
-13.3489
-13.3472
-13.3442
-13.3396
-13.3335
-13.3255
-13.3156
-13.3037
-13.2895
-13.2729
-13.2536
-13.2316
-13.2065
-13.1782
-13.1464
-13.111
-13.0716
-13.0281
-12.9801
-12.9274
-12.8698
-12.807
-12.7386
-12.6646
-12.5845
-12.4981
-12.4052
-12.3056
-12.199
-12.0852
-11.964
-11.8352
-11.6988
-11.5545
-11.4024
-11.2424
-11.0744
-10.8986
-10.7149
-10.5236
-10.3248
-10.1187
-9.90557
-9.68572
-9.4595
-9.22728
-8.98948
-8.74653
-8.49889
-8.24704
-7.99145
-7.73261
-7.47101
-7.20711
-6.9414
-6.67436
-6.40646
-6.13821
-5.87011
-5.60271
-5.33659
-5.07236
-4.81069
-4.55225
-4.29777
-4.04797
-3.80355
-3.56519
-3.33352
-3.10909
-2.89237
-2.68375
-2.4835
-2.29182
-2.1088
-1.93445
-1.76871
-1.61147
-1.46252
-1.32168
-1.18863
-1.06319
-0.944862
-0.833745
-0.728694
-0.631084
-0.537109
-0.453521
-0.365564
-0.301938
-0.203974
-0.187102
-0.0234583
-0.158711
-13.3447
-13.3487
-13.3518
-13.354
-13.3553
-13.3554
-13.3544
-13.3521
-13.3484
-13.3432
-13.3363
-13.3276
-13.3169
-13.3042
-13.2892
-13.2718
-13.2517
-13.2289
-13.203
-13.1739
-13.1413
-13.1051
-13.065
-13.0207
-12.972
-12.9186
-12.8604
-12.7969
-12.7281
-12.6535
-12.573
-12.4863
-12.3932
-12.2934
-12.1867
-12.073
-11.9519
-11.8234
-11.6874
-11.5437
-11.3923
-11.2331
-11.0661
-10.8913
-10.709
-10.5191
-10.3218
-10.1174
-9.90613
-9.68825
-9.46409
-9.23404
-8.99848
-8.75782
-8.51249
-8.26294
-8.00962
-7.75296
-7.49342
-7.23143
-6.96743
-6.70186
-6.43516
-6.16781
-5.90028
-5.63311
-5.36687
-5.10216
-4.83967
-4.58011
-4.32423
-4.07282
-3.82663
-3.58641
-3.35285
-3.12657
-2.9081
-2.69785
-2.49615
-2.30318
-2.11905
-1.94376
-1.77722
-1.61928
-1.46973
-1.32834
-1.19479
-1.06888
-0.950094
-0.838557
-0.733095
-0.635184
-0.540868
-0.457259
-0.368907
-0.305962
-0.206815
-0.192508
-0.0265049
-0.153946
-14.3428
-14.3455
-14.3577
-14.3633
-14.365
-14.365
-14.3643
-14.3662
-14.3727
-14.3854
-14.4051
-14.4333
-14.4704
-14.516
-14.569
-14.6279
-14.6908
-14.7558
-14.8214
-14.886
-14.9485
-15.0079
-15.0634
-15.1143
-15.1598
-15.1992
-15.2318
-15.2567
-15.273
-15.2796
-15.2755
-15.2594
-15.2301
-15.1863
-15.1268
-15.0504
-14.9559
-14.8423
-14.7087
-14.5544
-14.3799
-14.1844
-13.9648
-13.7195
-13.4501
-13.1565
-12.8391
-12.4985
-12.1351
-11.75
-11.3441
-10.919
-10.4763
-10.0179
-9.54589
-9.06273
-8.57099
-8.07339
-7.57279
-7.07212
-6.57436
-6.08243
-5.5992
-5.12741
-4.66962
-4.22815
-3.80508
-3.4022
-3.02102
-2.66272
-2.3282
-2.01794
-1.73204
-1.47032
-1.23237
-1.01751
-0.824909
-0.653553
-0.502308
-0.369947
-0.25519
-0.156722
-0.0732395
-0.00343729
0.053903
0.100034
0.135974
0.162993
0.18167
0.193689
0.198402
0.199423
0.191954
0.187173
0.16524
0.165703
0.113233
0.152344
0.00287351
0.193727
-14.3606
-14.3708
-14.3752
-14.3806
-14.3752
-14.3649
-14.3546
-14.3512
-14.3537
-14.363
-14.3812
-14.41
-14.4497
-14.4993
-14.5569
-14.62
-14.6863
-14.7535
-14.82
-14.8845
-14.9461
-15.0043
-15.0584
-15.1081
-15.1529
-15.1922
-15.2253
-15.2514
-15.2696
-15.2788
-15.2779
-15.2657
-15.2409
-15.2024
-15.1488
-15.0788
-14.9911
-14.8845
-14.7577
-14.6093
-14.4375
-14.2407
-14.0216
-13.7818
-13.5195
-13.2342
-12.9259
-12.5947
-12.241
-11.8657
-11.4697
-11.0544
-10.6212
-10.1721
-9.70911
-9.23448
-8.75071
-8.26046
-7.7665
-7.2717
-6.77894
-6.29112
-5.81105
-5.34145
-4.88486
-4.44361
-4.01975
-3.61504
-3.23093
-2.86873
-2.52945
-2.21365
-1.92155
-1.65308
-1.40791
-1.18548
-0.98502
-0.805608
-0.646188
-0.505606
-0.382649
-0.276062
-0.184598
-0.107
-0.0420897
0.0113394
0.0542887
0.0879697
0.112987
0.130905
0.141227
0.147226
0.144682
0.143648
0.12635
0.128547
0.0821325
0.119039
-0.0153851
0.168717
-14.3329
-14.3522
-14.3542
-14.3568
-14.3526
-14.351
-14.352
-14.3592
-14.3733
-14.3959
-14.4273
-14.4669
-14.5135
-14.5655
-14.6211
-14.6789
-14.7376
-14.7962
-14.8539
-14.9101
-14.9644
-15.0162
-15.0652
-15.1107
-15.1521
-15.1887
-15.2197
-15.2442
-15.2611
-15.2693
-15.2678
-15.2552
-15.2304
-15.192
-15.1388
-15.0695
-14.983
-14.8781
-14.7539
-14.6093
-14.444
-14.2568
-14.0466
-13.8135
-13.5571
-13.2774
-12.9745
-12.6487
-12.3004
-11.9303
-11.5396
-11.1295
-10.7014
-10.2572
-9.79885
-9.32865
-8.84902
-8.36256
-7.87203
-7.38026
-6.8901
-6.40443
-5.92604
-5.45762
-5.00173
-4.5607
-4.13665
-3.73144
-3.34662
-2.98329
-2.64226
-2.32417
-2.02932
-1.75774
-1.50914
-1.28301
-1.07863
-0.895129
-0.731484
-0.586583
-0.459253
-0.348278
-0.252443
-0.170529
-0.101382
-0.0438303
0.00311724
0.0406228
0.0693257
0.0906779
0.104352
0.113276
0.113857
0.114997
0.101104
0.104063
0.0631602
0.0977765
-0.0231061
0.154597
-14.2899
-14.3164
-14.3252
-14.332
-14.3331
-14.3368
-14.344
-14.3579
-14.3786
-14.4069
-14.4424
-14.4845
-14.5321
-14.584
-14.6389
-14.6956
-14.753
-14.8105
-14.8672
-14.9227
-14.9766
-15.0282
-15.0773
-15.1231
-15.1652
-15.2027
-15.2349
-15.2608
-15.2793
-15.2894
-15.2899
-15.2794
-15.2567
-15.2206
-15.1696
-15.1026
-15.0182
-14.9152
-14.7927
-14.6495
-14.4844
-14.2974
-14.0882
-13.8566
-13.6021
-13.3245
-13.0237
-12.7001
-12.354
-11.9861
-11.5976
-11.1895
-10.7634
-10.3211
-9.86457
-9.39608
-8.91805
-8.43307
-7.94388
-7.45329
-6.96416
-6.47936
-6.00166
-5.53377
-5.07822
-4.63735
-4.21326
-3.8078
-3.42251
-3.05855
-2.71678
-2.39775
-2.10176
-1.82879
-1.57858
-1.35063
-1.14423
-0.958521
-0.792513
-0.645116
-0.515179
-0.401514
-0.302934
-0.218249
-0.146325
-0.0860254
-0.0363681
0.00376087
0.0350333
0.0587901
0.0748729
0.0858653
0.0888154
0.0914494
0.0804519
0.0836504
0.0481746
0.0799019
-0.0268853
0.142232
-14.2636
-14.2942
-14.3069
-14.3159
-14.3213
-14.3303
-14.344
-14.3643
-14.3912
-14.4249
-14.4647
-14.5097
-14.5588
-14.6109
-14.6651
-14.7204
-14.7762
-14.8318
-14.8868
-14.9408
-14.9935
-15.0443
-15.0927
-15.1382
-15.1801
-15.2177
-15.25
-15.276
-15.2948
-15.3051
-15.3058
-15.2956
-15.2732
-15.2374
-15.1867
-15.1199
-15.0359
-14.933
-14.8113
-14.6692
-14.5057
-14.3205
-14.1129
-13.8826
-13.6293
-13.3528
-13.0531
-12.7305
-12.3855
-12.0188
-11.6313
-11.2244
-10.7995
-10.3583
-9.90303
-9.43576
-8.95895
-8.47521
-7.98726
-7.4979
-7.01
-6.52638
-6.04983
-5.58303
-5.12849
-4.68854
-4.26526
-3.86046
-3.47566
-3.11201
-2.77034
-2.45121
-2.15488
-1.88133
-1.63031
-1.40132
-1.19367
-1.0065
-0.838858
-0.689665
-0.5578
-0.442102
-0.341412
-0.254569
-0.180465
-0.117995
-0.0661896
-0.0239766
0.00933748
0.0350061
0.0530054
0.0656495
0.0705054
0.074359
0.0657687
0.0692055
0.0383848
0.0674938
-0.0271634
0.130762
-14.241
-14.2723
-14.2893
-14.302
-14.3117
-14.3245
-14.3415
-14.3648
-14.3942
-14.4298
-14.4708
-14.5166
-14.5661
-14.6184
-14.6726
-14.728
-14.784
-14.8399
-14.8954
-14.9501
-15.0034
-15.0549
-15.1041
-15.1503
-15.1929
-15.2311
-15.264
-15.2905
-15.3097
-15.3203
-15.3213
-15.3113
-15.289
-15.2532
-15.2026
-15.1358
-15.0517
-14.9496
-14.8271
-14.6846
-14.521
-14.3356
-14.128
-13.8978
-13.6447
-13.3684
-13.0691
-12.7469
-12.4024
-12.0362
-11.6495
-11.2433
-10.8193
-10.3793
-9.92508
-9.45907
-8.98363
-8.50135
-8.01495
-7.52722
-7.04101
-6.55913
-6.08433
-5.61926
-5.16642
-4.72809
-4.30632
-3.9029
-3.51928
-3.15661
-2.81572
-2.49712
-2.20107
-1.92754
-1.67626
-1.44674
-1.23829
-1.05009
-0.881185
-0.730531
-0.597035
-0.479567
-0.376995
-0.288195
-0.212086
-0.147598
-0.0937762
-0.0495898
-0.0143335
0.0131725
0.0330091
0.0472728
0.0539551
0.0590651
0.0527377
0.056576
0.0300177
0.056725
-0.0267018
0.118301
-14.2514
-14.2788
-14.2929
-14.3035
-14.3125
-14.3251
-14.3422
-14.3655
-14.3949
-14.4305
-14.4715
-14.5172
-14.5668
-14.6193
-14.6738
-14.7297
-14.7863
-14.8429
-14.8992
-14.9546
-15.0087
-15.0609
-15.1106
-15.1572
-15.2001
-15.2383
-15.2711
-15.2974
-15.3162
-15.3265
-15.3269
-15.3163
-15.2934
-15.2569
-15.2055
-15.1379
-15.0531
-14.9499
-14.8272
-14.6842
-14.5201
-14.3344
-14.1266
-13.8962
-13.643
-13.3668
-13.0676
-12.7457
-12.4017
-12.0362
-11.6502
-11.2451
-10.8223
-10.3835
-9.93092
-9.46664
-8.99311
-8.51292
-8.02875
-7.54338
-7.05963
-6.58028
-6.10805
-5.64556
-5.19524
-4.75936
-4.33991
-3.93861
-3.55691
-3.19591
-2.85641
-2.5389
-2.24363
-1.97055
-1.71939
-1.48966
-1.2807
-1.0917
-0.92172
-0.76976
-0.634753
-0.515607
-0.411225
-0.320516
-0.242435
-0.175944
-0.120113
-0.0739461
-0.0367363
-0.00736565
0.014327
0.0302636
0.0387802
0.045248
0.0411177
0.0455504
0.0229401
0.0474716
-0.0254926
0.105283
-14.2359
-14.2622
-14.2796
-14.2935
-14.305
-14.3191
-14.3367
-14.3599
-14.3888
-14.4237
-14.4641
-14.5095
-14.559
-14.6117
-14.6668
-14.7234
-14.7809
-14.8385
-14.8957
-14.9519
-15.0066
-15.0592
-15.1091
-15.1556
-15.1981
-15.2359
-15.2679
-15.2934
-15.3113
-15.3205
-15.3199
-15.3081
-15.2841
-15.2464
-15.1939
-15.1253
-15.0395
-14.9352
-14.8116
-14.6678
-14.5031
-14.3168
-14.1085
-13.8779
-13.6245
-13.3483
-13.0494
-12.728
-12.3847
-12.0201
-11.6353
-11.2316
-10.8104
-10.3736
-9.92315
-9.46128
-8.99038
-8.51302
-8.03187
-7.54969
-7.06924
-6.59327
-6.12446
-5.66537
-5.2184
-4.78573
-4.36932
-3.97084
-3.59168
-3.2329
-2.89529
-2.57932
-2.28519
-2.01288
-1.7621
-1.53238
-1.32307
-1.13338
-0.962424
-0.809212
-0.672724
-0.551906
-0.4457
-0.353055
-0.272959
-0.204412
-0.146509
-0.0982906
-0.0590515
-0.0277276
-0.00409635
0.0136197
0.0240401
0.0320032
0.0300733
0.0352957
0.0164248
0.0390187
-0.0240246
0.0919538
-14.2792
-14.2939
-14.2993
-14.3037
-14.3091
-14.3188
-14.3331
-14.3532
-14.3794
-14.412
-14.4507
-14.495
-14.5439
-14.5965
-14.652
-14.7092
-14.7673
-14.8256
-14.8833
-14.9398
-14.9944
-15.0467
-15.096
-15.1418
-15.1833
-15.2199
-15.2507
-15.2748
-15.2913
-15.2991
-15.297
-15.2839
-15.2584
-15.2195
-15.1658
-15.096
-15.009
-14.9037
-14.7791
-14.6346
-14.4692
-14.2825
-14.0739
-13.8431
-13.5899
-13.314
-13.0157
-12.6951
-12.3529
-11.9897
-11.6066
-11.2048
-10.7859
-10.3517
-9.9041
-9.44537
-8.97788
-8.50416
-8.02686
-7.54869
-7.07237
-6.6006
-6.136
-5.68108
-5.23816
-4.80938
-4.39662
-4.00152
-3.62539
-3.26928
-2.93393
-2.61979
-2.32706
-2.0557
-1.80545
-1.57583
-1.36623
-1.17589
-1.00395
-0.849465
-0.711461
-0.588921
-0.480832
-0.386182
-0.303997
-0.233313
-0.173252
-0.12289
-0.0815296
-0.0481523
-0.0224879
-0.0028804
0.00952575
0.019116
0.0194091
0.0255977
0.0103013
0.0312138
-0.022416
0.0787897
-14.233
-14.2587
-14.2744
-14.2867
-14.2951
-14.3054
-14.3184
-14.3364
-14.3602
-14.3906
-14.4275
-14.4705
-14.5187
-14.5712
-14.6267
-14.6842
-14.7426
-14.801
-14.8587
-14.9148
-14.9689
-15.0204
-15.0686
-15.1132
-15.1534
-15.1885
-15.2178
-15.2404
-15.2553
-15.2616
-15.2581
-15.2437
-15.217
-15.1767
-15.1218
-15.0509
-14.9628
-14.8566
-14.7313
-14.5861
-14.4203
-14.2334
-14.0248
-13.7942
-13.5414
-13.2662
-12.9689
-12.6496
-12.3089
-11.9476
-11.5667
-11.1675
-10.7516
-10.3206
-9.87654
-9.42168
-8.95834
-8.48902
-8.01632
-7.54291
-7.07146
-6.60459
-6.14488
-5.69475
-5.25647
-4.8321
-4.42346
-4.03213
-3.65938
-3.30621
-2.97334
-2.6612
-2.36998
-2.09965
-1.84995
-1.62045
-1.41054
-1.2195
-1.04652
-0.890709
-0.751117
-0.62678
-0.516727
-0.419991
-0.335633
-0.262728
-0.200425
-0.147833
-0.104263
-0.0687406
-0.0409561
-0.0193576
-0.00488984
0.00644135
0.00898008
0.0162867
0.0044188
0.0239253
-0.0208222
0.0661746
-14.3422
-14.3302
-14.3174
-14.3074
-14.3026
-14.3029
-14.3073
-14.3176
-14.3348
-14.3601
-14.3934
-14.4344
-14.4817
-14.534
-14.5898
-14.6475
-14.7061
-14.7643
-14.8215
-14.8769
-14.93
-14.9803
-15.0272
-15.0704
-15.1091
-15.1427
-15.1706
-15.1918
-15.2054
-15.2104
-15.2056
-15.1899
-15.162
-15.1206
-15.0646
-14.9927
-14.9038
-14.7969
-14.6711
-14.5255
-14.3595
-14.1725
-13.9642
-13.7341
-13.482
-13.208
-12.912
-12.5944
-12.2557
-11.8968
-11.5187
-11.1227
-10.7102
-10.2831
-9.84323
-9.39289
-8.93435
-8.47008
-8.00263
-7.5346
-7.0686
-6.6072
-6.15288
-5.708
-5.27476
-4.85515
-4.45093
-4.0636
-3.69441
-3.34431
-3.01399
-2.70389
-2.41419
-2.14486
-1.89567
-1.6662
-1.4559
-1.26409
-1.08999
-0.932755
-0.79149
-0.665274
-0.553182
-0.454286
-0.367686
-0.292491
-0.22788
-0.172992
-0.127148
-0.089411
-0.0594414
-0.0357777
-0.0191936
-0.00603544
-0.00124138
0.00730549
-0.00128087
0.0171056
-0.0193494
0.0544183
-14.1991
-14.2421
-14.2584
-14.2688
-14.267
-14.2653
-14.2663
-14.2743
-14.2908
-14.3165
-14.3507
-14.3924
-14.4402
-14.4926
-14.5479
-14.6049
-14.6623
-14.7193
-14.7751
-14.8291
-14.8808
-14.9297
-14.9753
-15.0171
-15.0546
-15.0869
-15.1135
-15.1334
-15.1458
-15.1495
-15.1435
-15.1266
-15.0976
-15.0552
-14.9982
-14.9254
-14.8358
-14.7283
-14.602
-14.4561
-14.2901
-14.1034
-13.8955
-13.6662
-13.4152
-13.1424
-12.8482
-12.5326
-12.1965
-11.8404
-11.4655
-11.0731
-10.6646
-10.2418
-9.80675
-9.36145
-8.90823
-8.44952
-7.98779
-7.52559
-7.06547
-6.6099
-6.1613
-5.72196
-5.29398
-4.8793
-4.47961
-4.09636
-3.73075
-3.3837
-3.05589
-2.74775
-2.45947
-2.19104
-1.94225
-1.71271
-1.50192
-1.30923
-1.13391
-0.975173
-0.832164
-0.704008
-0.589822
-0.48872
-0.399838
-0.322317
-0.255364
-0.198145
-0.149995
-0.110007
-0.0778189
-0.0520476
-0.0333202
-0.0182816
-0.0112427
-0.00136442
-0.00682497
0.0107252
-0.0180873
0.0437253
-14.4926
-14.3963
-14.3424
-14.3038
-14.2798
-14.2652
-14.257
-14.2568
-14.2656
-14.2847
-14.3137
-14.3515
-14.3966
-14.4469
-14.5008
-14.5565
-14.6128
-14.6686
-14.7233
-14.7762
-14.8267
-14.8744
-14.9188
-14.9593
-14.9955
-15.0266
-15.0518
-15.0704
-15.0814
-15.0838
-15.0765
-15.0583
-15.0281
-14.9846
-14.9266
-14.8529
-14.7625
-14.6544
-14.5277
-14.3817
-14.2157
-14.0293
-13.822
-13.5936
-13.3439
-13.0727
-12.7804
-12.4673
-12.1339
-11.781
-11.4097
-11.0213
-10.6172
-10.1993
-9.76928
-9.3294
-8.88188
-8.42906
-7.97337
-7.51728
-7.06326
-6.61371
-6.17097
-5.73725
-5.31458
-4.90482
-4.5096
-4.13035
-3.7682
-3.42407
-3.09862
-2.79229
-2.50527
-2.23758
-1.98904
-1.75931
-1.54791
-1.35425
-1.17765
-1.01736
-0.872567
-0.742447
-0.626156
-0.522845
-0.431684
-0.351844
-0.282558
-0.223017
-0.172567
-0.130331
-0.0959266
-0.0680411
-0.047175
-0.0302363
-0.0209864
-0.00971665
-0.0122181
0.00476418
-0.0170996
0.0342056
-14.0528
-14.1736
-14.1957
-14.2223
-14.2152
-14.2034
-14.1945
-14.1954
-14.2075
-14.2308
-14.263
-14.3031
-14.3491
-14.3995
-14.4527
-14.5074
-14.5626
-14.6173
-14.6709
-14.7226
-14.7721
-14.8187
-14.862
-14.9013
-14.9361
-14.9658
-14.9895
-15.0066
-15.016
-15.0169
-15.0081
-14.9885
-14.9569
-14.9122
-14.853
-14.7783
-14.6871
-14.5783
-14.4512
-14.305
-14.1391
-13.9531
-13.7465
-13.5192
-13.2708
-13.0015
-12.7114
-12.4009
-12.0705
-11.7211
-11.3537
-10.9695
-10.5701
-10.1572
-9.73256
-9.29835
-8.85672
-8.40996
-7.96044
-7.51055
-7.06267
-6.61914
-6.1822
-5.754
-5.33649
-4.93148
-4.54054
-4.16505
-3.80614
-3.46469
-3.14137
-2.83663
-2.55068
-2.28357
-2.03515
-1.80511
-1.59303
-1.39835
-1.22045
-1.05859
-0.912039
-0.77999
-0.661639
-0.556172
-0.462789
-0.38069
-0.309127
-0.247318
-0.194618
-0.150178
-0.113597
-0.0836266
-0.060658
-0.0418323
-0.0304285
-0.0177374
-0.0174547
-0.000798011
-0.0164251
0.0258882
-14.8519
-14.4516
-14.3753
-14.2858
-14.2178
-14.1778
-14.1545
-14.147
-14.1536
-14.1728
-14.2045
-14.2452
-14.2929
-14.3454
-14.4005
-14.4567
-14.5126
-14.5675
-14.6207
-14.6717
-14.7201
-14.7655
-14.8073
-14.8452
-14.8784
-14.9064
-14.9285
-14.9438
-14.9515
-14.9507
-14.9402
-14.919
-14.8859
-14.8398
-14.7793
-14.7035
-14.6114
-14.5019
-14.3743
-14.228
-14.0622
-13.8767
-13.6709
-13.4447
-13.1979
-12.9305
-12.6428
-12.335
-12.0078
-11.662
-11.2986
-10.9189
-10.5243
-10.1165
-9.69741
-9.26892
-8.83321
-8.3925
-7.94909
-7.50529
-7.0634
-6.62569
-6.19433
-5.77138
-5.35875
-4.95818
-4.57121
-4.19918
-3.8432
-3.50417
-3.18275
-2.87941
-2.59438
-2.32773
-2.07935
-1.84899
-1.63623
-1.44057
-1.26142
-1.09809
-0.949876
-0.816006
-0.695711
-0.588206
-0.492717
-0.408471
-0.334741
-0.270763
-0.215905
-0.169344
-0.130662
-0.0986708
-0.073665
-0.0529945
-0.0395169
-0.0254006
-0.0225177
-0.00597065
-0.0160778
0.0187475
)
;

boundaryField
{
    outlet
    {
        type            fixedValue;
        value           uniform 0;
    }
    inlet
    {
        type            zeroGradient;
    }
    lowerWall
    {
        type            zeroGradient;
    }
    upperWall
    {
        type            zeroGradient;
    }
    frontAndBack
    {
        type            empty;
    }
}


// ************************************************************************* //
