/*--------------------------------*- C++ -*----------------------------------*\
| =========                 |                                                 |
| \\      /  F ield         | OpenFOAM: The Open Source CFD Toolbox           |
|  \\    /   O peration     | Version:  2.1.1                                 |
|   \\  /    A nd           | Web:      www.OpenFOAM.org                      |
|    \\/     M anipulation  |                                                 |
\*---------------------------------------------------------------------------*/
FoamFile
{
    version     2.0;
    format      ascii;
    class       volScalarField;
    location    "0.17";
    object      epsilon;
}
// * * * * * * * * * * * * * * * * * * * * * * * * * * * * * * * * * * * * * //

dimensions      [0 2 -3 0 0 0 0];

internalField   nonuniform List<scalar> 
6820
(
151.448
203.151
260.735
321.761
383.628
443.724
499.764
550.037
593.488
629.675
658.665
680.9
697.053
707.922
714.333
717.083
716.901
714.428
710.215
704.72
698.321
691.319
683.956
676.42
668.852
661.363
654.027
646.914
639.978
633.627
625.978
626.049
590.588
11.7448
21.4175
29.9441
38.6251
47.5814
56.5591
65.3215
73.6671
81.4339
88.5133
94.8506
100.439
105.308
109.514
113.129
116.231
118.896
121.199
123.203
124.967
126.54
127.963
129.27
130.49
131.647
132.762
133.854
134.948
136.067
137.283
138.612
140.534
142.691
5.83781
7.51677
9.20655
10.8092
12.3196
13.7472
15.0881
16.3389
17.4978
18.5647
19.5413
20.4314
21.2401
21.9739
22.64
23.2462
23.8001
24.309
24.7798
25.2189
25.632
26.0241
26.3997
26.7626
27.1159
27.4626
27.8048
28.1449
28.4845
28.8265
29.1732
29.5211
29.921
5.2423
5.56004
6.00442
6.49344
6.98565
7.46183
7.91288
8.33451
8.72505
9.08432
9.4131
9.71272
9.98489
10.2315
10.4546
10.6562
10.8382
11.0027
11.1516
11.2864
11.4089
11.5206
11.6229
11.717
11.804
11.885
11.9607
12.0318
12.0988
12.162
12.2211
12.2764
12.3255
5.17349
5.18677
5.26821
5.39775
5.55637
5.72967
5.90777
6.08426
6.25509
6.41783
6.57111
6.71421
6.8469
6.96925
7.08152
7.18413
7.27757
7.3624
7.4392
7.50856
7.57106
7.62727
7.67775
7.72303
7.7636
7.79993
7.83245
7.86155
7.88757
7.91085
7.93161
7.95009
7.96637
5.16878
5.12131
5.09603
5.09482
5.11536
5.15307
5.20299
5.26075
5.32293
5.38693
5.4509
5.5135
5.57382
5.63125
5.68539
5.73603
5.78306
5.82647
5.86633
5.90273
5.93582
5.96576
5.99273
6.01691
6.03848
6.05765
6.0746
6.0895
6.10255
6.1139
6.12374
6.13216
6.13937
5.16887
5.11169
5.06115
5.01963
4.9884
4.96754
4.95615
4.95279
4.95587
4.96386
4.97543
4.98946
5.00503
5.02144
5.03811
5.05462
5.07064
5.08593
5.10033
5.11373
5.12605
5.13725
5.14732
5.15629
5.16416
5.17098
5.1768
5.18167
5.18565
5.18881
5.19121
5.1929
5.19396
5.16902
5.11063
5.05514
5.00339
4.95619
4.91413
4.87746
4.8461
4.81971
4.7978
4.77978
4.76509
4.75315
4.74347
4.73559
4.72914
4.72378
4.71924
4.7153
4.71178
4.70851
4.7054
4.70233
4.69924
4.69608
4.6928
4.68938
4.6858
4.68205
4.67814
4.67406
4.66981
4.66542
5.16904
5.11054
5.05431
5.00049
4.94927
4.9009
4.85558
4.81345
4.77454
4.7388
4.70609
4.67621
4.64893
4.62402
4.60122
4.5803
4.56103
4.54321
4.52665
4.51119
4.49669
4.48301
4.47004
4.4577
4.44589
4.43456
4.42364
4.41308
4.40284
4.39289
4.3832
4.37374
4.36449
5.16904
5.11054
5.0542
5.00002
4.94795
4.89803
4.85027
4.8047
4.76137
4.72026
4.68137
4.64463
4.60998
4.57732
4.54655
4.51755
4.49019
4.46437
4.43996
4.41685
4.39493
4.3741
4.35428
4.33538
4.31733
4.30005
4.28348
4.26757
4.25228
4.23755
4.22334
4.20962
4.19636
5.16904
5.11053
5.05418
4.99994
4.94772
4.89747
4.84912
4.80264
4.75798
4.71512
4.67403
4.63467
4.59701
4.56099
4.52656
4.49366
4.46223
4.43219
4.40349
4.37606
4.34981
4.3247
4.30064
4.27759
4.25548
4.23426
4.21387
4.19427
4.17541
4.15725
4.13975
4.12288
4.10659
5.16904
5.11053
5.05417
4.99991
4.94767
4.89735
4.84888
4.80217
4.75718
4.71383
4.67207
4.63186
4.59314
4.55587
4.52
4.48549
4.45229
4.42035
4.38962
4.36006
4.33162
4.30425
4.2779
4.25254
4.22811
4.20458
4.18189
4.16003
4.13894
4.11859
4.09896
4.07999
4.06167
5.16904
5.11052
5.05416
4.99989
4.94764
4.8973
4.8488
4.80205
4.75697
4.7135
4.67157
4.63111
4.59207
4.55439
4.51804
4.48295
4.44908
4.41639
4.38483
4.35436
4.32495
4.29655
4.26912
4.24263
4.21704
4.19232
4.16843
4.14535
4.12303
4.10145
4.08058
4.06039
4.04086
5.16904
5.11052
5.05415
4.99988
4.94762
4.89727
4.84876
4.80199
4.75689
4.71339
4.6714
4.63088
4.59175
4.55396
4.51745
4.48218
4.44809
4.41514
4.38328
4.35248
4.32268
4.29387
4.266
4.23903
4.21293
4.18767
4.16322
4.13955
4.11663
4.09444
4.07295
4.05213
4.03195
5.16903
5.11051
5.05414
4.99987
4.9476
4.89725
4.84873
4.80195
4.75684
4.71332
4.67132
4.63077
4.59162
4.55379
4.51724
4.48191
4.44775
4.41471
4.38276
4.35184
4.32192
4.29295
4.26491
4.23776
4.21146
4.18599
4.16131
4.13739
4.11422
4.09175
4.06997
4.04886
4.02838
5.16903
5.11051
5.05414
4.99986
4.94758
4.89723
4.8487
4.80191
4.75679
4.71326
4.67125
4.6307
4.59153
4.55368
4.51712
4.48176
4.44758
4.41452
4.38253
4.35157
4.3216
4.29259
4.26449
4.23727
4.2109
4.18534
4.16058
4.13657
4.11329
4.09071
4.06881
4.04757
4.02696
5.16903
5.1105
5.05413
4.99985
4.94757
4.89721
4.84867
4.80188
4.75675
4.71322
4.6712
4.63063
4.59145
4.5536
4.51702
4.48166
4.44746
4.41438
4.38238
4.3514
4.32142
4.29238
4.26426
4.23702
4.21062
4.18503
4.16023
4.13618
4.11286
4.09024
4.06829
4.047
4.02633
5.16903
5.1105
5.05412
4.99984
4.94756
4.89719
4.84865
4.80185
4.75672
4.71317
4.67115
4.63057
4.59138
4.55352
4.51693
4.48156
4.44736
4.41427
4.38225
4.35127
4.32127
4.29223
4.26409
4.23683
4.21042
4.18482
4.16
4.13593
4.11259
4.08995
4.06798
4.04666
4.02597
5.16903
5.1105
5.05412
4.99983
4.94755
4.89718
4.84863
4.80183
4.75669
4.71313
4.6711
4.63052
4.59132
4.55345
4.51686
4.48147
4.44726
4.41417
4.38214
4.35115
4.32114
4.29209
4.26394
4.23667
4.21025
4.18464
4.15981
4.13573
4.11237
4.08972
4.06774
4.0464
4.02569
5.16903
5.1105
5.05412
4.99982
4.94754
4.89716
4.84861
4.8018
4.75666
4.7131
4.67106
4.63047
4.59126
4.55339
4.51678
4.4814
4.44717
4.41407
4.38204
4.35104
4.32102
4.29196
4.2638
4.23653
4.21009
4.18447
4.15963
4.13554
4.11218
4.08951
4.06751
4.04617
4.02545
5.16903
5.1105
5.05411
4.99982
4.94753
4.89715
4.8486
4.80178
4.75663
4.71307
4.67102
4.63042
4.59121
4.55333
4.51672
4.48132
4.44709
4.41398
4.38194
4.35093
4.32091
4.29184
4.26367
4.23639
4.20995
4.18432
4.15946
4.13537
4.11199
4.08931
4.06731
4.04595
4.02522
5.16903
5.11049
5.05411
4.99981
4.94752
4.89714
4.84858
4.80176
4.75661
4.71304
4.67099
4.63038
4.59117
4.55328
4.51666
4.48126
4.44702
4.4139
4.38186
4.35084
4.32081
4.29172
4.26355
4.23626
4.20981
4.18417
4.15931
4.1352
4.11182
4.08913
4.06711
4.04575
4.025
5.16903
5.11049
5.05411
4.99981
4.94752
4.89713
4.84857
4.80175
4.75659
4.71302
4.67096
4.63035
4.59113
4.55323
4.51661
4.4812
4.44695
4.41383
4.38177
4.35075
4.32071
4.29162
4.26344
4.23614
4.20968
4.18403
4.15916
4.13505
4.11165
4.08895
4.06693
4.04555
4.02479
5.16903
5.11049
5.05411
4.99981
4.94751
4.89712
4.84856
4.80174
4.75657
4.71299
4.67093
4.63032
4.59109
4.55319
4.51656
4.48115
4.4469
4.41376
4.3817
4.35067
4.32062
4.29153
4.26334
4.23603
4.20956
4.18391
4.15903
4.1349
4.1115
4.08879
4.06676
4.04537
4.0246
5.16903
5.11049
5.0541
4.9998
4.94751
4.89712
4.84855
4.80172
4.75656
4.71297
4.67091
4.63029
4.59106
4.55315
4.51652
4.4811
4.44684
4.4137
4.38164
4.3506
4.32054
4.29144
4.26325
4.23593
4.20945
4.18379
4.1589
4.13477
4.11136
4.08864
4.0666
4.0452
4.02442
5.16903
5.11049
5.0541
4.9998
4.9475
4.89711
4.84854
4.80171
4.75654
4.71296
4.67089
4.63027
4.59103
4.55312
4.51648
4.48106
4.4468
4.41365
4.38158
4.35053
4.32047
4.29136
4.26316
4.23584
4.20936
4.18368
4.15879
4.13465
4.11123
4.0885
4.06645
4.04504
4.02426
5.16903
5.11049
5.0541
4.9998
4.9475
4.89711
4.84854
4.8017
4.75653
4.71294
4.67087
4.63025
4.59101
4.55309
4.51645
4.48102
4.44675
4.4136
4.38152
4.35047
4.32041
4.29129
4.26309
4.23575
4.20927
4.18359
4.15869
4.13453
4.11111
4.08837
4.06631
4.0449
4.02411
5.16903
5.11049
5.0541
4.9998
4.9475
4.89711
4.84853
4.8017
4.75653
4.71294
4.67086
4.63024
4.59099
4.55308
4.51643
4.48099
4.44672
4.41357
4.38148
4.35043
4.32036
4.29124
4.26302
4.23569
4.20919
4.18351
4.1586
4.13444
4.111
4.08826
4.0662
4.04477
4.02397
5.16903
5.11049
5.0541
4.9998
4.9475
4.8971
4.84853
4.80169
4.75651
4.71292
4.67084
4.63021
4.59097
4.55305
4.51639
4.48096
4.44668
4.41353
4.38144
4.35038
4.32031
4.29118
4.26296
4.23562
4.20912
4.18343
4.15852
4.13435
4.11091
4.08816
4.06609
4.04466
4.02385
5.16903
5.11049
5.0541
4.9998
4.9475
4.89711
4.84854
4.8017
4.75653
4.71294
4.67086
4.63023
4.59098
4.55306
4.51641
4.48097
4.44669
4.41353
4.38144
4.35037
4.32029
4.29116
4.26294
4.23559
4.20909
4.18339
4.15847
4.1343
4.11085
4.0881
4.06602
4.04459
4.02377
5.16903
5.11049
5.0541
4.9998
4.9475
4.8971
4.84853
4.80169
4.75651
4.71292
4.67084
4.63021
4.59096
4.55303
4.51638
4.48094
4.44666
4.4135
4.38141
4.35035
4.32027
4.29114
4.26291
4.23557
4.20906
4.18336
4.15844
4.13427
4.11082
4.08807
4.06599
4.04456
4.02374
5.16903
5.11049
5.0541
4.99981
4.94752
4.89714
4.84858
4.80176
4.7566
4.71301
4.67094
4.63031
4.59107
4.55315
4.51649
4.48105
4.44677
4.41361
4.38152
4.35046
4.32038
4.29125
4.26303
4.23569
4.20919
4.1835
4.15859
4.13443
4.11099
4.08825
4.06619
4.04477
4.02397
5.16903
5.11051
5.05414
4.99985
4.94756
4.89718
4.84861
4.80178
4.75661
4.71303
4.67096
4.63034
4.59111
4.55321
4.51657
4.48116
4.44691
4.41378
4.38173
4.35071
4.32068
4.29161
4.26344
4.23616
4.20973
4.18411
4.15928
4.1352
4.11185
4.0892
4.06722
4.0459
4.02521
5.16903
5.1105
5.05415
4.99992
4.9477
4.89739
4.8489
4.80214
4.75704
4.71352
4.67152
4.63098
4.59183
4.55402
4.5175
4.48222
4.44812
4.41516
4.3833
4.35249
4.32269
4.29386
4.26597
4.23898
4.21285
4.18756
4.16306
4.13934
4.11636
4.09409
4.07251
4.05159
4.03131
5.16905
5.11063
5.0544
5.00025
4.94809
4.89785
4.84947
4.80288
4.75802
4.71483
4.67324
4.63319
4.59464
4.55751
4.52175
4.48731
4.45414
4.42218
4.39138
4.36171
4.3331
4.30551
4.2789
4.25324
4.22847
4.20457
4.18149
4.15919
4.13766
4.11685
4.09673
4.07728
4.05846
5.16908
5.11079
5.05488
5.00137
4.95017
4.90121
4.85441
4.80974
4.76712
4.72651
4.68784
4.65102
4.61599
4.58265
4.55091
4.5207
4.49192
4.46449
4.43835
4.4134
4.38957
4.36681
4.34504
4.32421
4.30426
4.28513
4.26678
4.24916
4.23223
4.21595
4.20028
4.1852
4.17065
5.16939
5.11358
5.06201
5.01464
4.97149
4.9325
4.8975
4.8662
4.8383
4.81347
4.79138
4.77174
4.75426
4.73869
4.72477
4.71232
4.70114
4.69107
4.68196
4.67369
4.66614
4.65922
4.65284
4.64692
4.64141
4.63624
4.63137
4.62675
4.62234
4.61812
4.61406
4.61013
4.60631
5.17809
5.16328
5.16952
5.19123
5.22443
5.26611
5.31388
5.36585
5.42058
5.47701
5.53429
5.59176
5.64891
5.70538
5.76085
5.81511
5.868
5.9194
5.96924
6.01748
6.06408
6.10904
6.15237
6.19408
6.23422
6.2728
6.30988
6.3455
6.37969
6.41252
6.44402
6.47425
6.50329
5.63861
6.43044
7.14588
7.8256
8.49458
9.14681
9.77642
10.3811
10.9605
11.5157
12.0481
12.5591
13.0503
13.5231
13.9788
14.4184
14.843
15.2534
15.6503
16.0346
16.4067
16.7672
17.1166
17.4554
17.784
18.1028
18.4121
18.7124
19.004
19.2871
19.5621
19.8292
20.089
44.7794
48.3124
51.8864
55.4656
59.0311
62.5709
66.0744
69.5319
72.9347
76.2749
79.5457
82.7412
85.8567
88.8881
91.8322
94.6866
97.4498
100.121
102.699
105.184
107.576
109.878
112.089
114.211
116.247
118.197
120.064
121.851
123.559
125.192
126.75
128.238
129.658
704.545
838.111
943.034
1022.21
1081.47
1121.84
1142
1141.42
1121.67
1086.54
1041
990.17
938.244
888.127
841.409
798.642
759.72
724.224
691.67
661.637
633.811
607.976
583.978
561.686
540.97
521.686
503.677
486.777
470.82
455.649
441.114
427.083
413.435
400.063
386.871
373.775
360.698
347.575
334.349
320.974
307.413
293.645
279.657
265.452
251.049
236.478
221.787
207.038
192.305
177.676
163.248
149.125
135.416
122.229
109.667
97.8245
86.7831
76.6064
67.3378
58.9984
51.5866
45.0789
39.4326
34.5892
30.4793
27.0272
24.1558
21.7901
19.8607
18.3055
17.0708
16.1115
15.3903
14.8777
14.5502
14.3895
14.3811
14.5134
14.7755
15.1568
15.6447
16.2238
16.8747
17.5739
18.2932
19.0007
19.6621
20.2424
20.7073
21.0254
21.1697
21.1185
20.8565
20.3752
19.6741
18.7578
17.6485
16.3331
15.0374
12.7118
147.83
155.162
165.711
180.723
201.009
227.092
259.132
296.459
337.554
380.192
421.728
459.507
491.265
515.452
531.406
539.335
540.142
535.157
525.863
513.665
499.741
484.98
469.985
455.116
440.559
426.382
412.588
399.149
386.023
373.165
360.533
348.081
335.764
323.538
311.358
299.18
286.966
274.681
262.3
249.804
237.185
224.445
211.6
198.674
185.705
172.745
159.853
147.103
134.573
122.353
110.531
99.1993
88.4444
78.3459
68.9715
60.3733
52.5856
45.6221
39.4761
34.1212
29.5133
25.5951
22.2993
19.5544
17.2881
15.4316
13.9221
12.704
11.7301
10.9614
10.3663
9.92002
9.60368
9.40343
9.3096
9.31591
9.41868
9.61601
9.90689
10.29
10.7628
11.3196
11.9509
12.642
13.3724
14.1161
14.8423
15.517
16.105
16.5722
16.8877
17.0257
16.9669
16.6994
16.2198
15.5318
14.6548
13.5822
12.5108
10.5578
30.2999
30.7281
31.3706
32.4174
34.0351
36.4202
39.6226
43.8917
49.5664
56.9721
66.3807
77.9594
91.7193
107.476
124.836
143.219
161.905
180.113
197.088
212.183
224.926
235.049
242.486
247.343
249.852
250.312
249.046
246.362
242.531
237.774
232.267
226.138
219.483
212.37
204.851
196.965
188.745
180.224
171.434
162.409
153.19
143.818
134.345
124.826
115.322
105.902
96.6376
87.6031
78.8747
70.5268
62.6289
55.2428
48.4197
42.1971
36.5969
31.6244
27.2683
23.502
20.2859
17.5709
15.3019
13.4219
11.8751
10.6094
9.57853
8.74213
8.06647
7.52386
7.09208
6.75367
6.49526
6.30694
6.18178
6.11533
6.10537
6.15155
6.25515
6.41877
6.64587
6.94024
7.3051
7.7421
8.24996
8.82309
9.45038
10.1144
10.7913
11.4518
12.0631
12.5906
13.0012
13.2654
13.3596
13.2675
12.9818
12.5036
11.8482
11.0134
10.1646
8.58804
12.3772
12.445
12.53
12.6375
12.7809
12.9814
13.2615
13.6504
14.1593
14.8273
15.7058
16.8548
18.3416
20.239
22.6217
25.5602
29.1117
33.3087
38.1473
43.5777
49.5006
55.7696
62.2009
68.5882
74.7204
80.3992
85.4541
89.7521
93.2031
95.7587
97.408
98.1707
98.0889
97.2198
95.6293
93.3876
90.5662
87.236
83.4674
79.3297
74.8919
70.2227
65.391
60.4656
55.515
50.6063
45.8039
41.1683
36.7543
32.6089
28.77
25.2646
22.1085
19.3058
16.8496
14.7237
12.9041
11.3618
10.0652
8.98196
8.08132
7.33493
6.7177
6.20801
5.78768
5.44165
5.1577
4.92602
4.73888
4.59036
4.47605
4.3929
4.33906
4.31379
4.31739
4.35119
4.4175
4.51959
4.66158
4.84824
5.0846
5.37538
5.72401
6.13149
6.59492
7.10622
7.65111
8.20887
8.75309
9.25336
9.67777
9.99576
10.1808
10.2129
10.0801
9.77999
9.32277
8.70814
8.06895
6.85345
7.98285
8.00023
8.01676
8.03268
8.04919
8.06889
8.09533
8.1336
8.18667
8.25815
8.35397
8.48168
8.65022
8.86984
9.15189
9.50861
9.95275
10.497
11.1535
11.9327
12.8425
13.8872
15.0658
16.3709
17.7873
19.2911
20.8498
22.423
23.9646
25.4255
26.7563
27.9109
28.849
29.5387
29.9577
30.0939
29.9456
29.5209
28.8363
27.9159
26.7894
25.4912
24.0584
22.5296
20.9433
19.3366
17.7438
16.1954
14.7171
13.3291
12.0462
10.877
9.82519
8.88985
8.06633
7.3474
6.72412
6.18676
5.72543
5.33059
4.99338
4.70578
4.46073
4.25206
4.07453
3.92373
3.79597
3.68829
3.59831
3.52423
3.46479
3.41921
3.38721
3.369
3.36532
3.37746
3.40729
3.45734
3.53077
3.63143
3.76365
3.93211
4.1413
4.39483
4.69443
5.03869
5.42176
5.83235
6.25332
6.66223
7.03287
7.33775
7.55077
7.65033
7.6213
7.4573
7.16313
6.73847
6.28424
5.39397
6.14609
6.1516
6.15497
6.15646
6.15633
6.15492
6.15275
6.15072
6.14956
6.15016
6.15362
6.16129
6.17475
6.19588
6.22679
6.2698
6.32737
6.40198
6.49604
6.61172
6.75088
6.91486
7.10436
7.31929
7.55858
7.82
8.10005
8.39383
8.69507
8.99616
9.28841
9.56234
9.80811
10.016
10.1771
10.2836
10.3295
10.311
10.2267
10.0775
9.86697
9.60071
9.28617
8.93215
8.54828
8.14445
7.73034
7.31492
6.90615
6.5107
6.13388
5.77955
5.45024
5.14731
4.87109
4.6211
4.39629
4.19516
4.01594
3.85675
3.71568
3.59085
3.48048
3.38293
3.29672
3.22056
3.1533
3.09402
3.04196
2.99657
2.9575
2.92459
2.89793
2.87781
2.86485
2.85991
2.86426
2.87953
2.90781
2.95165
3.0141
3.0986
3.20886
3.34844
3.52031
3.72594
3.96438
4.23116
4.51739
4.80943
5.08926
5.33593
5.52757
5.64425
5.67017
5.59644
5.42315
5.14863
4.845
4.22656
5.19433
5.19356
5.19141
5.18784
5.18285
5.17649
5.16885
5.16013
5.1505
5.1402
5.1295
5.1187
5.10814
5.09825
5.08948
5.0824
5.0776
5.07574
5.07749
5.08347
5.09425
5.11032
5.13196
5.15931
5.19224
5.23036
5.273
5.31917
5.36756
5.41656
5.46432
5.50875
5.54762
5.57867
5.59969
5.60862
5.6037
5.58355
5.54727
5.49447
5.42534
5.34062
5.24156
5.12988
5.0076
4.87704
4.74058
4.60063
4.4595
4.3193
4.18189
4.04883
3.92134
3.80037
3.68652
3.58013
3.48132
3.39
3.30591
3.22869
3.1579
3.09303
3.03356
2.97899
2.92881
2.88257
2.83987
2.80034
2.76373
2.72984
2.69855
2.66986
2.64388
2.62083
2.60108
2.5852
2.57393
2.56826
2.56947
2.57913
2.59916
2.63183
2.67967
2.74537
2.83148
2.94004
3.07192
3.22609
3.39885
3.58315
3.76843
3.94102
4.08525
4.18551
4.22801
4.20349
4.10913
3.94177
3.74992
3.34053
4.66004
4.65337
4.64593
4.63766
4.62854
4.61857
4.60775
4.59612
4.58368
4.57047
4.55654
4.54194
4.52675
4.51105
4.49493
4.47852
4.46196
4.44542
4.4291
4.41319
4.39789
4.38339
4.36985
4.35737
4.34602
4.33577
4.32652
4.31806
4.3101
4.30224
4.29399
4.28481
4.27407
4.26113
4.24535
4.22611
4.20286
4.17512
4.14257
4.105
4.06237
4.0148
3.96257
3.9061
3.84595
3.78278
3.7173
3.65029
3.58249
3.51467
3.44748
3.38155
3.3174
3.25543
3.19597
3.13922
3.0853
3.03424
2.98598
2.94043
2.89743
2.85677
2.81826
2.78168
2.74679
2.7134
2.68131
2.65037
2.62044
2.59143
2.56331
2.53607
2.50979
2.4846
2.46074
2.4385
2.41834
2.40081
2.38667
2.37684
2.37248
2.37498
2.38594
2.40716
2.44047
2.48757
2.54967
2.62704
2.7185
2.82087
2.92861
3.03384
3.12667
3.19642
3.23282
3.228
3.17817
3.0794
2.96275
2.70116
4.35392
4.34177
4.3293
4.31647
4.30322
4.28953
4.27538
4.26074
4.2456
4.22996
4.21383
4.19718
4.18004
4.16238
4.14421
4.12555
4.1064
4.08679
4.06676
4.04635
4.02562
4.00462
3.98342
3.96208
3.94063
3.91911
3.89753
3.87587
3.85409
3.83209
3.80978
3.78701
3.76361
3.73942
3.71424
3.68788
3.66017
3.63097
3.60016
3.56767
3.53349
3.49765
3.46025
3.42143
3.38138
3.34034
3.29858
3.25638
3.21403
3.17181
3.13
3.08884
3.04853
3.00925
2.97111
2.93421
2.89857
2.8642
2.83104
2.79904
2.76809
2.73808
2.70888
2.68037
2.65241
2.62488
2.59767
2.57067
2.54382
2.51704
2.49032
2.46366
2.43708
2.41067
2.38456
2.35891
2.33397
2.31008
2.28764
2.2672
2.24942
2.23512
2.22527
2.221
2.22351
2.23403
2.25357
2.28276
2.32147
2.36846
2.42111
2.47522
2.52512
2.56422
2.58572
2.58382
2.55515
2.49581
2.42521
2.26038
4.1814
4.16452
4.14758
4.13054
4.11336
4.09603
4.0785
4.06077
4.04282
4.02463
4.00618
3.98745
3.96844
3.94911
3.92946
3.90945
3.88908
3.86834
3.8472
3.82567
3.80376
3.78145
3.75878
3.73574
3.71236
3.68866
3.66464
3.64033
3.61572
3.59081
3.5656
3.54006
3.51417
3.48789
3.46118
3.43401
3.40635
3.37815
3.34941
3.32012
3.29029
3.25995
3.22915
3.19797
3.16648
3.1348
3.10303
3.0713
3.03972
3.00842
2.97749
2.94704
2.91713
2.88782
2.85916
2.83114
2.80376
2.77698
2.75076
2.72502
2.69969
2.67467
2.64986
2.62519
2.60053
2.57582
2.55096
2.52588
2.50052
2.47484
2.44882
2.42245
2.39575
2.36875
2.34153
2.31418
2.28685
2.25972
2.23303
2.20708
2.18226
2.15903
2.13797
2.11974
2.10511
2.09486
2.08977
2.09042
2.09704
2.10932
2.12613
2.14543
2.16421
2.1787
2.18478
2.17863
2.15775
2.11883
2.07411
1.96856
4.08828
4.0677
4.04718
4.0267
4.00624
3.98577
3.96527
3.94473
3.92413
3.90346
3.88272
3.86187
3.84091
3.81982
3.79859
3.77718
3.75559
3.73378
3.71176
3.68949
3.66696
3.64417
3.62111
3.59776
3.57414
3.55025
3.52608
3.50165
3.47697
3.45204
3.42687
3.40148
3.37587
3.35005
3.32403
3.29781
3.27141
3.24483
3.2181
3.19123
3.16425
3.13719
3.11008
3.08298
3.05593
3.02898
3.0022
2.97562
2.94931
2.9233
2.89765
2.87238
2.8475
2.82303
2.79895
2.77524
2.75187
2.7288
2.70595
2.68328
2.66069
2.63812
2.61548
2.5927
2.56969
2.54637
2.5227
2.49859
2.47401
2.44892
2.4233
2.39713
2.37043
2.34321
2.31551
2.2874
2.25896
2.2303
2.20156
2.17292
2.1446
2.11688
2.09008
2.0646
2.04089
2.01946
2.00081
1.9854
1.97355
1.96528
1.96024
1.95752
1.95567
1.95269
1.94626
1.93408
1.91454
1.88504
1.85373
1.78248
4.04106
4.0179
3.99482
3.97183
3.94889
3.92602
3.90318
3.88039
3.85762
3.83487
3.81214
3.78942
3.76669
3.74394
3.72117
3.69836
3.6755
3.65257
3.62955
3.60644
3.58321
3.55987
3.53638
3.51276
3.48899
3.46506
3.44098
3.41676
3.39238
3.36787
3.34323
3.31847
3.2936
3.26865
3.24362
3.21854
3.19342
3.16828
3.14316
3.11807
3.09304
3.06809
3.04327
3.0186
2.9941
2.96982
2.94577
2.92199
2.8985
2.8753
2.85241
2.82983
2.80756
2.78557
2.76384
2.74233
2.721
2.6998
2.67866
2.65753
2.63634
2.615
2.59345
2.57162
2.54945
2.52685
2.50379
2.4802
2.45605
2.4313
2.40593
2.37992
2.35329
2.32604
2.2982
2.26981
2.24092
2.21162
2.18199
2.15214
2.12221
2.09237
2.06282
2.03379
2.00557
1.97844
1.95275
1.92882
1.90692
1.88719
1.86959
1.85382
1.83924
1.82489
1.80958
1.79202
1.77133
1.74554
1.72057
1.6681
4.01884
3.99407
3.96938
3.94474
3.92017
3.89566
3.87121
3.84681
3.82247
3.79818
3.77394
3.74975
3.7256
3.7015
3.67744
3.65341
3.6294
3.60542
3.58144
3.55746
3.53347
3.50947
3.48544
3.46138
3.43729
3.41315
3.38898
3.36477
3.34052
3.31624
3.29193
3.2676
3.24327
3.21895
3.19465
3.17039
3.14619
3.12206
3.09803
3.07412
3.05036
3.02676
3.00334
2.98013
2.95715
2.93441
2.91193
2.88972
2.86778
2.84612
2.82473
2.8036
2.7827
2.76202
2.74151
2.72114
2.70086
2.68062
2.66035
2.64
2.6195
2.59878
2.57778
2.55644
2.53468
2.51246
2.48972
2.46642
2.44251
2.41797
2.39277
2.3669
2.34037
2.31318
2.28536
2.25692
2.22793
2.19842
2.16848
2.13817
2.1076
2.07687
2.04612
2.0155
1.98519
1.95538
1.92628
1.89812
1.8711
1.84538
1.82105
1.79804
1.77615
1.75497
1.73397
1.71246
1.69011
1.66539
1.64308
1.60029
4.00917
3.98352
3.9579
3.93232
3.90679
3.88129
3.85584
3.83043
3.80507
3.77976
3.75451
3.72931
3.70417
3.67909
3.65407
3.62911
3.60422
3.57938
3.55459
3.52986
3.50518
3.48054
3.45595
3.4314
3.40689
3.38242
3.35799
3.33361
3.30927
3.28497
3.26074
3.23656
3.21246
3.18844
3.16452
3.14071
3.11702
3.09347
3.07007
3.04685
3.02381
3.00098
2.97837
2.956
2.93387
2.91199
2.89037
2.86902
2.84793
2.82709
2.80649
2.78611
2.76593
2.74591
2.72602
2.70622
2.68645
2.66667
2.64682
2.62684
2.60667
2.58624
2.5655
2.54439
2.52284
2.50081
2.47824
2.45509
2.43132
2.40692
2.38185
2.35611
2.32969
2.3026
2.27486
2.2465
2.21754
2.18805
2.15807
2.12767
2.09692
2.06591
2.03474
2.00352
1.97237
1.94142
1.91083
1.88075
1.85134
1.82274
1.79506
1.76835
1.74257
1.71763
1.69331
1.6693
1.64555
1.62088
1.59952
1.56139
4.00524
3.97914
3.95306
3.92699
3.90094
3.87492
3.84891
3.82293
3.79699
3.77108
3.74522
3.7194
3.69363
3.66793
3.64228
3.61669
3.59117
3.56572
3.54035
3.51505
3.48982
3.46467
3.43959
3.4146
3.38969
3.36486
3.34012
3.31548
3.29092
3.26648
3.24214
3.21792
3.19382
3.16986
3.14604
3.12239
3.0989
3.07559
3.05248
3.02957
3.00689
2.98443
2.96221
2.94025
2.91853
2.89708
2.87589
2.85495
2.83427
2.81382
2.79359
2.77355
2.75369
2.73397
2.71435
2.69479
2.67523
2.65564
2.63595
2.61612
2.59607
2.57576
2.55512
2.53409
2.51263
2.49068
2.46819
2.44513
2.42146
2.39715
2.37218
2.34654
2.32023
2.29326
2.26564
2.2374
2.20857
2.17918
2.1493
2.11898
2.08828
2.05728
2.02605
1.9947
1.96332
1.932
1.90088
1.87006
1.83967
1.80984
1.78067
1.75224
1.7246
1.69777
1.67171
1.64629
1.62164
1.59677
1.57565
1.5396
4.00366
3.97737
3.95107
3.92477
3.89848
3.87219
3.84591
3.81964
3.79339
3.76716
3.74097
3.7148
3.68868
3.6626
3.63658
3.61061
3.5847
3.55886
3.53309
3.5074
3.48179
3.45626
3.43083
3.40549
3.38024
3.35511
3.33008
3.30517
3.28038
3.25573
3.23121
3.20684
3.18263
3.15859
3.13472
3.11104
3.08755
3.06427
3.04122
3.01839
2.9958
2.97345
2.95136
2.92953
2.90796
2.88665
2.86561
2.84481
2.82426
2.80393
2.78382
2.76389
2.74412
2.72447
2.70491
2.6854
2.66588
2.64632
2.62665
2.60682
2.58679
2.56648
2.54585
2.52484
2.50339
2.48147
2.45901
2.436
2.41238
2.38814
2.36326
2.33772
2.31152
2.28467
2.25718
2.22908
2.20039
2.17117
2.14144
2.11127
2.08072
2.04986
2.01876
1.9875
1.95616
1.92484
1.89364
1.86265
1.83199
1.80175
1.77203
1.74294
1.71454
1.68689
1.66004
1.63393
1.6088
1.58374
1.56264
1.52744
4.00296
3.97658
3.95019
3.92379
3.89738
3.87097
3.84456
3.81815
3.79175
3.76537
3.739
3.71266
3.68634
3.66006
3.63383
3.60764
3.5815
3.55543
3.52942
3.50348
3.47762
3.45184
3.42615
3.40056
3.37508
3.3497
3.32444
3.29931
3.27431
3.24945
3.22474
3.2002
3.17583
3.15163
3.12763
3.10384
3.08025
3.05689
3.03376
3.01087
2.98822
2.96584
2.94371
2.92185
2.90026
2.87893
2.85786
2.83704
2.81646
2.7961
2.77595
2.75598
2.73616
2.71646
2.69684
2.67726
2.65768
2.63805
2.61831
2.59843
2.57833
2.55797
2.5373
2.51625
2.49479
2.47285
2.45041
2.42742
2.40384
2.37965
2.35484
2.32939
2.3033
2.27657
2.24921
2.22126
2.19274
2.16368
2.13414
2.10416
2.07381
2.04314
2.01224
1.98116
1.95001
1.91885
1.88777
1.85688
1.82625
1.796
1.7662
1.73695
1.70834
1.68043
1.65331
1.62695
1.60162
1.57647
1.55535
1.52045
4.00257
3.97615
3.94971
3.92326
3.8968
3.87033
3.84385
3.81738
3.7909
3.76444
3.73798
3.71155
3.68513
3.65874
3.63239
3.60608
3.57981
3.5536
3.52744
3.50135
3.47533
3.44939
3.42353
3.39777
3.3721
3.34655
3.32111
3.2958
3.27062
3.24559
3.22071
3.196
3.17146
3.14711
3.12295
3.099
3.07527
3.05177
3.0285
3.00548
2.98272
2.96021
2.93796
2.91598
2.89427
2.87282
2.85163
2.8307
2.80999
2.78952
2.76924
2.74914
2.7292
2.70937
2.68963
2.66992
2.65022
2.63047
2.61062
2.59063
2.57044
2.55
2.52925
2.50814
2.48664
2.46468
2.44222
2.41924
2.39569
2.37155
2.3468
2.32144
2.29544
2.26883
2.24161
2.21381
2.18545
2.15658
2.12722
2.09745
2.06731
2.03687
2.00619
1.97535
1.94442
1.91349
1.88264
1.85195
1.82151
1.79141
1.76173
1.73257
1.70401
1.67612
1.64898
1.62259
1.59723
1.57207
1.55093
1.51611
4.00227
3.97583
3.94936
3.92288
3.89639
3.86988
3.84337
3.81686
3.79034
3.76383
3.73733
3.71084
3.68437
3.65792
3.63149
3.60511
3.57876
3.55245
3.5262
3.50001
3.47389
3.44783
3.42186
3.39597
3.37018
3.34449
3.31892
3.29347
3.26815
3.24297
3.21794
3.19307
3.16838
3.14388
3.11957
3.09546
3.07157
3.04791
3.02449
3.00131
2.97838
2.95572
2.93331
2.91117
2.8893
2.86769
2.84633
2.82523
2.80436
2.78372
2.76327
2.74301
2.72289
2.7029
2.68299
2.66313
2.64328
2.62338
2.6034
2.58328
2.56297
2.54243
2.52159
2.50042
2.47885
2.45686
2.43439
2.4114
2.38787
2.36378
2.33909
2.3138
2.2879
2.26141
2.23432
2.20667
2.17848
2.14978
2.12063
2.09106
2.06114
2.03093
2.00049
1.9699
1.93922
1.90855
1.87795
1.8475
1.8173
1.78743
1.75797
1.729
1.7006
1.67283
1.6458
1.61949
1.59417
1.56904
1.54791
1.51307
4.00201
3.97554
3.94906
3.92256
3.89604
3.86951
3.84298
3.81643
3.78989
3.76335
3.73681
3.71028
3.68377
3.65727
3.6308
3.60436
3.57796
3.55159
3.52527
3.49901
3.47281
3.44667
3.42061
3.39462
3.36873
3.34294
3.31726
3.29169
3.26625
3.24094
3.21579
3.19079
3.16596
3.14131
3.11685
3.0926
3.06856
3.04474
3.02115
2.99781
2.97472
2.95188
2.9293
2.90698
2.88493
2.86314
2.8416
2.82031
2.79926
2.77842
2.75779
2.73734
2.71704
2.69687
2.67678
2.65675
2.63672
2.61667
2.59654
2.57628
2.55585
2.53519
2.51426
2.49301
2.47139
2.44935
2.42686
2.40387
2.38036
2.3563
2.33167
2.30645
2.28065
2.25427
2.22732
2.19981
2.17179
2.14327
2.11431
2.08496
2.05526
2.02528
1.99509
1.96474
1.93433
1.90391
1.87358
1.8434
1.81346
1.78384
1.75462
1.72587
1.69767
1.67008
1.64319
1.61699
1.59176
1.56668
1.54554
1.51063
4.00176
3.97528
3.94878
3.92226
3.89572
3.86917
3.84262
3.81605
3.78948
3.76291
3.73634
3.70978
3.68324
3.65671
3.6302
3.60371
3.57726
3.55084
3.52447
3.49815
3.47188
3.44567
3.41954
3.39348
3.3675
3.34162
3.31584
3.29018
3.26463
3.23922
3.21394
3.18883
3.16387
3.13909
3.1145
3.0901
3.06591
3.04194
3.0182
2.9947
2.97144
2.94843
2.92567
2.90318
2.88094
2.85896
2.83724
2.81576
2.79451
2.77349
2.75266
2.73202
2.71153
2.69117
2.6709
2.65069
2.63049
2.61028
2.58999
2.5696
2.54904
2.52827
2.50724
2.48591
2.46422
2.44214
2.41962
2.39663
2.37314
2.34911
2.32453
2.2994
2.27369
2.24742
2.2206
2.19324
2.16538
2.13705
2.10828
2.07914
2.04966
2.01992
1.98996
1.95987
1.92971
1.89956
1.86949
1.83958
1.8099
1.78053
1.75155
1.72303
1.69504
1.66764
1.6409
1.61483
1.58967
1.56462
1.54349
1.50847
4.00153
3.97504
3.94852
3.92198
3.89542
3.86886
3.84228
3.81569
3.78909
3.7625
3.73591
3.70932
3.68274
3.65618
3.62963
3.60311
3.57661
3.55015
3.52373
3.49735
3.47103
3.44476
3.41856
3.39243
3.36638
3.34042
3.31455
3.2888
3.26316
3.23764
3.21227
3.18704
3.16197
3.13706
3.11234
3.08781
3.06349
3.03937
3.01548
2.99182
2.9684
2.94523
2.92231
2.89964
2.87722
2.85506
2.83315
2.81148
2.79005
2.76883
2.74781
2.72698
2.7063
2.68575
2.6653
2.64492
2.62455
2.60418
2.58374
2.5632
2.54252
2.52164
2.50051
2.4791
2.45735
2.43523
2.41268
2.38969
2.36621
2.34222
2.3177
2.29264
2.26703
2.24087
2.21418
2.18698
2.15928
2.13113
2.10256
2.07362
2.04437
2.01485
1.98514
1.9553
1.9254
1.89551
1.8657
1.83604
1.80662
1.7775
1.74875
1.72045
1.69266
1.66543
1.63884
1.61286
1.58777
1.56274
1.54158
1.5064
4.00131
3.97481
3.94827
3.92171
3.89514
3.86855
3.84195
3.81534
3.78873
3.76211
3.73549
3.70888
3.68227
3.65567
3.62909
3.60253
3.576
3.5495
3.52303
3.4966
3.47022
3.4439
3.41764
3.39144
3.36532
3.33929
3.31335
3.28751
3.26178
3.23617
3.2107
3.18537
3.16019
3.13517
3.11033
3.08567
3.06122
3.03697
3.01293
2.98913
2.96555
2.94222
2.91914
2.8963
2.87372
2.85138
2.82929
2.80744
2.78582
2.76442
2.74322
2.7222
2.70133
2.68061
2.65998
2.63942
2.61889
2.59836
2.57777
2.5571
2.53629
2.5153
2.49408
2.47259
2.45079
2.42862
2.40606
2.38306
2.3596
2.33565
2.31119
2.28621
2.2607
2.23466
2.20811
2.18105
2.15353
2.12556
2.09719
2.06846
2.03943
2.01014
1.98067
1.95108
1.92143
1.89179
1.86223
1.83282
1.80364
1.77475
1.74623
1.71813
1.69051
1.66343
1.63695
1.61106
1.586
1.56096
1.53974
1.50434
4.00111
3.97459
3.94804
3.92146
3.89487
3.86827
3.84165
3.81502
3.78838
3.76174
3.7351
3.70846
3.68182
3.65519
3.62858
3.60199
3.57542
3.54887
3.52236
3.49589
3.46946
3.44308
3.41676
3.39051
3.36433
3.33822
3.31221
3.28629
3.26048
3.23479
3.20922
3.18379
3.15851
3.13338
3.10843
3.08366
3.05908
3.0347
3.01053
2.98659
2.96287
2.93939
2.91615
2.89315
2.8704
2.8479
2.82564
2.80361
2.78182
2.76024
2.73886
2.71766
2.69662
2.67572
2.65492
2.63419
2.61351
2.59282
2.5721
2.5513
2.53037
2.50928
2.48797
2.46641
2.44455
2.42235
2.39977
2.37678
2.35335
2.32945
2.30506
2.28016
2.25476
2.22885
2.20244
2.17554
2.14819
2.12041
2.09224
2.06373
2.03492
2.00587
1.97663
1.94728
1.91787
1.88847
1.85915
1.82998
1.80103
1.77235
1.74402
1.7161
1.68863
1.66167
1.63527
1.60942
1.58435
1.55925
1.53794
1.50228
4.00092
3.97438
3.94782
3.92123
3.89462
3.868
3.84136
3.81471
3.78805
3.76139
3.73472
3.70806
3.6814
3.65474
3.6281
3.60147
3.57486
3.54828
3.52173
3.49521
3.46874
3.44231
3.41594
3.38963
3.36338
3.33721
3.31113
3.28514
3.25925
3.23348
3.20782
3.1823
3.15692
3.1317
3.10664
3.08176
3.05706
3.03256
3.00827
2.98419
2.96034
2.93671
2.91333
2.89018
2.86728
2.84461
2.82219
2.8
2.77804
2.75629
2.73474
2.71337
2.69217
2.6711
2.65014
2.62926
2.60842
2.5876
2.56674
2.54582
2.52479
2.5036
2.48222
2.4606
2.4387
2.41649
2.39391
2.37094
2.34755
2.32371
2.2994
2.27461
2.24933
2.22355
2.1973
2.17057
2.14341
2.11582
2.08786
2.05956
2.03097
2.00215
1.97314
1.94402
1.91485
1.88568
1.85658
1.82762
1.79887
1.77038
1.74221
1.71442
1.68706
1.66017
1.63381
1.60795
1.58283
1.55764
1.53619
1.50025
4.00074
3.97419
3.94762
3.92101
3.89439
3.86775
3.8411
3.81443
3.78775
3.76106
3.73437
3.70768
3.681
3.65431
3.62764
3.60098
3.57434
3.54773
3.52114
3.49458
3.46806
3.44158
3.41516
3.38879
3.36249
3.33626
3.31012
3.28406
3.2581
3.23225
3.20651
3.18091
3.15544
3.13012
3.10496
3.07998
3.05517
3.03056
3.00615
2.98195
2.95796
2.93421
2.91069
2.8874
2.86435
2.84154
2.81897
2.79662
2.77451
2.7526
2.73089
2.70937
2.68801
2.66679
2.64568
2.62466
2.60369
2.58274
2.56178
2.54075
2.51963
2.49838
2.47694
2.45529
2.43337
2.41116
2.38861
2.36569
2.34236
2.31861
2.29441
2.26974
2.2446
2.21898
2.1929
2.16636
2.13938
2.112
2.08424
2.05615
2.02778
1.99918
1.97039
1.94149
1.91252
1.88355
1.85465
1.82587
1.79728
1.76893
1.74088
1.71318
1.68588
1.65902
1.63264
1.60673
1.58151
1.5562
1.5346
1.49847
4.00058
3.97402
3.94743
3.92081
3.89417
3.86752
3.84085
3.81416
3.78746
3.76076
3.73405
3.70734
3.68062
3.65392
3.62722
3.60053
3.57386
3.54721
3.52058
3.49398
3.46742
3.44091
3.41444
3.38802
3.36167
3.33538
3.30917
3.28305
3.25703
3.2311
3.20529
3.17961
3.15406
3.12866
3.10341
3.07833
3.05342
3.0287
3.00418
2.97987
2.95577
2.9319
2.90825
2.88484
2.86166
2.83871
2.816
2.79353
2.77127
2.74922
2.72738
2.70572
2.68423
2.66288
2.64165
2.62052
2.59945
2.5784
2.55735
2.53626
2.51509
2.4938
2.47235
2.45071
2.42882
2.40665
2.38416
2.36133
2.3381
2.31447
2.29041
2.26589
2.24091
2.21547
2.18956
2.16321
2.13643
2.10924
2.08169
2.0538
2.02563
1.99721
1.96862
1.9399
1.9111
1.8823
1.85354
1.8249
1.79642
1.76816
1.74017
1.71251
1.68522
1.65833
1.63191
1.60593
1.58062
1.55525
1.53354
1.49765
4.00044
3.97387
3.94726
3.92063
3.89398
3.86731
3.84062
3.81392
3.78721
3.76048
3.73375
3.70702
3.68028
3.65355
3.62683
3.60011
3.57341
3.54673
3.52007
3.49344
3.46684
3.44029
3.41377
3.38731
3.36091
3.33458
3.30832
3.28214
3.25605
3.23007
3.20419
3.17844
3.15282
3.12734
3.10201
3.07684
3.05185
3.02705
3.00244
2.97803
2.95383
2.92985
2.9061
2.88258
2.8593
2.83624
2.81343
2.79084
2.76847
2.74633
2.72438
2.70263
2.68104
2.65961
2.63831
2.61711
2.59598
2.5749
2.55383
2.53273
2.51157
2.49031
2.46891
2.44732
2.42552
2.40345
2.38109
2.35838
2.33531
2.31183
2.28793
2.26359
2.23878
2.21352
2.18779
2.16162
2.13501
2.108
2.08061
2.05288
2.02486
1.9966
1.96814
1.93954
1.91087
1.88217
1.8535
1.82493
1.7965
1.76828
1.74032
1.71266
1.68536
1.65846
1.63203
1.60608
1.58086
1.55577
1.53423
1.49984
4.00031
3.97373
3.94711
3.92047
3.89381
3.86713
3.84043
3.81371
3.78698
3.76024
3.73349
3.70674
3.67999
3.65324
3.62649
3.59975
3.57303
3.54632
3.51963
3.49297
3.46634
3.43975
3.41321
3.38671
3.36027
3.3339
3.30759
3.28137
3.25524
3.22921
3.20328
3.17748
3.1518
3.12626
3.10088
3.07565
3.0506
3.02573
3.00105
2.97658
2.95232
2.92828
2.90446
2.88088
2.85753
2.83442
2.81155
2.78891
2.7665
2.74431
2.72233
2.70055
2.67895
2.65752
2.63623
2.61505
2.59396
2.57294
2.55193
2.53092
2.50986
2.48872
2.46745
2.44601
2.42436
2.40246
2.38027
2.35774
2.33484
2.31153
2.2878
2.26362
2.23897
2.21385
2.18826
2.1622
2.13571
2.1088
2.08151
2.05387
2.02593
1.99773
1.96934
1.9408
1.91218
1.88352
1.85489
1.82636
1.79797
1.76979
1.74188
1.7143
1.68713
1.66043
1.63433
1.60889
1.5844
1.56062
1.54019
1.51059
4.00022
3.97363
3.94701
3.92036
3.89369
3.86699
3.84028
3.81356
3.78681
3.76006
3.7333
3.70654
3.67977
3.65301
3.62625
3.5995
3.57276
3.54604
3.51934
3.49266
3.46602
3.43941
3.41285
3.38634
3.35988
3.33349
3.30717
3.28093
3.25478
3.22873
3.20279
3.17697
3.15128
3.12573
3.10033
3.0751
3.05004
3.02517
3.00049
2.97602
2.95177
2.92774
2.90394
2.88038
2.85707
2.834
2.81117
2.78859
2.76625
2.74414
2.72226
2.70059
2.67911
2.65781
2.63667
2.61566
2.59475
2.5739
2.5531
2.5323
2.51145
2.49052
2.46947
2.44824
2.42679
2.40509
2.38307
2.3607
2.33794
2.31475
2.29112
2.26701
2.24241
2.21732
2.19175
2.1657
2.1392
2.11228
2.08496
2.05731
2.02935
2.00115
1.97276
1.94425
1.91566
1.88706
1.85853
1.83014
1.80195
1.77405
1.74654
1.71951
1.6931
1.66746
1.6428
1.6194
1.59759
1.57801
1.56126
1.54487
4.00019
3.9736
3.94698
3.92033
3.89366
3.86697
3.84026
3.81354
3.7868
3.76006
3.73331
3.70655
3.6798
3.65304
3.6263
3.59956
3.57284
3.54614
3.51946
3.49281
3.46619
3.43962
3.41309
3.38661
3.3602
3.33385
3.30758
3.2814
3.25531
3.22933
3.20346
3.17771
3.15211
3.12665
3.10135
3.07622
3.05128
3.02653
3.00199
2.97767
2.95358
2.92972
2.90611
2.88275
2.85964
2.8368
2.81422
2.79189
2.76982
2.748
2.72642
2.70505
2.6839
2.66293
2.64212
2.62144
2.60086
2.58035
2.55986
2.53935
2.51878
2.4981
2.47726
2.45621
2.4349
2.41329
2.39131
2.36895
2.34615
2.32289
2.29914
2.27489
2.25013
2.22487
2.19912
2.17289
2.14623
2.11917
2.09175
2.06403
2.03607
2.00791
1.97964
1.95133
1.92305
1.89489
1.86694
1.83931
1.81212
1.78553
1.7597
1.73485
1.71127
1.68933
1.66952
1.65255
1.63893
1.63147
1.62542
1.64442
4.00044
3.97388
3.94729
3.92068
3.89404
3.8674
3.84074
3.81407
3.78739
3.76071
3.73403
3.70736
3.68069
3.65403
3.62738
3.60075
3.57414
3.54757
3.52102
3.49452
3.46805
3.44164
3.41529
3.389
3.36278
3.33664
3.31059
3.28464
3.2588
3.23308
3.20749
3.18203
3.15673
3.1316
3.10664
3.08187
3.0573
3.03295
3.00881
2.98492
2.96127
2.93787
2.91474
2.89188
2.86929
2.84697
2.82492
2.80314
2.78162
2.76035
2.73932
2.71849
2.69786
2.67739
2.65705
2.6368
2.61661
2.59642
2.57619
2.55588
2.53543
2.51478
2.49389
2.47271
2.45119
2.42929
2.40697
2.38419
2.36095
2.33722
2.313
2.28828
2.26309
2.23744
2.21137
2.18492
2.15813
2.13107
2.1038
2.07639
2.04893
2.0215
1.99421
1.96715
1.94047
1.91431
1.88884
1.86428
1.84088
1.81896
1.79896
1.7814
1.76702
1.75677
1.75189
1.75433
1.76512
1.79268
1.81827
1.93572
4.0018
3.97539
3.94896
3.92253
3.89609
3.86965
3.84321
3.81678
3.79035
3.76394
3.73755
3.71118
3.68483
3.65852
3.63223
3.60599
3.57978
3.55363
3.52753
3.50148
3.47551
3.4496
3.42378
3.39804
3.37239
3.34685
3.32142
3.29611
3.27093
3.24589
3.221
3.19628
3.17173
3.14736
3.12319
3.09923
3.07549
3.05197
3.0287
3.00567
2.9829
2.96039
2.93814
2.91615
2.89443
2.87297
2.85175
2.83076
2.81
2.78943
2.76902
2.74876
2.72859
2.70848
2.68839
2.66826
2.64806
2.62772
2.6072
2.58645
2.56542
2.54407
2.52237
2.50029
2.4778
2.45489
2.43155
2.4078
2.38364
2.3591
2.3342
2.309
2.28353
2.25787
2.23208
2.20623
2.18043
2.15477
2.12937
2.10436
2.07987
2.05609
2.0332
2.01143
1.99106
1.97242
1.95593
1.94213
1.93172
1.92557
1.9249
1.93125
1.94673
1.97411
2.01695
2.08066
2.16826
2.3016
2.42746
2.82115
4.0084
3.98258
3.95677
3.931
3.90526
3.87955
3.85388
3.82826
3.80268
3.77715
3.75168
3.72626
3.7009
3.67561
3.65038
3.62523
3.60015
3.57515
3.55024
3.52541
3.50068
3.47604
3.45151
3.4271
3.40279
3.37861
3.35456
3.33065
3.30688
3.28327
3.25981
3.23652
3.21341
3.19048
3.16773
3.14519
3.12284
3.10069
3.07876
3.05702
3.03549
3.01416
2.99302
2.97205
2.95124
2.93057
2.91001
2.88953
2.86911
2.84869
2.82824
2.80772
2.78707
2.76625
2.74522
2.72394
2.70236
2.68047
2.65823
2.63564
2.61269
2.58941
2.56581
2.54193
2.51782
2.49354
2.46916
2.44476
2.42043
2.39627
2.37238
2.34888
2.32591
2.3036
2.28212
2.26164
2.24238
2.22455
2.20842
2.1943
2.18254
2.17358
2.16793
2.16622
2.16927
2.17808
2.19397
2.21864
2.25431
2.30387
2.37111
2.46091
2.57952
2.73482
2.93636
3.19658
3.52294
3.95746
4.37821
5.41423
4.03726
4.01343
3.98968
3.96603
3.94246
3.91899
3.89561
3.87232
3.84912
3.82602
3.80301
3.7801
3.75727
3.73453
3.71189
3.68933
3.66687
3.64449
3.6222
3.6
3.57788
3.55585
3.53391
3.51205
3.49028
3.46859
3.44699
3.42548
3.40405
3.3827
3.36143
3.34024
3.31913
3.29809
3.27711
3.25618
3.23531
3.21446
3.19363
3.1728
3.15195
3.13105
3.11008
3.08901
3.0678
3.04642
3.02484
3.00303
2.98094
2.95856
2.93586
2.91282
2.88944
2.86573
2.84171
2.81742
2.79291
2.76828
2.7436
2.719
2.69462
2.67059
2.64711
2.62434
2.60248
2.58175
2.56237
2.54457
2.52863
2.51481
2.50342
2.49479
2.48931
2.48738
2.48948
2.49615
2.50799
2.52572
2.55015
2.58227
2.62324
2.67448
2.73773
2.81516
2.90948
3.0241
3.16329
3.3324
3.53804
3.78825
4.09267
4.46239
4.90991
5.44814
6.08999
6.84639
7.71816
8.73919
9.71135
11.5625
4.15432
4.13603
4.11786
4.0998
4.08185
4.064
4.04624
4.02854
4.01092
3.99335
3.97581
3.95831
3.94083
3.92336
3.90587
3.88838
3.87085
3.85328
3.83565
3.81796
3.80018
3.78231
3.76433
3.74623
3.72799
3.7096
3.69105
3.67231
3.65337
3.63421
3.61482
3.59518
3.57527
3.55507
3.53456
3.51373
3.49256
3.47103
3.44913
3.42685
3.4042
3.38117
3.35778
3.33405
3.31002
3.28574
3.26129
3.23675
3.21224
3.1879
3.1639
3.14045
3.11776
3.09609
3.07574
3.057
3.04023
3.02578
3.01404
3.00542
3.00034
2.99926
3.00267
3.01107
3.02504
3.0452
3.07221
3.10684
3.14993
3.20242
3.26535
3.33987
3.42724
3.52888
3.64631
3.78124
3.93554
4.11134
4.31102
4.53733
4.79346
5.08314
5.41077
5.78153
6.20143
6.67741
7.21721
7.82921
8.52204
9.30385
10.1815
11.1592
12.2372
13.4096
14.6645
15.9787
17.3224
18.6689
19.8634
21.5461
4.60197
4.59702
4.59198
4.58683
4.58153
4.57606
4.57039
4.56449
4.55833
4.55188
4.54512
4.53802
4.53054
4.52267
4.51438
4.50564
4.49642
4.48671
4.47648
4.46571
4.45438
4.44247
4.42998
4.41689
4.40319
4.3889
4.374
4.35853
4.3425
4.32594
4.3089
4.29145
4.27366
4.25563
4.23748
4.21935
4.20142
4.1839
4.16704
4.15112
4.13647
4.12347
4.11257
4.10426
4.09907
4.09765
4.10065
4.10882
4.12298
4.14397
4.17272
4.21018
4.25736
4.31528
4.38499
4.46754
4.564
4.67542
4.80287
4.94742
5.11015
5.2922
5.49474
5.71904
5.96647
6.23853
6.53684
6.86317
7.21938
7.60743
8.02931
8.48698
8.98233
9.51711
10.0929
10.711
11.3727
12.0788
12.8304
13.6281
14.4727
15.3649
16.3054
17.2943
18.3314
19.4152
20.5423
21.7068
22.8995
24.1072
25.3121
26.4925
27.6228
28.6749
29.6205
30.4292
31.086
31.5395
31.8605
31.8471
6.53566
6.57165
6.60708
6.64191
6.67612
6.70971
6.74265
6.77495
6.80662
6.83766
6.8681
6.89796
6.92728
6.95612
6.98454
7.01261
7.04044
7.06814
7.09584
7.12369
7.1519
7.18066
7.21022
7.24087
7.27292
7.30674
7.34275
7.3814
7.42321
7.46877
7.51874
7.57384
7.63487
7.70273
7.77841
7.86299
7.95767
8.06376
8.18268
8.31599
8.46538
8.63267
8.81982
9.02895
9.2623
9.52227
9.81136
10.1322
10.4876
10.8803
11.3132
11.7892
12.3111
12.8818
13.5039
14.1798
14.9118
15.7017
16.551
17.4604
18.4304
19.4605
20.5497
21.696
22.8964
24.1472
25.4434
26.7793
28.148
29.5415
30.9511
32.3671
33.7793
35.1767
36.548
37.882
39.1675
40.3937
41.5506
42.6291
43.6207
44.5183
45.3151
46.0054
46.5835
47.0441
47.382
47.5922
47.6706
47.6143
47.4216
47.0936
46.6316
46.0411
45.3244
44.4862
43.5445
42.4389
41.4353
39.4851
20.383
20.7155
21.0489
21.3832
21.7186
22.055
22.3928
22.7319
23.0725
23.415
23.7595
24.1064
24.4559
24.8085
25.1645
25.5244
25.8887
26.2581
26.6331
27.0143
27.4026
27.7987
28.2034
28.6177
29.0426
29.479
29.9281
30.3911
30.8692
31.3637
31.8761
32.4078
32.9606
33.536
34.1361
34.7627
35.418
36.1044
36.8243
37.5804
38.3759
39.2139
40.0979
41.0319
42.0201
43.0672
44.1781
45.3583
46.6135
47.9501
49.3743
50.893
52.5126
54.2396
56.0799
58.038
60.1174
62.3188
64.6402
67.0756
69.614
72.239
74.9275
77.6496
80.3684
83.0406
85.6172
88.046
90.2733
92.2469
93.9196
95.2517
96.2137
96.7883
96.9707
96.7687
96.2011
95.2958
94.0871
92.6132
90.9134
89.0265
86.989
84.8343
82.5927
80.2908
77.9519
75.5953
73.2365
70.8869
68.5518
66.2356
63.9323
61.6448
59.3567
57.0795
54.8032
52.4831
50.4394
47.1442
131.231
132.964
134.653
136.294
137.884
139.419
140.898
142.317
143.674
144.967
146.193
147.35
148.436
149.447
150.383
151.24
152.017
152.712
153.322
153.846
154.281
154.626
154.879
155.037
155.099
155.063
154.926
154.687
154.344
153.894
153.335
152.666
151.884
150.987
149.973
148.84
147.587
146.212
144.714
143.091
141.343
139.469
137.471
135.349
133.105
130.743
128.266
125.68
122.992
120.21
117.346
114.412
111.422
108.393
105.345
102.299
99.2781
96.3085
93.4167
90.6305
87.9781
85.4869
83.1829
81.0898
79.2271
77.6099
76.2474
75.142
74.2891
73.6767
73.2857
73.0909
73.0618
73.1647
73.3641
73.6249
73.9141
74.2022
74.4636
74.6773
74.8265
74.8972
74.878
74.7585
74.529
74.1807
73.7061
73.1001
72.3622
71.4962
70.5128
69.4247
68.2529
67.0084
65.7226
64.3758
63.0511
61.5754
60.4344
58.1147
1.18512
1.06476
1.41028
1.50969
1.45599
1.32012
1.2075
1.49882
2.86731
5.04466
7.6821
10.6626
13.918
17.3934
21.0463
24.8463
28.774
32.82
36.9842
41.2741
45.7034
50.2897
55.0523
60.0103
65.1806
70.577
76.2084
82.0788
88.1868
94.5257
101.083
107.841
114.776
121.856
129.046
136.303
143.586
150.852
158.066
165.211
172.294
179.322
186.153
192.779
199.158
205.246
210.996
216.358
221.283
225.722
229.629
232.96
235.675
237.738
239.119
239.794
239.748
238.969
237.459
235.224
232.283
228.663
224.4
219.546
214.18
208.452
202.78
198.494
195.253
191.9
188.259
184.346
180.204
175.88
171.419
166.866
162.264
157.652
153.065
148.535
144.09
139.752
135.541
131.472
127.555
123.797
120.203
116.771
113.498
110.376
107.398
104.548
101.818
99.1812
96.6425
94.1577
91.7684
89.3758
87.3286
84.1325
3.81976
2.49635
2.14041
2.08509
2.26981
2.81996
3.87634
5.43525
7.36199
9.45963
11.6265
13.8256
16.0505
18.313
20.6321
23.0265
25.511
28.0959
30.7883
33.5936
36.5167
39.563
42.738
46.0471
49.4953
53.0858
56.8203
60.6979
64.7153
68.8664
73.1424
77.5316
82.0193
86.5882
91.2191
95.8913
100.585
105.282
109.975
114.665
119.364
124.051
128.662
133.169
137.552
141.779
145.821
149.647
153.225
156.524
159.511
162.159
164.437
166.321
167.787
168.815
169.389
169.497
169.132
168.294
166.986
165.219
163.01
160.385
157.38
154.054
150.51
146.919
143.274
139.493
135.563
131.513
127.379
123.202
119.019
114.865
110.771
106.763
102.866
99.097
95.47
91.9947
88.6765
85.517
82.514
79.662
76.9526
74.3742
71.9142
69.5554
67.2845
65.0778
62.9289
60.7995
58.7104
56.5781
54.509
52.258
50.3106
46.7746
6.60745
3.808
3.36882
3.41217
3.89171
4.86373
6.27648
7.94674
9.70548
11.489
13.3049
15.181
17.1511
19.2454
21.4837
23.8739
26.4141
29.0965
31.912
34.8537
37.918
41.1056
44.4205
47.8691
51.4587
55.1966
59.089
63.1406
67.3537
71.7285
76.2626
80.9519
85.7897
90.7678
95.8764
101.104
106.438
111.864
117.365
122.916
128.478
134.04
139.564
145.018
150.363
155.559
160.563
165.334
169.828
174.004
177.818
181.231
184.205
186.702
188.692
190.145
191.041
191.361
191.097
190.246
188.811
186.808
184.258
181.189
177.644
173.673
169.344
164.738
159.902
154.868
149.676
144.373
139.011
133.641
128.31
123.06
117.928
112.946
108.139
103.526
99.1198
94.9294
90.9574
87.2018
83.6569
80.3129
77.1573
74.1742
71.3465
68.6537
66.0775
63.5925
61.1848
58.8204
56.503
54.1707
51.8821
49.4726
47.2715
43.6451
8.89529
5.05488
4.62585
4.76906
5.34399
6.32947
7.62701
9.08967
10.6276
12.2297
13.9223
15.7371
17.7015
19.8345
22.1454
24.6347
27.2972
30.1252
33.1116
36.2519
39.5459
42.9973
46.6134
50.4042
54.3811
58.556
62.9396
67.5417
72.3695
77.4278
82.7188
88.2415
93.9922
99.9639
106.146
112.526
119.085
125.799
132.64
139.567
146.546
153.538
160.492
167.364
174.103
180.654
186.963
192.97
198.62
203.854
208.616
212.853
216.513
219.552
221.928
223.607
224.562
224.777
224.241
222.957
220.937
218.204
214.791
210.742
206.11
200.959
195.36
189.393
183.132
176.645
170.002
163.269
156.514
149.799
143.179
136.705
130.419
124.354
118.536
112.985
107.713
102.724
98.0178
93.589
89.4273
85.5186
81.8458
78.3888
75.1261
72.0334
69.0879
66.2617
63.5353
60.8745
58.2732
55.6772
53.1222
50.4751
48.0103
44.1232
10.4887
5.94677
5.52552
5.72158
6.28867
7.17128
8.29569
9.57692
10.969
12.4684
14.0931
15.8661
17.8098
19.9422
22.2757
24.8171
27.5689
30.5306
33.7014
37.0817
40.6748
44.4872
48.529
52.8127
57.3527
62.1636
67.2597
72.6534
78.3548
84.3705
90.7035
97.3525
104.312
111.571
119.114
126.92
134.96
143.199
151.596
160.097
168.647
177.189
185.661
194.002
202.146
210.024
217.563
224.69
231.333
237.42
242.882
247.654
251.677
254.898
257.272
258.765
259.353
259.022
257.773
255.618
252.585
248.712
244.051
238.666
232.63
226.024
218.939
211.467
203.703
195.736
187.656
179.543
171.475
163.52
155.741
148.188
140.903
133.919
127.26
120.939
114.964
109.335
104.046
99.0863
94.4398
90.0874
86.0074
82.1753
78.5655
75.1502
71.9027
68.7928
65.7966
62.8793
60.0284
57.1931
54.3965
51.5203
48.8257
44.6396
11.5833
6.42088
6.00278
6.23228
6.78352
7.58664
8.59321
9.7565
11.0503
12.4718
14.0345
15.7605
17.6753
19.8036
22.1671
24.783
27.6637
30.8177
34.2517
37.9718
41.9856
46.3027
50.9351
55.8969
61.2033
66.8696
72.9099
79.336
86.1559
93.3737
100.988
108.992
117.373
126.111
135.18
144.545
154.165
163.992
173.965
184.016
194.069
204.049
213.876
223.471
232.753
241.637
250.037
257.866
265.041
271.481
277.109
281.856
285.661
288.471
290.246
290.96
290.598
289.163
286.67
283.153
278.659
273.251
267.005
260.007
252.355
244.153
235.509
226.533
217.334
208.017
198.679
189.41
180.288
171.384
162.754
154.446
146.495
138.925
131.752
124.982
118.613
112.638
107.043
101.809
96.9163
92.3392
88.0514
84.0247
80.2301
76.6371
73.2167
69.9369
66.7715
63.6855
60.6626
57.6552
54.6788
51.6235
48.7574
44.3076
12.2347
6.63442
6.18591
6.43457
6.98825
7.76072
8.71261
9.81577
11.0561
12.436
13.9723
15.6926
17.6301
19.8197
22.2947
25.0842
28.2123
31.6983
35.5578
39.8041
44.4494
49.5057
54.9854
60.9012
67.2649
74.087
81.3753
89.134
97.3622
106.054
115.196
124.768
134.744
145.088
155.758
166.703
177.867
189.179
200.562
211.927
223.182
234.233
244.986
255.346
265.219
274.508
283.12
290.963
297.947
303.992
309.022
312.972
315.789
317.431
317.874
317.106
315.135
311.984
307.697
302.333
295.966
288.688
280.601
271.818
262.459
252.649
242.514
232.175
221.752
211.353
201.077
191.012
181.229
171.79
162.741
154.116
145.936
138.212
130.946
124.132
117.755
111.797
106.236
101.046
96.198
91.6633
87.411
83.4102
79.6296
76.0375
72.6039
69.2967
66.0892
62.9475
59.854
56.7647
53.692
50.5317
47.5674
42.9331
12.3849
6.62622
6.18012
6.46449
7.05467
7.85296
8.82139
9.94116
11.2082
12.6338
14.2437
16.0752
18.173
20.5849
23.3579
26.5356
30.1558
34.2501
38.8438
43.9564
49.6026
55.7928
62.5338
69.8285
77.6763
86.0722
95.0068
104.465
114.427
124.866
135.747
147.031
158.67
170.606
182.782
195.129
207.565
220.002
232.347
244.499
256.353
267.805
278.75
289.086
298.713
307.534
315.455
322.387
328.25
332.969
336.482
338.74
339.707
339.363
337.707
334.756
330.544
325.126
318.576
310.984
302.455
293.11
283.078
272.495
261.501
250.235
238.833
227.423
216.122
205.037
194.256
183.855
173.891
164.407
155.431
146.977
139.047
131.634
124.721
118.286
112.302
106.738
101.561
96.7371
92.2328
88.0137
84.0463
80.2975
76.7355
73.329
70.0484
66.8634
63.7482
60.6719
57.6175
54.5462
51.4696
48.2896
45.3072
40.5914
12.3455
6.55787
6.13261
6.4833
7.1649
8.07249
9.16886
10.4421
11.8979
13.5591
15.4644
17.6654
20.2224
23.1999
26.6619
30.6679
35.2695
40.5079
46.4127
53.0014
60.2797
68.2419
76.8725
86.1479
96.0369
106.502
117.502
128.99
140.914
153.219
165.846
178.73
191.804
204.997
218.227
231.406
244.443
257.243
269.706
281.729
293.207
304.034
314.11
323.336
331.619
338.869
345.006
349.955
353.651
356.041
357.085
356.758
355.051
351.976
347.561
341.856
334.93
326.87
317.784
307.792
297.029
285.64
273.776
261.59
249.233
236.85
224.576
212.534
200.832
189.559
178.787
168.57
158.943
149.923
141.516
133.71
126.487
119.817
113.666
107.994
102.762
97.9249
93.442
89.2719
85.375
81.7137
78.2526
74.9583
71.7993
68.7459
65.7705
62.8457
59.9486
57.0525
54.1427
51.1867
48.1973
45.0839
42.1623
37.4777
12.0803
6.4537
6.14283
6.66727
7.5842
8.79382
10.2684
12.0085
14.0344
16.3852
19.1175
22.3013
26.015
30.3394
35.3507
41.1145
47.6805
55.0784
63.3164
72.3804
82.2354
92.8285
104.094
115.958
128.34
141.157
154.33
167.777
181.421
195.184
208.994
222.774
236.444
249.923
263.13
275.981
288.391
300.274
311.539
322.096
331.852
340.717
348.602
355.427
361.114
365.593
368.804
370.695
371.227
370.374
368.124
364.485
359.48
353.154
345.57
336.811
326.98
316.198
304.598
292.33
279.549
266.417
253.097
239.746
226.515
213.543
200.953
188.849
177.318
166.425
156.214
146.711
137.923
129.841
122.443
115.694
109.553
103.973
98.902
94.2868
90.0744
86.213
82.6529
79.3475
76.2534
73.3308
70.5435
67.8583
65.2452
62.6768
60.1285
57.5767
55.0021
52.3831
49.7088
46.9536
44.1331
41.1658
38.3763
33.8339
11.8816
6.44624
6.45287
7.43937
8.99847
11.0711
13.6678
16.8189
20.5622
24.9443
30.0215
35.8547
42.5038
50.0205
58.4405
67.7769
78.0162
89.1166
101.012
113.611
126.807
140.477
154.504
168.77
183.165
197.584
211.944
226.163
240.164
253.879
267.243
280.194
292.676
304.629
315.995
326.713
336.72
345.952
354.34
361.816
368.308
373.748
378.07
381.213
383.123
383.753
383.069
381.045
377.67
372.948
366.899
359.561
350.992
341.269
330.486
318.758
306.215
293.002
279.275
265.198
250.937
236.659
222.522
208.676
195.257
182.383
170.151
158.638
147.898
137.963
128.845
120.539
113.021
106.256
100.198
94.7935
89.9837
85.7071
81.9011
78.504
75.4555
72.6986
70.1796
67.849
65.6614
63.5763
61.5571
59.5717
57.5918
55.5921
53.5513
51.4495
49.2716
47.0012
44.6316
42.1448
39.5592
36.8046
34.2065
29.9062
11.5702
6.78891
7.76639
10.307
14.1982
19.5442
26.4206
34.7923
44.5174
55.4014
67.2554
79.9077
93.217
107.069
121.366
136.016
150.926
165.998
181.141
196.253
211.224
225.954
240.365
254.397
267.977
281.053
293.578
305.522
316.864
327.583
337.659
347.068
355.788
363.788
371.039
377.504
383.141
387.908
391.755
394.633
396.491
397.279
396.951
395.465
392.789
388.899
383.781
377.437
369.882
361.146
351.279
340.346
328.434
315.645
302.101
287.937
273.302
258.355
243.258
228.179
213.278
198.709
184.615
171.121
158.331
146.331
135.18
124.918
115.559
107.099
99.5158
92.7732
86.8226
81.6071
77.0642
73.1283
69.7324
66.8097
64.2949
62.1248
60.2391
58.5806
57.0962
55.7364
54.4562
53.215
51.9768
50.71
49.3874
47.9857
46.4855
44.8704
43.1285
41.2482
39.2269
37.0539
34.7503
32.2583
29.8963
25.9208
11.4054
8.80153
14.8825
26.1822
43.47
66.0918
92.2236
119.781
147.053
172.918
196.86
218.7
238.487
256.398
272.658
287.485
301.071
313.57
325.162
335.921
345.88
355.085
363.568
371.36
378.504
385.038
390.982
396.351
401.151
405.384
409.045
412.123
414.601
416.456
417.66
418.179
417.978
417.014
415.245
412.629
409.122
404.685
399.283
392.888
385.483
377.059
367.624
357.197
345.815
333.531
320.416
306.559
292.066
277.057
261.667
246.044
230.341
214.715
199.323
184.317
169.836
156.006
142.936
130.712
119.396
109.028
99.624
91.1786
83.6675
77.0508
71.2766
66.2846
62.0094
58.3832
55.338
52.8073
50.7269
49.0352
47.6735
46.5856
45.7179
45.0194
44.4413
43.9375
43.4652
42.9847
42.4602
41.8601
41.1571
40.3282
39.3548
38.222
36.92
35.4408
33.7848
31.9477
29.9529
27.7551
25.6578
22.0683
11.1372
31.5075
94.5784
178.123
264.531
342.36
405.826
453.71
487.546
510.029
524.279
532.279
535.746
536.043
534.19
530.929
526.793
522.165
517.251
512.236
507.259
502.394
497.67
493.083
488.617
484.246
479.936
475.65
471.346
466.978
462.496
457.85
452.984
447.844
442.373
436.515
430.213
423.415
416.068
408.124
399.538
390.273
380.299
369.596
358.156
345.985
333.102
319.543
305.361
290.626
275.424
259.858
244.043
228.109
212.193
196.438
180.988
165.985
151.561
137.836
124.913
112.874
101.781
91.6685
82.5492
74.4129
67.2299
60.9541
55.5273
50.8834
46.9523
43.6631
40.947
38.7388
36.978
35.6091
34.5813
33.8476
33.3638
33.0879
32.9787
32.9957
33.0985
33.2468
33.4013
33.5239
33.5789
33.5334
33.3587
33.03
32.5275
31.836
30.9456
29.8502
28.5517
27.0507
25.3715
23.4814
21.6618
18.4959
14.8409
495.329
899.148
1134.34
1233.27
1245.21
1210.75
1156.38
1096.6
1038.16
983.207
932.356
885.528
842.474
802.976
766.86
733.948
704.027
676.836
652.089
629.505
608.822
589.807
572.257
555.994
540.856
526.697
513.377
500.76
488.716
477.121
465.858
454.816
443.894
432.998
422.045
410.956
399.661
388.098
376.212
363.958
351.301
338.215
324.69
310.727
296.343
281.572
266.462
251.08
235.506
219.836
204.177
188.646
173.368
158.47
144.077
130.308
117.271
105.058
93.7442
83.3809
73.9964
65.5957
58.1607
51.654
46.0215
41.1976
37.1096
33.6817
30.8397
28.513
26.6375
25.156
24.0188
23.1833
22.6132
22.2771
22.1471
22.1974
22.4031
22.7382
23.1752
23.6842
24.2328
24.7866
25.31
25.7671
26.1237
26.3481
26.4124
26.2935
25.9736
25.4409
24.6889
23.7191
22.5353
21.1614
19.5758
18.0326
15.304
)
;

boundaryField
{
    outlet
    {
        type            zeroGradient;
    }
    inlet
    {
        type            fixedValue;
        value           uniform 5.199;
    }
    lowerWall
    {
        type            epsilonWallFunction;
        Cmu             0.09;
        kappa           0.41;
        E               9.8;
        value           nonuniform List<scalar> 
148
(
151.448
203.151
260.735
321.761
383.628
443.724
499.764
550.037
593.488
629.675
658.665
680.9
697.053
707.922
714.333
717.083
716.901
714.428
710.215
704.72
698.321
691.319
683.956
676.42
668.852
661.363
654.027
646.914
639.978
633.627
625.978
626.049
590.588
1.18512
3.81976
6.60745
8.89529
10.4887
11.5833
12.2347
12.3849
12.3455
12.0803
11.8816
11.5702
11.4054
11.1372
14.8409
1.18512
1.06476
1.41028
1.50969
1.45599
1.32012
1.2075
1.49882
2.86731
5.04466
7.6821
10.6626
13.918
17.3934
21.0463
24.8463
28.774
32.82
36.9842
41.2741
45.7034
50.2897
55.0523
60.0103
65.1806
70.577
76.2084
82.0788
88.1868
94.5257
101.083
107.841
114.776
121.856
129.046
136.303
143.586
150.852
158.066
165.211
172.294
179.322
186.153
192.779
199.158
205.246
210.996
216.358
221.283
225.722
229.629
232.96
235.675
237.738
239.119
239.794
239.748
238.969
237.459
235.224
232.283
228.663
224.4
219.546
214.18
208.452
202.78
198.494
195.253
191.9
188.259
184.346
180.204
175.88
171.419
166.866
162.264
157.652
153.065
148.535
144.09
139.752
135.541
131.472
127.555
123.797
120.203
116.771
113.498
110.376
107.398
104.548
101.818
99.1812
96.6425
94.1577
91.7684
89.3758
87.3286
84.1325
)
;
    }
    upperWall
    {
        type            epsilonWallFunction;
        Cmu             0.09;
        kappa           0.41;
        E               9.8;
        value           nonuniform List<scalar> 
133
(
44.7794
48.3124
51.8864
55.4656
59.0311
62.5709
66.0744
69.5319
72.9347
76.2749
79.5457
82.7412
85.8567
88.8881
91.8322
94.6866
97.4498
100.121
102.699
105.184
107.576
109.878
112.089
114.211
116.247
118.197
120.064
121.851
123.559
125.192
126.75
128.238
129.658
131.231
132.964
134.653
136.294
137.884
139.419
140.898
142.317
143.674
144.967
146.193
147.35
148.436
149.447
150.383
151.24
152.017
152.712
153.322
153.846
154.281
154.626
154.879
155.037
155.099
155.063
154.926
154.687
154.344
153.894
153.335
152.666
151.884
150.987
149.973
148.84
147.587
146.212
144.714
143.091
141.343
139.469
137.471
135.349
133.105
130.743
128.266
125.68
122.992
120.21
117.346
114.412
111.422
108.393
105.345
102.299
99.2781
96.3085
93.4167
90.6305
87.9781
85.4869
83.1829
81.0898
79.2271
77.6099
76.2474
75.142
74.2891
73.6767
73.2857
73.0909
73.0618
73.1647
73.3641
73.6249
73.9141
74.2022
74.4636
74.6773
74.8265
74.8972
74.878
74.7585
74.529
74.1807
73.7061
73.1001
72.3622
71.4962
70.5128
69.4247
68.2529
67.0084
65.7226
64.3758
63.0511
61.5754
60.4344
58.1147
)
;
    }
    frontAndBack
    {
        type            empty;
    }
}


// ************************************************************************* //
