/*--------------------------------*- C++ -*----------------------------------*\
| =========                 |                                                 |
| \\      /  F ield         | OpenFOAM: The Open Source CFD Toolbox           |
|  \\    /   O peration     | Version:  2.1.1                                 |
|   \\  /    A nd           | Web:      www.OpenFOAM.org                      |
|    \\/     M anipulation  |                                                 |
\*---------------------------------------------------------------------------*/
FoamFile
{
    version     2.0;
    format      ascii;
    class       volScalarField;
    location    "0.17";
    object      k;
}
// * * * * * * * * * * * * * * * * * * * * * * * * * * * * * * * * * * * * * //

dimensions      [0 2 -2 0 0 0 0];

internalField   nonuniform List<scalar> 
6820
(
0.288909
0.351398
0.415005
0.477466
0.53686
0.591556
0.640369
0.682624
0.718116
0.747018
0.769774
0.787002
0.7994
0.807688
0.812557
0.814642
0.814503
0.812629
0.809431
0.805251
0.800368
0.79501
0.789355
0.783545
0.77769
0.771874
0.766155
0.76059
0.755144
0.75014
0.74409
0.744146
0.715774
0.265532
0.269396
0.270523
0.271341
0.272559
0.274215
0.276227
0.278479
0.28086
0.283286
0.285701
0.288073
0.290393
0.292668
0.294909
0.297137
0.299372
0.301631
0.303931
0.306284
0.308701
0.311186
0.313745
0.316377
0.319083
0.321864
0.32472
0.32766
0.330697
0.333889
0.33725
0.341284
0.345438
0.262038
0.264253
0.263596
0.261557
0.259
0.256318
0.253627
0.250938
0.24824
0.245524
0.242794
0.240061
0.237345
0.234668
0.232052
0.229518
0.227085
0.224769
0.222582
0.220532
0.218628
0.216872
0.215266
0.21381
0.212501
0.211338
0.210317
0.209435
0.208686
0.208076
0.207591
0.207259
0.207023
0.259885
0.260272
0.259797
0.258535
0.256829
0.254891
0.252833
0.250709
0.248547
0.246358
0.244152
0.241935
0.239713
0.237495
0.235286
0.233096
0.230932
0.2288
0.226707
0.224658
0.22266
0.220715
0.218828
0.217001
0.215236
0.213534
0.211896
0.210322
0.20881
0.207362
0.205973
0.204645
0.203369
0.259299
0.258404
0.2576
0.256567
0.255295
0.25385
0.252292
0.250662
0.248984
0.247277
0.245551
0.243815
0.242075
0.240335
0.238601
0.236877
0.235166
0.233473
0.231799
0.230149
0.228524
0.226928
0.225361
0.223826
0.222325
0.220858
0.219426
0.218029
0.216669
0.215344
0.214056
0.212804
0.211589
0.259224
0.257848
0.256623
0.255437
0.254227
0.25297
0.251663
0.250313
0.248929
0.247523
0.246101
0.24467
0.243237
0.241805
0.240378
0.238958
0.237549
0.236153
0.234772
0.233407
0.232061
0.230735
0.229429
0.228145
0.226885
0.225648
0.224435
0.223246
0.222083
0.220946
0.219834
0.218749
0.217691
0.259217
0.257715
0.256309
0.25498
0.253698
0.252442
0.251196
0.249951
0.248704
0.247455
0.246205
0.244956
0.24371
0.242469
0.241237
0.240013
0.238801
0.237601
0.236414
0.235243
0.234087
0.232948
0.231826
0.230722
0.229637
0.22857
0.227523
0.226496
0.225488
0.224501
0.223535
0.22259
0.221667
0.259218
0.25769
0.256225
0.254822
0.253477
0.252181
0.250924
0.249696
0.248492
0.247306
0.246137
0.244981
0.243839
0.242711
0.241595
0.240493
0.239406
0.238332
0.237274
0.236231
0.235203
0.234192
0.233197
0.232218
0.231257
0.230312
0.229385
0.228475
0.227583
0.226708
0.225851
0.225013
0.224193
0.259218
0.257686
0.256207
0.25478
0.253405
0.25208
0.250799
0.24956
0.248357
0.247185
0.246042
0.244925
0.24383
0.242758
0.241705
0.240672
0.239657
0.23866
0.237681
0.23672
0.235776
0.234848
0.233938
0.233045
0.232168
0.231309
0.230465
0.229639
0.228829
0.228035
0.227258
0.226498
0.225754
0.259218
0.257686
0.256203
0.254769
0.253384
0.252045
0.250751
0.2495
0.248288
0.247114
0.245974
0.244867
0.243788
0.242738
0.241713
0.240713
0.239735
0.23878
0.237846
0.236931
0.236037
0.235162
0.234305
0.233466
0.232645
0.231841
0.231054
0.230284
0.22953
0.228793
0.228072
0.227366
0.226677
0.259218
0.257686
0.256202
0.254767
0.253378
0.252035
0.250735
0.249477
0.24826
0.24708
0.245938
0.244829
0.243754
0.242709
0.241693
0.240705
0.239744
0.238807
0.237894
0.237005
0.236137
0.235289
0.234463
0.233656
0.232867
0.232098
0.231346
0.230611
0.229894
0.229193
0.228509
0.227841
0.227188
0.259218
0.257685
0.256201
0.254766
0.253376
0.252031
0.250729
0.249469
0.248248
0.247066
0.24592
0.24481
0.243733
0.242688
0.241674
0.24069
0.239733
0.238803
0.237899
0.237019
0.236163
0.23533
0.234518
0.233727
0.232956
0.232205
0.231473
0.230759
0.230063
0.229384
0.228722
0.228076
0.227447
0.259218
0.257685
0.256201
0.254765
0.253375
0.25203
0.250727
0.249465
0.248243
0.24706
0.245912
0.2448
0.243722
0.242676
0.241662
0.240677
0.239721
0.238793
0.237891
0.237015
0.236163
0.235335
0.234529
0.233746
0.232983
0.232241
0.231518
0.230815
0.23013
0.229463
0.228812
0.228179
0.227562
0.259218
0.257685
0.256201
0.254764
0.253374
0.252028
0.250725
0.249463
0.248241
0.247056
0.245908
0.244795
0.243716
0.242669
0.241654
0.240669
0.239712
0.238784
0.237883
0.237007
0.236156
0.23533
0.234526
0.233745
0.232986
0.232247
0.231528
0.230829
0.230149
0.229487
0.228843
0.228215
0.227605
0.259218
0.257685
0.2562
0.254764
0.253374
0.252028
0.250724
0.249462
0.248239
0.247054
0.245905
0.244792
0.243712
0.242665
0.241649
0.240663
0.239706
0.238778
0.237876
0.237
0.236149
0.235323
0.23452
0.233739
0.23298
0.232243
0.231525
0.230828
0.230149
0.229489
0.228847
0.228222
0.227614
0.259218
0.257685
0.2562
0.254764
0.253373
0.252027
0.250723
0.249461
0.248237
0.247052
0.245903
0.244789
0.243709
0.242662
0.241645
0.240659
0.239702
0.238772
0.23787
0.236994
0.236143
0.235316
0.234513
0.233732
0.232973
0.232236
0.231519
0.230821
0.230143
0.229484
0.228842
0.228218
0.22761
0.259218
0.257685
0.2562
0.254763
0.253373
0.252026
0.250722
0.24946
0.248236
0.24705
0.245901
0.244787
0.243707
0.242659
0.241642
0.240655
0.239698
0.238768
0.237866
0.236989
0.236138
0.235311
0.234507
0.233726
0.232967
0.232229
0.231512
0.230814
0.230136
0.229476
0.228834
0.22821
0.227602
0.259218
0.257685
0.2562
0.254763
0.253372
0.252026
0.250722
0.249459
0.248235
0.247049
0.2459
0.244785
0.243704
0.242656
0.241639
0.240652
0.239694
0.238764
0.237862
0.236985
0.236133
0.235305
0.234501
0.23372
0.232961
0.232222
0.231505
0.230807
0.230128
0.229468
0.228826
0.228201
0.227593
0.259218
0.257684
0.2562
0.254763
0.253372
0.252025
0.250721
0.249458
0.248234
0.247048
0.245898
0.244783
0.243702
0.242654
0.241637
0.240649
0.239691
0.238761
0.237858
0.236981
0.236129
0.235301
0.234496
0.233715
0.232955
0.232217
0.231498
0.2308
0.230121
0.229461
0.228818
0.228193
0.227585
0.259218
0.257684
0.2562
0.254763
0.253371
0.252025
0.25072
0.249457
0.248233
0.247047
0.245897
0.244782
0.243701
0.242652
0.241634
0.240647
0.239688
0.238758
0.237854
0.236977
0.236125
0.235296
0.234492
0.23371
0.23295
0.232211
0.231492
0.230794
0.230114
0.229454
0.228811
0.228185
0.227576
0.259218
0.257684
0.256199
0.254762
0.253371
0.252024
0.25072
0.249456
0.248232
0.247046
0.245895
0.24478
0.243699
0.24265
0.241632
0.240644
0.239686
0.238755
0.237851
0.236973
0.236121
0.235292
0.234488
0.233705
0.232945
0.232206
0.231487
0.230788
0.230108
0.229447
0.228804
0.228178
0.227569
0.259218
0.257684
0.256199
0.254762
0.253371
0.252024
0.250719
0.249456
0.248231
0.247045
0.245894
0.244779
0.243697
0.242648
0.24163
0.240642
0.239683
0.238752
0.237848
0.23697
0.236117
0.235289
0.234484
0.233701
0.23294
0.232201
0.231482
0.230782
0.230102
0.229441
0.228797
0.228171
0.227561
0.259218
0.257684
0.256199
0.254762
0.253371
0.252024
0.250719
0.249455
0.248231
0.247044
0.245893
0.244778
0.243696
0.242647
0.241628
0.24064
0.239681
0.23875
0.237846
0.236967
0.236114
0.235285
0.23448
0.233697
0.232936
0.232196
0.231477
0.230777
0.230097
0.229435
0.228791
0.228164
0.227554
0.259218
0.257684
0.256199
0.254762
0.253371
0.252023
0.250719
0.249455
0.24823
0.247043
0.245893
0.244777
0.243695
0.242645
0.241627
0.240639
0.239679
0.238748
0.237843
0.236965
0.236111
0.235282
0.234477
0.233693
0.232932
0.232192
0.231472
0.230772
0.230092
0.229429
0.228785
0.228158
0.227548
0.259218
0.257684
0.256199
0.254762
0.25337
0.252023
0.250718
0.249454
0.24823
0.247043
0.245892
0.244776
0.243694
0.242644
0.241626
0.240637
0.239677
0.238746
0.237841
0.236962
0.236109
0.235279
0.234473
0.23369
0.232928
0.232188
0.231468
0.230768
0.230087
0.229424
0.228779
0.228152
0.227541
0.259218
0.257684
0.256199
0.254762
0.25337
0.252023
0.250718
0.249454
0.248229
0.247042
0.245891
0.244775
0.243693
0.242643
0.241624
0.240636
0.239676
0.238744
0.237839
0.23696
0.236106
0.235277
0.234471
0.233687
0.232925
0.232185
0.231464
0.230764
0.230082
0.229419
0.228774
0.228147
0.227536
0.259218
0.257684
0.256199
0.254762
0.25337
0.252023
0.250718
0.249454
0.248229
0.247042
0.245891
0.244775
0.243692
0.242642
0.241623
0.240634
0.239675
0.238743
0.237837
0.236958
0.236104
0.235274
0.234468
0.233684
0.232922
0.232181
0.231461
0.23076
0.230078
0.229415
0.22877
0.228142
0.227531
0.259218
0.257684
0.256199
0.254762
0.25337
0.252023
0.250718
0.249454
0.248229
0.247041
0.24589
0.244774
0.243692
0.242642
0.241623
0.240634
0.239674
0.238741
0.237836
0.236957
0.236103
0.235273
0.234466
0.233682
0.23292
0.232179
0.231458
0.230757
0.230075
0.229411
0.228766
0.228138
0.227526
0.259218
0.257684
0.256199
0.254762
0.25337
0.252023
0.250718
0.249453
0.248228
0.247041
0.24589
0.244774
0.243691
0.242641
0.241622
0.240633
0.239672
0.23874
0.237835
0.236955
0.236101
0.235271
0.234464
0.23368
0.232917
0.232176
0.231455
0.230754
0.230072
0.229408
0.228762
0.228134
0.227522
0.259218
0.257684
0.256199
0.254762
0.25337
0.252023
0.250718
0.249454
0.248229
0.247042
0.24589
0.244774
0.243692
0.242641
0.241622
0.240633
0.239673
0.23874
0.237835
0.236955
0.236101
0.23527
0.234463
0.233679
0.232916
0.232175
0.231454
0.230752
0.23007
0.229406
0.22876
0.228131
0.227519
0.259218
0.257684
0.256199
0.254762
0.25337
0.252023
0.250718
0.249453
0.248228
0.247041
0.24589
0.244774
0.243691
0.242641
0.241622
0.240632
0.239672
0.23874
0.237834
0.236955
0.2361
0.23527
0.234463
0.233678
0.232916
0.232174
0.231453
0.230751
0.230069
0.229405
0.228758
0.22813
0.227517
0.259218
0.257684
0.256199
0.254762
0.253371
0.252024
0.25072
0.249456
0.248231
0.247044
0.245894
0.244778
0.243695
0.242645
0.241626
0.240636
0.239676
0.238743
0.237838
0.236958
0.236103
0.235273
0.234466
0.233681
0.232918
0.232176
0.231455
0.230753
0.23007
0.229406
0.228759
0.22813
0.227517
0.259218
0.257685
0.2562
0.254764
0.253373
0.252026
0.250721
0.249457
0.248232
0.247046
0.245895
0.244779
0.243697
0.242647
0.241628
0.240639
0.239679
0.238747
0.237841
0.236961
0.236107
0.235276
0.234469
0.233684
0.232921
0.232178
0.231456
0.230754
0.230071
0.229405
0.228758
0.228128
0.227514
0.259218
0.257685
0.256201
0.254766
0.253378
0.252033
0.250731
0.249469
0.248246
0.24706
0.24591
0.244795
0.243713
0.242663
0.241644
0.240654
0.239693
0.23876
0.237854
0.236973
0.236117
0.235285
0.234476
0.233689
0.232923
0.232179
0.231454
0.230749
0.230063
0.229394
0.228744
0.22811
0.227493
0.259219
0.257689
0.25621
0.254777
0.25339
0.252045
0.250743
0.249482
0.248259
0.247074
0.245924
0.244809
0.243726
0.242676
0.241655
0.240664
0.239701
0.238765
0.237855
0.23697
0.236109
0.235271
0.234456
0.233662
0.23289
0.232137
0.231405
0.230691
0.229995
0.229318
0.228657
0.228013
0.227385
0.25922
0.257694
0.256221
0.254799
0.253423
0.252089
0.250795
0.249539
0.248318
0.247132
0.245978
0.244857
0.243767
0.242706
0.241674
0.240669
0.239691
0.238739
0.237811
0.236907
0.236026
0.235168
0.234331
0.233515
0.232719
0.231943
0.231187
0.230448
0.229728
0.229025
0.228339
0.22767
0.227016
0.259229
0.257738
0.256292
0.254882
0.253508
0.252172
0.250871
0.249603
0.248368
0.247162
0.245985
0.244837
0.243716
0.242621
0.241553
0.240509
0.23949
0.238495
0.237524
0.236575
0.235649
0.234744
0.233861
0.232998
0.232155
0.231332
0.230528
0.229742
0.228975
0.228225
0.227492
0.226776
0.226077
0.259265
0.257822
0.256453
0.255125
0.253805
0.252483
0.251164
0.249855
0.248562
0.247291
0.246046
0.244829
0.24364
0.242481
0.241351
0.240249
0.239175
0.238128
0.237106
0.23611
0.235138
0.23419
0.233264
0.23236
0.231477
0.230615
0.229773
0.22895
0.228147
0.227362
0.226595
0.225846
0.225114
0.259599
0.258632
0.257578
0.256541
0.255587
0.254713
0.253905
0.25315
0.252443
0.25178
0.251162
0.250586
0.250052
0.24956
0.249108
0.248694
0.248318
0.247977
0.24767
0.247395
0.24715
0.246933
0.246743
0.246577
0.246436
0.246316
0.246217
0.246137
0.246075
0.24603
0.246001
0.245987
0.245986
0.266719
0.280569
0.294241
0.307622
0.320668
0.333362
0.345693
0.357649
0.369224
0.380413
0.391212
0.40162
0.41164
0.421273
0.430524
0.4394
0.447908
0.456054
0.46385
0.471303
0.478424
0.485223
0.491711
0.497898
0.503796
0.509416
0.514767
0.519861
0.524709
0.52932
0.533704
0.537872
0.541836
0.843966
1.01373
1.18362
1.35483
1.52565
1.68768
1.83036
1.94588
2.03122
2.0884
2.12278
2.14106
2.14947
2.15265
2.15351
2.15346
2.15299
2.15217
2.15099
2.14957
2.14816
2.14704
2.14649
2.14669
2.1477
2.14944
2.15175
2.15437
2.15699
2.15929
2.1609
2.16146
2.16058
2.15787
2.15294
2.14541
2.13487
2.12095
2.10328
2.08154
2.0554
2.02461
1.98895
1.94827
1.9025
1.85164
1.7958
1.73518
1.6701
1.60098
1.52837
1.45291
1.37536
1.29654
1.21737
1.13879
1.06173
0.987132
0.915851
0.848648
0.786152
0.728836
0.677003
0.630782
0.590144
0.554926
0.52486
0.499611
0.478814
0.462101
0.449129
0.439594
0.43324
0.429863
0.429309
0.431463
0.436238
0.443561
0.453354
0.465509
0.479867
0.496198
0.514178
0.533383
0.553287
0.573265
0.592617
0.610595
0.626428
0.639359
0.648675
0.653735
0.653998
0.649031
0.638566
0.62243
0.600837
0.573274
0.544564
0.489912
0.354303
0.367966
0.388259
0.418193
0.460543
0.517733
0.591355
0.681317
0.785505
0.899855
1.01888
1.13652
1.24712
1.34624
1.43121
1.50123
1.55709
1.60066
1.63429
1.66037
1.68093
1.69756
1.71133
1.72293
1.73273
1.74094
1.74764
1.75286
1.75656
1.75868
1.75913
1.75774
1.75433
1.74866
1.7405
1.72955
1.71556
1.69825
1.67736
1.65268
1.62402
1.59122
1.5542
1.51294
1.46749
1.41799
1.36468
1.30787
1.24801
1.18562
1.12134
1.05586
0.989971
0.924483
0.860234
0.798039
0.738661
0.682773
0.630928
0.58353
0.540825
0.502895
0.469673
0.440967
0.416489
0.395896
0.378821
0.3649
0.353802
0.345233
0.338955
0.334781
0.332578
0.332265
0.333804
0.337197
0.342476
0.349689
0.358886
0.370098
0.383317
0.398466
0.415375
0.433763
0.45322
0.473213
0.493095
0.512131
0.529536
0.54451
0.556285
0.564156
0.56752
0.565898
0.558977
0.546583
0.528897
0.505519
0.480852
0.433047
0.206673
0.206459
0.206876
0.208329
0.211231
0.216133
0.22356
0.234389
0.24975
0.270846
0.298839
0.33468
0.378903
0.431447
0.491541
0.557717
0.62793
0.699789
0.770843
0.838871
0.902101
0.959346
1.01001
1.05403
1.0917
1.12356
1.15021
1.17224
1.19015
1.20431
1.215
1.22235
1.22644
1.22726
1.22479
1.21896
1.20969
1.1969
1.18053
1.16054
1.13692
1.1097
1.07896
1.04484
1.00755
0.96738
0.92468
0.879893
0.833531
0.78617
0.738439
0.690995
0.644504
0.599607
0.556892
0.516869
0.479934
0.446364
0.416296
0.389744
0.366603
0.346678
0.329715
0.315421
0.303502
0.293672
0.285673
0.279284
0.274322
0.270642
0.268141
0.266751
0.266442
0.267214
0.269101
0.272166
0.276497
0.282202
0.2894
0.298209
0.308727
0.32101
0.335039
0.350698
0.36774
0.385781
0.404287
0.422603
0.439974
0.455594
0.468654
0.478392
0.484137
0.485347
0.481652
0.472849
0.45907
0.440009
0.419559
0.379103
0.201951
0.200435
0.199018
0.197702
0.196521
0.19554
0.194843
0.194544
0.194745
0.195623
0.197406
0.200372
0.204851
0.211216
0.219873
0.231236
0.24569
0.263537
0.284942
0.309875
0.338081
0.369074
0.402167
0.436526
0.471248
0.505435
0.538262
0.569027
0.597175
0.622301
0.644137
0.662526
0.677394
0.688722
0.696529
0.700857
0.70176
0.699308
0.693586
0.684701
0.672788
0.658014
0.640588
0.620762
0.598835
0.575153
0.550104
0.524112
0.497625
0.471102
0.444993
0.419721
0.395662
0.373126
0.352345
0.333469
0.316559
0.301603
0.288526
0.277203
0.267484
0.259204
0.252197
0.246308
0.241396
0.237338
0.234034
0.231401
0.229376
0.227918
0.227003
0.226625
0.226798
0.227553
0.228943
0.23104
0.233934
0.237738
0.242579
0.248595
0.255926
0.264697
0.274994
0.286839
0.300153
0.314734
0.330228
0.346132
0.361805
0.376506
0.389444
0.399835
0.40696
0.410218
0.409172
0.403571
0.393478
0.378656
0.362409
0.329481
0.210223
0.208705
0.207211
0.205733
0.204272
0.20284
0.201452
0.200131
0.198897
0.197775
0.196799
0.196014
0.195473
0.195239
0.195386
0.195995
0.19716
0.198977
0.201552
0.204987
0.20938
0.214812
0.221341
0.228988
0.237728
0.247479
0.258103
0.269404
0.281134
0.293009
0.304724
0.315969
0.326445
0.335882
0.344043
0.350738
0.355824
0.359207
0.360845
0.360739
0.358941
0.355539
0.350666
0.344484
0.337188
0.328992
0.320125
0.310824
0.301317
0.291822
0.282531
0.273608
0.265182
0.257343
0.25015
0.243627
0.237773
0.232565
0.227966
0.22393
0.220408
0.217349
0.214702
0.212424
0.210474
0.208819
0.207431
0.206291
0.205385
0.20471
0.204267
0.204071
0.204142
0.204514
0.205231
0.206352
0.20795
0.210112
0.212944
0.216563
0.2211
0.226685
0.233441
0.24146
0.250776
0.261337
0.272974
0.285378
0.298093
0.310529
0.321999
0.331774
0.33914
0.343472
0.34428
0.341261
0.334396
0.323482
0.311196
0.28555
0.216491
0.215132
0.213771
0.212412
0.211055
0.209702
0.208355
0.207017
0.205696
0.204398
0.203134
0.201914
0.200753
0.199666
0.198673
0.197795
0.197053
0.196473
0.196079
0.195897
0.195952
0.196269
0.196867
0.197766
0.198976
0.200505
0.202347
0.204488
0.2069
0.209545
0.212367
0.215304
0.218279
0.221211
0.224013
0.226602
0.228897
0.23083
0.232341
0.233389
0.233951
0.234019
0.233606
0.232741
0.231467
0.229837
0.227915
0.225767
0.22346
0.221059
0.218623
0.216204
0.213846
0.211582
0.209438
0.207429
0.205565
0.203849
0.202279
0.200847
0.199547
0.198369
0.197301
0.196333
0.195458
0.194666
0.193952
0.193314
0.192752
0.192269
0.191874
0.191579
0.191403
0.19137
0.191513
0.191874
0.192504
0.193465
0.194833
0.196695
0.199151
0.20231
0.206282
0.211169
0.217049
0.223951
0.231831
0.240544
0.249821
0.259265
0.268363
0.276518
0.283105
0.287533
0.289307
0.288089
0.283784
0.276197
0.267381
0.248301
0.220616
0.219423
0.218222
0.217013
0.215797
0.214573
0.213344
0.21211
0.210876
0.209645
0.20842
0.207206
0.206008
0.204831
0.203683
0.20257
0.201503
0.200488
0.199537
0.198659
0.197864
0.197161
0.196559
0.196065
0.195686
0.195426
0.195286
0.195267
0.195365
0.195572
0.195879
0.196271
0.196733
0.197245
0.197784
0.198328
0.198853
0.199336
0.199755
0.200092
0.20033
0.200459
0.200472
0.200368
0.200147
0.199818
0.199391
0.198878
0.198294
0.197655
0.196977
0.196273
0.195558
0.194842
0.194136
0.193445
0.192774
0.192127
0.191503
0.190903
0.190323
0.189761
0.189214
0.188678
0.188151
0.187631
0.187116
0.186605
0.186102
0.18561
0.185134
0.184685
0.184275
0.183921
0.183644
0.183471
0.183437
0.183584
0.183963
0.184635
0.18567
0.187147
0.189152
0.191772
0.195083
0.19914
0.203958
0.209488
0.215598
0.222058
0.228531
0.234593
0.239761
0.243543
0.245497
0.245289
0.242775
0.237757
0.231729
0.218117
0.223258
0.222194
0.221119
0.220033
0.218937
0.217833
0.21672
0.215601
0.214476
0.213347
0.212215
0.211083
0.209953
0.208828
0.20771
0.206605
0.205514
0.204443
0.203397
0.202379
0.201396
0.200451
0.199551
0.198699
0.1979
0.197157
0.196474
0.195851
0.19529
0.194791
0.194352
0.193969
0.19364
0.193358
0.193118
0.192913
0.192734
0.192574
0.192426
0.192281
0.192133
0.191976
0.191805
0.191616
0.191407
0.191177
0.190927
0.190656
0.190368
0.190065
0.18975
0.189424
0.189092
0.188754
0.188412
0.188067
0.187719
0.187367
0.187009
0.186644
0.186269
0.185881
0.185477
0.185055
0.184612
0.184147
0.183658
0.183145
0.182609
0.182051
0.181477
0.18089
0.1803
0.179716
0.179152
0.178626
0.178159
0.177778
0.177518
0.177417
0.177525
0.177895
0.17859
0.179674
0.18121
0.183253
0.185835
0.188954
0.192556
0.196518
0.200645
0.204662
0.208236
0.211004
0.212614
0.212778
0.21134
0.208104
0.204114
0.194698
0.224906
0.22394
0.222963
0.221977
0.22098
0.219974
0.218958
0.217934
0.216903
0.215865
0.214822
0.213775
0.212725
0.211674
0.210624
0.209576
0.208533
0.207497
0.20647
0.205455
0.204454
0.203472
0.202509
0.201571
0.200659
0.199777
0.198927
0.198112
0.197332
0.19659
0.195887
0.195222
0.194596
0.194007
0.193455
0.192937
0.192451
0.191995
0.191566
0.19116
0.190776
0.190409
0.190058
0.18972
0.189394
0.189076
0.188766
0.188464
0.188166
0.187874
0.187585
0.187299
0.187014
0.18673
0.186444
0.186154
0.185859
0.185555
0.185239
0.184909
0.18456
0.184191
0.183796
0.183374
0.182922
0.182437
0.181917
0.181362
0.180771
0.180144
0.179484
0.178793
0.178076
0.177338
0.176588
0.175837
0.175097
0.174387
0.173727
0.173143
0.172667
0.172335
0.172189
0.172276
0.172644
0.173336
0.174387
0.175814
0.177601
0.179691
0.181977
0.184296
0.186434
0.188146
0.18918
0.189313
0.188405
0.186279
0.183646
0.177215
0.225891
0.224997
0.224093
0.22318
0.222257
0.221326
0.220386
0.219437
0.218482
0.217519
0.21655
0.215576
0.214598
0.213617
0.212633
0.211648
0.210663
0.20968
0.208699
0.207723
0.206754
0.205792
0.204841
0.203901
0.202976
0.202067
0.201176
0.200306
0.199458
0.198633
0.197834
0.197062
0.196317
0.1956
0.194912
0.194253
0.193622
0.19302
0.192445
0.191896
0.191374
0.190875
0.1904
0.189947
0.189514
0.189101
0.188705
0.188325
0.18796
0.187608
0.187267
0.186935
0.18661
0.186289
0.185969
0.185648
0.185322
0.184988
0.184642
0.184281
0.1839
0.183498
0.183069
0.18261
0.182119
0.181593
0.181029
0.180425
0.179781
0.179096
0.178371
0.177605
0.176803
0.175966
0.175099
0.174209
0.173305
0.172396
0.171496
0.17062
0.16979
0.169028
0.168363
0.167827
0.167453
0.167275
0.167324
0.16762
0.168166
0.168942
0.169894
0.170932
0.171927
0.172725
0.173157
0.173065
0.17234
0.170832
0.169029
0.164593
0.226445
0.225599
0.224747
0.223886
0.223017
0.222141
0.221256
0.220365
0.219466
0.218561
0.217651
0.216734
0.215813
0.214888
0.21396
0.21303
0.212097
0.211164
0.210231
0.209299
0.208369
0.207444
0.206522
0.205608
0.204701
0.203803
0.202916
0.202042
0.201181
0.200337
0.199509
0.1987
0.197911
0.197142
0.196396
0.195673
0.194973
0.194297
0.193645
0.193017
0.192414
0.191834
0.191278
0.190745
0.190234
0.189745
0.189275
0.188825
0.188391
0.187974
0.187569
0.187177
0.186793
0.186415
0.186041
0.185666
0.185289
0.184904
0.184509
0.1841
0.183673
0.183225
0.182751
0.182249
0.181714
0.181145
0.180539
0.179893
0.179205
0.178475
0.177702
0.176885
0.176027
0.175127
0.17419
0.173218
0.172217
0.171192
0.170153
0.169109
0.168072
0.167059
0.166086
0.165176
0.164351
0.163636
0.163054
0.162626
0.162362
0.162259
0.162296
0.162425
0.162577
0.162659
0.162566
0.162193
0.161464
0.160257
0.158922
0.155747
0.22673
0.225917
0.225097
0.224271
0.223438
0.222599
0.221754
0.220902
0.220045
0.219181
0.218313
0.217439
0.216561
0.21568
0.214794
0.213906
0.213016
0.212124
0.21123
0.210337
0.209444
0.208553
0.207663
0.206778
0.205896
0.20502
0.204151
0.20329
0.202438
0.201597
0.200767
0.199951
0.19915
0.198364
0.197595
0.196844
0.196111
0.195399
0.194706
0.194035
0.193385
0.192756
0.192148
0.191562
0.190996
0.190451
0.189926
0.189419
0.188929
0.188455
0.187995
0.187547
0.187108
0.186676
0.186248
0.185822
0.185393
0.184959
0.184515
0.184059
0.183587
0.183095
0.182579
0.182036
0.181463
0.180857
0.180214
0.179533
0.178812
0.178049
0.177242
0.176391
0.175497
0.17456
0.17358
0.172561
0.171505
0.170416
0.1693
0.168162
0.167011
0.165857
0.164711
0.163587
0.162501
0.161469
0.16051
0.159639
0.158869
0.158206
0.157643
0.157162
0.156726
0.156286
0.15578
0.155142
0.154327
0.153239
0.152142
0.149724
0.226861
0.226066
0.225266
0.224461
0.223651
0.222836
0.222015
0.221189
0.220359
0.219523
0.218684
0.21784
0.216992
0.216141
0.215286
0.214429
0.213569
0.212708
0.211845
0.210982
0.210118
0.209254
0.208392
0.207531
0.206673
0.205819
0.204969
0.204124
0.203286
0.202456
0.201634
0.200822
0.200021
0.199232
0.198457
0.197695
0.196949
0.196218
0.195505
0.194809
0.194131
0.193472
0.192831
0.19221
0.191607
0.191023
0.190456
0.189907
0.189374
0.188856
0.188351
0.187857
0.187373
0.186896
0.186423
0.185952
0.18548
0.185003
0.184518
0.184021
0.18351
0.182981
0.182429
0.181853
0.181248
0.180611
0.17994
0.179233
0.178486
0.177699
0.176869
0.175996
0.175079
0.174119
0.173115
0.17207
0.170985
0.169862
0.168706
0.167519
0.166309
0.16508
0.163842
0.162603
0.161373
0.160165
0.158991
0.157865
0.156796
0.155793
0.154859
0.153988
0.153166
0.152367
0.151561
0.150709
0.149788
0.148722
0.147728
0.145738
0.226911
0.226126
0.225336
0.224543
0.223745
0.222943
0.222137
0.221327
0.220512
0.219694
0.218872
0.218047
0.217219
0.216387
0.215553
0.214716
0.213878
0.213038
0.212196
0.211353
0.21051
0.209667
0.208825
0.207983
0.207144
0.206306
0.205472
0.204642
0.203817
0.202998
0.202185
0.20138
0.200584
0.199797
0.199021
0.198256
0.197504
0.196765
0.19604
0.19533
0.194636
0.193958
0.193296
0.192651
0.192022
0.19141
0.190814
0.190234
0.189668
0.189116
0.188577
0.188048
0.187528
0.187015
0.186507
0.186
0.185492
0.18498
0.184462
0.183933
0.18339
0.182831
0.182251
0.181648
0.181017
0.180358
0.179665
0.178938
0.178173
0.177368
0.176523
0.175635
0.174705
0.173731
0.172715
0.171656
0.170556
0.169417
0.168242
0.167033
0.165794
0.16453
0.163247
0.16195
0.160647
0.159348
0.15806
0.156794
0.155559
0.154363
0.153212
0.152108
0.151046
0.150018
0.149009
0.148
0.146982
0.145897
0.144937
0.14317
0.226924
0.226143
0.225358
0.224569
0.223778
0.222982
0.222184
0.221382
0.220576
0.219767
0.218955
0.218141
0.217323
0.216504
0.215682
0.214857
0.214032
0.213204
0.212376
0.211547
0.210717
0.209887
0.209058
0.208229
0.207402
0.206577
0.205754
0.204935
0.204119
0.203308
0.202502
0.201703
0.200911
0.200127
0.199352
0.198586
0.197831
0.197088
0.196357
0.195638
0.194933
0.194242
0.193566
0.192904
0.192258
0.191626
0.191008
0.190405
0.189815
0.189238
0.188672
0.188116
0.187569
0.187028
0.186491
0.185956
0.185421
0.184882
0.184337
0.183782
0.183215
0.182631
0.182029
0.181405
0.180756
0.180078
0.179369
0.178627
0.177848
0.177032
0.176176
0.17528
0.174341
0.173361
0.172338
0.171273
0.170168
0.169023
0.16784
0.166623
0.165373
0.164095
0.162793
0.161472
0.160137
0.158794
0.157452
0.156116
0.154796
0.153498
0.152229
0.150994
0.149794
0.148627
0.147492
0.146377
0.145287
0.144171
0.14321
0.141548
0.226921
0.226141
0.225358
0.224572
0.223782
0.22299
0.222194
0.221395
0.220594
0.21979
0.218983
0.218173
0.217361
0.216547
0.215732
0.214914
0.214095
0.213275
0.212453
0.211632
0.210809
0.209987
0.209165
0.208344
0.207524
0.206706
0.205889
0.205076
0.204266
0.20346
0.202659
0.201863
0.201074
0.200291
0.199516
0.19875
0.197993
0.197246
0.19651
0.195785
0.195072
0.194372
0.193685
0.193011
0.19235
0.191703
0.19107
0.190449
0.189841
0.189244
0.188658
0.188081
0.187512
0.186949
0.18639
0.185833
0.185276
0.184716
0.184149
0.183574
0.182988
0.182386
0.181767
0.181126
0.180462
0.17977
0.179049
0.178296
0.177508
0.176684
0.175821
0.174919
0.173976
0.172992
0.171967
0.170901
0.169795
0.168649
0.167466
0.166248
0.164997
0.163717
0.162411
0.161082
0.159736
0.158378
0.157013
0.155648
0.154289
0.152943
0.151616
0.150313
0.149039
0.147797
0.146588
0.145409
0.144268
0.143123
0.142151
0.140526
0.226913
0.226133
0.22535
0.224564
0.223775
0.222983
0.222189
0.221391
0.220591
0.219788
0.218983
0.218175
0.217366
0.216554
0.215741
0.214926
0.21411
0.213292
0.212474
0.211655
0.210836
0.210017
0.209199
0.208381
0.207564
0.206748
0.205935
0.205124
0.204316
0.203512
0.202713
0.201918
0.201128
0.200345
0.199569
0.198801
0.198041
0.19729
0.196549
0.195819
0.195099
0.194391
0.193695
0.193011
0.19234
0.191681
0.191034
0.190399
0.189776
0.189164
0.188561
0.187968
0.187381
0.186801
0.186225
0.18565
0.185075
0.184498
0.183914
0.183323
0.182721
0.182105
0.181471
0.180818
0.180142
0.17944
0.17871
0.177948
0.177154
0.176324
0.175457
0.174551
0.173606
0.172621
0.171596
0.170531
0.169426
0.168284
0.167104
0.165889
0.164642
0.163365
0.162062
0.160735
0.15939
0.15803
0.156661
0.155287
0.153915
0.15255
0.151199
0.149866
0.148557
0.147277
0.146029
0.144813
0.143641
0.142474
0.141487
0.139868
0.226904
0.226124
0.22534
0.224554
0.223764
0.222972
0.222177
0.22138
0.22058
0.219777
0.218972
0.218164
0.217355
0.216544
0.215731
0.214916
0.214101
0.213284
0.212466
0.211648
0.210829
0.210011
0.209192
0.208375
0.207558
0.206743
0.20593
0.205119
0.204311
0.203506
0.202705
0.201909
0.201118
0.200333
0.199554
0.198783
0.198019
0.197264
0.196517
0.195781
0.195055
0.194339
0.193635
0.192942
0.192261
0.191591
0.190933
0.190286
0.189651
0.189025
0.188409
0.187801
0.187201
0.186606
0.186015
0.185425
0.184836
0.184244
0.183647
0.183042
0.182427
0.181799
0.181154
0.180491
0.179805
0.179095
0.178357
0.177589
0.176789
0.175956
0.175086
0.174178
0.173233
0.172248
0.171224
0.170161
0.16906
0.167921
0.166746
0.165537
0.164296
0.163025
0.161728
0.160408
0.159068
0.157714
0.156348
0.154977
0.153605
0.152237
0.150879
0.149537
0.148215
0.146918
0.145652
0.144416
0.143226
0.142042
0.141042
0.139411
0.226895
0.226114
0.22533
0.224543
0.223753
0.22296
0.222164
0.221366
0.220565
0.219762
0.218957
0.218149
0.217339
0.216527
0.215713
0.214898
0.214081
0.213264
0.212445
0.211626
0.210806
0.209987
0.209167
0.208348
0.20753
0.206713
0.205898
0.205085
0.204275
0.203468
0.202665
0.201866
0.201072
0.200283
0.1995
0.198724
0.197956
0.197195
0.196443
0.195701
0.194968
0.194245
0.193532
0.192831
0.19214
0.191461
0.190793
0.190135
0.189488
0.188851
0.188223
0.187603
0.186989
0.186382
0.185778
0.185176
0.184574
0.183969
0.18336
0.182744
0.182118
0.181479
0.180825
0.180152
0.179459
0.178741
0.177998
0.177225
0.176421
0.175584
0.174712
0.173804
0.172858
0.171874
0.170852
0.169792
0.168694
0.16756
0.16639
0.165187
0.163953
0.162689
0.1614
0.160088
0.158757
0.15741
0.156052
0.154688
0.153322
0.151958
0.150603
0.14926
0.147936
0.146634
0.14536
0.144115
0.142913
0.141717
0.140704
0.139054
0.226886
0.226104
0.22532
0.224532
0.223741
0.222948
0.222152
0.221353
0.220551
0.219747
0.21894
0.218131
0.21732
0.216507
0.215693
0.214876
0.214058
0.213239
0.212419
0.211598
0.210777
0.209955
0.209134
0.208312
0.207492
0.206673
0.205855
0.205039
0.204226
0.203416
0.202609
0.201806
0.201008
0.200215
0.199427
0.198646
0.197872
0.197106
0.196348
0.195598
0.194858
0.194128
0.193407
0.192697
0.191998
0.191309
0.190631
0.189963
0.189306
0.188658
0.188019
0.187387
0.186762
0.186143
0.185527
0.184914
0.1843
0.183685
0.183065
0.182438
0.181802
0.181154
0.180491
0.179811
0.17911
0.178386
0.177637
0.17686
0.176052
0.175213
0.174339
0.17343
0.172484
0.171502
0.170482
0.169424
0.16833
0.1672
0.166035
0.164838
0.16361
0.162354
0.161072
0.159768
0.158446
0.157108
0.155759
0.154403
0.153044
0.151688
0.150338
0.148999
0.147677
0.146374
0.145097
0.143846
0.142636
0.14143
0.140405
0.138729
0.226878
0.226095
0.22531
0.224522
0.22373
0.222936
0.222139
0.221339
0.220537
0.219732
0.218924
0.218114
0.217302
0.216488
0.215672
0.214854
0.214035
0.213214
0.212392
0.211569
0.210746
0.209922
0.209098
0.208274
0.207451
0.206629
0.205808
0.204989
0.204172
0.203358
0.202547
0.20174
0.200937
0.200139
0.199346
0.19856
0.19778
0.197007
0.196243
0.195487
0.194739
0.194001
0.193273
0.192554
0.191846
0.191148
0.190461
0.189783
0.189116
0.188457
0.187808
0.187165
0.18653
0.1859
0.185273
0.184649
0.184025
0.183399
0.182769
0.182132
0.181487
0.18083
0.180159
0.179471
0.178764
0.178034
0.177279
0.176498
0.175687
0.174844
0.173969
0.173059
0.172113
0.171131
0.170112
0.169057
0.167965
0.166839
0.165679
0.164487
0.163264
0.162014
0.16074
0.159443
0.158128
0.156799
0.155458
0.154109
0.152758
0.151409
0.150065
0.14873
0.14741
0.146108
0.144829
0.143574
0.142355
0.141137
0.140099
0.138394
0.22687
0.226087
0.225301
0.224512
0.22372
0.222925
0.222127
0.221326
0.220523
0.219717
0.218908
0.218098
0.217284
0.216469
0.215651
0.214832
0.214011
0.213189
0.212365
0.21154
0.210714
0.209888
0.209062
0.208235
0.207409
0.206584
0.20576
0.204937
0.204117
0.203299
0.202484
0.201672
0.200864
0.200061
0.199264
0.198472
0.197686
0.196907
0.196136
0.195373
0.194618
0.193873
0.193136
0.19241
0.191693
0.190987
0.19029
0.189603
0.188926
0.188257
0.187597
0.186945
0.186299
0.185658
0.185021
0.184386
0.183752
0.183116
0.182476
0.181831
0.181176
0.180511
0.179832
0.179137
0.178422
0.177686
0.176927
0.17614
0.175325
0.17448
0.173601
0.172689
0.171743
0.17076
0.169742
0.168687
0.167598
0.166474
0.165317
0.164128
0.16291
0.161665
0.160396
0.159105
0.157797
0.156473
0.155139
0.153797
0.152452
0.151107
0.149767
0.148436
0.147117
0.145814
0.144531
0.143269
0.142041
0.140809
0.139755
0.138018
0.226862
0.226079
0.225292
0.224503
0.22371
0.222914
0.222116
0.221314
0.22051
0.219703
0.218894
0.218082
0.217267
0.216451
0.215632
0.214811
0.213989
0.213164
0.212339
0.211512
0.210684
0.209856
0.209027
0.208198
0.207369
0.206541
0.205713
0.204887
0.204063
0.203241
0.202422
0.201606
0.200794
0.199986
0.199183
0.198385
0.197594
0.196809
0.196032
0.195262
0.1945
0.193747
0.193003
0.192269
0.191544
0.190828
0.190123
0.189427
0.18874
0.188062
0.187392
0.186729
0.186073
0.185423
0.184775
0.184131
0.183486
0.18284
0.182191
0.181536
0.180872
0.180198
0.179511
0.178808
0.178086
0.177344
0.176578
0.175786
0.174966
0.174116
0.173234
0.172319
0.17137
0.170386
0.169366
0.168311
0.167221
0.166098
0.164942
0.163755
0.16254
0.161297
0.160031
0.158744
0.15744
0.15612
0.15479
0.153452
0.15211
0.150768
0.14943
0.148099
0.146778
0.145471
0.144182
0.14291
0.141668
0.14042
0.139349
0.137574
0.226855
0.226071
0.225284
0.224494
0.2237
0.222904
0.222105
0.221303
0.220498
0.21969
0.218879
0.218066
0.217251
0.216433
0.215613
0.214791
0.213967
0.213141
0.212314
0.211485
0.210656
0.209825
0.208994
0.208162
0.207331
0.206499
0.205669
0.20484
0.204012
0.203186
0.202363
0.201543
0.200726
0.199914
0.199106
0.198303
0.197506
0.196715
0.195931
0.195155
0.194386
0.193626
0.192875
0.192132
0.191399
0.190676
0.189962
0.189257
0.188561
0.187873
0.187194
0.186522
0.185856
0.185195
0.184537
0.183882
0.183228
0.182572
0.181913
0.181248
0.180575
0.179892
0.179195
0.178484
0.177754
0.177004
0.17623
0.175431
0.174605
0.173749
0.172861
0.171941
0.170987
0.169999
0.168975
0.167918
0.166825
0.1657
0.164543
0.163355
0.162139
0.160897
0.159632
0.158346
0.157042
0.155724
0.154394
0.153057
0.151716
0.150373
0.149033
0.147698
0.146372
0.145057
0.143758
0.142472
0.141215
0.139947
0.138855
0.137041
0.226849
0.226064
0.225277
0.224486
0.223692
0.222895
0.222095
0.221292
0.220486
0.219677
0.218866
0.218052
0.217236
0.216417
0.215595
0.214772
0.213947
0.213119
0.21229
0.21146
0.210628
0.209796
0.208962
0.208128
0.207294
0.20646
0.205627
0.204794
0.203963
0.203134
0.202307
0.201483
0.200662
0.199845
0.199032
0.198224
0.197422
0.196625
0.195836
0.195053
0.194278
0.193511
0.192753
0.192003
0.191262
0.19053
0.189807
0.189094
0.188389
0.187692
0.187003
0.186321
0.185645
0.184974
0.184307
0.183641
0.182976
0.18231
0.18164
0.180964
0.180281
0.179587
0.17888
0.178159
0.177419
0.176659
0.175876
0.175067
0.174232
0.173367
0.172471
0.171543
0.170581
0.169586
0.168556
0.167491
0.166393
0.165263
0.164101
0.162909
0.161689
0.160444
0.159176
0.157887
0.156582
0.155261
0.153929
0.15259
0.151245
0.149897
0.148552
0.147209
0.145874
0.144548
0.143234
0.141932
0.140654
0.139364
0.138249
0.136397
0.226843
0.226058
0.22527
0.224478
0.223684
0.222886
0.222085
0.221282
0.220475
0.219666
0.218853
0.218039
0.217221
0.216401
0.215579
0.214754
0.213927
0.213099
0.212268
0.211436
0.210603
0.209768
0.208932
0.208096
0.20726
0.206423
0.205587
0.204752
0.203918
0.203085
0.202255
0.201427
0.200602
0.19978
0.198963
0.19815
0.197343
0.196541
0.195745
0.194957
0.194176
0.193402
0.192636
0.191879
0.191131
0.190391
0.18966
0.188938
0.188224
0.187518
0.186819
0.186127
0.18544
0.184759
0.18408
0.183403
0.182727
0.182048
0.181366
0.180678
0.179982
0.179276
0.178557
0.177822
0.177069
0.176296
0.1755
0.174679
0.173831
0.172953
0.172045
0.171105
0.170131
0.169124
0.168083
0.167009
0.165901
0.164761
0.16359
0.16239
0.161163
0.159911
0.158636
0.157341
0.15603
0.154703
0.153365
0.152019
0.150666
0.149311
0.147955
0.146601
0.145253
0.143911
0.14258
0.141258
0.139959
0.138646
0.137509
0.135625
0.226837
0.226052
0.225263
0.224471
0.223676
0.222878
0.222077
0.221272
0.220465
0.219655
0.218842
0.218026
0.217208
0.216387
0.215563
0.214737
0.213909
0.213079
0.212247
0.211414
0.210579
0.209742
0.208905
0.208066
0.207228
0.206389
0.20555
0.204712
0.203875
0.203039
0.202205
0.201374
0.200545
0.199719
0.198898
0.19808
0.197268
0.196461
0.19566
0.194865
0.194078
0.193298
0.192525
0.191761
0.191004
0.190257
0.189517
0.188785
0.188062
0.187346
0.186636
0.185933
0.185235
0.184541
0.18385
0.18316
0.182469
0.181777
0.18108
0.180377
0.179665
0.178942
0.178206
0.177454
0.176684
0.175894
0.17508
0.174241
0.173375
0.17248
0.171554
0.170596
0.169606
0.168582
0.167525
0.166435
0.165312
0.164158
0.162974
0.161762
0.160523
0.15926
0.157974
0.15667
0.155348
0.154011
0.152663
0.151306
0.149943
0.148575
0.147206
0.145837
0.144472
0.143113
0.141762
0.140421
0.139101
0.13777
0.136614
0.134717
0.226832
0.226046
0.225257
0.224465
0.223669
0.222871
0.222069
0.221264
0.220456
0.219645
0.218831
0.218015
0.217195
0.216373
0.215549
0.214722
0.213893
0.213062
0.212228
0.211393
0.210556
0.209718
0.208879
0.208039
0.207198
0.206357
0.205515
0.204675
0.203835
0.202996
0.202159
0.201323
0.200491
0.199661
0.198835
0.198013
0.197196
0.196384
0.195577
0.194777
0.193982
0.193195
0.192415
0.191643
0.190878
0.190121
0.189372
0.18863
0.187895
0.187168
0.186446
0.185729
0.185017
0.184308
0.183601
0.182894
0.182186
0.181475
0.180759
0.180035
0.179303
0.178558
0.1778
0.177025
0.176231
0.175417
0.174579
0.173715
0.172825
0.171905
0.170955
0.169973
0.168959
0.167913
0.166834
0.165723
0.16458
0.163407
0.162205
0.160975
0.15972
0.158442
0.157142
0.155823
0.154488
0.153138
0.151776
0.150405
0.149027
0.147644
0.146259
0.144874
0.143492
0.142116
0.140748
0.139391
0.138059
0.136721
0.135559
0.133687
0.226828
0.226042
0.225252
0.224459
0.223663
0.222864
0.222062
0.221256
0.220448
0.219636
0.218822
0.218004
0.217184
0.216361
0.215536
0.214708
0.213878
0.213045
0.21221
0.211374
0.210536
0.209696
0.208855
0.208012
0.207169
0.206326
0.205482
0.204639
0.203796
0.202954
0.202113
0.201274
0.200438
0.199604
0.198773
0.197946
0.197123
0.196305
0.195492
0.194684
0.193882
0.193087
0.192298
0.191516
0.190741
0.189973
0.189211
0.188456
0.187708
0.186965
0.186227
0.185493
0.184762
0.184033
0.183305
0.182576
0.181844
0.181107
0.180365
0.179614
0.178853
0.178078
0.177289
0.176483
0.175657
0.17481
0.173939
0.173043
0.17212
0.171168
0.170186
0.169173
0.168129
0.167054
0.165947
0.164809
0.163641
0.162444
0.161219
0.159968
0.158693
0.157396
0.156078
0.154742
0.15339
0.152024
0.150647
0.14926
0.147866
0.146468
0.145068
0.143669
0.142275
0.140888
0.139514
0.138157
0.136832
0.135518
0.134378
0.132616
0.226825
0.226038
0.225248
0.224455
0.223659
0.222859
0.222056
0.22125
0.220441
0.219629
0.218813
0.217995
0.217174
0.216351
0.215524
0.214695
0.213863
0.21303
0.212193
0.211355
0.210515
0.209674
0.20883
0.207986
0.20714
0.206294
0.205448
0.204601
0.203754
0.202908
0.202063
0.20122
0.200378
0.199539
0.198702
0.197868
0.197038
0.196212
0.19539
0.194573
0.193761
0.192955
0.192154
0.191358
0.190569
0.189785
0.189007
0.188234
0.187465
0.186701
0.18594
0.185182
0.184425
0.183668
0.182911
0.18215
0.181385
0.180614
0.179835
0.179047
0.178246
0.177432
0.176602
0.175753
0.174885
0.173996
0.173082
0.172144
0.171179
0.170186
0.169164
0.168113
0.167032
0.165921
0.164781
0.163612
0.162414
0.161189
0.159938
0.158663
0.157365
0.156047
0.154709
0.153355
0.151985
0.150603
0.149211
0.14781
0.146405
0.144997
0.143591
0.142189
0.140799
0.139424
0.138074
0.136756
0.135488
0.134266
0.133213
0.131745
0.226823
0.226036
0.225246
0.224452
0.223655
0.222855
0.222051
0.221244
0.220435
0.219621
0.218805
0.217986
0.217164
0.216339
0.215511
0.214681
0.213847
0.213012
0.212173
0.211333
0.21049
0.209646
0.2088
0.207952
0.207103
0.206252
0.205401
0.20455
0.203698
0.202846
0.201994
0.201144
0.200294
0.199446
0.1986
0.197756
0.196915
0.196076
0.195242
0.19441
0.193583
0.192759
0.19194
0.191125
0.190314
0.189507
0.188703
0.187903
0.187106
0.186311
0.185517
0.184724
0.183929
0.183133
0.182334
0.181529
0.180719
0.1799
0.179072
0.178233
0.17738
0.176513
0.175629
0.174728
0.173806
0.172863
0.171897
0.170907
0.169892
0.168851
0.167783
0.166687
0.165565
0.164414
0.163237
0.162032
0.160802
0.159548
0.158269
0.156969
0.155648
0.154309
0.152953
0.151582
0.1502
0.148808
0.147409
0.146007
0.144606
0.14321
0.141825
0.140457
0.139116
0.137813
0.136561
0.135378
0.134284
0.133319
0.132501
0.131758
0.226822
0.226034
0.225243
0.224449
0.223651
0.22285
0.222045
0.221237
0.220426
0.219611
0.218793
0.217972
0.217148
0.21632
0.21549
0.214656
0.21382
0.21298
0.212138
0.211293
0.210446
0.209596
0.208744
0.20789
0.207034
0.206176
0.205317
0.204456
0.203594
0.202732
0.201869
0.201006
0.200143
0.19928
0.198418
0.197557
0.196697
0.195839
0.194982
0.194128
0.193275
0.192425
0.191576
0.19073
0.189886
0.189044
0.188203
0.187363
0.186523
0.185683
0.184841
0.183998
0.183151
0.1823
0.181443
0.180579
0.179707
0.178826
0.177934
0.177029
0.17611
0.175177
0.174227
0.17326
0.172274
0.171268
0.170242
0.169193
0.168122
0.167027
0.165909
0.164766
0.163599
0.162407
0.161192
0.159953
0.158691
0.157408
0.156105
0.154784
0.153446
0.152095
0.150732
0.14936
0.147984
0.146607
0.145234
0.14387
0.142524
0.141202
0.139917
0.138682
0.137514
0.136435
0.135474
0.13467
0.134053
0.133761
0.133565
0.134664
0.226818
0.226028
0.225236
0.224439
0.223639
0.222835
0.222027
0.221216
0.220401
0.219582
0.21876
0.217934
0.217104
0.216271
0.215434
0.214593
0.213749
0.212902
0.212051
0.211196
0.210339
0.209478
0.208613
0.207746
0.206876
0.206003
0.205128
0.20425
0.20337
0.202488
0.201604
0.200718
0.19983
0.198942
0.198052
0.197162
0.196271
0.195379
0.194488
0.193595
0.192703
0.19181
0.190918
0.190024
0.18913
0.188235
0.187339
0.186441
0.18554
0.184637
0.183729
0.182817
0.181899
0.180975
0.180043
0.179102
0.178153
0.177193
0.176221
0.175238
0.174241
0.173231
0.172205
0.171165
0.170108
0.169034
0.167942
0.166832
0.165703
0.164555
0.163386
0.162197
0.160988
0.159759
0.158511
0.157245
0.155962
0.154664
0.153353
0.152033
0.150707
0.149379
0.148054
0.146737
0.145436
0.144157
0.142911
0.141711
0.140571
0.13951
0.138553
0.137731
0.137086
0.136669
0.136547
0.136819
0.137545
0.139098
0.140659
0.146558
0.226792
0.225997
0.225198
0.224395
0.223588
0.222776
0.22196
0.22114
0.220315
0.219485
0.218652
0.217813
0.216971
0.216123
0.215271
0.214415
0.213554
0.212688
0.211818
0.210943
0.210064
0.20918
0.208292
0.207399
0.206502
0.205601
0.204695
0.203786
0.202872
0.201955
0.201034
0.200109
0.199181
0.198249
0.197314
0.196376
0.195435
0.194492
0.193545
0.192595
0.191643
0.190688
0.189729
0.188768
0.187803
0.186834
0.185861
0.184884
0.183901
0.182913
0.181919
0.180919
0.179912
0.178896
0.177873
0.176841
0.175799
0.174748
0.173687
0.172616
0.171533
0.17044
0.169336
0.168219
0.167091
0.16595
0.164796
0.163629
0.162448
0.161254
0.160047
0.158827
0.157595
0.156354
0.155106
0.153853
0.1526
0.151351
0.150112
0.148889
0.14769
0.146525
0.145404
0.144341
0.143352
0.142456
0.141679
0.141051
0.140612
0.140413
0.14052
0.141014
0.142001
0.143616
0.146018
0.149423
0.153962
0.16036
0.166668
0.183085
0.226672
0.225862
0.225047
0.224226
0.2234
0.222569
0.221732
0.22089
0.220041
0.219188
0.218328
0.217463
0.216591
0.215714
0.214831
0.213942
0.213047
0.212145
0.211238
0.210324
0.209404
0.208478
0.207546
0.206607
0.205663
0.204712
0.203755
0.202792
0.201823
0.200848
0.199867
0.19888
0.197888
0.19689
0.195886
0.194876
0.193861
0.192841
0.191815
0.190783
0.189746
0.188704
0.187656
0.186602
0.185542
0.184477
0.183405
0.182328
0.181244
0.180153
0.179056
0.177953
0.176842
0.175725
0.174602
0.173471
0.172335
0.171192
0.170043
0.168888
0.167728
0.166563
0.165393
0.164218
0.16304
0.16186
0.160677
0.159495
0.158315
0.157141
0.155975
0.154823
0.15369
0.152583
0.151511
0.150484
0.149513
0.148611
0.147794
0.147081
0.146493
0.146055
0.145797
0.145758
0.145981
0.146524
0.147453
0.148856
0.150834
0.153514
0.157046
0.161605
0.167392
0.174618
0.183503
0.194262
0.206932
0.222185
0.236819
0.266078
0.226272
0.225427
0.224575
0.223716
0.22285
0.221977
0.221097
0.22021
0.219316
0.218414
0.217505
0.216588
0.215664
0.214732
0.213793
0.212846
0.211891
0.210928
0.209957
0.208978
0.207991
0.206996
0.205993
0.204981
0.203962
0.202934
0.201898
0.200854
0.199802
0.198742
0.197674
0.196598
0.195514
0.194422
0.193322
0.192215
0.191101
0.189979
0.18885
0.187715
0.186572
0.185423
0.184269
0.183108
0.181942
0.180771
0.179595
0.178416
0.177233
0.176047
0.17486
0.173671
0.172482
0.171294
0.170109
0.168926
0.167749
0.166579
0.165419
0.16427
0.163136
0.162021
0.16093
0.159868
0.158841
0.157858
0.156928
0.156062
0.155273
0.154576
0.153988
0.153528
0.153216
0.153078
0.153139
0.153428
0.153979
0.154827
0.156013
0.157583
0.159587
0.162087
0.165149
0.168854
0.173292
0.178566
0.184792
0.192097
0.20061
0.210464
0.221773
0.234629
0.249076
0.265089
0.282568
0.301298
0.32092
0.341394
0.359828
0.389051
0.22528
0.224372
0.223457
0.222532
0.221599
0.220657
0.219707
0.218747
0.217778
0.216801
0.215814
0.214817
0.213812
0.212797
0.211773
0.210739
0.209695
0.208643
0.20758
0.206509
0.205428
0.204337
0.203237
0.202128
0.20101
0.199883
0.198748
0.197604
0.196453
0.195293
0.194127
0.192954
0.191775
0.19059
0.189402
0.188209
0.187015
0.185819
0.184623
0.183428
0.182238
0.181052
0.179874
0.178706
0.177551
0.176411
0.175291
0.174194
0.173124
0.172086
0.171086
0.170129
0.169223
0.168375
0.167593
0.166889
0.166272
0.165757
0.165356
0.165086
0.164966
0.165015
0.165256
0.165714
0.166415
0.167389
0.168667
0.170281
0.172266
0.174658
0.177493
0.180808
0.18464
0.189024
0.193995
0.199586
0.205828
0.21275
0.220379
0.228741
0.237859
0.247755
0.258448
0.269954
0.282279
0.295418
0.309347
0.324019
0.339353
0.35523
0.371491
0.387937
0.404338
0.420438
0.435977
0.450678
0.464339
0.47669
0.487038
0.500039
0.22428
0.223331
0.222374
0.221409
0.220435
0.219453
0.218463
0.217465
0.21646
0.215447
0.214428
0.213402
0.21237
0.211333
0.210292
0.209246
0.208197
0.207146
0.206093
0.20504
0.203989
0.20294
0.201895
0.200856
0.199825
0.198804
0.197796
0.196802
0.195827
0.194873
0.193945
0.193045
0.192179
0.191352
0.190569
0.189837
0.189161
0.188551
0.188014
0.187559
0.187197
0.18694
0.186799
0.18679
0.186927
0.187228
0.187711
0.188398
0.18931
0.190472
0.19191
0.193652
0.195729
0.198172
0.201014
0.204289
0.208031
0.212276
0.217056
0.222403
0.228349
0.234917
0.242132
0.250007
0.258553
0.267772
0.277655
0.288187
0.299339
0.311073
0.32334
0.336076
0.349208
0.362653
0.376318
0.390104
0.403905
0.417617
0.431137
0.444365
0.45721
0.469588
0.481424
0.49265
0.503204
0.51303
0.522076
0.530294
0.537643
0.544094
0.549626
0.554238
0.557923
0.560704
0.56256
0.56349
0.563543
0.562292
0.560925
0.555808
0.246003
0.246043
0.246107
0.246195
0.24631
0.246451
0.246621
0.246821
0.247052
0.247316
0.247616
0.247953
0.248329
0.248747
0.24921
0.24972
0.250282
0.250897
0.251571
0.252308
0.253111
0.253985
0.254936
0.25597
0.257092
0.258309
0.259628
0.261057
0.262603
0.264277
0.266086
0.268042
0.270156
0.272441
0.274909
0.277575
0.280454
0.283564
0.286924
0.290553
0.294474
0.298711
0.30329
0.30824
0.313591
0.319377
0.325634
0.3324
0.339716
0.347625
0.356171
0.365399
0.375354
0.386079
0.397615
0.409995
0.423243
0.437373
0.45238
0.46824
0.484902
0.502285
0.520278
0.538728
0.557451
0.576225
0.594799
0.612896
0.630232
0.646521
0.661492
0.674906
0.686566
0.696329
0.704113
0.709898
0.713719
0.715667
0.715867
0.714477
0.711665
0.707607
0.702472
0.696419
0.689594
0.68213
0.674146
0.665747
0.657023
0.648053
0.638879
0.629551
0.620037
0.610385
0.600448
0.590332
0.579892
0.568737
0.559143
0.541529
0.546208
0.551008
0.555665
0.56017
0.564516
0.568699
0.572713
0.576553
0.580213
0.583689
0.586976
0.590069
0.592963
0.595654
0.598137
0.600408
0.602463
0.604297
0.605906
0.607286
0.608431
0.609338
0.610002
0.610418
0.610581
0.610486
0.610128
0.6095
0.608598
0.607415
0.605945
0.604181
0.602117
0.599745
0.597058
0.594049
0.590712
0.587038
0.583021
0.578655
0.573934
0.568853
0.563408
0.557596
0.551418
0.544876
0.537974
0.530721
0.523128
0.515213
0.506998
0.498512
0.48979
0.480875
0.471819
0.462681
0.453529
0.44444
0.435499
0.426796
0.418428
0.410491
0.403081
0.396289
0.390196
0.384866
0.380347
0.37666
0.373802
0.371743
0.370425
0.369766
0.369666
0.370011
0.37068
0.371555
0.372525
0.373488
0.374361
0.375072
0.375567
0.375799
0.37573
0.375327
0.374556
0.373388
0.371794
0.369756
0.367268
0.364338
0.360996
0.35728
0.353255
0.348956
0.344484
0.339768
0.335097
0.329854
0.325772
0.317389
0.018085
0.0273674
0.0330067
0.0345403
0.0337167
0.0315859
0.0297649
0.034379
0.0529737
0.0771975
0.102179
0.127139
0.151855
0.176186
0.200066
0.22348
0.246457
0.269056
0.291365
0.313488
0.335541
0.357637
0.379883
0.402371
0.425171
0.448335
0.471886
0.495827
0.520139
0.544783
0.569705
0.594831
0.620074
0.645327
0.670474
0.69539
0.719952
0.744046
0.76759
0.790557
0.813
0.834967
0.856044
0.876244
0.895473
0.913637
0.930628
0.946334
0.960646
0.973457
0.984663
0.994168
1.00188
1.00773
1.01163
1.01354
1.01342
1.01123
1.00697
1.00065
0.992298
0.981967
0.969731
0.955704
0.94007
0.923237
0.906401
0.893546
0.883789
0.873642
0.862559
0.850568
0.837783
0.824328
0.810331
0.79592
0.781218
0.766342
0.751404
0.736503
0.721732
0.707171
0.69289
0.678947
0.66539
0.652254
0.639563
0.627327
0.615548
0.604207
0.593291
0.582747
0.57256
0.562637
0.553001
0.54349
0.534268
0.524954
0.516919
0.504258
0.0394619
0.0661012
0.0765844
0.0788432
0.080133
0.0877736
0.105703
0.132318
0.163932
0.197493
0.232336
0.268472
0.305924
0.344667
0.384606
0.425576
0.467373
0.509799
0.552703
0.596008
0.639713
0.68389
0.728657
0.774159
0.820545
0.867945
0.916463
0.966165
1.01707
1.06918
1.12242
1.17671
1.23191
1.28787
1.34436
1.40115
1.45795
1.51444
1.57028
1.62505
1.67832
1.72983
1.78014
1.82912
1.87659
1.92231
1.96604
2.0075
2.04643
2.08257
2.11566
2.14545
2.17171
2.19421
2.21275
2.22716
2.23729
2.24302
2.24428
2.24102
2.23325
2.22102
2.20444
2.18365
2.15888
2.13044
2.09881
2.06471
2.02833
1.9897
1.94903
1.90668
1.86303
1.81847
1.77337
1.72809
1.68295
1.63827
1.59429
1.55125
1.50933
1.46868
1.4294
1.39157
1.35521
1.32031
1.28681
1.25463
1.22367
1.19374
1.16473
1.13633
1.10852
1.08075
1.05339
1.02512
0.997689
0.967327
0.940985
0.894356
0.0568648
0.104941
0.118738
0.125203
0.134172
0.151747
0.179142
0.213082
0.250467
0.29036
0.332837
0.377941
0.425543
0.475371
0.527051
0.580156
0.634265
0.689027
0.744193
0.79964
0.855363
0.911447
0.96804
1.02532
1.08347
1.14263
1.20294
1.26447
1.32725
1.39126
1.45645
1.52272
1.58996
1.65799
1.72666
1.79575
1.86506
1.93437
2.00345
2.0721
2.14014
2.20712
2.27278
2.33684
2.39894
2.4587
2.51575
2.56972
2.62022
2.66691
2.70943
2.74744
2.78063
2.80872
2.83145
2.84861
2.86
2.86552
2.86507
2.85865
2.84629
2.8281
2.80426
2.775
2.74064
2.70157
2.65826
2.61127
2.56105
2.50802
2.45261
2.39534
2.33671
2.27725
2.21744
2.15772
2.0985
2.04015
1.98297
1.92723
1.87312
1.8208
1.77036
1.72184
1.67524
1.6305
1.58752
1.54616
1.50626
1.46758
1.42992
1.39294
1.35648
1.32004
1.2837
1.24644
1.20926
1.16945
1.13197
1.07166
0.0693308
0.135989
0.157289
0.169349
0.18325
0.204503
0.23398
0.269549
0.309315
0.352551
0.399015
0.448463
0.500579
0.555002
0.611351
0.669249
0.728354
0.788388
0.849163
0.910589
0.972672
1.0355
1.09921
1.16399
1.23
1.29742
1.36637
1.43695
1.50919
1.58311
1.65865
1.73572
1.81419
1.89391
1.97469
2.05628
2.13845
2.2209
2.30332
2.38535
2.46659
2.54661
2.62493
2.70115
2.77482
2.84546
2.91263
2.97584
3.03464
3.08859
3.13726
3.18024
3.21719
3.24775
3.27166
3.28868
3.29864
3.30142
3.29699
3.28538
3.26671
3.24117
3.20903
3.17064
3.12643
3.07689
3.02258
2.96411
2.90211
2.83717
2.76991
2.70094
2.6309
2.56036
2.48988
2.41996
2.35105
2.28351
2.21767
2.15377
2.092
2.03248
1.97525
1.92032
1.86762
1.81706
1.76848
1.72167
1.67641
1.63242
1.58943
1.54707
1.50508
1.46297
1.42066
1.37727
1.3334
1.28687
1.24175
1.17162
0.0773822
0.1574
0.185553
0.202958
0.220493
0.243323
0.272914
0.308375
0.348454
0.392313
0.439451
0.489517
0.542243
0.597396
0.65476
0.714116
0.775244
0.837949
0.902076
0.967538
1.03432
1.10246
1.17209
1.24333
1.31634
1.39126
1.46823
1.5473
1.62853
1.7119
1.79733
1.88472
1.97389
2.06465
2.15673
2.24985
2.34365
2.43776
2.53175
2.6251
2.71728
2.80774
2.89596
2.98142
3.06358
3.14192
3.21587
3.2849
3.34848
3.40611
3.4573
3.50164
3.53872
3.56821
3.58982
3.60336
3.6087
3.60577
3.59462
3.57538
3.54826
3.51357
3.47173
3.4232
3.36854
3.30839
3.24342
3.17436
3.10195
3.02693
2.95002
2.87193
2.79333
2.71486
2.63708
2.5605
2.48556
2.4126
2.3419
2.27366
2.20801
2.14501
2.08463
2.02682
1.97145
1.91834
1.86728
1.81801
1.77023
1.72362
1.67785
1.63252
1.58732
1.54172
1.49557
1.44805
1.39955
1.34816
1.2977
1.21989
0.0826775
0.168593
0.202432
0.2246
0.245434
0.269707
0.299249
0.333957
0.373047
0.41578
0.46167
0.510453
0.562007
0.616281
0.673228
0.732772
0.794803
0.859192
0.925815
0.99458
1.06545
1.13843
1.21358
1.29098
1.37075
1.45298
1.53774
1.62506
1.71493
1.80728
1.90199
1.99889
2.09774
2.19827
2.30014
2.40296
2.50629
2.60967
2.71253
2.81428
2.91426
3.01185
3.10643
3.1974
3.28416
3.36611
3.44265
3.51319
3.57717
3.63407
3.6834
3.72473
3.75768
3.78194
3.7973
3.8036
3.8008
3.78895
3.76819
3.73879
3.7011
3.65557
3.60276
3.54329
3.47789
3.4073
3.33235
3.25386
3.17269
3.08965
3.00554
2.92111
2.83705
2.75398
2.67244
2.59291
2.51574
2.44121
2.36953
2.30081
2.23508
2.17231
2.11239
2.05517
2.00045
1.94797
1.89745
1.84856
1.80095
1.75426
1.7081
1.66204
1.61572
1.56863
1.52053
1.47067
1.41931
1.36471
1.3108
1.22713
0.0857492
0.173553
0.210856
0.236636
0.260367
0.286198
0.315908
0.349786
0.387447
0.428417
0.472397
0.519296
0.56917
0.62214
0.678317
0.737758
0.800459
0.866363
0.935383
1.00744
1.08245
1.1604
1.24125
1.32503
1.41175
1.50141
1.59398
1.68942
1.7876
1.88839
1.99155
2.09684
2.20393
2.31244
2.42195
2.53198
2.64202
2.75147
2.85972
2.96607
3.06983
3.17029
3.26678
3.35866
3.44526
3.52597
3.60016
3.66726
3.7267
3.77797
3.82063
3.85427
3.8786
3.89336
3.89844
3.89379
3.87948
3.8557
3.82274
3.78101
3.73102
3.67341
3.60887
3.5382
3.46226
3.38194
3.29817
3.21187
3.12397
3.03533
2.94678
2.85906
2.77283
2.68866
2.60702
2.52828
2.45269
2.38044
2.31159
2.24614
2.18401
2.12504
2.06903
2.01571
1.96479
1.91594
1.8688
1.82297
1.77806
1.73365
1.68932
1.64462
1.59915
1.55241
1.50412
1.45359
1.401
1.34475
1.28904
1.20137
0.0864498
0.173202
0.213026
0.241652
0.267909
0.295376
0.325613
0.359051
0.395601
0.435079
0.477432
0.52278
0.571367
0.623483
0.67939
0.739277
0.803248
0.871317
0.943438
1.01952
1.09946
1.18313
1.27043
1.36122
1.45538
1.55277
1.65321
1.7565
1.86241
1.97065
2.08089
2.19278
2.30588
2.41973
2.53383
2.64764
2.76054
2.87191
2.98107
3.08732
3.18993
3.28819
3.38141
3.4689
3.55003
3.62418
3.69076
3.74921
3.79904
3.83977
3.87104
3.89254
3.90404
3.90544
3.89671
3.87795
3.84939
3.81137
3.76434
3.70888
3.64569
3.57554
3.4993
3.41793
3.3324
3.24371
3.1529
3.06094
2.96879
2.87733
2.78735
2.69955
2.61452
2.53272
2.45452
2.38015
2.30973
2.24329
2.18076
2.12199
2.06676
2.01478
1.96573
1.91924
1.87491
1.83233
1.79106
1.75066
1.71067
1.67063
1.6301
1.58861
1.54575
1.50102
1.45414
1.40447
1.35216
1.29569
1.23966
1.14986
0.086267
0.171436
0.212146
0.242634
0.270915
0.300029
0.331253
0.365018
0.4014
0.44045
0.482348
0.527424
0.57611
0.628858
0.686073
0.748063
0.815013
0.886987
0.963936
1.04572
1.13212
1.22289
1.31772
1.4163
1.51829
1.62334
1.73111
1.84121
1.95326
2.06686
2.18157
2.29695
2.41249
2.52768
2.64197
2.75477
2.86549
2.97349
3.07812
3.17869
3.27451
3.3649
3.44919
3.52673
3.59693
3.65921
3.71305
3.75795
3.7935
3.81932
3.83514
3.84076
3.8361
3.82116
3.79608
3.76111
3.71664
3.66317
3.60133
3.53187
3.45564
3.37358
3.2867
3.19606
3.10276
3.00787
2.91246
2.81754
2.72404
2.63282
2.54459
2.45996
2.37941
2.30326
2.23174
2.16493
2.10278
2.04517
1.99187
1.94257
1.89692
1.8545
1.81486
1.77753
1.74202
1.70781
1.67442
1.64134
1.60806
1.57411
1.539
1.50227
1.46349
1.4222
1.37809
1.33061
1.2799
1.22453
1.16948
1.07939
0.0850273
0.167456
0.209151
0.241357
0.271724
0.302972
0.336188
0.371774
0.409905
0.450809
0.494855
0.542548
0.594462
0.651158
0.71311
0.780655
0.853959
0.933016
1.01765
1.10755
1.20229
1.30137
1.40424
1.51035
1.61914
1.73008
1.84267
1.9564
2.0708
2.18542
2.29978
2.41339
2.52578
2.63644
2.74486
2.8505
2.95283
3.05125
3.14519
3.23403
3.31716
3.39394
3.46378
3.52611
3.58038
3.6261
3.66283
3.69015
3.70776
3.71538
3.71287
3.70016
3.67728
3.64441
3.60183
3.54996
3.48933
3.42062
3.34462
3.26223
3.17444
3.08232
2.98699
2.88958
2.79125
2.69311
2.59622
2.50155
2.40999
2.32227
2.23903
2.16072
2.08769
2.0201
1.95801
1.90133
1.84988
1.80336
1.76139
1.72355
1.68933
1.65821
1.62963
1.60303
1.57781
1.55341
1.52927
1.50482
1.47954
1.4529
1.42441
1.3936
1.36005
1.3233
1.28309
1.2389
1.19092
1.13778
1.08483
0.996197
0.0840926
0.164505
0.206376
0.240517
0.273876
0.309018
0.346987
0.388195
0.432847
0.481199
0.533623
0.59057
0.652505
0.719823
0.79279
0.871496
0.95584
1.04554
1.14014
1.23908
1.34168
1.44725
1.5551
1.66457
1.77504
1.88594
1.99683
2.1072
2.21663
2.32469
2.431
2.53517
2.63681
2.73551
2.83084
2.92236
3.00961
3.0921
3.16932
3.24074
3.30583
3.36404
3.41485
3.45777
3.49232
3.5181
3.53474
3.54195
3.53949
3.52724
3.50515
3.47329
3.43185
3.38113
3.32157
3.25375
3.17834
3.09618
3.00818
2.91537
2.81885
2.71978
2.61932
2.51865
2.41893
2.32122
2.22654
2.13576
2.04963
1.96877
1.89365
1.82456
1.76166
1.70496
1.65436
1.60961
1.57039
1.53627
1.50678
1.48136
1.45943
1.44038
1.42357
1.40835
1.39409
1.38014
1.3659
1.35075
1.33414
1.31551
1.29436
1.27021
1.24264
1.21122
1.17571
1.13567
1.09129
1.04134
0.991385
0.905826
0.0826176
0.161438
0.205773
0.245248
0.28706
0.33418
0.387647
0.447444
0.512998
0.583609
0.658668
0.737699
0.820365
0.906427
0.995672
1.08786
1.18272
1.27987
1.37894
1.47944
1.58086
1.68268
1.78449
1.88587
1.9864
2.08572
2.18347
2.27941
2.37328
2.46481
2.55373
2.63975
2.72257
2.80185
2.87724
2.94837
3.01484
3.07621
3.13205
3.18188
3.22524
3.26165
3.29066
3.31183
3.32478
3.32916
3.32469
3.31118
3.28849
3.25662
3.21563
3.16572
3.10722
3.04057
2.96634
2.88524
2.7981
2.70584
2.6095
2.5102
2.40907
2.30732
2.20612
2.1066
2.00985
1.91686
1.82847
1.74542
1.66829
1.5975
1.5333
1.47582
1.42503
1.38079
1.34283
1.3108
1.28428
1.26278
1.24574
1.23258
1.22267
1.21536
1.20998
1.20585
1.20227
1.19859
1.19412
1.18825
1.18036
1.16987
1.15627
1.13907
1.11784
1.09219
1.06188
1.02656
0.986436
0.940407
0.894143
0.813071
0.0818331
0.166773
0.224079
0.289026
0.36901
0.46482
0.572316
0.685701
0.799893
0.911471
1.01874
1.12115
1.21888
1.31252
1.40278
1.49035
1.57582
1.65963
1.74222
1.82367
1.904
1.98317
2.06114
2.1378
2.21312
2.287
2.35929
2.42982
2.49838
2.56475
2.62867
2.68987
2.74805
2.80287
2.854
2.90105
2.94363
2.98134
3.01375
3.04042
3.06091
3.07481
3.0817
3.0812
3.073
3.05682
3.03246
2.99982
2.95886
2.90968
2.85248
2.78757
2.71539
2.63653
2.55167
2.46164
2.36736
2.26986
2.17021
2.06958
1.96911
1.86997
1.77324
1.67998
1.5911
1.50741
1.42955
1.35803
1.29319
1.23521
1.18413
1.13986
1.10222
1.07091
1.04561
1.02588
1.01129
1.00133
0.995491
0.993194
0.993849
0.996827
1.00147
1.0071
1.01303
1.01856
1.02299
1.02565
1.0259
1.02313
1.0168
1.00638
0.99147
0.971674
0.946766
0.916467
0.880997
0.839403
0.797327
0.72192
0.0805464
0.232101
0.397172
0.600588
0.817976
1.0259
1.21041
1.36685
1.49647
1.60336
1.69265
1.76803
1.83287
1.89
1.94162
1.98943
2.0347
2.07837
2.12096
2.16295
2.2047
2.2464
2.2881
2.32978
2.37137
2.41272
2.45366
2.49396
2.53334
2.5715
2.6081
2.6428
2.67522
2.70497
2.73166
2.75487
2.77418
2.78917
2.7994
2.80446
2.80392
2.79741
2.78455
2.76502
2.73858
2.70501
2.66421
2.61616
2.56095
2.49876
2.42991
2.35484
2.27411
2.18841
2.09853
2.00538
1.90995
1.81331
1.71656
1.6208
1.52714
1.43659
1.35011
1.26853
1.19253
1.12264
1.05922
1.00247
0.952447
0.909081
0.872191
0.841518
0.816752
0.797544
0.783529
0.774327
0.769549
0.768792
0.771632
0.777614
0.786246
0.796989
0.809257
0.822417
0.835798
0.848702
0.860418
0.870238
0.877476
0.881484
0.881664
0.877482
0.868491
0.85431
0.834713
0.809474
0.778825
0.741966
0.704376
0.635538
0.0975615
0.790805
1.40632
1.82046
2.06614
2.19813
2.26307
2.29274
2.30554
2.31083
2.31228
2.31175
2.3102
2.30834
2.3068
2.30615
2.30679
2.30897
2.31275
2.31812
2.32505
2.33347
2.34333
2.35452
2.36691
2.3803
2.39444
2.40902
2.42369
2.43808
2.45176
2.46432
2.47532
2.48433
2.49091
2.49462
2.49503
2.49171
2.48423
2.47221
2.45526
2.43304
2.40524
2.37162
2.33201
2.28629
2.23445
2.17659
2.11289
2.04367
1.96936
1.89052
1.80781
1.722
1.63399
1.54472
1.4552
1.36648
1.27958
1.1955
1.11515
1.03935
0.968767
0.903906
0.845111
0.792555
0.746254
0.706093
0.671852
0.64324
0.619925
0.601562
0.587816
0.57837
0.572937
0.571255
0.573078
0.578165
0.586266
0.597096
0.610324
0.625558
0.64233
0.660095
0.678239
0.696084
0.712914
0.727991
0.740583
0.749986
0.755548
0.756686
0.752912
0.743829
0.729197
0.708828
0.682954
0.650926
0.617936
0.556272
)
;

boundaryField
{
    outlet
    {
        type            zeroGradient;
    }
    inlet
    {
        type            fixedValue;
        value           uniform 0.26;
    }
    lowerWall
    {
        type            kqRWallFunction;
        value           nonuniform List<scalar> 
148
(
0.288909
0.351398
0.415005
0.477466
0.53686
0.591556
0.640369
0.682624
0.718116
0.747018
0.769774
0.787002
0.7994
0.807688
0.812557
0.814642
0.814503
0.812629
0.809431
0.805251
0.800368
0.79501
0.789355
0.783545
0.77769
0.771874
0.766155
0.76059
0.755144
0.75014
0.74409
0.744146
0.715774
0.018085
0.0394619
0.0568648
0.0693308
0.0773822
0.0826775
0.0857492
0.0864498
0.086267
0.0850273
0.0840926
0.0826176
0.0818331
0.0805464
0.0975615
0.018085
0.0273674
0.0330067
0.0345403
0.0337167
0.0315859
0.0297649
0.034379
0.0529737
0.0771975
0.102179
0.127139
0.151855
0.176186
0.200066
0.22348
0.246457
0.269056
0.291365
0.313488
0.335541
0.357637
0.379883
0.402371
0.425171
0.448335
0.471886
0.495827
0.520139
0.544783
0.569705
0.594831
0.620074
0.645327
0.670474
0.69539
0.719952
0.744046
0.76759
0.790557
0.813
0.834967
0.856044
0.876244
0.895473
0.913637
0.930628
0.946334
0.960646
0.973457
0.984663
0.994168
1.00188
1.00773
1.01163
1.01354
1.01342
1.01123
1.00697
1.00065
0.992298
0.981967
0.969731
0.955704
0.94007
0.923237
0.906401
0.893546
0.883789
0.873642
0.862559
0.850568
0.837783
0.824328
0.810331
0.79592
0.781218
0.766342
0.751404
0.736503
0.721732
0.707171
0.69289
0.678947
0.66539
0.652254
0.639563
0.627327
0.615548
0.604207
0.593291
0.582747
0.57256
0.562637
0.553001
0.54349
0.534268
0.524954
0.516919
0.504258
)
;
    }
    upperWall
    {
        type            kqRWallFunction;
        value           nonuniform List<scalar> 
133
(
0.266719
0.280569
0.294241
0.307622
0.320668
0.333362
0.345693
0.357649
0.369224
0.380413
0.391212
0.40162
0.41164
0.421273
0.430524
0.4394
0.447908
0.456054
0.46385
0.471303
0.478424
0.485223
0.491711
0.497898
0.503796
0.509416
0.514767
0.519861
0.524709
0.52932
0.533704
0.537872
0.541836
0.546208
0.551008
0.555665
0.56017
0.564516
0.568699
0.572713
0.576553
0.580213
0.583689
0.586976
0.590069
0.592963
0.595654
0.598137
0.600408
0.602463
0.604297
0.605906
0.607286
0.608431
0.609338
0.610002
0.610418
0.610581
0.610486
0.610128
0.6095
0.608598
0.607415
0.605945
0.604181
0.602117
0.599745
0.597058
0.594049
0.590712
0.587038
0.583021
0.578655
0.573934
0.568853
0.563408
0.557596
0.551418
0.544876
0.537974
0.530721
0.523128
0.515213
0.506998
0.498512
0.48979
0.480875
0.471819
0.462681
0.453529
0.44444
0.435499
0.426796
0.418428
0.410491
0.403081
0.396289
0.390196
0.384866
0.380347
0.37666
0.373802
0.371743
0.370425
0.369766
0.369666
0.370011
0.37068
0.371555
0.372525
0.373488
0.374361
0.375072
0.375567
0.375799
0.37573
0.375327
0.374556
0.373388
0.371794
0.369756
0.367268
0.364338
0.360996
0.35728
0.353255
0.348956
0.344484
0.339768
0.335097
0.329854
0.325772
0.317389
)
;
    }
    frontAndBack
    {
        type            empty;
    }
}


// ************************************************************************* //
