/*--------------------------------*- C++ -*----------------------------------*\
| =========                 |                                                 |
| \\      /  F ield         | OpenFOAM: The Open Source CFD Toolbox           |
|  \\    /   O peration     | Version:  2.1.1                                 |
|   \\  /    A nd           | Web:      www.OpenFOAM.org                      |
|    \\/     M anipulation  |                                                 |
\*---------------------------------------------------------------------------*/
FoamFile
{
    version     2.0;
    format      ascii;
    class       volScalarField;
    location    "0.17";
    object      nut;
}
// * * * * * * * * * * * * * * * * * * * * * * * * * * * * * * * * * * * * * //

dimensions      [0 2 -1 0 0 0 0];

internalField   nonuniform List<scalar> 
6820
(
4.96025e-05
5.47044e-05
5.94497e-05
6.37667e-05
6.76166e-05
7.09775e-05
7.38479e-05
7.62454e-05
7.82024e-05
7.97606e-05
8.09664e-05
8.18673e-05
8.25097e-05
8.29363e-05
8.31859e-05
8.32925e-05
8.32855e-05
8.31896e-05
8.30257e-05
8.2811e-05
8.25596e-05
8.22827e-05
8.19896e-05
8.16873e-05
8.13815e-05
8.10766e-05
8.07757e-05
8.04818e-05
8.01931e-05
7.99269e-05
7.96039e-05
7.96069e-05
7.80745e-05
0.000540295
0.000304971
0.000219957
0.000171555
0.000140516
0.000119653
0.000105128
9.47442e-05
8.71802e-05
8.1599e-05
7.74506e-05
7.43613e-05
7.20703e-05
7.03918e-05
6.91902e-05
6.83653e-05
6.78415e-05
6.75611e-05
6.74794e-05
6.75611e-05
6.77783e-05
6.81083e-05
6.85326e-05
6.90357e-05
6.96047e-05
7.02284e-05
7.08971e-05
7.1602e-05
7.23354e-05
7.30854e-05
7.38494e-05
7.45922e-05
7.52637e-05
0.00105857
0.000836088
0.00067924
0.000569616
0.000490056
0.000430119
0.000383705
0.000346859
0.000316959
0.000292243
0.000271496
0.000253857
0.000238698
0.000225551
0.00021406
0.00020395
0.000195003
0.000187046
0.000179938
0.000173565
0.000167831
0.000162657
0.000157977
0.000153734
0.000149879
0.000146372
0.000143176
0.000140262
0.000137601
0.000135175
0.000132946
0.00013096
0.000128915
0.00115953
0.00109653
0.00101167
0.000926418
0.000849812
0.000783622
0.000727069
0.000678741
0.000637222
0.000601289
0.000569941
0.000542372
0.000517944
0.000496147
0.000476573
0.000458894
0.000442844
0.000428205
0.000414797
0.000402469
0.000391094
0.000380567
0.000370795
0.000361701
0.000353217
0.000345286
0.000337857
0.000330887
0.000324344
0.000318196
0.000312429
0.000307026
0.000302001
0.00116966
0.00115863
0.00113363
0.00109757
0.00105569
0.0010122
0.000969674
0.000929417
0.000891976
0.000857476
0.000825826
0.000796835
0.000770277
0.000745918
0.000723539
0.000702934
0.000683922
0.000666339
0.00065004
0.000634897
0.000620798
0.000607642
0.000595341
0.000583817
0.000573001
0.000562829
0.000553247
0.000544206
0.000535662
0.000527576
0.000519918
0.000512662
0.00050579
0.00117006
0.00116839
0.00116306
0.00115261
0.00113713
0.00111767
0.00109554
0.00107191
0.00104772
0.0010236
0.001
0.000977188
0.00095532
0.000934476
0.000914682
0.000895932
0.000878197
0.000861438
0.000845606
0.00083065
0.000816519
0.000803159
0.000790522
0.000778561
0.000767228
0.000756483
0.000746285
0.000736596
0.000727383
0.000718613
0.000710257
0.000702296
0.000694704
0.00116996
0.00116938
0.00116821
0.00116569
0.00116123
0.00115458
0.00114584
0.00113528
0.00112328
0.00111023
0.00109649
0.00108234
0.00106802
0.00105373
0.00103959
0.00102571
0.00101217
0.000999005
0.000986261
0.000973952
0.000962087
0.000950668
0.00093969
0.000929144
0.00091902
0.000909303
0.000899978
0.000891031
0.000882444
0.000874203
0.000866293
0.000858704
0.000851422
0.00116994
0.0011694
0.00116883
0.00116803
0.00116674
0.00116472
0.0011618
0.00115791
0.00115304
0.00114728
0.00114074
0.00113354
0.00112582
0.0011177
0.00110929
0.0011007
0.001092
0.00108327
0.00107457
0.00106594
0.00105742
0.00104904
0.00104082
0.00103278
0.00102494
0.00101729
0.00100985
0.00100262
0.000995599
0.000988787
0.000982185
0.000975791
0.000969604
0.00116994
0.00116939
0.00116886
0.00116832
0.0011677
0.00116692
0.00116588
0.00116449
0.00116269
0.00116043
0.00115772
0.00115455
0.00115097
0.00114701
0.00114272
0.00113815
0.00113334
0.00112834
0.0011232
0.00111795
0.00111262
0.00110726
0.00110188
0.00109651
0.00109116
0.00108586
0.00108062
0.00107545
0.00107036
0.00106536
0.00106045
0.00105564
0.00105094
0.00116994
0.00116938
0.00116885
0.00116833
0.00116782
0.00116729
0.00116671
0.00116605
0.00116526
0.00116432
0.00116319
0.00116185
0.0011603
0.00115853
0.00115654
0.00115435
0.00115197
0.00114942
0.00114671
0.00114387
0.00114091
0.00113785
0.00113472
0.00113152
0.00112827
0.00112499
0.00112169
0.00111837
0.00111506
0.00111176
0.00110848
0.00110523
0.00110201
0.00116994
0.00116938
0.00116884
0.00116832
0.00116782
0.00116732
0.00116683
0.00116634
0.00116582
0.00116527
0.00116466
0.00116399
0.00116324
0.0011624
0.00116146
0.00116042
0.00115927
0.00115803
0.00115668
0.00115524
0.00115371
0.0011521
0.00115042
0.00114867
0.00114686
0.001145
0.0011431
0.00114116
0.0011392
0.00113721
0.00113521
0.0011332
0.00113118
0.00116994
0.00116938
0.00116884
0.00116832
0.00116781
0.00116732
0.00116684
0.00116637
0.00116591
0.00116545
0.00116499
0.00116451
0.00116402
0.00116351
0.00116296
0.00116238
0.00116176
0.00116109
0.00116038
0.00115962
0.00115882
0.00115797
0.00115708
0.00115615
0.00115517
0.00115416
0.00115311
0.00115203
0.00115093
0.0011498
0.00114865
0.00114748
0.0011463
0.00116994
0.00116938
0.00116884
0.00116832
0.00116781
0.00116732
0.00116684
0.00116637
0.00116592
0.00116547
0.00116504
0.00116461
0.00116419
0.00116377
0.00116334
0.00116291
0.00116248
0.00116203
0.00116157
0.0011611
0.00116061
0.0011601
0.00115957
0.00115903
0.00115847
0.00115789
0.00115729
0.00115667
0.00115604
0.00115539
0.00115473
0.00115406
0.00115337
0.00116994
0.00116938
0.00116884
0.00116832
0.00116781
0.00116731
0.00116683
0.00116636
0.00116591
0.00116547
0.00116504
0.00116462
0.00116421
0.00116381
0.00116342
0.00116303
0.00116265
0.00116228
0.0011619
0.00116152
0.00116115
0.00116077
0.00116039
0.00116001
0.00115962
0.00115923
0.00115883
0.00115843
0.00115803
0.00115761
0.0011572
0.00115678
0.00115635
0.00116994
0.00116938
0.00116884
0.00116832
0.00116781
0.00116731
0.00116683
0.00116636
0.00116591
0.00116546
0.00116504
0.00116462
0.00116421
0.00116381
0.00116343
0.00116305
0.00116268
0.00116232
0.00116197
0.00116163
0.00116129
0.00116095
0.00116062
0.0011603
0.00115997
0.00115965
0.00115934
0.00115902
0.00115871
0.0011584
0.00115809
0.00115778
0.00115747
0.00116994
0.00116938
0.00116884
0.00116831
0.0011678
0.00116731
0.00116683
0.00116636
0.0011659
0.00116546
0.00116503
0.00116461
0.0011642
0.00116381
0.00116342
0.00116305
0.00116268
0.00116233
0.00116198
0.00116164
0.00116131
0.00116099
0.00116067
0.00116036
0.00116006
0.00115976
0.00115947
0.00115919
0.00115891
0.00115864
0.00115837
0.0011581
0.00115784
0.00116994
0.00116938
0.00116884
0.00116831
0.0011678
0.00116731
0.00116683
0.00116636
0.0011659
0.00116546
0.00116503
0.00116461
0.0011642
0.0011638
0.00116342
0.00116304
0.00116268
0.00116232
0.00116197
0.00116163
0.00116131
0.00116099
0.00116067
0.00116037
0.00116007
0.00115978
0.0011595
0.00115922
0.00115895
0.00115869
0.00115844
0.00115818
0.00115794
0.00116994
0.00116938
0.00116884
0.00116831
0.0011678
0.00116731
0.00116682
0.00116635
0.0011659
0.00116545
0.00116502
0.0011646
0.0011642
0.0011638
0.00116341
0.00116304
0.00116267
0.00116231
0.00116197
0.00116163
0.0011613
0.00116098
0.00116067
0.00116036
0.00116007
0.00115978
0.0011595
0.00115922
0.00115895
0.0011587
0.00115844
0.00115819
0.00115795
0.00116994
0.00116938
0.00116884
0.00116831
0.0011678
0.0011673
0.00116682
0.00116635
0.0011659
0.00116545
0.00116502
0.0011646
0.00116419
0.00116379
0.00116341
0.00116303
0.00116266
0.00116231
0.00116196
0.00116162
0.00116129
0.00116097
0.00116066
0.00116035
0.00116006
0.00115977
0.00115949
0.00115921
0.00115895
0.00115869
0.00115843
0.00115819
0.00115795
0.00116994
0.00116938
0.00116884
0.00116831
0.0011678
0.0011673
0.00116682
0.00116635
0.00116589
0.00116545
0.00116502
0.0011646
0.00116419
0.00116379
0.0011634
0.00116303
0.00116266
0.0011623
0.00116195
0.00116161
0.00116128
0.00116096
0.00116065
0.00116034
0.00116005
0.00115976
0.00115948
0.0011592
0.00115893
0.00115867
0.00115842
0.00115817
0.00115793
0.00116994
0.00116938
0.00116884
0.00116831
0.0011678
0.0011673
0.00116682
0.00116635
0.00116589
0.00116545
0.00116502
0.00116459
0.00116419
0.00116379
0.0011634
0.00116302
0.00116265
0.0011623
0.00116195
0.00116161
0.00116128
0.00116096
0.00116064
0.00116034
0.00116004
0.00115975
0.00115947
0.00115919
0.00115892
0.00115866
0.00115841
0.00115816
0.00115792
0.00116994
0.00116938
0.00116884
0.00116831
0.0011678
0.0011673
0.00116682
0.00116635
0.00116589
0.00116545
0.00116501
0.00116459
0.00116418
0.00116378
0.0011634
0.00116302
0.00116265
0.00116229
0.00116194
0.0011616
0.00116127
0.00116095
0.00116063
0.00116033
0.00116003
0.00115974
0.00115946
0.00115918
0.00115891
0.00115865
0.0011584
0.00115815
0.0011579
0.00116994
0.00116938
0.00116884
0.00116831
0.0011678
0.0011673
0.00116682
0.00116635
0.00116589
0.00116545
0.00116501
0.00116459
0.00116418
0.00116378
0.00116339
0.00116301
0.00116265
0.00116229
0.00116194
0.0011616
0.00116127
0.00116094
0.00116063
0.00116032
0.00116002
0.00115973
0.00115945
0.00115917
0.0011589
0.00115864
0.00115838
0.00115813
0.00115789
0.00116994
0.00116938
0.00116884
0.00116831
0.0011678
0.0011673
0.00116682
0.00116635
0.00116589
0.00116544
0.00116501
0.00116459
0.00116418
0.00116378
0.00116339
0.00116301
0.00116264
0.00116228
0.00116193
0.00116159
0.00116126
0.00116094
0.00116062
0.00116032
0.00116002
0.00115972
0.00115944
0.00115916
0.00115889
0.00115863
0.00115837
0.00115812
0.00115788
0.00116994
0.00116938
0.00116884
0.00116831
0.0011678
0.0011673
0.00116682
0.00116635
0.00116589
0.00116544
0.00116501
0.00116459
0.00116418
0.00116378
0.00116339
0.00116301
0.00116264
0.00116228
0.00116193
0.00116159
0.00116126
0.00116093
0.00116062
0.00116031
0.00116001
0.00115972
0.00115943
0.00115916
0.00115889
0.00115862
0.00115836
0.00115811
0.00115787
0.00116994
0.00116938
0.00116884
0.00116831
0.0011678
0.0011673
0.00116682
0.00116635
0.00116589
0.00116544
0.00116501
0.00116459
0.00116418
0.00116378
0.00116339
0.00116301
0.00116264
0.00116228
0.00116193
0.00116159
0.00116125
0.00116093
0.00116061
0.0011603
0.00116
0.00115971
0.00115943
0.00115915
0.00115888
0.00115861
0.00115836
0.0011581
0.00115786
0.00116994
0.00116938
0.00116884
0.00116831
0.0011678
0.0011673
0.00116682
0.00116635
0.00116589
0.00116544
0.00116501
0.00116459
0.00116417
0.00116377
0.00116338
0.001163
0.00116264
0.00116228
0.00116192
0.00116158
0.00116125
0.00116092
0.00116061
0.0011603
0.00116
0.00115971
0.00115942
0.00115914
0.00115887
0.00115861
0.00115835
0.0011581
0.00115785
0.00116994
0.00116938
0.00116884
0.00116831
0.0011678
0.0011673
0.00116682
0.00116635
0.00116589
0.00116544
0.00116501
0.00116458
0.00116417
0.00116377
0.00116338
0.001163
0.00116263
0.00116227
0.00116192
0.00116158
0.00116125
0.00116092
0.00116061
0.0011603
0.00116
0.0011597
0.00115942
0.00115914
0.00115886
0.0011586
0.00115834
0.00115809
0.00115784
0.00116994
0.00116938
0.00116884
0.00116831
0.0011678
0.0011673
0.00116682
0.00116634
0.00116589
0.00116544
0.00116501
0.00116458
0.00116417
0.00116377
0.00116338
0.001163
0.00116263
0.00116227
0.00116192
0.00116158
0.00116125
0.00116092
0.0011606
0.00116029
0.00115999
0.0011597
0.00115941
0.00115913
0.00115886
0.00115859
0.00115834
0.00115808
0.00115784
0.00116994
0.00116938
0.00116884
0.00116831
0.0011678
0.0011673
0.00116682
0.00116635
0.00116589
0.00116544
0.00116501
0.00116459
0.00116417
0.00116377
0.00116338
0.001163
0.00116263
0.00116227
0.00116192
0.00116158
0.00116125
0.00116092
0.0011606
0.00116029
0.00115999
0.0011597
0.00115941
0.00115913
0.00115886
0.00115859
0.00115833
0.00115808
0.00115783
0.00116994
0.00116938
0.00116884
0.00116831
0.0011678
0.0011673
0.00116682
0.00116635
0.00116589
0.00116544
0.00116501
0.00116459
0.00116418
0.00116378
0.00116339
0.00116301
0.00116264
0.00116228
0.00116192
0.00116158
0.00116125
0.00116092
0.0011606
0.00116029
0.00115999
0.0011597
0.00115941
0.00115913
0.00115885
0.00115859
0.00115832
0.00115807
0.00115782
0.00116994
0.00116938
0.00116884
0.00116831
0.0011678
0.00116731
0.00116682
0.00116635
0.0011659
0.00116545
0.00116502
0.0011646
0.00116418
0.00116378
0.00116339
0.00116301
0.00116264
0.00116228
0.00116193
0.00116158
0.00116125
0.00116092
0.0011606
0.00116029
0.00115998
0.00115968
0.00115939
0.0011591
0.00115882
0.00115854
0.00115828
0.00115801
0.00115775
0.00116994
0.00116938
0.00116884
0.00116831
0.00116781
0.00116731
0.00116683
0.00116636
0.0011659
0.00116546
0.00116503
0.0011646
0.00116419
0.00116379
0.0011634
0.00116301
0.00116264
0.00116227
0.0011619
0.00116155
0.0011612
0.00116086
0.00116052
0.00116019
0.00115986
0.00115953
0.00115921
0.0011589
0.00115858
0.00115827
0.00115797
0.00115767
0.00115737
0.00116994
0.00116938
0.00116884
0.00116833
0.00116782
0.00116733
0.00116685
0.00116638
0.00116593
0.00116548
0.00116503
0.00116459
0.00116416
0.00116373
0.00116331
0.00116288
0.00116246
0.00116204
0.00116161
0.00116119
0.00116076
0.00116033
0.0011599
0.00115946
0.00115902
0.00115858
0.00115814
0.00115769
0.00115724
0.00115678
0.00115632
0.00115586
0.0011554
0.00116994
0.00116939
0.00116886
0.00116835
0.00116784
0.00116733
0.00116683
0.00116632
0.00116581
0.00116528
0.00116473
0.00116417
0.00116358
0.00116297
0.00116233
0.00116166
0.00116096
0.00116024
0.00115948
0.0011587
0.00115789
0.00115706
0.0011562
0.00115531
0.00115441
0.00115348
0.00115254
0.00115158
0.0011506
0.00114961
0.00114861
0.0011476
0.00114658
0.00116995
0.0011694
0.00116886
0.00116828
0.00116765
0.00116694
0.00116612
0.00116519
0.00116413
0.00116294
0.00116162
0.00116017
0.00115858
0.00115688
0.00115506
0.00115313
0.00115111
0.00114899
0.00114679
0.00114453
0.0011422
0.00113981
0.00113739
0.00113492
0.00113243
0.00112991
0.00112737
0.00112483
0.00112228
0.00111973
0.00111718
0.00111464
0.00111212
0.00116996
0.00116916
0.00116786
0.00116595
0.00116343
0.00116029
0.00115656
0.00115227
0.00114747
0.00114221
0.00113658
0.00113063
0.00112442
0.001118
0.00111144
0.00110477
0.00109803
0.00109126
0.0010845
0.00107776
0.00107106
0.00106444
0.00105789
0.00105143
0.00104508
0.00103884
0.00103272
0.00102671
0.00102084
0.00101509
0.00100947
0.00100398
0.000998623
0.00116831
0.00115866
0.001145
0.00112844
0.00110969
0.00108947
0.00106843
0.00104708
0.00102581
0.00100488
0.000984494
0.000964759
0.000945748
0.0009275
0.000910027
0.000893323
0.000877373
0.000862154
0.000847637
0.000833792
0.000820586
0.000807988
0.000795966
0.000784489
0.000773528
0.000763054
0.000753041
0.000743464
0.000734298
0.000725522
0.000717113
0.000709053
0.000701319
0.00107567
0.000936196
0.000835611
0.0007569
0.000692114
0.000638375
0.000593477
0.000555592
0.000523282
0.000495443
0.000471228
0.000449984
0.000431205
0.000414492
0.000399529
0.000386063
0.000373885
0.000362828
0.000352749
0.000343531
0.000335075
0.000327295
0.00032012
0.000313487
0.000307341
0.000301635
0.000296328
0.000291384
0.00028677
0.000282457
0.00027842
0.000274637
0.000271085
0.000142979
0.000146644
0.000150174
0.000153551
0.000156773
0.000159846
0.000162776
0.000165567
0.000168225
0.000170754
0.000173161
0.000175449
0.000177624
0.000179691
0.000181653
0.000183516
0.000185284
0.000186962
0.000188553
0.000190062
0.000191492
0.000192848
0.000194133
0.000195351
0.000196504
0.000197597
0.000198632
0.000199613
0.000200541
0.00020142
0.000202253
0.000203041
0.000203788
9.09879e-05
0.000110352
0.000133703
0.000161611
0.000193705
0.000228502
0.000264028
0.000298558
0.000331049
0.000361266
0.000389582
0.00041667
0.000443188
0.000469585
0.000496054
0.000522595
0.00054913
0.000575601
0.000602033
0.000628532
0.000655262
0.000682393
0.000710072
0.000738392
0.000767388
0.000797048
0.000827321
0.000858129
0.000889375
0.000920947
0.000952712
0.000984518
0.00101619
0.00104753
0.00107831
0.00110829
0.00113721
0.00116481
0.0011908
0.0012149
0.00123684
0.00125632
0.0012731
0.00128693
0.00129758
0.00130487
0.00130865
0.00130883
0.00130538
0.00129834
0.00128781
0.001274
0.0012572
0.00123778
0.00121623
0.00119311
0.00116906
0.00114479
0.00112107
0.00109864
0.00107825
0.00106055
0.00104609
0.00103529
0.00102838
0.00102544
0.00102638
0.00103097
0.00103892
0.00104987
0.00106348
0.00107947
0.00109762
0.00111781
0.00114002
0.00116435
0.00119096
0.00122006
0.00125191
0.00128674
0.0013247
0.00136584
0.00141004
0.00145698
0.0015061
0.00155662
0.00160753
0.00165763
0.00170554
0.00174979
0.00178888
0.00182131
0.00184567
0.00186069
0.00186534
0.00185884
0.00184098
0.00181092
0.00177488
0.0016993
7.64241e-05
7.85366e-05
8.18719e-05
8.70926e-05
9.49661e-05
0.000106231
0.000121456
0.000140921
0.000164511
0.000191684
0.000221542
0.000252992
0.000284933
0.000316444
0.000346913
0.000376078
0.000403983
0.000430882
0.000457119
0.000483027
0.00050886
0.000534771
0.000560824
0.000587021
0.00061334
0.000639754
0.000666241
0.000692788
0.000719373
0.000745961
0.000772488
0.000798861
0.000824953
0.000850609
0.000875648
0.000899866
0.000923048
0.000944965
0.000965382
0.000984063
0.00100077
0.00101529
0.0010274
0.00103692
0.00104368
0.00104757
0.00104853
0.00104653
0.00104165
0.00103401
0.00102384
0.00101146
0.000997279
0.000981803
0.000965621
0.000949393
0.000933827
0.000919645
0.000907543
0.000898142
0.000891943
0.000889284
0.000890312
0.000894973
0.000903031
0.000914099
0.000927697
0.000943303
0.000960415
0.000978589
0.000997475
0.00101684
0.00103655
0.00105663
0.00107719
0.00109846
0.00112076
0.00114449
0.00117009
0.00119801
0.00122867
0.00126239
0.00129934
0.00133947
0.00138246
0.00142771
0.00147435
0.00152124
0.00156701
0.00161019
0.00164918
0.00168243
0.00170845
0.00172591
0.00173374
0.00173114
0.00171792
0.00169335
0.00166334
0.00159859
0.000126873
0.000124846
0.000122783
0.000120493
0.000117986
0.000115436
0.000113524
0.000112651
0.000113257
0.000115884
0.000121081
0.00012931
0.000140876
0.000155878
0.000174189
0.000195465
0.000219181
0.000244698
0.000271341
0.000298485
0.000325622
0.000352399
0.000378626
0.000404249
0.000429308
0.000453892
0.000478096
0.000501996
0.000525625
0.000548979
0.000572011
0.000594646
0.000616782
0.0006383
0.000659069
0.000678943
0.00069777
0.000715391
0.000731644
0.000746368
0.000759407
0.000770621
0.000779888
0.000787118
0.000792256
0.0007953
0.000796305
0.000795395
0.000792771
0.000788717
0.000783605
0.000777887
0.000772096
0.000766819
0.000762678
0.000760293
0.000760236
0.000762983
0.000768871
0.000778051
0.000790477
0.000805903
0.000823916
0.00084398
0.000865498
0.000887869
0.000910538
0.000933029
0.000954971
0.000976099
0.00099626
0.0010154
0.00103355
0.00105085
0.00106748
0.00108374
0.00109998
0.00111663
0.00113419
0.00115321
0.00117427
0.0011979
0.00122457
0.00125455
0.00128788
0.00132429
0.00136317
0.00140357
0.00144424
0.00148372
0.00152042
0.00155271
0.00157902
0.00159793
0.00160832
0.00160936
0.00160084
0.00158214
0.00155861
0.00150613
0.000296561
0.000290532
0.000284498
0.000278358
0.000271955
0.000265088
0.000257643
0.000249536
0.000241066
0.000232285
0.000223307
0.000214385
0.000205913
0.000198385
0.000192337
0.000188274
0.000186617
0.000187659
0.000191554
0.000198313
0.000207813
0.000219822
0.000234023
0.000250043
0.000267487
0.000285971
0.000305139
0.000324686
0.000344362
0.00036397
0.000383358
0.000402408
0.000421022
0.000439112
0.000456594
0.000473382
0.000489389
0.000504526
0.000518712
0.000531874
0.000543956
0.000554926
0.000564784
0.000573567
0.000581362
0.000588309
0.000594607
0.00060052
0.000606371
0.000612542
0.000619455
0.000627556
0.000637283
0.000649032
0.000663116
0.000679728
0.000698914
0.000720554
0.000744373
0.00076996
0.000796813
0.000824383
0.000852121
0.00087952
0.000906143
0.000931639
0.00095575
0.000978308
0.000999226
0.00101848
0.00103612
0.00105222
0.0010669
0.00108031
0.00109264
0.0011041
0.00111495
0.00112549
0.00113609
0.00114721
0.00115935
0.00117309
0.00118902
0.00120768
0.00122947
0.00125456
0.00128276
0.00131354
0.00134595
0.00137875
0.00141045
0.00143942
0.00146408
0.00148294
0.00149481
0.0014988
0.00149465
0.00148186
0.00146495
0.00142559
0.00049825
0.000490012
0.000482024
0.000474231
0.000466562
0.000458918
0.000451182
0.00044319
0.000434904
0.000426288
0.000417251
0.000407696
0.000397548
0.000386777
0.00037542
0.000363594
0.000351508
0.000339455
0.000327797
0.000316926
0.00030723
0.000299053
0.000292669
0.000288268
0.000285951
0.000285734
0.00028756
0.000291311
0.000296823
0.000303903
0.000312342
0.000321928
0.000332455
0.000343735
0.000355598
0.000367899
0.000380521
0.000393371
0.00040639
0.000419545
0.000432837
0.000446301
0.000460005
0.000474053
0.000488585
0.00050377
0.000519801
0.000536884
0.000555226
0.000575012
0.000596386
0.000619431
0.000644152
0.000670462
0.000698182
0.000727045
0.000756714
0.000786804
0.000816908
0.000846629
0.000875596
0.000903491
0.000930057
0.000955103
0.000978503
0.00100019
0.00102016
0.00103843
0.00105507
0.00107017
0.00108383
0.00109617
0.0011073
0.00111734
0.00112643
0.00113468
0.00114222
0.00114922
0.00115586
0.00116234
0.00116898
0.00117615
0.0011843
0.00119396
0.00120567
0.00121991
0.00123693
0.00125673
0.0012789
0.00130265
0.00132684
0.00135009
0.00137091
0.00138786
0.0013997
0.00140551
0.00140495
0.00139759
0.00138694
0.00136049
0.000686316
0.00067712
0.000668212
0.000659581
0.000651198
0.000643024
0.00063501
0.000627089
0.000619226
0.000611379
0.000603499
0.000595531
0.000587417
0.000579095
0.000570503
0.000561588
0.000552313
0.000542666
0.000532667
0.000522377
0.000511898
0.000501373
0.00049098
0.000480922
0.000471417
0.000462685
0.000454933
0.000448349
0.000443089
0.000439276
0.000436995
0.000436297
0.000437201
0.000439702
0.000443778
0.000449392
0.000456504
0.000465076
0.000475071
0.000486464
0.000499237
0.000513383
0.000528902
0.0005458
0.00056408
0.000583742
0.000604769
0.000627123
0.000650736
0.000675506
0.00070129
0.000727908
0.000755142
0.000782745
0.00081045
0.000837984
0.000865078
0.000891481
0.000916969
0.000941354
0.000964487
0.000986261
0.00100661
0.00102551
0.00104295
0.00105899
0.00107366
0.00108704
0.00109922
0.00111029
0.00112034
0.00112946
0.00113776
0.00114532
0.00115223
0.00115857
0.00116442
0.00116984
0.0011749
0.00117968
0.00118427
0.0011888
0.00119348
0.00119856
0.00120442
0.00121147
0.00122015
0.00123075
0.0012434
0.00125787
0.0012736
0.00128967
0.00130498
0.00131829
0.00132851
0.0013347
0.0013365
0.00133348
0.00132803
0.00131285
0.000843312
0.000834341
0.000825572
0.000817012
0.000808655
0.000800493
0.000792516
0.000784704
0.00077705
0.00076954
0.00076216
0.000754896
0.000747732
0.00074065
0.00073363
0.000726651
0.000719689
0.000712723
0.000705735
0.000698715
0.000691664
0.000684599
0.000677554
0.000670582
0.000663755
0.000657165
0.000650921
0.000645145
0.000639968
0.000635524
0.000631947
0.000629366
0.000627901
0.000627657
0.000628726
0.000631183
0.000635087
0.000640478
0.000647381
0.000655807
0.000665747
0.00067718
0.000690067
0.000704353
0.000719965
0.000736811
0.000754781
0.000773744
0.000793552
0.000814039
0.000835024
0.000856317
0.000877724
0.000899049
0.000920104
0.000940714
0.00096072
0.000979986
0.000998399
0.00101587
0.00103235
0.00104778
0.00106217
0.00107552
0.00108784
0.00109919
0.00110959
0.00111913
0.00112784
0.00113581
0.00114311
0.00114979
0.00115594
0.00116163
0.00116692
0.00117188
0.00117658
0.00118106
0.00118539
0.00118959
0.00119369
0.00119771
0.00120167
0.00120562
0.00120967
0.00121397
0.00121875
0.00122429
0.00123084
0.00123854
0.00124731
0.0012568
0.00126642
0.0012754
0.00128291
0.00128822
0.00129093
0.00129068
0.00128878
0.00128176
0.000962645
0.000954858
0.000947154
0.000939546
0.000932045
0.000924657
0.000917384
0.000910232
0.000903203
0.000896301
0.000889528
0.00088289
0.000876394
0.000870044
0.000863846
0.000857805
0.000851923
0.000846204
0.000840649
0.000835259
0.000830038
0.000824991
0.00082013
0.000815471
0.000811038
0.000806865
0.000802993
0.000799476
0.000796373
0.000793755
0.000791695
0.000790274
0.000789571
0.000789666
0.000790635
0.000792544
0.000795454
0.000799412
0.000804451
0.000810592
0.000817838
0.000826175
0.000835573
0.000845984
0.000857343
0.000869569
0.000882567
0.000896228
0.000910431
0.000925048
0.000939945
0.000954988
0.000970041
0.000984976
0.000999673
0.00101402
0.00102793
0.00104131
0.0010541
0.00106625
0.00107773
0.00108852
0.0010986
0.00110799
0.0011167
0.00112475
0.00113218
0.001139
0.00114528
0.00115104
0.00115634
0.00116121
0.00116573
0.00116993
0.00117388
0.00117763
0.00118125
0.00118479
0.00118832
0.00119188
0.00119552
0.00119925
0.00120309
0.001207
0.00121097
0.00121498
0.00121903
0.00122318
0.00122751
0.00123216
0.00123719
0.00124258
0.00124817
0.0012536
0.00125847
0.00126231
0.00126482
0.00126572
0.00126558
0.00126303
0.00104559
0.00103953
0.00103345
0.00102737
0.0010213
0.00101525
0.00100923
0.00100325
0.00099732
0.000991449
0.000985649
0.000979933
0.000974314
0.000968805
0.000963421
0.000958176
0.000953086
0.000948164
0.000943425
0.000938882
0.000934549
0.000930439
0.000926566
0.000922945
0.000919594
0.000916531
0.000913779
0.000911365
0.000909319
0.000907675
0.000906468
0.00090574
0.000905532
0.000905886
0.000906843
0.000908442
0.000910716
0.000913694
0.000917396
0.000921834
0.00092701
0.000932914
0.000939525
0.00094681
0.000954726
0.000963218
0.000972221
0.000981663
0.000991462
0.00100154
0.0010118
0.00102215
0.00103252
0.00104282
0.00105298
0.00106291
0.00107257
0.00108189
0.00109084
0.00109938
0.00110749
0.00111515
0.00112234
0.00112908
0.00113536
0.00114119
0.00114658
0.00115156
0.00115615
0.00116036
0.00116423
0.00116779
0.00117107
0.00117411
0.00117695
0.00117964
0.00118224
0.0011848
0.00118738
0.00119005
0.00119287
0.00119589
0.00119915
0.00120267
0.00120643
0.0012104
0.00121451
0.00121868
0.00122284
0.00122696
0.00123101
0.00123497
0.00123882
0.00124245
0.0012457
0.00124836
0.00125029
0.00125129
0.00125157
0.00125045
0.0010983
0.00109403
0.00108969
0.00108529
0.00108083
0.00107632
0.00107178
0.00106722
0.00106264
0.00105806
0.00105349
0.00104894
0.00104442
0.00103995
0.00103555
0.00103123
0.001027
0.0010229
0.00101892
0.00101509
0.00101143
0.00100796
0.00100468
0.00100163
0.000998808
0.000996243
0.000993951
0.000991949
0.000990259
0.000988901
0.000987897
0.000987269
0.000987038
0.000987228
0.00098786
0.000988952
0.000990522
0.000992583
0.000995145
0.000998212
0.00100178
0.00100584
0.00101039
0.00101539
0.00102082
0.00102664
0.00103281
0.00103929
0.00104602
0.00105295
0.00106003
0.00106719
0.00107438
0.00108155
0.00108865
0.00109562
0.00110244
0.00110906
0.00111545
0.00112159
0.00112744
0.00113301
0.00113827
0.00114323
0.00114786
0.00115219
0.0011562
0.00115991
0.00116333
0.00116646
0.00116932
0.00117192
0.0011743
0.00117646
0.00117845
0.00118029
0.00118202
0.0011837
0.00118537
0.00118709
0.00118894
0.00119097
0.00119326
0.00119587
0.00119881
0.00120212
0.00120575
0.00120965
0.0012137
0.00121781
0.00122183
0.00122567
0.00122923
0.00123241
0.00123514
0.0012373
0.00123883
0.0012396
0.00123975
0.00123855
0.00112883
0.00112608
0.00112325
0.00112033
0.00111733
0.00111426
0.00111112
0.00110792
0.00110468
0.00110139
0.00109806
0.00109471
0.00109135
0.00108799
0.00108464
0.00108132
0.00107804
0.00107481
0.00107166
0.00106859
0.00106562
0.00106278
0.00106007
0.00105752
0.00105514
0.00105294
0.00105095
0.00104918
0.00104765
0.00104638
0.00104537
0.00104465
0.00104423
0.00104412
0.00104434
0.00104491
0.00104582
0.00104708
0.00104871
0.00105069
0.00105304
0.00105573
0.00105877
0.00106213
0.0010658
0.00106976
0.00107397
0.00107841
0.00108304
0.00108783
0.00109275
0.00109775
0.00110281
0.00110787
0.00111292
0.00111791
0.00112282
0.00112763
0.00113229
0.00113681
0.00114114
0.00114529
0.00114924
0.00115297
0.00115649
0.00115978
0.00116284
0.00116566
0.00116826
0.00117063
0.00117278
0.00117472
0.00117645
0.00117798
0.00117935
0.00118056
0.00118164
0.00118263
0.00118356
0.00118449
0.00118546
0.00118655
0.00118781
0.00118932
0.00119115
0.00119334
0.00119592
0.00119888
0.00120217
0.0012057
0.00120934
0.00121295
0.00121637
0.00121946
0.00122209
0.00122414
0.00122554
0.00122619
0.00122621
0.00122478
0.0011449
0.00114325
0.00114152
0.00113972
0.00113784
0.00113589
0.00113388
0.00113179
0.00112965
0.00112745
0.0011252
0.00112291
0.00112059
0.00111823
0.00111586
0.00111347
0.00111109
0.00110872
0.00110638
0.00110407
0.00110181
0.00109961
0.0010975
0.00109547
0.00109355
0.00109175
0.00109009
0.00108858
0.00108723
0.00108606
0.00108508
0.00108431
0.00108375
0.00108343
0.00108334
0.0010835
0.00108391
0.00108458
0.00108552
0.00108672
0.00108818
0.0010899
0.00109188
0.00109409
0.00109654
0.00109921
0.00110207
0.00110512
0.00110833
0.00111167
0.00111512
0.00111866
0.00112227
0.00112592
0.00112957
0.00113323
0.00113684
0.00114041
0.0011439
0.00114731
0.00115061
0.00115378
0.00115682
0.00115971
0.00116245
0.00116502
0.00116741
0.00116962
0.00117165
0.0011735
0.00117515
0.00117662
0.0011779
0.001179
0.00117993
0.0011807
0.00118132
0.00118183
0.00118223
0.00118258
0.00118289
0.00118324
0.00118366
0.00118422
0.00118499
0.00118603
0.0011874
0.00118913
0.00119122
0.00119364
0.00119632
0.00119914
0.00120195
0.00120461
0.00120695
0.00120882
0.00121012
0.00121074
0.00121079
0.00120949
0.00115256
0.00115159
0.00115057
0.00114949
0.00114836
0.00114718
0.00114594
0.00114464
0.0011433
0.0011419
0.00114046
0.00113898
0.00113745
0.00113589
0.0011343
0.00113269
0.00113106
0.00112942
0.00112778
0.00112614
0.00112452
0.00112292
0.00112136
0.00111985
0.0011184
0.00111701
0.00111571
0.00111449
0.00111339
0.00111239
0.00111153
0.0011108
0.00111023
0.00110981
0.00110956
0.00110949
0.00110959
0.00110989
0.00111038
0.00111106
0.00111194
0.00111301
0.00111428
0.00111573
0.00111736
0.00111916
0.00112112
0.00112323
0.00112548
0.00112784
0.00113031
0.00113287
0.00113551
0.00113819
0.00114091
0.00114365
0.00114639
0.00114911
0.00115181
0.00115445
0.00115703
0.00115953
0.00116194
0.00116425
0.00116644
0.00116851
0.00117044
0.00117223
0.00117386
0.00117533
0.00117665
0.00117779
0.00117876
0.00117957
0.00118021
0.00118069
0.00118102
0.00118121
0.00118127
0.00118122
0.0011811
0.00118093
0.00118076
0.00118063
0.0011806
0.00118072
0.00118106
0.00118165
0.00118254
0.00118373
0.00118521
0.00118691
0.00118874
0.00119058
0.00119228
0.00119371
0.00119476
0.0011953
0.0011954
0.00119452
0.00115585
0.00115525
0.00115462
0.00115396
0.00115327
0.00115253
0.00115177
0.00115097
0.00115013
0.00114925
0.00114834
0.0011474
0.00114642
0.00114542
0.00114439
0.00114333
0.00114226
0.00114116
0.00114006
0.00113895
0.00113784
0.00113673
0.00113564
0.00113456
0.00113352
0.00113251
0.00113154
0.00113063
0.00112978
0.001129
0.0011283
0.00112769
0.00112719
0.00112678
0.0011265
0.00112633
0.0011263
0.0011264
0.00112664
0.00112702
0.00112754
0.00112822
0.00112904
0.00113
0.00113111
0.00113235
0.00113373
0.00113523
0.00113685
0.00113857
0.0011404
0.00114231
0.00114429
0.00114633
0.00114842
0.00115055
0.0011527
0.00115485
0.00115699
0.00115912
0.00116121
0.00116325
0.00116522
0.00116713
0.00116894
0.00117066
0.00117227
0.00117376
0.00117512
0.00117634
0.00117741
0.00117834
0.00117911
0.00117972
0.00118017
0.00118047
0.00118061
0.0011806
0.00118044
0.00118016
0.00117977
0.00117929
0.00117875
0.00117818
0.00117761
0.0011771
0.0011767
0.00117644
0.00117638
0.00117654
0.00117693
0.00117755
0.00117834
0.00117923
0.00118014
0.00118095
0.00118157
0.00118191
0.00118198
0.0011815
0.00115711
0.00115669
0.00115626
0.0011558
0.00115533
0.00115484
0.00115433
0.00115379
0.00115324
0.00115266
0.00115207
0.00115145
0.0011508
0.00115014
0.00114946
0.00114877
0.00114805
0.00114733
0.00114659
0.00114584
0.00114509
0.00114434
0.00114359
0.00114284
0.00114211
0.0011414
0.00114071
0.00114006
0.00113944
0.00113886
0.00113834
0.00113787
0.00113747
0.00113714
0.00113689
0.00113672
0.00113665
0.00113667
0.00113679
0.00113702
0.00113736
0.00113781
0.00113837
0.00113905
0.00113984
0.00114075
0.00114176
0.00114288
0.0011441
0.00114542
0.00114682
0.00114831
0.00114987
0.00115149
0.00115317
0.00115489
0.00115664
0.00115841
0.00116019
0.00116196
0.00116371
0.00116544
0.00116712
0.00116874
0.0011703
0.00117178
0.00117316
0.00117445
0.00117562
0.00117666
0.00117758
0.00117836
0.00117899
0.00117948
0.00117981
0.00117999
0.00118001
0.00117988
0.00117961
0.00117919
0.00117865
0.00117799
0.00117724
0.00117641
0.00117553
0.00117464
0.00117377
0.00117296
0.00117225
0.00117168
0.00117127
0.00117103
0.00117095
0.00117101
0.00117117
0.00117134
0.00117149
0.00117153
0.00117147
0.00117122
0.00115754
0.00115719
0.00115684
0.00115648
0.00115611
0.00115573
0.00115534
0.00115493
0.00115452
0.0011541
0.00115366
0.00115321
0.00115275
0.00115228
0.0011518
0.00115131
0.00115081
0.0011503
0.00114978
0.00114926
0.00114873
0.00114821
0.00114768
0.00114716
0.00114665
0.00114615
0.00114566
0.00114519
0.00114475
0.00114433
0.00114395
0.00114361
0.00114332
0.00114307
0.00114288
0.00114275
0.00114269
0.00114269
0.00114278
0.00114294
0.00114319
0.00114353
0.00114396
0.00114448
0.00114509
0.00114579
0.00114659
0.00114748
0.00114846
0.00114952
0.00115067
0.00115189
0.00115318
0.00115453
0.00115594
0.00115739
0.00115888
0.0011604
0.00116193
0.00116347
0.001165
0.00116651
0.00116799
0.00116942
0.0011708
0.00117211
0.00117335
0.00117449
0.00117553
0.00117646
0.00117726
0.00117794
0.00117849
0.00117889
0.00117914
0.00117925
0.00117921
0.00117901
0.00117867
0.00117818
0.00117756
0.00117681
0.00117594
0.00117498
0.00117393
0.00117283
0.0011717
0.00117057
0.00116947
0.00116844
0.00116751
0.00116669
0.001166
0.00116544
0.00116499
0.00116463
0.00116434
0.00116407
0.0011638
0.00116357
0.00115766
0.00115734
0.00115702
0.00115669
0.00115636
0.00115603
0.00115569
0.00115534
0.00115499
0.00115463
0.00115427
0.0011539
0.00115353
0.00115315
0.00115277
0.00115238
0.00115199
0.0011516
0.0011512
0.0011508
0.00115041
0.00115001
0.00114962
0.00114923
0.00114885
0.00114847
0.00114811
0.00114777
0.00114744
0.00114714
0.00114686
0.00114661
0.00114639
0.00114621
0.00114608
0.00114599
0.00114596
0.00114598
0.00114606
0.0011462
0.00114641
0.0011467
0.00114706
0.00114749
0.001148
0.0011486
0.00114927
0.00115003
0.00115086
0.00115177
0.00115275
0.00115381
0.00115493
0.00115611
0.00115734
0.00115862
0.00115994
0.00116129
0.00116266
0.00116404
0.00116541
0.00116678
0.00116812
0.00116942
0.00117068
0.00117188
0.00117301
0.00117405
0.001175
0.00117584
0.00117658
0.00117719
0.00117767
0.00117802
0.00117822
0.00117828
0.0011782
0.00117797
0.00117759
0.00117706
0.0011764
0.00117561
0.00117469
0.00117366
0.00117254
0.00117133
0.00117007
0.00116877
0.00116746
0.00116617
0.00116493
0.00116375
0.00116267
0.00116169
0.00116083
0.00116007
0.00115942
0.00115885
0.00115837
0.00115799
0.00115768
0.00115737
0.00115706
0.00115674
0.00115642
0.0011561
0.00115578
0.00115546
0.00115513
0.0011548
0.00115447
0.00115413
0.0011538
0.00115346
0.00115312
0.00115278
0.00115244
0.0011521
0.00115176
0.00115142
0.00115109
0.00115076
0.00115043
0.00115011
0.0011498
0.0011495
0.0011492
0.00114893
0.00114867
0.00114843
0.00114821
0.00114801
0.00114785
0.00114772
0.00114762
0.00114756
0.00114755
0.00114758
0.00114767
0.00114781
0.00114801
0.00114826
0.00114859
0.00114898
0.00114944
0.00114996
0.00115057
0.00115124
0.00115198
0.0011528
0.00115368
0.00115463
0.00115564
0.00115671
0.00115783
0.001159
0.0011602
0.00116144
0.0011627
0.00116397
0.00116524
0.0011665
0.00116774
0.00116896
0.00117013
0.00117124
0.00117229
0.00117327
0.00117415
0.00117494
0.00117562
0.00117618
0.00117662
0.00117693
0.0011771
0.00117713
0.00117702
0.00117676
0.00117636
0.00117582
0.00117514
0.00117432
0.00117338
0.00117233
0.00117117
0.00116992
0.00116859
0.00116721
0.00116579
0.00116437
0.00116295
0.00116157
0.00116025
0.00115901
0.00115787
0.00115682
0.00115589
0.00115507
0.00115437
0.00115374
0.00115767
0.00115736
0.00115705
0.00115674
0.00115642
0.00115611
0.00115579
0.00115547
0.00115515
0.00115483
0.00115451
0.00115419
0.00115386
0.00115354
0.00115322
0.00115289
0.00115257
0.00115225
0.00115194
0.00115162
0.00115131
0.00115101
0.00115071
0.00115042
0.00115014
0.00114987
0.00114961
0.00114937
0.00114914
0.00114893
0.00114874
0.00114857
0.00114844
0.00114833
0.00114825
0.00114821
0.0011482
0.00114824
0.00114833
0.00114846
0.00114865
0.00114889
0.00114919
0.00114955
0.00114997
0.00115046
0.00115101
0.00115163
0.00115232
0.00115307
0.00115389
0.00115477
0.0011557
0.0011567
0.00115774
0.00115883
0.00115995
0.00116111
0.00116228
0.00116348
0.00116467
0.00116586
0.00116704
0.00116818
0.00116929
0.00117034
0.00117133
0.00117225
0.00117309
0.00117383
0.00117447
0.00117499
0.0011754
0.00117567
0.00117581
0.00117582
0.00117569
0.00117541
0.00117499
0.00117443
0.00117374
0.00117291
0.00117196
0.00117089
0.00116971
0.00116844
0.00116708
0.00116566
0.00116418
0.00116268
0.00116117
0.00115967
0.00115821
0.0011568
0.00115546
0.0011542
0.00115305
0.001152
0.00115109
0.00115014
0.00115766
0.00115735
0.00115704
0.00115672
0.00115641
0.00115609
0.00115578
0.00115546
0.00115514
0.00115482
0.0011545
0.00115418
0.00115386
0.00115354
0.00115322
0.0011529
0.00115258
0.00115227
0.00115196
0.00115165
0.00115135
0.00115106
0.00115077
0.00115049
0.00115021
0.00114995
0.00114971
0.00114947
0.00114925
0.00114905
0.00114887
0.00114871
0.00114858
0.00114848
0.0011484
0.00114836
0.00114836
0.0011484
0.00114847
0.0011486
0.00114877
0.001149
0.00114928
0.00114961
0.00115001
0.00115046
0.00115098
0.00115156
0.0011522
0.00115291
0.00115367
0.0011545
0.00115538
0.00115632
0.0011573
0.00115833
0.00115939
0.00116049
0.0011616
0.00116274
0.00116387
0.001165
0.00116612
0.00116721
0.00116827
0.00116927
0.00117022
0.00117109
0.00117188
0.00117258
0.00117318
0.00117367
0.00117404
0.00117428
0.0011744
0.00117438
0.00117422
0.00117392
0.00117348
0.0011729
0.00117218
0.00117134
0.00117037
0.00116928
0.00116808
0.00116679
0.0011654
0.00116395
0.00116243
0.00116088
0.0011593
0.00115772
0.00115615
0.00115461
0.00115311
0.00115168
0.00115034
0.00114907
0.00114795
0.00114662
0.00115764
0.00115733
0.00115702
0.0011567
0.00115639
0.00115607
0.00115575
0.00115543
0.00115511
0.00115479
0.00115447
0.00115415
0.00115383
0.00115351
0.00115319
0.00115287
0.00115255
0.00115224
0.00115193
0.00115162
0.00115132
0.00115102
0.00115073
0.00115045
0.00115018
0.00114992
0.00114967
0.00114943
0.00114921
0.00114901
0.00114883
0.00114867
0.00114853
0.00114842
0.00114834
0.00114829
0.00114828
0.0011483
0.00114837
0.00114848
0.00114864
0.00114884
0.0011491
0.00114941
0.00114978
0.0011502
0.00115069
0.00115123
0.00115184
0.00115251
0.00115323
0.00115401
0.00115485
0.00115574
0.00115667
0.00115765
0.00115866
0.00115971
0.00116077
0.00116185
0.00116294
0.00116402
0.00116509
0.00116613
0.00116713
0.00116809
0.00116899
0.00116982
0.00117057
0.00117123
0.00117179
0.00117224
0.00117257
0.00117277
0.00117285
0.00117279
0.00117259
0.00117226
0.00117178
0.00117117
0.00117042
0.00116954
0.00116854
0.00116742
0.00116619
0.00116486
0.00116344
0.00116194
0.00116037
0.00115876
0.00115711
0.00115544
0.00115377
0.0011521
0.00115046
0.00114886
0.00114731
0.00114582
0.00114448
0.00114273
0.00115763
0.00115732
0.001157
0.00115669
0.00115637
0.00115605
0.00115573
0.00115541
0.00115509
0.00115476
0.00115444
0.00115412
0.00115379
0.00115347
0.00115315
0.00115283
0.00115251
0.00115219
0.00115187
0.00115156
0.00115126
0.00115096
0.00115066
0.00115038
0.0011501
0.00114983
0.00114958
0.00114934
0.00114911
0.0011489
0.00114871
0.00114854
0.0011484
0.00114828
0.00114818
0.00114812
0.0011481
0.00114811
0.00114816
0.00114825
0.00114838
0.00114857
0.0011488
0.00114909
0.00114943
0.00114983
0.00115028
0.00115079
0.00115136
0.00115199
0.00115268
0.00115342
0.00115421
0.00115506
0.00115595
0.00115688
0.00115785
0.00115885
0.00115986
0.0011609
0.00116193
0.00116297
0.00116398
0.00116498
0.00116593
0.00116684
0.00116769
0.00116847
0.00116917
0.00116978
0.00117029
0.00117068
0.00117096
0.00117111
0.00117113
0.00117102
0.00117077
0.00117037
0.00116984
0.00116917
0.00116837
0.00116743
0.00116637
0.00116519
0.0011639
0.00116251
0.00116103
0.00115946
0.00115782
0.00115612
0.00115438
0.0011526
0.0011508
0.00114899
0.00114718
0.00114538
0.00114362
0.00114187
0.00114029
0.00113808
0.00115761
0.0011573
0.00115699
0.00115667
0.00115635
0.00115603
0.00115571
0.00115539
0.00115506
0.00115474
0.00115441
0.00115409
0.00115376
0.00115343
0.00115311
0.00115278
0.00115246
0.00115214
0.00115182
0.00115151
0.0011512
0.00115089
0.00115059
0.0011503
0.00115002
0.00114974
0.00114948
0.00114923
0.00114899
0.00114877
0.00114857
0.00114839
0.00114823
0.0011481
0.001148
0.00114792
0.00114788
0.00114787
0.0011479
0.00114797
0.00114809
0.00114825
0.00114846
0.00114872
0.00114904
0.0011494
0.00114983
0.00115031
0.00115084
0.00115144
0.00115208
0.00115279
0.00115354
0.00115434
0.00115519
0.00115608
0.001157
0.00115795
0.00115891
0.0011599
0.00116088
0.00116186
0.00116282
0.00116376
0.00116466
0.00116551
0.0011663
0.00116702
0.00116765
0.00116819
0.00116862
0.00116895
0.00116915
0.00116922
0.00116916
0.00116896
0.00116863
0.00116815
0.00116753
0.00116677
0.00116588
0.00116485
0.0011637
0.00116243
0.00116104
0.00115955
0.00115796
0.00115629
0.00115454
0.00115272
0.00115085
0.00114892
0.00114696
0.00114496
0.00114295
0.00114092
0.0011389
0.00113687
0.00113501
0.00113231
0.0011576
0.00115729
0.00115697
0.00115665
0.00115633
0.00115601
0.00115569
0.00115536
0.00115504
0.00115471
0.00115438
0.00115406
0.00115373
0.0011534
0.00115307
0.00115274
0.00115242
0.00115209
0.00115177
0.00115145
0.00115113
0.00115082
0.00115052
0.00115022
0.00114993
0.00114965
0.00114938
0.00114912
0.00114887
0.00114864
0.00114843
0.00114824
0.00114807
0.00114792
0.0011478
0.00114771
0.00114765
0.00114763
0.00114764
0.00114769
0.00114779
0.00114793
0.00114811
0.00114835
0.00114863
0.00114897
0.00114936
0.00114981
0.00115031
0.00115087
0.00115148
0.00115214
0.00115285
0.00115361
0.00115441
0.00115525
0.00115612
0.00115701
0.00115793
0.00115885
0.00115978
0.00116069
0.00116159
0.00116245
0.00116327
0.00116405
0.00116475
0.00116538
0.00116592
0.00116636
0.00116669
0.00116691
0.001167
0.00116695
0.00116677
0.00116645
0.00116599
0.00116538
0.00116463
0.00116374
0.00116271
0.00116155
0.00116026
0.00115885
0.00115732
0.00115569
0.00115396
0.00115213
0.00115023
0.00114824
0.00114619
0.00114407
0.00114189
0.00113967
0.00113741
0.00113511
0.0011328
0.00113045
0.0011283
0.0011251
0.00115759
0.00115727
0.00115696
0.00115664
0.00115632
0.00115599
0.00115567
0.00115534
0.00115502
0.00115469
0.00115436
0.00115403
0.0011537
0.00115337
0.00115303
0.0011527
0.00115237
0.00115205
0.00115172
0.0011514
0.00115108
0.00115076
0.00115045
0.00115014
0.00114985
0.00114956
0.00114928
0.00114901
0.00114876
0.00114852
0.0011483
0.00114809
0.00114791
0.00114775
0.00114762
0.00114751
0.00114744
0.00114739
0.00114739
0.00114742
0.00114749
0.00114761
0.00114777
0.00114797
0.00114823
0.00114854
0.0011489
0.00114931
0.00114978
0.0011503
0.00115087
0.00115148
0.00115215
0.00115285
0.0011536
0.00115438
0.00115519
0.00115602
0.00115686
0.00115771
0.00115856
0.00115938
0.00116019
0.00116095
0.00116167
0.00116233
0.00116291
0.00116341
0.00116381
0.00116411
0.00116429
0.00116434
0.00116427
0.00116405
0.0011637
0.0011632
0.00116255
0.00116175
0.00116081
0.00115973
0.00115851
0.00115716
0.00115568
0.00115408
0.00115236
0.00115054
0.00114861
0.00114658
0.00114447
0.00114226
0.00113998
0.00113762
0.00113519
0.00113269
0.00113013
0.00112753
0.0011249
0.00112222
0.00111976
0.00111606
0.00115758
0.00115726
0.00115694
0.00115662
0.0011563
0.00115598
0.00115565
0.00115532
0.001155
0.00115467
0.00115433
0.001154
0.00115367
0.00115333
0.001153
0.00115267
0.00115233
0.001152
0.00115167
0.00115135
0.00115102
0.0011507
0.00115038
0.00115007
0.00114977
0.00114948
0.00114919
0.00114891
0.00114865
0.0011484
0.00114817
0.00114796
0.00114776
0.00114759
0.00114744
0.00114732
0.00114723
0.00114717
0.00114714
0.00114715
0.0011472
0.00114729
0.00114742
0.0011476
0.00114783
0.00114811
0.00114843
0.0011488
0.00114923
0.0011497
0.00115022
0.00115078
0.00115138
0.00115203
0.0011527
0.00115341
0.00115413
0.00115487
0.00115562
0.00115636
0.00115708
0.00115779
0.00115845
0.00115907
0.00115963
0.00116011
0.00116052
0.00116082
0.00116102
0.00116111
0.00116106
0.00116089
0.00116057
0.00116012
0.00115951
0.00115875
0.00115785
0.0011568
0.0011556
0.00115427
0.00115279
0.00115119
0.00114946
0.00114761
0.00114565
0.00114357
0.00114139
0.00113911
0.00113673
0.00113426
0.0011317
0.00112906
0.00112632
0.00112352
0.00112064
0.0011177
0.00111473
0.00111171
0.00110895
0.00110478
0.00115757
0.00115725
0.00115693
0.00115661
0.00115629
0.00115596
0.00115564
0.00115531
0.00115498
0.00115465
0.00115431
0.00115398
0.00115364
0.00115331
0.00115297
0.00115263
0.0011523
0.00115196
0.00115163
0.0011513
0.00115097
0.00115064
0.00115032
0.00115001
0.0011497
0.0011494
0.0011491
0.00114882
0.00114855
0.00114829
0.00114805
0.00114782
0.00114761
0.00114742
0.00114726
0.00114712
0.00114701
0.00114693
0.00114688
0.00114687
0.00114689
0.00114696
0.00114706
0.0011472
0.00114739
0.00114762
0.0011479
0.00114822
0.00114859
0.001149
0.00114945
0.00114993
0.00115046
0.001151
0.00115158
0.00115217
0.00115277
0.00115337
0.00115396
0.00115454
0.00115509
0.0011556
0.00115605
0.00115644
0.00115676
0.00115699
0.00115712
0.00115715
0.00115705
0.00115682
0.00115646
0.00115596
0.00115531
0.00115452
0.00115357
0.00115248
0.00115124
0.00114985
0.00114833
0.00114667
0.00114487
0.00114296
0.00114092
0.00113876
0.0011365
0.00113412
0.00113164
0.00112906
0.00112638
0.0011236
0.00112072
0.00111775
0.00111469
0.00111155
0.00110833
0.00110504
0.00110174
0.00109837
0.00109531
0.00109062
0.00115756
0.00115724
0.00115692
0.0011566
0.00115628
0.00115595
0.00115562
0.00115529
0.00115496
0.00115463
0.00115429
0.00115396
0.00115362
0.00115328
0.00115294
0.0011526
0.00115226
0.00115193
0.00115159
0.00115125
0.00115092
0.00115059
0.00115026
0.00114994
0.00114962
0.00114931
0.00114901
0.00114872
0.00114844
0.00114817
0.00114791
0.00114767
0.00114745
0.00114724
0.00114706
0.0011469
0.00114677
0.00114666
0.00114658
0.00114653
0.00114652
0.00114654
0.0011466
0.00114669
0.00114682
0.00114699
0.0011472
0.00114744
0.00114772
0.00114803
0.00114836
0.00114873
0.00114911
0.00114951
0.00114992
0.00115033
0.00115073
0.00115111
0.00115146
0.00115178
0.00115205
0.00115226
0.00115239
0.00115244
0.0011524
0.00115225
0.00115199
0.00115161
0.00115109
0.00115044
0.00114964
0.0011487
0.00114761
0.00114638
0.001145
0.00114348
0.00114182
0.00114002
0.0011381
0.00113605
0.00113388
0.0011316
0.0011292
0.00112669
0.00112408
0.00112137
0.00111855
0.00111563
0.00111261
0.00110949
0.00110627
0.00110295
0.00109953
0.00109603
0.00109245
0.0010888
0.00108512
0.00108135
0.00107797
0.00107245
0.00115755
0.00115724
0.00115691
0.00115659
0.00115627
0.00115594
0.00115561
0.00115528
0.00115494
0.00115461
0.00115427
0.00115393
0.00115359
0.00115325
0.00115291
0.00115257
0.00115223
0.00115188
0.00115154
0.0011512
0.00115086
0.00115052
0.00115019
0.00114986
0.00114953
0.00114921
0.00114889
0.00114859
0.00114829
0.001148
0.00114772
0.00114746
0.00114721
0.00114698
0.00114676
0.00114656
0.00114639
0.00114624
0.00114611
0.001146
0.00114592
0.00114587
0.00114585
0.00114585
0.00114588
0.00114594
0.00114602
0.00114612
0.00114624
0.00114638
0.00114653
0.00114668
0.00114684
0.00114698
0.00114712
0.00114722
0.00114729
0.00114732
0.0011473
0.00114721
0.00114705
0.0011468
0.00114646
0.00114601
0.00114545
0.00114477
0.00114397
0.00114303
0.00114195
0.00114074
0.00113939
0.0011379
0.00113627
0.00113451
0.00113261
0.00113059
0.00112845
0.00112619
0.00112382
0.00112134
0.00111875
0.00111607
0.00111328
0.00111039
0.00110741
0.00110432
0.00110114
0.00109785
0.00109446
0.00109096
0.00108735
0.00108364
0.00107981
0.00107589
0.00107186
0.00106773
0.00106354
0.0010591
0.00105517
0.00104783
0.00115755
0.00115723
0.00115691
0.00115658
0.00115625
0.00115592
0.00115559
0.00115526
0.00115492
0.00115458
0.00115424
0.0011539
0.00115355
0.00115321
0.00115286
0.00115251
0.00115216
0.00115181
0.00115145
0.0011511
0.00115074
0.00115039
0.00115004
0.00114969
0.00114934
0.00114899
0.00114865
0.00114831
0.00114798
0.00114765
0.00114733
0.00114702
0.00114672
0.00114642
0.00114614
0.00114587
0.00114561
0.00114536
0.00114513
0.00114491
0.0011447
0.00114451
0.00114433
0.00114416
0.001144
0.00114385
0.00114369
0.00114354
0.00114339
0.00114322
0.00114304
0.00114283
0.00114259
0.00114232
0.00114199
0.00114162
0.00114117
0.00114065
0.00114005
0.00113936
0.00113857
0.00113767
0.00113665
0.00113552
0.00113427
0.00113289
0.00113139
0.00112976
0.001128
0.00112612
0.00112412
0.001122
0.00111977
0.00111743
0.00111498
0.00111243
0.00110978
0.00110704
0.0011042
0.00110127
0.00109826
0.00109515
0.00109194
0.00108864
0.00108524
0.00108174
0.00107813
0.00107441
0.00107056
0.00106658
0.00106247
0.00105821
0.0010538
0.00104921
0.00104443
0.0010394
0.00103414
0.00102817
0.00102297
0.00101116
0.00115753
0.00115721
0.00115688
0.00115655
0.00115622
0.00115589
0.00115555
0.0011552
0.00115486
0.00115451
0.00115416
0.0011538
0.00115344
0.00115307
0.00115271
0.00115233
0.00115196
0.00115158
0.00115119
0.00115081
0.00115042
0.00115002
0.00114962
0.00114922
0.00114881
0.0011484
0.00114799
0.00114757
0.00114715
0.00114673
0.00114631
0.00114588
0.00114545
0.00114502
0.00114459
0.00114415
0.00114371
0.00114327
0.00114282
0.00114236
0.0011419
0.00114142
0.00114094
0.00114043
0.00113991
0.00113937
0.00113879
0.00113819
0.00113754
0.00113685
0.00113611
0.0011353
0.00113443
0.00113349
0.00113246
0.00113135
0.00113014
0.00112883
0.00112741
0.00112589
0.00112425
0.0011225
0.00112064
0.00111866
0.00111658
0.00111439
0.00111209
0.0011097
0.00110721
0.00110464
0.00110197
0.00109923
0.0010964
0.00109349
0.00109051
0.00108745
0.0010843
0.00108108
0.00107777
0.00107437
0.00107088
0.00106728
0.00106358
0.00105977
0.00105582
0.00105174
0.00104752
0.00104312
0.00103855
0.00103376
0.00102875
0.00102345
0.00101784
0.00101183
0.00100532
0.000998119
0.000990225
0.000980497
0.000972112
0.000950125
0.00115746
0.00115712
0.00115677
0.00115642
0.00115607
0.00115571
0.00115534
0.00115497
0.00115459
0.0011542
0.00115381
0.0011534
0.00115299
0.00115257
0.00115213
0.00115169
0.00115124
0.00115078
0.0011503
0.00114981
0.00114931
0.0011488
0.00114827
0.00114773
0.00114717
0.00114659
0.001146
0.00114539
0.00114476
0.00114412
0.00114345
0.00114276
0.00114205
0.00114131
0.00114055
0.00113976
0.00113894
0.00113809
0.0011372
0.00113628
0.00113531
0.00113431
0.00113325
0.00113215
0.00113098
0.00112976
0.00112847
0.0011271
0.00112566
0.00112414
0.00112253
0.00112083
0.00111903
0.00111713
0.00111512
0.00111301
0.0011108
0.00110848
0.00110606
0.00110355
0.00110094
0.00109824
0.00109546
0.00109261
0.0010897
0.00108672
0.00108369
0.0010806
0.00107747
0.00107428
0.00107104
0.00106775
0.00106439
0.00106097
0.00105747
0.00105388
0.0010502
0.0010464
0.00104249
0.00103845
0.00103426
0.0010299
0.00102537
0.00102065
0.0010157
0.00101051
0.00100504
0.000999252
0.000993098
0.000986513
0.000979409
0.000971672
0.000963148
0.000953627
0.000942859
0.000930404
0.000916266
0.000898255
0.000883017
0.000843154
0.00115702
0.00115662
0.0011562
0.00115578
0.00115534
0.00115488
0.00115441
0.00115393
0.00115343
0.00115291
0.00115237
0.00115181
0.00115123
0.00115062
0.00115
0.00114935
0.00114867
0.00114797
0.00114723
0.00114647
0.00114568
0.00114485
0.00114399
0.00114309
0.00114216
0.00114118
0.00114017
0.00113911
0.00113801
0.00113686
0.00113566
0.00113441
0.0011331
0.00113175
0.00113033
0.00112885
0.0011273
0.00112569
0.00112401
0.00112225
0.00112042
0.00111851
0.00111651
0.00111442
0.00111225
0.00110998
0.00110761
0.00110515
0.00110259
0.00109992
0.00109716
0.0010943
0.00109135
0.00108831
0.00108518
0.00108197
0.0010787
0.00107536
0.00107198
0.00106855
0.00106509
0.0010616
0.0010581
0.00105459
0.00105106
0.00104751
0.00104395
0.00104036
0.00103673
0.00103304
0.00102928
0.00102543
0.00102147
0.00101736
0.0010131
0.00100866
0.001004
0.00099912
0.000993979
0.000988555
0.000982822
0.000976747
0.000970297
0.000963429
0.000956095
0.000948235
0.000939773
0.000930614
0.000920636
0.000909685
0.000897565
0.000884034
0.000868804
0.000851552
0.00083198
0.000809724
0.00078528
0.000756581
0.000733547
0.000685225
0.00115485
0.00115421
0.00115354
0.00115283
0.0011521
0.00115133
0.00115052
0.00114967
0.00114879
0.00114786
0.00114689
0.00114588
0.00114482
0.00114371
0.00114255
0.00114135
0.00114008
0.00113877
0.0011374
0.00113596
0.00113447
0.00113292
0.0011313
0.00112962
0.00112786
0.00112604
0.00112415
0.00112218
0.00112013
0.00111801
0.0011158
0.00111352
0.00111115
0.00110869
0.00110614
0.00110351
0.00110078
0.00109796
0.00109504
0.00109203
0.00108893
0.00108573
0.00108244
0.00107905
0.00107558
0.00107202
0.00106838
0.00106466
0.00106088
0.00105703
0.00105314
0.0010492
0.00104523
0.00104125
0.00103725
0.00103326
0.00102928
0.00102531
0.00102137
0.00101746
0.00101357
0.00100969
0.00100581
0.00100192
0.000997983
0.000993985
0.000989887
0.000985654
0.000981247
0.000976624
0.000971742
0.000966559
0.000961031
0.000955115
0.000948772
0.000941959
0.000934638
0.000926769
0.000918311
0.000909223
0.000899461
0.000888976
0.000877712
0.000865606
0.000852583
0.000838555
0.00082342
0.000807063
0.000789359
0.000770195
0.000749486
0.000727227
0.00070354
0.000678764
0.000653497
0.000628628
0.000605569
0.000584816
0.000571017
0.000557199
0.00114538
0.00114396
0.00114248
0.00114093
0.00113931
0.00113762
0.00113586
0.00113402
0.00113211
0.00113013
0.00112806
0.00112592
0.00112371
0.00112141
0.00111903
0.00111657
0.00111403
0.0011114
0.0011087
0.00110591
0.00110303
0.00110007
0.00109702
0.00109389
0.00109067
0.00108737
0.00108397
0.0010805
0.00107693
0.00107328
0.00106955
0.00106573
0.00106183
0.00105785
0.0010538
0.00104967
0.00104546
0.00104119
0.00103686
0.00103248
0.00102804
0.00102356
0.00101905
0.00101451
0.00100995
0.00100539
0.00100084
0.000996297
0.00099178
0.000987295
0.00098285
0.00097845
0.000974097
0.000969788
0.000965518
0.000961275
0.000957042
0.000952795
0.000948504
0.000944131
0.000939631
0.000934955
0.000930045
0.00092484
0.000919275
0.000913284
0.000906799
0.000899753
0.00089208
0.000883721
0.000874618
0.000864722
0.00085399
0.000842389
0.000829895
0.000816492
0.000802182
0.000786973
0.00077089
0.000753972
0.000736269
0.00071785
0.000698796
0.000679207
0.000659206
0.000638943
0.000618605
0.000598433
0.000578731
0.000559883
0.000542361
0.000526729
0.000513613
0.000503702
0.000497639
0.000496084
0.000499326
0.000508394
0.00051975
0.000551074
0.00110919
0.00110578
0.00110228
0.00109868
0.00109499
0.0010912
0.00108732
0.00108335
0.00107929
0.00107514
0.00107091
0.0010666
0.00106221
0.00105774
0.0010532
0.00104859
0.0010439
0.00103915
0.00103434
0.00102947
0.00102454
0.00101955
0.00101451
0.00100943
0.0010043
0.000999138
0.000993937
0.000988704
0.000983445
0.000978165
0.000972869
0.000967562
0.000962251
0.00095694
0.000951636
0.000946346
0.000941075
0.000935828
0.000930611
0.000925428
0.000920282
0.000915176
0.000910108
0.000905075
0.000900072
0.000895089
0.000890111
0.000885117
0.000880084
0.000874977
0.000869759
0.000864382
0.000858793
0.000852932
0.000846731
0.00084012
0.000833024
0.000825367
0.000817075
0.000808078
0.000798311
0.000787721
0.000776263
0.00076391
0.000750647
0.000736478
0.000721427
0.000705536
0.000688867
0.000671507
0.000653564
0.000635166
0.000616464
0.000597628
0.000578841
0.0005603
0.000542204
0.000524754
0.000508144
0.00049256
0.000478179
0.000465162
0.000453665
0.000443835
0.000435818
0.000429766
0.000425835
0.000424193
0.000425017
0.000428483
0.000434759
0.00044399
0.000456271
0.000471638
0.000490028
0.000511322
0.00053509
0.00056187
0.000586649
0.000632248
0.000992527
0.00098561
0.000978653
0.000971664
0.000964647
0.000957608
0.000950552
0.000943485
0.000936411
0.000929335
0.000922263
0.000915198
0.000908146
0.00090111
0.000894095
0.000887105
0.000880143
0.000873214
0.000866321
0.000859466
0.000852654
0.000845886
0.000839165
0.000832492
0.000825869
0.000819296
0.000812772
0.000806297
0.000799868
0.000793481
0.00078713
0.000780809
0.000774506
0.000768211
0.000761908
0.000755578
0.000749199
0.000742744
0.000736182
0.000729476
0.000722585
0.000715462
0.000708054
0.000700305
0.000692153
0.000683535
0.000674387
0.000664645
0.000654251
0.000643156
0.000631321
0.000618725
0.000605367
0.000591271
0.000576484
0.000561085
0.000545177
0.000528888
0.000512367
0.000495776
0.000479289
0.000463079
0.000447314
0.000432155
0.000417746
0.000404218
0.000391682
0.000380232
0.000369948
0.000360894
0.000353122
0.000346676
0.000341589
0.000337886
0.000335589
0.000334712
0.000335265
0.000337253
0.000340677
0.000345537
0.000351829
0.000359548
0.000368689
0.000379244
0.000391203
0.000404551
0.000419263
0.0004353
0.000452605
0.000471102
0.000490692
0.00051126
0.000532676
0.00055481
0.000577533
0.000600737
0.000624236
0.000648425
0.000670064
0.000706611
0.000692684
0.000683074
0.0006736
0.000664261
0.000655056
0.000645983
0.00063704
0.000628224
0.000619533
0.000610965
0.000602515
0.000594181
0.000585959
0.000577845
0.000569834
0.000561922
0.000554103
0.000546372
0.000538723
0.000531149
0.000523642
0.000516194
0.000508798
0.000501443
0.000494121
0.000486821
0.000479531
0.000472241
0.000464939
0.000457612
0.000450249
0.000442837
0.000435365
0.000427823
0.000420201
0.000412492
0.000404689
0.000396792
0.0003888
0.000380719
0.000372558
0.000364334
0.000356067
0.000347785
0.000339521
0.000331316
0.000323217
0.000315275
0.000307548
0.000300098
0.00029299
0.00028629
0.000280064
0.00027438
0.000269301
0.000264888
0.000261198
0.000258283
0.00025619
0.00025496
0.000254627
0.000255222
0.000256767
0.000259279
0.00026277
0.000267242
0.000272696
0.00027912
0.000286498
0.000294806
0.000304008
0.00031406
0.000324908
0.000336489
0.00034873
0.000361551
0.000374866
0.000388585
0.00040262
0.000416886
0.000431302
0.000445799
0.000460314
0.000474799
0.000489213
0.000503527
0.000517722
0.000531789
0.000545732
0.000559568
0.000573325
0.000587047
0.000600773
0.00061456
0.000628418
0.000642375
0.000656392
0.000670505
0.00068341
0.00070414
0.000267211
0.000263008
0.000258977
0.000255111
0.000251405
0.000247854
0.000244453
0.000241196
0.00023808
0.000235101
0.000232253
0.000229534
0.000226941
0.00022447
0.000222118
0.000219884
0.000217766
0.00021576
0.000213867
0.000212085
0.000210412
0.00020885
0.000207398
0.000206056
0.000204826
0.000203709
0.000202706
0.000201821
0.000201057
0.000200416
0.000199904
0.000199526
0.000199287
0.000199194
0.000199254
0.000199475
0.000199867
0.000200441
0.000201206
0.000202177
0.000203366
0.000204788
0.00020646
0.0002084
0.000210626
0.000213159
0.00021602
0.000219234
0.000222824
0.000226817
0.000231237
0.000236112
0.000241469
0.000247331
0.000253724
0.000260667
0.000268178
0.000276266
0.000284936
0.000294181
0.000303986
0.00031432
0.000325141
0.00033639
0.000347994
0.000359863
0.000371896
0.000383978
0.000395991
0.000407808
0.000419311
0.000430384
0.00044093
0.000450867
0.000460137
0.000468704
0.00047656
0.000483716
0.000490205
0.000496073
0.000501379
0.000506183
0.000510547
0.000514531
0.000518188
0.000521568
0.000524715
0.000527675
0.00053049
0.000533209
0.000535872
0.000538535
0.0005412
0.000543944
0.000546668
0.000549485
0.000552244
0.000554684
0.000557851
0.000559831
0.000204608
0.000205506
0.000206372
0.000207207
0.000208009
0.000208779
0.000209514
0.000210215
0.000210882
0.000211512
0.000212107
0.000212665
0.000213186
0.000213669
0.000214114
0.000214521
0.000214887
0.000215214
0.000215501
0.000215746
0.00021595
0.000216111
0.000216228
0.000216302
0.000216331
0.000216315
0.000216251
0.000216141
0.000215981
0.000215771
0.00021551
0.000215197
0.000214829
0.000214406
0.000213925
0.000213386
0.000212787
0.000212124
0.000211398
0.000210606
0.000209746
0.000208816
0.000207815
0.000206741
0.000205594
0.000204371
0.000203074
0.000201701
0.000200254
0.000198735
0.000197145
0.000195489
0.000193773
0.000192002
0.000190187
0.000188337
0.000186466
0.000184588
0.000182722
0.000180888
0.000179106
0.000177398
0.00017579
0.000174302
0.000172955
0.000171769
0.000170756
0.000169925
0.000169278
0.00016881
0.000168509
0.000168358
0.000168334
0.000168411
0.000168561
0.000168758
0.000168976
0.000169192
0.000169387
0.000169544
0.000169653
0.000169702
0.000169684
0.00016959
0.000169415
0.00016915
0.000168789
0.000168328
0.000167764
0.000167097
0.000166334
0.00016548
0.000164551
0.000163551
0.000162505
0.000161393
0.000160284
0.00015903
0.000158047
0.000156005
2.48381e-05
6.3308e-05
6.95251e-05
7.11224e-05
7.02706e-05
6.80168e-05
6.60335e-05
7.09711e-05
8.80824e-05
0.000106321
0.000122316
0.00013644
0.000149115
0.000160621
0.000171165
0.000180909
0.000189987
0.000198513
0.000206586
0.000214293
0.00022171
0.000228901
0.000235921
0.000242812
0.000249604
0.000256321
0.000262975
0.00026957
0.000276107
0.000282579
0.000288977
0.000295287
0.000301493
0.000307577
0.000313518
0.000319296
0.000324891
0.000330287
0.000335477
0.000340463
0.000345265
0.000349902
0.000354294
0.000358453
0.000362369
0.000366029
0.000369419
0.000372527
0.000375337
0.000377834
0.000380006
0.000381839
0.000383321
0.000384441
0.000385189
0.000385556
0.000385536
0.000385123
0.000384315
0.000383111
0.000381513
0.000379525
0.000377157
0.000374423
0.000371351
0.000368012
0.000364635
0.000362018
0.000360032
0.000357961
0.000355685
0.000353206
0.000350542
0.000347717
0.000344753
0.000341674
0.000338504
0.000335265
0.000331981
0.000328672
0.000325357
0.000322057
0.000318786
0.00031556
0.000312391
0.000309289
0.000306263
0.000303317
0.000300454
0.000297673
0.000294971
0.000292339
0.000289775
0.000287256
0.000284791
0.000282338
0.000279941
0.000277501
0.000275379
0.00027201
3.66912e-05
0.000157527
0.000246619
0.000268316
0.000254611
0.000245882
0.000259413
0.000289907
0.000328529
0.000371082
0.000417858
0.000469201
0.000524782
0.000583823
0.000645255
0.000707896
0.000770624
0.000832526
0.000892978
0.000951678
0.00100861
0.00106396
0.00111808
0.00117139
0.00122429
0.00127717
0.00133036
0.00138411
0.0014386
0.00149394
0.00155018
0.00160731
0.00166528
0.00172395
0.00178315
0.0018426
0.00190193
0.00196062
0.00201791
0.00207274
0.00212383
0.00217095
0.00221667
0.00226111
0.00230417
0.00234573
0.00238564
0.00242373
0.00245983
0.0024938
0.00252547
0.0025547
0.00258134
0.00260525
0.00262632
0.00264444
0.00265951
0.00267145
0.00268021
0.00268575
0.00268805
0.00268713
0.00268301
0.00267574
0.00266531
0.0026516
0.00263406
0.00261144
0.00258436
0.00255426
0.00252196
0.00248788
0.00245235
0.00241566
0.00237807
0.00233985
0.00230124
0.0022625
0.00222384
0.00218546
0.00214754
0.00211024
0.00207369
0.00203799
0.00200322
0.00196943
0.00193664
0.00190482
0.00187394
0.00184387
0.00181457
0.00178575
0.00175745
0.001729
0.001701
0.00167164
0.00164348
0.00161152
0.00158397
0.00153905
4.40449e-05
0.000260276
0.000376653
0.000413466
0.000416316
0.000426103
0.000460173
0.000514217
0.000581736
0.00066044
0.000749367
0.000846819
0.000950248
0.00105677
0.0011637
0.00126884
0.00137072
0.0014685
0.00156192
0.00165114
0.00173659
0.00181888
0.00189865
0.00197655
0.00205312
0.00212885
0.00220407
0.00227904
0.00235389
0.00242867
0.00250336
0.00257786
0.00265203
0.00272568
0.00279861
0.00287055
0.00294125
0.00301045
0.00307797
0.00314382
0.00320846
0.00327084
0.00333106
0.00338905
0.0034446
0.00349751
0.00354759
0.00359461
0.00363839
0.00367876
0.00371553
0.00374856
0.00377771
0.00380287
0.00382392
0.0038408
0.00385344
0.00386184
0.00386597
0.00386589
0.00386164
0.00385334
0.00384109
0.00382504
0.00380536
0.00378217
0.00375548
0.00372523
0.0036917
0.00365544
0.00361698
0.00357675
0.00353511
0.00349241
0.00344894
0.00340499
0.00336081
0.00331662
0.00327261
0.00322896
0.00318578
0.00314317
0.00310119
0.00305987
0.00301921
0.00297918
0.0029397
0.00290068
0.002862
0.00282346
0.0027849
0.002746
0.00270663
0.00266617
0.00262481
0.00258119
0.00253668
0.00248795
0.00243957
0.00236821
4.86334e-05
0.000329259
0.000481336
0.000541221
0.000565542
0.000594671
0.00064602
0.0007194
0.000810238
0.000914684
0.00102922
0.00115019
0.00127402
0.00139769
0.00151894
0.00163633
0.00174908
0.00185692
0.00195995
0.00205853
0.00215315
0.0022444
0.0023329
0.0024192
0.00250383
0.00258721
0.00266965
0.00275139
0.00283255
0.00291318
0.00299328
0.00307275
0.00315151
0.00322939
0.00330623
0.00338186
0.00345609
0.00352878
0.00359979
0.00366912
0.00373648
0.00380148
0.00386389
0.00392353
0.0039802
0.00403367
0.00408374
0.0041302
0.00417287
0.00421157
0.00424615
0.00427646
0.0043024
0.00432386
0.00434078
0.00435312
0.00436088
0.00436408
0.00436277
0.00435705
0.00434706
0.00433295
0.00431494
0.00429325
0.00426816
0.00423993
0.00420883
0.00417512
0.00413911
0.0041012
0.00406181
0.00402133
0.00398013
0.00393856
0.00389692
0.00385545
0.00381439
0.00377389
0.00373409
0.00369505
0.00365679
0.00361928
0.00358246
0.0035462
0.00351036
0.00347473
0.0034391
0.00340321
0.00336677
0.00332946
0.00329096
0.00325086
0.00320884
0.0031643
0.00311713
0.00306622
0.00301225
0.00295282
0.00289052
0.00279994
5.13808e-05
0.00037495
0.000560798
0.000647949
0.000695782
0.00074304
0.000808058
0.000893667
0.000996242
0.00111095
0.00123327
0.00135928
0.00148583
0.00161062
0.00173211
0.00184939
0.00196201
0.00206987
0.00217311
0.00227206
0.00236714
0.00245887
0.00254777
0.00263435
0.00271908
0.00280237
0.00288452
0.00296577
0.00304629
0.00312614
0.00320535
0.00328389
0.00336168
0.00343861
0.00351457
0.00358938
0.0036629
0.00373494
0.00380536
0.00387392
0.00394032
0.00400425
0.00406543
0.00412365
0.00417866
0.00423023
0.00427814
0.00432217
0.00436214
0.00439786
0.00442917
0.00445595
0.00447807
0.00449548
0.00450812
0.00451599
0.0045191
0.00451754
0.00451141
0.00450085
0.00448607
0.00446729
0.0044448
0.00441891
0.00438996
0.00435833
0.0043244
0.00428857
0.00425125
0.00421284
0.00417378
0.00413448
0.00409531
0.00405662
0.0040187
0.00398181
0.00394611
0.00391173
0.00387872
0.00384706
0.00381667
0.0037874
0.00375903
0.00373131
0.00370391
0.00367648
0.00364861
0.00361987
0.0035898
0.00355793
0.00352375
0.00348673
0.0034464
0.00340209
0.00335351
0.00329963
0.00324076
0.00317502
0.00310417
0.00300027
5.31108e-05
0.000398406
0.000614399
0.000728473
0.0007992
0.000862931
0.000937892
0.0010288
0.00113343
0.0012475
0.00136682
0.00148793
0.00160828
0.00172606
0.00184017
0.00194996
0.00205519
0.00215587
0.00225221
0.00234456
0.00243336
0.0025191
0.00260231
0.00268347
0.00276304
0.00284141
0.00291891
0.00299578
0.00307219
0.00314824
0.00322395
0.00329932
0.00337426
0.00344867
0.00352239
0.00359526
0.00366708
0.00373759
0.00380654
0.00387365
0.0039386
0.00400106
0.00406072
0.00411732
0.00417057
0.00422022
0.00426602
0.00430775
0.00434519
0.00437814
0.00440646
0.00443001
0.00444868
0.00446242
0.00447121
0.00447506
0.00447403
0.00446825
0.00445786
0.00444307
0.00442415
0.00440139
0.00437515
0.00434582
0.00431381
0.00427958
0.00424362
0.00420639
0.00416839
0.0041301
0.00409198
0.00405447
0.00401798
0.00398285
0.00394937
0.00391778
0.00388822
0.00386077
0.00383541
0.00381204
0.0037905
0.00377051
0.00375174
0.0037338
0.00371621
0.00369846
0.00367998
0.00366017
0.0036384
0.00361403
0.0035864
0.00355483
0.00351872
0.0034773
0.00343013
0.00337625
0.00331571
0.00324695
0.00317158
0.00305878
5.4089e-05
0.000408605
0.00064686
0.000783219
0.000873067
0.000949889
0.0010309
0.00112182
0.00122198
0.0013283
0.00143743
0.0015466
0.00165376
0.00175761
0.0018574
0.00195286
0.00204401
0.00213111
0.00221456
0.00229482
0.00237244
0.00244794
0.00252183
0.00259461
0.00266668
0.00273841
0.00281007
0.00288186
0.00295389
0.00302621
0.00309878
0.00317154
0.00324435
0.00331704
0.00338939
0.00346115
0.00353199
0.00360163
0.00366979
0.00373611
0.00380024
0.00386182
0.00392051
0.00397598
0.00402794
0.00407609
0.00412018
0.00415995
0.00419518
0.00422569
0.0042513
0.00427191
0.00428741
0.00429776
0.00430298
0.00430312
0.00429827
0.0042886
0.00427433
0.00425571
0.00423308
0.0042068
0.0041773
0.00414505
0.00411055
0.00407433
0.00403693
0.00399892
0.00396085
0.00392326
0.00388665
0.0038515
0.00381823
0.0037872
0.00375868
0.00373289
0.00370995
0.00368986
0.00367258
0.00365792
0.00364562
0.00363534
0.00362661
0.00361893
0.00361169
0.00360423
0.00359584
0.00358577
0.00357324
0.00355744
0.00353758
0.00351285
0.00348249
0.00344568
0.00340184
0.00335001
0.00329011
0.00322076
0.00314386
0.00302554
5.43098e-05
0.000407458
0.000660862
0.000813
0.00091567
0.000999906
0.0010817
0.00116713
0.00125667
0.00134848
0.00144026
0.00153012
0.00161677
0.00169959
0.00177847
0.00185365
0.00192562
0.00199495
0.00206228
0.00212821
0.00219329
0.00225804
0.00232288
0.00238817
0.00245418
0.00252111
0.00258906
0.00265807
0.00272811
0.00279909
0.00287086
0.00294322
0.00301593
0.00308874
0.0031613
0.00323324
0.00330429
0.00337409
0.00344231
0.00350856
0.00357246
0.00363361
0.00369167
0.00374627
0.00379711
0.00384388
0.00388631
0.00392414
0.00395717
0.0039852
0.00400808
0.0040257
0.00403801
0.00404499
0.00404667
0.00404315
0.00403458
0.00402117
0.0040032
0.00398099
0.00395494
0.00392549
0.00389314
0.00385843
0.00382193
0.00378425
0.00374601
0.00370782
0.0036703
0.00363403
0.00359956
0.00356738
0.00353792
0.00351154
0.00348849
0.00346897
0.00345304
0.00344069
0.00343178
0.00342606
0.00342322
0.00342279
0.00342424
0.00342695
0.0034302
0.00343322
0.00343516
0.00343514
0.00343224
0.00342554
0.00341409
0.00339697
0.0033733
0.00334219
0.00330295
0.00325463
0.00319703
0.00312889
0.00305267
0.00293155
5.42527e-05
0.000403351
0.000660493
0.00081724
0.000921931
0.0010036
0.00107708
0.00114837
0.00121879
0.00128767
0.00135403
0.00141723
0.00147714
0.00153413
0.00158888
0.00164223
0.00169501
0.00174799
0.00180178
0.00185688
0.00191363
0.00197227
0.00203291
0.00209559
0.0021603
0.00222692
0.00229533
0.00236535
0.00243675
0.0025093
0.00258271
0.00265672
0.00273096
0.00280503
0.00287865
0.00295147
0.00302316
0.00309337
0.00316171
0.0032278
0.00329126
0.00335169
0.00340874
0.00346204
0.0035113
0.0035562
0.00359648
0.00363189
0.00366224
0.00368735
0.00370709
0.00372138
0.00373019
0.00373353
0.00373148
0.00372418
0.00371184
0.00369471
0.00367313
0.0036475
0.00361827
0.00358596
0.00355113
0.00351441
0.00347643
0.00343786
0.00339938
0.00336166
0.00332536
0.00329109
0.00325942
0.00323086
0.00320582
0.00318464
0.00316757
0.00315475
0.00314619
0.00314183
0.00314148
0.00314482
0.00315145
0.00316085
0.0031724
0.00318539
0.00319902
0.00321239
0.00322458
0.00323458
0.00324136
0.00324388
0.00324108
0.00323194
0.00321547
0.00319071
0.00315689
0.00311306
0.00305897
0.00299337
0.00291949
0.00279786
5.38618e-05
0.000391053
0.000640908
0.000786349
0.000876168
0.000939441
0.000990615
0.00103588
0.0010775
0.00111628
0.00115283
0.00118792
0.00122255
0.00125779
0.00129467
0.00133403
0.0013765
0.00142246
0.00147205
0.00152528
0.00158198
0.00164195
0.00170489
0.0017705
0.00183845
0.00190842
0.0019801
0.00205316
0.00212731
0.00220225
0.00227762
0.00235307
0.00242832
0.00250306
0.00257699
0.00264976
0.00272105
0.00279049
0.00285775
0.00292245
0.00298421
0.00304268
0.00309751
0.00314835
0.0031949
0.00323687
0.00327401
0.00330609
0.00333292
0.00335436
0.0033703
0.00338067
0.00338549
0.0033848
0.00337873
0.00336746
0.00335123
0.00333038
0.00330529
0.00327642
0.00324429
0.00320949
0.00317265
0.00313445
0.00309558
0.00305679
0.00301878
0.00298227
0.00294795
0.00291643
0.0028883
0.00286403
0.00284404
0.00282863
0.00281799
0.00281221
0.00281127
0.00281504
0.00282325
0.00283556
0.00285148
0.00287045
0.00289178
0.00291468
0.00293828
0.00296162
0.00298369
0.00300338
0.00301958
0.00303114
0.00303693
0.00303581
0.00302672
0.00300863
0.00298072
0.00294204
0.00289228
0.00283025
0.00275994
0.00263986
5.35654e-05
0.000377828
0.000594031
0.00069984
0.000750207
0.000776282
0.000792816
0.00080639
0.000820052
0.000835451
0.000853648
0.000875468
0.000901535
0.000932279
0.000967931
0.00100854
0.00105397
0.00110398
0.00115821
0.00121623
0.00127761
0.00134191
0.0014087
0.00147757
0.00154816
0.00162012
0.00169317
0.00176699
0.00184128
0.00191577
0.00199024
0.00206441
0.00213802
0.00221079
0.00228241
0.00235258
0.002421
0.00248733
0.00255125
0.00261242
0.00267049
0.00272512
0.00277596
0.00282271
0.00286506
0.00290274
0.0029355
0.00296313
0.00298547
0.00300237
0.00301377
0.00301962
0.00301996
0.00301488
0.00300454
0.00298916
0.00296905
0.00294458
0.0029162
0.00288443
0.00284985
0.00281311
0.00277489
0.00273594
0.002697
0.00265884
0.00262221
0.00258784
0.00255642
0.00252856
0.0025048
0.0024856
0.00247131
0.00246218
0.00245834
0.00245983
0.00246657
0.00247835
0.00249489
0.00251578
0.0025405
0.00256844
0.00259888
0.00263099
0.00266386
0.00269646
0.00272772
0.00275648
0.00278154
0.00280168
0.00281569
0.00282235
0.00282055
0.00280919
0.0027874
0.00275424
0.00270942
0.00265173
0.00258594
0.00246928
5.30944e-05
0.000345505
0.00049068
0.000525194
0.000522344
0.000514264
0.000511887
0.000517888
0.00053204
0.000553307
0.000580563
0.000612931
0.000649773
0.000690629
0.000735155
0.000783076
0.000834145
0.000888125
0.00094475
0.00100374
0.00106484
0.00112779
0.00119234
0.00125822
0.00132519
0.00139304
0.00146155
0.00153054
0.00159981
0.00166912
0.00173826
0.00180699
0.00187504
0.00194215
0.00200806
0.00207246
0.00213507
0.00219557
0.00225364
0.00230896
0.0023612
0.00241003
0.00245512
0.00249615
0.00253284
0.00256492
0.00259216
0.00261434
0.00263132
0.00264298
0.00264925
0.00265013
0.00264569
0.00263604
0.00262139
0.00260201
0.00257825
0.00255053
0.00251936
0.00248532
0.00244905
0.00241124
0.00237264
0.00233402
0.00229618
0.00225988
0.0022259
0.00219493
0.00216763
0.00214457
0.00212621
0.00211295
0.00210504
0.00210266
0.00210586
0.00211461
0.00212877
0.00214811
0.00217231
0.00220094
0.0022335
0.00226935
0.00230778
0.00234794
0.00238892
0.00242967
0.00246906
0.00250591
0.00253895
0.0025669
0.00258848
0.00260243
0.00260756
0.00260274
0.00258707
0.00255963
0.00252012
0.00246736
0.0024068
0.00229536
5.28433e-05
0.000284405
0.000303647
0.00028715
0.000281923
0.000294215
0.000319648
0.000353283
0.00039159
0.000432403
0.000474476
0.000517278
0.000560664
0.000604698
0.000649534
0.000695351
0.000742314
0.000790557
0.000840132
0.000891047
0.000943298
0.000996856
0.00105165
0.0011076
0.00116462
0.00122257
0.0012813
0.00134064
0.0014004
0.00146038
0.00152035
0.00158008
0.00163931
0.00169778
0.0017552
0.0018113
0.00186577
0.0019183
0.00196857
0.00201627
0.00206106
0.00210262
0.00214063
0.00217477
0.00220477
0.00223035
0.00225128
0.00226738
0.0022785
0.00228454
0.00228546
0.00228128
0.0022721
0.00225808
0.00223946
0.00221656
0.00218978
0.00215962
0.00212662
0.00209143
0.00205473
0.00201729
0.00197987
0.00194328
0.0019083
0.00187571
0.0018462
0.00182042
0.00179892
0.00178216
0.00177048
0.00176414
0.00176327
0.00176793
0.00177809
0.00179367
0.00181449
0.00184032
0.00187086
0.00190572
0.00194445
0.00198647
0.00203111
0.00207757
0.00212494
0.00217219
0.0022182
0.00226172
0.00230148
0.00233614
0.00236436
0.00238482
0.0023963
0.00239762
0.00238785
0.00236611
0.00233213
0.00228476
0.00222996
0.00212545
5.24276e-05
0.000153881
0.000150109
0.000182253
0.000227639
0.000276673
0.000324914
0.0003706
0.000413393
0.000453641
0.000491831
0.000528543
0.000564349
0.000599745
0.00063515
0.000670911
0.000707302
0.000744529
0.00078272
0.00082199
0.000862407
0.000904005
0.000946783
0.000990724
0.00103579
0.00108191
0.00112899
0.00117688
0.00122543
0.00127444
0.00132368
0.00137293
0.00142193
0.00147042
0.00151813
0.00156475
0.00161001
0.00165358
0.00169515
0.00173439
0.00177099
0.00180462
0.00183496
0.00186171
0.0018846
0.00190337
0.0019178
0.00192772
0.00193299
0.00193356
0.0019294
0.00192057
0.00190722
0.00188954
0.00186785
0.00184251
0.001814
0.00178287
0.00174974
0.0017153
0.00168032
0.00164556
0.00161182
0.00157989
0.00155049
0.00152431
0.00150193
0.00148382
0.00147034
0.00146174
0.00145817
0.00145967
0.00146622
0.00147777
0.0014942
0.00151541
0.00154125
0.00157157
0.00160616
0.00164476
0.00168704
0.00173256
0.00178077
0.00183095
0.00188227
0.00193374
0.00198424
0.00203255
0.00207733
0.0021172
0.00215079
0.00217671
0.00219369
0.00220053
0.00219627
0.00218007
0.00215168
0.00211002
0.00206138
0.0019654
5.77216e-05
0.000113629
0.00019796
0.000262944
0.000311533
0.000349227
0.000380701
0.000409122
0.000436257
0.000462929
0.000489415
0.000515871
0.000542426
0.000569228
0.000596432
0.000624168
0.00065252
0.000681536
0.00071124
0.000741666
0.000772871
0.000804929
0.000837914
0.000871882
0.000906854
0.000942812
0.000979692
0.00101739
0.00105577
0.00109466
0.00113388
0.00117323
0.00121247
0.00125136
0.00128965
0.00132707
0.00136332
0.00139812
0.00143115
0.00146211
0.00149068
0.00151656
0.00153945
0.00155907
0.00157516
0.00158749
0.00159586
0.00160014
0.00160023
0.0015961
0.0015878
0.00157543
0.00155919
0.00153936
0.00151633
0.00149055
0.00146258
0.00143304
0.00140264
0.00137213
0.00134228
0.00131388
0.00128767
0.00126433
0.00124442
0.0012284
0.00121659
0.00120915
0.00120613
0.00120748
0.00121304
0.00122267
0.00123618
0.00125344
0.00127433
0.00129879
0.00132682
0.00135841
0.00139357
0.00143226
0.00147438
0.00151969
0.00156784
0.00161827
0.00167028
0.00172296
0.00177522
0.00182583
0.00187344
0.00191664
0.00195397
0.001984
0.00200539
0.00201692
0.00201759
0.0020066
0.00198372
0.00194799
0.00190577
0.00181975
)
;

boundaryField
{
    outlet
    {
        type            calculated;
        value           nonuniform List<scalar> 
55
(
0.0016993
0.00159859
0.00150613
0.00142559
0.00136049
0.00131285
0.00128176
0.00126303
0.00125045
0.00123855
0.00122478
0.00120949
0.00119452
0.0011815
0.00117122
0.00116357
0.00115799
0.00115374
0.00115014
0.00114662
0.00114273
0.00113808
0.00113231
0.0011251
0.00111606
0.00110478
0.00109062
0.00107245
0.00104783
0.00101116
0.000950125
0.000843154
0.000685225
0.000557199
0.000551074
0.000632248
0.000706611
0.00070414
0.000559831
0.000156005
0.00027201
0.00153905
0.00236821
0.00279994
0.00300027
0.00305878
0.00302554
0.00293155
0.00279786
0.00263986
0.00246928
0.00229536
0.00212545
0.0019654
0.00181975
)
;
    }
    inlet
    {
        type            calculated;
        value           uniform 0.00117023;
    }
    lowerWall
    {
        type            nutkWallFunction;
        Cmu             0.09;
        kappa           0.41;
        E               9.8;
        value           nonuniform List<scalar> 
148
(
3.87013e-07
1.22524e-06
1.99422e-06
2.68579e-06
3.29661e-06
3.82564e-06
4.27453e-06
4.6475e-06
4.95067e-06
5.19127e-06
5.37697e-06
5.51548e-06
5.61409e-06
5.67952e-06
5.71778e-06
5.73412e-06
5.73304e-06
5.71835e-06
5.69323e-06
5.66032e-06
5.62175e-06
5.57927e-06
5.53426e-06
5.48783e-06
5.44084e-06
5.39395e-06
5.34765e-06
5.30241e-06
5.25795e-06
5.21693e-06
5.16714e-06
5.1676e-06
4.93094e-06
0
0
0
2.32767e-07
6.87188e-07
9.71338e-07
1.13138e-06
1.16742e-06
1.15803e-06
1.09407e-06
1.04548e-06
9.68184e-07
9.26743e-07
8.58279e-07
1.71785e-06
0
2.62127e-06
3.60688e-06
3.85786e-06
3.72388e-06
3.36831e-06
3.05333e-06
3.83177e-06
6.47594e-06
9.21327e-06
1.15588e-05
1.35943e-05
1.53961e-05
1.70136e-05
1.8482e-05
1.98281e-05
2.10735e-05
2.22358e-05
2.33303e-05
2.43697e-05
2.53654e-05
2.63267e-05
2.72611e-05
2.81749e-05
2.90724e-05
2.99568e-05
3.083e-05
3.16928e-05
3.25453e-05
3.33869e-05
3.42164e-05
3.50323e-05
3.58327e-05
3.66153e-05
3.73777e-05
3.81174e-05
3.88321e-05
3.952e-05
4.01802e-05
4.08134e-05
4.14222e-05
4.2009e-05
4.2564e-05
4.30888e-05
4.3582e-05
4.40425e-05
4.44686e-05
4.48586e-05
4.52109e-05
4.55237e-05
4.57955e-05
4.60246e-05
4.62097e-05
4.63494e-05
4.64425e-05
4.64879e-05
4.6485e-05
4.64329e-05
4.63313e-05
4.61802e-05
4.59796e-05
4.57303e-05
4.5433e-05
4.50896e-05
4.47035e-05
4.42838e-05
4.38597e-05
4.35328e-05
4.3283e-05
4.30216e-05
4.2734e-05
4.24206e-05
4.20837e-05
4.17259e-05
4.13503e-05
4.09597e-05
4.05572e-05
4.01455e-05
3.97276e-05
3.9306e-05
3.88833e-05
3.84619e-05
3.80438e-05
3.76309e-05
3.72248e-05
3.68269e-05
3.64382e-05
3.60593e-05
3.56906e-05
3.53318e-05
3.49829e-05
3.46424e-05
3.43101e-05
3.39833e-05
3.36627e-05
3.33433e-05
3.30305e-05
3.27115e-05
3.24337e-05
3.19911e-05
)
;
    }
    upperWall
    {
        type            nutkWallFunction;
        Cmu             0.09;
        kappa           0.41;
        E               9.8;
        value           nonuniform List<scalar> 
133
(
1.45074e-05
1.50271e-05
1.5526e-05
1.60017e-05
1.64543e-05
1.68847e-05
1.72941e-05
1.76832e-05
1.80529e-05
1.8404e-05
1.87375e-05
1.9054e-05
1.93542e-05
1.96391e-05
1.99092e-05
2.01652e-05
2.04079e-05
2.06379e-05
2.08558e-05
2.10622e-05
2.12577e-05
2.14428e-05
2.16181e-05
2.1784e-05
2.19411e-05
2.20898e-05
2.22306e-05
2.23638e-05
2.24899e-05
2.26092e-05
2.27222e-05
2.2829e-05
2.29302e-05
2.30413e-05
2.31628e-05
2.328e-05
2.33929e-05
2.35014e-05
2.36053e-05
2.37046e-05
2.37992e-05
2.38891e-05
2.39741e-05
2.40543e-05
2.41295e-05
2.41997e-05
2.42647e-05
2.43246e-05
2.43793e-05
2.44287e-05
2.44726e-05
2.45111e-05
2.45441e-05
2.45715e-05
2.45931e-05
2.46089e-05
2.46188e-05
2.46227e-05
2.46204e-05
2.46119e-05
2.4597e-05
2.45754e-05
2.45472e-05
2.45121e-05
2.44698e-05
2.44203e-05
2.43633e-05
2.42986e-05
2.4226e-05
2.41451e-05
2.40558e-05
2.39578e-05
2.38509e-05
2.37347e-05
2.36091e-05
2.34737e-05
2.33285e-05
2.31731e-05
2.30075e-05
2.28316e-05
2.26454e-05
2.24488e-05
2.22423e-05
2.20259e-05
2.18004e-05
2.15663e-05
2.13246e-05
2.10764e-05
2.08232e-05
2.05669e-05
2.03093e-05
2.0053e-05
1.98007e-05
1.95553e-05
1.932e-05
1.9098e-05
1.88925e-05
1.87063e-05
1.85422e-05
1.8402e-05
1.82869e-05
1.81973e-05
1.81325e-05
1.80908e-05
1.807e-05
1.80669e-05
1.80778e-05
1.80989e-05
1.81265e-05
1.81571e-05
1.81874e-05
1.82148e-05
1.82372e-05
1.82527e-05
1.82599e-05
1.82578e-05
1.82451e-05
1.8221e-05
1.81842e-05
1.81341e-05
1.80697e-05
1.79909e-05
1.78976e-05
1.77908e-05
1.76713e-05
1.75411e-05
1.7401e-05
1.72543e-05
1.70985e-05
1.69429e-05
1.67667e-05
1.66285e-05
1.63415e-05
)
;
    }
    frontAndBack
    {
        type            empty;
    }
}


// ************************************************************************* //
