/*--------------------------------*- C++ -*----------------------------------*\
| =========                 |                                                 |
| \\      /  F ield         | OpenFOAM: The Open Source CFD Toolbox           |
|  \\    /   O peration     | Version:  2.1.1                                 |
|   \\  /    A nd           | Web:      www.OpenFOAM.org                      |
|    \\/     M anipulation  |                                                 |
\*---------------------------------------------------------------------------*/
FoamFile
{
    version     2.0;
    format      ascii;
    class       volScalarField;
    location    "0.17";
    object      p;
}
// * * * * * * * * * * * * * * * * * * * * * * * * * * * * * * * * * * * * * //

dimensions      [0 2 -2 0 0 0 0];

internalField   nonuniform List<scalar> 
6820
(
-10.2402
-12.0865
-12.6615
-12.7893
-12.8964
-12.9756
-13.0301
-13.0766
-13.1191
-13.1581
-13.1944
-13.2288
-13.2615
-13.2925
-13.3222
-13.3506
-13.3778
-13.404
-13.4292
-13.4535
-13.4771
-13.4999
-13.5221
-13.5436
-13.5644
-13.5844
-13.6033
-13.6208
-13.6357
-13.6471
-13.6505
-13.6401
-13.6026
-14.1927
-13.6581
-13.2356
-13.0456
-13.021
-13.0323
-13.0526
-13.0805
-13.1127
-13.1462
-13.1797
-13.2128
-13.2452
-13.2765
-13.3068
-13.3359
-13.364
-13.3909
-13.417
-13.4421
-13.4664
-13.4899
-13.5128
-13.535
-13.5565
-13.5773
-13.5974
-13.6166
-13.6346
-13.6529
-13.6699
-13.7077
-13.7582
-12.5502
-12.2464
-12.533
-12.7781
-12.8832
-12.9586
-13.0176
-13.0669
-13.111
-13.1511
-13.1882
-13.223
-13.2558
-13.2869
-13.3165
-13.3448
-13.3719
-13.3979
-13.423
-13.4473
-13.4709
-13.4937
-13.516
-13.5377
-13.5589
-13.5796
-13.5998
-13.6196
-13.639
-13.6591
-13.6805
-13.7094
-13.743
-13.0571
-13.0915
-13.0887
-13.0296
-13.0219
-13.0424
-13.0688
-13.0976
-13.1285
-13.1599
-13.1911
-13.2217
-13.2517
-13.281
-13.3093
-13.3368
-13.3635
-13.3894
-13.4145
-13.4388
-13.4626
-13.4857
-13.5083
-13.5305
-13.5522
-13.5736
-13.5947
-13.6159
-13.6372
-13.6602
-13.6854
-13.7198
-13.7607
-12.9017
-12.8017
-12.8459
-12.9119
-12.965
-13.0115
-13.0523
-13.0897
-13.1255
-13.1599
-13.1929
-13.2246
-13.2552
-13.2846
-13.3129
-13.3402
-13.3666
-13.3922
-13.4169
-13.4409
-13.4644
-13.4872
-13.5096
-13.5316
-13.5533
-13.5748
-13.5962
-13.6179
-13.6402
-13.6643
-13.691
-13.7236
-13.7612
-12.9568
-12.9402
-12.9653
-12.9884
-13.0108
-13.0401
-13.0717
-13.1034
-13.1351
-13.1666
-13.1973
-13.2272
-13.2564
-13.2846
-13.3121
-13.3387
-13.3645
-13.3896
-13.414
-13.4378
-13.4611
-13.4839
-13.5062
-13.5283
-13.5502
-13.572
-13.5938
-13.6162
-13.6393
-13.6642
-13.6914
-13.7229
-13.7581
-12.955
-12.9339
-12.9497
-12.9785
-13.0087
-13.0416
-13.0745
-13.1065
-13.1381
-13.1691
-13.1994
-13.2289
-13.2575
-13.2854
-13.3124
-13.3387
-13.3642
-13.389
-13.4131
-13.4367
-13.4598
-13.4825
-13.5048
-13.5268
-13.5487
-13.5706
-13.5927
-13.6154
-13.6388
-13.6638
-13.6907
-13.7205
-13.7527
-12.9691
-12.9614
-12.9767
-13.0013
-13.0265
-13.0547
-13.0843
-13.114
-13.1438
-13.1734
-13.2025
-13.2309
-13.2587
-13.2858
-13.3122
-13.3379
-13.363
-13.3874
-13.4112
-13.4346
-13.4574
-13.4799
-13.5021
-13.5241
-13.546
-13.568
-13.5902
-13.6129
-13.6364
-13.6611
-13.6873
-13.7155
-13.7452
-12.982
-12.9781
-12.9903
-13.0118
-13.0358
-13.0627
-13.091
-13.1197
-13.1484
-13.1769
-13.205
-13.2327
-13.2598
-13.2862
-13.3121
-13.3373
-13.3619
-13.3859
-13.4094
-13.4325
-13.4551
-13.4774
-13.4995
-13.5213
-13.5432
-13.5651
-13.5872
-13.6098
-13.6331
-13.6573
-13.6826
-13.7091
-13.7366
-12.9956
-12.9949
-13.0062
-13.0257
-13.0479
-13.0726
-13.0991
-13.1261
-13.1534
-13.1807
-13.2078
-13.2346
-13.2608
-13.2866
-13.3118
-13.3365
-13.3606
-13.3843
-13.4074
-13.4301
-13.4525
-13.4746
-13.4964
-13.5181
-13.5397
-13.5615
-13.5834
-13.6057
-13.6286
-13.6521
-13.6765
-13.7015
-13.727
-13.009
-13.0101
-13.0205
-13.0379
-13.0585
-13.0815
-13.1064
-13.1321
-13.1582
-13.1844
-13.2106
-13.2364
-13.2619
-13.287
-13.3116
-13.3357
-13.3593
-13.3825
-13.4053
-13.4277
-13.4497
-13.4715
-13.4931
-13.5145
-13.5359
-13.5574
-13.579
-13.6009
-13.6233
-13.6461
-13.6693
-13.693
-13.7168
-13.0223
-13.0242
-13.034
-13.0499
-13.069
-13.0905
-13.1139
-13.1382
-13.1631
-13.1882
-13.2133
-13.2383
-13.263
-13.2873
-13.3113
-13.3348
-13.358
-13.3807
-13.403
-13.425
-13.4467
-13.4682
-13.4894
-13.5106
-13.5317
-13.5528
-13.574
-13.5954
-13.6171
-13.6391
-13.6614
-13.6838
-13.7061
-13.035
-13.0375
-13.0467
-13.0613
-13.079
-13.0991
-13.121
-13.1441
-13.1678
-13.1918
-13.216
-13.2401
-13.264
-13.2876
-13.3109
-13.3339
-13.3565
-13.3787
-13.4007
-13.4222
-13.4436
-13.4646
-13.4855
-13.5063
-13.527
-13.5477
-13.5685
-13.5893
-13.6103
-13.6315
-13.6527
-13.6739
-13.695
-13.0473
-13.0499
-13.0586
-13.0721
-13.0885
-13.1073
-13.128
-13.1498
-13.1724
-13.1954
-13.2186
-13.2418
-13.2649
-13.2879
-13.3105
-13.3329
-13.355
-13.3767
-13.3981
-13.4193
-13.4402
-13.4609
-13.4813
-13.5017
-13.522
-13.5422
-13.5624
-13.5826
-13.6029
-13.6232
-13.6434
-13.6636
-13.6835
-13.0589
-13.0615
-13.0698
-13.0822
-13.0976
-13.1152
-13.1347
-13.1553
-13.1768
-13.1988
-13.2211
-13.2435
-13.2658
-13.288
-13.31
-13.3318
-13.3533
-13.3745
-13.3955
-13.4162
-13.4366
-13.4568
-13.4769
-13.4967
-13.5165
-13.5362
-13.5558
-13.5754
-13.5949
-13.6144
-13.6337
-13.6528
-13.6717
-13.0698
-13.0724
-13.0802
-13.0918
-13.1061
-13.1227
-13.141
-13.1606
-13.181
-13.2021
-13.2235
-13.245
-13.2666
-13.2881
-13.3094
-13.3306
-13.3515
-13.3722
-13.3926
-13.4128
-13.4328
-13.4525
-13.4721
-13.4915
-13.5107
-13.5298
-13.5488
-13.5677
-13.5865
-13.6051
-13.6235
-13.6417
-13.6595
-13.0801
-13.0825
-13.0899
-13.1007
-13.1141
-13.1296
-13.147
-13.1655
-13.185
-13.2051
-13.2257
-13.2464
-13.2672
-13.288
-13.3087
-13.3293
-13.3496
-13.3697
-13.3896
-13.4093
-13.4287
-13.448
-13.467
-13.4858
-13.5045
-13.523
-13.5414
-13.5596
-13.5776
-13.5953
-13.6129
-13.6301
-13.647
-13.0896
-13.0919
-13.0988
-13.1089
-13.1215
-13.1362
-13.1525
-13.1702
-13.1887
-13.208
-13.2276
-13.2476
-13.2677
-13.2878
-13.3078
-13.3277
-13.3475
-13.3671
-13.3864
-13.4055
-13.4245
-13.4432
-13.4616
-13.4799
-13.498
-13.5159
-13.5336
-13.551
-13.5683
-13.5852
-13.6019
-13.6183
-13.6343
-13.0983
-13.1005
-13.107
-13.1165
-13.1283
-13.1422
-13.1576
-13.1744
-13.1921
-13.2105
-13.2294
-13.2486
-13.2679
-13.2874
-13.3067
-13.3261
-13.3452
-13.3642
-13.383
-13.4016
-13.4199
-13.4381
-13.456
-13.4737
-13.4911
-13.5084
-13.5254
-13.5421
-13.5586
-13.5748
-13.5907
-13.6062
-13.6213
-13.1063
-13.1084
-13.1145
-13.1234
-13.1346
-13.1476
-13.1623
-13.1782
-13.1951
-13.2127
-13.2308
-13.2493
-13.268
-13.2867
-13.3055
-13.3242
-13.3427
-13.3611
-13.3794
-13.3974
-13.4152
-13.4327
-13.4501
-13.4672
-13.484
-13.5006
-13.5169
-13.5329
-13.5486
-13.564
-13.5791
-13.5938
-13.608
-13.1134
-13.1154
-13.1212
-13.1296
-13.1401
-13.1525
-13.1664
-13.1816
-13.1977
-13.2146
-13.232
-13.2497
-13.2677
-13.2858
-13.304
-13.322
-13.34
-13.3579
-13.3755
-13.393
-13.4102
-13.4272
-13.4439
-13.4604
-13.4766
-13.4925
-13.5081
-13.5234
-13.5384
-13.553
-13.5673
-13.5811
-13.5946
-13.1198
-13.1217
-13.1271
-13.1351
-13.145
-13.1567
-13.17
-13.1844
-13.1999
-13.216
-13.2327
-13.2498
-13.2672
-13.2847
-13.3022
-13.3197
-13.3371
-13.3543
-13.3714
-13.3883
-13.4049
-13.4213
-13.4374
-13.4533
-13.4688
-13.4841
-13.499
-13.5136
-13.5279
-13.5417
-13.5552
-13.5683
-13.581
-13.1253
-13.1271
-13.1322
-13.1398
-13.1492
-13.1603
-13.173
-13.1868
-13.2016
-13.2171
-13.2332
-13.2496
-13.2664
-13.2832
-13.3002
-13.3171
-13.3339
-13.3506
-13.3671
-13.3834
-13.3995
-13.4153
-13.4308
-13.446
-13.4609
-13.4755
-13.4897
-13.5036
-13.5172
-13.5303
-13.543
-13.5553
-13.5672
-13.1299
-13.1316
-13.1365
-13.1436
-13.1526
-13.1632
-13.1753
-13.1885
-13.2027
-13.2176
-13.2331
-13.249
-13.2651
-13.2814
-13.2978
-13.3142
-13.3304
-13.3465
-13.3625
-13.3782
-13.3937
-13.4089
-13.4238
-13.4384
-13.4527
-13.4667
-13.4802
-13.4934
-13.5062
-13.5187
-13.5306
-13.5422
-13.5533
-13.1336
-13.1353
-13.1399
-13.1467
-13.1553
-13.1654
-13.177
-13.1898
-13.2034
-13.2178
-13.2327
-13.2481
-13.2637
-13.2795
-13.2953
-13.3111
-13.3268
-13.3424
-13.3578
-13.373
-13.3879
-13.4025
-13.4168
-13.4308
-13.4445
-13.4577
-13.4706
-13.4832
-13.4953
-13.507
-13.5182
-13.5291
-13.5395
-13.1365
-13.138
-13.1424
-13.1488
-13.157
-13.1667
-13.1778
-13.19
-13.2032
-13.2171
-13.2315
-13.2464
-13.2615
-13.2768
-13.2921
-13.3074
-13.3226
-13.3377
-13.3526
-13.3672
-13.3816
-13.3957
-13.4094
-13.4228
-13.4359
-13.4485
-13.4608
-13.4726
-13.4841
-13.4951
-13.5057
-13.5158
-13.5255
-13.1383
-13.1398
-13.144
-13.1503
-13.1582
-13.1676
-13.1784
-13.1903
-13.2031
-13.2165
-13.2305
-13.245
-13.2596
-13.2744
-13.2893
-13.3041
-13.3188
-13.3333
-13.3477
-13.3618
-13.3756
-13.3891
-13.4022
-13.415
-13.4275
-13.4395
-13.4511
-13.4623
-13.4731
-13.4834
-13.4933
-13.5028
-13.5117
-13.1391
-13.1404
-13.1442
-13.15
-13.1575
-13.1665
-13.1768
-13.1883
-13.2007
-13.2139
-13.2276
-13.2416
-13.256
-13.2704
-13.2849
-13.2993
-13.3136
-13.3278
-13.3417
-13.3553
-13.3687
-13.3817
-13.3943
-13.4066
-13.4185
-13.4299
-13.441
-13.4516
-13.4618
-13.4715
-13.4807
-13.4895
-13.4978
-13.1391
-13.1407
-13.1447
-13.1507
-13.1581
-13.1671
-13.1773
-13.1886
-13.2007
-13.2135
-13.2268
-13.2405
-13.2543
-13.2683
-13.2823
-13.2962
-13.31
-13.3236
-13.337
-13.3501
-13.3629
-13.3753
-13.3874
-13.3991
-13.4103
-13.4212
-13.4316
-13.4416
-13.4511
-13.4602
-13.4688
-13.4769
-13.4845
-13.1374
-13.138
-13.1408
-13.1457
-13.1524
-13.1609
-13.1709
-13.1821
-13.1942
-13.207
-13.2203
-13.234
-13.2478
-13.2617
-13.2756
-13.2895
-13.3031
-13.3165
-13.3296
-13.3424
-13.3549
-13.367
-13.3787
-13.39
-13.4009
-13.4113
-13.4212
-13.4307
-13.4397
-13.4482
-13.4563
-13.4639
-13.4709
-13.1367
-13.1392
-13.1436
-13.1495
-13.1567
-13.1653
-13.175
-13.1858
-13.1974
-13.2096
-13.2223
-13.2353
-13.2484
-13.2617
-13.2749
-13.288
-13.301
-13.3137
-13.3262
-13.3384
-13.3502
-13.3617
-13.3727
-13.3834
-13.3936
-13.4033
-13.4127
-13.4215
-13.4299
-13.4378
-13.4452
-13.4521
-13.4585
-13.1288
-13.1267
-13.1269
-13.1306
-13.1371
-13.146
-13.1565
-13.1684
-13.1811
-13.1944
-13.2082
-13.2221
-13.2361
-13.25
-13.2638
-13.2774
-13.2907
-13.3037
-13.3164
-13.3286
-13.3405
-13.3519
-13.3628
-13.3733
-13.3833
-13.3929
-13.4019
-13.4104
-13.4184
-13.426
-13.433
-13.4395
-13.4455
-13.1364
-13.1429
-13.1486
-13.1535
-13.1592
-13.1664
-13.175
-13.1848
-13.1954
-13.2068
-13.2186
-13.2308
-13.2432
-13.2556
-13.268
-13.2803
-13.2924
-13.3043
-13.3159
-13.3272
-13.3381
-13.3487
-13.3588
-13.3685
-13.3777
-13.3865
-13.3948
-13.4026
-13.4099
-13.4168
-13.4231
-13.429
-13.4343
-13.1045
-13.0909
-13.086
-13.0911
-13.101
-13.1134
-13.1274
-13.1423
-13.1577
-13.1733
-13.1889
-13.2043
-13.2195
-13.2343
-13.2487
-13.2627
-13.2762
-13.2893
-13.3019
-13.314
-13.3255
-13.3366
-13.3471
-13.3571
-13.3665
-13.3754
-13.3837
-13.3915
-13.3988
-13.4055
-13.4117
-13.4174
-13.4225
-13.1582
-13.1786
-13.1829
-13.1783
-13.1757
-13.1778
-13.1829
-13.1898
-13.1982
-13.2076
-13.2179
-13.2287
-13.2398
-13.2511
-13.2625
-13.2738
-13.285
-13.296
-13.3067
-13.317
-13.3271
-13.3367
-13.346
-13.3548
-13.3631
-13.371
-13.3784
-13.3853
-13.3917
-13.3977
-13.4031
-13.408
-13.4125
-13.0354
-12.9859
-12.974
-12.9999
-13.0279
-13.0522
-13.0759
-13.0989
-13.1208
-13.1416
-13.1613
-13.18
-13.1978
-13.2146
-13.2306
-13.2459
-13.2603
-13.2741
-13.2871
-13.2995
-13.3112
-13.3223
-13.3327
-13.3425
-13.3516
-13.3602
-13.3681
-13.3754
-13.3822
-13.3884
-13.3939
-13.399
-13.4034
-13.2837
-13.3185
-13.2876
-13.245
-13.2162
-13.2051
-13.2022
-13.2028
-13.2065
-13.2125
-13.22
-13.2286
-13.2379
-13.2476
-13.2576
-13.2677
-13.2777
-13.2877
-13.2974
-13.3069
-13.3161
-13.3249
-13.3334
-13.3414
-13.349
-13.3562
-13.3629
-13.3691
-13.3748
-13.38
-13.3848
-13.3891
-13.3929
-12.7914
-12.6717
-12.734
-12.8355
-12.9094
-12.9612
-13.0047
-13.0429
-13.076
-13.1052
-13.1313
-13.1549
-13.1764
-13.1962
-13.2145
-13.2315
-13.2473
-13.262
-13.2758
-13.2887
-13.3007
-13.312
-13.3224
-13.3322
-13.3412
-13.3496
-13.3573
-13.3644
-13.3708
-13.3765
-13.3817
-13.3862
-13.3901
-14.0059
-13.667
-13.4032
-13.2861
-13.236
-13.2106
-13.1954
-13.1891
-13.1892
-13.1931
-13.1995
-13.2076
-13.2168
-13.2267
-13.237
-13.2474
-13.2578
-13.2681
-13.2782
-13.2881
-13.2975
-13.3066
-13.3153
-13.3235
-13.3313
-13.3385
-13.3453
-13.3516
-13.3573
-13.3625
-13.3673
-13.3715
-13.3752
-11.5023
-12.2089
-12.6134
-12.7658
-12.8704
-12.9527
-13.0121
-13.057
-13.0934
-13.1236
-13.1492
-13.1716
-13.1916
-13.2097
-13.2262
-13.2415
-13.2557
-13.2689
-13.2813
-13.2929
-13.3037
-13.3139
-13.3233
-13.3321
-13.3403
-13.3478
-13.3547
-13.361
-13.3667
-13.3718
-13.3764
-13.3804
-13.3838
-13.4913
-13.7382
-13.8711
-13.9609
-14.0251
-14.0712
-14.1066
-14.1411
-14.177
-14.2171
-14.2622
-14.3115
-14.3649
-14.4215
-14.48
-14.5394
-14.5983
-14.656
-14.7114
-14.7637
-14.8123
-14.8567
-14.8961
-14.9303
-14.9585
-14.9804
-14.9953
-15.0024
-15.0009
-14.9899
-14.9684
-14.9354
-14.8898
-14.8305
-14.7566
-14.6668
-14.5603
-14.4362
-14.2934
-14.1314
-13.9494
-13.747
-13.5236
-13.2789
-13.013
-12.7257
-12.4174
-12.0885
-11.7398
-11.3722
-10.9869
-10.5853
-10.1691
-9.74025
-9.30075
-8.85289
-8.39906
-7.94178
-7.4836
-7.02711
-6.57487
-6.12936
-5.69298
-5.26798
-4.8564
-4.4601
-4.08069
-3.71951
-3.37764
-3.0559
-2.75482
-2.4747
-2.21557
-1.97726
-1.7594
-1.56144
-1.38269
-1.22234
-1.07948
-0.953113
-0.842206
-0.745661
-0.66235
-0.591111
-0.530763
-0.480081
-0.437847
-0.402752
-0.373583
-0.348855
-0.327534
-0.307605
-0.288894
-0.267515
-0.246736
-0.215669
-0.190834
-0.134881
-0.115241
0.0052762
-14.082
-14.2192
-14.1598
-14.0916
-14.0646
-14.0476
-14.04
-14.051
-14.0755
-14.1137
-14.164
-14.2228
-14.2872
-14.3547
-14.4227
-14.4895
-14.5534
-14.6137
-14.6698
-14.7213
-14.7682
-14.8103
-14.8474
-14.8793
-14.9055
-14.9256
-14.9387
-14.9442
-14.9411
-14.9286
-14.9056
-14.8712
-14.8243
-14.7638
-14.6888
-14.5982
-14.491
-14.3664
-14.2235
-14.0616
-13.88
-13.6782
-13.4559
-13.2127
-12.9486
-12.6636
-12.3579
-12.0322
-11.6869
-11.3232
-10.9421
-10.5451
-10.1339
-9.71012
-9.27595
-8.83354
-8.38523
-7.93343
-7.48064
-7.02938
-6.58215
-6.1414
-5.70948
-5.28858
-4.88074
-4.48779
-4.1113
-3.75262
-3.41281
-3.09267
-2.79276
-2.51337
-2.25455
-2.01616
-1.79784
-1.59908
-1.41923
-1.25749
-1.11301
-0.984822
-0.871935
-0.773289
-0.687798
-0.614336
-0.55176
-0.49888
-0.454505
-0.417354
-0.386224
-0.359665
-0.336606
-0.315133
-0.294874
-0.272361
-0.249987
-0.21871
-0.191219
-0.138387
-0.110088
-0.00818528
-13.7963
-13.8047
-13.8266
-13.8767
-13.9324
-13.9788
-14.0192
-14.0521
-14.0892
-14.1279
-14.1699
-14.2156
-14.2654
-14.3185
-14.3742
-14.4313
-14.4888
-14.5457
-14.6009
-14.6533
-14.702
-14.7462
-14.7851
-14.8183
-14.8451
-14.865
-14.8774
-14.8817
-14.8771
-14.8629
-14.8383
-14.8022
-14.7538
-14.6919
-14.6157
-14.5242
-14.4163
-14.2913
-14.1482
-13.9865
-13.8055
-13.6046
-13.3835
-13.142
-12.88
-12.5974
-12.2947
-11.9722
-11.6307
-11.271
-10.8944
-10.5022
-10.0959
-9.67734
-9.24853
-8.81157
-8.36875
-7.92243
-7.47505
-7.0291
-6.58701
-6.1512
-5.72395
-5.30742
-4.90361
-4.5143
-4.14103
-3.78513
-3.44764
-3.12936
-2.83083
-2.55237
-2.29404
-2.05572
-1.83708
-1.63764
-1.45678
-1.29375
-1.14772
-1.01777
-0.902934
-0.802194
-0.7145
-0.638765
-0.573882
-0.518699
-0.472056
-0.432709
-0.399467
-0.370922
-0.34597
-0.322805
-0.300856
-0.277085
-0.253007
-0.221441
-0.191214
-0.14151
-0.10446
-0.021428
-13.8501
-13.9604
-14.0203
-14.038
-14.0452
-14.0499
-14.0552
-14.0656
-14.0817
-14.1117
-14.1499
-14.195
-14.2455
-14.2997
-14.3557
-14.4117
-14.4664
-14.5189
-14.5683
-14.6143
-14.6564
-14.6943
-14.7277
-14.7562
-14.7793
-14.7962
-14.8064
-14.8089
-14.8029
-14.7876
-14.7618
-14.7248
-14.6754
-14.6127
-14.5357
-14.4435
-14.3352
-14.2099
-14.0669
-13.9055
-13.7252
-13.5253
-13.3057
-13.0659
-12.806
-12.5261
-12.2263
-11.9072
-11.5694
-11.2139
-10.8417
-10.4542
-10.053
-9.63974
-9.2164
-8.78507
-8.34797
-7.90742
-7.4658
-7.02552
-6.58898
-6.15849
-5.73632
-5.32455
-4.92513
-4.53979
-4.17005
-3.81719
-3.48225
-3.16602
-2.86905
-2.59165
-2.33393
-2.09577
-1.8769
-1.67686
-1.49506
-1.33081
-1.18329
-1.05163
-0.934894
-0.832096
-0.742217
-0.664204
-0.596983
-0.539437
-0.490439
-0.448783
-0.413298
-0.382626
-0.355633
-0.33063
-0.30685
-0.281693
-0.255801
-0.223851
-0.190839
-0.144207
-0.0984863
-0.0342037
-13.8168
-13.864
-13.8807
-13.8953
-13.9212
-13.9509
-13.9808
-14.0127
-14.0542
-14.092
-14.1328
-14.1773
-14.2247
-14.2741
-14.3245
-14.3753
-14.4256
-14.4745
-14.5215
-14.5657
-14.6065
-14.6432
-14.6752
-14.7018
-14.7225
-14.7367
-14.7437
-14.743
-14.7337
-14.7151
-14.6863
-14.6465
-14.5947
-14.5299
-14.4512
-14.3577
-14.2484
-14.1226
-13.9794
-13.8182
-13.6384
-13.4395
-13.2212
-12.9833
-12.7256
-12.4483
-12.1515
-11.8359
-11.5021
-11.1508
-10.7834
-10.4009
-10.005
-9.59742
-9.17994
-8.75464
-8.32368
-7.88932
-7.45388
-7.0197
-6.5891
-6.16435
-5.74761
-5.34093
-4.94618
-4.56506
-4.19904
-3.84939
-3.51713
-3.20304
-2.9077
-2.63142
-2.37435
-2.1364
-1.91731
-1.71669
-1.53398
-1.36851
-1.21953
-1.08618
-0.967568
-0.862736
-0.770695
-0.690419
-0.620859
-0.560932
-0.509535
-0.465501
-0.42768
-0.394767
-0.365608
-0.338633
-0.312895
-0.286226
-0.25842
-0.225989
-0.19016
-0.146506
-0.0923247
-0.0463148
-13.8059
-13.8603
-13.9035
-13.9381
-13.9674
-13.9921
-14.0148
-14.0354
-14.0562
-14.0863
-14.1216
-14.1611
-14.2042
-14.25
-14.2974
-14.3453
-14.3925
-14.4382
-14.4815
-14.5218
-14.5585
-14.5911
-14.6191
-14.6419
-14.6592
-14.6702
-14.6744
-14.671
-14.6592
-14.6383
-14.6073
-14.5653
-14.5115
-14.4449
-14.3645
-14.2695
-14.1591
-14.0324
-13.8888
-13.7275
-13.548
-13.3499
-13.1329
-12.8966
-12.6411
-12.3664
-12.0728
-11.7607
-11.4309
-11.0842
-10.7216
-10.3445
-9.9542
-9.55251
-9.14122
-8.72229
-8.29784
-7.87003
-7.44112
-7.01336
-6.58899
-6.1702
-5.75909
-5.35764
-4.96767
-4.59084
-4.2286
-3.88218
-3.55261
-3.24068
-2.94696
-2.67182
-2.41539
-2.17763
-1.95834
-1.75713
-1.5735
-1.40681
-1.25635
-1.12131
-1.00082
-0.89395
-0.799745
-0.717206
-0.645308
-0.582992
-0.529179
-0.482733
-0.442522
-0.407292
-0.375874
-0.346822
-0.319016
-0.290725
-0.260915
-0.227905
-0.189251
-0.148445
-0.086142
-0.0575719
-13.7932
-13.8377
-13.8715
-13.8969
-13.9205
-13.9442
-13.9677
-13.998
-14.0294
-14.0633
-14.0999
-14.1391
-14.1807
-14.224
-14.2682
-14.3124
-14.3559
-14.3979
-14.4377
-14.4747
-14.5083
-14.538
-14.5631
-14.5831
-14.5975
-14.6055
-14.6067
-14.6002
-14.5854
-14.5614
-14.5275
-14.4829
-14.4266
-14.3577
-14.2754
-14.1789
-14.0672
-13.9397
-13.7956
-13.6343
-13.4552
-13.2579
-13.0421
-12.8076
-12.5543
-12.2824
-11.992
-11.6838
-11.3582
-11.0162
-10.6587
-10.2871
-9.90276
-9.50728
-9.10243
-8.69012
-8.27236
-7.85127
-7.429
-7.00772
-6.58962
-6.17681
-5.77131
-5.37507
-4.98985
-4.61727
-4.25876
-3.91555
-3.58865
-3.27885
-2.98675
-2.71272
-2.45693
-2.21937
-1.99986
-1.79807
-1.61352
-1.44562
-1.29368
-1.15693
-1.03455
-0.925633
-0.829253
-0.744439
-0.67019
-0.605472
-0.549226
-0.500345
-0.45771
-0.420118
-0.386381
-0.355178
-0.325225
-0.295223
-0.263341
-0.229665
-0.1882
-0.150083
-0.0801207
-0.0678308
-13.781
-13.8212
-13.856
-13.8859
-13.9142
-13.9417
-13.9691
-13.9932
-14.021
-14.0513
-14.0844
-14.1202
-14.1584
-14.1983
-14.239
-14.2799
-14.32
-14.3587
-14.3952
-14.4289
-14.4592
-14.4855
-14.5073
-14.524
-14.5351
-14.54
-14.538
-14.5285
-14.5108
-14.4841
-14.4476
-14.4004
-14.3418
-14.2708
-14.1867
-14.0886
-13.9757
-13.8473
-13.7027
-13.5412
-13.3625
-13.1661
-12.9516
-12.7189
-12.468
-12.1989
-11.9119
-11.6074
-11.2862
-10.949
-10.5968
-10.2308
-9.85241
-9.46316
-9.06475
-8.65903
-8.24793
-7.83349
-7.41779
-7.00293
-6.59101
-6.18409
-5.78414
-5.39303
-5.01249
-4.64412
-4.28931
-3.94927
-3.62501
-3.31734
-3.02685
-2.75393
-2.49879
-2.26144
-2.04173
-1.83936
-1.6539
-1.48479
-1.33138
-1.19294
-1.06866
-0.957692
-0.859129
-0.772027
-0.695412
-0.628275
-0.569578
-0.51824
-0.473157
-0.43317
-0.397075
-0.363673
-0.331522
-0.299749
-0.265754
-0.23134
-0.187112
-0.151496
-0.0744412
-0.0770089
-13.7689
-13.8052
-13.838
-13.8668
-13.8936
-13.9191
-13.9449
-13.9712
-13.9997
-14.0302
-14.0627
-14.0972
-14.1333
-14.1707
-14.2085
-14.2462
-14.2831
-14.3184
-14.3516
-14.382
-14.4091
-14.4323
-14.451
-14.4646
-14.4727
-14.4746
-14.4697
-14.4573
-14.4367
-14.4072
-14.368
-14.3184
-14.2575
-14.1844
-14.0985
-13.9989
-13.8848
-13.7556
-13.6105
-13.4491
-13.2709
-13.0753
-12.8622
-12.6314
-12.3828
-12.1166
-11.833
-11.5324
-11.2155
-10.8831
-10.5361
-10.1757
-9.80319
-9.42011
-9.02807
-8.62885
-8.22432
-7.81643
-7.40721
-6.99867
-6.59286
-6.19175
-5.79727
-5.41124
-5.03534
-4.67114
-4.31999
-3.98311
-3.6615
-3.35595
-3.06707
-2.79529
-2.5408
-2.30368
-2.08378
-1.88086
-1.69451
-1.5242
-1.36934
-1.22921
-1.10305
-0.990033
-0.889286
-0.799892
-0.720903
-0.651334
-0.590169
-0.536357
-0.488804
-0.4464
-0.407922
-0.372291
-0.337912
-0.304328
-0.268207
-0.232997
-0.186086
-0.15276
-0.0692575
-0.0850816
-13.7567
-13.7901
-13.8214
-13.85
-13.8772
-13.9037
-13.9295
-13.9559
-13.9833
-14.0122
-14.0427
-14.0748
-14.1083
-14.1428
-14.1776
-14.2121
-14.2458
-14.2779
-14.3079
-14.3351
-14.359
-14.379
-14.3945
-14.4051
-14.4101
-14.409
-14.4011
-14.3858
-14.3625
-14.3303
-14.2886
-14.2366
-14.1734
-14.0985
-14.0108
-13.9098
-13.7946
-13.6647
-13.5193
-13.3579
-13.1802
-12.9856
-12.7739
-12.545
-12.2988
-12.0354
-11.7552
-11.4585
-11.1459
-10.8182
-10.4764
-10.1215
-9.75485
-9.37785
-8.99209
-8.59929
-8.20123
-7.79982
-7.39698
-6.9947
-6.59491
-6.19956
-5.8105
-5.4295
-5.05821
-4.69814
-4.35066
-4.01693
-3.69796
-3.39454
-3.10729
-2.83665
-2.58285
-2.34597
-2.12592
-1.92246
-1.73524
-1.56376
-1.40746
-1.26566
-1.13763
-1.02257
-0.919646
-0.827962
-0.746595
-0.674589
-0.610948
-0.554649
-0.504614
-0.459777
-0.418901
-0.381022
-0.344404
-0.308986
-0.270746
-0.234694
-0.18521
-0.153937
-0.0646744
-0.0920661
-13.7444
-13.7754
-13.8051
-13.8329
-13.8594
-13.8852
-13.9107
-13.9365
-13.9632
-13.991
-14.0201
-14.0505
-14.0818
-14.1137
-14.1457
-14.1773
-14.2078
-14.2368
-14.2636
-14.2877
-14.3084
-14.3253
-14.3378
-14.3453
-14.3474
-14.3433
-14.3326
-14.3145
-14.2884
-14.2536
-14.2094
-14.155
-14.0898
-14.0129
-13.9237
-13.8213
-13.7051
-13.5745
-13.4288
-13.2676
-13.0903
-12.8967
-12.6865
-12.4595
-12.2157
-11.9552
-11.6784
-11.3855
-11.0772
-10.7542
-10.4175
-10.0681
-9.70715
-9.33616
-8.95662
-8.57014
-8.17849
-7.78347
-7.38696
-6.99085
-6.59703
-6.20738
-5.82369
-5.44769
-5.08098
-4.72504
-4.3812
-4.05062
-3.73429
-3.43302
-3.14742
-2.87794
-2.62485
-2.38824
-2.16805
-1.96409
-1.77602
-1.6034
-1.44567
-1.30222
-1.17233
-1.05524
-0.950146
-0.856175
-0.772433
-0.697989
-0.631868
-0.573078
-0.520553
-0.473275
-0.429995
-0.389859
-0.351001
-0.313738
-0.273402
-0.236466
-0.184538
-0.155061
-0.0607365
-0.0980042
-13.7319
-13.7609
-13.7891
-13.816
-13.8419
-13.8673
-13.8923
-13.9175
-13.9433
-13.9699
-13.9974
-14.0257
-14.0547
-14.084
-14.1133
-14.1419
-14.1695
-14.1954
-14.2191
-14.2401
-14.2577
-14.2716
-14.281
-14.2855
-14.2846
-14.2776
-14.264
-14.2432
-14.2144
-14.1771
-14.1304
-14.0738
-14.0065
-13.9278
-13.837
-13.7333
-13.6162
-13.4849
-13.339
-13.1779
-13.0013
-12.8087
-12.5999
-12.3749
-12.1335
-11.8759
-11.6024
-11.3133
-11.0093
-10.6909
-10.3593
-10.0152
-9.66
-9.29495
-8.92154
-8.54132
-8.15599
-7.7673
-7.37703
-6.98704
-6.59914
-6.21513
-5.83677
-5.46573
-5.10358
-4.75175
-4.41155
-4.08412
-3.77044
-3.47133
-3.18739
-2.9191
-2.66674
-2.43042
-2.21013
-2.00568
-1.81679
-1.64303
-1.48391
-1.33882
-1.20709
-1.08799
-0.980729
-0.88448
-0.798368
-0.721488
-0.652889
-0.591605
-0.536591
-0.48687
-0.441184
-0.39879
-0.357698
-0.318584
-0.276186
-0.238325
-0.184095
-0.156143
-0.0574347
-0.102952
-13.7192
-13.7465
-13.7732
-13.7991
-13.8242
-13.8488
-13.8731
-13.8975
-13.9222
-13.9475
-13.9734
-13.9998
-14.0267
-14.0536
-14.0802
-14.106
-14.1307
-14.1536
-14.1743
-14.1922
-14.2068
-14.2177
-14.2241
-14.2257
-14.2219
-14.212
-14.1956
-14.172
-14.1407
-14.1008
-14.0518
-13.993
-13.9237
-13.8433
-13.7509
-13.646
-13.5279
-13.3961
-13.25
-13.0891
-12.9131
-12.7215
-12.5142
-12.2911
-12.0521
-11.7974
-11.5272
-11.2419
-10.942
-10.6284
-10.3017
-9.96294
-9.61335
-9.25417
-8.88681
-8.51278
-8.1337
-7.75125
-7.36717
-6.98322
-6.60117
-6.22277
-5.8497
-5.48359
-5.12596
-4.77822
-4.44165
-4.11737
-3.80635
-3.5094
-3.22714
-2.96006
-2.70845
-2.47245
-2.25207
-2.04717
-1.85748
-1.68263
-1.52213
-1.37542
-1.24186
-1.12076
-1.01135
-0.91283
-0.824355
-0.745045
-0.673972
-0.6102
-0.552698
-0.500536
-0.45245
-0.407799
-0.364486
-0.32352
-0.279096
-0.240271
-0.183881
-0.157178
-0.0547272
-0.106977
-13.7063
-13.732
-13.7574
-13.7821
-13.8063
-13.8301
-13.8536
-13.877
-13.9006
-13.9246
-13.9488
-13.9734
-13.998
-14.0225
-14.0466
-14.0697
-14.0915
-14.1115
-14.1293
-14.1442
-14.1559
-14.1637
-14.1672
-14.1659
-14.1592
-14.1465
-14.1274
-14.1011
-14.0672
-14.0249
-13.9736
-13.9127
-13.8415
-13.7593
-13.6654
-13.5594
-13.4404
-13.3081
-13.1618
-13.0011
-12.8257
-12.6352
-12.4294
-12.2082
-11.9716
-11.7197
-11.4528
-11.1713
-10.8756
-10.5665
-10.2447
-9.91123
-9.5672
-9.21381
-8.85243
-8.48451
-8.11159
-7.73531
-7.35734
-6.97937
-6.60311
-6.23025
-5.86242
-5.5012
-5.14807
-4.8044
-4.47145
-4.15031
-3.84195
-3.54718
-3.26662
-3.00076
-2.74992
-2.51428
-2.29384
-2.08851
-1.89805
-1.72211
-1.56026
-1.41196
-1.27659
-1.1535
-1.04196
-0.941182
-0.850355
-0.768623
-0.695084
-0.628829
-0.568847
-0.51425
-0.463773
-0.416872
-0.371353
-0.328536
-0.282127
-0.242297
-0.183889
-0.158164
-0.0525595
-0.110162
-13.6932
-13.7175
-13.7415
-13.7651
-13.7883
-13.8111
-13.8336
-13.856
-13.8784
-13.9009
-13.9235
-13.9462
-13.9687
-13.9909
-14.0125
-14.033
-14.052
-14.0692
-14.0841
-14.0961
-14.1048
-14.1098
-14.1104
-14.1062
-14.0967
-14.0813
-14.0594
-14.0306
-13.9941
-13.9494
-13.8959
-13.8329
-13.7598
-13.6759
-13.5807
-13.4735
-13.3537
-13.2209
-13.0745
-12.914
-12.7392
-12.5498
-12.3455
-12.1262
-11.892
-11.643
-11.3793
-11.1015
-10.8099
-10.5053
-10.1884
-9.86011
-9.52155
-9.17388
-8.81839
-8.45649
-8.08966
-7.71947
-7.34753
-6.97547
-6.60494
-6.23756
-5.87492
-5.51855
-5.16988
-4.83026
-4.5009
-4.1829
-3.87721
-3.58461
-3.30576
-3.04115
-2.79111
-2.55583
-2.33537
-2.12963
-1.93843
-1.76144
-1.59826
-1.44838
-1.31123
-1.18618
-1.07251
-0.969492
-0.876325
-0.792184
-0.716188
-0.647462
-0.58501
-0.527989
-0.475133
-0.425993
-0.378287
-0.333623
-0.285271
-0.244399
-0.18411
-0.1591
-0.0508766
-0.112599
-13.6798
-13.7028
-13.7256
-13.748
-13.7701
-13.7918
-13.8133
-13.8345
-13.8556
-13.8767
-13.8977
-13.9185
-13.9389
-13.9589
-13.978
-13.9959
-14.0123
-14.0267
-14.0388
-14.048
-14.0538
-14.0559
-14.0537
-14.0467
-14.0344
-14.0163
-13.9918
-13.9604
-13.9215
-13.8744
-13.8187
-13.7537
-13.6788
-13.5933
-13.4967
-13.3884
-13.2679
-13.1346
-12.9881
-12.8279
-12.6538
-12.4654
-12.2626
-12.0453
-11.8134
-11.5671
-11.3067
-11.0325
-10.745
-10.4448
-10.1327
-9.80959
-9.47643
-9.13438
-8.7847
-8.42873
-8.06791
-7.70372
-7.33773
-6.9715
-6.60662
-6.24467
-5.88716
-5.53559
-5.19135
-4.85574
-4.52997
-4.2151
-3.91206
-3.62165
-3.34452
-3.08117
-2.83194
-2.59706
-2.37659
-2.17048
-1.97856
-1.80055
-1.63606
-1.48464
-1.34573
-1.21872
-1.10296
-0.997715
-0.902223
-0.815687
-0.73725
-0.666065
-0.601158
-0.541728
-0.486509
-0.435144
-0.385274
-0.338772
-0.288521
-0.246572
-0.184531
-0.159991
-0.049625
-0.114386
-13.6662
-13.6879
-13.7095
-13.7308
-13.7517
-13.7723
-13.7926
-13.8126
-13.8324
-13.852
-13.8713
-13.8902
-13.9087
-13.9264
-13.9431
-13.9586
-13.9724
-13.9841
-13.9934
-13.9998
-14.0029
-14.0022
-13.9972
-13.9875
-13.9725
-13.9517
-13.9246
-13.8907
-13.8494
-13.8001
-13.7422
-13.6752
-13.5985
-13.5115
-13.4136
-13.3043
-13.183
-13.0493
-12.9027
-12.7429
-12.5694
-12.3821
-12.1808
-11.9653
-11.7358
-11.4923
-11.2351
-10.9645
-10.681
-10.3852
-10.0778
-9.75972
-9.43187
-9.09536
-8.75139
-8.40126
-8.04634
-7.68807
-7.32794
-6.96746
-6.60816
-6.25156
-5.89913
-5.5523
-5.21244
-4.88082
-4.55861
-4.24684
-3.94645
-3.65823
-3.38283
-3.12075
-2.87236
-2.63789
-2.41745
-2.21099
-2.01838
-1.83937
-1.67361
-1.52066
-1.38002
-1.25109
-1.13325
-1.0258
-0.928004
-0.839091
-0.758231
-0.684605
-0.617261
-0.555438
-0.497877
-0.444305
-0.392299
-0.34397
-0.291864
-0.24881
-0.185138
-0.160847
-0.048752
-0.115624
-13.6524
-13.6729
-13.6933
-13.7133
-13.7331
-13.7526
-13.7716
-13.7904
-13.8088
-13.8268
-13.8445
-13.8616
-13.878
-13.8936
-13.908
-13.921
-13.9323
-13.9414
-13.9481
-13.9518
-13.9521
-13.9487
-13.941
-13.9286
-13.9109
-13.8875
-13.8579
-13.8216
-13.7779
-13.7264
-13.6665
-13.5976
-13.5192
-13.4307
-13.3315
-13.2212
-13.0992
-12.9651
-12.8185
-12.6589
-12.4862
-12.2999
-12.1001
-11.8866
-11.6594
-11.4186
-11.1646
-10.8975
-10.6179
-10.3264
-10.0237
-9.71054
-9.3879
-9.05684
-8.71849
-8.3741
-8.02499
-7.67253
-7.31817
-6.96335
-6.60954
-6.25821
-5.91079
-5.56866
-5.23314
-4.90546
-4.58677
-4.27809
-3.98035
-3.69431
-3.42064
-3.15984
-2.9123
-2.67827
-2.45787
-2.25109
-2.05782
-1.87784
-1.71084
-1.5564
-1.41404
-1.28322
-1.16333
-1.0537
-0.95362
-0.862352
-0.779089
-0.703043
-0.633283
-0.56909
-0.509212
-0.453454
-0.399341
-0.3492
-0.295287
-0.251104
-0.185911
-0.161676
-0.0482037
-0.116406
-13.6384
-13.6577
-13.6769
-13.6958
-13.7144
-13.7326
-13.7504
-13.7678
-13.7848
-13.8014
-13.8173
-13.8326
-13.8471
-13.8605
-13.8727
-13.8834
-13.8922
-13.8988
-13.9028
-13.9039
-13.9016
-13.8955
-13.8852
-13.8701
-13.8499
-13.824
-13.7919
-13.7531
-13.7072
-13.6535
-13.5916
-13.5209
-13.4408
-13.3508
-13.2505
-13.1392
-13.0166
-12.8822
-12.7355
-12.5763
-12.4042
-12.2191
-12.0207
-11.809
-11.5841
-11.3461
-11.0951
-10.8315
-10.5558
-10.2686
-9.97039
-9.66209
-9.34458
-9.01886
-8.68602
-8.34727
-8.00386
-7.65712
-7.30842
-6.95916
-6.61076
-6.26463
-5.92214
-5.58463
-5.25339
-4.92961
-4.61441
-4.3088
-4.01368
-3.72982
-3.45788
-3.19837
-2.9517
-2.71812
-2.49779
-2.29072
-2.09682
-1.9159
-1.74768
-1.59177
-1.44774
-1.31505
-1.19313
-1.08135
-0.979017
-0.88542
-0.79978
-0.721339
-0.649189
-0.582651
-0.520483
-0.462566
-0.406377
-0.354444
-0.298768
-0.253441
-0.186824
-0.162485
-0.0479241
-0.116824
-13.6242
-13.6424
-13.6603
-13.678
-13.6954
-13.7124
-13.729
-13.7451
-13.7606
-13.7756
-13.7899
-13.8034
-13.8159
-13.8273
-13.8373
-13.8457
-13.8521
-13.8563
-13.8578
-13.8563
-13.8514
-13.8427
-13.8298
-13.8122
-13.7894
-13.761
-13.7266
-13.6855
-13.6374
-13.5816
-13.5177
-13.4452
-13.3635
-13.2722
-13.1707
-13.0585
-12.9353
-12.8005
-12.6539
-12.495
-12.3236
-12.1395
-11.9426
-11.7328
-11.5102
-11.2748
-11.0269
-10.7667
-10.4948
-10.2117
-9.91798
-9.61445
-9.30195
-8.98146
-8.65403
-8.3208
-7.98298
-7.64184
-7.2987
-6.95491
-6.61182
-6.27079
-5.93316
-5.60021
-5.27318
-4.95325
-4.6415
-4.33893
-4.0464
-3.76471
-3.49449
-3.23628
-2.99048
-2.75738
-2.53713
-2.32979
-2.13529
-1.95346
-1.78405
-1.62672
-1.48104
-1.34652
-1.22261
-1.1087
-1.00414
-0.908244
-0.820256
-0.739449
-0.664939
-0.596085
-0.531657
-0.47161
-0.41338
-0.359679
-0.302284
-0.255807
-0.187847
-0.163282
-0.0478542
-0.116968
-13.6098
-13.6269
-13.6437
-13.6602
-13.6764
-13.6921
-13.7074
-13.7221
-13.7362
-13.7496
-13.7623
-13.774
-13.7846
-13.794
-13.8019
-13.808
-13.8121
-13.8139
-13.813
-13.809
-13.8017
-13.7904
-13.775
-13.7549
-13.7297
-13.6989
-13.6621
-13.6188
-13.5685
-13.5107
-13.445
-13.3707
-13.2875
-13.1948
-13.0922
-12.9792
-12.8554
-12.7203
-12.5737
-12.4152
-12.2445
-12.0615
-11.8661
-11.6581
-11.4376
-11.2048
-10.9599
-10.7031
-10.4349
-10.1559
-9.86653
-9.56766
-9.26007
-8.9447
-8.62256
-8.29473
-7.96238
-7.62673
-7.28904
-6.9506
-6.61272
-6.2767
-5.94383
-5.61536
-5.29248
-4.97634
-4.668
-4.36842
-4.07847
-3.79892
-3.53042
-3.2735
-3.02859
-2.79597
-2.57583
-2.36824
-2.17316
-1.99046
-1.8199
-1.66117
-1.51387
-1.37755
-1.25168
-1.13569
-1.02893
-0.93077
-0.840466
-0.757326
-0.680488
-0.609351
-0.542699
-0.480554
-0.420321
-0.364878
-0.305806
-0.258184
-0.188944
-0.164073
-0.0479307
-0.116925
-13.5952
-13.6112
-13.6269
-13.6422
-13.6572
-13.6717
-13.6857
-13.699
-13.7117
-13.7236
-13.7346
-13.7445
-13.7533
-13.7607
-13.7665
-13.7705
-13.7724
-13.7719
-13.7686
-13.7622
-13.7524
-13.7388
-13.7209
-13.6984
-13.6708
-13.6377
-13.5986
-13.5532
-13.5008
-13.441
-13.3735
-13.2976
-13.2129
-13.1189
-13.0152
-12.9014
-12.777
-12.6417
-12.4951
-12.3369
-12.167
-11.9851
-11.791
-11.5849
-11.3666
-11.1363
-10.8943
-10.6408
-10.3763
-10.1012
-9.81612
-9.52179
-9.219
-8.90863
-8.59165
-8.2691
-7.9421
-7.61181
-7.27944
-6.94624
-6.61346
-6.28235
-5.95415
-5.63007
-5.31127
-4.99886
-4.69386
-4.39723
-4.10982
-3.83239
-3.5656
-3.30997
-3.06594
-2.83382
-2.6138
-2.40599
-2.21036
-2.02681
-1.85513
-1.69504
-1.54617
-1.40808
-1.28029
-1.16224
-1.05333
-0.952938
-0.860355
-0.774918
-0.69579
-0.622407
-0.553569
-0.489362
-0.427163
-0.370012
-0.309301
-0.26055
-0.190073
-0.164865
-0.0480845
-0.11679
-13.5806
-13.5955
-13.61
-13.6242
-13.638
-13.6513
-13.6639
-13.6759
-13.6871
-13.6975
-13.7069
-13.7151
-13.7221
-13.7276
-13.7314
-13.7333
-13.733
-13.7302
-13.7246
-13.7159
-13.7038
-13.6878
-13.6676
-13.6427
-13.6128
-13.5775
-13.5362
-13.4887
-13.4343
-13.3727
-13.3033
-13.2258
-13.1397
-13.0445
-12.9398
-12.8252
-12.7003
-12.5648
-12.4182
-12.2605
-12.0912
-11.9103
-11.7177
-11.5133
-11.2972
-11.0694
-10.8302
-10.5799
-10.3189
-10.0477
-9.76681
-9.47692
-9.1788
-8.8733
-8.56135
-8.24395
-7.92216
-7.5971
-7.26994
-6.94185
-6.61405
-6.28774
-5.96411
-5.64433
-5.32952
-5.02076
-4.71905
-4.42532
-4.14041
-3.86508
-3.59996
-3.34562
-3.10247
-2.87085
-2.65097
-2.44296
-2.2468
-2.06243
-1.88967
-1.72825
-1.57784
-1.43803
-1.30835
-1.18829
-1.07727
-0.974685
-0.879864
-0.792171
-0.710793
-0.635206
-0.564222
-0.497995
-0.43387
-0.375046
-0.312731
-0.262881
-0.191185
-0.165665
-0.0482366
-0.116669
-13.5658
-13.5796
-13.5931
-13.6062
-13.6188
-13.6308
-13.6422
-13.6528
-13.6626
-13.6715
-13.6793
-13.6858
-13.691
-13.6947
-13.6965
-13.6964
-13.694
-13.6891
-13.6813
-13.6704
-13.6559
-13.6377
-13.6152
-13.5881
-13.556
-13.5185
-13.4751
-13.4255
-13.3692
-13.3057
-13.2347
-13.1557
-13.0682
-12.9718
-12.8662
-12.7508
-12.6254
-12.4897
-12.3432
-12.1858
-12.0173
-11.8375
-11.6462
-11.4435
-11.2295
-11.0041
-10.7677
-10.5206
-10.263
-9.99554
-9.71869
-9.43311
-9.13954
-8.83878
-8.53172
-8.21933
-7.90261
-7.58265
-7.26055
-6.93744
-6.6145
-6.29286
-5.97369
-5.65811
-5.34721
-5.04202
-4.74352
-4.45264
-4.17018
-3.89691
-3.63345
-3.38037
-3.1381
-2.90699
-2.68726
-2.47906
-2.28241
-2.09725
-1.92343
-1.76072
-1.60881
-1.46732
-1.3358
-1.21377
-1.10068
-0.995946
-0.898931
-0.809026
-0.725443
-0.647696
-0.574611
-0.506407
-0.440398
-0.379945
-0.316055
-0.26515
-0.192227
-0.166482
-0.0482939
-0.116689
-13.5511
-13.5639
-13.5763
-13.5882
-13.5996
-13.6104
-13.6205
-13.6298
-13.6382
-13.6456
-13.6518
-13.6568
-13.6603
-13.6621
-13.6621
-13.66
-13.6555
-13.6485
-13.6386
-13.6256
-13.609
-13.5885
-13.5638
-13.5346
-13.5003
-13.4607
-13.4153
-13.3638
-13.3056
-13.2404
-13.1678
-13.0873
-12.9985
-12.901
-12.7944
-12.6784
-12.5526
-12.4166
-12.2703
-12.1132
-11.9454
-11.7666
-11.5766
-11.3756
-11.1636
-10.9406
-10.7069
-10.4628
-10.2086
-9.94477
-9.67185
-9.39045
-9.10128
-8.80512
-8.50282
-8.19528
-7.88349
-7.56848
-7.2513
-6.93304
-6.61481
-6.29774
-5.98291
-5.67142
-5.36431
-5.06261
-4.76725
-4.47914
-4.19909
-3.92783
-3.666
-3.41416
-3.17276
-2.94215
-2.72258
-2.51421
-2.31708
-2.13116
-1.95633
-1.79237
-1.639
-1.49587
-1.36256
-1.2386
-1.12348
-1.01665
-0.91749
-0.825421
-0.739681
-0.659823
-0.584684
-0.514551
-0.446701
-0.384664
-0.319224
-0.267326
-0.193136
-0.167325
-0.0481419
-0.117012
-13.5363
-13.5481
-13.5594
-13.5703
-13.5806
-13.5902
-13.5991
-13.6071
-13.6141
-13.62
-13.6247
-13.6281
-13.6299
-13.63
-13.6281
-13.6242
-13.6178
-13.6088
-13.5969
-13.5817
-13.563
-13.5405
-13.5137
-13.4824
-13.4461
-13.4045
-13.3571
-13.3037
-13.2438
-13.1769
-13.1027
-13.0208
-12.9307
-12.8322
-12.7247
-12.6081
-12.4818
-12.3457
-12.1994
-12.0428
-11.8756
-11.6978
-11.5092
-11.3098
-11.0997
-10.879
-10.648
-10.4068
-10.1558
-9.89549
-9.62637
-9.34902
-9.06411
-8.7724
-8.47469
-8.17187
-7.86485
-7.55463
-7.24222
-6.92866
-6.61502
-6.30236
-5.99175
-5.68423
-5.38082
-5.08251
-4.79021
-4.5048
-4.22708
-3.95779
-3.69755
-3.44692
-3.20638
-2.97626
-2.75686
-2.54832
-2.35074
-2.16409
-1.98827
-1.8231
-1.66832
-1.52359
-1.38853
-1.2627
-1.14561
-1.03673
-0.93547
-0.841289
-0.753444
-0.671527
-0.594385
-0.522375
-0.452727
-0.38916
-0.322188
-0.269374
-0.193839
-0.168207
-0.0476352
-0.117851
-13.5217
-13.5325
-13.5428
-13.5526
-13.5618
-13.5703
-13.5779
-13.5846
-13.5903
-13.5948
-13.5981
-13.5999
-13.6001
-13.5985
-13.5949
-13.5891
-13.5809
-13.57
-13.5561
-13.5389
-13.5182
-13.4937
-13.4649
-13.4316
-13.3933
-13.3498
-13.3006
-13.2454
-13.1838
-13.1153
-13.0396
-12.9564
-12.8651
-12.7656
-12.6573
-12.54
-12.4134
-12.2771
-12.1309
-11.9747
-11.8082
-11.6313
-11.4439
-11.2461
-11.038
-10.8195
-10.5909
-10.3525
-10.1047
-9.8478
-9.58234
-9.30889
-9.0281
-8.74069
-8.44742
-8.14914
-7.84673
-7.54115
-7.23335
-6.92433
-6.61512
-6.30675
-6.00022
-5.69655
-5.39672
-5.10169
-4.81236
-4.52957
-4.25412
-3.98673
-3.72803
-3.47859
-3.23887
-3.00924
-2.79
-2.58132
-2.3833
-2.19594
-2.01917
-1.85283
-1.69667
-1.55039
-1.41363
-1.28598
-1.16697
-1.05609
-0.952797
-0.856559
-0.766665
-0.682744
-0.603652
-0.52982
-0.458419
-0.393381
-0.324886
-0.271255
-0.194253
-0.169144
-0.0465859
-0.11949
-13.507
-13.517
-13.5263
-13.5351
-13.5432
-13.5506
-13.557
-13.5625
-13.5669
-13.5701
-13.5719
-13.5722
-13.5709
-13.5677
-13.5624
-13.5549
-13.5449
-13.5322
-13.5164
-13.4974
-13.4748
-13.4483
-13.4177
-13.3824
-13.3423
-13.297
-13.246
-13.1891
-13.1258
-13.0559
-12.9788
-12.8942
-12.8019
-12.7013
-12.5923
-12.4744
-12.3474
-12.211
-12.0649
-11.9091
-11.7432
-11.5672
-11.3811
-11.1848
-10.9784
-10.7621
-10.5359
-10.3003
-10.0554
-9.80181
-9.53987
-9.27018
-8.99335
-8.71006
-8.42106
-8.12716
-7.8292
-7.52808
-7.22473
-6.9201
-6.61517
-6.31092
-6.00834
-5.70839
-5.41202
-5.12015
-4.83368
-4.55342
-4.28016
-4.0146
-3.75739
-3.50909
-3.27017
-3.04101
-2.82192
-2.6131
-2.41465
-2.22662
-2.04893
-1.88145
-1.72396
-1.57619
-1.43778
-1.30837
-1.18748
-1.07467
-0.969394
-0.871159
-0.779274
-0.693409
-0.612423
-0.536828
-0.463717
-0.39727
-0.327255
-0.272924
-0.194284
-0.170152
-0.0447486
-0.122314
-13.4929
-13.5019
-13.5103
-13.5181
-13.5252
-13.5314
-13.5367
-13.541
-13.5442
-13.546
-13.5465
-13.5454
-13.5425
-13.5378
-13.531
-13.5218
-13.5101
-13.4956
-13.4781
-13.4573
-13.4329
-13.4046
-13.3721
-13.3351
-13.2932
-13.2461
-13.1935
-13.1349
-13.0701
-12.9987
-12.9203
-12.8345
-12.7411
-12.6397
-12.5299
-12.4114
-12.2841
-12.1475
-12.0016
-11.8461
-11.6808
-11.5057
-11.3208
-11.126
-10.9213
-10.707
-10.4832
-10.2501
-10.0081
-9.75761
-9.49905
-9.23295
-8.95992
-8.68059
-8.3957
-8.106
-7.81231
-7.51548
-7.21641
-6.916
-6.61519
-6.31491
-6.01612
-5.71974
-5.4267
-5.13789
-4.85416
-4.57633
-4.30517
-4.04137
-3.78559
-3.53838
-3.30021
-3.0715
-2.85256
-2.64359
-2.44474
-2.25604
-2.07746
-1.90888
-1.75011
-1.60088
-1.46089
-1.32975
-1.20706
-1.09237
-0.98517
-0.884999
-0.791183
-0.703437
-0.620617
-0.543323
-0.468551
-0.400767
-0.329229
-0.274336
-0.193833
-0.171254
-0.0418088
-0.126842
-13.4787
-13.4869
-13.4944
-13.5013
-13.5074
-13.5126
-13.5169
-13.5201
-13.5221
-13.5227
-13.5219
-13.5194
-13.5152
-13.509
-13.5006
-13.4899
-13.4766
-13.4605
-13.4413
-13.4188
-13.3927
-13.3627
-13.3285
-13.2898
-13.2462
-13.1975
-13.1433
-13.0832
-13.0169
-12.9441
-12.8645
-12.7776
-12.6831
-12.5808
-12.4703
-12.3514
-12.2237
-12.087
-11.9412
-11.786
-11.6213
-11.4471
-11.2632
-11.0698
-10.8668
-10.6544
-10.4328
-10.2022
-9.96292
-9.7154
-9.46005
-9.19739
-8.92797
-8.65244
-8.37147
-8.08579
-7.79619
-7.50348
-7.2085
-6.91213
-6.61526
-6.3188
-6.02364
-5.73068
-5.44082
-5.15492
-4.87381
-4.59829
-4.32912
-4.067
-3.81256
-3.56636
-3.32891
-3.10061
-2.88178
-2.67267
-2.47341
-2.28408
-2.10464
-1.935
-1.77499
-1.62437
-1.48284
-1.35006
-1.22562
-1.10912
-1.00006
-0.898019
-0.802338
-0.712775
-0.62818
-0.549248
-0.472857
-0.403808
-0.330732
-0.275433
-0.192788
-0.172471
-0.0373754
-0.133768
-13.4655
-13.4728
-13.4794
-13.4854
-13.4905
-13.4947
-13.4979
-13.5
-13.5008
-13.5003
-13.4982
-13.4945
-13.4889
-13.4813
-13.4715
-13.4593
-13.4445
-13.4269
-13.4061
-13.382
-13.3543
-13.3227
-13.2868
-13.2465
-13.2014
-13.1511
-13.0954
-13.0339
-12.9663
-12.8922
-12.8114
-12.7234
-12.628
-12.5249
-12.4137
-12.2943
-12.1663
-12.0295
-11.8838
-11.7289
-11.5648
-11.3913
-11.2085
-11.0163
-10.8149
-10.6043
-10.3848
-10.1565
-9.91988
-9.67519
-9.4229
-9.1635
-8.89753
-8.62561
-8.34838
-8.06654
-7.78084
-7.49205
-7.20099
-6.90849
-6.61539
-6.32257
-6.03088
-5.7412
-5.45437
-5.17124
-4.89263
-4.61931
-4.35202
-4.09148
-3.8383
-3.59306
-3.35627
-3.12834
-2.90961
-2.70033
-2.50067
-2.3107
-2.13043
-1.95977
-1.79855
-1.64657
-1.50355
-1.36916
-1.24304
-1.12478
-1.01392
-0.910072
-0.812595
-0.72129
-0.634994
-0.55451
-0.476563
-0.406344
-0.331727
-0.276199
-0.191088
-0.173843
-0.0309961
-0.143989
-13.452
-13.4587
-13.4646
-13.4698
-13.4741
-13.4774
-13.4797
-13.4808
-13.4806
-13.479
-13.4758
-13.4709
-13.4641
-13.4553
-13.4441
-13.4306
-13.4144
-13.3953
-13.3731
-13.3475
-13.3183
-13.2851
-13.2478
-13.206
-13.1594
-13.1077
-13.0506
-12.9877
-12.9188
-12.8435
-12.7615
-12.6726
-12.5763
-12.4724
-12.3606
-12.2407
-12.1124
-11.9755
-11.8298
-11.6753
-11.5116
-11.3389
-11.1571
-10.9661
-10.7662
-10.5573
-10.3397
-10.1137
-9.87948
-9.63746
-9.38806
-9.13174
-8.86904
-8.60053
-8.32685
-8.04865
-7.76665
-7.48159
-7.19425
-6.9054
-6.61587
-6.32649
-6.03807
-5.75146
-5.46747
-5.18693
-4.91063
-4.63934
-4.37379
-4.11467
-3.86263
-3.61825
-3.38202
-3.1544
-2.93573
-2.72627
-2.52621
-2.33565
-2.15458
-1.98295
-1.82061
-1.66736
-1.52293
-1.38704
-1.25931
-1.13938
-1.02681
-0.92123
-0.822023
-0.729037
-0.64109
-0.559107
-0.479638
-0.408326
-0.332158
-0.2766
-0.18871
-0.175443
-0.0222665
-0.158661
-13.44
-13.4459
-13.451
-13.4552
-13.4586
-13.4611
-13.4624
-13.4625
-13.4613
-13.4586
-13.4543
-13.4483
-13.4403
-13.4303
-13.4179
-13.4031
-13.3856
-13.3652
-13.3416
-13.3146
-13.284
-13.2495
-13.2108
-13.1676
-13.1197
-13.0667
-13.0083
-12.9442
-12.8741
-12.7977
-12.7147
-12.6248
-12.5277
-12.4231
-12.3107
-12.1903
-12.0618
-11.9248
-11.7792
-11.6249
-11.4617
-11.2897
-11.1087
-10.9189
-10.7203
-10.513
-10.2973
-10.0733
-9.84134
-9.60182
-9.35513
-9.10171
-8.84208
-8.57679
-8.30646
-8.0317
-7.75322
-7.4717
-7.18788
-6.90253
-6.6164
-6.3303
-6.04501
-5.76133
-5.48005
-5.20198
-4.92788
-4.65851
-4.3946
-4.13683
-3.88586
-3.64226
-3.40655
-3.17919
-2.96054
-2.75087
-2.55039
-2.3592
-2.17733
-2.00471
-1.84124
-1.68671
-1.54088
-1.40348
-1.27417
-1.15262
-1.03839
-0.931163
-0.830332
-0.735797
-0.646341
-0.563023
-0.482173
-0.409937
-0.332275
-0.276892
-0.185935
-0.177391
-0.0109563
-0.178594
-13.4279
-13.4333
-13.4379
-13.4416
-13.4444
-13.4462
-13.4468
-13.4461
-13.4441
-13.4405
-13.4353
-13.4283
-13.4193
-13.4081
-13.3947
-13.3787
-13.36
-13.3384
-13.3135
-13.2853
-13.2534
-13.2176
-13.1776
-13.1332
-13.084
-13.0297
-12.9701
-12.9048
-12.8336
-12.7562
-12.6723
-12.5815
-12.4836
-12.3783
-12.2654
-12.1446
-12.0158
-11.8787
-11.7332
-11.5791
-11.4164
-11.245
-11.0649
-10.8761
-10.6788
-10.473
-10.2589
-10.0368
-9.80705
-9.56987
-9.3257
-9.07498
-8.81822
-8.55593
-8.28871
-8.01715
-7.74191
-7.46365
-7.18308
-6.90091
-6.61788
-6.33474
-6.05225
-5.77117
-5.49229
-5.21637
-4.94416
-4.67643
-4.41389
-4.15724
-3.90713
-3.66416
-3.42886
-3.2017
-2.98304
-2.7732
-2.57238
-2.38068
-2.19816
-2.02475
-1.86033
-1.70474
-1.55773
-1.41902
-1.28831
-1.16527
-1.0495
-0.940695
-0.838274
-0.742197
-0.651221
-0.566568
-0.484331
-0.411239
-0.33211
-0.277071
-0.182906
-0.179429
0.00286059
-0.202338
-13.4171
-13.4218
-13.4255
-13.4284
-13.4304
-13.4313
-13.4311
-13.4296
-13.4267
-13.4222
-13.4161
-13.4081
-13.3982
-13.3861
-13.3716
-13.3546
-13.3349
-13.3122
-13.2863
-13.257
-13.224
-13.1871
-13.146
-13.1004
-13.0501
-12.9948
-12.9341
-12.8679
-12.7958
-12.7174
-12.6326
-12.5411
-12.4425
-12.3366
-12.2232
-12.1021
-11.973
-11.8358
-11.6903
-11.5364
-11.374
-11.2032
-11.0237
-10.8359
-10.6396
-10.4351
-10.2225
-10.0021
-9.77422
-9.53913
-9.29724
-9.049
-8.79487
-8.53537
-8.27107
-8.00254
-7.7304
-7.4553
-7.1779
-6.89888
-6.61894
-6.33879
-6.05915
-5.78076
-5.50436
-5.23069
-4.96049
-4.69449
-4.43342
-4.17796
-3.92878
-3.68646
-3.45157
-3.22456
-3.00584
-2.79572
-2.59441
-2.40204
-2.21867
-2.04425
-1.87869
-1.72183
-1.57344
-1.43329
-1.30108
-1.17653
-1.05926
-0.949014
-0.845197
-0.74782
-0.655563
-0.569783
-0.486257
-0.412303
-0.331505
-0.276533
-0.178866
-0.179859
0.0178505
-0.222808
-13.4079
-13.4124
-13.4159
-13.4185
-13.4201
-13.4206
-13.4199
-13.4178
-13.4143
-13.4092
-13.4023
-13.3936
-13.3828
-13.3699
-13.3545
-13.3366
-13.3159
-13.2922
-13.2653
-13.2349
-13.2009
-13.1629
-13.1208
-13.0742
-13.0229
-12.9665
-12.9049
-12.8377
-12.7647
-12.6855
-12.5999
-12.5076
-12.4084
-12.3021
-12.1882
-12.0668
-11.9375
-11.8002
-11.6548
-11.5011
-11.3391
-11.1688
-10.9901
-10.8031
-10.6079
-10.4046
-10.1935
-9.9747
-9.74859
-9.51546
-9.27569
-9.02972
-8.778
-8.52103
-8.25934
-7.9935
-7.7241
-7.45173
-7.17705
-6.90068
-6.6233
-6.34559
-6.06825
-5.79197
-5.51747
-5.2455
-4.97677
-4.71203
-4.452
-4.19737
-3.94881
-3.70695
-3.47235
-3.24549
-3.02678
-2.81653
-2.61497
-2.42223
-2.23834
-2.06327
-1.89688
-1.73903
-1.58947
-1.44798
-1.31425
-1.18804
-1.06898
-0.956859
-0.851127
-0.751897
-0.657844
-0.570576
-0.48562
-0.411043
-0.329144
-0.275199
-0.175543
-0.181062
0.0249998
-0.232629
-13.3969
-13.4006
-13.4034
-13.4053
-13.4062
-13.406
-13.4046
-13.4019
-13.3978
-13.3921
-13.3846
-13.3752
-13.3638
-13.3502
-13.3342
-13.3156
-13.2943
-13.2699
-13.2423
-13.2112
-13.1765
-13.1378
-13.095
-13.0476
-12.9956
-12.9385
-12.8762
-12.8083
-12.7346
-12.6548
-12.5686
-12.4758
-12.376
-12.2692
-12.1549
-12.0331
-11.9036
-11.7661
-11.6206
-11.467
-11.3051
-11.1351
-10.9568
-10.7704
-10.576
-10.3737
-10.1637
-9.94628
-9.72173
-9.4904
-9.25266
-9.00894
-8.75969
-8.50541
-8.24661
-7.98383
-7.71762
-7.44856
-7.17724
-6.90424
-6.63017
-6.35566
-6.08133
-5.80784
-5.53585
-5.26604
-4.99911
-4.73577
-4.47673
-4.22269
-3.97432
-3.73228
-3.49716
-3.26946
-3.04965
-2.83808
-2.635
-2.44059
-2.25493
-2.07802
-1.90977
-1.75007
-1.59873
-1.45555
-1.3203
-1.19276
-1.07261
-0.959684
-0.85342
-0.753971
-0.659879
-0.572889
-0.488058
-0.414109
-0.331835
-0.279063
-0.17757
-0.18541
0.0223661
-0.22956
-13.394
-13.3978
-13.4007
-13.4025
-13.4032
-13.4028
-13.4012
-13.3981
-13.3935
-13.3873
-13.3793
-13.3694
-13.3574
-13.3431
-13.3264
-13.3071
-13.285
-13.2599
-13.2315
-13.1997
-13.1642
-13.1247
-13.0811
-13.033
-12.9802
-12.9224
-12.8594
-12.7908
-12.7165
-12.6362
-12.5495
-12.4562
-12.3561
-12.249
-12.1346
-12.0127
-11.8832
-11.7459
-11.6006
-11.4473
-11.286
-11.1166
-10.9391
-10.7536
-10.5602
-10.359
-10.1503
-9.93428
-9.71122
-9.48146
-9.24535
-9.00332
-8.75578
-8.50322
-8.24612
-7.98499
-7.72036
-7.45278
-7.1828
-6.911
-6.63797
-6.36432
-6.09066
-5.81765
-5.54596
-5.27628
-5.00934
-4.74587
-4.48661
-4.23232
-3.9837
-3.74143
-3.50614
-3.27836
-3.05857
-2.8471
-2.64422
-2.45006
-2.26469
-2.08805
-1.92004
-1.76049
-1.6092
-1.46595
-1.3305
-1.20263
-1.08202
-0.968552
-0.861641
-0.761523
-0.666662
-0.579052
-0.493371
-0.419194
-0.33585
-0.283884
-0.180734
-0.190173
0.0145869
-0.216914
-13.3791
-13.3826
-13.3851
-13.3867
-13.3873
-13.3867
-13.3849
-13.3817
-13.3771
-13.3707
-13.3626
-13.3526
-13.3405
-13.3261
-13.3092
-13.2898
-13.2675
-13.2421
-13.2135
-13.1814
-13.1456
-13.1058
-13.0618
-13.0133
-12.9601
-12.9019
-12.8384
-12.7693
-12.6944
-12.6134
-12.5261
-12.4322
-12.3315
-12.2237
-12.1086
-11.986
-11.8558
-11.7178
-11.5719
-11.418
-11.2561
-11.0862
-10.9083
-10.7225
-10.529
-10.3278
-10.1193
-9.90372
-9.68133
-9.4525
-9.21762
-8.97712
-8.73143
-8.48102
-8.22637
-7.96797
-7.70631
-7.44189
-7.1752
-6.90675
-6.63704
-6.36661
-6.09599
-5.82577
-5.55655
-5.289
-5.02381
-4.76171
-4.50345
-4.2498
-4.0015
-3.75928
-3.5238
-3.29563
-3.07526
-2.86308
-2.65938
-2.46431
-2.27795
-2.10029
-1.93123
-1.77066
-1.61838
-1.4742
-1.33792
-1.20933
-1.08815
-0.974251
-0.867057
-0.766847
-0.671964
-0.58458
-0.498939
-0.425306
-0.34165
-0.290644
-0.186733
-0.196125
0.00225849
-0.205283
-13.3871
-13.3901
-13.3922
-13.3933
-13.3933
-13.3922
-13.3897
-13.3858
-13.3804
-13.3734
-13.3645
-13.3537
-13.3407
-13.3255
-13.3079
-13.2876
-13.2644
-13.2382
-13.2088
-13.1758
-13.1392
-13.0986
-13.0538
-13.0046
-12.9506
-12.8917
-12.8276
-12.7579
-12.6826
-12.6012
-12.5135
-12.4193
-12.3184
-12.2105
-12.0954
-11.973
-11.8431
-11.7055
-11.5602
-11.407
-11.246
-11.0771
-10.9004
-10.716
-10.5239
-10.3244
-10.1178
-9.90412
-9.68382
-9.45721
-9.22464
-8.98651
-8.74325
-8.49527
-8.24304
-7.98699
-7.72759
-7.46528
-7.20052
-6.93377
-6.66551
-6.39623
-6.12645
-5.85672
-5.58766
-5.31991
-5.05418
-4.79123
-4.53185
-4.27684
-4.02702
-3.78317
-3.546
-3.31616
-3.09419
-2.88052
-2.67545
-2.47916
-2.29171
-2.11309
-1.94317
-1.78181
-1.6288
-1.48394
-1.34701
-1.21784
-1.09614
-0.981836
-0.874324
-0.773923
-0.678891
-0.591508
-0.505723
-0.432288
-0.348127
-0.297931
-0.192233
-0.204218
-0.00361616
-0.194735
-14.4424
-14.4454
-14.4596
-14.4654
-14.4664
-14.4651
-14.4629
-14.4639
-14.4707
-14.485
-14.5081
-14.5417
-14.5859
-14.6399
-14.7018
-14.7693
-14.8398
-14.9109
-14.9807
-15.0476
-15.1105
-15.1684
-15.2208
-15.2671
-15.3067
-15.3392
-15.3637
-15.3797
-15.3862
-15.3823
-15.3668
-15.3386
-15.2965
-15.2391
-15.1653
-15.0737
-14.9632
-14.8328
-14.6815
-14.5095
-14.316
-14.1001
-13.8562
-13.5874
-13.2928
-12.9731
-12.6283
-12.2592
-11.8662
-11.4506
-11.0136
-10.5569
-10.0825
-9.59251
-9.08963
-8.57665
-8.05661
-7.53274
-7.00843
-6.48711
-5.97225
-5.46724
-4.97539
-4.49975
-4.04316
-3.60814
-3.19688
-2.81117
-2.4524
-2.12151
-1.81892
-1.54462
-1.29823
-1.07901
-0.885946
-0.717738
-0.572895
-0.449761
-0.346578
-0.261518
-0.192733
-0.138373
-0.0966408
-0.065746
-0.0440485
-0.0298066
-0.0216781
-0.0177518
-0.0174174
-0.0177411
-0.0204785
-0.018544
-0.0221795
-0.00859282
-0.0191057
0.0272979
-0.0245766
0.119764
-0.111132
0.354029
-14.465
-14.4767
-14.4817
-14.4873
-14.4799
-14.4662
-14.4527
-14.4479
-14.4503
-14.4612
-14.4835
-14.5191
-14.5679
-14.6279
-14.6961
-14.7688
-14.843
-14.916
-14.9859
-15.0515
-15.1123
-15.1677
-15.2176
-15.2618
-15.3001
-15.3319
-15.3568
-15.374
-15.3825
-15.3815
-15.3698
-15.3461
-15.3092
-15.2578
-15.1906
-15.1062
-15.0033
-14.8804
-14.7358
-14.5697
-14.3765
-14.1584
-13.92
-13.6582
-13.3725
-13.0624
-12.7279
-12.3692
-11.9871
-11.5823
-11.1561
-10.7101
-10.2461
-9.76626
-9.273
-8.76905
-8.25734
-7.741
-7.22329
-6.70758
-6.19724
-5.69561
-5.20594
-4.73128
-4.27441
-3.83782
-3.42362
-3.03366
-2.6695
-2.33219
-2.02226
-1.73986
-1.48474
-1.25631
-1.05367
-0.875656
-0.720906
-0.587886
-0.47495
-0.380375
-0.302412
-0.239298
-0.189312
-0.150735
-0.121978
-0.101364
-0.0875611
-0.0787447
-0.0742191
-0.0712612
-0.0712569
-0.0677982
-0.0698262
-0.0568581
-0.06579
-0.0234132
-0.0698176
0.0633408
-0.1408
0.299333
-14.4341
-14.4564
-14.4582
-14.4605
-14.4548
-14.452
-14.4525
-14.4609
-14.478
-14.5056
-14.5438
-14.5914
-14.6464
-14.7065
-14.7694
-14.8332
-14.8964
-14.9578
-15.0168
-15.0728
-15.1255
-15.1746
-15.2196
-15.2601
-15.2957
-15.3256
-15.3492
-15.3654
-15.3734
-15.3721
-15.3602
-15.3366
-15.3
-15.2491
-15.1827
-15.0994
-14.9981
-14.8777
-14.7371
-14.574
-14.3913
-14.184
-13.9531
-13.698
-13.4184
-13.1142
-12.7856
-12.4328
-12.0565
-11.6575
-11.237
-10.7965
-10.3379
-9.86317
-9.37475
-8.87528
-8.36766
-7.85495
-7.3404
-6.82734
-6.31909
-5.81898
-5.33024
-4.85591
-4.39885
-3.9616
-3.54643
-3.15508
-2.78886
-2.44883
-2.13565
-1.84955
-1.59037
-1.35758
-1.15034
-0.967576
-0.807962
-0.670028
-0.552187
-0.452772
-0.370085
-0.302412
-0.248076
-0.205402
-0.172826
-0.148721
-0.131747
-0.12016
-0.113168
-0.108262
-0.106446
-0.102012
-0.102558
-0.0899763
-0.0965933
-0.0571342
-0.0965712
0.0280259
-0.152043
0.269079
-14.3855
-14.4157
-14.4252
-14.4321
-14.4326
-14.4361
-14.4443
-14.4609
-14.4861
-14.5204
-14.5631
-14.6132
-14.6689
-14.7285
-14.7901
-14.8524
-14.914
-14.974
-15.0318
-15.087
-15.1391
-15.1879
-15.2329
-15.2739
-15.3102
-15.3411
-15.366
-15.3838
-15.3936
-15.3943
-15.3846
-15.3634
-15.3292
-15.2809
-15.2169
-15.1361
-15.0371
-14.9186
-14.7799
-14.619
-14.4357
-14.2295
-14.0003
-13.7472
-13.47
-13.1683
-12.8422
-12.4919
-12.118
-11.7214
-11.3033
-10.865
-10.4084
-9.93557
-9.44888
-8.95097
-8.4447
-7.93315
-7.41953
-6.90715
-6.39937
-5.8995
-5.41075
-4.9362
-4.47868
-4.04075
-3.62465
-3.23218
-2.86475
-2.52335
-2.20861
-1.92074
-1.6596
-1.42467
-1.21515
-1.02996
-0.86782
-0.72729
-0.606814
-0.504759
-0.419458
-0.349232
-0.292431
-0.247415
-0.212638
-0.186512
-0.167687
-0.154491
-0.146037
-0.140023
-0.137073
-0.132178
-0.131567
-0.11957
-0.123767
-0.0871662
-0.118854
-0.00273676
-0.157697
0.244814
-14.3542
-14.3888
-14.4029
-14.4125
-14.4182
-14.4283
-14.4442
-14.4685
-14.5009
-14.5414
-14.5887
-14.6416
-14.6984
-14.7576
-14.8177
-14.8778
-14.937
-14.9947
-15.0505
-15.1041
-15.1551
-15.2032
-15.2479
-15.2889
-15.3254
-15.3567
-15.3821
-15.4004
-15.4107
-15.4119
-15.4028
-15.382
-15.3483
-15.3003
-15.2369
-15.1566
-15.0582
-14.9406
-14.8027
-14.6434
-14.4622
-14.258
-14.0304
-13.7789
-13.503
-13.2026
-12.8778
-12.5288
-12.1561
-11.7608
-11.3438
-10.9067
-10.4513
-9.9796
-9.49401
-8.99714
-8.49188
-7.98127
-7.46853
-6.95697
-6.44993
-5.9507
-5.46251
-4.9884
-4.53121
-4.09347
-3.67741
-3.28483
-2.9171
-2.57523
-2.25983
-1.97112
-1.70896
-1.47284
-1.26197
-1.07529
-0.911566
-0.769365
-0.647162
-0.543355
-0.456305
-0.384362
-0.325898
-0.2793
-0.243034
-0.215539
-0.195455
-0.181158
-0.171683
-0.16488
-0.161064
-0.155775
-0.15413
-0.142418
-0.144333
-0.109694
-0.134453
-0.025096
-0.159193
0.22417
-14.3294
-14.3644
-14.383
-14.3966
-14.4071
-14.4214
-14.4412
-14.4687
-14.5038
-14.5463
-14.5949
-14.6484
-14.7054
-14.7646
-14.8247
-14.8849
-14.9443
-15.0025
-15.0589
-15.1133
-15.1653
-15.2144
-15.2602
-15.3022
-15.3396
-15.3718
-15.3979
-15.4169
-15.4278
-15.4294
-15.4206
-15.4001
-15.3666
-15.3189
-15.2555
-15.1753
-15.077
-14.9595
-14.8216
-14.6624
-14.4813
-14.2773
-14.0499
-13.7987
-13.5232
-13.2233
-12.8989
-12.5505
-12.1785
-11.7839
-11.3677
-10.9315
-10.477
-10.0063
-9.52184
-9.02613
-8.52208
-8.01273
-7.5013
-6.99106
-6.48534
-5.98743
-5.50052
-5.02762
-4.57155
-4.13481
-3.71958
-3.32765
-2.9604
-2.6188
-2.30346
-2.01458
-1.75201
-1.51526
-1.30355
-1.11586
-0.950944
-0.807426
-0.683809
-0.578522
-0.489963
-0.416509
-0.356563
-0.308538
-0.270917
-0.242163
-0.22091
-0.205574
-0.195125
-0.187534
-0.182864
-0.177095
-0.174423
-0.162765
-0.162531
-0.12937
-0.147881
-0.0445545
-0.16004
0.203262
-14.3383
-14.3689
-14.3846
-14.3962
-14.4062
-14.4205
-14.4405
-14.4681
-14.5032
-14.5454
-14.5939
-14.6473
-14.7043
-14.7636
-14.8242
-14.885
-14.9452
-15.0044
-15.062
-15.1176
-15.1707
-15.2208
-15.2674
-15.3101
-15.348
-15.3805
-15.4067
-15.4257
-15.4363
-15.4376
-15.4284
-15.4073
-15.3732
-15.3248
-15.2608
-15.1799
-15.081
-14.9629
-14.8246
-14.6651
-14.4837
-14.2796
-14.0521
-13.8009
-13.5255
-13.2257
-12.9017
-12.5537
-12.1824
-11.7885
-11.3732
-10.9381
-10.4849
-10.0156
-9.53273
-9.03876
-8.5366
-8.02928
-7.51997
-7.01195
-6.50851
-6.01289
-5.52825
-5.05758
-4.60361
-4.16883
-3.75537
-3.36496
-2.99897
-2.65835
-2.34369
-2.05517
-1.79265
-1.55565
-1.3434
-1.1549
-0.988964
-0.844235
-0.719261
-0.612514
-0.52243
-0.447427
-0.385938
-0.33641
-0.297345
-0.267231
-0.244701
-0.228202
-0.216655
-0.208125
-0.202467
-0.196018
-0.192211
-0.180316
-0.177972
-0.145846
-0.158656
-0.0608826
-0.159484
0.182156
-14.3231
-14.3519
-14.3704
-14.3851
-14.3975
-14.4132
-14.4335
-14.4606
-14.4948
-14.5361
-14.5838
-14.6367
-14.6937
-14.7534
-14.8147
-14.8766
-14.9383
-14.9989
-15.0579
-15.1146
-15.1687
-15.2196
-15.2667
-15.3096
-15.3474
-15.3796
-15.4052
-15.4234
-15.4332
-15.4335
-15.4232
-15.4011
-15.3658
-15.3163
-15.2512
-15.1693
-15.0694
-14.9504
-14.8113
-14.6511
-14.4691
-14.2645
-14.0368
-13.7854
-13.51
-13.2105
-12.8868
-12.5395
-12.1689
-11.7761
-11.3622
-10.9286
-10.4772
-10.01
-9.52943
-9.03801
-8.5386
-8.03421
-7.52801
-7.02322
-6.52308
-6.0308
-5.54947
-5.08202
-4.63115
-4.19924
-3.78839
-3.40029
-3.03625
-2.69722
-2.38373
-2.09599
-1.83384
-1.59681
-1.38417
-1.19496
-1.02801
-0.882029
-0.755611
-0.647279
-0.555515
-0.478783
-0.415558
-0.36432
-0.323599
-0.291908
-0.267884
-0.250004
-0.237148
-0.227459
-0.220619
-0.213262
-0.208175
-0.195784
-0.191334
-0.159932
-0.167452
-0.0750196
-0.157789
0.160601
-14.3657
-14.3821
-14.3883
-14.3933
-14.3995
-14.4106
-14.4273
-14.451
-14.4822
-14.521
-14.5667
-14.6184
-14.675
-14.7349
-14.797
-14.86
-14.9228
-14.9846
-15.0445
-15.102
-15.1565
-15.2075
-15.2544
-15.2967
-15.3337
-15.3649
-15.3893
-15.4063
-15.4147
-15.4136
-15.4018
-15.3782
-15.3416
-15.2908
-15.2244
-15.1413
-15.0403
-14.9203
-14.7803
-14.6195
-14.4369
-14.232
-14.0041
-13.7527
-13.4775
-13.1784
-12.8555
-12.5091
-12.1398
-11.7486
-11.3365
-10.9051
-10.4562
-9.99188
-9.5144
-9.02639
-8.53066
-8.0302
-7.5281
-7.02755
-6.53173
-6.04379
-5.56675
-5.10346
-4.65654
-4.22833
-3.82082
-3.43567
-3.07415
-2.73715
-2.42521
-2.13851
-1.87691
-1.63996
-1.42697
-1.237
-1.06895
-0.921587
-0.793554
-0.683434
-0.589767
-0.511067
-0.445854
-0.39265
-0.350013
-0.316486
-0.290715
-0.271204
-0.256801
-0.245713
-0.23748
-0.228984
-0.22246
-0.209341
-0.202765
-0.171844
-0.174386
-0.0871796
-0.154837
0.138862
-14.3205
-14.3473
-14.3633
-14.3755
-14.3841
-14.3951
-14.4098
-14.4308
-14.459
-14.4951
-14.5388
-14.5894
-14.6455
-14.7057
-14.7684
-14.8322
-14.8959
-14.9583
-15.0187
-15.0763
-15.1306
-15.181
-15.2271
-15.2684
-15.3042
-15.3341
-15.3572
-15.3726
-15.3796
-15.377
-15.3638
-15.3388
-15.3008
-15.2487
-15.181
-15.0968
-14.9948
-14.8739
-14.7333
-14.5719
-14.389
-14.1839
-13.956
-13.7048
-13.4302
-13.1319
-12.8101
-12.4651
-12.0976
-11.7085
-11.299
-10.8705
-10.4248
-9.96406
-9.49054
-9.00681
-8.51566
-8.02003
-7.52296
-7.02757
-6.53698
-6.05426
-5.58233
-5.12398
-4.68173
-4.25783
-3.85423
-3.4725
-3.11386
-2.7792
-2.46901
-2.18349
-1.9225
-1.68563
-1.47221
-1.28138
-1.11208
-0.963145
-0.833285
-0.721147
-0.62533
-0.544407
-0.476946
-0.421514
-0.376702
-0.341083
-0.313316
-0.29193
-0.275751
-0.263041
-0.253216
-0.243375
-0.235271
-0.221231
-0.212511
-0.181887
-0.179715
-0.0976431
-0.15075
0.117198
-14.429
-14.4175
-14.4043
-14.3939
-14.3885
-14.3887
-14.3939
-14.4065
-14.4277
-14.4586
-14.4989
-14.5478
-14.6035
-14.664
-14.7274
-14.792
-14.8562
-14.919
-14.9793
-15.0366
-15.0902
-15.1397
-15.1848
-15.2248
-15.2594
-15.288
-15.3097
-15.3238
-15.3295
-15.3256
-15.3111
-15.2848
-15.2456
-15.1923
-15.1236
-15.0384
-14.9356
-14.814
-14.6729
-14.5111
-14.3281
-14.1231
-13.8955
-13.645
-13.3712
-13.0741
-12.7538
-12.4108
-12.0456
-11.6591
-11.2527
-10.8277
-10.386
-9.92955
-9.46073
-8.98207
-8.49629
-8.00628
-7.51502
-7.02556
-6.54093
-6.06411
-5.59793
-5.14509
-4.70801
-4.28886
-3.88951
-3.51147
-3.15594
-2.82373
-2.51537
-2.23103
-1.9706
-1.73371
-1.51975
-1.32789
-1.15717
-1.00646
-0.874566
-0.760188
-0.661994
-0.578615
-0.508673
-0.45078
-0.403563
-0.365628
-0.335647
-0.312176
-0.294023
-0.279499
-0.267914
-0.256558
-0.246759
-0.231647
-0.220779
-0.190306
-0.183666
-0.106607
-0.1457
0.0959225
-14.2867
-14.3299
-14.3455
-14.3536
-14.3501
-14.347
-14.348
-14.3576
-14.3775
-14.4086
-14.4498
-14.4996
-14.5561
-14.6171
-14.6807
-14.745
-14.8086
-14.8705
-14.9298
-14.986
-15.0384
-15.0868
-15.1306
-15.1696
-15.203
-15.2304
-15.2511
-15.264
-15.2684
-15.2633
-15.2476
-15.2202
-15.1799
-15.1255
-15.0559
-14.9699
-14.8664
-14.7443
-14.6028
-14.4409
-14.2579
-14.0532
-13.8262
-13.5765
-13.3039
-13.0084
-12.69
-12.3493
-11.9868
-11.6035
-11.2007
-10.7798
-10.3426
-9.89114
-9.42767
-8.9547
-8.47493
-7.99115
-7.5063
-7.02333
-6.54518
-6.07473
-5.61472
-5.16772
-4.7361
-4.32191
-3.92696
-3.55271
-3.2003
-2.87054
-2.56394
-2.28068
-2.02071
-1.78366
-1.569
-1.37597
-1.20365
-1.051
-0.916891
-0.800095
-0.699343
-0.613329
-0.540725
-0.480193
-0.430393
-0.389967
-0.357604
-0.331884
-0.311604
-0.295119
-0.281646
-0.268647
-0.257071
-0.240776
-0.227778
-0.197339
-0.186479
-0.114256
-0.139925
0.0753307
-14.5806
-14.484
-14.4271
-14.3859
-14.3589
-14.3415
-14.3321
-14.3329
-14.3453
-14.3703
-14.407
-14.4537
-14.508
-14.5674
-14.6297
-14.6929
-14.7555
-14.8163
-14.8746
-14.9296
-14.9809
-15.0281
-15.0708
-15.1086
-15.1409
-15.1671
-15.1865
-15.1982
-15.2014
-15.195
-15.1781
-15.1495
-15.1081
-15.0526
-14.982
-14.8952
-14.791
-14.6684
-14.5266
-14.3646
-14.1818
-13.9776
-13.7513
-13.5027
-13.2315
-12.9378
-12.6217
-12.2836
-11.9243
-11.5446
-11.1459
-10.7295
-10.2973
-9.85125
-9.3936
-8.9268
-8.45348
-7.97637
-7.49831
-7.02216
-6.55078
-6.08693
-5.63325
-5.19222
-4.76609
-4.35687
-3.96628
-3.59572
-3.24632
-2.91887
-2.61389
-2.33157
-2.0719
-1.83456
-1.61907
-1.42473
-1.2507
-1.096
-0.95957
-0.840252
-0.736838
-0.648083
-0.57271
-0.509428
-0.456935
-0.413906
-0.37905
-0.350973
-0.328463
-0.309918
-0.294474
-0.279746
-0.266345
-0.248792
-0.233707
-0.203207
-0.188386
-0.120764
-0.133687
0.0556895
-14.138
-14.2569
-14.2778
-14.2991
-14.2883
-14.2742
-14.2654
-14.2685
-14.2851
-14.315
-14.3547
-14.4035
-14.4585
-14.5175
-14.5789
-14.6408
-14.7021
-14.7616
-14.8185
-14.8724
-14.9226
-14.9687
-15.0103
-15.0468
-15.0778
-15.1027
-15.1206
-15.1309
-15.1326
-15.1248
-15.1065
-15.0765
-15.0338
-14.9771
-14.9055
-14.8177
-14.7128
-14.5897
-14.4475
-14.2855
-14.1029
-13.8992
-13.6738
-13.4264
-13.1569
-12.8652
-12.5516
-12.2164
-11.8605
-11.4848
-11.0905
-10.679
-10.2521
-9.81183
-9.36031
-8.89996
-8.43333
-7.96309
-7.49197
-7.02275
-6.55817
-6.1009
-5.65347
-5.21828
-4.79748
-4.39302
-4.00655
-3.63946
-3.29284
-2.96749
-2.66393
-2.3824
-2.1229
-1.88518
-1.66879
-1.4731
-1.29733
-1.14058
-1.00182
-0.879968
-0.773883
-0.682369
-0.604205
-0.538141
-0.482917
-0.437242
-0.399843
-0.369358
-0.344566
-0.323908
-0.306451
-0.289948
-0.274709
-0.255856
-0.238744
-0.208107
-0.189595
-0.126285
-0.127237
0.0372288
-14.942
-14.5301
-14.4533
-14.3613
-14.2908
-14.2491
-14.2257
-14.22
-14.2306
-14.2557
-14.2952
-14.3441
-14.4006
-14.4616
-14.5246
-14.5877
-14.6494
-14.7088
-14.7652
-14.8181
-14.8671
-14.9119
-14.952
-14.987
-15.0163
-15.0395
-15.0557
-15.0643
-15.0643
-15.0548
-15.0349
-15.0033
-14.9591
-14.9012
-14.8283
-14.7396
-14.6338
-14.5101
-14.3677
-14.2056
-14.0233
-13.8202
-13.5957
-13.3497
-13.0819
-12.7924
-12.4815
-12.1495
-11.7973
-11.4257
-11.0359
-10.6295
-10.2082
-9.77375
-9.32847
-8.87463
-8.4147
-7.95128
-7.48701
-7.02456
-6.56657
-6.11562
-5.67414
-5.24445
-4.82865
-4.4286
-4.04594
-3.68204
-3.33797
-3.01455
-2.71229
-2.43149
-2.17215
-1.93407
-1.71685
-1.5199
-1.3425
-1.18379
-1.04281
-0.918538
-0.809874
-0.715681
-0.634788
-0.565991
-0.50807
-0.459767
-0.419837
-0.386944
-0.359868
-0.337088
-0.317614
-0.299327
-0.282267
-0.262097
-0.243039
-0.212198
-0.190274
-0.130935
-0.120795
0.0201643
)
;

boundaryField
{
    outlet
    {
        type            fixedValue;
        value           uniform 0;
    }
    inlet
    {
        type            zeroGradient;
    }
    lowerWall
    {
        type            zeroGradient;
    }
    upperWall
    {
        type            zeroGradient;
    }
    frontAndBack
    {
        type            empty;
    }
}


// ************************************************************************* //
