/*--------------------------------*- C++ -*----------------------------------*\
| =========                 |                                                 |
| \\      /  F ield         | OpenFOAM: The Open Source CFD Toolbox           |
|  \\    /   O peration     | Version:  2.1.1                                 |
|   \\  /    A nd           | Web:      www.OpenFOAM.org                      |
|    \\/     M anipulation  |                                                 |
\*---------------------------------------------------------------------------*/
FoamFile
{
    version     2.0;
    format      ascii;
    class       volScalarField;
    location    "0.04";
    object      nuSgs;
}
// * * * * * * * * * * * * * * * * * * * * * * * * * * * * * * * * * * * * * //

dimensions      [0 2 -1 0 0 0 0];

internalField   nonuniform List<scalar> 
6820
(
0.000556015
0.000457396
0.00036809
0.000306018
0.000268754
0.000243056
0.000224114
0.0002096
0.000197853
0.000187965
0.000179423
0.000171894
0.000165157
0.000159055
0.000153476
0.000148333
0.000143562
0.000139112
0.000134941
0.000131018
0.000127316
0.000123814
0.000120494
0.000117343
0.000114349
0.000111504
0.000108802
0.000106239
0.000103808
0.000101536
9.93989e-05
9.73178e-05
9.54508e-05
0.000103502
0.000170676
0.000223672
0.000240042
0.000235278
0.000224901
0.000213184
0.000201874
0.000191613
0.000182417
0.000174168
0.000166734
0.000159991
0.000153835
0.000148184
0.000142966
0.000138125
0.000133613
0.000129389
0.00012542
0.000121677
0.000118136
0.000114777
0.000111581
0.000108533
0.000105621
0.000102834
0.000100156
9.75979e-05
9.51033e-05
9.28342e-05
9.03581e-05
8.93558e-05
3.67744e-05
2.84711e-05
4.56423e-05
8.23578e-05
0.000108034
0.000123665
0.000132129
0.000136014
0.000137148
0.0001366
0.000135013
0.000132783
0.000130161
0.00012731
0.000124338
0.000121316
0.000118291
0.000115296
0.00011235
0.000109467
0.000106655
0.000103918
0.000101258
9.86746e-05
9.6166e-05
9.37299e-05
9.13633e-05
8.9062e-05
8.68257e-05
8.46341e-05
8.25113e-05
8.03393e-05
7.83951e-05
2.07369e-05
2.86784e-05
2.65462e-05
1.50557e-05
3.64136e-06
1.39462e-05
2.58299e-05
3.57132e-05
4.36978e-05
5.00565e-05
5.50627e-05
5.89594e-05
6.19474e-05
6.41834e-05
6.58013e-05
6.6911e-05
6.7603e-05
6.79517e-05
6.80182e-05
6.78525e-05
6.74958e-05
6.69819e-05
6.63384e-05
6.55877e-05
6.47482e-05
6.38342e-05
6.28578e-05
6.18263e-05
6.0748e-05
5.9619e-05
5.84545e-05
5.72265e-05
5.60273e-05
1.44217e-05
1.75783e-05
2.25981e-05
2.42946e-05
2.39674e-05
2.1985e-05
1.90859e-05
1.58082e-05
1.23852e-05
8.96729e-06
5.66376e-06
2.56231e-06
7.74802e-07
3.22082e-06
5.66157e-06
7.88126e-06
9.87477e-06
1.16504e-05
1.32203e-05
1.45984e-05
1.57988e-05
1.68353e-05
1.7721e-05
1.84678e-05
1.90865e-05
1.95864e-05
1.99755e-05
2.02595e-05
2.04434e-05
2.05265e-05
2.05114e-05
2.03883e-05
2.01575e-05
1.09225e-05
1.24909e-05
1.38117e-05
1.43211e-05
1.51078e-05
1.57497e-05
1.61302e-05
1.63416e-05
1.63869e-05
1.62706e-05
1.60161e-05
1.56466e-05
1.5185e-05
1.4646e-05
1.40487e-05
1.34111e-05
1.27485e-05
1.20744e-05
1.13997e-05
1.07331e-05
1.00819e-05
9.45161e-06
8.84676e-06
8.27098e-06
7.72724e-06
7.21825e-06
6.7464e-06
6.31469e-06
5.92573e-06
5.58499e-06
5.29553e-06
5.06772e-06
4.90901e-06
8.24818e-06
9.42229e-06
1.02356e-05
1.00308e-05
9.84024e-06
9.66224e-06
9.47975e-06
9.39504e-06
9.39694e-06
9.4412e-06
9.50077e-06
9.55765e-06
9.60045e-06
9.62676e-06
9.63389e-06
9.62068e-06
9.58728e-06
9.5348e-06
9.46483e-06
9.37929e-06
9.28025e-06
9.16987e-06
9.05029e-06
8.92368e-06
8.79219e-06
8.65801e-06
8.52328e-06
8.39058e-06
8.26208e-06
8.14198e-06
8.03208e-06
7.94252e-06
7.8772e-06
6.36602e-06
7.40454e-06
8.20433e-06
8.06366e-06
7.75065e-06
7.40908e-06
7.02989e-06
6.70435e-06
6.45134e-06
6.25031e-06
6.08863e-06
5.95737e-06
5.84773e-06
5.75319e-06
5.66957e-06
5.59384e-06
5.52362e-06
5.45709e-06
5.39297e-06
5.33036e-06
5.26873e-06
5.2078e-06
5.14752e-06
5.08805e-06
5.02969e-06
4.97296e-06
4.91845e-06
4.86712e-06
4.8198e-06
4.77845e-06
4.74382e-06
4.72045e-06
4.70991e-06
5.00738e-06
5.85609e-06
6.53024e-06
6.51923e-06
6.34823e-06
6.13832e-06
5.85321e-06
5.56506e-06
5.31229e-06
5.09124e-06
4.89721e-06
4.72684e-06
4.5754e-06
4.4388e-06
4.31428e-06
4.19974e-06
4.09354e-06
3.9945e-06
3.90171e-06
3.81453e-06
3.73249e-06
3.65524e-06
3.58258e-06
3.51441e-06
3.45073e-06
3.39163e-06
3.33726e-06
3.28794e-06
3.24386e-06
3.20567e-06
3.17328e-06
3.14742e-06
3.12867e-06
4.00378e-06
4.70639e-06
5.29775e-06
5.36296e-06
5.25688e-06
5.10594e-06
4.88738e-06
4.65597e-06
4.44925e-06
4.26635e-06
4.10279e-06
3.95643e-06
3.82427e-06
3.70343e-06
3.59196e-06
3.48848e-06
3.39192e-06
3.30144e-06
3.21642e-06
3.13635e-06
3.06086e-06
2.98965e-06
2.92252e-06
2.85929e-06
2.79985e-06
2.74409e-06
2.69188e-06
2.64307e-06
2.59735e-06
2.55433e-06
2.51308e-06
2.47212e-06
2.4304e-06
3.24635e-06
3.83564e-06
4.35568e-06
4.46104e-06
4.40229e-06
4.29926e-06
4.13598e-06
3.94913e-06
3.77324e-06
3.61266e-06
3.46604e-06
3.3334e-06
3.21343e-06
3.10411e-06
3.00386e-06
2.9114e-06
2.82568e-06
2.74581e-06
2.67109e-06
2.60096e-06
2.53495e-06
2.47269e-06
2.41384e-06
2.3581e-06
2.30513e-06
2.25457e-06
2.20597e-06
2.15875e-06
2.11208e-06
2.06482e-06
2.01534e-06
1.96114e-06
1.89983e-06
2.66196e-06
3.16205e-06
3.62898e-06
3.76813e-06
3.75376e-06
3.68799e-06
3.56316e-06
3.40734e-06
3.2534e-06
3.10966e-06
2.97665e-06
2.85514e-06
2.74465e-06
2.64375e-06
2.55115e-06
2.46581e-06
2.38681e-06
2.31338e-06
2.24484e-06
2.18065e-06
2.12028e-06
2.06329e-06
2.00921e-06
1.95759e-06
1.90789e-06
1.85953e-06
1.81177e-06
1.76367e-06
1.71402e-06
1.66123e-06
1.60322e-06
1.53714e-06
1.45988e-06
2.20099e-06
2.63318e-06
3.06092e-06
3.22388e-06
3.2436e-06
3.20691e-06
3.11431e-06
2.9879e-06
2.85634e-06
2.72946e-06
2.6092e-06
2.49723e-06
2.39409e-06
2.2992e-06
2.2118e-06
2.13116e-06
2.05656e-06
1.98731e-06
1.92278e-06
1.86237e-06
1.80553e-06
1.7517e-06
1.70032e-06
1.6508e-06
1.60246e-06
1.55451e-06
1.506e-06
1.45578e-06
1.40238e-06
1.34398e-06
1.27831e-06
1.20274e-06
1.11342e-06
1.8298e-06
2.21139e-06
2.61015e-06
2.79182e-06
2.84107e-06
2.83016e-06
2.7646e-06
2.66258e-06
2.54924e-06
2.43579e-06
2.32578e-06
2.2217e-06
2.12484e-06
2.03518e-06
1.95229e-06
1.87564e-06
1.80462e-06
1.73863e-06
1.67704e-06
1.61927e-06
1.56473e-06
1.51283e-06
1.46294e-06
1.41436e-06
1.36632e-06
1.31792e-06
1.26808e-06
1.21553e-06
1.15875e-06
1.09586e-06
1.02464e-06
9.42797e-07
8.4605e-07
1.52492e-06
1.87032e-06
2.24854e-06
2.44566e-06
2.51965e-06
2.53026e-06
2.48669e-06
2.40525e-06
2.30821e-06
2.20726e-06
2.10695e-06
2.0103e-06
1.91907e-06
1.83377e-06
1.75435e-06
1.68051e-06
1.61186e-06
1.54788e-06
1.48804e-06
1.43178e-06
1.3785e-06
1.32758e-06
1.27835e-06
1.23007e-06
1.18192e-06
1.13296e-06
1.08209e-06
1.02805e-06
9.69402e-07
9.04466e-07
8.31294e-07
7.48107e-07
6.51027e-07
1.26967e-06
1.59111e-06
1.95561e-06
2.166e-06
2.26125e-06
2.29097e-06
2.26659e-06
2.20322e-06
2.12061e-06
2.03051e-06
1.93837e-06
1.84775e-06
1.76096e-06
1.67899e-06
1.60212e-06
1.53031e-06
1.4633e-06
1.40068e-06
1.34198e-06
1.28666e-06
1.23414e-06
1.18381e-06
1.13499e-06
1.08695e-06
1.03888e-06
9.89901e-07
9.39009e-07
8.85118e-07
8.2704e-07
7.63543e-07
6.93368e-07
6.15986e-07
5.29266e-07
1.05198e-06
1.36021e-06
1.71685e-06
1.93914e-06
2.05293e-06
2.09965e-06
2.09188e-06
2.04407e-06
1.97412e-06
1.89366e-06
1.80885e-06
1.72371e-06
1.64093e-06
1.56186e-06
1.4871e-06
1.41681e-06
1.3509e-06
1.28909e-06
1.23099e-06
1.17613e-06
1.12399e-06
1.074e-06
1.02554e-06
9.77948e-07
9.30511e-07
8.8248e-07
8.3308e-07
7.81537e-07
7.27155e-07
6.69436e-07
6.08242e-07
5.44762e-07
4.80059e-07
8.63063e-07
1.16802e-06
1.52188e-06
1.75513e-06
1.88525e-06
1.94729e-06
1.95433e-06
1.9204e-06
1.86189e-06
1.79022e-06
1.71199e-06
1.63165e-06
1.55222e-06
1.47545e-06
1.40221e-06
1.33292e-06
1.26765e-06
1.20627e-06
1.14849e-06
1.09393e-06
1.04214e-06
9.92641e-07
9.449e-07
8.98374e-07
8.52517e-07
8.06802e-07
7.60768e-07
7.14081e-07
6.66666e-07
6.18881e-07
5.7181e-07
5.28052e-07
4.90806e-07
6.96614e-07
1.00804e-06
1.36346e-06
1.60696e-06
1.75157e-06
1.8275e-06
1.84786e-06
1.82629e-06
1.77805e-06
1.71427e-06
1.64193e-06
1.56585e-06
1.48935e-06
1.4145e-06
1.34247e-06
1.27387e-06
1.20897e-06
1.14777e-06
1.0901e-06
1.0357e-06
9.84244e-07
9.35344e-07
8.88618e-07
8.43683e-07
8.00199e-07
7.57903e-07
7.1667e-07
6.76599e-07
6.38149e-07
6.02285e-07
5.70724e-07
5.46197e-07
5.31866e-07
5.4863e-07
8.76513e-07
1.23682e-06
1.48982e-06
1.64728e-06
1.73579e-06
1.7682e-06
1.7578e-06
1.71891e-06
1.66241e-06
1.59552e-06
1.52337e-06
1.44955e-06
1.37642e-06
1.30541e-06
1.23737e-06
1.17274e-06
1.11168e-06
1.05417e-06
1.00006e-06
9.49167e-07
9.01233e-07
8.56027e-07
8.13342e-07
7.73042e-07
7.35108e-07
6.99693e-07
6.67193e-07
6.38351e-07
6.14297e-07
5.96692e-07
5.87562e-07
5.89134e-07
4.1812e-07
7.72257e-07
1.13918e-06
1.40064e-06
1.56935e-06
1.66918e-06
1.7125e-06
1.71214e-06
1.68171e-06
1.63177e-06
1.56971e-06
1.50093e-06
1.42927e-06
1.35737e-06
1.2869e-06
1.21895e-06
1.15415e-06
1.09282e-06
1.03509e-06
9.80958e-07
9.3036e-07
8.83193e-07
8.39361e-07
7.98813e-07
7.61572e-07
7.27777e-07
6.97725e-07
6.71906e-07
6.51058e-07
6.36117e-07
6.28322e-07
6.28813e-07
6.39079e-07
3.1024e-07
6.96654e-07
1.06942e-06
1.33779e-06
1.51612e-06
1.62605e-06
1.67924e-06
1.68803e-06
1.66539e-06
1.62164e-06
1.56425e-06
1.49883e-06
1.42945e-06
1.35898e-06
1.28932e-06
1.22176e-06
1.15708e-06
1.09578e-06
1.03812e-06
9.84239e-07
9.34186e-07
8.87985e-07
8.4566e-07
8.07271e-07
7.7294e-07
7.42878e-07
7.17406e-07
6.96958e-07
6.8211e-07
6.73489e-07
6.71882e-07
6.77828e-07
6.92214e-07
2.44441e-07
6.5312e-07
1.02769e-06
1.30076e-06
1.48692e-06
1.60557e-06
1.66742e-06
1.68418e-06
1.66823e-06
1.62961e-06
1.57585e-06
1.51273e-06
1.44455e-06
1.37441e-06
1.30446e-06
1.23618e-06
1.17056e-06
1.10825e-06
1.04966e-06
9.95045e-07
9.44561e-07
8.98326e-07
8.56442e-07
8.19025e-07
7.86225e-07
7.58244e-07
7.35338e-07
7.17813e-07
7.06034e-07
7.00327e-07
7.01125e-07
7.08492e-07
7.23089e-07
2.53086e-07
6.45688e-07
1.01506e-06
1.2901e-06
1.4823e-06
1.60857e-06
1.67837e-06
1.70272e-06
1.69345e-06
1.66032e-06
1.61083e-06
1.55085e-06
1.48482e-06
1.41601e-06
1.34672e-06
1.2786e-06
1.21278e-06
1.15005e-06
1.09093e-06
1.03578e-06
9.8485e-07
9.38325e-07
8.96362e-07
8.59102e-07
8.26697e-07
7.99305e-07
7.77101e-07
7.60264e-07
7.48983e-07
7.43393e-07
7.43687e-07
7.49813e-07
7.62043e-07
3.3456e-07
6.76875e-07
1.03312e-06
1.30696e-06
1.50306e-06
1.63511e-06
1.71096e-06
1.74077e-06
1.73582e-06
1.70566e-06
1.65784e-06
1.59838e-06
1.53195e-06
1.46202e-06
1.39111e-06
1.32104e-06
1.2531e-06
1.18819e-06
1.12691e-06
1.0697e-06
1.01684e-06
9.68545e-07
9.24973e-07
8.86247e-07
8.52476e-07
8.23755e-07
8.00167e-07
7.81776e-07
7.68637e-07
7.6073e-07
7.58095e-07
7.6047e-07
7.68142e-07
4.59017e-07
7.46414e-07
1.0836e-06
1.3537e-06
1.55259e-06
1.69042e-06
1.77325e-06
1.81018e-06
1.81186e-06
1.78739e-06
1.74411e-06
1.68798e-06
1.62369e-06
1.55482e-06
1.48403e-06
1.4133e-06
1.34404e-06
1.27729e-06
1.21379e-06
1.15405e-06
1.09844e-06
1.04721e-06
1.00055e-06
9.58568e-07
9.21363e-07
8.88986e-07
8.61468e-07
8.3881e-07
8.21001e-07
8.07987e-07
7.99728e-07
7.96139e-07
7.97039e-07
6.11304e-07
8.5321e-07
1.16889e-06
1.4326e-06
1.63117e-06
1.77082e-06
1.85556e-06
1.89366e-06
1.89554e-06
1.87035e-06
1.8256e-06
1.76742e-06
1.7007e-06
1.62912e-06
1.55545e-06
1.48171e-06
1.40935e-06
1.33942e-06
1.27264e-06
1.20951e-06
1.15039e-06
1.09549e-06
1.04496e-06
9.98874e-07
9.57283e-07
9.20189e-07
8.87572e-07
8.59386e-07
8.35577e-07
8.16039e-07
8.00701e-07
7.89362e-07
7.82015e-07
7.88586e-07
9.9564e-07
1.29103e-06
1.54919e-06
1.75055e-06
1.89779e-06
1.99218e-06
2.04016e-06
2.05097e-06
2.03299e-06
1.99333e-06
1.93809e-06
1.87229e-06
1.79988e-06
1.7239e-06
1.64667e-06
1.56991e-06
1.49487e-06
1.42244e-06
1.35324e-06
1.28769e-06
1.22605e-06
1.16848e-06
1.11505e-06
1.06578e-06
1.02066e-06
9.79628e-07
9.42632e-07
9.09595e-07
8.80461e-07
8.5513e-07
8.33762e-07
8.15618e-07
9.95686e-07
1.17919e-06
1.45725e-06
1.70559e-06
1.89971e-06
2.04006e-06
2.12717e-06
2.16796e-06
2.1724e-06
2.14923e-06
2.10555e-06
2.04724e-06
1.97902e-06
1.90454e-06
1.82656e-06
1.74717e-06
1.66794e-06
1.59e-06
1.51419e-06
1.44108e-06
1.37108e-06
1.30442e-06
1.24127e-06
1.18167e-06
1.12565e-06
1.07315e-06
1.02414e-06
9.78518e-07
9.36224e-07
8.9717e-07
8.61261e-07
8.28515e-07
7.98492e-07
1.23673e-06
1.40038e-06
1.6674e-06
1.91941e-06
2.12923e-06
2.29158e-06
2.40051e-06
2.45902e-06
2.47559e-06
2.45881e-06
2.41636e-06
2.35514e-06
2.28092e-06
2.19829e-06
2.11077e-06
2.02099e-06
1.93091e-06
1.8419e-06
1.75493e-06
1.67063e-06
1.58941e-06
1.51151e-06
1.43701e-06
1.36596e-06
1.29829e-06
1.23395e-06
1.17283e-06
1.11484e-06
1.05989e-06
1.00793e-06
9.58813e-07
9.12991e-07
8.68888e-07
1.53252e-06
1.69345e-06
1.94885e-06
2.1757e-06
2.35275e-06
2.48319e-06
2.56652e-06
2.6083e-06
2.61693e-06
2.59898e-06
2.55963e-06
2.50356e-06
2.43493e-06
2.35719e-06
2.27326e-06
2.18548e-06
2.09577e-06
2.0056e-06
1.91608e-06
1.82804e-06
1.74202e-06
1.65841e-06
1.5774e-06
1.49909e-06
1.42349e-06
1.35054e-06
1.28018e-06
1.21229e-06
1.14679e-06
1.0836e-06
1.02256e-06
9.63877e-07
9.0635e-07
1.87493e-06
2.0143e-06
2.28649e-06
2.56947e-06
2.81884e-06
3.01265e-06
3.13644e-06
3.19504e-06
3.20217e-06
3.17044e-06
3.1102e-06
3.03005e-06
2.93668e-06
2.835e-06
2.7285e-06
2.61969e-06
2.51035e-06
2.4017e-06
2.29459e-06
2.18959e-06
2.08707e-06
1.98725e-06
1.89023e-06
1.79602e-06
1.70459e-06
1.61588e-06
1.52979e-06
1.44624e-06
1.36516e-06
1.28656e-06
1.21025e-06
1.13694e-06
1.06412e-06
2.3591e-06
2.53106e-06
2.74867e-06
2.90758e-06
3.03698e-06
3.15708e-06
3.25629e-06
3.32606e-06
3.36445e-06
3.37092e-06
3.34708e-06
3.29703e-06
3.22577e-06
3.13817e-06
3.03864e-06
2.93092e-06
2.81809e-06
2.70254e-06
2.58606e-06
2.46997e-06
2.3552e-06
2.24234e-06
2.13178e-06
2.02371e-06
1.91819e-06
1.81522e-06
1.71475e-06
1.6167e-06
1.52103e-06
1.42778e-06
1.33687e-06
1.24889e-06
1.16198e-06
2.83889e-06
2.9705e-06
3.38757e-06
3.8218e-06
4.15093e-06
4.3549e-06
4.44334e-06
4.44738e-06
4.39695e-06
4.3103e-06
4.19862e-06
4.0699e-06
3.92969e-06
3.78181e-06
3.62923e-06
3.47437e-06
3.31924e-06
3.16547e-06
3.01436e-06
2.86689e-06
2.72374e-06
2.58534e-06
2.45191e-06
2.32347e-06
2.19993e-06
2.0811e-06
1.96672e-06
1.85658e-06
1.75047e-06
1.64837e-06
1.55012e-06
1.45693e-06
1.36571e-06
3.88374e-06
4.0061e-06
3.9427e-06
3.89248e-06
4.01928e-06
4.25039e-06
4.46184e-06
4.60419e-06
4.67435e-06
4.68214e-06
4.64392e-06
4.57759e-06
4.49758e-06
4.41384e-06
4.33255e-06
4.25688e-06
4.18789e-06
4.12532e-06
4.06823e-06
4.01544e-06
3.96573e-06
3.91801e-06
3.87137e-06
3.82505e-06
3.77845e-06
3.73108e-06
3.68257e-06
3.63263e-06
3.58115e-06
3.52821e-06
3.47406e-06
3.42056e-06
3.36575e-06
4.34952e-06
4.95038e-06
5.95244e-06
6.45204e-06
6.58014e-06
6.56612e-06
6.56255e-06
6.67288e-06
6.9263e-06
7.29144e-06
7.71951e-06
8.16697e-06
8.60066e-06
8.99842e-06
9.34764e-06
9.64268e-06
9.88246e-06
1.00689e-05
1.02055e-05
1.02968e-05
1.03476e-05
1.03626e-05
1.03462e-05
1.03026e-05
1.02354e-05
1.01476e-05
1.00418e-05
9.92013e-06
9.78434e-06
9.6356e-06
9.47572e-06
9.30709e-06
9.13065e-06
7.54513e-06
5.82461e-06
4.65334e-06
6.25687e-06
8.98501e-06
1.16885e-05
1.40123e-05
1.58966e-05
1.73417e-05
1.83625e-05
1.89966e-05
1.92921e-05
1.92989e-05
1.90662e-05
1.86405e-05
1.80642e-05
1.73744e-05
1.66025e-05
1.57751e-05
1.49136e-05
1.40353e-05
1.31535e-05
1.22785e-05
1.14178e-05
1.05768e-05
9.75876e-06
8.96561e-06
8.19752e-06
7.45405e-06
6.73158e-06
6.03085e-06
5.3404e-06
4.67545e-06
8.58179e-06
1.47362e-05
1.88388e-05
2.12397e-05
2.23276e-05
2.1857e-05
2.0005e-05
1.72245e-05
1.39833e-05
1.08998e-05
8.97108e-06
9.27304e-06
1.15798e-05
1.48067e-05
1.82652e-05
2.16511e-05
2.48323e-05
2.77525e-05
3.03917e-05
3.27495e-05
3.48362e-05
3.66673e-05
3.82616e-05
3.96385e-05
4.08176e-05
4.18177e-05
4.26569e-05
4.3353e-05
4.39231e-05
4.43886e-05
4.47649e-05
4.51104e-05
4.54142e-05
3.46333e-05
3.72123e-05
4.66448e-05
6.17564e-05
7.74437e-05
9.28181e-05
0.00010718
0.000119825
0.000130566
0.000139449
0.000146588
0.000152146
0.000156311
0.000159269
0.000161195
0.000162248
0.00016257
0.000162283
0.000161493
0.000160293
0.000158758
0.000156954
0.000154936
0.000152747
0.000150427
0.000148005
0.000145507
0.000142951
0.000140354
0.000137721
0.000135054
0.000132443
0.000129898
0.00060844
0.000582496
0.000556871
0.000530407
0.000504406
0.000479188
0.000454793
0.000431492
0.000409464
0.000388765
0.000369409
0.00035138
0.000334629
0.000319085
0.00030467
0.000291297
0.000278883
0.000267341
0.000256594
0.000246566
0.000237188
0.000228397
0.000220136
0.000212354
0.000205005
0.000198047
0.000191442
0.000185154
0.000179144
0.000173392
0.000167766
0.000162805
0.000158283
8.52148e-05
8.0128e-05
7.85726e-05
8.35038e-05
9.3601e-05
0.000104766
0.000110946
0.000105409
8.17071e-05
6.83233e-05
6.48537e-05
5.90647e-05
5.1766e-05
4.49072e-05
3.91682e-05
3.45157e-05
3.03463e-05
2.58676e-05
2.0547e-05
1.47001e-05
8.53143e-06
1.04143e-05
2.02518e-05
1.80153e-05
9.48187e-06
1.86522e-05
1.68489e-05
1.86724e-05
2.81003e-05
3.08396e-05
2.81257e-05
2.45064e-05
2.17328e-05
1.96145e-05
1.77978e-05
1.61545e-05
1.46589e-05
1.32992e-05
1.20612e-05
1.09329e-05
9.90555e-06
8.97109e-06
8.12138e-06
7.34804e-06
6.64296e-06
5.9988e-06
5.40942e-06
4.87012e-06
4.37694e-06
3.92529e-06
3.50901e-06
3.12129e-06
2.75813e-06
2.42204e-06
2.12235e-06
1.8703e-06
1.67113e-06
1.51921e-06
1.40033e-06
1.29858e-06
1.20237e-06
1.10707e-06
1.0142e-06
9.28192e-07
8.52609e-07
7.877e-07
7.30383e-07
6.76133e-07
6.21369e-07
5.64907e-07
5.07971e-07
4.53088e-07
4.02697e-07
3.58248e-07
3.2001e-07
2.87432e-07
2.59646e-07
2.3584e-07
2.15427e-07
1.9791e-07
1.83083e-07
1.70586e-07
1.60135e-07
1.51431e-07
1.44195e-07
1.38179e-07
1.33198e-07
1.29096e-07
1.25795e-07
1.23182e-07
1.21301e-07
1.19869e-07
1.19291e-07
1.1846e-07
1.19464e-07
1.17723e-07
1.224e-07
1.14793e-07
1.31047e-07
1.12095e-07
0.000113594
0.000105439
9.85056e-05
9.5664e-05
9.79799e-05
0.000104244
0.00011226
0.000120029
0.000117918
9.00811e-05
6.70315e-05
6.02339e-05
5.47408e-05
4.73132e-05
4.02793e-05
3.45613e-05
2.97221e-05
2.49481e-05
1.99415e-05
1.51171e-05
1.37284e-05
2.05112e-05
2.10754e-05
7.31334e-06
1.55243e-05
1.81613e-05
1.47381e-05
2.52103e-05
3.17181e-05
3.06795e-05
2.69402e-05
2.36849e-05
2.12977e-05
1.93662e-05
1.76461e-05
1.60712e-05
1.46278e-05
1.33058e-05
1.20948e-05
1.09867e-05
9.97405e-06
9.04954e-06
8.20544e-06
7.43407e-06
6.72813e-06
6.08102e-06
5.48718e-06
4.94237e-06
4.44311e-06
3.98529e-06
3.56307e-06
3.16972e-06
2.80101e-06
2.45923e-06
2.15395e-06
1.89729e-06
1.69555e-06
1.54347e-06
1.42611e-06
1.32607e-06
1.23047e-06
1.13406e-06
1.03852e-06
9.48986e-07
8.69851e-07
8.02013e-07
7.42649e-07
6.87133e-07
6.31571e-07
5.74449e-07
5.16766e-07
4.60984e-07
4.096e-07
3.64161e-07
3.25026e-07
2.9168e-07
2.63253e-07
2.38921e-07
2.18056e-07
2.00245e-07
1.85095e-07
1.72293e-07
1.61568e-07
1.52623e-07
1.45194e-07
1.39049e-07
1.33973e-07
1.29795e-07
1.2639e-07
1.23596e-07
1.21439e-07
1.19623e-07
1.18572e-07
1.17215e-07
1.1766e-07
1.15344e-07
1.19515e-07
1.1109e-07
1.27172e-07
1.06614e-07
0.000101739
9.91156e-05
9.5047e-05
9.25358e-05
9.3318e-05
9.73152e-05
0.000103221
0.000109335
0.0001159
0.000114831
9.20531e-05
6.51166e-05
5.29802e-05
4.8683e-05
4.36656e-05
3.77767e-05
3.22135e-05
2.74055e-05
2.35003e-05
2.14694e-05
2.33558e-05
2.21905e-05
7.91957e-06
1.22801e-05
1.91459e-05
1.268e-05
2.1373e-05
3.15719e-05
3.29146e-05
2.94682e-05
2.57243e-05
2.29907e-05
2.09275e-05
1.91459e-05
1.7509e-05
1.59953e-05
1.46001e-05
1.33151e-05
1.21326e-05
1.10459e-05
1.00487e-05
9.13419e-06
8.2956e-06
7.52616e-06
6.81939e-06
6.16935e-06
5.57105e-06
5.02069e-06
4.51521e-06
4.05097e-06
3.62246e-06
3.22305e-06
2.84827e-06
2.50012e-06
2.1884e-06
1.92616e-06
1.72094e-06
1.56809e-06
1.45203e-06
1.35388e-06
1.25923e-06
1.16201e-06
1.06391e-06
9.70736e-07
8.87794e-07
8.16715e-07
7.55021e-07
6.98043e-07
6.41593e-07
5.83824e-07
5.25506e-07
4.69027e-07
4.16935e-07
3.7087e-07
3.31261e-07
2.97611e-07
2.69022e-07
2.44624e-07
2.23751e-07
2.05929e-07
1.90768e-07
1.7801e-07
1.6731e-07
1.58412e-07
1.51049e-07
1.44989e-07
1.40026e-07
1.35986e-07
1.32741e-07
1.30116e-07
1.28118e-07
1.26435e-07
1.25481e-07
1.24177e-07
1.24631e-07
1.22295e-07
1.26389e-07
1.17878e-07
1.33955e-07
1.13109e-07
7.28233e-05
7.13258e-05
6.8945e-05
6.76262e-05
6.8835e-05
7.29117e-05
7.93624e-05
8.69975e-05
9.46542e-05
0.000102872
0.000104503
8.99206e-05
6.5935e-05
4.7812e-05
4.03034e-05
3.7201e-05
3.42304e-05
3.10282e-05
2.79591e-05
2.50169e-05
1.90578e-05
6.12255e-06
1.46459e-05
2.11139e-05
1.22579e-05
1.76151e-05
3.08969e-05
3.46941e-05
3.18859e-05
2.77731e-05
2.46549e-05
2.24319e-05
2.05971e-05
1.89193e-05
1.73555e-05
1.5904e-05
1.45595e-05
1.33145e-05
1.2163e-05
1.10998e-05
1.01195e-05
9.21627e-06
8.38426e-06
7.61765e-06
6.91079e-06
6.25842e-06
5.65609e-06
5.10045e-06
4.58889e-06
4.11821e-06
3.68332e-06
3.27766e-06
2.89654e-06
2.54167e-06
2.22304e-06
1.95468e-06
1.74554e-06
1.59178e-06
1.47733e-06
1.38173e-06
1.28885e-06
1.19154e-06
1.09138e-06
9.94803e-07
9.08067e-07
8.33619e-07
7.69411e-07
7.1077e-07
6.53228e-07
5.94587e-07
5.35365e-07
4.77861e-07
4.24668e-07
3.77531e-07
3.3696e-07
3.02497e-07
2.73232e-07
2.48264e-07
2.26894e-07
2.0863e-07
1.93112e-07
1.80034e-07
1.69047e-07
1.59913e-07
1.52359e-07
1.46149e-07
1.4108e-07
1.36964e-07
1.33672e-07
1.31025e-07
1.29026e-07
1.27351e-07
1.2643e-07
1.25138e-07
1.25651e-07
1.23294e-07
1.27505e-07
1.18832e-07
1.35215e-07
1.13989e-07
2.62997e-05
2.55394e-05
2.45276e-05
2.4902e-05
2.76519e-05
3.24755e-05
3.86721e-05
4.61852e-05
5.51572e-05
6.56589e-05
7.73258e-05
8.4801e-05
8.12322e-05
6.73841e-05
5.06933e-05
3.73605e-05
2.86813e-05
2.2619e-05
1.73745e-05
1.37068e-05
1.6596e-05
2.45882e-05
2.4614e-05
1.17653e-05
1.51558e-05
3.05655e-05
3.61167e-05
3.40017e-05
2.97086e-05
2.62491e-05
2.38538e-05
2.19675e-05
2.02666e-05
1.86737e-05
1.71855e-05
1.5799e-05
1.45068e-05
1.33035e-05
1.21848e-05
1.11466e-05
1.01846e-05
9.29377e-06
8.46941e-06
7.70659e-06
7.00048e-06
6.34647e-06
5.74065e-06
5.18015e-06
4.66278e-06
4.18584e-06
3.74461e-06
3.33268e-06
2.94512e-06
2.58336e-06
2.2575e-06
1.98253e-06
1.76891e-06
1.61388e-06
1.50102e-06
1.40828e-06
1.31769e-06
1.22083e-06
1.11896e-06
1.01911e-06
9.28499e-07
8.5049e-07
7.83547e-07
7.23064e-07
6.64331e-07
6.04806e-07
5.44752e-07
4.86363e-07
4.32268e-07
3.84307e-07
3.43071e-07
3.08127e-07
2.78548e-07
2.53391e-07
2.31914e-07
2.13598e-07
1.9804e-07
1.84896e-07
1.73913e-07
1.64765e-07
1.57214e-07
1.51018e-07
1.45979e-07
1.41903e-07
1.38662e-07
1.36072e-07
1.34137e-07
1.32523e-07
1.31673e-07
1.30429e-07
1.31024e-07
1.28672e-07
1.33006e-07
1.24199e-07
1.40995e-07
1.19487e-07
6.57323e-06
7.27057e-06
8.1468e-06
8.79007e-06
8.94573e-06
8.70261e-06
8.97106e-06
1.18227e-05
1.79506e-05
2.60882e-05
3.57503e-05
4.70287e-05
5.74811e-05
6.26699e-05
6.08402e-05
5.42235e-05
4.63783e-05
3.98039e-05
3.63915e-05
3.5565e-05
3.34731e-05
2.44727e-05
7.43756e-06
1.62994e-05
3.18159e-05
3.75048e-05
3.56452e-05
3.13091e-05
2.76542e-05
2.5138e-05
2.3219e-05
2.15134e-05
1.99127e-05
1.84092e-05
1.7001e-05
1.56807e-05
1.44425e-05
1.32827e-05
1.21985e-05
1.11868e-05
1.02442e-05
9.36708e-06
8.55151e-06
7.79349e-06
7.08895e-06
6.43398e-06
5.8252e-06
5.26022e-06
4.7373e-06
4.2542e-06
3.80663e-06
3.38834e-06
2.99421e-06
2.62532e-06
2.29187e-06
2.0098e-06
1.7912e-06
1.63459e-06
1.52342e-06
1.43406e-06
1.34649e-06
1.25079e-06
1.14776e-06
1.0449e-06
9.50457e-07
8.68772e-07
7.98912e-07
7.36402e-07
6.76312e-07
6.1576e-07
5.54726e-07
4.95283e-07
4.4008e-07
3.91049e-07
3.48866e-07
3.13137e-07
2.82924e-07
2.5725e-07
2.35337e-07
2.16638e-07
2.0075e-07
1.87341e-07
1.76139e-07
1.66807e-07
1.59107e-07
1.52798e-07
1.47676e-07
1.43544e-07
1.40268e-07
1.37657e-07
1.35719e-07
1.34103e-07
1.3327e-07
1.3202e-07
1.32656e-07
1.30248e-07
1.34696e-07
1.25651e-07
1.42845e-07
1.20809e-07
1.05788e-05
1.11619e-05
1.16025e-05
1.14281e-05
1.03297e-05
8.23261e-06
5.20319e-06
2.86475e-06
6.46662e-06
1.23529e-05
1.78913e-05
2.19635e-05
2.5521e-05
3.03865e-05
3.55243e-05
3.85753e-05
3.87055e-05
3.65455e-05
3.23387e-05
2.44062e-05
1.14403e-05
6.02868e-06
2.34263e-05
3.52048e-05
3.88542e-05
3.65322e-05
3.22731e-05
2.86917e-05
2.62046e-05
2.43088e-05
2.26227e-05
2.10344e-05
1.95374e-05
1.813e-05
1.68035e-05
1.55504e-05
1.43674e-05
1.32525e-05
1.22041e-05
1.12202e-05
1.02984e-05
9.43622e-06
8.63057e-06
7.87834e-06
7.17621e-06
6.52094e-06
5.90974e-06
5.34067e-06
4.81246e-06
4.32332e-06
3.86942e-06
3.44469e-06
3.04386e-06
2.66765e-06
2.32628e-06
2.03661e-06
1.81244e-06
1.65383e-06
1.54426e-06
1.45861e-06
1.37466e-06
1.28076e-06
1.17704e-06
1.07142e-06
9.7314e-07
8.87613e-07
8.14604e-07
7.49841e-07
6.88223e-07
6.26536e-07
5.64482e-07
5.03997e-07
4.47744e-07
3.97744e-07
3.54757e-07
3.18424e-07
2.87794e-07
2.61848e-07
2.39764e-07
2.20964e-07
2.05024e-07
1.91596e-07
1.80354e-07
1.71034e-07
1.63359e-07
1.57086e-07
1.52015e-07
1.47944e-07
1.44738e-07
1.42202e-07
1.40343e-07
1.38799e-07
1.38048e-07
1.36851e-07
1.37574e-07
1.35167e-07
1.3975e-07
1.30541e-07
1.48193e-07
1.25787e-07
6.34282e-06
6.66717e-06
6.87762e-06
6.71015e-06
6.0377e-06
4.97868e-06
4.09968e-06
4.4979e-06
6.69378e-06
1.04934e-05
1.55513e-05
2.06895e-05
2.40479e-05
2.44964e-05
2.26342e-05
1.99479e-05
1.73653e-05
1.48785e-05
1.33299e-05
1.64944e-05
2.47978e-05
3.35938e-05
3.88444e-05
3.9222e-05
3.62012e-05
3.23236e-05
2.91887e-05
2.69514e-05
2.51711e-05
2.35437e-05
2.19944e-05
2.05292e-05
1.91479e-05
1.78392e-05
1.65941e-05
1.54087e-05
1.42819e-05
1.32132e-05
1.22018e-05
1.1247e-05
1.03474e-05
9.50137e-06
8.70679e-06
7.96132e-06
7.26243e-06
6.60755e-06
5.99445e-06
5.42169e-06
4.88843e-06
4.39338e-06
3.93313e-06
3.50186e-06
3.09417e-06
2.71042e-06
2.36079e-06
2.06301e-06
1.83269e-06
1.6716e-06
1.56357e-06
1.482e-06
1.40236e-06
1.311e-06
1.20721e-06
1.09916e-06
9.97129e-07
9.0766e-07
8.31312e-07
7.64095e-07
7.00773e-07
6.37814e-07
5.74622e-07
5.12983e-07
4.55555e-07
4.04438e-07
3.60477e-07
3.23354e-07
2.92105e-07
2.65675e-07
2.43199e-07
2.2407e-07
2.07849e-07
1.94188e-07
1.82771e-07
1.73318e-07
1.65541e-07
1.59202e-07
1.54092e-07
1.50004e-07
1.46802e-07
1.4428e-07
1.4245e-07
1.40933e-07
1.40224e-07
1.39044e-07
1.39828e-07
1.37382e-07
1.42101e-07
1.32659e-07
1.50751e-07
1.27796e-07
4.1778e-06
4.31954e-06
4.3715e-06
4.20449e-06
3.81979e-06
3.50622e-06
3.87701e-06
5.25574e-06
7.3537e-06
9.92764e-06
1.31109e-05
1.71885e-05
2.18867e-05
2.61622e-05
2.90343e-05
3.04044e-05
3.09804e-05
3.18781e-05
3.377e-05
3.63249e-05
3.84244e-05
3.88243e-05
3.71862e-05
3.43069e-05
3.13807e-05
2.90624e-05
2.72794e-05
2.57177e-05
2.42083e-05
2.27407e-05
2.13415e-05
2.0015e-05
1.87505e-05
1.7538e-05
1.63735e-05
1.52563e-05
1.41866e-05
1.3165e-05
1.2192e-05
1.12675e-05
1.03914e-05
9.56276e-06
8.78035e-06
8.04263e-06
7.3478e-06
6.69398e-06
6.07952e-06
5.50346e-06
4.96541e-06
4.46454e-06
3.99792e-06
3.56e-06
3.14528e-06
2.75378e-06
2.39555e-06
2.08917e-06
1.85208e-06
1.68798e-06
1.5813e-06
1.50409e-06
1.42936e-06
1.34127e-06
1.23798e-06
1.12785e-06
1.02213e-06
9.28596e-07
8.48679e-07
7.78758e-07
7.13517e-07
6.49128e-07
5.847e-07
5.21855e-07
4.63238e-07
4.11027e-07
3.6615e-07
3.28328e-07
2.96587e-07
2.69826e-07
2.47137e-07
2.27876e-07
2.11584e-07
1.979e-07
1.86495e-07
1.77067e-07
1.6934e-07
1.63081e-07
1.58047e-07
1.54052e-07
1.50949e-07
1.48528e-07
1.46801e-07
1.45378e-07
1.4477e-07
1.43659e-07
1.44546e-07
1.4211e-07
1.46988e-07
1.37371e-07
1.55964e-07
1.32573e-07
3.18523e-06
3.19433e-06
3.11282e-06
2.8842e-06
2.58005e-06
2.57201e-06
3.35318e-06
4.91656e-06
6.98584e-06
9.34076e-06
1.18484e-05
1.4549e-05
1.7645e-05
2.11884e-05
2.48362e-05
2.80945e-05
3.06668e-05
3.25871e-05
3.3889e-05
3.44396e-05
3.40705e-05
3.28836e-05
3.12881e-05
2.9724e-05
2.83645e-05
2.71183e-05
2.58521e-05
2.45351e-05
2.32117e-05
2.19255e-05
2.06894e-05
1.94982e-05
1.8345e-05
1.72264e-05
1.61424e-05
1.50937e-05
1.40818e-05
1.31084e-05
1.21749e-05
1.12822e-05
1.04307e-05
9.62068e-06
8.85153e-06
8.12253e-06
7.43259e-06
6.78051e-06
6.16522e-06
5.58625e-06
5.04365e-06
4.53706e-06
4.06402e-06
3.61931e-06
3.19737e-06
2.79787e-06
2.43072e-06
2.11523e-06
1.8707e-06
1.70301e-06
1.59745e-06
1.52484e-06
1.45564e-06
1.37159e-06
1.26948e-06
1.15767e-06
1.04841e-06
9.50721e-07
8.67032e-07
7.9417e-07
7.26799e-07
6.60811e-07
5.95017e-07
5.30862e-07
4.7096e-07
4.17553e-07
3.71649e-07
3.33007e-07
3.00643e-07
2.73411e-07
2.50358e-07
2.30807e-07
2.14281e-07
2.0041e-07
1.88866e-07
1.79348e-07
1.71577e-07
1.65298e-07
1.60269e-07
1.56299e-07
1.5324e-07
1.50871e-07
1.49205e-07
1.4784e-07
1.47301e-07
1.46231e-07
1.47202e-07
1.44747e-07
1.49786e-07
1.39936e-07
1.59018e-07
1.35051e-07
2.43236e-06
2.35064e-06
2.17776e-06
1.90121e-06
1.66896e-06
1.93944e-06
2.96238e-06
4.51913e-06
6.41702e-06
8.53945e-06
1.0786e-05
1.30678e-05
1.53603e-05
1.7719e-05
2.01738e-05
2.26074e-05
2.48045e-05
2.65212e-05
2.76701e-05
2.82483e-05
2.83597e-05
2.81533e-05
2.77423e-05
2.71657e-05
2.64148e-05
2.54939e-05
2.44489e-05
2.33445e-05
2.22295e-05
2.11269e-05
2.00428e-05
1.89777e-05
1.79317e-05
1.69058e-05
1.59018e-05
1.49218e-05
1.39684e-05
1.30441e-05
1.21512e-05
1.12913e-05
1.04658e-05
9.67551e-06
8.92071e-06
8.20137e-06
7.51715e-06
6.86748e-06
6.25188e-06
5.67037e-06
5.12345e-06
4.61122e-06
4.13171e-06
3.68005e-06
3.25067e-06
2.84291e-06
2.4665e-06
2.1414e-06
1.88877e-06
1.71683e-06
1.61204e-06
1.54419e-06
1.48112e-06
1.40185e-06
1.3016e-06
1.18855e-06
1.0759e-06
9.73968e-07
8.86281e-07
8.10208e-07
7.40455e-07
6.7267e-07
6.05373e-07
5.39821e-07
4.78589e-07
4.23974e-07
3.7706e-07
3.37647e-07
3.04736e-07
2.77137e-07
2.53846e-07
2.3415e-07
2.17552e-07
2.03668e-07
1.92158e-07
1.82707e-07
1.75029e-07
1.68848e-07
1.63965e-07
1.60135e-07
1.57217e-07
1.54986e-07
1.53457e-07
1.52215e-07
1.518e-07
1.50822e-07
1.51917e-07
1.49483e-07
1.54708e-07
1.44676e-07
1.64307e-07
1.39843e-07
1.8125e-06
1.66598e-06
1.4301e-06
1.12963e-06
1.04205e-06
1.6222e-06
2.74732e-06
4.20745e-06
5.90717e-06
7.78226e-06
9.77299e-06
1.18152e-05
1.38442e-05
1.58166e-05
1.77176e-05
1.95317e-05
2.12047e-05
2.26529e-05
2.38202e-05
2.46901e-05
2.52537e-05
2.55088e-05
2.54671e-05
2.51564e-05
2.46197e-05
2.39126e-05
2.30922e-05
2.22053e-05
2.12831e-05
2.03441e-05
1.9399e-05
1.84538e-05
1.75122e-05
1.65775e-05
1.56528e-05
1.47415e-05
1.3847e-05
1.29727e-05
1.21214e-05
1.12955e-05
1.04971e-05
9.72772e-06
8.98833e-06
8.27961e-06
7.6019e-06
6.9553e-06
6.33991e-06
5.75623e-06
5.20521e-06
4.68741e-06
4.20136e-06
3.74255e-06
3.30548e-06
2.88917e-06
2.50314e-06
2.16791e-06
1.90647e-06
1.72955e-06
1.62512e-06
1.56214e-06
1.50575e-06
1.43205e-06
1.33438e-06
1.22059e-06
1.10472e-06
9.9849e-07
9.06584e-07
8.27021e-07
7.54619e-07
6.84817e-07
6.15851e-07
5.48778e-07
4.86115e-07
4.30201e-07
3.82189e-07
3.41911e-07
3.08355e-07
2.80285e-07
2.56645e-07
2.36686e-07
2.1989e-07
2.05863e-07
1.94262e-07
1.84768e-07
1.77087e-07
1.70941e-07
1.6612e-07
1.62365e-07
1.59531e-07
1.5739e-07
1.5596e-07
1.54808e-07
1.54494e-07
1.53581e-07
1.54789e-07
1.52355e-07
1.5777e-07
1.47503e-07
1.67672e-07
1.42597e-07
1.32645e-06
1.13284e-06
8.47801e-07
5.38806e-07
7.23066e-07
1.52163e-06
2.62382e-06
3.95022e-06
5.45853e-06
7.10772e-06
8.85536e-06
1.06582e-05
1.24718e-05
1.42516e-05
1.59585e-05
1.75624e-05
1.90404e-05
2.03674e-05
2.14941e-05
2.23797e-05
2.29982e-05
2.33453e-05
2.34323e-05
2.32841e-05
2.29379e-05
2.24364e-05
2.18194e-05
2.11204e-05
2.03657e-05
1.95743e-05
1.87592e-05
1.79286e-05
1.70883e-05
1.62428e-05
1.53965e-05
1.45538e-05
1.37187e-05
1.2895e-05
1.20862e-05
1.12954e-05
1.05253e-05
9.77789e-06
9.05494e-06
8.35777e-06
7.68738e-06
7.04449e-06
6.4298e-06
5.8443e-06
5.28939e-06
4.76607e-06
4.27338e-06
3.80722e-06
3.36217e-06
2.93699e-06
2.54095e-06
2.19506e-06
1.92408e-06
1.74139e-06
1.63679e-06
1.57867e-06
1.52948e-06
1.46213e-06
1.36781e-06
1.2538e-06
1.13495e-06
1.02436e-06
9.28008e-07
8.44655e-07
7.6931e-07
6.97251e-07
6.26441e-07
5.57739e-07
4.93587e-07
4.36354e-07
3.87253e-07
3.46149e-07
3.12012e-07
2.83558e-07
2.59677e-07
2.39581e-07
2.22729e-07
2.08716e-07
1.97185e-07
1.87807e-07
1.80276e-07
1.74311e-07
1.69664e-07
1.66102e-07
1.63463e-07
1.61518e-07
1.60263e-07
1.59271e-07
1.59113e-07
1.58322e-07
1.59677e-07
1.57278e-07
1.62911e-07
1.52458e-07
1.73232e-07
1.47602e-07
9.55936e-07
7.32937e-07
4.07952e-07
1.48144e-07
7.33097e-07
1.54975e-06
2.55405e-06
3.73143e-06
5.05915e-06
6.50787e-06
8.04407e-06
9.6325e-06
1.12384e-05
1.28283e-05
1.43692e-05
1.58297e-05
1.71866e-05
1.84092e-05
1.94625e-05
2.03194e-05
2.09611e-05
2.13791e-05
2.15773e-05
2.15732e-05
2.13929e-05
2.10653e-05
2.0619e-05
2.0081e-05
1.94748e-05
1.88186e-05
1.81253e-05
1.7404e-05
1.66614e-05
1.59032e-05
1.51344e-05
1.43599e-05
1.35843e-05
1.28119e-05
1.20465e-05
1.12919e-05
1.0551e-05
9.8267e-06
9.12121e-06
8.4365e-06
7.7742e-06
7.13566e-06
6.52216e-06
5.93517e-06
5.37655e-06
4.84776e-06
4.34831e-06
3.87454e-06
3.42119e-06
2.98679e-06
2.58033e-06
2.22321e-06
1.9419e-06
1.75255e-06
1.64714e-06
1.5938e-06
1.55228e-06
1.49208e-06
1.4019e-06
1.28824e-06
1.16665e-06
1.05166e-06
9.50623e-07
8.63145e-07
7.84516e-07
7.09907e-07
6.37028e-07
5.66529e-07
5.00763e-07
4.42109e-07
3.91828e-07
3.49807e-07
3.14997e-07
2.86063e-07
2.6184e-07
2.41499e-07
2.24478e-07
2.10362e-07
1.98788e-07
1.89419e-07
1.81941e-07
1.76065e-07
1.71535e-07
1.68109e-07
1.65616e-07
1.6381e-07
1.62689e-07
1.61811e-07
1.61794e-07
1.61087e-07
1.62591e-07
1.60216e-07
1.66074e-07
1.55374e-07
1.76739e-07
1.50459e-07
6.98366e-07
4.80758e-07
2.08974e-07
3.51461e-07
9.05019e-07
1.62983e-06
2.51322e-06
3.54456e-06
4.70644e-06
5.97573e-06
7.32545e-06
8.72656e-06
1.01499e-05
1.1567e-05
1.29506e-05
1.42757e-05
1.55172e-05
1.66482e-05
1.7645e-05
1.84819e-05
1.91414e-05
1.9615e-05
1.99038e-05
2.00169e-05
1.99702e-05
1.97839e-05
1.94808e-05
1.90831e-05
1.86104e-05
1.80784e-05
1.74991e-05
1.68816e-05
1.62333e-05
1.55602e-05
1.48677e-05
1.41611e-05
1.34451e-05
1.27244e-05
1.20033e-05
1.12857e-05
1.05752e-05
9.87498e-06
9.18792e-06
8.51656e-06
7.86311e-06
7.22953e-06
6.61767e-06
6.02951e-06
5.46734e-06
4.93309e-06
4.42675e-06
3.94511e-06
3.48309e-06
3.03906e-06
2.62172e-06
2.25278e-06
1.96031e-06
1.76331e-06
1.65633e-06
1.60758e-06
1.57415e-06
1.5219e-06
1.43671e-06
1.32403e-06
1.20001e-06
1.08061e-06
9.74638e-07
8.82691e-07
8.00427e-07
7.22968e-07
6.47804e-07
5.75377e-07
5.07936e-07
4.47855e-07
3.96422e-07
3.53542e-07
3.18143e-07
2.8883e-07
2.64385e-07
2.43935e-07
2.26896e-07
2.12836e-07
2.01387e-07
1.92196e-07
1.84938e-07
1.79306e-07
1.75034e-07
1.71866e-07
1.69627e-07
1.68047e-07
1.67168e-07
1.66494e-07
1.66678e-07
1.66143e-07
1.67814e-07
1.65492e-07
1.71603e-07
1.60728e-07
1.82759e-07
1.55865e-07
5.65663e-07
4.26025e-07
3.89798e-07
6.33473e-07
1.09806e-06
1.72221e-06
2.48857e-06
3.38545e-06
4.39807e-06
5.50771e-06
6.6925e-06
7.92857e-06
9.19143e-06
1.04566e-05
1.17011e-05
1.29034e-05
1.40408e-05
1.50917e-05
1.60338e-05
1.68465e-05
1.75143e-05
1.80278e-05
1.83838e-05
1.85867e-05
1.86469e-05
1.85791e-05
1.83999e-05
1.81261e-05
1.77733e-05
1.7355e-05
1.68821e-05
1.63633e-05
1.58057e-05
1.52154e-05
1.45979e-05
1.39586e-05
1.33023e-05
1.26338e-05
1.19576e-05
1.12779e-05
1.05988e-05
9.92366e-06
9.256e-06
8.59884e-06
7.95497e-06
7.32693e-06
6.71713e-06
6.12808e-06
5.56251e-06
5.0228e-06
4.50941e-06
4.01961e-06
3.54854e-06
3.09444e-06
2.66572e-06
2.2843e-06
1.97977e-06
1.77403e-06
1.66454e-06
1.62004e-06
1.59507e-06
1.55156e-06
1.47224e-06
1.36122e-06
1.23507e-06
1.11122e-06
1.00004e-06
9.03206e-07
8.16867e-07
7.36167e-07
6.58404e-07
5.83817e-07
5.14535e-07
4.52896e-07
4.00203e-07
3.5636e-07
3.20263e-07
2.90462e-07
2.65678e-07
2.44997e-07
2.27812e-07
2.13684e-07
2.02237e-07
1.93112e-07
1.85971e-07
1.80493e-07
1.76403e-07
1.73429e-07
1.71392e-07
1.70016e-07
1.69337e-07
1.6886e-07
1.69196e-07
1.68799e-07
1.70642e-07
1.68347e-07
1.74726e-07
1.63585e-07
1.86268e-07
1.58668e-07
5.55476e-07
5.23896e-07
6.08803e-07
8.59257e-07
1.26262e-06
1.8008e-06
2.4633e-06
3.24061e-06
4.12083e-06
5.08902e-06
6.12759e-06
7.21711e-06
8.33717e-06
9.46736e-06
1.05884e-05
1.16807e-05
1.27243e-05
1.37007e-05
1.45907e-05
1.53768e-05
1.60444e-05
1.65839e-05
1.69907e-05
1.72657e-05
1.74146e-05
1.74468e-05
1.73738e-05
1.72086e-05
1.69635e-05
1.66496e-05
1.62761e-05
1.58509e-05
1.53804e-05
1.48706e-05
1.43267e-05
1.3754e-05
1.31572e-05
1.25413e-05
1.19107e-05
1.12698e-05
1.06229e-05
9.97385e-06
9.3265e-06
8.68435e-06
8.05075e-06
7.4288e-06
6.82146e-06
6.23177e-06
5.66292e-06
5.11772e-06
4.59713e-06
4.09886e-06
3.61834e-06
3.15371e-06
2.71308e-06
2.31852e-06
2.00095e-06
1.78521e-06
1.67208e-06
1.63133e-06
1.61511e-06
1.58117e-06
1.50867e-06
1.40006e-06
1.27217e-06
1.14389e-06
1.02724e-06
9.25116e-07
8.34263e-07
7.49939e-07
6.69302e-07
5.92398e-07
5.21219e-07
4.58045e-07
4.04165e-07
3.59467e-07
3.22803e-07
2.92659e-07
2.67695e-07
2.46952e-07
2.29802e-07
2.15796e-07
2.04547e-07
1.95683e-07
1.88849e-07
1.83706e-07
1.79961e-07
1.7733e-07
1.7562e-07
1.74557e-07
1.74148e-07
1.73915e-07
1.74491e-07
1.74233e-07
1.76319e-07
1.74117e-07
1.80786e-07
1.69421e-07
1.92873e-07
1.64637e-07
6.25175e-07
6.66351e-07
7.97775e-07
1.04074e-06
1.39766e-06
1.86512e-06
2.43867e-06
3.11201e-06
3.87631e-06
4.72006e-06
5.62938e-06
6.58867e-06
7.58124e-06
8.5904e-06
9.59926e-06
1.05907e-05
1.15479e-05
1.24543e-05
1.32935e-05
1.40501e-05
1.47112e-05
1.52669e-05
1.57114e-05
1.60429e-05
1.62638e-05
1.63797e-05
1.63985e-05
1.63294e-05
1.61815e-05
1.59634e-05
1.56827e-05
1.5346e-05
1.49591e-05
1.45274e-05
1.40556e-05
1.35488e-05
1.30114e-05
1.24483e-05
1.18638e-05
1.12626e-05
1.06488e-05
1.00268e-05
9.4006e-06
8.77426e-06
8.15159e-06
7.53623e-06
6.93172e-06
6.34161e-06
5.76957e-06
5.21886e-06
4.69091e-06
4.18391e-06
3.69357e-06
3.21797e-06
2.76492e-06
2.35652e-06
2.02487e-06
1.7977e-06
1.6795e-06
1.64172e-06
1.63435e-06
1.61072e-06
1.54598e-06
1.44053e-06
1.31128e-06
1.17853e-06
1.05606e-06
9.48127e-07
8.52194e-07
7.63723e-07
6.79784e-07
6.00241e-07
5.26933e-07
4.62054e-07
4.06847e-07
3.6116e-07
3.2379e-07
2.93155e-07
2.67855e-07
2.46889e-07
2.29613e-07
2.1557e-07
2.04372e-07
1.95635e-07
1.8899e-07
1.8408e-07
1.80596e-07
1.78236e-07
1.76801e-07
1.75999e-07
1.75847e-07
1.75834e-07
1.76654e-07
1.76582e-07
1.78889e-07
1.76757e-07
1.83762e-07
1.72216e-07
1.96342e-07
1.67264e-07
7.17127e-07
7.96083e-07
9.44186e-07
1.17436e-06
1.4927e-06
1.90107e-06
2.39862e-06
2.98195e-06
3.64512e-06
4.37969e-06
5.17506e-06
6.01901e-06
6.89835e-06
7.7992e-06
8.70694e-06
9.60703e-06
1.0485e-05
1.13265e-05
1.21173e-05
1.28439e-05
1.34942e-05
1.40587e-05
1.45307e-05
1.49069e-05
1.51872e-05
1.53741e-05
1.54725e-05
1.54883e-05
1.54279e-05
1.52977e-05
1.51034e-05
1.48505e-05
1.45438e-05
1.41876e-05
1.37865e-05
1.33447e-05
1.28666e-05
1.23565e-05
1.18187e-05
1.12578e-05
1.0678e-05
1.00839e-05
9.47972e-06
8.86994e-06
8.25882e-06
7.65056e-06
7.04922e-06
6.45891e-06
5.88379e-06
5.32757e-06
4.79215e-06
4.2762e-06
3.77575e-06
3.28884e-06
2.82297e-06
2.40009e-06
2.05327e-06
1.81302e-06
1.68794e-06
1.65194e-06
1.65327e-06
1.64063e-06
1.58464e-06
1.48321e-06
1.35306e-06
1.21588e-06
1.08728e-06
9.73016e-07
8.71431e-07
7.7831e-07
6.9071e-07
6.08337e-07
5.32861e-07
4.66352e-07
4.09966e-07
3.63478e-07
3.2561e-07
2.94702e-07
2.69288e-07
2.4833e-07
2.31163e-07
2.17326e-07
2.0642e-07
1.98049e-07
1.91819e-07
1.87352e-07
1.84317e-07
1.82395e-07
1.81373e-07
1.80951e-07
1.81148e-07
1.81438e-07
1.82532e-07
1.82695e-07
1.85235e-07
1.83184e-07
1.90515e-07
1.7873e-07
2.03746e-07
1.73958e-07
8.14966e-07
9.12518e-07
1.06452e-06
1.27978e-06
1.56471e-06
1.92302e-06
2.35578e-06
2.86172e-06
3.43719e-06
4.07633e-06
4.77142e-06
5.51309e-06
6.29089e-06
7.0934e-06
7.9088e-06
8.72492e-06
9.52931e-06
1.03094e-05
1.10528e-05
1.17475e-05
1.23826e-05
1.2949e-05
1.34398e-05
1.38505e-05
1.41792e-05
1.44261e-05
1.45933e-05
1.46843e-05
1.47029e-05
1.46533e-05
1.45398e-05
1.43661e-05
1.4136e-05
1.38532e-05
1.35211e-05
1.31436e-05
1.27245e-05
1.22676e-05
1.17771e-05
1.12572e-05
1.07122e-05
1.01469e-05
9.56558e-06
8.97313e-06
8.37422e-06
7.77356e-06
7.17578e-06
6.58552e-06
6.00746e-06
5.44578e-06
4.90288e-06
4.37789e-06
3.8672e-06
3.36881e-06
2.88987e-06
2.45203e-06
2.08896e-06
1.8337e-06
1.6993e-06
1.66315e-06
1.67244e-06
1.67109e-06
1.62463e-06
1.52795e-06
1.39726e-06
1.25557e-06
1.1204e-06
9.9916e-07
8.91198e-07
7.92742e-07
7.00905e-07
6.15263e-07
5.37306e-07
4.68938e-07
4.11187e-07
3.63722e-07
3.25167e-07
2.9378e-07
2.68032e-07
2.46854e-07
2.29572e-07
2.15728e-07
2.04922e-07
1.96748e-07
1.90794e-07
1.86656e-07
1.8398e-07
1.82428e-07
1.81772e-07
1.81699e-07
1.82224e-07
1.8281e-07
1.84191e-07
1.84565e-07
1.87394e-07
1.85452e-07
1.93188e-07
1.81125e-07
2.06925e-07
1.76248e-07
8.91605e-07
9.95955e-07
1.14431e-06
1.34287e-06
1.59742e-06
1.91203e-06
2.28873e-06
2.72762e-06
3.22692e-06
3.78294e-06
4.39029e-06
5.04208e-06
5.73022e-06
6.44557e-06
7.17851e-06
7.91883e-06
8.656e-06
9.37927e-06
1.00778e-05
1.07412e-05
1.13595e-05
1.19241e-05
1.24279e-05
1.28658e-05
1.32343e-05
1.35322e-05
1.37593e-05
1.39169e-05
1.40068e-05
1.40314e-05
1.39931e-05
1.38945e-05
1.37379e-05
1.3526e-05
1.32616e-05
1.29476e-05
1.25872e-05
1.21837e-05
1.17409e-05
1.12628e-05
1.07536e-05
1.02179e-05
9.66046e-06
9.08621e-06
8.50028e-06
7.90783e-06
7.31406e-06
6.72418e-06
6.1434e-06
5.57642e-06
5.02614e-06
4.49219e-06
3.9713e-06
3.46148e-06
2.96944e-06
2.51632e-06
2.13595e-06
1.86348e-06
1.71666e-06
1.67756e-06
1.69341e-06
1.70336e-06
1.66723e-06
1.57614e-06
1.44538e-06
1.2991e-06
1.15684e-06
1.02784e-06
9.12674e-07
8.08173e-07
7.11619e-07
6.22487e-07
5.42055e-07
4.72003e-07
4.1316e-07
3.65033e-07
3.26117e-07
2.9457e-07
2.68804e-07
2.47721e-07
2.30641e-07
2.17106e-07
2.06712e-07
1.99031e-07
1.93626e-07
1.90061e-07
1.87957e-07
1.86951e-07
1.86804e-07
1.87189e-07
1.88127e-07
1.89067e-07
1.90772e-07
1.91398e-07
1.94506e-07
1.92667e-07
2.0079e-07
1.88503e-07
2.1533e-07
1.83814e-07
9.65375e-07
1.06974e-06
1.21031e-06
1.39138e-06
1.61795e-06
1.89389e-06
2.22161e-06
2.60211e-06
3.03491e-06
3.51797e-06
4.04774e-06
4.61939e-06
5.2269e-06
5.86334e-06
6.52101e-06
7.19152e-06
7.86604e-06
8.53539e-06
9.19026e-06
9.82147e-06
1.04202e-05
1.09786e-05
1.14896e-05
1.19476e-05
1.23485e-05
1.26893e-05
1.29684e-05
1.31853e-05
1.33399e-05
1.34328e-05
1.34649e-05
1.34373e-05
1.33513e-05
1.32083e-05
1.30102e-05
1.27589e-05
1.2457e-05
1.21072e-05
1.17127e-05
1.12773e-05
1.08049e-05
1.03001e-05
9.76762e-06
9.21265e-06
8.64062e-06
8.05714e-06
7.46796e-06
6.87887e-06
6.29568e-06
5.72363e-06
5.16617e-06
4.62344e-06
4.09253e-06
3.57144e-06
3.06634e-06
2.5976e-06
2.19874e-06
1.90639e-06
1.74303e-06
1.69686e-06
1.71679e-06
1.73745e-06
1.71216e-06
1.62739e-06
1.49694e-06
1.34592e-06
1.19596e-06
1.0583e-06
9.34917e-07
8.23405e-07
7.21319e-07
6.28081e-07
5.44744e-07
4.72705e-07
4.1253e-07
3.63507e-07
3.23969e-07
2.91971e-07
2.65869e-07
2.44553e-07
2.27356e-07
2.13835e-07
2.03593e-07
1.96192e-07
1.91168e-07
1.88054e-07
1.86437e-07
1.85926e-07
1.86261e-07
1.87101e-07
1.88464e-07
1.89782e-07
1.91848e-07
1.92758e-07
1.9622e-07
1.94524e-07
2.03143e-07
1.90584e-07
2.18299e-07
1.85723e-07
1.00477e-06
1.10419e-06
1.23356e-06
1.39607e-06
1.59599e-06
1.83692e-06
2.12137e-06
2.4509e-06
2.82596e-06
3.24574e-06
3.70824e-06
4.21026e-06
4.7475e-06
5.31471e-06
5.90584e-06
6.51417e-06
7.13245e-06
7.75304e-06
8.368e-06
8.96932e-06
9.54916e-06
1.01001e-05
1.06154e-05
1.10893e-05
1.1517e-05
1.18946e-05
1.22193e-05
1.24891e-05
1.27025e-05
1.28586e-05
1.29567e-05
1.29967e-05
1.29785e-05
1.29024e-05
1.27693e-05
1.25802e-05
1.23367e-05
1.20411e-05
1.16959e-05
1.13043e-05
1.08702e-05
1.03977e-05
9.8916e-06
9.3572e-06
8.80016e-06
8.2265e-06
7.64249e-06
7.05456e-06
6.46917e-06
5.89221e-06
5.32768e-06
4.77627e-06
4.23541e-06
3.70303e-06
3.18465e-06
2.69958e-06
2.2805e-06
1.96488e-06
1.77992e-06
1.72165e-06
1.74293e-06
1.77432e-06
1.7614e-06
1.68455e-06
1.55516e-06
1.39914e-06
1.24041e-06
1.0926e-06
9.59478e-07
8.3972e-07
7.31318e-07
6.33669e-07
5.47521e-07
4.7386e-07
4.12851e-07
3.63464e-07
3.23812e-07
2.91832e-07
2.65837e-07
2.44719e-07
2.27831e-07
2.14745e-07
2.0506e-07
1.98314e-07
1.94004e-07
1.91623e-07
1.9072e-07
1.90879e-07
1.91824e-07
1.93203e-07
1.9504e-07
1.96758e-07
1.99183e-07
2.00367e-07
2.04141e-07
2.02556e-07
2.11631e-07
1.98775e-07
2.27752e-07
1.9417e-07
1.05073e-06
1.14142e-06
1.25723e-06
1.4004e-06
1.57452e-06
1.78286e-06
2.02792e-06
2.31156e-06
2.63491e-06
2.99813e-06
3.40037e-06
3.83979e-06
4.31353e-06
4.81785e-06
5.34816e-06
5.89919e-06
6.46504e-06
7.03935e-06
7.61544e-06
8.18645e-06
8.74554e-06
9.28606e-06
9.80174e-06
1.02868e-05
1.07361e-05
1.11451e-05
1.15099e-05
1.18274e-05
1.20947e-05
1.23095e-05
1.247e-05
1.25744e-05
1.26216e-05
1.26108e-05
1.25416e-05
1.24144e-05
1.22297e-05
1.19891e-05
1.16945e-05
1.13485e-05
1.09543e-05
1.05159e-05
1.00378e-05
9.52523e-06
8.9841e-06
8.42079e-06
7.84216e-06
7.25533e-06
6.66751e-06
6.08531e-06
5.51342e-06
4.95305e-06
4.4019e-06
3.85764e-06
3.32488e-06
2.82149e-06
2.37887e-06
2.03479e-06
1.82127e-06
1.74448e-06
1.76448e-06
1.80818e-06
1.8112e-06
1.74562e-06
1.61932e-06
1.4588e-06
1.29066e-06
1.13136e-06
9.86824e-07
8.57099e-07
7.40868e-07
6.37648e-07
5.47904e-07
4.72124e-07
4.09942e-07
3.59886e-07
3.19776e-07
2.87406e-07
2.61059e-07
2.3966e-07
2.22616e-07
2.09547e-07
2.00066e-07
1.93701e-07
1.89911e-07
1.88139e-07
1.87889e-07
1.88702e-07
1.90277e-07
1.92242e-07
1.94619e-07
1.96817e-07
1.99696e-07
2.01241e-07
2.05453e-07
2.04059e-07
2.13757e-07
2.00616e-07
2.30668e-07
1.95746e-07
1.05103e-06
1.13031e-06
1.23033e-06
1.35315e-06
1.50202e-06
1.67993e-06
1.88939e-06
2.13254e-06
2.41094e-06
2.72546e-06
3.07609e-06
3.46199e-06
3.88142e-06
4.33179e-06
4.80974e-06
5.31121e-06
5.83156e-06
6.36565e-06
6.9079e-06
7.45248e-06
7.99339e-06
8.5246e-06
9.04023e-06
9.53466e-06
1.00026e-05
1.04392e-05
1.084e-05
1.12008e-05
1.15178e-05
1.17875e-05
1.20068e-05
1.21728e-05
1.22833e-05
1.23363e-05
1.23305e-05
1.22652e-05
1.21402e-05
1.1956e-05
1.17136e-05
1.14149e-05
1.10624e-05
1.06594e-05
1.02102e-05
9.71994e-06
9.19465e-06
8.64115e-06
8.06693e-06
7.47995e-06
6.88829e-06
6.29946e-06
5.71892e-06
5.14851e-06
4.58611e-06
4.02887e-06
3.47996e-06
2.95519e-06
2.48398e-06
2.10371e-06
1.85178e-06
1.74873e-06
1.76727e-06
1.83038e-06
1.85895e-06
1.81246e-06
1.69345e-06
1.52925e-06
1.3502e-06
1.17681e-06
1.01813e-06
8.76149e-07
7.50542e-07
6.41021e-07
5.47671e-07
4.70282e-07
4.07711e-07
3.57836e-07
3.1806e-07
2.86001e-07
2.59932e-07
2.38848e-07
2.22235e-07
2.09753e-07
2.01017e-07
1.95514e-07
1.92648e-07
1.91803e-07
1.92435e-07
1.94054e-07
1.96344e-07
1.98926e-07
2.0183e-07
2.04466e-07
2.07727e-07
2.09559e-07
2.14107e-07
2.12815e-07
2.23061e-07
2.09518e-07
2.41185e-07
2.04937e-07
1.07744e-06
1.14166e-06
1.22336e-06
1.32417e-06
1.44692e-06
1.59445e-06
1.76932e-06
1.97383e-06
2.20995e-06
2.47908e-06
2.78195e-06
3.11851e-06
3.48793e-06
3.88858e-06
4.31809e-06
4.77342e-06
5.25092e-06
5.74649e-06
6.25559e-06
6.7734e-06
7.29486e-06
7.81478e-06
8.32786e-06
8.8288e-06
9.31234e-06
9.77325e-06
1.02065e-05
1.06071e-05
1.09703e-05
1.12917e-05
1.1567e-05
1.17925e-05
1.19648e-05
1.2081e-05
1.21388e-05
1.21363e-05
1.20721e-05
1.19456e-05
1.17566e-05
1.15058e-05
1.1195e-05
1.0827e-05
1.04055e-05
9.93576e-06
9.42398e-06
8.87756e-06
8.30478e-06
7.7146e-06
7.11618e-06
6.51809e-06
5.92682e-06
5.34493e-06
4.77049e-06
4.19968e-06
3.6334e-06
3.0843e-06
2.57842e-06
2.15104e-06
1.84475e-06
1.70158e-06
1.71861e-06
1.81502e-06
1.88719e-06
1.87474e-06
1.77258e-06
1.60945e-06
1.42095e-06
1.23287e-06
1.05816e-06
9.01373e-07
7.63666e-07
6.45384e-07
5.46511e-07
4.66193e-07
4.02384e-07
3.52092e-07
3.12114e-07
2.7978e-07
2.53333e-07
2.31869e-07
2.15005e-07
2.02506e-07
1.94023e-07
1.89027e-07
1.86861e-07
1.86834e-07
1.8833e-07
1.90804e-07
1.93905e-07
1.97233e-07
2.00815e-07
2.04051e-07
2.07869e-07
2.10154e-07
2.15233e-07
2.14186e-07
2.25225e-07
2.11339e-07
2.44445e-07
2.06368e-07
1.0449e-06
1.09215e-06
1.15321e-06
1.23029e-06
1.32633e-06
1.44423e-06
1.58673e-06
1.75641e-06
1.95559e-06
2.18602e-06
2.44888e-06
2.74463e-06
3.07299e-06
3.43301e-06
3.82303e-06
4.24084e-06
4.68367e-06
5.14829e-06
5.63105e-06
6.12794e-06
6.63465e-06
7.14657e-06
7.65889e-06
8.1666e-06
8.66458e-06
9.14757e-06
9.61027e-06
1.00474e-05
1.04536e-05
1.08237e-05
1.11529e-05
1.14365e-05
1.167e-05
1.18494e-05
1.1971e-05
1.20314e-05
1.20278e-05
1.19579e-05
1.18204e-05
1.16148e-05
1.13421e-05
1.10046e-05
1.06061e-05
1.01517e-05
9.64811e-06
9.10346e-06
8.52692e-06
7.92856e-06
7.31881e-06
6.70764e-06
6.10301e-06
5.509e-06
4.92448e-06
4.34481e-06
3.76764e-06
3.20011e-06
2.66087e-06
2.17728e-06
1.79249e-06
1.58006e-06
1.58977e-06
1.74083e-06
1.88407e-06
1.92634e-06
1.85248e-06
1.69456e-06
1.49642e-06
1.29177e-06
1.09908e-06
9.26102e-07
7.75548e-07
6.4829e-07
5.44122e-07
4.61477e-07
3.97278e-07
3.47513e-07
3.08256e-07
2.76514e-07
2.50518e-07
2.29496e-07
2.13213e-07
2.01507e-07
1.94029e-07
1.9018e-07
1.89214e-07
1.90356e-07
1.92931e-07
1.96361e-07
2.00282e-07
2.04299e-07
2.08451e-07
2.1215e-07
2.16357e-07
2.18931e-07
2.24355e-07
2.23389e-07
2.35105e-07
2.20647e-07
2.55953e-07
2.15915e-07
1.07146e-06
1.09724e-06
1.13405e-06
1.18395e-06
1.24978e-06
1.33467e-06
1.4418e-06
1.57425e-06
1.73481e-06
1.92574e-06
2.14863e-06
2.40434e-06
2.69303e-06
3.01413e-06
3.36648e-06
3.74841e-06
4.15776e-06
4.59203e-06
5.04834e-06
5.52352e-06
6.01406e-06
6.51612e-06
7.02553e-06
7.53774e-06
8.04793e-06
8.55094e-06
9.04139e-06
9.51374e-06
9.96227e-06
1.03812e-05
1.07646e-05
1.11067e-05
1.14016e-05
1.16435e-05
1.18269e-05
1.19469e-05
1.1999e-05
1.19795e-05
1.18861e-05
1.17179e-05
1.14753e-05
1.11606e-05
1.07777e-05
1.03319e-05
9.83055e-06
9.28239e-06
8.69762e-06
8.08752e-06
7.46395e-06
6.83856e-06
6.22144e-06
5.61929e-06
5.03325e-06
4.45891e-06
3.8903e-06
3.32618e-06
2.77131e-06
2.23418e-06
1.74436e-06
1.4064e-06
1.37635e-06
1.59877e-06
1.83888e-06
1.95411e-06
1.92006e-06
1.77496e-06
1.57237e-06
1.35436e-06
1.14519e-06
9.56253e-07
7.92276e-07
6.55e-07
5.44284e-07
4.58013e-07
3.92151e-07
3.4166e-07
3.01869e-07
2.69464e-07
2.42681e-07
2.2092e-07
2.04138e-07
1.92311e-07
1.85131e-07
1.81955e-07
1.81929e-07
1.84159e-07
1.87866e-07
1.92398e-07
1.97346e-07
2.02294e-07
2.07277e-07
2.11706e-07
2.16573e-07
2.19695e-07
2.25736e-07
2.25068e-07
2.37791e-07
2.22852e-07
2.60338e-07
2.17544e-07
1.03103e-06
1.03349e-06
1.04235e-06
1.06089e-06
1.09269e-06
1.14165e-06
1.21197e-06
1.30779e-06
1.43272e-06
1.58949e-06
1.77983e-06
2.00453e-06
2.26358e-06
2.55634e-06
2.88171e-06
3.23823e-06
3.62413e-06
4.0374e-06
4.47577e-06
4.93668e-06
5.41731e-06
5.91451e-06
6.4248e-06
6.94433e-06
7.46887e-06
7.99373e-06
8.51373e-06
9.02311e-06
9.51554e-06
9.98409e-06
1.04214e-05
1.08197e-05
1.11713e-05
1.14687e-05
1.17051e-05
1.18743e-05
1.19711e-05
1.19914e-05
1.19328e-05
1.17939e-05
1.15755e-05
1.12795e-05
1.09096e-05
1.04713e-05
9.97158e-06
9.41963e-06
8.82635e-06
8.20426e-06
7.56704e-06
6.92884e-06
6.30342e-06
5.70251e-06
5.13265e-06
4.59185e-06
4.06908e-06
3.54712e-06
3.00453e-06
2.42098e-06
1.80921e-06
1.29991e-06
1.19493e-06
1.49472e-06
1.82343e-06
1.98975e-06
1.97357e-06
1.82546e-06
1.60944e-06
1.37487e-06
1.1506e-06
9.50512e-07
7.80111e-07
6.40716e-07
5.31071e-07
4.47586e-07
3.84723e-07
3.36374e-07
2.9755e-07
2.65245e-07
2.38256e-07
2.16478e-07
2.00138e-07
1.8926e-07
1.83421e-07
1.81791e-07
1.83344e-07
1.87058e-07
1.92082e-07
1.97738e-07
2.03615e-07
2.09318e-07
2.14897e-07
2.19805e-07
2.25046e-07
2.28458e-07
2.34828e-07
2.3422e-07
2.47797e-07
2.32018e-07
2.72773e-07
2.26718e-07
1.10129e-06
1.07725e-06
1.05574e-06
1.03919e-06
1.03086e-06
1.03523e-06
1.05795e-06
1.10526e-06
1.18302e-06
1.2957e-06
1.44588e-06
1.6343e-06
1.86041e-06
2.12295e-06
2.42033e-06
2.75093e-06
3.11314e-06
3.5054e-06
3.92615e-06
4.37378e-06
4.84645e-06
5.34205e-06
5.85794e-06
6.39088e-06
6.93682e-06
7.49076e-06
8.04669e-06
8.59754e-06
9.13533e-06
9.65137e-06
1.01366e-05
1.05822e-05
1.09795e-05
1.13209e-05
1.15998e-05
1.18104e-05
1.19481e-05
1.20087e-05
1.19896e-05
1.18888e-05
1.1706e-05
1.14421e-05
1.10994e-05
1.06821e-05
1.01967e-05
9.65208e-06
9.05986e-06
8.4339e-06
7.78993e-06
7.14496e-06
6.51681e-06
5.92279e-06
5.37547e-06
4.87514e-06
4.4033e-06
3.92212e-06
3.38188e-06
2.74429e-06
2.03836e-06
1.46168e-06
1.38296e-06
1.71816e-06
2.03186e-06
2.14926e-06
2.07741e-06
1.88321e-06
1.63315e-06
1.37255e-06
1.12756e-06
9.12551e-07
7.34819e-07
5.96415e-07
4.94654e-07
4.22482e-07
3.70268e-07
3.29133e-07
2.9346e-07
2.61162e-07
2.32499e-07
2.0866e-07
1.90718e-07
1.79073e-07
1.73326e-07
1.72467e-07
1.75219e-07
1.80336e-07
1.86801e-07
1.93833e-07
2.00965e-07
2.07788e-07
2.14342e-07
2.20102e-07
2.26075e-07
2.30121e-07
2.37139e-07
2.36875e-07
2.51691e-07
2.35139e-07
2.79617e-07
2.28958e-07
1.13152e-06
1.08279e-06
1.02913e-06
9.73077e-07
9.17188e-07
8.65642e-07
8.25552e-07
8.07399e-07
8.23807e-07
8.8586e-07
9.99061e-07
1.16277e-06
1.37303e-06
1.62541e-06
1.91632e-06
2.24319e-06
2.60426e-06
2.99827e-06
3.42417e-06
3.88083e-06
4.3668e-06
4.88005e-06
5.41779e-06
5.97626e-06
6.55067e-06
7.13512e-06
7.72271e-06
8.30573e-06
8.87592e-06
9.42489e-06
9.94452e-06
1.04274e-05
1.08668e-05
1.1257e-05
1.1593e-05
1.18699e-05
1.20824e-05
1.22249e-05
1.22918e-05
1.22778e-05
1.21785e-05
1.19909e-05
1.17134e-05
1.13473e-05
1.08968e-05
1.03707e-05
9.78192e-06
9.14751e-06
8.4878e-06
7.82523e-06
7.18377e-06
6.58748e-06
6.05471e-06
5.5861e-06
5.15329e-06
4.70136e-06
4.17337e-06
3.56175e-06
2.97492e-06
2.6387e-06
2.66135e-06
2.82639e-06
2.87103e-06
2.71107e-06
2.39983e-06
2.02873e-06
1.66391e-06
1.33401e-06
1.04652e-06
8.03808e-07
6.09255e-07
4.66903e-07
3.77316e-07
3.30791e-07
3.07835e-07
2.90665e-07
2.70656e-07
2.4685e-07
2.22047e-07
1.99853e-07
1.83028e-07
1.72796e-07
1.68901e-07
1.70128e-07
1.74942e-07
1.81923e-07
1.89975e-07
1.98308e-07
2.06471e-07
2.14106e-07
2.2127e-07
2.27524e-07
2.33832e-07
2.38196e-07
2.45467e-07
2.45309e-07
2.61153e-07
2.43385e-07
2.9328e-07
2.36592e-07
1.31778e-06
1.24708e-06
1.16838e-06
1.08173e-06
9.87264e-07
8.86351e-07
7.8285e-07
6.85487e-07
6.11858e-07
5.90399e-07
6.47976e-07
7.88129e-07
9.95522e-07
1.25474e-06
1.55629e-06
1.89512e-06
2.26849e-06
2.6748e-06
3.11278e-06
3.58106e-06
4.07785e-06
4.60082e-06
5.14694e-06
5.71259e-06
6.29366e-06
6.88574e-06
7.48437e-06
8.08529e-06
8.68457e-06
9.27867e-06
9.8644e-06
1.04386e-05
1.09975e-05
1.15364e-05
1.20487e-05
1.25249e-05
1.29529e-05
1.33178e-05
1.3604e-05
1.37968e-05
1.38837e-05
1.38548e-05
1.37042e-05
1.34307e-05
1.30398e-05
1.2543e-05
1.19579e-05
1.13089e-05
1.06252e-05
9.93859e-06
9.28187e-06
8.68546e-06
8.17028e-06
7.73732e-06
7.36349e-06
7.01354e-06
6.66569e-06
6.3369e-06
6.07268e-06
5.88435e-06
5.69364e-06
5.37227e-06
4.84364e-06
4.13854e-06
3.36602e-06
2.64027e-06
2.02449e-06
1.52539e-06
1.12346e-06
8.0024e-07
5.45762e-07
3.56225e-07
2.33733e-07
1.82995e-07
1.8449e-07
1.98634e-07
2.04829e-07
1.99939e-07
1.87682e-07
1.73419e-07
1.61673e-07
1.55053e-07
1.54154e-07
1.58132e-07
1.65532e-07
1.74896e-07
1.85079e-07
1.95272e-07
2.05021e-07
2.14008e-07
2.22284e-07
2.29503e-07
2.36553e-07
2.41628e-07
2.49433e-07
2.49702e-07
2.66872e-07
2.47881e-07
3.0467e-07
2.39577e-07
1.42969e-06
1.34086e-06
1.24032e-06
1.12793e-06
1.0027e-06
8.63694e-07
7.10524e-07
5.44478e-07
3.72717e-07
2.32653e-07
2.60604e-07
4.5832e-07
7.17048e-07
1.00872e-06
1.32704e-06
1.67014e-06
2.03744e-06
2.42891e-06
2.84496e-06
3.28644e-06
3.75483e-06
4.25245e-06
4.78274e-06
5.35027e-06
5.96065e-06
6.61998e-06
7.33395e-06
8.10665e-06
8.93931e-06
9.82922e-06
1.07691e-05
1.17472e-05
1.2747e-05
1.37486e-05
1.47286e-05
1.5661e-05
1.65184e-05
1.72729e-05
1.78997e-05
1.83788e-05
1.8695e-05
1.88379e-05
1.88022e-05
1.85892e-05
1.82088e-05
1.76816e-05
1.70372e-05
1.63143e-05
1.55564e-05
1.48091e-05
1.41165e-05
1.35158e-05
1.30315e-05
1.26659e-05
1.23978e-05
1.21926e-05
1.20129e-05
1.18186e-05
1.15512e-05
1.11224e-05
1.04357e-05
9.43545e-06
8.15333e-06
6.71434e-06
5.28864e-06
4.02013e-06
2.97923e-06
2.16298e-06
1.52999e-06
1.03785e-06
6.60682e-07
3.87618e-07
2.14544e-07
1.35497e-07
1.19308e-07
1.1957e-07
1.18832e-07
1.15942e-07
1.12736e-07
1.11581e-07
1.14237e-07
1.21044e-07
1.31229e-07
1.43642e-07
1.57186e-07
1.70949e-07
1.84262e-07
1.96688e-07
2.08022e-07
2.18169e-07
2.27246e-07
2.35134e-07
2.42531e-07
2.4813e-07
2.55972e-07
2.56749e-07
2.7474e-07
2.54385e-07
3.21089e-07
2.4369e-07
1.6988e-06
1.62195e-06
1.53847e-06
1.447e-06
1.34769e-06
1.24109e-06
1.12782e-06
1.00989e-06
8.9185e-07
7.82833e-07
7.0012e-07
6.71388e-07
7.24984e-07
8.6999e-07
1.09692e-06
1.39533e-06
1.76158e-06
2.19795e-06
2.7103e-06
3.30618e-06
3.99344e-06
4.77911e-06
5.66831e-06
6.66327e-06
7.76251e-06
8.96013e-06
1.02454e-05
1.1603e-05
1.30131e-05
1.44529e-05
1.58974e-05
1.73213e-05
1.86998e-05
2.00099e-05
2.12301e-05
2.23399e-05
2.33194e-05
2.41492e-05
2.48143e-05
2.5305e-05
2.56141e-05
2.57357e-05
2.56664e-05
2.54104e-05
2.49794e-05
2.44015e-05
2.37065e-05
2.29355e-05
2.21364e-05
2.13582e-05
2.06454e-05
2.0029e-05
1.95171e-05
1.90914e-05
1.87187e-05
1.8346e-05
1.79206e-05
1.74014e-05
1.67588e-05
1.59572e-05
1.49255e-05
1.35764e-05
1.18931e-05
9.99439e-06
8.09842e-06
6.41124e-06
5.04059e-06
3.98646e-06
3.18742e-06
2.57206e-06
2.08609e-06
1.69387e-06
1.37068e-06
1.09855e-06
8.6717e-07
6.73559e-07
5.18036e-07
3.99781e-07
3.15033e-07
2.57899e-07
2.22019e-07
2.01807e-07
1.92916e-07
1.92054e-07
1.96617e-07
2.04482e-07
2.14023e-07
2.24093e-07
2.34016e-07
2.43352e-07
2.52068e-07
2.59782e-07
2.67376e-07
2.72815e-07
2.81621e-07
2.80832e-07
3.03333e-07
2.74895e-07
3.63496e-07
2.84379e-07
4.43945e-06
4.547e-06
4.65955e-06
4.77408e-06
4.89318e-06
5.02017e-06
5.15777e-06
5.30927e-06
5.47887e-06
5.67145e-06
5.89252e-06
6.14836e-06
6.44578e-06
6.79185e-06
7.19353e-06
7.65711e-06
8.18772e-06
8.78867e-06
9.46099e-06
1.0203e-05
1.10098e-05
1.18735e-05
1.2783e-05
1.37244e-05
1.46812e-05
1.56356e-05
1.6569e-05
1.74634e-05
1.83028e-05
1.90744e-05
1.97699e-05
2.03866e-05
2.09269e-05
2.13982e-05
2.18105e-05
2.21742e-05
2.24973e-05
2.27838e-05
2.30369e-05
2.32604e-05
2.34518e-05
2.35992e-05
2.36828e-05
2.3685e-05
2.3582e-05
2.33606e-05
2.30393e-05
2.26398e-05
2.2193e-05
2.17336e-05
2.12888e-05
2.08652e-05
2.04391e-05
1.99605e-05
1.93668e-05
1.8613e-05
1.77085e-05
1.67476e-05
1.58994e-05
1.52717e-05
1.47306e-05
1.39592e-05
1.27456e-05
1.11657e-05
9.5098e-06
8.08642e-06
7.05781e-06
6.39808e-06
5.96901e-06
5.62178e-06
5.25368e-06
4.81808e-06
4.31411e-06
3.76988e-06
3.22546e-06
2.71808e-06
2.27287e-06
1.90016e-06
1.59827e-06
1.35857e-06
1.17023e-06
1.0231e-06
9.08718e-07
8.20173e-07
7.51785e-07
6.98837e-07
6.57513e-07
6.2474e-07
5.98258e-07
5.76103e-07
5.57303e-07
5.39966e-07
5.25193e-07
5.08102e-07
4.97909e-07
4.72432e-07
4.81108e-07
4.15983e-07
5.13793e-07
4.12158e-07
1.1986e-05
1.21813e-05
1.23602e-05
1.25182e-05
1.26588e-05
1.27807e-05
1.28811e-05
1.29583e-05
1.30103e-05
1.30338e-05
1.30252e-05
1.29799e-05
1.28932e-05
1.2759e-05
1.25706e-05
1.23202e-05
1.19992e-05
1.15988e-05
1.11106e-05
1.05276e-05
9.84668e-06
9.07056e-06
8.2125e-06
7.30356e-06
6.40584e-06
5.63362e-06
5.16986e-06
5.21814e-06
5.85445e-06
6.96759e-06
8.38029e-06
9.94378e-06
1.15484e-05
1.31115e-05
1.45692e-05
1.58732e-05
1.69907e-05
1.78992e-05
1.85707e-05
1.89851e-05
1.91433e-05
1.90731e-05
1.87897e-05
1.8312e-05
1.76655e-05
1.68711e-05
1.59294e-05
1.4859e-05
1.36917e-05
1.24746e-05
1.1271e-05
1.01618e-05
9.24886e-06
8.65787e-06
8.52511e-06
8.96584e-06
1.00073e-05
1.14863e-05
1.30183e-05
1.40909e-05
1.42506e-05
1.33037e-05
1.14141e-05
9.03193e-06
6.69314e-06
4.84053e-06
3.70886e-06
3.23774e-06
3.12141e-06
3.07588e-06
2.96384e-06
2.74575e-06
2.42689e-06
2.0336e-06
1.60854e-06
1.21877e-06
9.75964e-07
9.98738e-07
1.24696e-06
1.59105e-06
1.95893e-06
2.32423e-06
2.67916e-06
3.02326e-06
3.35891e-06
3.68947e-06
4.01831e-06
4.34855e-06
4.68277e-06
5.02346e-06
5.3721e-06
5.73144e-06
6.10058e-06
6.48625e-06
6.87772e-06
7.30367e-06
7.70415e-06
8.2218e-06
8.55378e-06
9.23547e-06
5.31764e-06
4.47643e-06
3.52509e-06
2.47749e-06
1.3852e-06
6.13894e-07
1.49697e-06
2.89805e-06
4.46179e-06
6.16748e-06
8.01892e-06
1.00243e-05
1.21926e-05
1.45329e-05
1.70535e-05
1.9761e-05
2.26603e-05
2.57533e-05
2.90382e-05
3.25086e-05
3.61529e-05
3.99535e-05
4.38866e-05
4.79222e-05
5.20243e-05
5.61516e-05
6.02591e-05
6.42986e-05
6.82201e-05
7.19733e-05
7.55082e-05
7.87756e-05
8.17287e-05
8.43244e-05
8.65271e-05
8.83116e-05
8.96649e-05
9.05873e-05
9.10631e-05
9.1098e-05
9.07224e-05
8.99514e-05
8.88272e-05
8.74011e-05
8.57152e-05
8.38097e-05
8.17389e-05
7.95611e-05
7.73429e-05
7.51572e-05
7.30768e-05
7.11654e-05
6.94669e-05
6.79901e-05
6.66822e-05
6.54205e-05
6.39984e-05
6.21437e-05
5.96106e-05
5.63033e-05
5.23587e-05
4.81304e-05
4.40664e-05
4.05541e-05
3.78126e-05
3.58747e-05
3.46385e-05
3.39448e-05
3.36283e-05
3.35505e-05
3.36144e-05
3.37614e-05
3.39668e-05
3.4232e-05
3.45721e-05
3.50037e-05
3.55362e-05
3.61695e-05
3.68963e-05
3.77065e-05
3.859e-05
3.9539e-05
4.0547e-05
4.16096e-05
4.27228e-05
4.38836e-05
4.50896e-05
4.63388e-05
4.76296e-05
4.89607e-05
5.03309e-05
5.17403e-05
5.31861e-05
5.46732e-05
5.61892e-05
5.77644e-05
5.93246e-05
6.10716e-05
6.251e-05
6.47804e-05
6.11934e-05
6.37709e-05
6.64754e-05
6.92996e-05
7.22048e-05
7.51889e-05
7.82574e-05
8.14146e-05
8.46655e-05
8.80154e-05
9.1468e-05
9.50248e-05
9.86849e-05
0.000102445
0.000106297
0.000110234
0.000114242
0.000118307
0.000122408
0.000126521
0.000130618
0.000134663
0.000138621
0.000142453
0.000146119
0.000149584
0.000152815
0.000155786
0.000158477
0.000160874
0.000162965
0.000164737
0.000166171
0.000167244
0.000167935
0.000168249
0.000168234
0.000167981
0.000167532
0.000166745
0.000165644
0.000164241
0.000162543
0.000160563
0.000158328
0.000155875
0.000153251
0.000150518
0.000147747
0.000145005
0.00014235
0.000139818
0.000137411
0.000135099
0.000132809
0.000130445
0.000127911
0.00012517
0.000122295
0.000119472
0.000116945
0.000114934
0.000113565
0.000112845
0.000112686
0.000112947
0.00011348
0.000114167
0.000114925
0.000115708
0.000116498
0.000117307
0.00011816
0.000119087
0.000120117
0.000121264
0.000122532
0.000123917
0.00012541
0.000127004
0.00012869
0.000130461
0.00013231
0.00013423
0.000136213
0.000138254
0.000140347
0.000142487
0.000144671
0.000146896
0.000149157
0.000151455
0.000153784
0.000156149
0.000158534
0.000160975
0.000163384
0.000165964
0.000168275
0.000171181
0.000170085
0.000172177
0.000174295
0.00017635
0.000178359
0.000180327
0.000182256
0.000184149
0.000186008
0.000187832
0.000189617
0.000191359
0.000193053
0.00019469
0.00019626
0.00019775
0.000199147
0.000200434
0.000201595
0.000202617
0.000203484
0.000204188
0.000204721
0.000205081
0.000205267
0.000205284
0.000205137
0.000204835
0.000204388
0.000203811
0.000203126
0.000202361
0.000201555
0.000200748
0.000199977
0.000199236
0.000198512
0.000197701
0.000196811
0.000195914
0.000194961
0.000193953
0.000192883
0.000191754
0.000190578
0.000189374
0.000188176
0.000187022
0.000185956
0.000185017
0.000184233
0.000183618
0.000183173
0.000182885
0.000182738
0.000182719
0.000182849
0.000183191
0.000183836
0.000184867
0.000186309
0.000188106
0.000190142
0.000192282
0.000194415
0.000196476
0.00019844
0.000200308
0.000202098
0.000203843
0.000205572
0.000207314
0.000209092
0.000210917
0.000212792
0.000214711
0.000216671
0.000218668
0.0002207
0.000222765
0.000224861
0.000226987
0.00022914
0.000231317
0.000233517
0.000235737
0.000237976
0.000240233
0.000242507
0.000244798
0.000247104
0.000249427
0.00025176
0.000254119
0.00025647
0.000258881
0.000261221
0.000263703
0.000266065
0.00026831
0.000204356
0.000203584
0.000203307
0.000202965
0.000202546
0.000202031
0.000201395
0.000200623
0.000199701
0.000198609
0.000197324
0.000195825
0.000194089
0.000192093
0.000189818
0.00018725
0.000184381
0.000181209
0.000177737
0.000173972
0.000169926
0.000165616
0.000161064
0.000156299
0.000151358
0.000146286
0.00014114
0.000135989
0.000130911
0.000125993
0.000121324
0.000116988
0.000113046
0.000109538
0.000106501
0.000104006
0.000102245
0.000101561
0.000101995
0.000103425
0.000105859
0.000109418
0.000114109
0.000119855
0.00012652
0.000133911
0.0001418
0.000149941
0.000158096
0.000166058
0.000173664
0.00018081
0.000187453
0.000193606
0.000199322
0.000204673
0.000209731
0.000214547
0.000219153
0.000223561
0.000227764
0.000231748
0.000235499
0.000239012
0.000242304
0.000245406
0.000248352
0.000251169
0.000253881
0.000256508
0.000259062
0.000261546
0.000263972
0.000266349
0.000268688
0.000270999
0.000273287
0.00027556
0.000277819
0.000280067
0.000282307
0.000284542
0.000286773
0.000289002
0.000291234
0.000293468
0.000295708
0.000297954
0.000300209
0.000302473
0.000304749
0.000307034
0.000309339
0.000311642
0.000313991
0.000316281
0.000318749
0.000320856
0.000323754
0.000325266
9.77377e-06
8.00073e-05
0.000120108
0.000141213
0.00014542
0.000143877
0.000139839
0.000132223
0.000118369
9.36776e-05
6.02633e-05
4.61146e-05
7.37364e-05
0.000127515
0.000190946
0.00025455
0.000312583
0.000362266
0.000402412
0.000432814
0.000453897
0.000466314
0.000470613
0.000467193
0.000457949
0.000444619
0.000428365
0.000408652
0.000385135
0.000357004
0.000323991
0.000286999
0.000248986
0.000215494
0.000193404
0.000187674
0.000196928
0.000215009
0.000236208
0.000257095
0.000276035
0.000292527
0.000306521
0.000317476
0.000324861
0.000329127
0.000331261
0.000332149
0.000332215
0.000331603
0.000330384
0.0003287
0.000326804
0.000325004
0.000323551
0.000322585
0.000322118
0.00032208
0.000322363
0.000322865
0.000323515
0.00032427
0.000325114
0.000326044
0.000327064
0.00032818
0.000329393
0.000330704
0.00033211
0.00033361
0.000335199
0.000336878
0.000338645
0.000340497
0.000342432
0.000344447
0.000346537
0.000348699
0.000350928
0.000353218
0.000355566
0.000357967
0.000360416
0.00036291
0.000365447
0.000368022
0.000370633
0.000373278
0.000375955
0.000378661
0.000381398
0.000384157
0.000386949
0.00038975
0.000392608
0.000395409
0.000398403
0.000401008
0.000404495
0.000406349
7.21383e-05
0.000117913
0.000103031
8.67866e-05
6.69194e-05
4.54253e-05
3.38717e-05
4.12485e-05
6.14323e-05
8.30154e-05
0.000110258
0.000160267
0.000209066
0.000232792
0.000236837
0.000223658
0.00019554
0.000157619
0.000115645
7.43176e-05
3.74241e-05
1.6631e-05
3.50505e-05
5.77206e-05
7.79105e-05
9.46849e-05
0.000106348
0.000116104
0.000127762
0.000144709
0.000165484
0.000183865
0.000192729
0.000188846
0.00017375
0.000151747
0.000127541
0.000104663
8.51725e-05
6.9699e-05
5.81397e-05
5.00497e-05
4.53801e-05
4.44161e-05
4.62088e-05
4.97033e-05
5.5119e-05
6.23672e-05
7.08254e-05
7.96951e-05
8.83728e-05
9.6584e-05
0.000104292
0.000111565
0.00011849
0.000125134
0.000131531
0.000137689
0.000143595
0.000149227
0.000154566
0.000159597
0.000164322
0.000168753
0.000172917
0.000176848
0.000180585
0.000184164
0.000187615
0.000190961
0.000194218
0.000197396
0.000200506
0.000203558
0.000206559
0.00020952
0.00021245
0.000215356
0.000218245
0.000221124
0.000223997
0.000226869
0.000229744
0.000232625
0.000235514
0.000238414
0.000241327
0.000244253
0.000247194
0.000250151
0.000253124
0.000256117
0.000259121
0.000262157
0.000265184
0.000268287
0.000271303
0.000274529
0.00027749
0.000280745
0.000149169
0.000116804
6.20685e-05
4.57649e-05
4.29727e-05
4.01139e-05
4.07666e-05
4.59974e-05
5.90346e-05
8.89084e-05
0.000141814
0.00018805
0.00019737
0.000180247
0.000147636
0.000108584
7.14673e-05
4.15932e-05
1.95149e-05
3.11703e-06
1.5971e-05
3.54464e-05
5.70157e-05
7.86592e-05
9.72516e-05
0.000109178
0.000114016
0.000112971
0.00011079
0.000114822
0.000128562
0.000145862
0.000156924
0.000156337
0.000144386
0.000124968
0.00010289
8.21437e-05
6.48899e-05
5.17466e-05
4.2362e-05
3.59041e-05
3.15453e-05
2.87106e-05
2.68366e-05
2.53731e-05
2.36872e-05
2.11872e-05
1.78816e-05
1.42947e-05
1.13476e-05
1.00789e-05
1.07942e-05
1.27502e-05
1.52043e-05
1.7822e-05
2.04889e-05
2.31714e-05
2.58695e-05
2.85982e-05
3.13735e-05
3.42008e-05
3.7069e-05
3.99529e-05
4.28217e-05
4.56494e-05
4.84202e-05
5.11306e-05
5.37847e-05
5.63893e-05
5.8949e-05
6.14648e-05
6.3935e-05
6.63571e-05
6.87305e-05
7.10566e-05
7.33394e-05
7.55842e-05
7.77973e-05
7.99851e-05
8.21535e-05
8.43086e-05
8.64558e-05
8.86002e-05
9.07465e-05
9.28989e-05
9.50613e-05
9.7237e-05
9.94288e-05
0.00010164
0.000103872
0.000106128
0.000108407
0.000110719
0.000113046
0.000115438
0.000117783
0.00012037
0.000122534
0.00012565
0.000197244
8.0493e-05
2.33678e-05
3.65864e-05
4.48729e-05
4.7424e-05
4.70287e-05
4.63705e-05
5.73939e-05
9.68024e-05
0.000142543
0.0001559
0.000137445
0.000103492
6.74601e-05
4.07193e-05
2.83725e-05
2.6921e-05
2.7724e-05
2.46785e-05
2.40421e-05
4.00326e-05
6.51247e-05
9.00937e-05
0.000109296
0.00011867
0.00011714
0.000107572
9.6522e-05
9.24612e-05
9.99799e-05
0.000113665
0.000124437
0.000126284
0.00011807
0.000102655
8.46314e-05
6.7845e-05
5.43461e-05
4.4499e-05
3.76402e-05
3.28288e-05
2.92543e-05
2.63307e-05
2.38028e-05
2.16522e-05
1.98435e-05
1.82488e-05
1.66769e-05
1.49708e-05
1.31035e-05
1.11858e-05
9.40055e-06
7.9166e-06
6.82274e-06
6.1071e-06
5.68181e-06
5.43572e-06
5.27424e-06
5.13364e-06
4.97418e-06
4.77415e-06
4.5324e-06
4.27409e-06
4.04861e-06
3.91326e-06
3.90727e-06
4.03568e-06
4.27763e-06
4.60676e-06
5.00401e-06
5.45852e-06
5.9631e-06
6.51025e-06
7.09095e-06
7.69566e-06
8.3161e-06
8.94625e-06
9.58242e-06
1.02227e-05
1.08665e-05
1.15137e-05
1.2165e-05
1.28213e-05
1.34837e-05
1.41539e-05
1.48333e-05
1.55237e-05
1.62266e-05
1.69441e-05
1.76771e-05
1.84287e-05
1.91973e-05
1.99916e-05
2.07973e-05
2.16526e-05
2.24757e-05
2.34706e-05
2.41808e-05
2.54796e-05
0.000216158
4.1672e-05
1.8237e-05
3.82584e-05
4.9008e-05
5.22568e-05
5.04051e-05
5.11191e-05
6.81627e-05
0.0001008
0.000119662
0.000108977
8.0211e-05
4.95104e-05
2.96996e-05
2.62493e-05
3.37163e-05
4.07784e-05
3.76115e-05
2.27892e-05
1.57953e-05
4.05184e-05
6.88394e-05
9.48741e-05
0.000116248
0.000127859
0.000125935
0.000112003
9.41921e-05
8.32875e-05
8.39923e-05
9.14061e-05
9.93952e-05
0.000102456
9.75098e-05
8.59186e-05
7.17043e-05
5.86009e-05
4.84434e-05
4.12394e-05
3.6119e-05
3.22081e-05
2.89601e-05
2.61494e-05
2.37195e-05
2.15925e-05
1.96584e-05
1.78636e-05
1.61664e-05
1.45194e-05
1.28838e-05
1.12594e-05
9.6968e-06
8.27921e-06
7.08605e-06
6.15756e-06
5.47953e-06
4.9979e-06
4.64618e-06
4.37092e-06
4.13924e-06
3.93087e-06
3.72603e-06
3.50258e-06
3.24408e-06
2.95028e-06
2.63963e-06
2.34128e-06
2.08257e-06
1.87956e-06
1.73336e-06
1.6318e-06
1.55584e-06
1.48798e-06
1.41795e-06
1.34337e-06
1.26674e-06
1.19171e-06
1.12078e-06
1.0548e-06
9.93431e-07
9.35898e-07
8.81473e-07
8.29618e-07
7.79944e-07
7.32113e-07
6.85822e-07
6.40762e-07
5.96775e-07
5.53676e-07
5.11881e-07
4.71394e-07
4.34442e-07
4.0068e-07
3.77847e-07
3.61487e-07
3.7464e-07
3.86843e-07
4.91785e-07
4.25653e-07
0.000212863
2.09198e-05
2.34507e-05
3.74133e-05
4.78992e-05
5.01793e-05
5.04973e-05
5.59559e-05
7.29039e-05
9.08104e-05
9.09123e-05
7.14651e-05
4.64524e-05
3.03427e-05
2.77486e-05
3.42128e-05
4.25744e-05
4.24856e-05
3.05468e-05
1.6273e-05
2.64611e-05
4.83626e-05
7.00864e-05
9.096e-05
0.000109959
0.000122541
0.000122627
0.000109364
9.06586e-05
7.80924e-05
7.44771e-05
7.6194e-05
8.17375e-05
8.59135e-05
8.31914e-05
7.39706e-05
6.24171e-05
5.22026e-05
4.46379e-05
3.92372e-05
3.50742e-05
3.15361e-05
2.83654e-05
2.54865e-05
2.28842e-05
2.05528e-05
1.84935e-05
1.6688e-05
1.5074e-05
1.35694e-05
1.21046e-05
1.06453e-05
9.20506e-06
7.84153e-06
6.63173e-06
5.63889e-06
4.88815e-06
4.35947e-06
4.00237e-06
3.75688e-06
3.57483e-06
3.42504e-06
3.28729e-06
3.14391e-06
2.97735e-06
2.775e-06
2.53672e-06
2.27727e-06
2.02008e-06
1.78653e-06
1.58823e-06
1.42665e-06
1.29673e-06
1.19044e-06
1.09886e-06
1.01474e-06
9.34513e-07
8.58222e-07
7.87784e-07
7.25066e-07
6.70902e-07
6.2506e-07
5.86698e-07
5.54829e-07
5.28571e-07
5.07203e-07
4.90123e-07
4.76771e-07
4.66668e-07
4.59244e-07
4.54299e-07
4.50841e-07
4.5002e-07
4.47963e-07
4.53004e-07
4.4531e-07
4.69966e-07
4.31172e-07
5.28467e-07
4.69195e-07
0.000195611
2.25783e-05
2.68999e-05
3.42733e-05
4.1897e-05
4.5316e-05
4.88029e-05
5.65497e-05
6.95724e-05
7.76186e-05
7.14465e-05
5.52904e-05
4.1704e-05
3.69971e-05
3.87773e-05
4.523e-05
4.9995e-05
4.70331e-05
4.03591e-05
3.95748e-05
4.75062e-05
5.98891e-05
7.2785e-05
8.60603e-05
9.98494e-05
0.000110485
0.000110894
9.8704e-05
8.18797e-05
7.13532e-05
6.59952e-05
6.44282e-05
6.99866e-05
7.52165e-05
7.29029e-05
6.44666e-05
5.47189e-05
4.67531e-05
4.09422e-05
3.64521e-05
3.25909e-05
2.90875e-05
2.59007e-05
2.30509e-05
2.05502e-05
1.83784e-05
1.64901e-05
1.4831e-05
1.33433e-05
1.19706e-05
1.06627e-05
9.38883e-06
8.15085e-06
6.98436e-06
5.94298e-06
5.0753e-06
4.40614e-06
3.92683e-06
3.60087e-06
3.3779e-06
3.2115e-06
3.07028e-06
2.9374e-06
2.80318e-06
2.65883e-06
2.49526e-06
2.30652e-06
2.09465e-06
1.87158e-06
1.65543e-06
1.46261e-06
1.30114e-06
1.1698e-06
1.06233e-06
9.72372e-07
8.94464e-07
8.24129e-07
7.5837e-07
6.96222e-07
6.38319e-07
5.85783e-07
5.39304e-07
4.98871e-07
4.63978e-07
4.33943e-07
4.08129e-07
3.86009e-07
3.67162e-07
3.51207e-07
3.37805e-07
3.26674e-07
3.17391e-07
3.102e-07
3.03536e-07
3.01146e-07
2.93163e-07
3.04814e-07
2.77054e-07
3.42867e-07
2.54801e-07
0.000171285
3.20725e-05
3.04235e-05
3.00126e-05
3.36066e-05
3.90622e-05
4.59831e-05
5.53213e-05
6.61331e-05
7.14619e-05
6.70757e-05
5.75646e-05
5.02837e-05
4.75721e-05
4.98429e-05
5.5611e-05
5.88192e-05
5.68257e-05
5.33301e-05
5.25061e-05
5.5569e-05
6.11437e-05
6.79138e-05
7.63248e-05
8.66474e-05
9.53697e-05
9.53184e-05
8.38302e-05
7.05727e-05
6.33655e-05
5.6924e-05
5.55278e-05
6.32044e-05
6.79434e-05
6.42654e-05
5.59783e-05
4.78643e-05
4.16701e-05
3.6921e-05
3.28675e-05
2.91903e-05
2.5854e-05
2.28894e-05
2.03022e-05
1.80636e-05
1.61258e-05
1.44408e-05
1.29655e-05
1.16551e-05
1.04621e-05
9.3428e-06
8.26823e-06
7.23391e-06
6.26085e-06
5.38541e-06
4.6427e-06
4.05219e-06
3.61124e-06
3.29493e-06
3.06586e-06
2.8874e-06
2.73399e-06
2.59259e-06
2.45726e-06
2.32282e-06
2.18268e-06
2.03052e-06
1.86363e-06
1.68513e-06
1.50383e-06
1.33189e-06
1.18004e-06
1.05383e-06
9.51473e-07
8.6724e-07
7.95624e-07
7.33197e-07
6.77636e-07
6.26973e-07
5.79897e-07
5.36133e-07
4.96157e-07
4.60532e-07
4.29452e-07
4.02688e-07
3.79772e-07
3.60186e-07
3.43479e-07
3.29287e-07
3.17283e-07
3.07284e-07
2.98834e-07
2.92347e-07
2.86102e-07
2.83982e-07
2.76415e-07
2.86245e-07
2.62083e-07
3.14208e-07
2.42788e-07
0.000144938
4.2546e-05
3.3531e-05
2.50464e-05
2.41889e-05
3.27978e-05
4.43162e-05
5.63065e-05
6.76586e-05
7.37513e-05
7.20374e-05
6.54621e-05
5.89535e-05
5.57483e-05
5.77581e-05
6.2852e-05
6.53689e-05
6.35061e-05
5.91388e-05
5.51905e-05
5.32919e-05
5.34284e-05
5.63829e-05
6.26074e-05
7.19231e-05
7.99171e-05
7.88733e-05
6.82708e-05
5.97638e-05
5.48232e-05
4.79544e-05
5.04928e-05
5.95487e-05
6.15815e-05
5.60109e-05
4.82669e-05
4.17898e-05
3.68482e-05
3.27183e-05
2.90025e-05
2.56427e-05
2.26713e-05
2.00933e-05
1.78742e-05
1.59607e-05
1.42984e-05
1.28403e-05
1.15482e-05
1.03881e-05
9.32759e-06
8.33739e-06
7.39725e-06
6.50344e-06
5.67048e-06
4.92375e-06
4.28678e-06
3.77081e-06
3.37105e-06
3.06844e-06
2.83591e-06
2.64693e-06
2.48287e-06
2.33456e-06
2.19795e-06
2.06885e-06
1.94088e-06
1.80727e-06
1.66414e-06
1.51252e-06
1.3577e-06
1.20731e-06
1.06901e-06
9.48655e-07
8.48976e-07
7.67949e-07
7.0081e-07
6.42703e-07
5.91105e-07
5.45134e-07
5.04152e-07
4.67259e-07
4.33722e-07
4.03339e-07
3.76266e-07
3.52647e-07
3.32396e-07
3.15216e-07
3.00713e-07
2.8852e-07
2.78278e-07
2.69841e-07
2.62719e-07
2.57442e-07
2.52182e-07
2.50897e-07
2.44252e-07
2.53369e-07
2.3221e-07
2.75185e-07
2.16337e-07
0.00012014
5.27214e-05
3.71091e-05
1.99521e-05
1.38596e-05
2.84833e-05
4.52424e-05
6.03265e-05
7.27624e-05
7.94805e-05
7.86914e-05
7.24254e-05
6.49927e-05
6.06456e-05
6.16432e-05
6.55769e-05
6.7398e-05
6.46058e-05
5.81554e-05
5.06884e-05
4.39938e-05
4.02421e-05
4.18597e-05
4.84038e-05
5.8142e-05
6.56571e-05
6.31375e-05
5.43329e-05
5.0904e-05
4.59149e-05
4.12925e-05
4.92068e-05
5.64252e-05
5.47216e-05
4.81022e-05
4.15355e-05
3.64543e-05
3.23344e-05
2.86878e-05
2.54036e-05
2.25023e-05
1.99867e-05
1.78184e-05
1.594e-05
1.42964e-05
1.28429e-05
1.1547e-05
1.03853e-05
9.33701e-06
8.38021e-06
7.49245e-06
6.65637e-06
5.867e-06
5.13442e-06
4.4784e-06
3.91729e-06
3.45846e-06
3.09554e-06
2.81153e-06
2.58476e-06
2.39512e-06
2.22909e-06
2.08057e-06
1.94739e-06
1.82655e-06
1.71208e-06
1.59662e-06
1.47482e-06
1.34595e-06
1.21387e-06
1.08474e-06
9.64513e-07
8.57081e-07
7.64785e-07
6.88033e-07
6.2554e-07
5.73899e-07
5.29378e-07
4.89591e-07
4.53801e-07
4.21947e-07
3.93725e-07
3.68567e-07
3.46033e-07
3.25997e-07
3.08481e-07
2.93457e-07
2.80755e-07
2.70129e-07
2.61246e-07
2.53974e-07
2.478e-07
2.43293e-07
2.38638e-07
2.37653e-07
2.31598e-07
2.39617e-07
2.20763e-07
2.57802e-07
2.0817e-07
9.88601e-05
6.23631e-05
4.2582e-05
1.83839e-05
5.85986e-06
2.82732e-05
4.85241e-05
6.53826e-05
7.80827e-05
8.45061e-05
8.36139e-05
7.69051e-05
6.84292e-05
6.27208e-05
6.20165e-05
6.4164e-05
6.47904e-05
6.10636e-05
5.31547e-05
4.29388e-05
3.25135e-05
2.62833e-05
2.82744e-05
3.62727e-05
4.71007e-05
5.34884e-05
4.8822e-05
4.39013e-05
4.34654e-05
3.73884e-05
3.92587e-05
4.92317e-05
5.20001e-05
4.73898e-05
4.10449e-05
3.58602e-05
3.17849e-05
2.82667e-05
2.51122e-05
2.23167e-05
1.98803e-05
1.77666e-05
1.59216e-05
1.42951e-05
1.28486e-05
1.1554e-05
1.03909e-05
9.34326e-06
8.39576e-06
7.53149e-06
6.73238e-06
5.9837e-06
5.28051e-06
4.63087e-06
4.05161e-06
3.5582e-06
3.15535e-06
2.83474e-06
2.57923e-06
2.3694e-06
2.18894e-06
2.02795e-06
1.88305e-06
1.75394e-06
1.63906e-06
1.53346e-06
1.42996e-06
1.32247e-06
1.20879e-06
1.0913e-06
9.75366e-07
8.66683e-07
7.69227e-07
6.84476e-07
6.12411e-07
5.5217e-07
5.02656e-07
4.61796e-07
4.26973e-07
3.95994e-07
3.67897e-07
3.42665e-07
3.20422e-07
3.00991e-07
2.84e-07
2.69141e-07
2.56259e-07
2.45254e-07
2.36032e-07
2.28365e-07
2.22189e-07
2.16994e-07
2.13346e-07
2.09466e-07
2.08975e-07
2.03726e-07
2.111e-07
1.945e-07
2.26294e-07
1.83601e-07
8.02998e-05
6.68907e-05
4.70878e-05
1.91903e-05
1.13352e-05
3.37405e-05
5.29231e-05
6.97164e-05
8.15331e-05
8.71973e-05
8.58809e-05
7.8849e-05
6.97261e-05
6.2736e-05
6.0012e-05
5.99995e-05
5.91657e-05
5.48176e-05
4.6504e-05
3.52906e-05
2.33154e-05
1.56491e-05
1.80755e-05
2.7845e-05
3.96321e-05
4.27661e-05
3.67295e-05
3.75512e-05
3.58884e-05
3.20896e-05
4.08776e-05
4.78217e-05
4.60528e-05
4.03787e-05
3.51407e-05
3.11012e-05
2.77336e-05
2.47395e-05
2.2072e-05
1.97277e-05
1.76759e-05
1.58697e-05
1.42661e-05
1.28329e-05
1.15465e-05
1.03884e-05
9.34378e-06
8.40004e-06
7.54541e-06
6.76651e-06
6.04834e-06
5.37781e-06
4.74964e-06
4.1701e-06
3.6541e-06
3.21589e-06
2.85953e-06
2.57612e-06
2.34829e-06
2.15746e-06
1.98923e-06
1.83602e-06
1.69656e-06
1.5723e-06
1.46325e-06
1.36564e-06
1.27294e-06
1.17879e-06
1.08001e-06
9.77604e-07
8.75674e-07
7.79233e-07
6.92169e-07
6.16177e-07
5.51197e-07
4.95998e-07
4.4952e-07
4.10812e-07
3.78766e-07
3.51891e-07
3.2864e-07
3.07952e-07
2.89468e-07
2.73213e-07
2.59161e-07
2.47095e-07
2.36728e-07
2.27825e-07
2.2027e-07
2.13906e-07
2.08766e-07
2.04421e-07
2.01454e-07
1.9819e-07
1.9799e-07
1.93387e-07
2.00036e-07
1.85264e-07
2.13545e-07
1.76529e-07
6.06334e-05
5.95129e-05
5.04792e-05
3.218e-05
1.85054e-05
3.89517e-05
5.93547e-05
7.26908e-05
8.27484e-05
8.75075e-05
8.56136e-05
7.84603e-05
6.91715e-05
6.12881e-05
5.67574e-05
5.46727e-05
5.23931e-05
4.76561e-05
3.97309e-05
2.91783e-05
1.78023e-05
9.22543e-06
1.14824e-05
2.41925e-05
3.47736e-05
3.19784e-05
2.91576e-05
3.29175e-05
2.85439e-05
3.25663e-05
4.23254e-05
4.39744e-05
3.95405e-05
3.43586e-05
3.03183e-05
2.70919e-05
2.42723e-05
2.17489e-05
1.95084e-05
1.75283e-05
1.57704e-05
1.4199e-05
1.27882e-05
1.15188e-05
1.03748e-05
9.34175e-06
8.40715e-06
7.56047e-06
6.79203e-06
6.09106e-06
5.44516e-06
4.84289e-06
4.27921e-06
3.75939e-06
3.29711e-06
2.90612e-06
2.59051e-06
2.34129e-06
2.14083e-06
1.97064e-06
1.81717e-06
1.67425e-06
1.54205e-06
1.42349e-06
1.31993e-06
1.22877e-06
1.14417e-06
1.05985e-06
9.72089e-07
8.80984e-07
7.8972e-07
7.02634e-07
6.23302e-07
5.53544e-07
4.93511e-07
4.4237e-07
3.98932e-07
3.62126e-07
3.31129e-07
3.05335e-07
2.83796e-07
2.65531e-07
2.49682e-07
2.35778e-07
2.23691e-07
2.134e-07
2.04792e-07
1.97631e-07
1.91692e-07
1.86714e-07
1.82699e-07
1.79247e-07
1.76976e-07
1.74322e-07
1.7447e-07
1.7051e-07
1.76718e-07
1.63622e-07
1.88622e-07
1.56198e-07
3.58288e-05
4.70969e-05
6.43523e-05
7.20335e-05
6.95681e-05
6.12812e-05
6.43039e-05
7.59e-05
8.22194e-05
8.48289e-05
8.29107e-05
7.61771e-05
6.7118e-05
5.87348e-05
5.28532e-05
4.91225e-05
4.56706e-05
4.07086e-05
3.34862e-05
2.42538e-05
1.43956e-05
4.59725e-06
1.02179e-05
2.51605e-05
2.89873e-05
2.18586e-05
2.69692e-05
2.69059e-05
2.56386e-05
3.58252e-05
4.1037e-05
3.8471e-05
3.35595e-05
2.94802e-05
2.63575e-05
2.37108e-05
2.13422e-05
1.92173e-05
1.73201e-05
1.56219e-05
1.40942e-05
1.27162e-05
1.14724e-05
1.03492e-05
9.33352e-06
8.41297e-06
7.57682e-06
6.81646e-06
6.1244e-06
5.49228e-06
4.90991e-06
4.36731e-06
3.85952e-06
3.39081e-06
2.97379e-06
2.62193e-06
2.33995e-06
2.11949e-06
1.9431e-06
1.79227e-06
1.6537e-06
1.52184e-06
1.39779e-06
1.28553e-06
1.18759e-06
1.1025e-06
1.02521e-06
9.4972e-07
8.71995e-07
7.91472e-07
7.10619e-07
6.3321e-07
5.6252e-07
5.00255e-07
4.4658e-07
4.00699e-07
3.61501e-07
3.28012e-07
2.99523e-07
2.75544e-07
2.5543e-07
2.38632e-07
2.24551e-07
2.12645e-07
2.02534e-07
1.94018e-07
1.87009e-07
1.81378e-07
1.7697e-07
1.73501e-07
1.70881e-07
1.68649e-07
1.67348e-07
1.65513e-07
1.66114e-07
1.62872e-07
1.68687e-07
1.57218e-07
1.79752e-07
1.51551e-07
5.87575e-05
5.64334e-05
7.13577e-05
8.92891e-05
0.000104318
0.000109017
9.99614e-05
8.38845e-05
8.12058e-05
8.16813e-05
7.81582e-05
7.17598e-05
6.36525e-05
5.55498e-05
4.89534e-05
4.40502e-05
3.97197e-05
3.46247e-05
2.80175e-05
2.00636e-05
1.1509e-05
2.79767e-06
1.64313e-05
2.61702e-05
1.90914e-05
1.89059e-05
2.5064e-05
2.1249e-05
2.8791e-05
3.7209e-05
3.71067e-05
3.27966e-05
2.86633e-05
2.55776e-05
2.30785e-05
2.08651e-05
1.88634e-05
1.70581e-05
1.54292e-05
1.39548e-05
1.26179e-05
1.14062e-05
1.03085e-05
9.31361e-06
8.41024e-06
7.58804e-06
6.83831e-06
6.15426e-06
5.5301e-06
4.95927e-06
4.43332e-06
3.94345e-06
3.48489e-06
3.06115e-06
2.68388e-06
2.36631e-06
2.11382e-06
1.91892e-06
1.76458e-06
1.63229e-06
1.50877e-06
1.38868e-06
1.27359e-06
1.1682e-06
1.07597e-06
9.96402e-07
9.25235e-07
8.56853e-07
7.87099e-07
7.1492e-07
6.42188e-07
5.72217e-07
5.08064e-07
4.51441e-07
4.02597e-07
3.60805e-07
3.25009e-07
2.94289e-07
2.68018e-07
2.45567e-07
2.26641e-07
2.10778e-07
1.97523e-07
1.86447e-07
1.77172e-07
1.69413e-07
1.63022e-07
1.5788e-07
1.53937e-07
1.51033e-07
1.49132e-07
1.47784e-07
1.47427e-07
1.46612e-07
1.48017e-07
1.45844e-07
1.51779e-07
1.4221e-07
1.62622e-07
1.3883e-07
)
;

boundaryField
{
    outlet
    {
        type            zeroGradient;
    }
    inlet
    {
        type            zeroGradient;
    }
    lowerWall
    {
        type            zeroGradient;
    }
    upperWall
    {
        type            zeroGradient;
    }
    frontAndBack
    {
        type            empty;
    }
}


// ************************************************************************* //
