/*--------------------------------*- C++ -*----------------------------------*\
| =========                 |                                                 |
| \\      /  F ield         | OpenFOAM: The Open Source CFD Toolbox           |
|  \\    /   O peration     | Version:  2.1.1                                 |
|   \\  /    A nd           | Web:      www.OpenFOAM.org                      |
|    \\/     M anipulation  |                                                 |
\*---------------------------------------------------------------------------*/
FoamFile
{
    version     2.0;
    format      ascii;
    class       volScalarField;
    location    "0.04";
    object      p;
}
// * * * * * * * * * * * * * * * * * * * * * * * * * * * * * * * * * * * * * //

dimensions      [0 2 -2 0 0 0 0];

internalField   nonuniform List<scalar> 
6820
(
9.62242
-8.21272
-11.2197
-11.4053
-11.576
-11.4998
-11.4394
-11.4471
-11.4885
-11.5484
-11.6183
-11.6928
-11.7697
-11.8477
-11.9263
-12.0052
-12.0841
-12.1631
-12.242
-12.3209
-12.3999
-12.4791
-12.5587
-12.6389
-12.7201
-12.8024
-12.8865
-12.9725
-13.0617
-13.1513
-13.2514
-13.3324
-13.4792
2.941
-8.03178
-10.9088
-11.2073
-11.4579
-11.4777
-11.4537
-11.4725
-11.5156
-11.5725
-11.6384
-11.7093
-11.7832
-11.8588
-11.9356
-12.0132
-12.0911
-12.1694
-12.2478
-12.3264
-12.4051
-12.4841
-12.5635
-12.6436
-12.7246
-12.8068
-12.8908
-12.9764
-13.0649
-13.1557
-13.2555
-13.3519
-13.5088
0.225924
-6.60195
-9.88892
-10.6454
-11.1116
-11.3061
-11.3609
-11.4125
-11.475
-11.5442
-11.6188
-11.6963
-11.7752
-11.8545
-11.9338
-12.013
-12.0921
-12.1709
-12.2496
-12.3281
-12.4066
-12.4852
-12.5641
-12.6435
-12.7236
-12.8048
-12.8875
-12.9718
-13.0589
-13.148
-13.2443
-13.3375
-13.4567
-1.7599
-6.37523
-9.46805
-10.3261
-10.7963
-11.0701
-11.1951
-11.2909
-11.3846
-11.4745
-11.5621
-11.6485
-11.734
-11.8186
-11.9023
-11.9852
-12.0673
-12.1487
-12.2295
-12.3098
-12.3896
-12.4692
-12.5487
-12.6282
-12.7081
-12.7885
-12.8697
-12.9521
-13.0362
-13.1219
-13.212
-13.3029
-13.4078
-3.39597
-6.47633
-9.07713
-9.97959
-10.4858
-10.839
-11.0344
-11.1701
-11.2886
-11.3955
-11.4951
-11.5908
-11.6833
-11.7733
-11.8613
-11.9477
-12.0327
-12.1164
-12.1989
-12.2805
-12.3611
-12.441
-12.5203
-12.5992
-12.6777
-12.756
-12.8344
-12.9127
-12.9914
-13.0702
-13.1505
-13.23
-13.3139
-4.61924
-6.65794
-8.82707
-9.77033
-10.2957
-10.6762
-10.9067
-11.0653
-11.2002
-11.3201
-11.4295
-11.5327
-11.6314
-11.7264
-11.8185
-11.9082
-11.9957
-12.0815
-12.1656
-12.2483
-12.3296
-12.4098
-12.4888
-12.5668
-12.6438
-12.7198
-12.7947
-12.8684
-12.9408
-13.0113
-13.0802
-13.1455
-13.2099
-5.57062
-6.94507
-8.71057
-9.61668
-10.1298
-10.5187
-10.7795
-10.9638
-11.1168
-11.2504
-11.3699
-11.4805
-11.5848
-11.6842
-11.7798
-11.8722
-11.9621
-12.0496
-12.1351
-12.2187
-12.3006
-12.3809
-12.4595
-12.5365
-12.6119
-12.6856
-12.7573
-12.8267
-12.8934
-12.9565
-13.0152
-13.0675
-13.1121
-6.31733
-7.25198
-8.66023
-9.50185
-10.0035
-10.3941
-10.6738
-10.8756
-11.0408
-11.1841
-11.3114
-11.4282
-11.5375
-11.6412
-11.7403
-11.8357
-11.9279
-12.0174
-12.1044
-12.189
-12.2715
-12.3519
-12.4302
-12.5064
-12.5804
-12.652
-12.7208
-12.7863
-12.8478
-12.9041
-12.9538
-12.9945
-13.0229
-6.91032
-7.55639
-8.67124
-9.43273
-9.91208
-10.2912
-10.5774
-10.7909
-10.9664
-11.1187
-11.2537
-11.3768
-11.4913
-11.5991
-11.7017
-11.7999
-11.8944
-11.9856
-12.0739
-12.1595
-12.2425
-12.323
-12.401
-12.4765
-12.5491
-12.6187
-12.6848
-12.7468
-12.8037
-12.8542
-12.8966
-12.9282
-12.9451
-7.38745
-7.84268
-8.72015
-9.39308
-9.84354
-10.2069
-10.4942
-10.7158
-10.8989
-11.0581
-11.1992
-11.3274
-11.4461
-11.5576
-11.6632
-11.764
-11.8606
-11.9536
-12.0432
-12.1297
-12.2133
-12.294
-12.3718
-12.4465
-12.518
-12.586
-12.6498
-12.7088
-12.762
-12.808
-12.845
-12.8705
-12.8805
-7.77563
-8.10315
-8.79316
-9.37907
-9.79722
-10.1414
-10.4235
-10.6481
-10.8359
-10.9999
-11.146
-11.2787
-11.4014
-11.5164
-11.6251
-11.7284
-11.8271
-11.9218
-12.0127
-12.1002
-12.1843
-12.2653
-12.3429
-12.4171
-12.4877
-12.5543
-12.6163
-12.673
-12.7235
-12.7664
-12.7999
-12.8221
-12.8294
-8.09448
-8.33546
-8.87939
-9.38384
-9.76719
-10.0901
-10.3632
-10.5876
-10.778
-10.9456
-11.0956
-11.2321
-11.3583
-11.4764
-11.5877
-11.6933
-11.7939
-11.8901
-11.9823
-12.0707
-12.1555
-12.2367
-12.3143
-12.3882
-12.4581
-12.5237
-12.5844
-12.6397
-12.6885
-12.7297
-12.7617
-12.7831
-12.7909
-8.35836
-8.53967
-8.97072
-9.40208
-9.75037
-10.0513
-10.3131
-10.5345
-10.7254
-10.8948
-11.0476
-11.187
-11.3162
-11.4369
-11.5507
-11.6585
-11.761
-11.8588
-11.9522
-12.0416
-12.1271
-12.2087
-12.2864
-12.3601
-12.4297
-12.4947
-12.5547
-12.6092
-12.6573
-12.6981
-12.7305
-12.7532
-12.7645
-8.57781
-8.71723
-9.06153
-9.42918
-9.7434
-10.0224
-10.2713
-10.4876
-10.6773
-10.8475
-11.0021
-11.1439
-11.2755
-11.3987
-11.5147
-11.6245
-11.7287
-11.828
-11.9226
-12.013
-12.0991
-12.1812
-12.2592
-12.333
-12.4025
-12.4674
-12.5272
-12.5816
-12.63
-12.6716
-12.7056
-12.7312
-12.7475
-8.76068
-8.87015
-9.14788
-9.46121
-9.74344
-10.0012
-10.2367
-10.4465
-10.6338
-10.8037
-10.9592
-11.1027
-11.2363
-11.3615
-11.4795
-11.5911
-11.697
-11.7977
-11.8936
-11.9849
-12.0719
-12.1545
-12.233
-12.3071
-12.3768
-12.4419
-12.5022
-12.5572
-12.6065
-12.6498
-12.6865
-12.7163
-12.7387
-8.91283
-9.00049
-9.22717
-9.49498
-9.74796
-9.98572
-10.2078
-10.4103
-10.5942
-10.7629
-10.9188
-11.0635
-11.1987
-11.3256
-11.4454
-11.5587
-11.6662
-11.7682
-11.8653
-11.9576
-12.0454
-12.1288
-12.2078
-12.2824
-12.3526
-12.4183
-12.4793
-12.5355
-12.5865
-12.6321
-12.6723
-12.7068
-12.7358
-9.03867
-9.11021
-9.29768
-9.52785
-9.75476
-9.97401
-10.1833
-10.3781
-10.5581
-10.7251
-10.8808
-11.0262
-11.1626
-11.2911
-11.4125
-11.5274
-11.6363
-11.7397
-11.838
-11.9314
-12.02
-12.1042
-12.1839
-12.2593
-12.3303
-12.3969
-12.459
-12.5167
-12.5698
-12.6183
-12.6623
-12.702
-12.7376
-9.1415
-9.20097
-9.3583
-9.55773
-9.76186
-9.96442
-10.1617
-10.3489
-10.5247
-10.6898
-10.8449
-10.9908
-11.1282
-11.258
-11.3808
-11.4972
-11.6075
-11.7122
-11.8117
-11.9061
-11.9957
-12.0807
-12.1613
-12.2375
-12.3094
-12.377
-12.4406
-12.5
-12.5554
-12.607
-12.6549
-12.6996
-12.7416
-9.2238
-9.27417
-9.40832
-9.58291
-9.76758
-9.95542
-10.1419
-10.322
-10.4936
-10.6566
-10.811
-10.9571
-11.0955
-11.2265
-11.3507
-11.4684
-11.5801
-11.6861
-11.7868
-11.8823
-11.973
-12.0589
-12.1404
-12.2176
-12.2905
-12.3595
-12.4245
-12.4859
-12.5438
-12.5984
-12.6502
-12.6997
-12.7474
-9.28737
-9.33084
-9.44723
-9.60201
-9.77041
-9.94559
-10.1226
-10.2963
-10.4641
-10.625
-10.7787
-10.9251
-11.0642
-11.1964
-11.3219
-11.441
-11.554
-11.6613
-11.7631
-11.8597
-11.9513
-12.0382
-12.1207
-12.1988
-12.2729
-12.3431
-12.4096
-12.4729
-12.5331
-12.5906
-12.6459
-12.6996
-12.7523
-9.33348
-9.37175
-9.47463
-9.61387
-9.76902
-9.93368
-10.1027
-10.2709
-10.4354
-10.5947
-10.748
-10.8947
-11.0347
-11.1681
-11.2949
-11.4154
-11.5299
-11.6385
-11.7415
-11.8392
-11.9319
-12.0199
-12.1033
-12.1825
-12.2577
-12.3292
-12.3973
-12.4623
-12.5247
-12.5848
-12.6432
-12.7004
-12.7572
-9.36293
-9.39732
-9.4901
-9.61746
-9.76221
-9.91848
-10.0811
-10.245
-10.407
-10.5651
-10.7182
-10.8655
-11.0065
-11.1411
-11.2693
-11.3912
-11.507
-11.6168
-11.721
-11.8198
-11.9135
-12.0024
-12.0867
-12.1668
-12.243
-12.3156
-12.385
-12.4515
-12.5156
-12.5778
-12.6386
-12.6986
-12.7585
-9.37609
-9.4077
-9.49318
-9.61185
-9.74887
-9.89893
-10.0569
-10.2179
-10.3783
-10.5361
-10.6896
-10.8379
-10.9803
-11.1165
-11.2463
-11.3698
-11.4871
-11.5984
-11.7039
-11.8038
-11.8986
-11.9884
-12.0736
-12.1546
-12.2318
-12.3054
-12.3759
-12.4437
-12.5093
-12.5731
-12.6357
-12.6976
-12.7596
-9.37297
-9.4027
-9.48327
-9.59606
-9.72789
-9.87391
-10.0291
-10.1885
-10.3484
-10.5065
-10.661
-10.8107
-10.9547
-11.0926
-11.2241
-11.3493
-11.468
-11.5806
-11.6873
-11.7882
-11.8838
-11.9744
-12.0603
-12.142
-12.2197
-12.294
-12.3652
-12.4338
-12.5002
-12.565
-12.6287
-12.6917
-12.7548
-9.35318
-9.38183
-9.4596
-9.56915
-9.69833
-9.84261
-9.99705
-10.1566
-10.3176
-10.4774
-10.634
-10.7859
-10.9323
-11.0726
-11.2063
-11.3335
-11.4541
-11.5682
-11.6762
-11.7783
-11.8749
-11.9663
-12.0529
-12.1351
-12.2133
-12.288
-12.3596
-12.4287
-12.4955
-12.5607
-12.6247
-12.688
-12.7512
-9.3159
-9.34422
-9.42114
-9.52991
-9.65884
-9.80358
-9.95917
-10.1205
-10.2837
-10.446
-10.6054
-10.7601
-10.9091
-11.0519
-11.1879
-11.317
-11.4393
-11.555
-11.6641
-11.7671
-11.8644
-11.9562
-12.0431
-12.1255
-12.2038
-12.2785
-12.35
-12.4189
-12.4855
-12.5504
-12.614
-12.6768
-12.7392
-9.25988
-9.2886
-9.36671
-9.47734
-9.60885
-9.75688
-9.91637
-10.082
-10.2498
-10.4167
-10.5805
-10.7395
-10.8924
-11.0386
-11.1777
-11.3095
-11.434
-11.5514
-11.6619
-11.766
-11.864
-11.9563
-12.0434
-12.1258
-12.2039
-12.2783
-12.3493
-12.4175
-12.4834
-12.5473
-12.6098
-12.6712
-12.7319
-9.18325
-9.21313
-9.29437
-9.40931
-9.54575
-9.69917
-9.86432
-10.0357
-10.2091
-10.3815
-10.5503
-10.714
-10.8711
-11.0211
-11.1633
-11.2977
-11.4244
-11.5434
-11.6552
-11.7601
-11.8585
-11.9509
-12.0379
-12.1198
-12.1973
-12.2708
-12.3407
-12.4077
-12.4721
-12.5345
-12.5951
-12.6546
-12.7131
-9.08358
-9.11563
-9.20274
-9.32574
-9.4713
-9.63452
-9.80972
-9.99089
-10.1735
-10.3544
-10.5309
-10.7012
-10.8641
-11.0189
-11.1652
-11.3029
-11.4321
-11.553
-11.6661
-11.7717
-11.8705
-11.9628
-12.0493
-12.1305
-12.2069
-12.2791
-12.3475
-12.4127
-12.4751
-12.5351
-12.5931
-12.6496
-12.7048
-8.95731
-8.99226
-9.08729
-9.22052
-9.37688
-9.55118
-9.73746
-9.92935
-10.1221
-10.3123
-10.4973
-10.6751
-10.8445
-11.0048
-11.1557
-11.297
-11.4289
-11.5519
-11.6662
-11.7725
-11.8714
-11.9634
-12.0491
-12.1291
-12.2039
-12.2743
-12.3406
-12.4033
-12.4631
-12.5202
-12.5752
-12.6284
-12.6802
-8.80031
-8.8406
-8.94942
-9.10073
-9.27637
-9.47007
-9.67492
-9.88374
-10.0915
-10.2946
-10.4907
-10.6778
-10.8548
-11.0213
-11.177
-11.3219
-11.4565
-11.5812
-11.6966
-11.8032
-11.9017
-11.9928
-12.0771
-12.1553
-12.228
-12.2958
-12.3593
-12.4189
-12.4751
-12.5285
-12.5793
-12.628
-12.6748
-8.60514
-8.65016
-8.77301
-8.9416
-9.13503
-9.34737
-9.57124
-9.79848
-10.0234
-10.2422
-10.4521
-10.651
-10.8381
-11.0127
-11.1748
-11.3246
-11.4627
-11.5897
-11.7062
-11.8132
-11.9112
-12.0012
-12.0839
-12.1599
-12.2301
-12.2949
-12.3551
-12.4111
-12.4636
-12.5129
-12.5595
-12.6038
-12.6463
-8.36663
-8.42634
-8.58203
-8.78878
-9.01812
-9.26303
-9.51546
-9.76685
-10.012
-10.2475
-10.4712
-10.6814
-10.8774
-11.059
-11.2263
-11.38
-11.5205
-11.6488
-11.7657
-11.872
-11.9686
-12.0565
-12.1365
-12.2093
-12.2758
-12.3365
-12.3921
-12.4432
-12.4904
-12.5342
-12.5749
-12.6129
-12.6487
-8.06258
-8.12472
-8.30045
-8.53393
-8.79401
-9.07406
-9.36252
-9.64766
-9.92307
-10.185
-10.4309
-10.6591
-10.8695
-11.0621
-11.2377
-11.397
-11.5413
-11.6716
-11.789
-11.8949
-11.9901
-12.0759
-12.1531
-12.2226
-12.2853
-12.3419
-12.393
-12.4394
-12.4816
-12.5201
-12.5554
-12.5881
-12.6186
-7.70338
-7.82086
-8.08224
-8.38708
-8.69846
-9.01933
-9.34095
-9.65276
-9.95025
-10.2308
-10.4922
-10.7334
-10.9541
-11.1547
-11.3361
-11.4993
-11.6455
-11.7762
-11.8926
-11.9961
-12.0881
-12.1696
-12.2418
-12.3057
-12.3622
-12.4122
-12.4564
-12.4954
-12.5299
-12.5603
-12.5873
-12.6113
-12.6329
-7.17621
-7.26752
-7.56662
-7.93935
-8.33171
-8.73633
-9.13267
-9.5069
-9.85539
-10.1762
-10.4683
-10.7323
-10.9695
-11.1816
-11.3706
-11.5385
-11.6871
-11.8184
-11.9341
-12.0359
-12.1252
-12.2034
-12.2718
-12.3315
-12.3833
-12.4283
-12.4671
-12.5003
-12.5286
-12.5526
-12.5728
-12.5899
-12.6048
-6.68327
-7.00596
-7.47474
-7.89505
-8.30707
-8.73795
-9.1594
-9.55793
-9.93192
-10.2777
-10.5923
-10.8753
-11.1277
-11.3508
-11.5468
-11.718
-11.8668
-11.9956
-12.1066
-12.202
-12.2836
-12.3532
-12.4122
-12.462
-12.5036
-12.5381
-12.5662
-12.5885
-12.6055
-12.6177
-12.6253
-12.6291
-12.6293
-5.38259
-5.70487
-6.47902
-7.18024
-7.81873
-8.42761
-8.97483
-9.46014
-9.89383
-10.2797
-10.6213
-10.9226
-11.1877
-11.4199
-11.6223
-11.7978
-11.9492
-12.079
-12.1897
-12.2835
-12.3625
-12.4283
-12.4828
-12.5272
-12.5629
-12.5907
-12.6115
-12.6258
-12.6338
-12.6357
-12.6308
-12.6203
-12.5998
-5.37166
-6.11731
-6.7237
-7.19338
-7.79653
-8.43356
-9.02776
-9.5816
-10.0888
-10.5389
-10.931
-11.2685
-11.5558
-11.7977
-11.9995
-12.1665
-12.3035
-12.4148
-12.5045
-12.5758
-12.6316
-12.6746
-12.7067
-12.7298
-12.7453
-12.7544
-12.7579
-12.7563
-12.7495
-12.7366
-12.7147
-12.681
-12.6214
0.87619
-3.73219
-5.51836
-6.37182
-7.37721
-8.2569
-8.96131
-9.57321
-10.1089
-10.5689
-10.9621
-11.2969
-11.5796
-11.8165
-12.0136
-12.1763
-12.3095
-12.4176
-12.5043
-12.573
-12.6265
-12.6674
-12.6977
-12.7192
-12.7333
-12.7414
-12.7446
-12.7436
-12.7394
-12.7317
-12.7232
-12.7089
-12.7002
-13.3526
-14.3136
-15.3781
-15.4482
-13.8712
-10.8553
-7.17839
-4.02376
-2.45005
-2.88707
-5.26302
-9.47068
-15.0753
-21.5247
-28.3213
-35.1006
-41.5841
-47.4621
-52.3245
-55.7032
-57.242
-56.7889
-54.598
-51.1701
-46.9044
-41.9952
-36.6158
-31.0813
-25.774
-20.95
-16.6876
-12.9764
-9.78703
-7.08653
-4.8356
-2.98809
-1.49442
-0.3052
0.626313
1.34274
1.88187
2.27645
2.5544
2.73914
2.85016
2.90351
2.91232
2.8873
2.83714
2.76881
2.68792
2.59897
2.50557
2.41059
2.31627
2.22429
2.13575
2.05128
1.97113
1.89528
1.82355
1.75568
1.69138
1.63035
1.57228
1.51685
1.46375
1.4127
1.36342
1.31569
1.26931
1.22409
1.17989
1.13654
1.09391
1.05186
1.01029
0.969071
0.928118
0.88733
0.846629
0.805943
0.765202
0.724346
0.683319
0.642072
0.60056
0.558746
0.516587
0.474065
0.431122
0.387792
0.343918
0.29976
0.254674
0.209974
0.162756
0.119166
0.0660929
0.0314809
-13.5707
-14.3181
-15.1652
-15.0432
-13.4162
-10.4872
-7.02938
-4.13164
-2.61185
-2.89452
-5.29053
-9.34086
-14.6001
-20.6554
-27.0718
-33.4825
-39.5893
-45.0831
-49.5938
-52.7106
-54.1606
-53.8631
-52.0437
-49.0332
-45.0685
-40.3355
-35.1189
-29.8346
-24.8524
-20.3482
-16.3503
-12.8413
-9.80058
-7.20567
-5.02589
-3.22249
-1.75237
-0.571582
0.362169
1.08804
1.64116
2.05235
2.34813
2.55098
2.67973
2.75005
2.77483
2.76467
2.7282
2.67241
2.60293
2.52432
2.44022
2.35359
2.26671
2.18134
2.09864
2.01932
1.94369
1.87179
1.80349
1.73859
1.67685
1.61803
1.56185
1.50804
1.45634
1.40648
1.35822
1.31136
1.26572
1.22113
1.17745
1.13454
1.09228
1.05054
1.00922
0.968213
0.927431
0.886789
0.846202
0.805608
0.764942
0.724144
0.683163
0.64195
0.600467
0.558671
0.516524
0.474011
0.431073
0.387746
0.343868
0.299712
0.254613
0.209925
0.162675
0.119132
0.0659982
0.0314914
-13.5673
-14.171
-14.7634
-14.4987
-12.9402
-10.265
-7.12542
-4.47171
-3.12741
-3.5353
-5.73705
-9.55846
-14.5084
-20.1214
-26.0562
-32.0064
-37.6776
-42.7622
-46.9169
-49.7935
-51.2
-51.0943
-49.5986
-46.8745
-43.0868
-38.4932
-33.5021
-28.5567
-23.9451
-19.7641
-16.0199
-12.703
-9.80574
-7.31481
-5.20662
-3.44878
-2.00406
-0.833639
0.100554
0.834299
1.40014
1.82695
2.13983
2.36027
2.50644
2.59356
2.63426
2.63899
2.6163
2.57317
2.51527
2.44717
2.37257
2.29446
2.21521
2.13662
2.05994
1.98593
1.91497
1.84716
1.78242
1.72061
1.66155
1.60502
1.55083
1.49873
1.44849
1.39989
1.35271
1.30678
1.26192
1.218
1.17488
1.13245
1.09059
1.04919
1.00814
0.967372
0.926781
0.886295
0.845838
0.805344
0.764762
0.724029
0.683099
0.641926
0.600472
0.558698
0.516567
0.474065
0.431132
0.387808
0.343927
0.299772
0.254661
0.209983
0.162706
0.119203
0.0660117
0.0315884
-13.5437
-13.9506
-14.2683
-13.8808
-12.4602
-10.1593
-7.51822
-5.29866
-4.16032
-4.55888
-6.62639
-10.1325
-14.7003
-19.9036
-25.3632
-30.8025
-35.9769
-40.6162
-44.4206
-47.1105
-48.5176
-48.559
-47.2256
-44.5976
-40.8955
-36.4945
-31.8445
-27.31
-23.0764
-19.2001
-15.6923
-12.5586
-9.80122
-7.4134
-5.37731
-3.66638
-2.24886
-1.09072
-0.157905
0.582113
1.15934
1.6007
1.92988
2.16734
2.33055
2.43424
2.49076
2.51036
2.50152
2.47117
2.42498
2.36755
2.30262
2.23322
2.16178
2.09015
2.01966
1.95114
1.88502
1.82145
1.76042
1.70183
1.64555
1.59143
1.53931
1.48899
1.44028
1.39299
1.34694
1.30196
1.25792
1.21469
1.17215
1.13021
1.08876
1.0477
1.00695
0.966411
0.926014
0.885688
0.845361
0.804973
0.764476
0.72381
0.682933
0.6418
0.600378
0.558628
0.516513
0.474022
0.431095
0.387775
0.343892
0.299739
0.254617
0.209949
0.162647
0.11918
0.0659415
0.0315977
-13.4165
-13.6343
-13.7314
-13.2986
-12.1104
-10.286
-8.21941
-6.47013
-5.58714
-5.96713
-7.79185
-10.951
-15.1094
-19.8765
-24.9026
-29.8957
-34.6142
-38.825
-42.3096
-44.8341
-46.1594
-46.1252
-44.7151
-42.0768
-38.5181
-34.443
-30.2275
-26.1206
-22.2446
-18.6512
-15.3666
-12.409
-9.78798
-7.50189
-5.53804
-3.87515
-2.48646
-1.34242
-0.412761
0.331932
0.919179
1.374
1.71863
1.97249
2.15231
2.27231
2.3445
2.37893
2.38396
2.36648
2.33212
2.28551
2.23041
2.16989
2.10643
2.04193
1.9778
1.91492
1.85378
1.7946
1.73741
1.68216
1.62878
1.57717
1.52721
1.47875
1.43164
1.38573
1.34085
1.29688
1.2537
1.2112
1.16928
1.12786
1.08685
1.04616
1.00571
0.965436
0.925252
0.8851
0.844916
0.804647
0.764239
0.723647
0.682829
0.641741
0.600354
0.55863
0.516534
0.474056
0.431136
0.387821
0.343937
0.299786
0.254654
0.209995
0.162671
0.119235
0.0659525
0.0316703
-13.2782
-13.3676
-13.3276
-12.8998
-11.9393
-10.5375
-8.99638
-7.73527
-7.1556
-7.56224
-9.12927
-11.8508
-15.5277
-19.8394
-24.4423
-29.037
-33.374
-37.2304
-40.3927
-42.6023
-43.6315
-43.3717
-41.8735
-39.3436
-36.097
-32.463
-28.7053
-24.9986
-21.4479
-18.1157
-15.0423
-12.2543
-9.76608
-7.58025
-5.68864
-4.07478
-2.71646
-1.58826
-0.663498
0.0842696
0.680153
1.14729
1.50647
1.77606
1.972
2.10799
2.19567
2.24486
2.26376
2.25919
2.23677
2.2011
2.15598
2.1045
2.04917
1.99198
1.93437
1.87729
1.8213
1.76665
1.71344
1.66166
1.61129
1.56229
1.51458
1.46806
1.42262
1.37814
1.33449
1.29156
1.24927
1.20753
1.16625
1.12538
1.08482
1.04451
1.00438
0.964361
0.924394
0.88442
0.844382
0.804231
0.763919
0.723405
0.682647
0.641607
0.600255
0.558559
0.516483
0.474019
0.431107
0.387798
0.343913
0.299765
0.254624
0.209973
0.162629
0.11922
0.065902
0.0316768
-13.1474
-13.1585
-13.0455
-12.6477
-11.876
-10.8066
-9.66947
-8.77873
-8.4455
-8.9142
-10.3212
-12.6716
-15.8437
-19.6187
-23.7227
-27.8727
-31.8041
-35.2725
-38.0198
-39.8463
-40.6139
-40.2613
-38.8711
-36.6412
-33.8163
-30.6336
-27.2905
-23.9372
-20.6803
-17.5919
-14.7199
-12.0952
-9.7361
-7.64876
-5.82917
-4.26512
-2.93855
-1.82785
-0.90967
-0.160411
0.442714
0.92099
1.29379
1.57838
1.78992
1.94153
2.04448
2.1083
2.14104
2.14942
2.13901
2.1144
2.07938
2.03709
1.99006
1.94033
1.88939
1.83826
1.78755
1.73758
1.68848
1.64029
1.59305
1.54676
1.50138
1.45688
1.41318
1.37018
1.32781
1.28598
1.24462
1.20367
1.16307
1.12276
1.08269
1.04278
1.00299
0.963253
0.923519
0.883738
0.843858
0.803836
0.763628
0.723196
0.682505
0.641516
0.600205
0.55854
0.516486
0.474038
0.431136
0.387834
0.343949
0.299803
0.254656
0.210011
0.162649
0.119264
0.065913
0.0317303
-13.035
-13.0039
-12.8609
-12.5078
-11.895
-11.0858
-10.2544
-9.64188
-9.49371
-10.0052
-11.2851
-13.3378
-16.0689
-19.3115
-22.8544
-26.4626
-29.8948
-32.9061
-35.2726
-36.8435
-37.5089
-37.2324
-36.0787
-34.1918
-31.7558
-28.9582
-25.9688
-22.9276
-19.9402
-17.0809
-14.4003
-11.9325
-9.69843
-7.70764
-5.95966
-4.44604
-3.15247
-2.06081
-1.15084
-0.401647
0.207323
0.695548
1.08098
1.37981
1.60638
1.77322
1.89115
1.96945
2.01597
2.0373
2.03895
2.02549
2.00069
1.96771
1.92912
1.88699
1.84288
1.79785
1.75258
1.70742
1.66255
1.61809
1.57408
1.5306
1.48765
1.44524
1.40334
1.36189
1.32085
1.28016
1.23977
1.19964
1.15974
1.12002
1.08044
1.04095
1.0015
0.962058
0.922564
0.88298
0.843262
0.803372
0.763271
0.722925
0.682302
0.641367
0.600098
0.558464
0.516434
0.474003
0.431112
0.387816
0.343933
0.29979
0.254636
0.209997
0.162621
0.119254
0.0658776
0.0317329
-12.9424
-12.8909
-12.7436
-12.4432
-11.9664
-11.3679
-10.7804
-10.3894
-10.3847
-10.9203
-12.0847
-13.8846
-16.2456
-19.0312
-22.0663
-25.1562
-28.0978
-30.6943
-32.7658
-34.1618
-34.7786
-34.5841
-33.6245
-32.0098
-29.8855
-27.4081
-24.726
-21.9662
-19.2279
-16.5834
-14.0843
-11.7667
-9.65358
-7.75724
-6.08026
-4.61751
-3.35801
-2.28682
-1.38661
-0.639005
-0.025581
0.471388
0.868457
1.18072
1.4217
1.60331
1.73594
1.82853
1.88872
1.92297
1.93671
1.93446
1.91999
1.89644
1.86642
1.83203
1.79488
1.75609
1.71639
1.67617
1.63567
1.59504
1.55438
1.5138
1.47337
1.43313
1.3931
1.35326
1.31359
1.27408
1.2347
1.19543
1.15625
1.11715
1.07809
1.03904
0.999958
0.960819
0.92158
0.882206
0.842662
0.802913
0.762928
0.722675
0.682126
0.641249
0.600026
0.558427
0.516423
0.474011
0.431132
0.387845
0.343965
0.299825
0.254665
0.210031
0.162642
0.119291
0.0658908
0.0317723
-12.8706
-12.8142
-12.6798
-12.4353
-12.0774
-11.6472
-11.2521
-11.033
-11.1369
-11.6851
-12.7486
-14.3348
-16.3859
-18.7914
-21.4059
-24.0651
-26.5988
-28.8433
-30.6411
-31.8546
-32.3995
-32.2492
-31.4336
-30.0344
-28.1683
-25.9666
-23.5573
-21.0529
-18.5441
-16.1004
-13.7729
-11.5985
-9.60215
-7.79796
-6.19117
-4.77952
-3.55502
-2.5056
-1.61663
-0.872078
-0.255569
0.248934
0.656614
0.981486
1.23623
1.43213
1.5791
1.68574
1.75948
1.8066
1.83243
1.84144
1.83737
1.82336
1.80202
1.7755
1.74544
1.71303
1.67902
1.64388
1.60787
1.57118
1.53398
1.4964
1.45856
1.42057
1.38247
1.34429
1.30605
1.26776
1.22942
1.19104
1.15262
1.11415
1.07563
1.03703
0.998326
0.959502
0.920524
0.881367
0.842001
0.802397
0.76253
0.722372
0.6819
0.641081
0.599907
0.558344
0.516367
0.473974
0.431108
0.38783
0.343953
0.299817
0.254653
0.210023
0.162622
0.119284
0.0658662
0.0317699
-12.8184
-12.7671
-12.6551
-12.4682
-12.2068
-11.9135
-11.6697
-11.5838
-11.7693
-12.3204
-13.2934
-14.6952
-16.4809
-18.5616
-20.8171
-23.1089
-25.2916
-27.2214
-28.7652
-29.8129
-30.2896
-30.1654
-29.4592
-28.2351
-26.5881
-24.6271
-22.4606
-20.1871
-17.8892
-15.6324
-13.4666
-11.4288
-9.54476
-7.83027
-6.29267
-4.93217
-3.74341
-2.71695
-1.84058
-1.10049
-0.48224
0.0285926
0.44585
0.782474
1.0503
1.25996
1.4209
1.54135
1.62846
1.68837
1.72627
1.74657
1.75296
1.74856
1.73601
1.71747
1.69463
1.6687
1.64052
1.61057
1.57917
1.54654
1.51289
1.4784
1.44325
1.40757
1.37146
1.335
1.29823
1.2612
1.22394
1.18648
1.14883
1.11103
1.07306
1.03493
0.99663
0.958137
0.919435
0.880506
0.841328
0.80188
0.76214
0.722084
0.681694
0.640948
0.599817
0.558293
0.516346
0.473975
0.431124
0.387856
0.343984
0.299851
0.254684
0.210057
0.162647
0.119318
0.0658842
0.0317997
-12.7835
-12.7437
-12.6588
-12.5237
-12.3466
-12.1632
-12.0374
-12.0528
-12.2965
-12.8415
-13.7318
-14.9727
-16.5288
-18.3281
-20.2712
-22.242
-24.116
-25.772
-27.097
-27.9958
-28.4023
-28.2893
-27.67
-26.5932
-25.1346
-23.3836
-21.4326
-19.3676
-17.2632
-15.1801
-13.1664
-11.2584
-9.48214
-7.85471
-6.38509
-5.0756
-3.92318
-2.9207
-2.0582
-1.32392
-0.705218
-0.189243
0.236555
0.584059
0.864263
1.08715
1.26163
1.39559
1.4959
1.56848
1.61841
1.64999
1.66688
1.67218
1.6685
1.65804
1.64251
1.62319
1.60094
1.5763
1.54961
1.52114
1.49114
1.45983
1.42744
1.39415
1.3601
1.3254
1.29015
1.25442
1.21826
1.18175
1.14491
1.10778
1.07039
1.03275
0.994852
0.956698
0.918279
0.879584
0.8406
0.80131
0.761699
0.721747
0.681441
0.640761
0.599682
0.558199
0.516282
0.473934
0.431098
0.387842
0.343974
0.299845
0.254677
0.210052
0.162634
0.11931
0.0658664
0.0317908
-12.7638
-12.7389
-12.6824
-12.5948
-12.4879
-12.3918
-12.3571
-12.4481
-12.7315
-13.2633
-14.0772
-15.177
-16.5337
-18.0889
-19.7606
-21.4513
-23.0551
-24.472
-25.6024
-26.3662
-26.707
-26.5992
-26.0497
-25.0958
-23.7978
-22.23
-20.4702
-18.5934
-16.666
-14.7441
-12.873
-11.088
-9.41503
-7.87187
-6.46886
-5.21006
-4.09438
-3.11677
-2.26928
-1.54206
-0.924161
-0.404204
0.0291048
0.386612
0.678472
0.914
1.1016
1.24875
1.36203
1.44715
1.50904
1.55189
1.5793
1.59433
1.5996
1.59731
1.58919
1.57657
1.56036
1.54112
1.51925
1.49504
1.46878
1.44074
1.41118
1.38033
1.34839
1.31551
1.28182
1.24742
1.21241
1.17686
1.14085
1.10443
1.06764
1.03049
0.993016
0.955216
0.917093
0.878644
0.839863
0.80074
0.761266
0.721426
0.681209
0.640599
0.599578
0.558139
0.516256
0.473932
0.431114
0.38787
0.344009
0.299884
0.254714
0.210091
0.162667
0.119346
0.0658921
0.0318153
-12.7556
-12.7475
-12.7189
-12.6736
-12.6246
-12.5974
-12.6319
-12.7777
-13.0858
-13.5985
-14.3413
-15.3161
-16.4993
-17.8427
-19.2787
-20.7261
-22.0976
-23.3014
-24.2602
-24.9038
-25.1829
-25.0736
-24.5792
-23.728
-22.5682
-21.1604
-19.5706
-17.8633
-16.0977
-14.325
-12.5873
-10.9185
-9.34422
-7.88242
-6.54446
-5.33582
-4.25712
-3.30512
-2.47368
-1.75468
-1.13877
-0.615948
-0.176142
0.19049
0.493275
0.740859
0.941117
1.10112
1.22713
1.32463
1.39837
1.45246
1.49039
1.51519
1.52946
1.53539
1.53477
1.52894
1.51885
1.50511
1.48815
1.46829
1.44585
1.42115
1.39449
1.36614
1.33637
1.30534
1.27325
1.24022
1.20637
1.17182
1.13666
1.10096
1.06478
1.02815
0.991102
0.953664
0.915841
0.877643
0.839069
0.800116
0.760781
0.721054
0.680928
0.640391
0.599427
0.558032
0.516182
0.473884
0.431084
0.387853
0.343998
0.299878
0.254708
0.210085
0.162657
0.119336
0.0658773
0.0317978
-12.7567
-12.7656
-12.7629
-12.7543
-12.7523
-12.7786
-12.8646
-13.0486
-13.3692
-13.8583
-14.5346
-15.3984
-16.4298
-17.5892
-18.8205
-20.0559
-21.2217
-22.2424
-23.0504
-23.5865
-23.8083
-23.6939
-23.2438
-22.4789
-21.4377
-20.1698
-18.7307
-17.1761
-15.5582
-13.9231
-12.31
-10.7509
-9.27054
-7.88706
-6.61244
-5.45328
-4.41162
-3.48579
-2.6713
-1.9616
-1.34877
-0.824168
-0.378851
-0.00395859
0.309017
0.568056
0.780498
0.952989
1.09146
1.20116
1.28665
1.3519
1.40034
1.43491
1.45822
1.47243
1.47937
1.4804
1.47651
1.46835
1.45638
1.44095
1.42241
1.40112
1.37742
1.35164
1.32406
1.29494
1.26447
1.23284
1.20019
1.16666
1.13237
1.09741
1.06185
1.02574
0.989146
0.952082
0.914573
0.876635
0.838277
0.799503
0.760315
0.720707
0.680678
0.640218
0.599316
0.557969
0.516156
0.473885
0.431105
0.387888
0.344041
0.299927
0.254758
0.210134
0.162702
0.119378
0.0659145
0.031821
-12.7639
-12.7892
-12.8098
-12.832
-12.8675
-12.9345
-13.0578
-13.2667
-13.5903
-14.0523
-14.6662
-15.4308
-16.3292
-17.3284
-18.3818
-19.4332
-20.4205
-21.281
-21.9566
-22.3974
-22.5667
-22.4448
-22.0298
-21.3376
-20.3984
-19.2531
-17.9479
-16.5307
-15.0472
-13.5389
-12.0419
-10.5859
-9.19486
-7.88655
-6.67341
-5.56287
-4.55814
-3.65891
-2.86214
-2.16267
-1.55396
-1.02859
-0.578713
-0.196407
0.126035
0.395926
0.620068
0.804672
0.955334
1.07703
1.17413
1.25047
1.30936
1.35371
1.38606
1.4086
1.42314
1.43108
1.43346
1.43095
1.42403
1.41311
1.39853
1.38071
1.36002
1.33684
1.31152
1.28432
1.25551
1.22529
1.19386
1.16137
1.12796
1.09375
1.05882
1.02326
0.987111
0.950426
0.913234
0.875561
0.837422
0.798829
0.759788
0.720301
0.680368
0.639986
0.599146
0.557847
0.51607
0.473827
0.431067
0.38786
0.344027
0.299918
0.25475
0.210126
0.162692
0.119361
0.0658992
0.031792
-12.7754
-12.8157
-12.8564
-12.904
-12.9688
-13.0659
-13.2149
-13.4381
-13.7573
-14.19
-14.7452
-15.4209
-16.2024
-17.0619
-17.9609
-18.8523
-19.6848
-20.4055
-20.9651
-21.3216
-21.4433
-21.3123
-20.9257
-20.2948
-19.4438
-18.4057
-17.2194
-15.9256
-14.5645
-13.1729
-11.7836
-10.4245
-9.11803
-7.88171
-6.72804
-5.66509
-4.69702
-3.82467
-3.04623
-2.35784
-1.75419
-1.229
-0.775455
-0.386549
-0.0553511
0.224798
0.460154
0.656489
0.819045
0.952522
1.06109
1.14841
1.2177
1.2718
1.3132
1.34407
1.36624
1.38114
1.38982
1.39302
1.39122
1.38485
1.3743
1.35999
1.34236
1.32183
1.29878
1.27354
1.24641
1.21763
1.18743
1.15599
1.12348
1.09004
1.05576
1.02075
0.985063
0.948769
0.911904
0.874504
0.836593
0.798187
0.759301
0.719941
0.680111
0.639811
0.599036
0.557789
0.516052
0.473839
0.431101
0.38791
0.344086
0.29998
0.254816
0.210191
0.162755
0.119414
0.0659518
0.0318171
-12.7884
-12.8418
-12.8993
-12.9671
-13.054
-13.1724
-13.3378
-13.5671
-13.8764
-14.2781
-14.7784
-15.3742
-16.0525
-16.7902
-17.5551
-18.3081
-19.0062
-19.6053
-20.0639
-20.3461
-20.425
-20.2845
-19.9207
-19.342
-18.5671
-17.6232
-16.5424
-15.3596
-14.1096
-12.8252
-11.5359
-10.2674
-9.04097
-7.87336
-6.77706
-5.76055
-4.8287
-3.98333
-3.2237
-2.54711
-1.94935
-1.42521
-0.968842
-0.574108
-0.234835
0.0549909
0.301083
0.508765
0.682917
0.827953
0.947817
1.04601
1.12563
1.18942
1.23984
1.27904
1.30885
1.33073
1.34576
1.35469
1.35805
1.35628
1.34979
1.33904
1.3245
1.30664
1.28589
1.26262
1.23718
1.20985
1.18089
1.15052
1.11891
1.08623
1.05261
1.01815
0.982932
0.947029
0.910493
0.873367
0.835683
0.797466
0.758735
0.7195
0.679772
0.639554
0.598845
0.557649
0.515953
0.473769
0.431054
0.387878
0.344065
0.299965
0.254805
0.210176
0.162742
0.11939
0.0659336
0.0317729
-12.8021
-12.8665
-12.9376
-13.0208
-13.1237
-13.2564
-13.4307
-13.6596
-13.9548
-14.325
-14.7737
-15.2975
-15.8848
-16.516
-17.1644
-17.7974
-18.3791
-18.8726
-19.243
-19.4602
-19.5009
-19.3508
-19.0058
-18.4715
-17.7627
-16.9014
-15.9145
-14.8314
-13.6822
-12.496
-11.2993
-10.1156
-8.96457
-7.86238
-6.82126
-5.84987
-4.95367
-4.13523
-3.39477
-2.73056
-2.13942
-1.61711
-1.15868
-0.75884
-0.412134
-0.113185
0.14318
0.361834
0.547285
0.703648
0.834636
0.943572
1.03342
1.10685
1.16625
1.21375
1.25119
1.28004
1.30143
1.31611
1.32467
1.32753
1.32514
1.31798
1.30655
1.29138
1.27293
1.25165
1.22791
1.20204
1.17433
1.14503
1.11433
1.08243
1.04947
1.01557
0.980834
0.945332
0.909133
0.872288
0.834839
0.796817
0.758246
0.719143
0.679522
0.63939
0.59875
0.557608
0.515953
0.473801
0.431109
0.38795
0.344148
0.300053
0.254897
0.210262
0.16283
0.119459
0.0660073
0.031802
-12.8135
-12.8869
-12.9685
-13.0629
-13.1765
-13.3174
-13.4949
-13.7185
-13.9965
-14.335
-14.7357
-15.1945
-15.7015
-16.2398
-16.787
-17.3161
-17.7971
-18.1993
-18.4935
-18.6539
-18.6609
-18.5018
-18.1723
-17.6762
-17.025
-16.2365
-15.333
-14.3395
-13.2819
-12.1856
-11.0745
-9.96972
-8.88974
-7.84969
-6.86146
-5.9338
-5.07251
-4.28082
-3.55972
-2.90835
-2.32444
-1.80463
-1.34484
-0.94054
-0.586993
-0.279438
-0.0132352
0.216031
0.412491
0.579953
0.721886
0.841426
0.941402
1.02438
1.0927
1.14845
1.19349
1.22929
1.25702
1.27747
1.29122
1.29872
1.30044
1.29687
1.28857
1.27608
1.25994
1.24063
1.21859
1.19417
1.1677
1.13946
1.10967
1.07855
1.04625
1.01291
0.978637
0.943532
0.907667
0.871102
0.833885
0.796055
0.757643
0.718671
0.679155
0.639109
0.598537
0.557449
0.515836
0.473716
0.431049
0.387907
0.344117
0.300028
0.254879
0.210238
0.162812
0.119418
0.0659845
0.0317368
-12.8236
-12.9038
-12.9929
-13.0948
-13.2148
-13.3592
-13.5352
-13.7497
-14.0086
-14.3159
-14.6716
-15.0719
-15.5076
-15.9645
-16.4239
-16.863
-17.257
-17.5803
-17.8083
-17.9195
-17.8969
-17.7296
-17.4131
-16.95
-16.3491
-15.6249
-14.7957
-13.8827
-12.9081
-11.8941
-10.8619
-9.83069
-8.81739
-7.83621
-6.89856
-6.0131
-5.18589
-4.42061
-3.71892
-3.08071
-2.50451
-1.98778
-1.52722
-1.11905
-0.759188
-0.443492
-0.167852
0.0716941
0.278892
0.457232
0.609931
0.739929
0.84991
0.942338
1.01949
1.08343
1.136
1.17872
1.21276
1.23895
1.25789
1.27004
1.27588
1.27591
1.27072
1.26091
1.24707
1.22973
1.20937
1.18639
1.16116
1.13398
1.10511
1.07476
1.04312
1.01034
0.976547
0.941845
0.906319
0.870038
0.833059
0.795426
0.757177
0.718337
0.67893
0.638972
0.59847
0.557436
0.515866
0.473779
0.431135
0.38801
0.344232
0.300147
0.255003
0.210353
0.162932
0.119508
0.0660868
0.0317691
-12.8289
-12.9138
-13.0077
-13.1139
-13.2366
-13.3807
-13.5517
-13.7544
-13.9931
-14.2698
-14.5839
-14.9314
-15.3041
-15.69
-16.0731
-16.4345
-16.7536
-17.009
-17.1801
-17.2489
-17.2009
-17.0264
-16.7212
-16.2869
-15.7303
-15.063
-14.3001
-13.4595
-12.5602
-11.6215
-10.6621
-9.69924
-8.74846
-7.82292
-6.93349
-6.08864
-5.29453
-4.55521
-3.87285
-3.24799
-2.67986
-2.16666
-1.70582
-1.29425
-0.928533
-0.605099
-0.320369
-0.0708381
0.14685
0.335863
0.499155
0.639463
0.75932
0.861082
0.946957
1.01899
1.07901
1.12857
1.16886
1.20076
1.22486
1.24163
1.25155
1.25515
1.25303
1.24586
1.23427
1.21887
1.20016
1.1786
1.15458
1.12844
1.10046
1.07087
1.03988
1.00765
0.974325
0.940017
0.904823
0.86882
0.832074
0.794634
0.756545
0.717838
0.678539
0.638667
0.598235
0.557258
0.515732
0.473678
0.43106
0.387954
0.344191
0.300111
0.254977
0.210317
0.162909
0.119449
0.0660619
0.0316754
-12.8323
-12.9201
-13.0165
-13.1242
-13.2465
-13.3872
-13.5504
-13.7395
-13.9572
-14.2044
-14.4799
-14.7796
-15.0965
-15.42
-15.7367
-16.031
-16.2855
-16.4824
-16.6046
-16.6368
-16.5669
-16.3863
-16.0912
-15.6822
-15.1646
-14.5478
-13.8442
-13.0688
-12.2377
-11.3678
-10.4755
-9.57615
-8.68387
-7.81082
-6.96725
-6.16135
-5.39928
-4.68533
-4.02207
-3.4106
-2.85076
-2.34143
-1.88068
-1.4661
-1.09488
-0.76404
-0.470505
-0.211232
0.016739
0.216245
0.389971
0.540443
0.670037
0.781001
0.875474
0.955474
1.02284
1.07914
1.12562
1.16316
1.19238
1.21376
1.22774
1.23488
1.23581
1.23124
1.22187
1.20836
1.19127
1.17109
1.14827
1.12315
1.09604
1.06721
1.03686
1.00518
0.972319
0.938405
0.903543
0.867819
0.831306
0.79406
0.756131
0.717555
0.678362
0.638576
0.598213
0.557289
0.515805
0.473782
0.431189
0.388097
0.344347
0.300268
0.255142
0.210465
0.16307
0.119561
0.0662007
0.0317041
-12.8289
-12.9177
-13.0145
-13.1213
-13.2408
-13.3759
-13.5294
-13.7037
-13.9003
-14.1194
-14.3594
-14.6163
-14.8837
-15.1527
-15.4121
-15.6485
-15.8476
-15.9946
-16.0751
-16.0764
-15.9881
-15.8027
-15.5168
-15.1305
-14.6478
-14.0761
-13.4257
-12.7091
-11.9401
-11.1331
-10.3026
-9.46216
-8.62455
-7.80094
-7.00089
-6.23223
-5.50105
-4.81177
-4.16727
-3.56909
-3.01764
-2.51235
-2.05195
-1.63462
-1.25815
-0.92013
-0.617993
-0.349159
-0.111064
0.0987876
0.282807
0.443304
0.582496
0.702518
0.805443
0.893263
0.967825
1.03073
1.08327
1.12636
1.16062
1.18652
1.20448
1.21507
1.21895
1.21689
1.20966
1.19796
1.18243
1.16359
1.14191
1.11778
1.09152
1.06341
1.03368
1.00253
0.97012
0.936587
0.902047
0.866594
0.830308
0.793253
0.755481
0.717036
0.677951
0.638253
0.59796
0.557093
0.515654
0.473666
0.431101
0.388028
0.344296
0.300223
0.255112
0.210419
0.163048
0.11948
0.0661827
0.0315703
-12.825
-12.9133
-13.0086
-13.1126
-13.2273
-13.3547
-13.497
-13.6556
-13.8312
-14.0235
-14.2305
-14.4487
-14.6722
-14.8934
-15.1027
-15.2891
-15.4406
-15.5447
-15.5897
-15.5646
-15.4608
-15.2718
-14.9944
-14.6284
-14.1768
-13.6455
-13.043
-12.3795
-11.6669
-10.9175
-10.1438
-9.35804
-8.57149
-7.79436
-7.03553
-6.30239
-5.60088
-4.93546
-4.30924
-3.72414
-3.181
-2.67981
-2.21986
-1.79991
-1.41833
-1.07324
-0.762605
-0.484301
-0.236173
-0.0160688
0.178137
0.348535
0.497178
0.626095
0.737298
0.83276
0.91435
0.983721
1.0422
1.09076
1.13
1.16037
1.18228
1.19626
1.20303
1.20341
1.19823
1.18828
1.17422
1.15666
1.13608
1.11289
1.08744
1.06003
1.0309
1.00027
0.968294
0.935131
0.900904
0.865714
0.829648
0.792775
0.755155
0.716833
0.677848
0.63823
0.598001
0.557183
0.515783
0.473823
0.431279
0.388218
0.344498
0.300422
0.255322
0.210602
0.163257
0.119609
0.0663692
0.031577
-12.8122
-12.8986
-12.9909
-13.0905
-13.1989
-13.3175
-13.4477
-13.5904
-13.7458
-13.913
-14.09
-14.2735
-14.4583
-14.6378
-14.804
-14.9476
-15.0585
-15.1265
-15.1415
-15.0947
-14.9784
-14.7872
-14.5182
-14.171
-13.7476
-13.2529
-12.6936
-12.0785
-11.4173
-10.7207
-9.99956
-9.2645
-8.52563
-7.79219
-7.07233
-6.373
-5.6999
-5.05745
-4.44893
-3.87654
-3.34151
-2.84431
-2.38476
-1.96216
-1.57544
-1.22327
-0.904128
-0.616353
-0.358209
-0.127897
0.0764233
0.25662
0.414585
0.552238
0.671531
0.774425
0.862817
0.938423
1.00264
1.05648
1.10056
1.13526
1.16095
1.17816
1.18764
1.19029
1.18703
1.17871
1.16605
1.14969
1.13015
1.10786
1.08319
1.05644
1.02789
0.997736
0.966179
0.933372
0.899447
0.864513
0.828663
0.791973
0.754504
0.716309
0.677429
0.637897
0.597739
0.556978
0.515624
0.473699
0.431185
0.388145
0.344446
0.300373
0.255297
0.21055
0.16325
0.119507
0.0663803
0.0313834
-12.8023
-12.8854
-12.9734
-13.0671
-13.1677
-13.2763
-13.3937
-13.5202
-13.6556
-13.799
-13.9483
-14.1003
-14.2506
-14.3934
-14.522
-14.6285
-14.7046
-14.7416
-14.7313
-14.6661
-14.5397
-14.3474
-14.0864
-13.7563
-13.3585
-12.8968
-12.3768
-11.8056
-11.1914
-10.5432
-9.87049
-9.18248
-8.48812
-7.7957
-7.11265
-6.44543
-5.79943
-5.179
-4.58749
-4.0273
-3.50003
-3.00655
-2.54716
-2.1217
-1.72965
-1.37021
-1.04237
-0.744969
-0.476696
-0.236121
-0.0217006
0.168207
0.335338
0.481516
0.608655
0.718725
0.813682
0.895327
0.965147
1.02419
1.07306
1.11206
1.14148
1.16183
1.17391
1.1787
1.17721
1.17037
1.15898
1.1437
1.12509
1.10362
1.07966
1.05353
1.02551
0.995813
0.964645
0.932168
0.898521
0.863822
0.828168
0.791639
0.754304
0.716217
0.677424
0.637961
0.597858
0.557138
0.515815
0.473913
0.431416
0.388383
0.344695
0.300613
0.255554
0.210764
0.163512
0.119639
0.0666327
0.0313274
-12.7809
-12.8598
-12.9424
-13.0294
-13.1216
-13.2197
-13.3242
-13.435
-13.5517
-13.6732
-13.7974
-13.9215
-14.0415
-14.1526
-14.2489
-14.324
-14.3707
-14.382
-14.351
-14.2711
-14.1372
-13.9452
-13.6926
-13.3788
-13.0048
-12.5736
-12.0897
-11.5588
-10.9878
-10.3845
-9.75666
-9.1125
-8.45982
-7.806
-7.15775
-6.521
-5.90082
-5.30141
-4.72612
-4.17752
-3.65748
-3.16725
-2.7076
-2.27887
-1.88109
-1.51401
-1.17717
-0.86988
-0.591292
-0.340341
-0.11578
0.0838124
0.260017
0.414559
0.549308
0.66625
0.76741
0.854717
0.929792
0.993753
1.04716
1.09022
1.12311
1.14632
1.16072
1.16741
1.16751
1.16202
1.15179
1.13754
1.11982
1.09912
1.07583
1.05028
1.02275
0.993487
0.962689
0.930529
0.897155
0.862689
0.827233
0.790873
0.753681
0.715714
0.677021
0.637641
0.597606
0.556942
0.515665
0.473799
0.431333
0.388321
0.344658
0.300577
0.255552
0.210719
0.163549
0.119515
0.0667189
0.031034
-12.7679
-12.8414
-12.9174
-12.9965
-13.0792
-13.166
-13.257
-13.3521
-13.4505
-13.551
-13.6519
-13.7505
-13.8434
-13.9263
-13.9943
-14.0421
-14.0636
-14.053
-14.0044
-13.9125
-13.7729
-13.5819
-13.3375
-13.0389
-12.6869
-12.2836
-11.8326
-11.3387
-10.8075
-10.2454
-9.65927
-9.05597
-8.44231
-7.82481
-7.20944
-6.60159
-6.00594
-5.42649
-4.86652
-4.32872
-3.81518
-3.32751
-2.86689
-2.43419
-2.02997
-1.65456
-1.30806
-0.990335
-0.70101
-0.439428
-0.204653
0.00452031
0.189542
0.352083
0.494029
0.617438
0.724475
0.817238
0.8975
0.966423
1.02446
1.07162
1.10791
1.13381
1.1503
1.15862
1.16004
1.15564
1.14635
1.1329
1.1159
1.09584
1.07311
1.04805
1.02095
0.992057
0.961573
0.929681
0.896532
0.862256
0.826958
0.790728
0.753641
0.715759
0.677133
0.637805
0.59781
0.557175
0.515919
0.474067
0.431612
0.3886
0.344947
0.300848
0.255851
0.210949
0.163872
0.119618
0.0670741
0.0308321
-12.7394
-12.807
-12.8759
-12.9469
-13.0201
-13.0958
-13.1739
-13.2541
-13.3357
-13.4174
-13.4975
-13.5737
-13.643
-13.7018
-13.7459
-13.7708
-13.7716
-13.7432
-13.6808
-13.58
-13.4369
-13.2486
-13.0131
-12.7296
-12.3985
-12.0216
-11.6015
-11.1422
-10.6482
-10.1249
-9.57782
-9.01298
-8.43619
-7.85308
-7.26894
-6.68856
-6.11621
-5.55561
-5.00997
-4.482
-3.97403
-3.48798
-3.02548
-2.58789
-2.17638
-1.79188
-1.43506
-1.10634
-0.805841
-0.533309
-0.288113
-0.0692616
0.12456
0.294944
0.443763
0.573143
0.68542
0.782971
0.867834
0.941274
1.0036
1.05451
1.09382
1.122
1.14019
1.14985
1.15237
1.14894
1.14051
1.12784
1.11153
1.09207
1.06987
1.04528
1.01859
0.990045
0.959868
0.928243
0.895328
0.861253
0.82613
0.79005
0.753091
0.715318
0.676784
0.637534
0.597603
0.557021
0.51581
0.473992
0.431569
0.388576
0.344953
0.30085
0.255906
0.210934
0.164001
0.119472
0.0673246
0.0303506
-12.7275
-12.7878
-12.8486
-12.9102
-12.9728
-13.0365
-13.1011
-13.1662
-13.2311
-13.2945
-13.355
-13.4104
-13.4581
-13.4952
-13.5181
-13.523
-13.5057
-13.4621
-13.3882
-13.2803
-13.135
-12.9499
-12.7231
-12.4539
-12.1426
-11.7901
-11.3989
-10.9717
-10.5123
-10.0252
-9.5148
-8.98616
-8.44416
-7.89361
-7.33907
-6.78471
-6.23435
-5.69138
-5.15887
-4.63955
-4.13591
-3.65018
-3.18441
-2.74047
-2.32015
-1.92505
-1.55654
-1.21572
-0.903271
-0.619392
-0.363764
-0.135578
0.0664127
0.243831
0.398702
0.533375
0.650492
0.752765
0.842475
0.920868
0.987901
1.04278
1.08501
1.11511
1.13451
1.14498
1.14812
1.14521
1.13724
1.12501
1.10912
1.09006
1.06823
1.04397
1.01756
0.989261
0.959295
0.92785
0.895087
0.861141
0.826123
0.790128
0.753237
0.715516
0.677021
0.637799
0.597887
0.557318
0.516114
0.474298
0.431878
0.388876
0.345263
0.30113
0.256232
0.211154
0.164396
0.119495
0.0678681
0.0298346
-12.6941
-12.7472
-12.7999
-12.8525
-12.9052
-12.9577
-13.01
-13.0614
-13.1113
-13.1586
-13.2019
-13.2393
-13.2688
-13.2876
-13.2928
-13.2813
-13.2497
-13.1944
-13.1121
-12.9997
-12.8544
-12.6741
-12.4571
-12.2028
-11.911
-11.5826
-11.2191
-10.8229
-10.3968
-9.94425
-9.46895
-8.97489
-8.46614
-7.9467
-7.42041
-6.89083
-6.36127
-5.83476
-5.31417
-4.80224
-4.30163
-3.81488
-3.3445
-2.89294
-2.46262
-2.05583
-1.67458
-1.32064
-0.995341
-0.699348
-0.432674
-0.194694
0.015762
0.200264
0.36087
0.500085
0.620932
0.726675
0.820095
0.902557
0.973649
1.03197
1.07663
1.10822
1.12847
1.1395
1.14311
1.14067
1.13318
1.12141
1.10596
1.08729
1.06581
1.04187
1.01574
0.987702
0.957965
0.926725
0.894144
0.860358
0.825483
0.789613
0.75283
0.715203
0.676788
0.637634
0.597779
0.557257
0.516094
0.474308
0.431919
0.388933
0.345354
0.301207
0.256388
0.211196
0.164689
0.119314
0.0684531
0.0289615
-12.688
-12.7321
-12.7752
-12.8172
-12.8584
-12.8985
-12.9373
-12.9742
-13.0087
-13.0398
-13.0661
-13.0863
-13.0985
-13.1003
-13.0895
-13.0634
-13.0191
-12.9537
-12.8646
-12.749
-12.6047
-12.4297
-12.2227
-11.9829
-11.71
-11.4046
-11.0676
-10.7008
-10.3062
-9.8865
-9.44452
-8.9834
-8.5064
-8.01674
-7.51752
-7.01169
-6.50196
-5.99093
-5.48113
-4.97526
-4.47604
-3.98626
-3.50881
-3.04673
-2.60329
-2.18183
-1.78527
-1.41626
-1.0768
-0.768102
-0.490492
-0.243465
-0.0257931
0.164291
0.329278
0.472276
0.596882
0.706795
0.804956
0.892438
0.968115
1.02985
1.07644
1.10869
1.12888
1.1396
1.14289
1.14022
1.13261
1.12082
1.10542
1.08687
1.06552
1.04169
1.01566
0.987705
0.958042
0.926867
0.894344
0.860608
0.825771
0.789929
0.753166
0.715549
0.677138
0.637983
0.598124
0.557593
0.516422
0.474624
0.432229
0.389226
0.345658
0.301469
0.256725
0.211375
0.165185
0.119177
0.0693906
0.0277814
-12.6523
-12.6883
-12.7227
-12.7556
-12.7867
-12.816
-12.843
-12.8675
-12.8887
-12.9059
-12.918
-12.9238
-12.9216
-12.9097
-12.8861
-12.8487
-12.795
-12.7227
-12.6296
-12.5134
-12.3722
-12.2043
-12.0085
-11.7839
-11.5303
-11.2477
-10.9368
-10.5987
-10.2349
-9.84717
-9.43772
-9.00893
-8.56329
-8.1033
-7.63131
-7.14951
-6.65986
-6.16428
-5.66492
-5.16439
-4.66555
-4.17147
-3.6855
-3.21132
-2.75285
-2.31416
-1.89918
-1.51197
-1.15552
-0.831643
-0.540996
-0.283171
-0.0567662
0.140192
0.310078
0.456379
0.583241
0.695014
0.795112
0.884703
0.962448
1.0259
1.07364
1.10651
1.12694
1.13769
1.14097
1.13833
1.13081
1.11913
1.10384
1.08541
1.06419
1.04049
1.01461
0.986788
0.957258
0.92621
0.893805
0.860176
0.825437
0.789685
0.753001
0.715455
0.677106
0.638002
0.598187
0.557693
0.516552
0.474777
0.432406
0.38941
0.345878
0.30166
0.257026
0.211497
0.165731
0.118919
0.0706405
0.0260486
-12.6556
-12.6809
-12.7045
-12.7256
-12.7443
-12.7605
-12.774
-12.7843
-12.791
-12.7935
-12.7908
-12.7819
-12.7656
-12.7403
-12.7046
-12.6565
-12.5942
-12.5158
-12.4193
-12.3029
-12.1649
-12.004
-11.819
-11.6092
-11.3741
-11.1138
-10.8286
-10.519
-10.1862
-9.83112
-9.45533
-9.06038
-8.64795
-8.2197
-7.77714
-7.32149
-6.85373
-6.37473
-5.88577
-5.38922
-4.88784
-4.38485
-3.88402
-3.39003
-2.90888
-2.44691
-2.00816
-1.59814
-1.22123
-0.880113
-0.57586
-0.308017
-0.0748129
0.12627
0.299116
0.448654
0.579393
0.695298
0.799046
0.891097
0.969814
1.03305
1.08002
1.11189
1.13142
1.14144
1.14407
1.14085
1.13285
1.12084
1.10536
1.08679
1.06546
1.04164
1.01563
0.98769
0.95806
0.926935
0.894472
0.860798
0.82602
0.79023
0.753509
0.715926
0.677542
0.638404
0.598558
0.558035
0.516869
0.47507
0.432686
0.389666
0.34615
0.301879
0.257363
0.211613
0.166386
0.118537
0.0724654
0.0234272
-12.6209
-12.6385
-12.6544
-12.6666
-12.6753
-12.681
-12.6833
-12.6818
-12.6763
-12.6663
-12.6511
-12.6298
-12.6014
-12.5649
-12.5189
-12.4619
-12.3926
-12.3093
-12.2105
-12.0947
-11.9608
-11.8077
-11.6344
-11.4404
-11.2255
-10.9893
-10.7321
-10.4539
-10.1552
-9.83634
-9.49807
-9.14111
-8.76625
-8.37418
-7.96526
-7.53936
-7.09598
-6.63469
-6.1561
-5.66281
-5.15766
-4.6442
-4.12655
-3.60959
-3.0989
-2.60234
-2.12996
-1.68876
-1.28421
-0.919918
-0.59725
-0.315525
-0.0723833
0.136024
0.313714
0.464552
0.593412
0.705452
0.804313
0.891556
0.966825
1.02868
1.07602
1.10922
1.13014
1.14117
1.14442
1.14146
1.13346
1.12129
1.10557
1.0868
1.06532
1.04146
1.01546
0.987564
0.957991
0.92692
0.894506
0.860876
0.826141
0.790392
0.75371
0.716162
0.677808
0.638695
0.598869
0.558359
0.517205
0.47541
0.433036
0.390006
0.346521
0.302195
0.25782
0.211806
0.167247
0.118108
0.0750378
0.0197661
-12.6299
-12.637
-12.6407
-12.6385
-12.6326
-12.6233
-12.6099
-12.5924
-12.5707
-12.5444
-12.5131
-12.4761
-12.4328
-12.3825
-12.3241
-12.2568
-12.1794
-12.091
-11.9902
-11.8763
-11.7481
-11.6051
-11.4465
-11.2721
-11.0815
-10.8743
-10.6501
-10.4085
-10.1488
-9.8705
-9.57305
-9.25618
-8.91991
-8.56435
-8.18931
-7.79368
-7.37527
-6.93093
-6.45924
-5.9643
-5.44815
-4.91492
-4.36812
-3.81599
-3.26802
-2.73415
-2.22494
-1.74969
-1.31597
-0.92874
-0.589884
-0.298328
-0.0506415
0.158413
0.335073
0.485222
0.613929
0.725001
0.821498
0.905413
0.977211
1.03629
1.0821
1.11495
1.13601
1.14717
1.15024
1.14687
1.13841
1.1258
1.10963
1.09037
1.06837
1.04398
1.01751
0.989248
0.959402
0.928138
0.895579
0.861832
0.826991
0.791146
0.754374
0.716745
0.678318
0.639142
0.599261
0.558704
0.517514
0.475685
0.433296
0.390242
0.34678
0.302404
0.258182
0.211912
0.168129
0.117535
0.0789349
0.0137348
-12.5882
-12.601
-12.598
-12.5808
-12.56
-12.5359
-12.507
-12.4738
-12.4366
-12.3952
-12.3494
-12.299
-12.2437
-12.183
-12.1165
-12.0436
-11.9634
-11.8753
-11.7784
-11.6717
-11.5546
-11.4262
-11.2859
-11.1331
-10.9669
-10.7867
-10.5914
-10.3798
-10.1508
-9.90307
-9.63567
-9.34787
-9.03928
-8.70955
-8.35785
-7.98221
-7.57969
-7.14641
-6.68059
-6.18709
-5.66955
-5.12816
-4.56733
-3.99389
-3.4179
-2.85162
-2.30855
-1.80113
-1.33919
-0.929004
-0.57297
-0.269905
-0.0158364
0.195044
0.369121
0.512869
0.632768
0.735032
0.824901
0.905505
0.977236
1.03838
1.08683
1.12183
1.14402
1.15527
1.15791
1.1538
1.14426
1.13028
1.11289
1.0927
1.07008
1.04536
1.01873
0.990378
0.96046
0.929119
0.896486
0.862675
0.827787
0.791908
0.75511
0.717459
0.679011
0.639812
0.599907
0.559324
0.518107
0.476248
0.433836
0.390739
0.347282
0.302815
0.258732
0.212122
0.16918
0.116863
0.0836362
0.00743199
-12.5813
-12.598
-12.5911
-12.5626
-12.5293
-12.4927
-12.4519
-12.4076
-12.3602
-12.3097
-12.2558
-12.1986
-12.1379
-12.0735
-12.005
-11.932
-11.8534
-11.7684
-11.6759
-11.5747
-11.4642
-11.3435
-11.212
-11.0693
-10.9146
-10.7471
-10.5655
-10.3681
-10.1529
-9.91802
-9.66168
-9.38312
-9.08257
-8.76129
-8.41996
-8.05699
-7.6671
-7.2396
-6.76693
-6.2705
-5.74697
-5.19617
-4.62349
-4.03691
-3.44745
-2.86852
-2.31433
-1.79788
-1.32942
-0.915393
-0.55807
-0.255757
-0.00355262
0.205577
0.379417
0.525425
0.649785
0.757032
0.850226
0.931077
0.999987
1.05646
1.09994
1.13059
1.14964
1.15898
1.16053
1.15596
1.14645
1.13289
1.1159
1.09594
1.07322
1.04811
1.02097
0.99211
0.961767
0.930091
0.897184
0.86313
0.828013
0.791917
0.754921
0.717094
0.678493
0.639164
0.59915
0.558476
0.517188
0.475268
0.432817
0.389677
0.346221
0.301696
0.257726
0.210866
0.168527
0.114945
0.0836262
0.0057642
-12.6894
-12.6563
-12.625
-12.5905
-12.5523
-12.5114
-12.4676
-12.421
-12.3714
-12.3189
-12.2633
-12.2044
-12.1421
-12.0759
-12.0057
-11.9307
-11.8504
-11.7637
-11.6697
-11.5674
-11.456
-11.3346
-11.2024
-11.0587
-10.9027
-10.7334
-10.5496
-10.3501
-10.1331
-9.89726
-9.64111
-9.36373
-9.06466
-8.74378
-8.40084
-8.03378
-7.64067
-7.21425
-6.7583
-6.26704
-5.74705
-5.20019
-4.63166
-4.04914
-3.46335
-2.88745
-2.33532
-1.8197
-1.35064
-0.934509
-0.573696
-0.266933
-0.010067
0.202901
0.378736
0.524272
0.645892
0.749166
0.838525
0.916787
0.984864
1.04216
1.08762
1.12079
1.14228
1.15354
1.15646
1.15261
1.1434
1.12975
1.11239
1.09209
1.0693
1.04429
1.01734
0.988675
0.958497
0.926948
0.894145
0.860188
0.82517
0.789175
0.752278
0.714543
0.676027
0.636774
0.59683
0.556216
0.514983
0.473109
0.430707
0.387592
0.344199
0.299643
0.25583
0.208736
0.166899
0.112573
0.081489
0.00666274
-19.0443
-18.8879
-18.5427
-18.806
-19.5384
-20.4037
-20.9821
-21.2478
-21.3723
-21.4421
-21.4803
-21.6006
-21.8895
-22.3113
-23.0249
-24.2612
-26.147
-28.6292
-31.4396
-34.1679
-36.3588
-37.6447
-37.8442
-36.8902
-34.6851
-31.1821
-26.6823
-21.3893
-15.4813
-9.15614
-2.7625
3.17041
8.0544
11.492
13.4433
14.1609
14.0079
13.347
12.4503
11.4916
10.5671
9.71879
8.9614
8.29512
7.65806
7.02339
6.41625
5.84873
5.32897
4.86063
4.44165
4.06688
3.73069
3.42867
3.15798
2.91663
2.70276
2.51415
2.34824
2.20232
2.0737
1.9598
1.85824
1.76684
1.68374
1.6074
1.53663
1.47054
1.40847
1.3499
1.2944
1.2416
1.19115
1.14274
1.09605
1.05083
1.00682
0.963774
0.921498
0.879801
0.838517
0.797503
0.756633
0.715799
0.674912
0.633888
0.59267
0.551186
0.509421
0.467268
0.42483
0.381802
0.338737
0.294438
0.251331
0.204405
0.163908
0.109144
0.080967
0.00235806
-19.684
-19.6468
-19.7399
-20.4207
-21.4173
-22.3045
-22.8075
-22.7687
-22.2149
-21.5449
-21.1202
-21.1145
-21.5431
-22.3085
-23.5085
-25.5761
-28.668
-32.613
-36.8997
-40.8434
-43.7678
-45.169
-44.793
-42.5893
-39.0198
-34.6955
-29.8082
-24.477
-18.6877
-12.4526
-5.96911
0.266874
5.57187
9.43574
11.7673
12.7916
12.8886
12.4435
11.7312
10.9235
10.1114
9.33634
8.60762
7.9136
7.28186
6.72518
6.21137
5.71971
5.25612
4.82634
4.43055
4.06678
3.73336
3.43001
3.15732
2.91553
2.70352
2.5187
2.35747
2.21598
2.09072
1.97875
1.87772
1.78583
1.70162
1.62394
1.55183
1.4845
1.42132
1.36173
1.3053
1.25165
1.20043
1.15133
1.10405
1.05833
1.01389
0.970492
0.927915
0.885962
0.844459
0.803253
0.762214
0.721228
0.6802
0.639047
0.597706
0.556108
0.514227
0.471973
0.429415
0.386313
0.343084
0.298805
0.255355
0.208785
0.167413
0.113703
0.085504
0.00104362
-20.3969
-20.5557
-21.3517
-22.5105
-23.6483
-24.4409
-24.7376
-24.4935
-23.8113
-22.9682
-22.522
-22.6669
-23.6335
-25.7907
-29.1426
-33.4555
-38.2622
-43.0135
-47.1551
-50.1981
-51.7659
-51.6326
-49.8013
-46.6237
-42.4704
-37.7358
-32.773
-27.6989
-22.3811
-16.5847
-10.2727
-3.85034
1.89115
6.28259
9.10106
10.535
10.9974
10.8808
10.4624
9.90847
9.30876
8.70769
8.12595
7.57056
7.04212
6.52714
6.02651
5.55894
5.1267
4.72756
4.35985
4.02201
3.7126
3.43055
3.17495
2.94474
2.73852
2.55446
2.39043
2.24421
2.11363
1.99663
1.89133
1.79603
1.70922
1.62962
1.55613
1.48785
1.42403
1.36406
1.30742
1.25364
1.20234
1.15317
1.1058
1.05996
1.01538
0.97184
0.929114
0.887015
0.845373
0.804041
0.76289
0.721808
0.680701
0.639484
0.598093
0.556459
0.514551
0.472284
0.429707
0.386618
0.343344
0.299147
0.25548
0.209338
0.166834
0.115413
0.0812485
0.00822196
-21.0165
-21.4287
-22.5785
-23.825
-24.8616
-25.4936
-25.6172
-25.3439
-24.8187
-24.2294
-24.225
-25.0545
-27.2148
-30.7823
-35.4078
-40.5423
-45.6712
-50.4027
-54.3898
-57.2522
-58.5764
-58.0202
-55.5607
-51.4501
-46.2367
-40.638
-35.2118
-30.1317
-25.157
-19.828
-13.8572
-7.49546
-1.52395
3.23336
6.42658
8.23344
9.0609
9.29034
9.18246
8.89106
8.50155
8.06171
7.59874
7.12799
6.66336
6.21388
5.78394
5.37403
4.98368
4.61528
4.27089
3.95101
3.65567
3.38479
3.13829
2.91576
2.71618
2.53804
2.37913
2.23721
2.11012
1.99584
1.89256
1.79869
1.71287
1.6339
1.56081
1.49274
1.429
1.36901
1.31226
1.25832
1.20682
1.1574
1.10978
1.06367
1.01881
0.974988
0.931985
0.889616
0.847718
0.806144
0.764765
0.723471
0.682165
0.640764
0.5992
0.557407
0.515346
0.472942
0.43022
0.387021
0.343574
0.29934
0.255328
0.209459
0.165714
0.116263
0.0752058
0.0170682
-21.1599
-21.8398
-22.995
-24.1743
-25.104
-25.6065
-25.6529
-25.4293
-25.0916
-24.9787
-25.503
-27.2573
-30.5612
-35.1809
-40.57
-46.2256
-51.865
-57.2853
-62.1092
-65.709
-67.3591
-66.5522
-63.2111
-57.7354
-50.9791
-44.0012
-37.6616
-32.2068
-27.2646
-22.2008
-16.5002
-10.26
-4.2438
0.656502
4.05615
6.12289
7.24624
7.7744
7.93943
7.8804
7.68072
7.39323
7.05309
6.68399
6.30215
5.91676
5.53426
5.16209
4.80536
4.46722
4.14929
3.85227
3.57671
3.32298
3.09113
2.88069
2.69068
2.5198
2.36605
2.22774
2.10309
1.99043
1.88821
1.79504
1.7097
1.63112
1.55835
1.49061
1.42721
1.36755
1.31114
1.25752
1.20629
1.15711
1.10968
1.0637
1.01895
0.975181
0.932207
0.889845
0.847936
0.806339
0.764932
0.723605
0.682265
0.640831
0.599236
0.557413
0.515323
0.472897
0.430142
0.386934
0.343423
0.299234
0.255011
0.209449
0.164827
0.116984
0.0720998
0.0222206
-20.6991
-21.5518
-22.5643
-23.6981
-24.5752
-24.9856
-24.9678
-24.7537
-24.5525
-24.7262
-25.8235
-28.4378
-32.6596
-38.0636
-44.0782
-50.3785
-56.9002
-63.511
-69.6211
-74.2482
-76.334
-75.2215
-70.9655
-64.2169
-55.9893
-47.5904
-40.1777
-34.1338
-28.9945
-23.9356
-18.3042
-12.1313
-6.17858
-1.30994
2.13672
4.34748
5.68178
6.44089
6.8227
6.95078
6.90581
6.74382
6.50493
6.2177
5.90301
5.57554
5.24549
4.91996
4.60333
4.29886
4.00907
3.73572
3.48005
3.24298
3.02496
2.826
2.64551
2.48229
2.33521
2.20252
2.08262
1.97396
1.87512
1.7848
1.70184
1.62521
1.55405
1.48759
1.42523
1.3664
1.31065
1.25755
1.20672
1.15785
1.11065
1.06483
1.02018
0.976467
0.933511
0.891138
0.849197
0.807554
0.76609
0.724698
0.683289
0.641783
0.600114
0.558218
0.516051
0.473553
0.430716
0.387446
0.343826
0.299621
0.25517
0.209803
0.164443
0.117779
0.0701237
0.0254842
-19.7083
-20.5048
-21.4738
-22.5956
-23.3941
-23.709
-23.5873
-23.2749
-23.0558
-23.3968
-24.9645
-28.2592
-33.1823
-39.1795
-45.7267
-52.6756
-60.109
-67.8823
-75.1121
-80.5207
-82.8668
-81.4898
-76.589
-69.0059
-59.8192
-50.4566
-42.2567
-35.7459
-30.3666
-25.1491
-19.4277
-13.2823
-7.47402
-2.76822
0.608841
2.87233
4.34116
5.26465
5.80769
6.08019
6.1602
6.10545
5.95874
5.75128
5.50552
5.23716
4.95723
4.67408
4.39385
4.12102
3.85882
3.60952
3.37479
3.15585
2.95338
2.76757
2.59804
2.44385
2.30398
2.17712
2.06187
1.95693
1.86105
1.7731
1.69207
1.61704
1.54721
1.48188
1.42047
1.36246
1.30742
1.25492
1.2046
1.15616
1.1093
1.06378
1.01936
0.975831
0.933012
0.89074
0.848872
0.807278
0.765844
0.724471
0.68307
0.641565
0.59989
0.557987
0.515808
0.473299
0.430441
0.387166
0.343501
0.299323
0.254738
0.209558
0.163714
0.117924
0.068625
0.0273281
-18.2444
-18.9174
-19.9425
-21.0351
-21.7471
-21.9037
-21.5679
-21.0271
-20.6635
-21.077
-22.9925
-26.8038
-32.2558
-38.7118
-45.6927
-53.1588
-61.2319
-69.8123
-77.6879
-83.5178
-85.9876
-84.4867
-79.3023
-71.3784
-61.8244
-52.0755
-43.5882
-36.8809
-31.2995
-25.8515
-19.9748
-13.8736
-8.29449
-3.84097
-0.601329
1.65783
3.2055
4.2412
4.90166
5.28533
5.46671
5.50276
5.43638
5.29926
5.11467
4.89961
4.66649
4.42455
4.18046
3.93913
3.70425
3.47858
3.26422
3.06272
2.87508
2.70179
2.54277
2.39748
2.26508
2.1445
2.03457
1.93413
1.84209
1.75743
1.6792
1.60655
1.53876
1.47516
1.41519
1.3584
1.30433
1.25268
1.203
1.1551
1.10869
1.06352
1.01937
0.976051
0.933392
0.891237
0.849451
0.807911
0.766509
0.725149
0.683748
0.642232
0.600538
0.558609
0.516397
0.473855
0.430952
0.387644
0.343914
0.299727
0.255004
0.209938
0.163699
0.118521
0.0679965
0.0288282
-16.4293
-17.1206
-18.2182
-19.2804
-19.8442
-19.7426
-19.0731
-18.1951
-17.6113
-18.0355
-20.2047
-24.395
-30.2613
-37.069
-44.3752
-52.1644
-60.5813
-69.366
-77.4406
-83.3521
-85.8474
-84.3411
-79.2119
-71.4063
-61.9931
-52.4182
-44.1088
-37.4595
-31.7413
-26.0562
-20.0473
-14.07
-8.80309
-4.64868
-1.57259
0.651674
2.23951
3.3483
4.09301
4.56254
4.82691
4.9406
4.94514
4.87172
4.74371
4.57848
4.389
4.18511
3.97421
3.7619
3.55245
3.34907
3.15421
2.96968
2.79674
2.63606
2.48777
2.35156
2.22678
2.11256
2.00793
1.9119
1.82352
1.7419
1.66621
1.59569
1.52969
1.4676
1.40892
1.35319
1.30004
1.24908
1.20012
1.15276
1.10679
1.06198
1.01813
0.975059
0.932593
0.89059
0.84892
0.807468
0.766131
0.724818
0.683449
0.641955
0.600272
0.558349
0.516135
0.47359
0.430675
0.387363
0.343604
0.299432
0.254626
0.209666
0.163168
0.118448
0.0671773
0.0294945
-14.5894
-15.3522
-16.5551
-17.5844
-17.934
-17.4607
-16.366
-15.086
-14.2554
-14.6641
-17.0069
-21.4736
-27.6189
-34.6918
-42.2037
-50.1166
-58.5363
-67.1789
-75.0279
-80.718
-83.0677
-81.7674
-76.9903
-69.6409
-60.7593
-51.7645
-43.9559
-37.5142
-31.6968
-25.812
-19.7648
-14.0214
-9.12457
-5.27403
-2.35924
-0.183787
1.41857
2.57316
3.37869
3.91545
4.2481
4.42751
4.4931
4.47511
4.39669
4.2755
4.12506
3.95574
3.77543
3.59017
3.40454
3.2221
3.04557
2.877
2.71788
2.56909
2.43098
2.30346
2.18607
2.07813
1.97884
1.88735
1.80285
1.72455
1.6517
1.58363
1.51972
1.45943
1.40227
1.34785
1.29578
1.24576
1.19754
1.15081
1.10535
1.06097
1.01746
0.974663
0.932415
0.890583
0.849047
0.807696
0.766434
0.725174
0.683841
0.642368
0.600695
0.558773
0.516552
0.473995
0.43106
0.387732
0.343935
0.299759
0.254873
0.209978
0.163267
0.118871
0.067012
0.0302851
-13.0789
-13.9103
-15.1884
-16.1669
-16.2521
-15.3396
-13.7347
-12.0356
-10.9667
-11.3432
-13.7835
-18.4214
-24.7464
-31.9831
-39.6081
-47.5147
-55.7342
-63.9782
-71.3501
-76.6632
-78.9212
-77.801
-73.5035
-66.7813
-58.6487
-50.4781
-43.3165
-37.112
-31.2128
-25.2101
-19.2616
-13.8534
-9.3421
-5.76954
-3.00092
-0.880302
0.7195
1.901
2.75034
3.33969
3.72798
3.96234
4.07998
4.11007
4.07536
3.99354
3.87835
3.74042
3.58801
3.42748
3.26378
3.10072
2.94127
2.78771
2.64169
2.50428
2.376
2.25692
2.14675
2.04496
1.95088
1.8638
1.78304
1.70789
1.63772
1.57191
1.50992
1.45125
1.39547
1.34221
1.29112
1.24193
1.19439
1.14824
1.10327
1.05928
1.0161
0.973558
0.931524
0.889864
0.848464
0.80722
0.766039
0.724841
0.683554
0.642113
0.600462
0.558554
0.516339
0.473784
0.430844
0.387515
0.343698
0.299531
0.254592
0.209758
0.162903
0.118754
0.0665297
0.0305186
-12.3191
-13.1745
-14.3889
-15.1914
-14.9462
-13.5448
-11.4238
-9.3105
-8.04948
-8.37442
-10.8645
-15.5719
-21.9597
-29.259
-36.9133
-44.7278
-52.6485
-60.3852
-67.1846
-72.0581
-74.1869
-73.2648
-69.4548
-63.4058
-56.13
-48.8771
-42.3444
-36.3279
-30.3703
-24.3724
-18.6647
-13.65
-9.49947
-6.16564
-3.52594
-1.46258
0.123774
1.31948
2.20019
2.83045
3.26376
3.54371
3.70537
3.77677
3.78012
3.73296
3.64907
3.53928
3.41209
3.2741
3.13047
2.98524
2.84156
2.70189
2.56803
2.44122
2.32214
2.211
2.10766
2.01173
1.92267
1.83989
1.7628
1.6908
1.62333
1.55985
1.49985
1.44289
1.38858
1.33656
1.28654
1.23825
1.19145
1.14593
1.10149
1.05792
1.01509
0.972844
0.931044
0.889572
0.848321
0.807195
0.766105
0.724976
0.68374
0.642336
0.600709
0.558815
0.516607
0.474053
0.431105
0.387771
0.343933
0.299765
0.254778
0.209984
0.163009
0.119039
0.0665139
0.0309682
-12.5579
-13.3332
-14.4608
-14.9389
-14.1833
-12.2299
-9.57161
-7.11326
-5.68483
-5.97269
-8.4715
-13.1545
-19.4873
-26.7347
-34.3227
-41.9767
-49.5615
-56.7845
-63.0184
-67.4578
-69.4398
-68.675
-65.2976
-59.9189
-53.5374
-47.1606
-41.135
-35.2413
-29.2826
-23.4317
-18.0697
-13.4522
-9.61502
-6.48191
-3.95673
-1.95113
-0.38478
0.816418
1.71904
2.38075
2.85022
3.16783
3.36668
3.47358
3.51012
3.49353
3.43753
3.35301
3.24858
3.13103
3.0057
2.8768
2.74764
2.6208
2.49826
2.38136
2.27093
2.16731
2.07046
1.98012
1.89586
1.81719
1.74361
1.6746
1.60968
1.54837
1.49023
1.43486
1.38188
1.331
1.28194
1.23445
1.18834
1.14338
1.0994
1.05623
1.01373
0.97175
0.930164
0.888866
0.847757
0.806742
0.765739
0.724677
0.683492
0.642127
0.600526
0.558651
0.516454
0.473906
0.430957
0.387623
0.343774
0.29961
0.254591
0.209832
0.162774
0.118941
0.0662235
0.0310459
-13.185
-14.1517
-15.2546
-15.4646
-14.1062
-11.4511
-8.29517
-5.48827
-3.97241
-4.25882
-6.73856
-11.3094
-17.4717
-24.5457
-31.9618
-39.3874
-46.6192
-53.3588
-59.0765
-63.1149
-64.9385
-64.2828
-61.2987
-56.5972
-51.0793
-45.4146
-39.7312
-33.924
-28.07
-22.501
-17.5316
-13.274
-9.6981
-6.73431
-4.31192
-2.3628
-0.819946
0.380794
1.29813
1.9838
2.48226
2.83103
3.0613
3.19871
3.26412
3.2744
3.24312
3.18115
3.09717
2.99809
2.88937
2.77535
2.65946
2.54441
2.43227
2.32452
2.2221
2.12547
2.03469
1.9496
1.86987
1.7951
1.72485
1.65872
1.59626
1.53708
1.48075
1.42694
1.3753
1.32557
1.27748
1.23082
1.1854
1.14103
1.09754
1.05478
1.01261
0.970906
0.929548
0.888434
0.847472
0.806575
0.765665
0.724676
0.683546
0.642222
0.600651
0.558796
0.516612
0.47407
0.431122
0.387788
0.343927
0.299764
0.254716
0.209981
0.162854
0.119124
0.0662449
0.0313099
-13.5161
-14.412
-15.5161
-15.631
-14.0782
-11.0446
-7.45048
-4.52429
-2.92514
-3.20601
-5.6604
-10.0834
-15.989
-22.776
-29.9121
-37.0358
-43.8933
-50.1788
-55.4336
-59.1129
-60.7769
-60.2098
-57.6253
-53.6203
-48.8526
-43.6663
-38.1588
-32.4504
-26.8365
-21.6499
-17.0697
-13.1182
-9.75678
-6.93666
-4.60646
-2.71103
-1.19316
0.00309033
0.92976
1.63353
2.15522
2.52975
2.78658
2.95017
3.04067
3.07455
3.06515
3.02329
2.95767
2.87524
2.78157
2.68108
2.57731
2.47306
2.37051
2.27122
2.17624
2.08611
2.00102
1.92086
1.84539
1.77428
1.7072
1.64377
1.58364
1.52644
1.47182
1.41945
1.36906
1.32037
1.27317
1.22727
1.18248
1.13864
1.09559
1.0532
1.01133
0.969878
0.92873
0.887782
0.846954
0.806165
0.765341
0.724419
0.683341
0.642056
0.600513
0.558679
0.516508
0.473975
0.431029
0.387697
0.343829
0.299669
0.2546
0.209886
0.162708
0.119059
0.0660711
0.0313353
)
;

boundaryField
{
    outlet
    {
        type            fixedValue;
        value           uniform 0;
    }
    inlet
    {
        type            zeroGradient;
    }
    lowerWall
    {
        type            zeroGradient;
    }
    upperWall
    {
        type            zeroGradient;
    }
    frontAndBack
    {
        type            empty;
    }
}


// ************************************************************************* //
