/*--------------------------------*- C++ -*----------------------------------*\
| =========                 |                                                 |
| \\      /  F ield         | OpenFOAM: The Open Source CFD Toolbox           |
|  \\    /   O peration     | Version:  2.1.1                                 |
|   \\  /    A nd           | Web:      www.OpenFOAM.org                      |
|    \\/     M anipulation  |                                                 |
\*---------------------------------------------------------------------------*/
FoamFile
{
    version     2.0;
    format      ascii;
    class       volScalarField;
    location    "0.135";
    object      p;
}
// * * * * * * * * * * * * * * * * * * * * * * * * * * * * * * * * * * * * * //

dimensions      [0 2 -2 0 0 0 0];

internalField   nonuniform List<scalar> 
6820
(
-11.0793
-12.9256
-13.5008
-13.6289
-13.7363
-13.8159
-13.8708
-13.9179
-13.961
-14.0007
-14.0378
-14.0731
-14.1068
-14.1389
-14.1698
-14.1995
-14.2282
-14.2559
-14.2828
-14.309
-14.3346
-14.3597
-14.3842
-14.4084
-14.4321
-14.4552
-14.4776
-14.4989
-14.5182
-14.5343
-14.5433
-14.5386
-14.5089
-15.0318
-14.4972
-14.0749
-13.8852
-13.8609
-13.8725
-13.8933
-13.9218
-13.9546
-13.9887
-14.023
-14.0571
-14.0904
-14.1228
-14.1543
-14.1847
-14.2142
-14.2427
-14.2705
-14.2974
-14.3237
-14.3495
-14.3747
-14.3995
-14.4239
-14.4478
-14.4712
-14.4942
-14.5163
-14.5394
-14.5617
-14.6064
-14.6647
-13.3892
-13.0855
-13.3723
-13.6176
-13.723
-13.7988
-13.8583
-13.9082
-13.9529
-13.9937
-14.0316
-14.0672
-14.101
-14.1332
-14.164
-14.1936
-14.2221
-14.2496
-14.2764
-14.3025
-14.3281
-14.3531
-14.3777
-14.402
-14.426
-14.4497
-14.4732
-14.4967
-14.52
-14.5446
-14.5708
-14.605
-14.6432
-13.8962
-13.9306
-13.928
-13.8691
-13.8617
-13.8826
-13.9094
-13.9388
-13.9703
-14.0024
-14.0343
-14.0659
-14.0969
-14.1271
-14.1567
-14.1855
-14.2136
-14.2409
-14.2677
-14.2939
-14.3196
-14.3448
-14.3698
-14.3944
-14.4189
-14.4432
-14.4675
-14.4922
-14.5173
-14.5445
-14.574
-14.6133
-14.6591
-13.7407
-13.6407
-13.6851
-13.7514
-13.8047
-13.8516
-13.8928
-13.9308
-13.9673
-14.0023
-14.0361
-14.0687
-14.1002
-14.1307
-14.1602
-14.1888
-14.2165
-14.2436
-14.2699
-14.2958
-14.3211
-14.3461
-14.3707
-14.3951
-14.4195
-14.4438
-14.4683
-14.4933
-14.5192
-14.5472
-14.5778
-14.6146
-14.6561
-13.7957
-13.7792
-13.8045
-13.8278
-13.8505
-13.8802
-13.9122
-13.9444
-13.9768
-14.0089
-14.0404
-14.0712
-14.1013
-14.1306
-14.1591
-14.187
-14.2142
-14.2408
-14.2668
-14.2923
-14.3175
-14.3423
-14.3669
-14.3913
-14.4157
-14.4402
-14.4651
-14.4905
-14.517
-14.5454
-14.5762
-14.6114
-14.6501
-13.7938
-13.7728
-13.7888
-13.8178
-13.8483
-13.8816
-13.9149
-13.9475
-13.9797
-14.0113
-14.0424
-14.0727
-14.1023
-14.1311
-14.1593
-14.1868
-14.2136
-14.2398
-14.2656
-14.2909
-14.3158
-14.3404
-14.3649
-14.3892
-14.4135
-14.4381
-14.4629
-14.4885
-14.5151
-14.5432
-14.5734
-14.6065
-14.6418
-13.8079
-13.8002
-13.8157
-13.8405
-13.866
-13.8946
-13.9246
-13.9549
-13.9852
-14.0155
-14.0453
-14.0745
-14.1033
-14.1314
-14.1588
-14.1857
-14.2121
-14.2379
-14.2633
-14.2882
-14.3129
-14.3373
-14.3615
-14.3857
-14.4099
-14.4343
-14.4592
-14.4846
-14.511
-14.5386
-14.5679
-14.5989
-14.6314
-13.8207
-13.8169
-13.8292
-13.8509
-13.8752
-13.9024
-13.9312
-13.9603
-13.9896
-14.0188
-14.0476
-14.0761
-14.104
-14.1315
-14.1584
-14.1847
-14.2106
-14.236
-14.261
-14.2856
-14.3099
-14.3341
-14.3581
-14.382
-14.406
-14.4303
-14.4549
-14.48
-14.5059
-14.5328
-14.5609
-14.59
-14.62
-13.8341
-13.8335
-13.845
-13.8647
-13.8872
-13.9122
-13.9391
-13.9666
-13.9944
-14.0224
-14.0502
-14.0777
-14.1048
-14.1315
-14.1578
-14.1835
-14.2089
-14.2338
-14.2584
-14.2826
-14.3066
-14.3304
-14.3541
-14.3777
-14.4015
-14.4254
-14.4496
-14.4743
-14.4996
-14.5256
-14.5524
-14.5798
-14.6076
-13.8475
-13.8486
-13.8591
-13.8768
-13.8976
-13.921
-13.9462
-13.9724
-13.999
-14.0258
-14.0526
-14.0792
-14.1055
-14.1315
-14.1571
-14.1823
-14.2071
-14.2315
-14.2556
-14.2794
-14.303
-14.3265
-14.3498
-14.3731
-14.3964
-14.4199
-14.4436
-14.4677
-14.4923
-14.5173
-14.5428
-14.5686
-14.5946
-13.8605
-13.8626
-13.8725
-13.8886
-13.9079
-13.9298
-13.9535
-13.9783
-14.0036
-14.0293
-14.0551
-14.0808
-14.1062
-14.1314
-14.1563
-14.1809
-14.2051
-14.229
-14.2527
-14.276
-14.2992
-14.3222
-14.3451
-14.3679
-14.3908
-14.4138
-14.4369
-14.4604
-14.4841
-14.5081
-14.5323
-14.5567
-14.581
-13.8732
-13.8756
-13.885
-13.8998
-13.9177
-13.9381
-13.9604
-13.9839
-14.0081
-14.0327
-14.0574
-14.0822
-14.1068
-14.1313
-14.1555
-14.1794
-14.2031
-14.2264
-14.2495
-14.2724
-14.295
-14.3176
-14.34
-14.3623
-14.3847
-14.4071
-14.4296
-14.4523
-14.4751
-14.498
-14.5211
-14.5441
-14.5669
-13.8852
-13.8879
-13.8967
-13.9103
-13.927
-13.9461
-13.9671
-13.9894
-14.0124
-14.0359
-14.0597
-14.0835
-14.1074
-14.131
-14.1545
-14.1778
-14.2008
-14.2236
-14.2461
-14.2685
-14.2906
-14.3126
-14.3345
-14.3563
-14.3781
-14.3998
-14.4216
-14.4435
-14.4654
-14.4873
-14.5092
-14.5309
-14.5524
-13.8966
-13.8993
-13.9076
-13.9203
-13.9358
-13.9537
-13.9735
-13.9946
-14.0165
-14.039
-14.0618
-14.0847
-14.1077
-14.1307
-14.1534
-14.176
-14.1984
-14.2206
-14.2426
-14.2643
-14.2859
-14.3073
-14.3286
-14.3498
-14.371
-14.392
-14.4131
-14.4341
-14.4551
-14.476
-14.4967
-14.5173
-14.5375
-13.9073
-13.91
-13.9178
-13.9296
-13.9441
-13.9609
-13.9795
-13.9995
-14.0203
-14.0418
-14.0637
-14.0858
-14.108
-14.1301
-14.1522
-14.1741
-14.1958
-14.2174
-14.2387
-14.2599
-14.2809
-14.3017
-14.3224
-14.343
-14.3634
-14.3837
-14.404
-14.4241
-14.4442
-14.464
-14.4837
-14.5031
-14.5221
-13.9173
-13.9198
-13.9272
-13.9382
-13.9518
-13.9676
-13.9852
-14.0041
-14.0239
-14.0444
-14.0654
-14.0866
-14.108
-14.1294
-14.1507
-14.172
-14.193
-14.2139
-14.2347
-14.2552
-14.2756
-14.2958
-14.3158
-14.3357
-14.3554
-14.375
-14.3944
-14.4137
-14.4328
-14.4516
-14.4702
-14.4885
-14.5064
-13.9266
-13.9289
-13.9359
-13.9462
-13.9589
-13.9738
-13.9904
-14.0083
-14.0272
-14.0468
-14.0669
-14.0873
-14.1078
-14.1285
-14.1491
-14.1696
-14.19
-14.2103
-14.2303
-14.2502
-14.27
-14.2895
-14.3088
-14.328
-14.3469
-14.3657
-14.3843
-14.4027
-14.4209
-14.4387
-14.4563
-14.4735
-14.4904
-13.935
-13.9373
-13.9438
-13.9535
-13.9654
-13.9794
-13.9951
-14.0121
-14.0301
-14.0488
-14.0681
-14.0876
-14.1074
-14.1273
-14.1472
-14.167
-14.1867
-14.2063
-14.2257
-14.245
-14.264
-14.2828
-14.3015
-14.3199
-14.3381
-14.3561
-14.3738
-14.3913
-14.4085
-14.4254
-14.442
-14.4582
-14.4739
-13.9427
-13.9448
-13.951
-13.96
-13.9713
-13.9845
-13.9993
-14.0155
-14.0326
-14.0505
-14.0689
-14.0877
-14.1067
-14.1259
-14.145
-14.1642
-14.1832
-14.2021
-14.2209
-14.2394
-14.2578
-14.2759
-14.2938
-14.3115
-14.3289
-14.346
-14.3629
-14.3795
-14.3958
-14.4117
-14.4273
-14.4425
-14.4572
-13.9495
-13.9515
-13.9573
-13.9658
-13.9764
-13.9889
-14.003
-14.0184
-14.0347
-14.0518
-14.0694
-14.0875
-14.1057
-14.1242
-14.1426
-14.1611
-14.1794
-14.1976
-14.2157
-14.2336
-14.2512
-14.2686
-14.2858
-14.3027
-14.3193
-14.3357
-14.3517
-14.3674
-14.3827
-14.3977
-14.4123
-14.4265
-14.4402
-13.9555
-13.9574
-13.9629
-13.9709
-13.9809
-13.9927
-14.0061
-14.0207
-14.0363
-14.0526
-14.0695
-14.0869
-14.1044
-14.1221
-14.1399
-14.1577
-14.1753
-14.1929
-14.2102
-14.2274
-14.2443
-14.261
-14.2775
-14.2936
-14.3094
-14.3249
-14.3401
-14.3549
-14.3693
-14.3834
-14.397
-14.4102
-14.4229
-13.9606
-13.9624
-13.9676
-13.9752
-13.9847
-13.9959
-14.0086
-14.0225
-14.0374
-14.0531
-14.0693
-14.0859
-14.1028
-14.1198
-14.1369
-14.154
-14.171
-14.1879
-14.2045
-14.221
-14.2372
-14.2532
-14.2689
-14.2842
-14.2992
-14.3139
-14.3282
-14.3422
-14.3557
-14.3688
-14.3815
-14.3937
-14.4055
-13.9649
-13.9666
-13.9715
-13.9787
-13.9876
-13.9983
-14.0104
-14.0237
-14.038
-14.0529
-14.0685
-14.0845
-14.1007
-14.1171
-14.1335
-14.15
-14.1663
-14.1825
-14.1985
-14.2143
-14.2298
-14.245
-14.2599
-14.2745
-14.2888
-14.3026
-14.3161
-14.3292
-14.3418
-14.354
-14.3658
-14.377
-14.3878
-13.9682
-13.9698
-13.9745
-13.9813
-13.9899
-14.0001
-14.0116
-14.0244
-14.0381
-14.0525
-14.0674
-14.0828
-14.0984
-14.1141
-14.13
-14.1458
-14.1614
-14.177
-14.1923
-14.2074
-14.2222
-14.2367
-14.2509
-14.2647
-14.2782
-14.2912
-14.3039
-14.3161
-14.3278
-14.3391
-14.35
-14.3603
-14.3702
-13.9706
-13.9721
-13.9765
-13.983
-13.9911
-14.0008
-14.0119
-14.0241
-14.0372
-14.0511
-14.0654
-14.0803
-14.0953
-14.1105
-14.1257
-14.1409
-14.156
-14.1709
-14.1856
-14.2001
-14.2142
-14.228
-14.2415
-14.2546
-14.2673
-14.2795
-14.2914
-14.3027
-14.3136
-14.3241
-14.334
-14.3435
-14.3525
-13.9721
-13.9735
-13.9777
-13.984
-13.9919
-14.0013
-14.0119
-14.0237
-14.0364
-14.0498
-14.0637
-14.078
-14.0925
-14.1071
-14.1218
-14.1364
-14.1509
-14.1651
-14.1792
-14.193
-14.2064
-14.2195
-14.2323
-14.2446
-14.2565
-14.268
-14.279
-14.2896
-14.2997
-14.3092
-14.3183
-14.3269
-14.3349
-13.9725
-13.9737
-13.9776
-13.9833
-13.9906
-13.9995
-14.0099
-14.0212
-14.0335
-14.0465
-14.06
-14.0738
-14.0879
-14.1021
-14.1163
-14.1304
-14.1444
-14.1582
-14.1717
-14.1849
-14.1977
-14.2102
-14.2223
-14.234
-14.2452
-14.256
-14.2662
-14.276
-14.2853
-14.2941
-14.3024
-14.3101
-14.3173
-13.972
-13.9735
-13.9775
-13.9833
-13.9907
-13.9996
-14.0097
-14.0208
-14.0328
-14.0453
-14.0584
-14.0718
-14.0853
-14.099
-14.1126
-14.1261
-14.1395
-14.1526
-14.1655
-14.178
-14.1902
-14.202
-14.2134
-14.2243
-14.2348
-14.2447
-14.2542
-14.2632
-14.2717
-14.2797
-14.2871
-14.294
-14.3004
-13.9699
-13.9705
-13.9733
-13.9781
-13.9847
-13.993
-14.0028
-14.0138
-14.0256
-14.0382
-14.0512
-14.0645
-14.078
-14.0915
-14.1049
-14.1182
-14.1313
-14.1441
-14.1566
-14.1688
-14.1805
-14.1918
-14.2027
-14.2131
-14.223
-14.2324
-14.2413
-14.2496
-14.2574
-14.2647
-14.2714
-14.2776
-14.2832
-13.9686
-13.9711
-13.9754
-13.9812
-13.9883
-13.9967
-14.0063
-14.0168
-14.0281
-14.04
-14.0523
-14.0649
-14.0776
-14.0904
-14.1031
-14.1156
-14.128
-14.14
-14.1518
-14.1631
-14.1741
-14.1847
-14.1948
-14.2044
-14.2135
-14.2221
-14.2302
-14.2378
-14.2448
-14.2513
-14.2572
-14.2626
-14.2674
-13.9606
-13.9586
-13.9587
-13.9622
-13.9685
-13.9771
-13.9874
-13.9989
-14.0113
-14.0242
-14.0375
-14.051
-14.0644
-14.0778
-14.091
-14.1039
-14.1165
-14.1287
-14.1405
-14.1519
-14.1628
-14.1731
-14.183
-14.1924
-14.2012
-14.2094
-14.2171
-14.2242
-14.2307
-14.2366
-14.242
-14.2468
-14.251
-13.9673
-13.9737
-13.9793
-13.9841
-13.9897
-13.9967
-14.0051
-14.0146
-14.0249
-14.0358
-14.0472
-14.0588
-14.0706
-14.0824
-14.0942
-14.1057
-14.1171
-14.1281
-14.1388
-14.149
-14.1589
-14.1683
-14.1772
-14.1856
-14.1935
-14.2009
-14.2077
-14.214
-14.2197
-14.2248
-14.2293
-14.2333
-14.2368
-13.9356
-13.9221
-13.9172
-13.922
-13.9316
-13.9437
-13.9573
-13.9718
-13.9868
-14.0019
-14.0169
-14.0317
-14.0462
-14.0603
-14.074
-14.0871
-14.0998
-14.1119
-14.1235
-14.1344
-14.1448
-14.1546
-14.1638
-14.1724
-14.1804
-14.1878
-14.1945
-14.2006
-14.2061
-14.211
-14.2153
-14.2189
-14.222
-13.9886
-14.0088
-14.0128
-14.0079
-14.0053
-14.0072
-14.012
-14.0186
-14.0265
-14.0355
-14.0452
-14.0554
-14.0658
-14.0764
-14.0869
-14.0973
-14.1076
-14.1175
-14.1271
-14.1363
-14.1451
-14.1534
-14.1612
-14.1686
-14.1754
-14.1816
-14.1873
-14.1924
-14.197
-14.2009
-14.2043
-14.2072
-14.2094
-13.8658
-13.8163
-13.8044
-13.8305
-13.8578
-13.8816
-13.9049
-13.9275
-13.9488
-13.969
-13.9881
-14.0061
-14.0231
-14.0391
-14.0543
-14.0685
-14.082
-14.0946
-14.1065
-14.1176
-14.128
-14.1376
-14.1465
-14.1547
-14.1622
-14.169
-14.1751
-14.1806
-14.1854
-14.1895
-14.1929
-14.1957
-14.1978
-14.1135
-14.1483
-14.1171
-14.0741
-14.0451
-14.0339
-14.0306
-14.0309
-14.0341
-14.0395
-14.0464
-14.0542
-14.0627
-14.0716
-14.0807
-14.0897
-14.0987
-14.1075
-14.116
-14.1242
-14.132
-14.1394
-14.1463
-14.1527
-14.1585
-14.1639
-14.1687
-14.1729
-14.1766
-14.1797
-14.1822
-14.1842
-14.1856
-13.6213
-13.5015
-13.5637
-13.6651
-13.7388
-13.7899
-13.833
-13.8707
-13.9032
-13.9318
-13.9572
-13.98
-14.0007
-14.0196
-14.0369
-14.0528
-14.0674
-14.081
-14.0935
-14.105
-14.1156
-14.1253
-14.1341
-14.1422
-14.1494
-14.1559
-14.1616
-14.1666
-14.1709
-14.1744
-14.1773
-14.1794
-14.1809
-14.8355
-14.4965
-14.2326
-14.1152
-14.0649
-14.0392
-14.0236
-14.0168
-14.0164
-14.0196
-14.0254
-14.0327
-14.0411
-14.05
-14.0593
-14.0687
-14.078
-14.087
-14.0958
-14.1042
-14.1122
-14.1197
-14.1268
-14.1332
-14.1392
-14.1445
-14.1493
-14.1535
-14.157
-14.16
-14.1624
-14.1642
-14.1654
-12.3318
-13.0383
-13.4427
-13.5948
-13.6991
-13.781
-13.84
-13.8843
-13.9201
-13.9497
-13.9746
-13.9962
-14.0153
-14.0324
-14.0479
-14.062
-14.075
-14.087
-14.098
-14.1081
-14.1174
-14.126
-14.1337
-14.1407
-14.147
-14.1525
-14.1573
-14.1615
-14.1649
-14.1677
-14.1698
-14.1713
-14.1721
-14.4036
-14.6416
-14.7885
-14.877
-14.9353
-14.977
-15.0123
-15.0502
-15.0977
-15.1561
-15.2247
-15.302
-15.3856
-15.4726
-15.5602
-15.6456
-15.7266
-15.8016
-15.869
-15.9278
-15.9774
-16.0172
-16.0469
-16.0663
-16.075
-16.0728
-16.059
-16.0331
-15.9944
-15.9418
-15.8746
-15.7915
-15.6915
-15.5735
-15.4363
-15.279
-15.1005
-14.8998
-14.6763
-14.4293
-14.1584
-13.8637
-13.5451
-13.2034
-12.8395
-12.4546
-12.0505
-11.6294
-11.1938
-10.7464
-10.2905
-9.8293
-9.36633
-8.90506
-8.44891
-8.00115
-7.5648
-7.14255
-6.73668
-6.34903
-5.98096
-5.63327
-5.30629
-4.99983
-4.71323
-4.44537
-4.19479
-3.95969
-3.73806
-3.52771
-3.32637
-3.13181
-2.94187
-2.7546
-2.56829
-2.38163
-2.19373
-2.00422
-1.81331
-1.62185
-1.4313
-1.24371
-1.06163
-0.887844
-0.725171
-0.576121
-0.442671
-0.326133
-0.227066
-0.145374
-0.0802477
-0.0305994
0.00540463
0.0289066
0.042899
0.0464967
0.0468292
0.0333996
0.0335745
-0.00895145
-15.0104
-15.145
-15.0771
-15.0101
-14.973
-14.9472
-14.9428
-14.9562
-14.9918
-15.0485
-15.1221
-15.2081
-15.302
-15.3989
-15.4949
-15.5865
-15.6713
-15.7476
-15.8145
-15.8717
-15.9189
-15.9561
-15.9833
-16.0004
-16.0072
-16.0031
-15.9877
-15.9603
-15.9201
-15.8662
-15.7977
-15.7135
-15.6126
-15.4939
-15.3564
-15.1989
-15.0206
-14.8206
-14.5981
-14.3526
-14.0839
-13.7917
-13.4763
-13.1384
-12.7788
-12.3988
-12.0001
-11.5849
-11.1555
-10.7147
-10.2655
-9.81105
-9.35477
-8.9
-8.45005
-8.00806
-7.57699
-7.15942
-6.75761
-6.37334
-6.00794
-5.66224
-5.33659
-5.03084
-4.74438
-4.47619
-4.22487
-3.98872
-3.7658
-3.554
-3.35114
-3.15503
-2.96359
-2.7749
-2.58733
-2.39958
-2.21083
-2.02073
-1.82956
-1.63818
-1.44808
-1.2613
-1.08029
-0.907715
-0.746184
-0.598023
-0.46507
-0.348562
-0.249039
-0.16644
-0.100005
-0.0487435
-0.0108401
0.0146485
0.0309227
0.0364849
0.0396098
0.0273427
0.0319351
-0.0126912
-14.6997
-14.7013
-14.7238
-14.778
-14.8381
-14.8895
-14.9264
-14.9652
-15.0113
-15.0648
-15.1264
-15.1957
-15.2713
-15.3509
-15.4322
-15.5127
-15.5903
-15.6631
-15.7292
-15.7873
-15.8364
-15.8757
-15.9047
-15.9229
-15.93
-15.9257
-15.9096
-15.8811
-15.8396
-15.7844
-15.7147
-15.6294
-15.5275
-15.4081
-15.2702
-15.1127
-14.9348
-14.7356
-14.5144
-14.2708
-14.0043
-13.7151
-13.4033
-13.0694
-12.7145
-12.3397
-11.9468
-11.5377
-11.1147
-10.6807
-10.2383
-9.79086
-9.34148
-8.89343
-8.44991
-8.01397
-7.58845
-7.17587
-6.77839
-6.39775
-6.03526
-5.69174
-5.36754
-5.06257
-4.77626
-4.50769
-4.25552
-4.01817
-3.79377
-3.58031
-3.3757
-3.17783
-2.98469
-2.79443
-2.60547
-2.4166
-2.22701
-2.03645
-1.84521
-1.65417
-1.46482
-1.27912
-1.0994
-0.928143
-0.76778
-0.620484
-0.487984
-0.371464
-0.271456
-0.187933
-0.120173
-0.067286
-0.0274664
3.05066e-05
0.0186157
0.02618
0.0321282
0.0210992
0.0300928
-0.0164586
-14.7568
-14.8745
-14.9386
-14.9588
-14.964
-14.9585
-14.9539
-14.9709
-15.0035
-15.0475
-15.1037
-15.1703
-15.2443
-15.3224
-15.4013
-15.4782
-15.5507
-15.617
-15.6761
-15.727
-15.7693
-15.8026
-15.8265
-15.8407
-15.8448
-15.8383
-15.8205
-15.7908
-15.7483
-15.6923
-15.6218
-15.5359
-15.4337
-15.314
-15.1761
-15.0188
-14.8415
-14.6433
-14.4236
-14.182
-13.9181
-13.6319
-13.3237
-12.9941
-12.644
-12.2746
-11.8876
-11.4848
-11.0686
-10.6416
-10.2065
-9.76634
-9.32425
-8.88334
-8.44667
-8.0172
-7.59763
-7.19041
-6.79762
-6.42094
-6.06165
-5.72056
-5.39803
-5.09401
-4.80799
-4.53909
-4.28611
-4.04751
-3.82157
-3.60636
-3.39988
-3.20015
-3.00521
-2.81333
-2.62298
-2.43303
-2.24274
-2.05188
-1.86079
-1.67033
-1.48193
-1.29746
-1.1191
-0.94916
-0.789928
-0.643446
-0.511354
-0.394792
-0.29428
-0.209823
-0.140733
-0.0862126
-0.044466
-0.0149418
0.00597795
0.0155819
0.0243819
0.0146595
0.0280533
-0.0202718
-14.7159
-14.7626
-14.7759
-14.7886
-14.8127
-14.8497
-14.8933
-14.9335
-14.9766
-15.0268
-15.0843
-15.1479
-15.2159
-15.2863
-15.357
-15.4263
-15.4924
-15.5538
-15.6092
-15.6575
-15.6977
-15.7292
-15.7513
-15.7635
-15.7653
-15.7563
-15.7358
-15.7034
-15.6584
-15.6
-15.5273
-15.4396
-15.3358
-15.2151
-15.0764
-14.919
-14.7419
-14.5445
-14.3261
-14.0864
-13.825
-13.542
-13.2376
-12.9125
-12.5674
-12.2037
-11.8228
-11.4268
-11.0177
-10.598
-10.1705
-9.73807
-9.30363
-8.87019
-8.44073
-8.01804
-7.60473
-7.20315
-6.81531
-6.44283
-6.08694
-5.74847
-5.42778
-5.12484
-4.83922
-4.5701
-4.31636
-4.07658
-3.84911
-3.63215
-3.42381
-3.2222
-3.02548
-2.832
-2.64033
-2.4494
-2.25853
-2.06754
-1.87674
-1.687
-1.49964
-1.31643
-1.1394
-0.970732
-0.812571
-0.66685
-0.535127
-0.4185
-0.317473
-0.232076
-0.161654
-0.105495
-0.0618124
-0.0302435
-0.00696802
0.00471245
0.0163902
0.00804313
0.0258379
-0.0241178
-14.7019
-14.7599
-14.8074
-14.8476
-14.883
-14.9032
-14.9168
-14.9431
-14.9776
-15.0197
-15.0695
-15.1259
-15.1874
-15.2519
-15.3173
-15.3815
-15.4426
-15.4989
-15.5493
-15.5925
-15.628
-15.6549
-15.6728
-15.6813
-15.6798
-15.6679
-15.6449
-15.6103
-15.5632
-15.5029
-15.4286
-15.3395
-15.2345
-15.1128
-14.9735
-14.8159
-14.6391
-14.4424
-14.2253
-13.9874
-13.7286
-13.4487
-13.1482
-12.8276
-12.4877
-12.1297
-11.7552
-11.366
-10.9642
-10.5522
-10.1326
-9.70812
-9.28159
-8.85589
-8.43383
-8.0181
-7.6112
-7.21538
-6.83257
-6.46435
-6.11193
-5.77612
-5.4573
-5.1555
-4.87031
-4.60102
-4.34657
-4.10563
-3.87667
-3.658
-3.44783
-3.24438
-3.04593
-2.85091
-2.658
-2.46617
-2.27482
-2.08377
-1.89334
-1.70433
-1.518
-1.336
-1.16025
-0.992791
-0.835646
-0.690643
-0.559262
-0.442554
-0.341006
-0.25467
-0.182916
-0.125116
-0.0794911
-0.0458616
-0.0202111
-0.00641789
0.00816126
0.00125871
0.0234568
-0.0279929
-14.6856
-14.7327
-14.7676
-14.7927
-14.8133
-14.8438
-14.8765
-14.9112
-14.9503
-14.9944
-15.0439
-15.0981
-15.1559
-15.2155
-15.2754
-15.3339
-15.3893
-15.4404
-15.4859
-15.5249
-15.5565
-15.58
-15.5948
-15.6003
-15.5959
-15.5812
-15.5555
-15.5182
-15.4686
-15.406
-15.3295
-15.2385
-15.132
-15.0092
-14.8692
-14.7112
-14.5346
-14.3387
-14.123
-13.8871
-13.6308
-13.3543
-13.0578
-12.7418
-12.4073
-12.0554
-11.6874
-11.3053
-10.911
-10.5068
-10.0952
-9.67871
-9.26011
-8.84213
-8.42744
-8.01862
-7.61807
-7.22794
-6.8501
-6.48609
-6.1371
-5.80392
-5.48697
-5.1863
-4.90156
-4.63211
-4.37697
-4.13492
-3.90451
-3.68417
-3.47222
-3.26698
-3.06685
-2.87035
-2.67624
-2.48357
-2.29177
-2.10068
-1.9106
-1.7223
-1.53696
-1.35612
-1.18158
-1.01528
-0.859101
-0.714785
-0.583727
-0.46693
-0.36486
-0.277585
-0.204503
-0.145062
-0.0974886
-0.0617837
-0.0337408
-0.0177992
-0.000296512
-0.00568576
0.0209202
-0.0318953
-14.6703
-14.7133
-14.7505
-14.7835
-14.8167
-14.8439
-14.8726
-14.9034
-14.9386
-14.9786
-15.0235
-15.0727
-15.125
-15.1792
-15.2336
-15.2867
-15.3371
-15.3833
-15.4243
-15.4589
-15.4865
-15.5061
-15.5173
-15.5193
-15.5118
-15.4941
-15.4656
-15.4257
-15.3738
-15.309
-15.2307
-15.138
-15.0301
-14.9063
-14.7656
-14.6075
-14.4312
-14.2362
-14.0219
-13.788
-13.5345
-13.2613
-12.9689
-12.6577
-12.3285
-11.9826
-11.6212
-11.2461
-10.8592
-10.4627
-10.0589
-9.65031
-9.23949
-8.82907
-8.4216
-8.01956
-7.62523
-7.24068
-6.86774
-6.50788
-6.16227
-5.83171
-5.51663
-5.2171
-4.93286
-4.66329
-4.40752
-4.16441
-3.93261
-3.71066
-3.49699
-3.29004
-3.08828
-2.89035
-2.69508
-2.50159
-2.30935
-2.11821
-1.92847
-1.74084
-1.55644
-1.37671
-1.20334
-1.03814
-0.882902
-0.739247
-0.608498
-0.491606
-0.389014
-0.300806
-0.226398
-0.165316
-0.115791
-0.0779974
-0.047546
-0.0294212
-0.00897418
-0.012782
0.0182385
-0.0358227
-14.6551
-14.6941
-14.7291
-14.76
-14.7888
-14.817
-14.847
-14.8793
-14.9147
-14.9539
-14.9967
-15.0428
-15.0912
-15.1409
-15.1905
-15.2386
-15.284
-15.3255
-15.3619
-15.3923
-15.4159
-15.4318
-15.4396
-15.4385
-15.428
-15.4074
-15.3763
-15.3339
-15.2796
-15.2128
-15.1325
-15.0382
-14.9291
-14.8043
-14.6631
-14.5049
-14.329
-14.1349
-13.9221
-13.6904
-13.4397
-13.1699
-12.8815
-12.5751
-12.2513
-11.9112
-11.5563
-11.1882
-10.8085
-10.4195
-10.0234
-9.62252
-9.21933
-8.81631
-8.41593
-8.02052
-7.6323
-7.25326
-6.88514
-6.52939
-6.18715
-5.85921
-5.54601
-5.24767
-4.96396
-4.69434
-4.438
-4.19391
-3.96081
-3.73733
-3.52202
-3.31341
-3.1101
-2.91079
-2.7144
-2.52012
-2.32745
-2.13627
-1.94686
-1.75988
-1.57638
-1.39771
-1.22548
-1.06135
-0.907023
-0.764011
-0.633558
-0.516566
-0.413454
-0.324315
-0.248587
-0.185865
-0.134385
-0.09449
-0.0616155
-0.0412733
-0.0178623
-0.0200217
0.015422
-0.0397728
-14.6398
-14.6758
-14.7095
-14.7406
-14.7703
-14.7996
-14.8295
-14.8608
-14.8945
-14.9312
-14.9708
-15.0131
-15.0572
-15.1022
-15.147
-15.1903
-15.2309
-15.2678
-15.2998
-15.326
-15.3457
-15.358
-15.3622
-15.3579
-15.3443
-15.321
-15.2872
-15.2424
-15.1858
-15.1169
-15.0349
-14.9391
-14.8288
-14.7032
-14.5616
-14.4034
-14.228
-14.0349
-13.8237
-13.5941
-13.3461
-13.0798
-12.7955
-12.4937
-12.1752
-11.841
-11.4925
-11.1311
-10.7586
-10.377
-9.98835
-9.59502
-9.19929
-8.80355
-8.41011
-8.02124
-7.63903
-7.26542
-6.90207
-6.5504
-6.21152
-5.88621
-5.57492
-5.27781
-4.99469
-4.72509
-4.46827
-4.22328
-3.98896
-3.76405
-3.54718
-3.337
-3.13219
-2.93157
-2.73412
-2.53908
-2.34601
-2.1548
-1.9657
-1.77935
-1.59673
-1.41911
-1.24797
-1.0849
-0.93145
-0.789061
-0.658893
-0.541796
-0.438164
-0.348099
-0.271055
-0.206694
-0.153258
-0.111249
-0.0759379
-0.053345
-0.0269512
-0.0273964
0.012481
-0.0437433
-14.6244
-14.6579
-14.69
-14.7201
-14.7492
-14.7779
-14.8072
-14.8377
-14.8702
-14.905
-14.9421
-14.9811
-15.0214
-15.0623
-15.1026
-15.1413
-15.1774
-15.2098
-15.2375
-15.2597
-15.2755
-15.2842
-15.2851
-15.2775
-15.261
-15.2348
-15.1985
-15.1512
-15.0925
-15.0216
-14.9379
-14.8407
-14.7292
-14.6028
-14.4609
-14.3028
-14.1279
-13.9359
-13.7263
-13.4989
-13.2537
-12.9908
-12.7105
-12.4134
-12.1001
-11.7717
-11.4294
-11.0746
-10.7091
-10.3348
-9.95354
-9.56761
-9.17922
-8.7906
-8.40399
-8.02155
-7.64527
-7.27702
-6.9184
-6.57079
-6.23526
-5.91259
-5.60326
-5.30743
-5.02496
-4.75546
-4.49824
-4.25244
-4.01699
-3.79073
-3.57239
-3.36072
-3.1545
-2.95263
-2.75417
-2.55843
-2.36498
-2.17375
-1.98497
-1.79924
-1.61748
-1.44088
-1.27081
-1.10876
-0.956169
-0.814384
-0.684489
-0.567282
-0.46313
-0.372143
-0.293787
-0.227789
-0.172395
-0.128262
-0.0905019
-0.0656255
-0.0362311
-0.0348978
0.00942537
-0.0477317
-14.6088
-14.6402
-14.6707
-14.6999
-14.7284
-14.7566
-14.7852
-14.8148
-14.8457
-14.8783
-14.9126
-14.9484
-14.9849
-15.0217
-15.0577
-15.0921
-15.1238
-15.1518
-15.1754
-15.1936
-15.2056
-15.2107
-15.2082
-15.1975
-15.178
-15.1491
-15.1101
-15.0606
-14.9997
-14.9269
-14.8415
-14.7429
-14.6304
-14.5033
-14.3611
-14.2031
-14.0288
-13.8379
-13.6299
-13.4048
-13.1624
-12.9029
-12.6266
-12.334
-12.0259
-11.7031
-11.367
-11.0188
-10.6601
-10.2929
-9.91887
-9.54021
-9.159
-8.77739
-8.39749
-8.02137
-7.65094
-7.28799
-6.93406
-6.59047
-6.25829
-5.93829
-5.63095
-5.33645
-5.05471
-4.78537
-4.52784
-4.28132
-4.04485
-3.81733
-3.59762
-3.38455
-3.177
-2.97394
-2.77453
-2.57812
-2.38434
-2.1931
-2.00465
-1.81954
-1.63862
-1.46301
-1.29399
-1.13292
-0.981169
-0.839969
-0.710334
-0.593011
-0.488339
-0.396432
-0.31677
-0.249137
-0.191785
-0.145516
-0.105296
-0.0781043
-0.0456918
-0.0425173
0.00626466
-0.0517355
-14.593
-14.6225
-14.6514
-14.6795
-14.707
-14.7344
-14.7619
-14.7902
-14.8195
-14.85
-14.8817
-14.9143
-14.9474
-14.9803
-15.0123
-15.0424
-15.0699
-15.0938
-15.1133
-15.1276
-15.1359
-15.1375
-15.1317
-15.1179
-15.0955
-15.0638
-15.0223
-14.9704
-14.9075
-14.8328
-14.7458
-14.6459
-14.5324
-14.4047
-14.2622
-14.1044
-13.9308
-13.741
-13.5347
-13.3118
-13.0722
-12.8161
-12.5437
-12.2556
-11.9525
-11.6354
-11.3052
-10.9634
-10.6115
-10.2512
-9.8843
-9.51276
-9.1386
-8.76386
-8.39056
-8.02065
-7.65599
-7.29826
-6.94898
-6.60941
-6.28058
-5.96326
-5.65794
-5.36483
-5.08389
-4.8148
-4.55705
-4.30991
-4.0725
-3.84382
-3.62283
-3.40845
-3.19965
-2.99549
-2.79519
-2.59816
-2.40407
-2.21285
-2.02472
-1.84022
-1.66014
-1.48549
-1.31749
-1.15738
-1.00644
-0.865802
-0.736414
-0.618968
-0.513777
-0.420954
-0.33999
-0.270723
-0.211413
-0.162999
-0.120309
-0.0907708
-0.0553235
-0.0502467
0.003008
-0.0557519
-14.5769
-14.6046
-14.632
-14.6589
-14.6853
-14.7116
-14.738
-14.7649
-14.7924
-14.8208
-14.8498
-14.8794
-14.9091
-14.9383
-14.9664
-14.9925
-15.016
-15.0359
-15.0514
-15.0619
-15.0666
-15.0647
-15.0556
-15.0387
-15.0134
-14.9791
-14.9351
-14.8809
-14.8159
-14.7394
-14.6509
-14.5497
-14.4353
-14.307
-14.1643
-14.0067
-13.8338
-13.6452
-13.4406
-13.2199
-12.983
-12.7303
-12.4618
-12.1782
-11.8801
-11.5683
-11.2441
-10.9086
-10.5633
-10.2098
-9.84981
-9.48524
-9.11799
-8.74998
-8.38315
-8.01936
-7.66038
-7.30782
-6.96313
-6.62755
-6.30207
-5.98746
-5.6842
-5.39254
-5.11246
-4.8437
-4.58582
-4.33815
-4.0999
-3.87018
-3.648
-3.4324
-3.22243
-3.01724
-2.81611
-2.61852
-2.42415
-2.23297
-2.04518
-1.86128
-1.68201
-1.50831
-1.34129
-1.18212
-1.03196
-0.891869
-0.762715
-0.645141
-0.539429
-0.445693
-0.363433
-0.292536
-0.231268
-0.1807
-0.13553
-0.103614
-0.0651165
-0.0580775
-0.000336057
-0.059778
-14.5605
-14.5866
-14.6125
-14.638
-14.6632
-14.6882
-14.7133
-14.7386
-14.7643
-14.7905
-14.817
-14.8436
-14.8701
-14.8958
-14.9201
-14.9424
-14.9619
-14.978
-14.9897
-14.9965
-14.9976
-14.9924
-14.9801
-14.9602
-14.932
-14.895
-14.8486
-14.7922
-14.7251
-14.6469
-14.5569
-14.4545
-14.3392
-14.2103
-14.0675
-13.9101
-13.7379
-13.5505
-13.3476
-13.1291
-12.895
-12.6455
-12.3809
-12.1017
-11.8085
-11.5021
-11.1836
-10.8543
-10.5154
-10.1686
-9.81538
-9.45764
-9.09714
-8.73574
-8.37525
-8.01747
-7.66408
-7.31662
-6.97648
-6.64486
-6.32274
-6.01085
-5.70969
-5.41953
-5.14038
-4.87204
-4.61411
-4.36602
-4.12704
-3.89636
-3.6731
-3.45637
-3.24532
-3.03917
-2.83728
-2.63917
-2.44457
-2.25344
-2.06599
-1.88269
-1.70422
-1.53144
-1.36538
-1.20712
-1.05772
-0.918155
-0.789222
-0.671514
-0.565282
-0.470637
-0.387086
-0.314562
-0.251338
-0.198606
-0.150947
-0.116625
-0.0750612
-0.0660017
-0.00375965
-0.0638102
-14.5438
-14.5684
-14.5927
-14.6169
-14.6407
-14.6644
-14.688
-14.7116
-14.7354
-14.7594
-14.7834
-14.8072
-14.8304
-14.8527
-14.8735
-14.8921
-14.9079
-14.9202
-14.9283
-14.9315
-14.9291
-14.9206
-14.9051
-14.8822
-14.8513
-14.8117
-14.7628
-14.7042
-14.6352
-14.5553
-14.4638
-14.3603
-14.2441
-14.1148
-13.9718
-13.8148
-13.6433
-13.457
-13.2558
-13.0396
-12.8082
-12.562
-12.3012
-12.0262
-11.7378
-11.4366
-11.1238
-10.8005
-10.4679
-10.1276
-9.78103
-9.42995
-9.07606
-8.72112
-8.36686
-8.01497
-7.66707
-7.32464
-6.98901
-6.66133
-6.34255
-6.03339
-5.73438
-5.44577
-5.16762
-4.89978
-4.6419
-4.39347
-4.15386
-3.92233
-3.69809
-3.48033
-3.26829
-3.06126
-2.85867
-2.66009
-2.46528
-2.27423
-2.08714
-1.90443
-1.72674
-1.55487
-1.38974
-1.23236
-1.0837
-0.944642
-0.81592
-0.698073
-0.591322
-0.495773
-0.410937
-0.33679
-0.271611
-0.216708
-0.166553
-0.129794
-0.0851492
-0.0740109
-0.00725569
-0.0678447
-14.5268
-14.5498
-14.5727
-14.5954
-14.6178
-14.64
-14.6621
-14.684
-14.7058
-14.7276
-14.749
-14.7701
-14.7903
-14.8094
-14.8267
-14.8418
-14.854
-14.8627
-14.8672
-14.8669
-14.8612
-14.8494
-14.8308
-14.805
-14.7713
-14.7292
-14.678
-14.6172
-14.5463
-14.4647
-14.3718
-14.2671
-14.1502
-14.0204
-13.8774
-13.7207
-13.5499
-13.3649
-13.1654
-12.9513
-12.7226
-12.4796
-12.2225
-11.9518
-11.668
-11.372
-11.0647
-10.7473
-10.4208
-10.0868
-9.74675
-9.40218
-9.05475
-8.70612
-8.35795
-8.01185
-7.66935
-7.33186
-7.00068
-6.67691
-6.36146
-6.05507
-5.75822
-5.47122
-5.19414
-4.92688
-4.66914
-4.42048
-4.18034
-3.94806
-3.72293
-3.50424
-3.29128
-3.08345
-2.88022
-2.68123
-2.48626
-2.29532
-2.10859
-1.92647
-1.74954
-1.57855
-1.41435
-1.25782
-1.10988
-0.971314
-0.842792
-0.724803
-0.617537
-0.521088
-0.434975
-0.359208
-0.292078
-0.234996
-0.182337
-0.143111
-0.0953724
-0.0820972
-0.010818
-0.0718768
-14.5095
-14.531
-14.5524
-14.5736
-14.5946
-14.6152
-14.6356
-14.6558
-14.6756
-14.6951
-14.7142
-14.7325
-14.7498
-14.7657
-14.7798
-14.7915
-14.8002
-14.8054
-14.8065
-14.8029
-14.7938
-14.7789
-14.7573
-14.7286
-14.6922
-14.6476
-14.5941
-14.5312
-14.4585
-14.3752
-14.281
-14.1753
-14.0575
-13.9274
-13.7843
-13.6279
-13.458
-13.2741
-13.0763
-12.8644
-12.6384
-12.3985
-12.1451
-11.8784
-11.5993
-11.3083
-11.0064
-10.6946
-10.3742
-10.0463
-9.71258
-9.37435
-9.03321
-8.69075
-8.34853
-8.00809
-7.67089
-7.33828
-7.01149
-6.69159
-6.37947
-6.07584
-5.78119
-5.49585
-5.21991
-4.9533
-4.6958
-4.447
-4.20643
-3.9735
-3.74759
-3.52805
-3.31428
-3.10572
-2.90192
-2.70256
-2.50747
-2.31665
-2.13029
-1.94876
-1.7726
-1.60248
-1.43916
-1.28348
-1.13623
-0.99815
-0.869823
-0.751691
-0.643913
-0.546572
-0.45919
-0.381809
-0.31273
-0.253461
-0.198292
-0.15657
-0.105724
-0.0902528
-0.0144413
-0.075901
-14.4918
-14.5119
-14.5319
-14.5516
-14.571
-14.5901
-14.6088
-14.6271
-14.6449
-14.6622
-14.6788
-14.6945
-14.709
-14.7219
-14.7328
-14.7412
-14.7466
-14.7485
-14.7463
-14.7394
-14.7272
-14.7091
-14.6846
-14.6532
-14.6142
-14.5671
-14.5113
-14.4464
-14.3718
-14.287
-14.1915
-14.0847
-13.9663
-13.8357
-13.6926
-13.5367
-13.3675
-13.1849
-12.9887
-12.7789
-12.5556
-12.3188
-12.0689
-11.8063
-11.5316
-11.2455
-10.9488
-10.6426
-10.328
-10.0062
-9.67852
-9.34646
-9.01146
-8.67501
-8.3386
-8.0037
-7.67169
-7.34387
-7.02141
-6.70535
-6.39654
-6.09568
-5.80327
-5.51963
-5.24489
-4.97903
-4.72184
-4.47301
-4.2321
-3.99862
-3.77202
-3.55173
-3.33722
-3.12801
-2.9237
-2.72403
-2.52885
-2.33819
-2.15221
-1.97128
-1.79587
-1.6266
-1.46416
-1.3093
-1.16274
-1.02513
-0.896995
-0.778723
-0.670439
-0.572215
-0.483573
-0.404584
-0.33356
-0.272096
-0.214411
-0.170163
-0.116199
-0.0984696
-0.0181215
-0.0799107
-14.4739
-14.4926
-14.5111
-14.5293
-14.5471
-14.5646
-14.5815
-14.598
-14.6138
-14.629
-14.6432
-14.6563
-14.668
-14.678
-14.6859
-14.6912
-14.6934
-14.6921
-14.6867
-14.6766
-14.6613
-14.6403
-14.6129
-14.5788
-14.5372
-14.4877
-14.4298
-14.3629
-14.2865
-14.2002
-14.1034
-13.9957
-13.8766
-13.7457
-13.6026
-13.447
-13.2786
-13.0972
-12.9027
-12.695
-12.4742
-12.2404
-11.994
-11.7353
-11.465
-11.1836
-10.892
-10.5912
-10.2823
-9.9663
-9.64461
-9.31855
-8.98951
-8.65891
-8.32818
-7.99868
-7.67176
-7.34864
-7.03045
-6.71817
-6.41266
-6.11458
-5.82443
-5.54254
-5.26906
-5.00401
-4.74722
-4.49845
-4.25731
-4.02338
-3.79618
-3.57523
-3.36006
-3.15027
-2.94552
-2.74559
-2.55036
-2.35988
-2.17431
-1.99397
-1.81931
-1.65088
-1.48932
-1.33527
-1.18938
-1.05224
-0.924294
-0.805886
-0.697105
-0.598007
-0.508117
-0.427526
-0.354563
-0.290897
-0.230692
-0.183884
-0.126794
-0.10674
-0.0218557
-0.0838976
-14.4557
-14.473
-14.49
-14.5067
-14.523
-14.5388
-14.554
-14.5686
-14.5825
-14.5954
-14.6073
-14.6179
-14.627
-14.6342
-14.6391
-14.6414
-14.6406
-14.6362
-14.6277
-14.6146
-14.5963
-14.5724
-14.5423
-14.5055
-14.4615
-14.4097
-14.3496
-14.2808
-14.2027
-14.1149
-14.0169
-13.9083
-13.7885
-13.6573
-13.5143
-13.3591
-13.1915
-13.0113
-12.8184
-12.6127
-12.3944
-12.1636
-11.9206
-11.6657
-11.3996
-11.1228
-10.8362
-10.5406
-10.2371
-9.92681
-9.61089
-9.29064
-8.96739
-8.64248
-8.31726
-7.99304
-7.67108
-7.35257
-7.03857
-6.73005
-6.42781
-6.13251
-5.84464
-5.56454
-5.29239
-5.02822
-4.77192
-4.52329
-4.28201
-4.04772
-3.82002
-3.5985
-3.38275
-3.17246
-2.96732
-2.76718
-2.57194
-2.38167
-2.19651
-2.01678
-1.84288
-1.67529
-1.51458
-1.36134
-1.21613
-1.07945
-0.951702
-0.833167
-0.723901
-0.623944
-0.532817
-0.450633
-0.375736
-0.309861
-0.247132
-0.19773
-0.137507
-0.115056
-0.0256426
-0.087851
-14.4372
-14.4532
-14.4688
-14.484
-14.4987
-14.5128
-14.5263
-14.539
-14.5509
-14.5617
-14.5713
-14.5795
-14.586
-14.5905
-14.5927
-14.5921
-14.5883
-14.5809
-14.5695
-14.5535
-14.5323
-14.5057
-14.4729
-14.4335
-14.3871
-14.3331
-14.271
-14.2003
-14.1206
-14.0313
-13.9322
-13.8226
-13.7023
-13.5708
-13.4278
-13.273
-13.1062
-12.9271
-12.7358
-12.5322
-12.3163
-12.0884
-11.8486
-11.5975
-11.3354
-11.0631
-10.7813
-10.4908
-10.1926
-9.88772
-9.57739
-9.26277
-8.94513
-8.62574
-8.30587
-7.98678
-7.66967
-7.35567
-7.04579
-6.74097
-6.44197
-6.14945
-5.86388
-5.58562
-5.31485
-5.05163
-4.7959
-4.5475
-4.30617
-4.07162
-3.8435
-3.62148
-3.40525
-3.19451
-2.98905
-2.78874
-2.59354
-2.4035
-2.21879
-2.03967
-1.86652
-1.69977
-1.53993
-1.38749
-1.24295
-1.10675
-0.979204
-0.860556
-0.750821
-0.650018
-0.557671
-0.473902
-0.397079
-0.328986
-0.263732
-0.211698
-0.148341
-0.123408
-0.0294832
-0.0917566
-14.4186
-14.4332
-14.4474
-14.4611
-14.4742
-14.4868
-14.4985
-14.5094
-14.5193
-14.528
-14.5354
-14.5412
-14.5453
-14.5472
-14.5466
-14.5433
-14.5367
-14.5265
-14.5122
-14.4933
-14.4695
-14.4401
-14.4048
-14.363
-14.3142
-14.258
-14.1939
-14.1214
-14.0401
-13.9495
-13.8492
-13.7388
-13.6179
-13.4862
-13.3432
-13.1889
-13.0228
-12.845
-12.6552
-12.4536
-12.2401
-12.0149
-11.7783
-11.5307
-11.2726
-11.0046
-10.7274
-10.4418
-10.1487
-9.84909
-9.54414
-9.23497
-8.92274
-8.60869
-8.29402
-7.97992
-7.66753
-7.35793
-7.0521
-6.75092
-6.45514
-6.16538
-5.88214
-5.60574
-5.3364
-5.07421
-4.81913
-4.57104
-4.32975
-4.09501
-3.86657
-3.64414
-3.42747
-3.21636
-3.01064
-2.81022
-2.61508
-2.42531
-2.24106
-2.06257
-1.89019
-1.72429
-1.56531
-1.41368
-1.26982
-1.13411
-1.00678
-0.888041
-0.777857
-0.676229
-0.582678
-0.497334
-0.418594
-0.348276
-0.280496
-0.22579
-0.159302
-0.13179
-0.0333823
-0.0955941
-14.3999
-14.4131
-14.4259
-14.4381
-14.4498
-14.4606
-14.4707
-14.4798
-14.4877
-14.4944
-14.4997
-14.5032
-14.5048
-14.5042
-14.5011
-14.4951
-14.4858
-14.4729
-14.4559
-14.4344
-14.4079
-14.376
-14.3382
-14.294
-14.243
-14.1847
-14.1187
-14.0445
-13.9616
-13.8697
-13.7684
-13.6571
-13.5357
-13.4037
-13.2608
-13.1069
-12.9416
-12.7649
-12.5767
-12.3769
-12.1657
-11.9432
-11.7097
-11.4656
-11.2113
-10.9474
-10.6746
-10.3936
-10.1055
-9.81097
-9.51121
-9.20727
-8.90027
-8.59138
-8.28174
-7.97247
-7.66468
-7.35937
-7.0575
-6.7599
-6.4673
-6.18031
-5.89939
-5.62489
-5.35704
-5.09593
-4.84157
-4.59387
-4.3527
-4.11787
-3.88917
-3.6664
-3.44938
-3.23796
-3.03202
-2.83153
-2.6365
-2.44703
-2.26326
-2.08543
-1.91383
-1.74879
-1.59068
-1.43988
-1.29672
-1.1615
-1.03443
-0.915613
-0.805005
-0.702574
-0.60784
-0.520936
-0.440289
-0.367738
-0.297435
-0.24001
-0.170401
-0.140192
-0.0373509
-0.0993332
-14.3811
-14.3931
-14.4045
-14.4153
-14.4254
-14.4346
-14.443
-14.4503
-14.4564
-14.4611
-14.4642
-14.4656
-14.4649
-14.4619
-14.4563
-14.4478
-14.4359
-14.4204
-14.4008
-14.3767
-14.3477
-14.3133
-14.2731
-14.2267
-14.1735
-14.1133
-14.0454
-13.9695
-13.8852
-13.7921
-13.6897
-13.5777
-13.4557
-13.3235
-13.1807
-13.0272
-12.8626
-12.687
-12.5002
-12.3023
-12.0933
-11.8734
-11.6429
-11.4021
-11.1514
-10.8915
-10.6229
-10.3465
-10.063
-9.7734
-9.47862
-9.17971
-8.87775
-8.57383
-8.26903
-7.96445
-7.66111
-7.35998
-7.06198
-6.7679
-6.47845
-6.1942
-5.91562
-5.64306
-5.37673
-5.11677
-4.86319
-4.61596
-4.37499
-4.14013
-3.91126
-3.68822
-3.4709
-3.25922
-3.05312
-2.8526
-2.65772
-2.46857
-2.28532
-2.10817
-1.93736
-1.77321
-1.61599
-1.46603
-1.3236
-1.18892
-1.06212
-0.943262
-0.832262
-0.729057
-0.633166
-0.544716
-0.462177
-0.387385
-0.314566
-0.254368
-0.181661
-0.148606
-0.0414108
-0.102928
-14.3623
-14.373
-14.3831
-14.3924
-14.4011
-14.4088
-14.4155
-14.421
-14.4253
-14.4281
-14.4292
-14.4284
-14.4255
-14.4203
-14.4123
-14.4014
-14.3871
-14.3691
-14.347
-14.3205
-14.2891
-14.2523
-14.2099
-14.1613
-14.1061
-14.0439
-13.9742
-13.8968
-13.811
-13.7167
-13.6133
-13.5006
-13.3781
-13.2457
-13.103
-12.9499
-12.7861
-12.6115
-12.4262
-12.23
-12.0231
-11.8057
-11.578
-11.3403
-11.0931
-10.837
-10.5725
-10.3004
-10.0214
-9.73645
-9.44644
-9.15235
-8.85521
-8.55606
-8.25594
-7.95587
-7.65684
-7.35978
-7.06555
-6.77492
-6.48857
-6.20705
-5.93082
-5.66022
-5.39546
-5.1367
-4.88398
-4.63729
-4.39658
-4.16177
-3.93278
-3.70953
-3.49197
-3.28008
-3.07386
-2.87336
-2.67866
-2.48987
-2.30716
-2.13071
-1.96074
-1.79748
-1.64119
-1.49211
-1.35043
-1.21632
-1.08983
-0.970979
-0.859627
-0.755684
-0.658667
-0.568694
-0.484281
-0.407242
-0.331917
-0.268885
-0.193116
-0.157029
-0.0456023
-0.106308
-14.3437
-14.3532
-14.3619
-14.3699
-14.3771
-14.3833
-14.3884
-14.3922
-14.3947
-14.3956
-14.3948
-14.392
-14.387
-14.3795
-14.3693
-14.3561
-14.3395
-14.3191
-14.2947
-14.2659
-14.2321
-14.1932
-14.1485
-14.0979
-14.0407
-13.9767
-13.9054
-13.8264
-13.7393
-13.6438
-13.5395
-13.4261
-13.3032
-13.1706
-13.028
-12.8752
-12.7121
-12.5385
-12.3545
-12.16
-11.9552
-11.7401
-11.5151
-11.2804
-11.0366
-10.7841
-10.5234
-10.2554
-9.98071
-9.70018
-9.41471
-9.12522
-8.83269
-8.53811
-8.24247
-7.94675
-7.65188
-7.35876
-7.06821
-6.78096
-6.49767
-6.21886
-5.94498
-5.67636
-5.41322
-5.15571
-4.90391
-4.65782
-4.41744
-4.18274
-3.95369
-3.73028
-3.51252
-3.30046
-3.09416
-2.89371
-2.69922
-2.51083
-2.32869
-2.15297
-1.98386
-1.82154
-1.66621
-1.51804
-1.37717
-1.24367
-1.11755
-0.998757
-0.887105
-0.782472
-0.684371
-0.592902
-0.506643
-0.42735
-0.349538
-0.283598
-0.204825
-0.165464
-0.0499969
-0.109366
-14.3252
-14.3334
-14.3409
-14.3476
-14.3534
-14.3581
-14.3617
-14.3639
-14.3647
-14.3639
-14.3612
-14.3564
-14.3494
-14.3399
-14.3275
-14.3121
-14.2933
-14.2707
-14.2441
-14.213
-14.1771
-14.136
-14.0894
-14.0367
-13.9777
-13.9119
-13.839
-13.7586
-13.6702
-13.5736
-13.4684
-13.3543
-13.231
-13.0982
-12.9557
-12.8033
-12.6408
-12.4682
-12.2855
-12.0926
-11.8896
-11.6768
-11.4543
-11.2225
-10.9819
-10.7327
-10.4758
-10.2116
-9.94098
-9.66466
-9.38349
-9.09838
-8.81024
-8.52002
-8.22867
-7.93712
-7.64626
-7.35695
-7.06997
-6.78603
-6.50575
-6.22963
-5.95811
-5.69149
-5.43
-5.1738
-4.92296
-4.67754
-4.43754
-4.20299
-3.97393
-3.7504
-3.53248
-3.32027
-3.11392
-2.91354
-2.7193
-2.53133
-2.3498
-2.17485
-2.00664
-1.8453
-1.69097
-1.54376
-1.40375
-1.27093
-1.14526
-1.02659
-0.914713
-0.809454
-0.710329
-0.617405
-0.529333
-0.447785
-0.367511
-0.298575
-0.21688
-0.173925
-0.0547146
-0.111939
-14.3072
-14.3143
-14.3205
-14.3259
-14.3303
-14.3336
-14.3357
-14.3364
-14.3355
-14.3329
-14.3285
-14.3219
-14.313
-14.3014
-14.2871
-14.2696
-14.2487
-14.224
-14.1953
-14.1621
-14.1242
-14.0811
-14.0324
-13.9779
-13.9172
-13.8497
-13.7753
-13.6935
-13.6039
-13.5063
-13.4002
-13.2855
-13.1617
-13.0288
-12.8863
-12.7343
-12.5724
-12.4008
-12.2192
-12.0278
-11.8267
-11.6159
-11.3959
-11.1668
-10.929
-10.6831
-10.4296
-10.1691
-9.9023
-9.62994
-9.35285
-9.07187
-8.78789
-8.50182
-8.21455
-7.92699
-7.63998
-7.35435
-7.07084
-6.79013
-6.51281
-6.23936
-5.97019
-5.70561
-5.44581
-5.19096
-4.94115
-4.69643
-4.45687
-4.22252
-3.99347
-3.76984
-3.55177
-3.33944
-3.13304
-2.93275
-2.73877
-2.55125
-2.37036
-2.19622
-2.02894
-1.86863
-1.71536
-1.56919
-1.43012
-1.29808
-1.17295
-1.05452
-0.942515
-0.83672
-0.736648
-0.642324
-0.552485
-0.468677
-0.385971
-0.313929
-0.229428
-0.182457
-0.0599589
-0.113792
-14.2892
-14.2952
-14.3003
-14.3045
-14.3077
-14.3097
-14.3104
-14.3096
-14.3072
-14.303
-14.2969
-14.2886
-14.2778
-14.2645
-14.2482
-14.2288
-14.2059
-14.1793
-14.1486
-14.1134
-14.0736
-14.0286
-13.9781
-13.9219
-13.8594
-13.7904
-13.7146
-13.6314
-13.5407
-13.4421
-13.3352
-13.2199
-13.0957
-12.9626
-12.8202
-12.6685
-12.5072
-12.3364
-12.1559
-11.9659
-11.7665
-11.5577
-11.3399
-11.1133
-10.8783
-10.6354
-10.3851
-10.128
-9.8648
-9.59617
-9.3229
-9.04582
-8.76576
-8.48361
-8.20022
-7.91645
-7.63313
-7.35103
-7.07087
-6.79331
-6.51889
-6.24809
-5.98128
-5.71874
-5.46067
-5.20721
-4.95846
-4.71449
-4.47538
-4.24125
-4.01222
-3.78848
-3.57026
-3.35781
-3.15136
-2.95118
-2.75747
-2.57044
-2.39021
-2.21692
-2.05063
-1.89141
-1.73928
-1.59423
-1.45621
-1.3251
-1.20065
-1.08262
-0.970639
-0.864444
-0.763535
-0.667885
-0.576331
-0.490251
-0.40514
-0.329842
-0.242682
-0.191129
-0.0660319
-0.114566
-14.2723
-14.2773
-14.2812
-14.2842
-14.2861
-14.2868
-14.2861
-14.2839
-14.28
-14.2743
-14.2666
-14.2566
-14.2442
-14.2291
-14.211
-14.1898
-14.1651
-14.1366
-14.104
-14.067
-14.0254
-13.9786
-13.9264
-13.8685
-13.8045
-13.7341
-13.6569
-13.5725
-13.4807
-13.3811
-13.2735
-13.1576
-13.0331
-12.8997
-12.7574
-12.6059
-12.4452
-12.2751
-12.0957
-11.907
-11.7091
-11.5021
-11.2864
-11.0621
-10.8297
-10.5896
-10.3423
-10.0884
-9.82849
-9.56333
-9.29363
-9.02018
-8.74381
-8.46534
-8.18561
-7.90544
-7.62563
-7.34692
-7.07002
-6.79552
-6.52397
-6.25579
-5.99135
-5.73089
-5.47459
-5.22258
-4.97494
-4.73176
-4.49315
-4.25923
-4.03022
-3.80635
-3.58794
-3.3753
-3.16877
-2.96864
-2.77519
-2.58863
-2.40909
-2.2367
-2.07148
-1.91346
-1.76262
-1.61888
-1.48212
-1.35215
-1.22864
-1.11122
-0.999466
-0.893031
-0.791404
-0.69449
-0.601254
-0.512855
-0.425336
-0.346575
-0.256946
-0.200068
-0.0734136
-0.113805
-14.2554
-14.2594
-14.2624
-14.2644
-14.2652
-14.2647
-14.2629
-14.2594
-14.2542
-14.2471
-14.2379
-14.2264
-14.2124
-14.1957
-14.176
-14.1531
-14.1267
-14.0965
-14.0622
-14.0235
-13.9802
-13.9318
-13.878
-13.8186
-13.7531
-13.6813
-13.6028
-13.5173
-13.4244
-13.324
-13.2156
-13.0991
-12.9742
-12.8407
-12.6984
-12.5472
-12.3869
-12.2175
-12.0391
-11.8515
-11.655
-11.4498
-11.2359
-11.0138
-10.7837
-10.5462
-10.3016
-10.0506
-9.79383
-9.53186
-9.26546
-8.99539
-8.72244
-8.4474
-8.17109
-7.8943
-7.61781
-7.34233
-7.06852
-6.79698
-6.5282
-6.2626
-6.00048
-5.74208
-5.48754
-5.23697
-4.99044
-4.74803
-4.50986
-4.27612
-4.04706
-3.82302
-3.60437
-3.39153
-3.1849
-2.98487
-2.79172
-2.60571
-2.42696
-2.25556
-2.09153
-1.93486
-1.78547
-1.64327
-1.50808
-1.37959
-1.25737
-1.1409
-1.02966
-0.923172
-0.820925
-0.722747
-0.627767
-0.536899
-0.446892
-0.364358
-0.272444
-0.20928
-0.0826063
-0.110601
-14.2401
-14.2431
-14.2451
-14.2459
-14.2456
-14.244
-14.2409
-14.2361
-14.2296
-14.2212
-14.2106
-14.1977
-14.1822
-14.164
-14.1428
-14.1183
-14.0903
-14.0585
-14.0227
-13.9824
-13.9375
-13.8876
-13.8324
-13.7715
-13.7047
-13.6316
-13.552
-13.4654
-13.3716
-13.2703
-13.1613
-13.0443
-12.919
-12.7853
-12.643
-12.492
-12.3321
-12.1634
-11.9857
-11.7992
-11.604
-11.4002
-11.1881
-10.9679
-10.7399
-10.5047
-10.2627
-10.0143
-9.76031
-9.50126
-9.23787
-8.97089
-8.70108
-8.42922
-8.1561
-7.88248
-7.60913
-7.33673
-7.06593
-6.7973
-6.53129
-6.2683
-6.00859
-5.75235
-5.49969
-5.25068
-5.00535
-4.76378
-4.52608
-4.29249
-4.0633
-3.83893
-3.61986
-3.40661
-3.19969
-2.99958
-2.80664
-2.62116
-2.44332
-2.2732
-2.11078
-1.95599
-1.80868
-1.66864
-1.53557
-1.40902
-1.28841
-1.17305
-1.0623
-0.955636
-0.852566
-0.752876
-0.655919
-0.56231
-0.469636
-0.38298
-0.289101
-0.218557
-0.09418
-0.10376
-14.2249
-14.2273
-14.2285
-14.2286
-14.2274
-14.2249
-14.2208
-14.215
-14.2075
-14.1978
-14.1861
-14.1719
-14.1551
-14.1356
-14.113
-14.0871
-14.0577
-14.0245
-13.9871
-13.9455
-13.8991
-13.8478
-13.7912
-13.7291
-13.661
-13.5867
-13.506
-13.4184
-13.3237
-13.2217
-13.112
-12.9945
-12.8689
-12.735
-12.5927
-12.4418
-12.2823
-12.1141
-11.9372
-11.7516
-11.5576
-11.3551
-11.1445
-10.9261
-10.7001
-10.4669
-10.2271
-9.98117
-9.72967
-9.47324
-9.21256
-8.94836
-8.68137
-8.41236
-8.1421
-7.87134
-7.60082
-7.33122
-7.06316
-6.79717
-6.5337
-6.27309
-6.01558
-5.76131
-5.51035
-5.26271
-5.01841
-4.77751
-4.54015
-4.30659
-4.07723
-3.85258
-3.63325
-3.41987
-3.21307
-3.01338
-2.82124
-2.63694
-2.46061
-2.2923
-2.13191
-1.9793
-1.83424
-1.69641
-1.56542
-1.4407
-1.32148
-1.20693
-1.09632
-0.989104
-0.884842
-0.783291
-0.684065
-0.587481
-0.492127
-0.401098
-0.305632
-0.226675
-0.108059
-0.0911723
-14.2114
-14.2128
-14.2131
-14.2122
-14.21
-14.2064
-14.2013
-14.1945
-14.1858
-14.175
-14.1621
-14.1468
-14.1288
-14.108
-14.0842
-14.0571
-14.0264
-13.9919
-13.9533
-13.9104
-13.8628
-13.8103
-13.7525
-13.6892
-13.6201
-13.5448
-13.463
-13.3746
-13.2791
-13.1764
-13.0661
-12.9481
-12.8222
-12.6881
-12.5457
-12.3949
-12.2357
-12.0679
-11.8916
-11.7068
-11.5136
-11.3123
-11.103
-10.8859
-10.6615
-10.4301
-10.1922
-9.9483
-9.69894
-9.44477
-9.18645
-8.92468
-8.66021
-8.39379
-8.12619
-7.85814
-7.59038
-7.32358
-7.05835
-6.79521
-6.53458
-6.27676
-6.02193
-5.77017
-5.52146
-5.27574
-5.03296
-4.79313
-4.55636
-4.32295
-4.09338
-3.86829
-3.64845
-3.43467
-3.22777
-3.02841
-2.83713
-2.6542
-2.4797
-2.31349
-2.15526
-2.00466
-1.86131
-1.72487
-1.59498
-1.4711
-1.35246
-1.2381
-1.12726
-1.0193
-0.913858
-0.810614
-0.709413
-0.610083
-0.512314
-0.417089
-0.321041
-0.233044
-0.124791
-0.0716224
-14.1996
-14.2007
-14.2005
-14.1991
-14.1964
-14.1922
-14.1864
-14.1788
-14.1693
-14.1577
-14.1438
-14.1275
-14.1085
-14.0867
-14.0617
-14.0335
-14.0017
-13.966
-13.9263
-13.8822
-13.8335
-13.7798
-13.721
-13.6566
-13.5864
-13.5102
-13.4276
-13.3383
-13.2421
-13.1387
-13.028
-12.9096
-12.7833
-12.6491
-12.5067
-12.356
-12.197
-12.0297
-11.8539
-11.6699
-11.4776
-11.2773
-11.0692
-10.8535
-10.6305
-10.4007
-10.1645
-9.92237
-9.67489
-9.42268
-9.16638
-8.90669
-8.64433
-8.38006
-8.11463
-7.84879
-7.58325
-7.31868
-7.0557
-6.7948
-6.53639
-6.28074
-6.02802
-5.77824
-5.53137
-5.2873
-5.04595
-4.80731
-4.57154
-4.33896
-4.1101
-3.88564
-3.6664
-3.45318
-3.24671
-3.04759
-2.85628
-2.67304
-2.49803
-2.33131
-2.1728
-2.02236
-1.87974
-1.7446
-1.61643
-1.49442
-1.37739
-1.2641
-1.1536
-1.04523
-0.938702
-0.833708
-0.73043
-0.628464
-0.528752
-0.429558
-0.333701
-0.236194
-0.142586
-0.0458596
-14.1867
-14.1869
-14.1859
-14.1837
-14.1801
-14.1751
-14.1685
-14.1601
-14.1498
-14.1374
-14.1228
-14.1057
-14.0859
-14.0632
-14.0375
-14.0084
-13.9758
-13.9393
-13.8987
-13.8538
-13.8042
-13.7497
-13.6901
-13.6249
-13.554
-13.477
-13.3937
-13.3038
-13.207
-13.1031
-12.9918
-12.873
-12.7464
-12.6119
-12.4693
-12.3185
-12.1595
-11.9923
-11.8168
-11.6331
-11.4414
-11.2417
-11.0343
-10.8195
-10.5976
-10.369
-10.1341
-9.89351
-9.64768
-9.39724
-9.14287
-8.88526
-8.62514
-8.36327
-8.10042
-7.83735
-7.57479
-7.31342
-7.05385
-6.79657
-6.54195
-6.29019
-6.04134
-5.79525
-5.55168
-5.31029
-5.07075
-4.83285
-4.59659
-4.36226
-4.13054
-3.9024
-3.67907
-3.46187
-3.25209
-3.0508
-2.85877
-2.67639
-2.50364
-2.3402
-2.18544
-2.03866
-1.89914
-1.76626
-1.63949
-1.51813
-1.40101
-1.28693
-1.17513
-1.0651
-0.95681
-0.849981
-0.745051
-0.640875
-0.539674
-0.437109
-0.342487
-0.236021
-0.159141
-0.0183785
-14.1818
-14.182
-14.1809
-14.1785
-14.1747
-14.1693
-14.1622
-14.1534
-14.1425
-14.1295
-14.1142
-14.0963
-14.0758
-14.0524
-14.0258
-13.9959
-13.9624
-13.9251
-13.8837
-13.8379
-13.7875
-13.7323
-13.6718
-13.6059
-13.5343
-13.4567
-13.3728
-13.2824
-13.1852
-13.081
-12.9695
-12.8505
-12.7239
-12.5894
-12.447
-12.2966
-12.138
-11.9713
-11.7964
-11.6135
-11.4226
-11.2238
-11.0174
-10.8037
-10.5829
-10.3554
-10.1217
-9.8822
-9.63745
-9.38806
-9.13467
-8.87795
-8.61863
-8.35746
-8.09522
-7.83267
-7.57055
-7.30956
-7.05034
-6.79339
-6.5391
-6.28768
-6.03917
-5.79345
-5.55025
-5.30923
-5.07007
-4.83258
-4.59684
-4.36327
-4.13264
-3.90606
-3.68481
-3.47018
-3.26331
-3.06498
-2.87562
-2.69529
-2.52375
-2.36061
-2.20536
-2.05752
-1.91665
-1.78244
-1.65448
-1.53214
-1.41429
-1.29958
-1.18722
-1.07652
-0.967358
-0.859275
-0.753006
-0.647078
-0.544944
-0.43958
-0.346601
-0.232102
-0.171449
0.00719682
-14.1663
-14.1661
-14.1647
-14.1619
-14.1578
-14.1522
-14.1449
-14.1358
-14.1248
-14.1116
-14.096
-14.078
-14.0572
-14.0335
-14.0067
-13.9764
-13.9426
-13.9049
-13.8631
-13.8169
-13.7661
-13.7103
-13.6493
-13.5829
-13.5107
-13.4325
-13.3479
-13.2568
-13.1589
-13.0539
-12.9417
-12.8219
-12.6945
-12.5593
-12.4161
-12.2649
-12.1056
-11.9381
-11.7626
-11.579
-11.3875
-11.1883
-10.9815
-10.7674
-10.5464
-10.3189
-10.0852
-9.84595
-9.6016
-9.3528
-9.10022
-8.84457
-8.58662
-8.32716
-8.06703
-7.80704
-7.54801
-7.29069
-7.03572
-6.78362
-6.53472
-6.2891
-6.0466
-5.80681
-5.56913
-5.33286
-5.09737
-4.86225
-4.62748
-4.39355
-4.16144
-3.93258
-3.70855
-3.49098
-3.28124
-3.08034
-2.88888
-2.70703
-2.53462
-2.37118
-2.21608
-2.06858
-1.92804
-1.7939
-1.66582
-1.54341
-1.42524
-1.3097
-1.19601
-1.08384
-0.973296
-0.863806
-0.756336
-0.648946
-0.546033
-0.438505
-0.346888
-0.226414
-0.178172
0.0273478
-14.1723
-14.1716
-14.1696
-14.1663
-14.1615
-14.1552
-14.1471
-14.1372
-14.1253
-14.1113
-14.0948
-14.0759
-14.0542
-14.0296
-14.0018
-13.9707
-13.9359
-13.8973
-13.8546
-13.8075
-13.7559
-13.6993
-13.6376
-13.5705
-13.4976
-13.4189
-13.3338
-13.2424
-13.1441
-13.039
-12.9266
-12.8069
-12.6797
-12.5447
-12.4019
-12.2512
-12.0926
-11.9259
-11.7513
-11.5688
-11.3785
-11.1805
-10.9751
-10.7626
-10.5432
-10.3174
-10.0855
-9.84812
-9.60574
-9.359
-9.10856
-8.85515
-8.59955
-8.34256
-8.08501
-7.82775
-7.57157
-7.31721
-7.06529
-6.81628
-6.57043
-6.32773
-6.08792
-5.85045
-5.61458
-5.37947
-5.14432
-4.9086
-4.67224
-4.43573
-4.20019
-3.96727
-3.73897
-3.51725
-3.30384
-3.09995
-2.90621
-2.7227
-2.54903
-2.38453
-2.22835
-2.07963
-1.93768
-1.80204
-1.67221
-1.54753
-1.42727
-1.31004
-1.19478
-1.08107
-0.969043
-0.858139
-0.749442
-0.640773
-0.537127
-0.428189
-0.337318
-0.213699
-0.172751
0.0441869
-15.4655
-15.4693
-15.4935
-15.502
-15.5009
-15.4936
-15.4841
-15.4786
-15.4835
-15.5018
-15.5359
-15.5885
-15.6592
-15.745
-15.8409
-15.941
-16.0398
-16.1329
-16.2169
-16.2899
-16.3508
-16.3992
-16.4349
-16.4582
-16.4691
-16.4676
-16.4532
-16.4257
-16.3841
-16.3278
-16.2556
-16.1664
-16.0591
-15.9326
-15.7857
-15.6182
-15.4297
-15.2173
-14.9772
-14.7108
-14.4175
-14.0975
-13.7509
-13.3784
-12.9807
-12.5592
-12.1156
-11.6521
-11.1712
-10.6762
-10.1703
-9.65713
-9.14069
-8.62491
-8.11378
-7.61115
-7.12064
-6.64553
-6.18864
-5.75228
-5.33816
-4.94741
-4.58049
-4.2373
-3.91712
-3.61882
-3.3409
-3.08139
-2.83797
-2.60815
-2.38935
-2.17903
-1.97476
-1.77437
-1.57599
-1.37823
-1.18022
-0.981712
-0.783214
-0.585988
-0.392089
-0.204318
-0.0260993
0.13873
0.286216
0.41268
0.515089
0.591504
0.641172
0.664967
0.664486
0.643424
0.603509
0.551977
0.483989
0.419538
0.322617
0.274961
0.100929
0.173901
-15.5116
-15.5296
-15.5388
-15.5472
-15.5331
-15.5048
-15.475
-15.4604
-15.4601
-15.4744
-15.5099
-15.5704
-15.654
-15.7548
-15.8644
-15.9748
-16.0792
-16.1733
-16.2548
-16.3227
-16.3772
-16.4192
-16.4492
-16.4681
-16.476
-16.4732
-16.4594
-16.4339
-16.3959
-16.3445
-16.2785
-16.1966
-16.0972
-15.9788
-15.8397
-15.6783
-15.4915
-15.2797
-15.046
-14.7879
-14.5045
-14.1953
-13.8601
-13.4991
-13.1131
-12.7031
-12.2708
-11.8181
-11.3475
-10.862
-10.3646
-9.85901
-9.34895
-8.83831
-8.33103
-7.83096
-7.34173
-6.86667
-6.40871
-5.97029
-5.55328
-5.15895
-4.78799
-4.44043
-4.11576
-3.81302
-3.53093
-3.26768
-3.02112
-2.78889
-2.56849
-2.3574
-2.1532
-1.95363
-1.75674
-1.56096
-1.36523
-1.16906
-0.97267
-0.77701
-0.5838
-0.395505
-0.215242
-0.0465995
0.106628
0.240797
0.352773
0.440378
0.502513
0.539608
0.55284
0.545403
0.518788
0.479646
0.423523
0.369184
0.28277
0.242732
0.0783505
0.16523
-15.4705
-15.5054
-15.5077
-15.5099
-15.4973
-15.4872
-15.4828
-15.4919
-15.5172
-15.5615
-15.624
-15.7017
-15.7894
-15.8815
-15.9732
-16.0606
-16.1413
-16.2137
-16.2771
-16.3312
-16.376
-16.4116
-16.438
-16.4551
-16.4627
-16.4603
-16.4474
-16.4233
-16.3869
-16.3371
-16.273
-16.1931
-16.0962
-15.9811
-15.8464
-15.6906
-15.5132
-15.3119
-15.0862
-14.8352
-14.5585
-14.2556
-13.9266
-13.5717
-13.1916
-12.7872
-12.3602
-11.9126
-11.4466
-10.9651
-10.4714
-9.96893
-9.46145
-8.95287
-8.44714
-7.94815
-7.45954
-6.98471
-6.52664
-6.08783
-5.67022
-5.27519
-4.90352
-4.55542
-4.2305
-3.92777
-3.64574
-3.38262
-3.13633
-2.90456
-2.68485
-2.47468
-2.2716
-2.07332
-1.87782
-1.68343
-1.48897
-1.29384
-1.0981
-0.902528
-0.708689
-0.518903
-0.336173
-0.164017
-0.00622532
0.133492
0.251874
0.346552
0.416233
0.461121
0.482244
0.482564
0.463623
0.431641
0.382895
0.33455
0.256387
0.219629
0.0702989
0.151304
-15.398
-15.443
-15.4563
-15.464
-15.4611
-15.4614
-15.4701
-15.4938
-15.5335
-15.5893
-15.6594
-15.7404
-15.8283
-15.9185
-16.0074
-16.0919
-16.1697
-16.2397
-16.3011
-16.3536
-16.3973
-16.4323
-16.4586
-16.4763
-16.485
-16.4842
-16.4734
-16.4517
-16.4181
-16.3714
-16.3104
-16.2337
-16.14
-16.0277
-15.8956
-15.7421
-15.566
-15.3665
-15.1431
-14.8945
-14.6203
-14.3198
-13.993
-13.64
-13.2615
-12.8585
-12.4324
-11.9853
-11.5195
-11.038
-10.5439
-10.0409
-9.53273
-9.02338
-8.51688
-8.01718
-7.52803
-7.05288
-6.59476
-6.15622
-5.73923
-5.34517
-4.97479
-4.62828
-4.30521
-4.00461
-3.725
-3.46452
-3.22099
-2.99206
-2.7752
-2.56787
-2.36758
-2.17198
-1.97899
-1.78691
-1.59445
-1.40094
-1.20634
-1.01134
-0.817404
-0.626781
-0.442411
-0.26779
-0.106724
0.0370227
0.160102
0.260037
0.335431
0.386366
0.413818
0.420578
0.408299
0.382739
0.341007
0.298392
0.22889
0.194936
0.0633259
0.131916
-15.3427
-15.3944
-15.4145
-15.4265
-15.4318
-15.4431
-15.4648
-15.5015
-15.5531
-15.6186
-15.6952
-15.7792
-15.8668
-15.9544
-16.0391
-16.1187
-16.1918
-16.2577
-16.3161
-16.3667
-16.4096
-16.4446
-16.4717
-16.4907
-16.5009
-16.502
-16.493
-16.4732
-16.4413
-16.3964
-16.337
-16.262
-16.1699
-16.0593
-15.9289
-15.7774
-15.6035
-15.4062
-15.1844
-14.9373
-14.664
-14.3642
-14.0377
-13.6848
-13.306
-12.9025
-12.4756
-12.0275
-11.5605
-11.0776
-10.5821
-10.0776
-9.5681
-9.05761
-8.55026
-8.05008
-7.56089
-7.08619
-6.62904
-6.19198
-5.77699
-5.38539
-5.01791
-4.67464
-4.35509
-4.05821
-3.78244
-3.52583
-3.28617
-3.061
-2.84777
-2.64388
-2.44679
-2.25413
-2.06376
-1.87394
-1.68336
-1.49128
-1.2976
-1.10298
-0.908825
-0.717347
-0.531463
-0.354664
-0.190773
-0.0435941
0.0834753
0.187893
0.268205
0.324404
0.357423
0.369878
0.363511
0.343601
0.308093
0.270357
0.208812
0.176368
0.0623401
0.113121
-15.305
-15.3565
-15.3823
-15.3991
-15.4109
-15.4285
-15.4561
-15.4977
-15.5532
-15.6214
-15.6994
-15.7838
-15.871
-15.958
-16.0422
-16.1218
-16.1953
-16.2622
-16.3219
-16.3743
-16.4192
-16.4564
-16.4857
-16.5068
-16.5191
-16.5221
-16.515
-16.4968
-16.4664
-16.4228
-16.3646
-16.2905
-16.1993
-16.0894
-15.9596
-15.8085
-15.635
-15.4378
-15.216
-14.9687
-14.695
-14.3947
-14.0674
-13.7135
-13.3335
-12.9285
-12.5001
-12.0503
-11.5815
-11.0969
-10.5998
-10.0938
-9.58311
-9.07177
-8.56401
-8.06392
-7.57537
-7.10191
-6.64659
-6.21195
-5.79991
-5.41174
-5.04809
-4.70896
-4.39374
-4.1013
-3.82999
-3.57781
-3.34245
-3.1214
-2.91205
-2.71176
-2.51795
-2.32824
-2.14048
-1.95288
-1.76413
-1.57347
-1.38079
-1.18671
-0.992649
-0.800777
-0.614006
-0.435818
-0.270026
-0.120422
0.00961591
0.117561
0.20197
0.262795
0.300929
0.318796
0.318177
0.30386
0.274562
0.241794
0.188187
0.157426
0.060447
0.0938278
-15.3059
-15.351
-15.3736
-15.3889
-15.4014
-15.4202
-15.4487
-15.4905
-15.5457
-15.6131
-15.6902
-15.7738
-15.8606
-15.9477
-16.0325
-16.1132
-16.1886
-16.2576
-16.3198
-16.3747
-16.4222
-16.4619
-16.4935
-16.5167
-16.5308
-16.5352
-16.5293
-16.5119
-16.4822
-16.439
-16.381
-16.307
-16.2156
-16.1056
-15.9755
-15.8241
-15.6501
-15.4525
-15.23
-14.9818
-14.7072
-14.4058
-14.0773
-13.7221
-13.3407
-12.9342
-12.5043
-12.053
-11.5829
-11.0971
-10.5989
-10.0922
-9.58116
-9.06991
-8.56272
-8.06376
-7.57691
-7.10572
-6.65324
-6.22195
-5.81372
-5.42975
-5.07057
-4.7361
-4.42563
-4.13791
-3.87124
-3.62353
-3.3924
-3.17531
-2.9696
-2.77261
-2.58175
-2.39462
-2.20907
-2.02333
-1.8361
-1.64661
-1.45477
-1.26122
-1.06735
-0.875348
-0.68812
-0.509121
-0.34212
-0.190843
-0.0585839
0.0522095
0.14015
0.205152
0.248041
0.27101
0.27584
0.266849
0.243479
0.215492
0.169412
0.140326
0.0589173
0.0763686
-15.2909
-15.3312
-15.355
-15.3724
-15.387
-15.4067
-15.435
-15.4752
-15.5281
-15.5931
-15.6682
-15.7505
-15.837
-15.9247
-16.0111
-16.0941
-16.1722
-16.2443
-16.3096
-16.3676
-16.4178
-16.4598
-16.4934
-16.518
-16.5332
-16.5384
-16.5327
-16.5154
-16.4855
-16.4418
-16.3832
-16.3086
-16.2164
-16.1055
-15.9745
-15.8221
-15.6472
-15.4484
-15.2248
-14.9755
-14.6997
-14.3971
-14.0674
-13.711
-13.3285
-12.921
-12.4901
-12.0381
-11.5674
-11.0813
-10.5832
-10.0769
-9.56672
-9.0568
-8.55145
-8.05483
-7.57084
-7.10299
-6.65429
-6.22717
-5.82341
-5.44413
-5.08977
-4.76014
-4.45445
-4.17138
-3.90913
-3.66557
-3.43829
-3.22471
-3.02214
-2.82792
-2.63947
-2.4544
-2.27058
-2.08628
-1.90021
-1.71164
-1.52051
-1.32747
-1.13395
-0.942144
-0.754925
-0.575711
-0.408183
-0.255948
-0.122156
-0.00913596
0.0817862
0.15046
0.197607
0.225194
0.235033
0.231039
0.213311
0.189981
0.151055
0.123833
0.056489
0.0605766
-15.3311
-15.3563
-15.3662
-15.3733
-15.3812
-15.3959
-15.4195
-15.4549
-15.5031
-15.564
-15.6359
-15.7164
-15.8025
-15.891
-15.9793
-16.0649
-16.146
-16.2212
-16.2894
-16.35
-16.4023
-16.446
-16.4807
-16.506
-16.5215
-16.5265
-16.5204
-16.5024
-16.4716
-16.427
-16.3674
-16.2915
-16.1982
-16.086
-15.9538
-15.8002
-15.624
-15.4241
-15.1994
-14.949
-14.6722
-14.3686
-14.0381
-13.681
-13.298
-12.8903
-12.4594
-12.0076
-11.5376
-11.0524
-10.5556
-10.0512
-9.54331
-9.03614
-8.53398
-8.04099
-7.56102
-7.09752
-6.65344
-6.23113
-5.8323
-5.45796
-5.1085
-4.78362
-4.48247
-4.20366
-3.94536
-3.7054
-3.48134
-3.2706
-3.0705
-2.87838
-2.6917
-2.50808
-2.32545
-2.14211
-1.9568
-1.76887
-1.57828
-1.38573
-1.19266
-1.00127
-0.814397
-0.635381
-0.467779
-0.315031
-0.180124
-0.0652821
0.0281722
0.0999814
0.150784
0.18241
0.196764
0.197394
0.184962
0.166066
0.133805
0.108529
0.0536738
0.0468121
-15.2903
-15.3234
-15.3406
-15.3522
-15.3604
-15.3726
-15.3917
-15.4218
-15.4646
-15.521
-15.5897
-15.6686
-15.7546
-15.8443
-15.9347
-16.0229
-16.1069
-16.1848
-16.2554
-16.3179
-16.3716
-16.4163
-16.4514
-16.4767
-16.4919
-16.4962
-16.4893
-16.4704
-16.4385
-16.3927
-16.3319
-16.2548
-16.1601
-16.0467
-15.9133
-15.7586
-15.5813
-15.3804
-15.1548
-14.9036
-14.6262
-14.3222
-13.9916
-13.6345
-13.2519
-12.8448
-12.415
-11.9647
-11.4965
-11.0137
-10.5198
-10.0186
-9.51445
-9.01142
-8.51378
-8.02561
-7.55069
-7.0924
-6.65359
-6.23654
-5.84285
-5.4735
-5.12876
-4.8083
-4.51122
-4.23609
-3.98108
-3.74399
-3.5224
-3.31374
-3.11536
-2.92462
-2.73903
-2.55625
-2.37426
-2.19141
-2.00652
-1.81896
-1.62876
-1.43665
-1.24409
-1.05326
-0.866953
-0.688385
-0.520958
-0.367948
-0.232215
-0.115959
-0.0205417
0.0537248
0.107516
0.142623
0.161044
0.165941
0.158441
0.143712
0.117606
0.0943049
0.0505028
0.0348556
-15.3974
-15.3898
-15.3757
-15.3631
-15.3547
-15.3529
-15.3595
-15.3785
-15.4125
-15.4626
-15.5277
-15.6052
-15.6916
-15.7831
-15.8758
-15.9667
-16.0532
-16.1332
-16.2056
-16.2693
-16.3238
-16.3687
-16.4038
-16.4287
-16.4433
-16.447
-16.4393
-16.4195
-16.3866
-16.3397
-16.2777
-16.1994
-16.1037
-15.9893
-15.8549
-15.6993
-15.5213
-15.3197
-15.0936
-14.8422
-14.5647
-14.261
-13.9308
-13.5747
-13.1933
-12.7879
-12.3603
-11.9127
-11.4477
-10.9686
-10.4789
-9.98244
-9.48332
-8.9857
-8.49373
-8.01139
-7.54236
-7.08992
-6.65682
-6.24524
-5.85672
-5.49215
-5.15177
-4.83522
-4.54158
-4.26943
-4.01692
-3.78191
-3.56199
-3.35461
-3.15718
-2.96712
-2.78196
-2.59944
-2.41759
-2.23482
-2.05
-1.86258
-1.67262
-1.48088
-1.28883
-1.09861
-0.912922
-0.734866
-0.567699
-0.414588
-0.278357
-0.161214
-0.0644856
0.0116018
0.0678514
0.106021
0.128136
0.136957
0.133997
0.123126
0.102644
0.0812747
0.0472347
0.0245438
-15.2595
-15.3052
-15.3174
-15.3178
-15.307
-15.298
-15.2969
-15.3099
-15.3404
-15.3891
-15.4545
-15.5333
-15.6215
-15.7148
-15.8093
-15.9017
-15.9893
-16.0701
-16.1428
-16.2066
-16.261
-16.3056
-16.3404
-16.3649
-16.3789
-16.3819
-16.3734
-16.3526
-16.3188
-16.271
-16.2082
-16.1291
-16.0325
-15.9173
-15.7822
-15.626
-15.4476
-15.2457
-15.0196
-14.7684
-14.4914
-14.1885
-13.8596
-13.5052
-13.126
-12.7233
-12.299
-11.8552
-11.3946
-10.9204
-10.4362
-9.94557
-9.45266
-8.9615
-8.47612
-8.00038
-7.53784
-7.09164
-6.66444
-6.25832
-5.87477
-5.51462
-5.1781
-4.86484
-4.57392
-4.30396
-4.05316
-3.81941
-3.60035
-3.3935
-3.19631
-3.00626
-2.82094
-2.63816
-2.45601
-2.27295
-2.08792
-1.90041
-1.71053
-1.51906
-1.32745
-1.13778
-0.952661
-0.775105
-0.608294
-0.455366
-0.319121
-0.20168
-0.104194
-0.0267244
0.0316411
0.0725671
0.0980527
0.11046
0.111649
0.10431
0.0889371
0.0694144
0.0440081
0.015645
-15.5551
-15.4587
-15.3912
-15.3412
-15.3026
-15.2746
-15.259
-15.2609
-15.2833
-15.3266
-15.3889
-15.4662
-15.5538
-15.6471
-15.7415
-15.8337
-15.9209
-16.0012
-16.0733
-16.1363
-16.1899
-16.2337
-16.2675
-16.2911
-16.3042
-16.3063
-16.2969
-16.2753
-16.2406
-16.1919
-16.1282
-16.0483
-15.9511
-15.8353
-15.6997
-15.5431
-15.3644
-15.1627
-14.9368
-14.6862
-14.4103
-14.1088
-13.7818
-13.4298
-13.0536
-12.6546
-12.2344
-11.7954
-11.3403
-10.8721
-10.3942
-9.91045
-9.42463
-8.9407
-8.46255
-7.99389
-7.53814
-7.09832
-6.67699
-6.27615
-5.89721
-5.54099
-5.20773
-4.89707
-4.60814
-4.3396
-4.08973
-3.85647
-3.63754
-3.43052
-3.23293
-3.04232
-2.85634
-2.67286
-2.49003
-2.30637
-2.12089
-1.9331
-1.74314
-1.55179
-1.36048
-1.17124
-0.986648
-0.80967
-0.643474
-0.491157
-0.355391
-0.238085
-0.140155
-0.0615255
-0.00124994
0.0421927
0.0707497
0.0864147
0.0913675
0.0872382
0.0764844
0.0586967
0.0409407
0.00796132
-15.101
-15.2171
-15.2317
-15.2362
-15.2114
-15.1874
-15.1754
-15.1828
-15.2115
-15.2605
-15.3265
-15.4054
-15.4931
-15.5852
-15.6781
-15.7684
-15.8537
-15.9322
-16.0027
-16.0642
-16.1165
-16.159
-16.1915
-16.2139
-16.2258
-16.2266
-16.216
-16.1932
-16.1574
-16.1077
-16.043
-15.9622
-15.8641
-15.7476
-15.6115
-15.4547
-15.276
-15.0745
-14.8492
-14.5996
-14.3251
-14.0255
-13.701
-13.352
-12.9795
-12.5848
-12.1697
-11.7363
-11.2874
-10.8259
-10.3552
-9.87887
-9.4007
-8.92445
-8.45385
-7.99246
-7.54355
-7.11002
-6.69432
-6.29839
-5.9236
-5.57076
-5.24013
-4.9314
-4.64376
-4.37594
-4.1263
-3.89286
-3.67343
-3.46566
-3.26714
-3.07549
-2.88844
-2.7039
-2.52009
-2.33558
-2.14942
-1.96116
-1.77095
-1.57958
-1.38846
-1.19963
-1.01566
-0.839511
-0.6743
-0.522985
-0.38801
-0.271023
-0.172746
-0.093045
-0.0310018
0.0147444
0.0460899
0.0647
0.0730519
0.0718249
0.065237
0.0490624
0.0380999
0.00131839
-15.9228
-15.4699
-15.3914
-15.2917
-15.2116
-15.1615
-15.1345
-15.1315
-15.1528
-15.1967
-15.2602
-15.3388
-15.4271
-15.5202
-15.6137
-15.7041
-15.7889
-15.8664
-15.9354
-15.9954
-16.0459
-16.0866
-16.1173
-16.1379
-16.148
-16.1471
-16.1348
-16.1104
-16.0731
-16.022
-15.956
-15.874
-15.775
-15.6577
-15.5211
-15.364
-15.1853
-14.9841
-14.7597
-14.5113
-14.2385
-13.9412
-13.6196
-13.2742
-12.9059
-12.5161
-12.1065
-11.6793
-11.2371
-10.7828
-10.3197
-9.85121
-9.38093
-8.91251
-8.44949
-7.9953
-7.55306
-7.12555
-6.71513
-6.32369
-5.95257
-5.60259
-5.27405
-4.96668
-4.67975
-4.41209
-4.16213
-3.92799
-3.70757
-3.4986
-3.29875
-3.1057
-2.91724
-2.73137
-2.54633
-2.36077
-2.17375
-1.98486
-1.79429
-1.60285
-1.41197
-1.22371
-1.04063
-0.865645
-0.701738
-0.551644
-0.417543
-0.300871
-0.202235
-0.121508
-0.0578271
-0.00998272
0.0238821
0.045144
0.0565569
0.0579479
0.0551129
0.0404269
0.0355148
-0.00443847
)
;

boundaryField
{
    outlet
    {
        type            fixedValue;
        value           uniform 0;
    }
    inlet
    {
        type            zeroGradient;
    }
    lowerWall
    {
        type            zeroGradient;
    }
    upperWall
    {
        type            zeroGradient;
    }
    frontAndBack
    {
        type            empty;
    }
}


// ************************************************************************* //
