/*--------------------------------*- C++ -*----------------------------------*\
| =========                 |                                                 |
| \\      /  F ield         | OpenFOAM: The Open Source CFD Toolbox           |
|  \\    /   O peration     | Version:  2.1.1                                 |
|   \\  /    A nd           | Web:      www.OpenFOAM.org                      |
|    \\/     M anipulation  |                                                 |
\*---------------------------------------------------------------------------*/
FoamFile
{
    version     2.0;
    format      ascii;
    class       volScalarField;
    location    "0.095";
    object      nuSgs;
}
// * * * * * * * * * * * * * * * * * * * * * * * * * * * * * * * * * * * * * //

dimensions      [0 2 -1 0 0 0 0];

internalField   nonuniform List<scalar> 
6820
(
0.000556015
0.000457398
0.000368089
0.000306005
0.000268718
0.000242986
0.000223999
0.00020943
0.000197619
0.000187659
0.000179036
0.000171419
0.000164587
0.000158384
0.000152699
0.000147445
0.000142558
0.000137987
0.000133692
0.000129641
0.000125809
0.000122175
0.000118722
0.000115438
0.000112313
0.00010934
0.000106516
0.00010384
0.000101309
9.89553e-05
9.67513e-05
9.46902e-05
9.24443e-05
0.000103502
0.000170678
0.000223679
0.000240053
0.000235285
0.000224896
0.00021316
0.000201822
0.000191524
0.000182285
0.000173987
0.000166498
0.000159694
0.000153474
0.000147752
0.000142461
0.000137543
0.000132949
0.00012864
0.00012458
0.000120742
0.0001171
0.000113633
0.000110324
0.000107156
0.000104115
0.000101191
9.83654e-05
9.56483e-05
9.29778e-05
9.0508e-05
8.78054e-05
8.63388e-05
3.67761e-05
2.84746e-05
4.56531e-05
8.23858e-05
0.000108087
0.000123747
0.00013224
0.000136154
0.000137311
0.000136783
0.000135211
0.00013299
0.000130371
0.00012752
0.000124545
0.000121516
0.000118483
0.000115477
0.00011252
0.000109624
0.000106799
0.000104049
0.000101375
9.87775e-05
9.62546e-05
9.38036e-05
9.14208e-05
8.91011e-05
8.68428e-05
8.46219e-05
8.24544e-05
8.02107e-05
7.80615e-05
2.07384e-05
2.86813e-05
2.6546e-05
1.50465e-05
3.65392e-06
1.4021e-05
2.59537e-05
3.58984e-05
4.39544e-05
5.03919e-05
5.54821e-05
5.94664e-05
6.25425e-05
6.48666e-05
6.65718e-05
6.77677e-05
6.85449e-05
6.89777e-05
6.91275e-05
6.90448e-05
6.87711e-05
6.83408e-05
6.77816e-05
6.71165e-05
6.6364e-05
6.55384e-05
6.46514e-05
6.37102e-05
6.27222e-05
6.1681e-05
6.05997e-05
5.94573e-05
5.8337e-05
1.44226e-05
1.75819e-05
2.26001e-05
2.42948e-05
2.3964e-05
2.19731e-05
1.90571e-05
1.57519e-05
1.22891e-05
8.81876e-06
5.45117e-06
2.2848e-06
1.07121e-06
3.70928e-06
6.26359e-06
8.60298e-06
1.07233e-05
1.26322e-05
1.43416e-05
1.5865e-05
1.72161e-05
1.84087e-05
1.94558e-05
2.03692e-05
2.11597e-05
2.18363e-05
2.24067e-05
2.2876e-05
2.32484e-05
2.35232e-05
2.37008e-05
2.37844e-05
2.37604e-05
1.0923e-05
1.24956e-05
1.38147e-05
1.43216e-05
1.51081e-05
1.57527e-05
1.61384e-05
1.6356e-05
1.64072e-05
1.62949e-05
1.60409e-05
1.56677e-05
1.51956e-05
1.4639e-05
1.40167e-05
1.33462e-05
1.2643e-05
1.19206e-05
1.11899e-05
1.046e-05
9.73832e-06
9.0307e-06
8.34198e-06
7.67619e-06
7.03677e-06
6.42698e-06
5.84988e-06
5.30905e-06
4.80773e-06
4.35062e-06
3.94029e-06
3.57521e-06
3.26379e-06
8.248e-06
9.42785e-06
1.02402e-05
1.00321e-05
9.83834e-06
9.65879e-06
9.47721e-06
9.39624e-06
9.40487e-06
9.45876e-06
9.53072e-06
9.60235e-06
9.6626e-06
9.7083e-06
9.73619e-06
9.74467e-06
9.73356e-06
9.70366e-06
9.65638e-06
9.59353e-06
9.51715e-06
9.42945e-06
9.33272e-06
9.22935e-06
9.12176e-06
9.01249e-06
8.90402e-06
8.79918e-06
8.70033e-06
8.61057e-06
8.53145e-06
8.46493e-06
8.42082e-06
6.36496e-06
7.41053e-06
8.21057e-06
8.06697e-06
7.75037e-06
7.40548e-06
7.02372e-06
6.69664e-06
6.44322e-06
6.24303e-06
6.08354e-06
5.95588e-06
5.8513e-06
5.76346e-06
5.68826e-06
5.62273e-06
5.56453e-06
5.51192e-06
5.46372e-06
5.41915e-06
5.37786e-06
5.33978e-06
5.30513e-06
5.27434e-06
5.24806e-06
5.22713e-06
5.21243e-06
5.20506e-06
5.20586e-06
5.21589e-06
5.23556e-06
5.26458e-06
5.31034e-06
5.00528e-06
5.86218e-06
6.53781e-06
6.52434e-06
6.34992e-06
6.13666e-06
5.84866e-06
5.55821e-06
5.30368e-06
5.08132e-06
4.88642e-06
4.71559e-06
4.56412e-06
4.428e-06
4.30451e-06
4.19166e-06
4.08791e-06
3.99223e-06
3.90389e-06
3.82246e-06
3.7477e-06
3.67955e-06
3.61812e-06
3.56364e-06
3.51647e-06
3.47706e-06
3.44588e-06
3.42345e-06
3.41012e-06
3.40623e-06
3.41179e-06
3.42567e-06
3.45449e-06
4.0005e-06
4.71228e-06
5.30636e-06
5.36975e-06
5.26049e-06
5.10625e-06
4.88478e-06
4.65105e-06
4.44261e-06
4.2585e-06
4.09417e-06
3.94745e-06
3.81529e-06
3.69483e-06
3.58418e-06
3.48202e-06
3.38738e-06
3.29955e-06
3.21806e-06
3.14261e-06
3.07305e-06
3.00934e-06
2.95157e-06
2.89989e-06
2.85453e-06
2.81573e-06
2.78368e-06
2.75854e-06
2.74027e-06
2.72867e-06
2.72342e-06
2.72232e-06
2.73146e-06
3.24182e-06
3.84104e-06
4.36503e-06
4.46927e-06
4.40765e-06
4.30133e-06
4.135e-06
3.94561e-06
3.76776e-06
3.60575e-06
3.45823e-06
3.32519e-06
3.20529e-06
3.09659e-06
2.99751e-06
2.9069e-06
2.82376e-06
2.74734e-06
2.67711e-06
2.61268e-06
2.55381e-06
2.50038e-06
2.45231e-06
2.40961e-06
2.37227e-06
2.34027e-06
2.3135e-06
2.29175e-06
2.27461e-06
2.26142e-06
2.25148e-06
2.24213e-06
2.2385e-06
2.65611e-06
3.16674e-06
3.63871e-06
3.7775e-06
3.76065e-06
3.69175e-06
3.56382e-06
3.40532e-06
3.2492e-06
3.1038e-06
2.96963e-06
2.84748e-06
2.73686e-06
2.63639e-06
2.54484e-06
2.46126e-06
2.38483e-06
2.31491e-06
2.251e-06
2.19272e-06
2.13978e-06
2.09195e-06
2.04903e-06
2.01085e-06
1.9772e-06
1.94781e-06
1.92233e-06
1.90026e-06
1.88092e-06
1.86337e-06
1.84668e-06
1.82811e-06
1.81215e-06
2.19376e-06
2.63699e-06
3.07068e-06
3.23404e-06
3.25173e-06
3.21213e-06
3.11649e-06
2.98729e-06
2.85338e-06
2.72464e-06
2.60301e-06
2.49017e-06
2.3867e-06
2.29206e-06
2.20557e-06
2.12659e-06
2.0545e-06
1.98874e-06
1.92883e-06
1.87436e-06
1.82495e-06
1.78027e-06
1.74001e-06
1.70382e-06
1.67132e-06
1.64206e-06
1.61548e-06
1.59087e-06
1.56739e-06
1.54395e-06
1.51953e-06
1.49145e-06
1.46365e-06
1.82119e-06
2.21421e-06
2.61966e-06
2.80242e-06
2.8501e-06
2.83654e-06
2.76805e-06
2.66324e-06
2.54747e-06
2.43202e-06
2.32048e-06
2.21537e-06
2.11802e-06
2.02846e-06
1.94632e-06
1.87117e-06
1.8025e-06
1.73981e-06
1.68264e-06
1.63055e-06
1.58313e-06
1.53997e-06
1.50066e-06
1.46472e-06
1.43165e-06
1.40087e-06
1.37166e-06
1.34321e-06
1.31458e-06
1.28464e-06
1.25237e-06
1.21535e-06
1.17711e-06
1.51492e-06
1.8721e-06
2.25753e-06
2.45632e-06
2.52918e-06
2.53745e-06
2.49112e-06
2.40694e-06
2.30743e-06
2.20437e-06
2.10239e-06
2.00453e-06
1.91262e-06
1.82721e-06
1.74831e-06
1.67572e-06
1.60913e-06
1.54813e-06
1.49231e-06
1.44122e-06
1.39443e-06
1.35146e-06
1.31181e-06
1.27493e-06
1.24021e-06
1.20696e-06
1.17441e-06
1.14167e-06
1.10777e-06
1.07161e-06
1.03219e-06
9.87407e-07
9.40278e-07
1.25831e-06
1.59187e-06
1.9639e-06
2.17639e-06
2.27089e-06
2.29859e-06
2.27163e-06
2.20561e-06
2.12053e-06
2.02826e-06
1.93433e-06
1.84236e-06
1.75468e-06
1.67235e-06
1.59571e-06
1.52478e-06
1.45938e-06
1.39919e-06
1.34381e-06
1.29281e-06
1.2457e-06
1.20198e-06
1.16109e-06
1.12242e-06
1.0853e-06
1.04899e-06
1.0127e-06
9.75521e-07
9.36501e-07
8.94601e-07
8.48882e-07
7.97565e-07
7.4316e-07
1.03935e-06
1.36003e-06
1.7243e-06
1.94895e-06
2.0623e-06
2.10726e-06
2.09713e-06
2.04679e-06
1.97441e-06
1.89175e-06
1.80505e-06
1.71839e-06
1.63449e-06
1.55476e-06
1.47984e-06
1.40994e-06
1.34502e-06
1.28485e-06
1.22911e-06
1.17736e-06
1.12915e-06
1.08394e-06
1.04117e-06
1.0002e-06
9.60349e-07
9.20881e-07
8.80996e-07
8.39844e-07
7.96517e-07
7.50078e-07
6.99643e-07
6.43758e-07
5.8433e-07
8.49291e-07
1.16706e-06
1.52841e-06
1.7641e-06
1.89399e-06
1.9545e-06
1.95938e-06
1.92306e-06
1.86218e-06
1.7883e-06
1.7081e-06
1.62608e-06
1.5453e-06
1.46753e-06
1.39368e-06
1.32419e-06
1.25915e-06
1.19845e-06
1.14181e-06
1.08884e-06
1.03911e-06
9.92081e-07
9.472e-07
9.03848e-07
8.61363e-07
8.19042e-07
7.7614e-07
7.31891e-07
6.85491e-07
6.36163e-07
5.83141e-07
5.25417e-07
4.64355e-07
6.81965e-07
1.00657e-06
1.36906e-06
1.61488e-06
1.75936e-06
1.83392e-06
1.85229e-06
1.82848e-06
1.77796e-06
1.71199e-06
1.63763e-06
1.55973e-06
1.48165e-06
1.40545e-06
1.33232e-06
1.26287e-06
1.19734e-06
1.13572e-06
1.0778e-06
1.02329e-06
9.71778e-07
9.22789e-07
8.75803e-07
8.30263e-07
7.85576e-07
7.41129e-07
6.96291e-07
6.50446e-07
6.02979e-07
5.53378e-07
5.01143e-07
4.45981e-07
3.89028e-07
5.33606e-07
8.74898e-07
1.24151e-06
1.4965e-06
1.65381e-06
1.74107e-06
1.77165e-06
1.75915e-06
1.71809e-06
1.65946e-06
1.59053e-06
1.51646e-06
1.44085e-06
1.36605e-06
1.29347e-06
1.22392e-06
1.15781e-06
1.09522e-06
1.03606e-06
9.80101e-07
9.27003e-07
8.76369e-07
8.27761e-07
7.80708e-07
7.34731e-07
6.89358e-07
6.44141e-07
5.98697e-07
5.52712e-07
5.06109e-07
4.58892e-07
4.11882e-07
3.66387e-07
4.03806e-07
7.71021e-07
1.14303e-06
1.40595e-06
1.57436e-06
1.67298e-06
1.7146e-06
1.7123e-06
1.67983e-06
1.62786e-06
1.5638e-06
1.49306e-06
1.41947e-06
1.34564e-06
1.27321e-06
1.20318e-06
1.13612e-06
1.07226e-06
1.01162e-06
9.54065e-07
8.99371e-07
8.47241e-07
7.97347e-07
7.49349e-07
7.02919e-07
6.57768e-07
6.13667e-07
5.70507e-07
5.28308e-07
4.87426e-07
4.48325e-07
4.12598e-07
3.81323e-07
2.99221e-07
6.96414e-07
1.0725e-06
1.3416e-06
1.51939e-06
1.6281e-06
1.67971e-06
1.68672e-06
1.66222e-06
1.61658e-06
1.55732e-06
1.49e-06
1.41868e-06
1.34617e-06
1.27432e-06
1.2043e-06
1.13684e-06
1.07229e-06
1.0108e-06
9.5235e-07
8.96825e-07
8.44054e-07
7.93841e-07
7.45996e-07
7.0036e-07
6.56838e-07
6.15425e-07
5.76266e-07
5.39648e-07
5.06213e-07
4.76587e-07
4.52584e-07
4.3425e-07
2.42199e-07
6.545e-07
1.03007e-06
1.30298e-06
1.48825e-06
1.60565e-06
1.66601e-06
1.68118e-06
1.66358e-06
1.62329e-06
1.56785e-06
1.50299e-06
1.43297e-06
1.36082e-06
1.2886e-06
1.21769e-06
1.149e-06
1.08304e-06
1.02009e-06
9.60273e-07
9.03594e-07
8.50006e-07
7.99439e-07
7.51838e-07
7.07182e-07
6.6552e-07
6.26982e-07
5.91835e-07
5.60438e-07
5.33416e-07
5.11221e-07
4.95319e-07
4.8494e-07
2.62972e-07
6.49122e-07
1.01685e-06
1.29066e-06
1.48156e-06
1.60645e-06
1.67484e-06
1.69782e-06
1.68722e-06
1.65277e-06
1.60197e-06
1.54062e-06
1.47311e-06
1.40259e-06
1.33131e-06
1.26081e-06
1.19211e-06
1.12588e-06
1.06254e-06
1.00233e-06
9.45384e-07
8.91774e-07
8.41554e-07
7.94781e-07
7.51538e-07
7.1196e-07
6.76236e-07
6.44639e-07
6.17468e-07
5.9521e-07
5.78027e-07
5.67153e-07
5.60931e-07
3.51823e-07
6.82327e-07
1.03425e-06
1.30574e-06
1.50007e-06
1.63063e-06
1.70521e-06
1.73391e-06
1.72797e-06
1.69691e-06
1.6482e-06
1.58781e-06
1.52032e-06
1.44912e-06
1.37664e-06
1.30462e-06
1.23423e-06
1.16629e-06
1.10133e-06
1.03969e-06
9.81585e-07
9.27178e-07
8.76583e-07
8.2991e-07
7.87276e-07
7.48822e-07
7.14709e-07
6.85133e-07
6.60265e-07
6.40384e-07
6.25406e-07
6.16199e-07
6.10913e-07
4.79378e-07
7.53461e-07
1.084e-06
1.35058e-06
1.54722e-06
1.68349e-06
1.76523e-06
1.80144e-06
1.80265e-06
1.7779e-06
1.73443e-06
1.67813e-06
1.6136e-06
1.54431e-06
1.47285e-06
1.4011e-06
1.33041e-06
1.26176e-06
1.1958e-06
1.13303e-06
1.07378e-06
1.01829e-06
9.66754e-07
9.19322e-07
8.76129e-07
8.37302e-07
8.02951e-07
7.73195e-07
7.48086e-07
7.27788e-07
7.12042e-07
7.01741e-07
6.94429e-07
6.3287e-07
8.61251e-07
1.16844e-06
1.42751e-06
1.62334e-06
1.76135e-06
1.84519e-06
1.88295e-06
1.88487e-06
1.86002e-06
1.81575e-06
1.75814e-06
1.69196e-06
1.62081e-06
1.54738e-06
1.47362e-06
1.40094e-06
1.33035e-06
1.26255e-06
1.19804e-06
1.13717e-06
1.08021e-06
1.02734e-06
9.78694e-07
9.34383e-07
8.94485e-07
8.59046e-07
8.28095e-07
8.0159e-07
7.79555e-07
7.61634e-07
7.48462e-07
7.3777e-07
8.10407e-07
1.00399e-06
1.28946e-06
1.54198e-06
1.74019e-06
1.88584e-06
1.97973e-06
2.028e-06
2.03968e-06
2.02299e-06
1.98489e-06
1.93135e-06
1.86729e-06
1.79658e-06
1.72218e-06
1.64637e-06
1.57082e-06
1.49678e-06
1.42515e-06
1.35658e-06
1.29151e-06
1.23029e-06
1.17312e-06
1.12015e-06
1.07148e-06
1.02715e-06
9.87158e-07
9.51493e-07
9.20054e-07
8.92852e-07
8.69461e-07
8.50734e-07
8.33738e-07
1.01714e-06
1.18728e-06
1.45441e-06
1.69625e-06
1.88683e-06
2.02559e-06
2.11249e-06
2.15408e-06
2.16007e-06
2.139e-06
2.09777e-06
2.04215e-06
1.97673e-06
1.90508e-06
1.82991e-06
1.75327e-06
1.67673e-06
1.60143e-06
1.52824e-06
1.45781e-06
1.39059e-06
1.32691e-06
1.26701e-06
1.21104e-06
1.15908e-06
1.11115e-06
1.06725e-06
1.02731e-06
9.91224e-07
9.58927e-07
9.3e-07
9.05045e-07
8.81586e-07
1.25731e-06
1.40757e-06
1.66277e-06
1.90764e-06
2.11386e-06
2.27502e-06
2.38449e-06
2.44477e-06
2.46399e-06
2.45048e-06
2.41173e-06
2.35446e-06
2.28435e-06
2.20589e-06
2.12254e-06
2.03694e-06
1.95104e-06
1.86624e-06
1.78358e-06
1.70375e-06
1.62725e-06
1.55441e-06
1.48542e-06
1.4204e-06
1.35938e-06
1.30238e-06
1.24932e-06
1.20016e-06
1.15475e-06
1.11308e-06
1.0747e-06
1.04055e-06
1.0073e-06
1.55175e-06
1.69943e-06
1.94263e-06
2.16187e-06
2.33505e-06
2.46437e-06
2.54864e-06
2.59289e-06
2.60507e-06
2.5914e-06
2.55681e-06
2.50579e-06
2.44237e-06
2.36994e-06
2.29135e-06
2.20896e-06
2.1247e-06
2.0401e-06
1.95635e-06
1.87435e-06
1.79477e-06
1.71808e-06
1.64459e-06
1.5745e-06
1.5079e-06
1.44483e-06
1.38526e-06
1.32913e-06
1.27633e-06
1.22684e-06
1.18027e-06
1.13727e-06
1.09523e-06
1.89237e-06
2.01817e-06
2.27751e-06
2.55294e-06
2.79918e-06
2.9929e-06
3.11874e-06
3.1809e-06
3.19263e-06
3.16624e-06
3.1118e-06
3.03772e-06
2.95057e-06
2.85516e-06
2.75495e-06
2.65246e-06
2.54949e-06
2.44735e-06
2.34696e-06
2.24899e-06
2.15393e-06
2.06208e-06
1.97366e-06
1.8888e-06
1.80753e-06
1.72986e-06
1.65577e-06
1.58521e-06
1.51811e-06
1.45453e-06
1.39411e-06
1.33792e-06
1.28239e-06
2.37429e-06
2.53327e-06
2.73845e-06
2.88951e-06
3.01545e-06
3.13574e-06
3.23786e-06
3.31232e-06
3.35647e-06
3.36934e-06
3.35224e-06
3.3091e-06
3.24482e-06
3.16425e-06
3.07177e-06
2.97119e-06
2.86563e-06
2.75754e-06
2.64882e-06
2.54085e-06
2.43466e-06
2.33095e-06
2.23018e-06
2.13261e-06
2.03838e-06
1.94753e-06
1.86005e-06
1.77591e-06
1.69505e-06
1.61756e-06
1.54321e-06
1.47291e-06
1.40399e-06
2.85144e-06
2.96891e-06
3.37339e-06
3.80156e-06
4.12918e-06
4.33464e-06
4.4268e-06
4.43619e-06
4.39226e-06
4.31288e-06
4.20898e-06
4.08832e-06
3.95629e-06
3.81666e-06
3.67232e-06
3.52568e-06
3.37875e-06
3.23319e-06
3.09032e-06
2.95116e-06
2.81646e-06
2.6867e-06
2.56215e-06
2.44291e-06
2.32893e-06
2.22007e-06
2.11613e-06
2.01692e-06
1.92225e-06
1.83217e-06
1.74642e-06
1.6665e-06
1.58869e-06
3.89326e-06
4.00372e-06
3.92863e-06
3.87146e-06
3.99704e-06
4.23134e-06
4.44851e-06
4.5979e-06
4.6758e-06
4.69155e-06
4.66108e-06
4.60184e-06
4.52789e-06
4.44887e-06
4.37081e-06
4.29685e-06
4.22813e-06
4.16457e-06
4.10546e-06
4.04986e-06
3.99683e-06
3.94552e-06
3.89522e-06
3.84538e-06
3.79555e-06
3.74536e-06
3.69455e-06
3.6429e-06
3.59035e-06
3.53706e-06
3.48326e-06
3.43093e-06
3.37791e-06
4.35541e-06
4.94196e-06
5.9353e-06
6.43181e-06
6.56072e-06
6.55094e-06
6.55373e-06
6.67039e-06
6.92796e-06
7.2937e-06
7.71853e-06
8.15929e-06
8.58356e-06
8.97003e-06
9.30685e-06
9.58905e-06
9.81616e-06
9.99052e-06
1.01161e-05
1.01977e-05
1.02402e-05
1.02485e-05
1.02273e-05
1.01806e-05
1.0112e-05
1.00247e-05
9.92115e-06
9.80334e-06
9.67301e-06
9.53128e-06
9.37986e-06
9.22122e-06
9.05612e-06
7.54814e-06
5.81779e-06
4.63834e-06
6.24578e-06
8.97732e-06
1.16807e-05
1.40016e-05
1.58816e-05
1.73222e-05
1.83398e-05
1.89729e-05
1.92709e-05
1.92843e-05
1.90624e-05
1.86523e-05
1.80959e-05
1.74301e-05
1.6686e-05
1.58897e-05
1.50621e-05
1.42199e-05
1.3376e-05
1.25401e-05
1.17193e-05
1.09186e-05
1.01409e-05
9.38782e-06
8.65929e-06
7.95467e-06
7.27027e-06
6.60675e-06
5.9532e-06
5.32493e-06
8.57853e-06
1.47255e-05
1.88253e-05
2.12261e-05
2.23166e-05
2.18519e-05
2.00093e-05
1.72403e-05
1.40067e-05
1.09097e-05
8.91282e-06
9.09214e-06
1.12852e-05
1.44202e-05
1.77959e-05
2.11021e-05
2.42053e-05
2.70491e-05
2.96142e-05
3.19009e-05
3.39197e-05
3.5687e-05
3.72216e-05
3.85434e-05
3.96721e-05
4.06267e-05
4.14254e-05
4.20859e-05
4.26252e-05
4.30652e-05
4.34208e-05
4.375e-05
4.40417e-05
3.46266e-05
3.71949e-05
4.66133e-05
6.17047e-05
7.73635e-05
9.27008e-05
0.000107018
0.000119613
0.000130301
0.000139131
0.000146217
0.000151727
0.000155849
0.000158769
0.000160663
0.00016169
0.000161991
0.000161688
0.000160888
0.000159681
0.000158143
0.000156339
0.000154322
0.000152138
0.000149823
0.000147408
0.000144917
0.000142369
0.000139781
0.000137158
0.000134501
0.000131901
0.000129364
0.000608434
0.000582487
0.000556859
0.000530399
0.000504411
0.000479216
0.000454858
0.000431605
0.000409639
0.000389012
0.000369738
0.000351798
0.000335141
0.000319697
0.000305384
0.000292115
0.000279804
0.000268367
0.000257724
0.000247798
0.00023852
0.000229828
0.000221665
0.000213978
0.000206721
0.000199853
0.000193336
0.000187134
0.000181207
0.000175535
0.000169989
0.000165107
0.000160669
7.92081e-05
6.94963e-05
6.39703e-05
6.37805e-05
6.65669e-05
7.06096e-05
7.48207e-05
7.87077e-05
8.18673e-05
8.33991e-05
8.11088e-05
7.20688e-05
5.58253e-05
4.35149e-05
3.95934e-05
3.90047e-05
3.94366e-05
3.97567e-05
3.94428e-05
3.83163e-05
3.63027e-05
3.33271e-05
2.9445e-05
2.3987e-05
1.72984e-05
1.64161e-05
2.81156e-05
4.59575e-05
3.68815e-05
9.27554e-06
2.39988e-05
3.46902e-05
3.37552e-05
2.9414e-05
2.58571e-05
2.34762e-05
2.17633e-05
2.04385e-05
1.94403e-05
1.87705e-05
1.83783e-05
1.81844e-05
1.84093e-05
1.93164e-05
2.28992e-05
3.28574e-05
4.31251e-05
5.39195e-05
6.35012e-05
6.07799e-05
4.93996e-05
3.65528e-05
2.54375e-05
1.62606e-05
8.4003e-06
1.57668e-06
1.28171e-05
3.01745e-05
4.55789e-05
5.08212e-05
4.57363e-05
3.69329e-05
2.97335e-05
2.48587e-05
2.12411e-05
1.82451e-05
1.56759e-05
1.34506e-05
1.14976e-05
9.75826e-06
8.19615e-06
6.79338e-06
5.54268e-06
4.44076e-06
3.48455e-06
2.66998e-06
1.99165e-06
1.44254e-06
1.01391e-06
6.9632e-07
4.80163e-07
3.55166e-07
3.04758e-07
3.02916e-07
3.26004e-07
3.59934e-07
3.95265e-07
4.2343e-07
4.37093e-07
4.31443e-07
4.05891e-07
3.62753e-07
3.09042e-07
2.48592e-07
1.92988e-07
1.36984e-07
1.09503e-07
9.00507e-08
1.36956e-07
1.80838e-07
0.000109503
0.000102585
9.67513e-05
9.32523e-05
9.12993e-05
9.08338e-05
9.15403e-05
9.30482e-05
9.48556e-05
9.63303e-05
9.6661e-05
9.44521e-05
8.55046e-05
6.6907e-05
5.04243e-05
4.30098e-05
4.04946e-05
3.94608e-05
3.85751e-05
3.7187e-05
3.49816e-05
3.1836e-05
2.76511e-05
2.19018e-05
1.8205e-05
2.53468e-05
4.69502e-05
5.0512e-05
2.42893e-05
1.19433e-05
3.19571e-05
3.62731e-05
3.2761e-05
2.84322e-05
2.53611e-05
2.32645e-05
2.16853e-05
2.04404e-05
1.95006e-05
1.88868e-05
1.86157e-05
1.8646e-05
1.90891e-05
1.99727e-05
2.21206e-05
2.93799e-05
4.00201e-05
5.02604e-05
6.15316e-05
6.30784e-05
5.39681e-05
4.11107e-05
2.90124e-05
1.89116e-05
1.12151e-05
9.98737e-06
2.1665e-05
3.85858e-05
5.06624e-05
5.16249e-05
4.41618e-05
3.53093e-05
2.88503e-05
2.44674e-05
2.10909e-05
1.82486e-05
1.57924e-05
1.36389e-05
1.17184e-05
9.98215e-06
8.40506e-06
6.97827e-06
5.70016e-06
4.5705e-06
3.58782e-06
2.74882e-06
2.04858e-06
1.48076e-06
1.03732e-06
7.08982e-07
4.86358e-07
3.59421e-07
3.10902e-07
3.12425e-07
3.38405e-07
3.74043e-07
4.09868e-07
4.37577e-07
4.50144e-07
4.42963e-07
4.15458e-07
3.69841e-07
3.13139e-07
2.49495e-07
1.91633e-07
1.36185e-07
1.15941e-07
1.09586e-07
1.60595e-07
2.1045e-07
0.000101202
9.9918e-05
9.76196e-05
9.54949e-05
9.38484e-05
9.30481e-05
9.34008e-05
9.50533e-05
9.78197e-05
0.000101054
0.000103726
0.000104824
0.000103306
9.49294e-05
7.68964e-05
5.82858e-05
4.70455e-05
4.1831e-05
3.8946e-05
3.65268e-05
3.38102e-05
3.05223e-05
2.64766e-05
2.28223e-05
2.7345e-05
4.69672e-05
5.96089e-05
4.23058e-05
6.29341e-06
2.48985e-05
3.69191e-05
3.60547e-05
3.14059e-05
2.75358e-05
2.49438e-05
2.30819e-05
2.16127e-05
2.04405e-05
1.95568e-05
1.89851e-05
1.8773e-05
1.89306e-05
1.9538e-05
2.06103e-05
2.22169e-05
2.70123e-05
3.64029e-05
4.63007e-05
5.79843e-05
6.39123e-05
5.87093e-05
4.7291e-05
3.51567e-05
2.50736e-05
1.89562e-05
2.07658e-05
3.25749e-05
4.70555e-05
5.43691e-05
5.1011e-05
4.19206e-05
3.35638e-05
2.79533e-05
2.4064e-05
2.09507e-05
1.82799e-05
1.59396e-05
1.38531e-05
1.19594e-05
1.02225e-05
8.62867e-06
7.17692e-06
5.87051e-06
4.71209e-06
3.70189e-06
2.83761e-06
2.1149e-06
1.52756e-06
1.06751e-06
7.25658e-07
4.92939e-07
3.60239e-07
3.11184e-07
3.1564e-07
3.45122e-07
3.83379e-07
4.2064e-07
4.4877e-07
4.61063e-07
4.53162e-07
4.24634e-07
3.77715e-07
3.19517e-07
2.54534e-07
1.966e-07
1.44424e-07
1.32094e-07
1.35603e-07
1.87948e-07
2.41377e-07
7.63202e-05
7.61579e-05
7.53325e-05
7.44611e-05
7.38018e-05
7.37941e-05
7.49602e-05
7.77238e-05
8.23021e-05
8.86028e-05
9.59104e-05
0.000102739
0.00010726
0.000108043
0.000101731
8.66927e-05
6.87707e-05
5.48003e-05
4.6163e-05
4.08095e-05
3.69383e-05
3.39917e-05
3.25629e-05
3.64979e-05
5.13042e-05
6.60063e-05
5.69608e-05
2.26218e-05
1.44324e-05
3.49716e-05
3.85443e-05
3.44897e-05
2.99202e-05
2.6739e-05
2.45435e-05
2.28461e-05
2.14681e-05
2.03712e-05
1.95509e-05
1.90247e-05
1.88478e-05
1.90732e-05
1.97749e-05
2.10357e-05
2.26133e-05
2.58569e-05
3.31149e-05
4.22859e-05
5.32674e-05
6.25561e-05
6.24647e-05
5.4376e-05
4.37231e-05
3.46827e-05
3.0303e-05
3.37041e-05
4.43256e-05
5.4393e-05
5.59427e-05
4.87833e-05
3.91238e-05
3.18083e-05
2.7094e-05
2.36663e-05
2.08139e-05
1.83224e-05
1.61026e-05
1.40839e-05
1.22171e-05
1.048e-05
8.86981e-06
7.39291e-06
6.05721e-06
4.86846e-06
3.8288e-06
2.93707e-06
2.1896e-06
1.58068e-06
1.10267e-06
7.46682e-07
5.04064e-07
3.66636e-07
3.18337e-07
3.26439e-07
3.5947e-07
4.00039e-07
4.38274e-07
4.66329e-07
4.77884e-07
4.68892e-07
4.39102e-07
3.90829e-07
3.31332e-07
2.65597e-07
2.08652e-07
1.61363e-07
1.56433e-07
1.6747e-07
2.19844e-07
2.77001e-07
3.16551e-05
3.21295e-05
3.22533e-05
3.24637e-05
3.30907e-05
3.45357e-05
3.71924e-05
4.1362e-05
4.73064e-05
5.52278e-05
6.52499e-05
7.70559e-05
8.9406e-05
9.99442e-05
0.000106022
0.000104783
9.55321e-05
8.20113e-05
6.92856e-05
5.99621e-05
5.43735e-05
5.24295e-05
5.4575e-05
6.27014e-05
7.2759e-05
6.70144e-05
3.67082e-05
3.53524e-06
3.08235e-05
3.97183e-05
3.73202e-05
3.24119e-05
2.86332e-05
2.60625e-05
2.41269e-05
2.25498e-05
2.12607e-05
2.02411e-05
1.94855e-05
1.90069e-05
1.88539e-05
1.90989e-05
1.98207e-05
2.11645e-05
2.29156e-05
2.54326e-05
3.07057e-05
3.85335e-05
4.81047e-05
5.87356e-05
6.3631e-05
6.04643e-05
5.30654e-05
4.61366e-05
4.33624e-05
4.69392e-05
5.4499e-05
5.86985e-05
5.46718e-05
4.51645e-05
3.61514e-05
3.0179e-05
2.62824e-05
2.32672e-05
2.0674e-05
1.83681e-05
1.62714e-05
1.43213e-05
1.24828e-05
1.07475e-05
9.12251e-06
7.62086e-06
6.25528e-06
5.03489e-06
3.9642e-06
3.04351e-06
2.27006e-06
1.63852e-06
1.14139e-06
7.69877e-07
5.15646e-07
3.71745e-07
3.23308e-07
3.35258e-07
3.72547e-07
4.16257e-07
4.56261e-07
4.84909e-07
4.96222e-07
4.86504e-07
4.55806e-07
4.06701e-07
3.46788e-07
2.81744e-07
2.27646e-07
1.86797e-07
1.88366e-07
2.05017e-07
2.56893e-07
3.1702e-07
4.03399e-06
4.05253e-06
4.20312e-06
4.44417e-06
4.88482e-06
5.60747e-06
6.7254e-06
8.60723e-06
1.1948e-05
1.74604e-05
2.57822e-05
3.72527e-05
5.16914e-05
6.78879e-05
8.34395e-05
9.52966e-05
0.000100754
9.92551e-05
9.31843e-05
8.6129e-05
8.0785e-05
7.82238e-05
7.84954e-05
7.99058e-05
7.17594e-05
4.42103e-05
6.37037e-06
2.66206e-05
3.97774e-05
3.94938e-05
3.4717e-05
3.04891e-05
2.75701e-05
2.54114e-05
2.36515e-05
2.21862e-05
2.09888e-05
2.0045e-05
1.93519e-05
1.89221e-05
1.87937e-05
1.90375e-05
1.97312e-05
2.10315e-05
2.29155e-05
2.52234e-05
2.91574e-05
3.53746e-05
4.32448e-05
5.31761e-05
6.13248e-05
6.33611e-05
6.04408e-05
5.64784e-05
5.50744e-05
5.75266e-05
6.06459e-05
5.88172e-05
5.07286e-05
4.08032e-05
3.33526e-05
2.87285e-05
2.55159e-05
2.28683e-05
2.05323e-05
1.84159e-05
1.64446e-05
1.45661e-05
1.27599e-05
1.10297e-05
9.3915e-06
7.86511e-06
6.46838e-06
5.21435e-06
4.11029e-06
3.15826e-06
2.35644e-06
1.69999e-06
1.18176e-06
7.93189e-07
5.26587e-07
3.76765e-07
3.30122e-07
3.47843e-07
3.90531e-07
4.37933e-07
4.79944e-07
5.09282e-07
5.20424e-07
5.10102e-07
4.78738e-07
4.29237e-07
3.69566e-07
3.06088e-07
2.55532e-07
2.20738e-07
2.26877e-07
2.47212e-07
2.97914e-07
3.6081e-07
1.13017e-05
1.18666e-05
1.24183e-05
1.27421e-05
1.27016e-05
1.21935e-05
1.11148e-05
9.37221e-06
6.84609e-06
3.55699e-06
3.45597e-06
9.36316e-06
1.78821e-05
2.94219e-05
4.39824e-05
5.99298e-05
7.43589e-05
8.45436e-05
8.94364e-05
8.99722e-05
8.78997e-05
8.42791e-05
7.8815e-05
6.65454e-05
4.08499e-05
8.39441e-06
2.54905e-05
3.96486e-05
4.07554e-05
3.64316e-05
3.20742e-05
2.89535e-05
2.66346e-05
2.47271e-05
2.31123e-05
2.17624e-05
2.06583e-05
1.97882e-05
1.91534e-05
1.87681e-05
1.86635e-05
1.88988e-05
1.95457e-05
2.07311e-05
2.25828e-05
2.48845e-05
2.80698e-05
3.29203e-05
3.91387e-05
4.71922e-05
5.60255e-05
6.17886e-05
6.32361e-05
6.24351e-05
6.20766e-05
6.26102e-05
6.10952e-05
5.46819e-05
4.50429e-05
3.64991e-05
3.09697e-05
2.74624e-05
2.47797e-05
2.24624e-05
2.03844e-05
1.84619e-05
1.66207e-05
1.48197e-05
1.30513e-05
1.13297e-05
9.67972e-06
8.12801e-06
6.69832e-06
5.40822e-06
4.26819e-06
3.28233e-06
2.44999e-06
1.76682e-06
1.22582e-06
8.18541e-07
5.37851e-07
3.80712e-07
3.35711e-07
3.59966e-07
4.08887e-07
4.60695e-07
5.05325e-07
5.35897e-07
5.47372e-07
5.36959e-07
5.05504e-07
4.56307e-07
3.9775e-07
3.36813e-07
2.90398e-07
2.61136e-07
2.70661e-07
2.93551e-07
3.43019e-07
4.08118e-07
7.228e-06
7.68377e-06
8.12632e-06
8.411e-06
8.43708e-06
8.14173e-06
7.47862e-06
6.41205e-06
4.87935e-06
2.80951e-06
1.17011e-06
4.49573e-06
8.92226e-06
1.33121e-05
1.79802e-05
2.47469e-05
3.4372e-05
4.49559e-05
5.37299e-05
5.87556e-05
5.91765e-05
5.45943e-05
4.35451e-05
2.39568e-05
1.13554e-05
2.94098e-05
4.02297e-05
4.10158e-05
3.71567e-05
3.30796e-05
3.00301e-05
2.76832e-05
2.56978e-05
2.398e-05
2.25146e-05
2.12845e-05
2.02733e-05
1.94747e-05
1.88936e-05
1.85462e-05
1.84604e-05
1.86843e-05
1.92792e-05
2.03353e-05
2.20164e-05
2.42682e-05
2.70716e-05
3.09542e-05
3.58411e-05
4.18672e-05
4.93397e-05
5.62792e-05
6.05111e-05
6.21212e-05
6.23314e-05
6.08802e-05
5.59999e-05
4.77273e-05
3.91203e-05
3.29102e-05
2.90501e-05
2.63192e-05
2.40425e-05
2.20404e-05
2.02267e-05
1.85047e-05
1.68014e-05
1.50858e-05
1.33613e-05
1.16517e-05
9.99049e-06
8.41224e-06
6.94728e-06
5.61824e-06
4.4392e-06
3.41655e-06
2.55091e-06
1.8384e-06
1.27226e-06
8.44197e-07
5.47862e-07
3.83192e-07
3.41729e-07
3.74769e-07
4.31343e-07
4.88333e-07
5.35991e-07
5.68024e-07
5.80009e-07
5.69723e-07
5.38505e-07
4.90073e-07
4.33158e-07
3.75146e-07
3.32665e-07
3.07771e-07
3.19441e-07
3.43884e-07
3.91696e-07
4.58785e-07
4.69829e-06
4.97479e-06
5.23507e-06
5.38855e-06
5.37389e-06
5.16769e-06
4.77904e-06
4.27201e-06
3.80252e-06
3.58313e-06
3.8363e-06
5.03151e-06
7.79764e-06
1.19529e-05
1.62967e-05
1.94437e-05
2.0928e-05
2.15585e-05
2.22727e-05
2.26752e-05
2.15293e-05
1.84749e-05
1.76588e-05
2.56723e-05
3.57305e-05
4.06607e-05
3.99286e-05
3.65646e-05
3.32092e-05
3.05796e-05
2.84035e-05
2.6456e-05
2.47109e-05
2.31842e-05
2.1871e-05
2.0758e-05
1.98367e-05
1.91065e-05
1.85752e-05
1.82595e-05
1.81857e-05
1.83944e-05
1.89358e-05
1.98746e-05
2.13396e-05
2.34043e-05
2.59664e-05
2.91915e-05
3.31156e-05
3.75785e-05
4.29798e-05
4.88904e-05
5.36431e-05
5.61883e-05
5.63705e-05
5.36123e-05
4.76775e-05
4.03682e-05
3.4274e-05
3.02361e-05
2.74599e-05
2.52126e-05
2.32808e-05
2.15986e-05
2.00583e-05
1.8546e-05
1.69907e-05
1.53695e-05
1.36947e-05
1.19997e-05
1.03272e-05
8.72061e-06
7.21759e-06
5.84633e-06
4.62488e-06
3.5622e-06
2.66028e-06
1.91586e-06
1.32227e-06
8.71306e-07
5.57326e-07
3.83905e-07
3.46878e-07
3.90338e-07
4.55723e-07
5.18681e-07
5.69953e-07
6.0394e-07
6.16896e-07
6.0721e-07
5.76743e-07
5.29638e-07
4.74927e-07
4.20221e-07
3.81582e-07
3.60365e-07
3.73568e-07
3.99008e-07
4.4513e-07
5.13735e-07
3.68371e-06
3.84646e-06
3.98521e-06
4.0448e-06
3.98858e-06
3.81292e-06
3.55644e-06
3.33071e-06
3.34397e-06
3.82377e-06
4.80883e-06
6.16059e-06
7.85739e-06
1.02412e-05
1.37133e-05
1.79875e-05
2.20944e-05
2.51545e-05
2.69644e-05
2.80313e-05
2.92155e-05
3.14584e-05
3.49375e-05
3.78699e-05
3.85435e-05
3.70072e-05
3.45812e-05
3.23324e-05
3.0419e-05
2.86238e-05
2.68662e-05
2.52036e-05
2.36937e-05
2.23551e-05
2.11869e-05
2.01858e-05
1.93509e-05
1.86861e-05
1.82008e-05
1.79117e-05
1.78435e-05
1.80316e-05
1.85173e-05
1.93502e-05
2.06181e-05
2.24157e-05
2.47183e-05
2.74825e-05
3.07027e-05
3.41472e-05
3.78447e-05
4.18795e-05
4.54862e-05
4.75604e-05
4.73214e-05
4.43952e-05
3.95522e-05
3.46622e-05
3.09418e-05
2.82246e-05
2.59896e-05
2.40764e-05
2.24868e-05
2.1138e-05
1.98813e-05
1.85901e-05
1.71943e-05
1.56764e-05
1.40565e-05
1.23778e-05
1.06934e-05
9.05621e-06
7.51186e-06
6.09467e-06
4.82696e-06
3.72055e-06
2.77883e-06
1.99929e-06
1.37531e-06
8.9871e-07
5.64681e-07
3.8159e-07
3.51414e-07
4.08144e-07
4.84023e-07
5.53897e-07
6.09338e-07
6.4562e-07
6.5979e-07
6.50925e-07
6.21445e-07
5.75916e-07
5.23578e-07
4.72073e-07
4.36736e-07
4.18279e-07
4.32341e-07
4.58279e-07
5.02367e-07
5.72468e-07
2.99441e-06
3.08622e-06
3.14761e-06
3.1425e-06
3.0486e-06
2.87527e-06
2.68186e-06
2.60844e-06
2.86172e-06
3.57086e-06
4.70524e-06
6.16654e-06
7.85231e-06
9.71742e-06
1.1886e-05
1.46222e-05
1.8006e-05
2.17059e-05
2.52106e-05
2.81804e-05
3.0553e-05
3.23574e-05
3.33445e-05
3.33526e-05
3.25882e-05
3.15696e-05
3.05565e-05
2.94713e-05
2.8206e-05
2.67942e-05
2.53465e-05
2.39541e-05
2.26651e-05
2.14998e-05
2.04673e-05
1.95725e-05
1.88201e-05
1.82169e-05
1.77739e-05
1.75073e-05
1.74395e-05
1.76018e-05
1.80289e-05
1.87599e-05
1.98595e-05
2.13936e-05
2.33927e-05
2.57861e-05
2.84796e-05
3.12686e-05
3.39435e-05
3.64743e-05
3.86014e-05
3.96835e-05
3.91276e-05
3.69327e-05
3.39279e-05
3.10821e-05
2.86443e-05
2.6448e-05
2.44902e-05
2.28951e-05
2.1667e-05
2.06623e-05
1.97e-05
1.86428e-05
1.74184e-05
1.60122e-05
1.44519e-05
1.27908e-05
1.10934e-05
9.42285e-06
7.83334e-06
6.36588e-06
5.04754e-06
3.89323e-06
2.90783e-06
2.08965e-06
1.43211e-06
9.26947e-07
5.70061e-07
3.75771e-07
3.54857e-07
4.27649e-07
5.15591e-07
5.93327e-07
6.53584e-07
6.92661e-07
7.0848e-07
7.00848e-07
6.72763e-07
6.29193e-07
5.79515e-07
5.3127e-07
4.99e-07
4.82844e-07
4.97465e-07
5.23563e-07
5.65594e-07
6.36637e-07
2.39932e-06
2.43529e-06
2.43819e-06
2.38714e-06
2.27448e-06
2.12525e-06
2.01944e-06
2.10664e-06
2.53459e-06
3.3339e-06
4.45133e-06
5.83021e-06
7.42128e-06
9.1684e-06
1.10254e-05
1.3009e-05
1.52041e-05
1.76561e-05
2.02535e-05
2.27449e-05
2.48681e-05
2.64073e-05
2.73452e-05
2.78714e-05
2.81266e-05
2.81197e-05
2.77823e-05
2.71027e-05
2.61529e-05
2.50435e-05
2.38764e-05
2.2724e-05
2.1631e-05
2.06237e-05
1.97176e-05
1.89231e-05
1.82486e-05
1.77032e-05
1.72988e-05
1.7051e-05
1.69798e-05
1.71122e-05
1.74785e-05
1.81089e-05
1.9056e-05
2.03621e-05
2.20595e-05
2.41119e-05
2.63993e-05
2.87368e-05
3.08806e-05
3.26429e-05
3.38723e-05
3.43174e-05
3.38006e-05
3.24578e-05
3.06762e-05
2.87176e-05
2.66537e-05
2.46405e-05
2.29356e-05
2.16853e-05
2.08289e-05
2.01754e-05
1.95199e-05
1.8711e-05
1.76699e-05
1.63836e-05
1.48872e-05
1.32449e-05
1.15328e-05
9.82524e-06
8.18593e-06
6.66312e-06
5.28911e-06
4.08197e-06
3.04845e-06
2.18751e-06
1.49269e-06
9.55429e-07
5.72207e-07
3.64885e-07
3.57136e-07
4.49698e-07
5.51552e-07
6.3816e-07
7.03819e-07
7.46034e-07
7.63699e-07
7.5741e-07
7.30771e-07
6.89139e-07
6.41964e-07
5.96596e-07
5.66825e-07
5.52343e-07
5.67142e-07
5.93197e-07
6.32885e-07
7.05164e-07
1.91139e-06
1.9022e-06
1.85879e-06
1.77045e-06
1.64192e-06
1.51651e-06
1.50288e-06
1.74915e-06
2.31602e-06
3.16152e-06
4.23309e-06
5.49728e-06
6.93218e-06
8.51453e-06
1.02093e-05
1.19757e-05
1.37887e-05
1.5644e-05
1.75268e-05
1.93711e-05
2.10684e-05
2.25353e-05
2.37594e-05
2.47014e-05
2.53044e-05
2.55348e-05
2.53981e-05
2.49414e-05
2.42432e-05
2.33906e-05
2.24613e-05
2.15155e-05
2.05963e-05
1.97326e-05
1.89437e-05
1.8243e-05
1.76415e-05
1.71499e-05
1.67805e-05
1.6548e-05
1.64705e-05
1.65708e-05
1.68751e-05
1.74072e-05
1.82095e-05
1.93155e-05
2.07445e-05
2.24793e-05
2.44268e-05
2.64247e-05
2.82664e-05
2.97359e-05
3.06682e-05
3.0977e-05
3.0662e-05
2.97692e-05
2.83768e-05
2.65897e-05
2.46179e-05
2.27811e-05
2.13621e-05
2.04612e-05
1.9975e-05
1.96814e-05
1.93476e-05
1.88021e-05
1.79567e-05
1.67987e-05
1.53706e-05
1.37476e-05
1.20184e-05
1.02694e-05
8.57464e-06
6.99041e-06
5.55473e-06
4.28906e-06
3.20236e-06
2.29406e-06
1.55783e-06
9.84595e-07
5.70999e-07
3.48151e-07
3.58655e-07
4.74951e-07
5.92513e-07
6.89004e-07
7.60711e-07
8.06506e-07
8.26351e-07
8.21688e-07
7.96747e-07
7.57253e-07
7.12696e-07
6.70173e-07
6.42757e-07
6.29734e-07
6.44617e-07
6.70398e-07
7.07781e-07
7.80552e-07
1.50995e-06
1.46453e-06
1.3846e-06
1.26728e-06
1.1304e-06
1.04348e-06
1.14412e-06
1.52792e-06
2.1664e-06
3.00593e-06
4.01427e-06
5.1723e-06
6.46534e-06
7.87895e-06
9.3948e-06
1.09868e-05
1.26217e-05
1.42661e-05
1.58896e-05
1.74572e-05
1.89315e-05
2.02808e-05
2.14444e-05
2.23521e-05
2.29589e-05
2.32501e-05
2.32388e-05
2.2962e-05
2.24726e-05
2.18318e-05
2.11006e-05
2.03319e-05
1.95663e-05
1.88326e-05
1.81513e-05
1.75376e-05
1.70041e-05
1.65623e-05
1.62245e-05
1.60045e-05
1.59182e-05
1.59852e-05
1.62278e-05
1.66653e-05
1.73305e-05
1.82538e-05
1.94484e-05
2.08996e-05
2.25441e-05
2.4255e-05
2.58675e-05
2.71943e-05
2.80702e-05
2.8429e-05
2.82414e-05
2.74681e-05
2.61387e-05
2.44097e-05
2.25633e-05
2.09346e-05
1.97914e-05
1.92225e-05
1.9106e-05
1.91851e-05
1.91906e-05
1.89251e-05
1.82888e-05
1.72681e-05
1.59124e-05
1.43088e-05
1.2559e-05
1.07629e-05
9.00576e-06
7.35284e-06
5.84823e-06
4.51747e-06
3.37148e-06
2.41054e-06
1.6282e-06
1.01457e-06
5.65776e-07
3.23951e-07
3.59975e-07
5.04298e-07
6.39243e-07
7.46476e-07
8.24677e-07
8.74244e-07
8.96291e-07
8.93153e-07
8.69715e-07
8.32069e-07
7.89729e-07
7.49538e-07
7.23951e-07
7.11951e-07
7.26691e-07
7.52201e-07
7.87051e-07
8.61019e-07
1.17821e-06
1.10344e-06
9.93554e-07
8.51614e-07
7.1154e-07
6.88282e-07
9.25609e-07
1.40737e-06
2.06602e-06
2.86918e-06
3.80236e-06
4.85589e-06
6.0201e-06
7.28345e-06
8.63166e-06
1.00467e-05
1.15056e-05
1.29799e-05
1.44368e-05
1.58413e-05
1.7163e-05
1.83703e-05
1.94152e-05
2.0252e-05
2.08491e-05
2.11939e-05
2.12896e-05
2.11559e-05
2.08292e-05
2.03579e-05
1.9792e-05
1.91762e-05
1.85462e-05
1.79293e-05
1.73461e-05
1.68127e-05
1.6342e-05
1.59462e-05
1.56368e-05
1.54267e-05
1.533e-05
1.53632e-05
1.55453e-05
1.58929e-05
1.64302e-05
1.71858e-05
1.81711e-05
1.93762e-05
2.0753e-05
2.22073e-05
2.36095e-05
2.4802e-05
2.56384e-05
2.60253e-05
2.5884e-05
2.51607e-05
2.39024e-05
2.22807e-05
2.05758e-05
1.91253e-05
1.82192e-05
1.79647e-05
1.82233e-05
1.8693e-05
1.90586e-05
1.90921e-05
1.86796e-05
1.78056e-05
1.65264e-05
1.49411e-05
1.3166e-05
1.13154e-05
9.48721e-06
7.75664e-06
6.17456e-06
4.77083e-06
3.55844e-06
2.5388e-06
1.7051e-06
1.04623e-06
5.56804e-07
2.91554e-07
3.63612e-07
5.40139e-07
6.93998e-07
8.12813e-07
8.97983e-07
9.51561e-07
9.75912e-07
9.7434e-07
9.52424e-07
9.16643e-07
8.76531e-07
8.3866e-07
8.14908e-07
8.03925e-07
8.18582e-07
8.43641e-07
8.76061e-07
9.50136e-07
9.025e-07
8.03597e-07
6.67719e-07
5.01931e-07
3.70836e-07
4.78877e-07
8.47969e-07
1.36768e-06
2.00521e-06
2.75223e-06
3.60448e-06
4.55711e-06
5.60329e-06
6.73353e-06
7.93538e-06
9.19339e-06
1.04889e-05
1.17996e-05
1.30977e-05
1.43544e-05
1.55436e-05
1.66345e-05
1.759e-05
1.83769e-05
1.89686e-05
1.93502e-05
1.95205e-05
1.94931e-05
1.92953e-05
1.89633e-05
1.85365e-05
1.80519e-05
1.75407e-05
1.70282e-05
1.6534e-05
1.60739e-05
1.56612e-05
1.53074e-05
1.50237e-05
1.48216e-05
1.47134e-05
1.47129e-05
1.48363e-05
1.50987e-05
1.55179e-05
1.61204e-05
1.69175e-05
1.79079e-05
1.9055e-05
2.02872e-05
2.14998e-05
2.25597e-05
2.33387e-05
2.37251e-05
2.36196e-05
2.29656e-05
2.18005e-05
2.02783e-05
1.86736e-05
1.73468e-05
1.66364e-05
1.66837e-05
1.73298e-05
1.8214e-05
1.89649e-05
1.93193e-05
1.91468e-05
1.84292e-05
1.72296e-05
1.566e-05
1.38529e-05
1.19383e-05
1.00285e-05
8.20932e-06
6.53952e-06
5.05324e-06
3.76626e-06
2.6809e-06
1.78989e-06
1.08054e-06
5.44592e-07
2.49862e-07
3.72312e-07
5.84055e-07
7.57782e-07
8.88669e-07
9.80973e-07
1.03847e-06
1.06482e-06
1.06436e-06
1.04342e-06
1.00889e-06
9.70354e-07
9.34166e-07
9.11719e-07
9.01404e-07
9.15834e-07
9.40612e-07
9.70431e-07
1.04576e-06
6.81903e-07
5.65592e-07
4.08496e-07
2.13426e-07
1.5478e-07
4.59353e-07
8.74687e-07
1.37809e-06
1.97009e-06
2.65147e-06
3.42141e-06
4.27702e-06
5.21309e-06
6.22188e-06
7.29288e-06
8.41283e-06
9.56574e-06
1.07322e-05
1.18895e-05
1.30159e-05
1.40892e-05
1.508e-05
1.59585e-05
1.66977e-05
1.72755e-05
1.76785e-05
1.79036e-05
1.79587e-05
1.7863e-05
1.76443e-05
1.73336e-05
1.69614e-05
1.65542e-05
1.61344e-05
1.57203e-05
1.53272e-05
1.49674e-05
1.46523e-05
1.43918e-05
1.41963e-05
1.40761e-05
1.40428e-05
1.41099e-05
1.42914e-05
1.46019e-05
1.50645e-05
1.56939e-05
1.6495e-05
1.74448e-05
1.849e-05
1.9543e-05
2.04917e-05
2.12193e-05
2.16065e-05
2.15404e-05
2.09539e-05
1.98652e-05
1.84087e-05
1.68536e-05
1.55919e-05
1.50335e-05
1.5375e-05
1.64308e-05
1.77618e-05
1.89288e-05
1.96288e-05
1.97135e-05
1.91613e-05
1.80426e-05
1.64837e-05
1.4635e-05
1.26445e-05
1.06399e-05
8.71931e-06
6.94928e-06
5.36938e-06
3.99835e-06
2.83922e-06
1.88411e-06
1.11851e-06
5.29943e-07
1.99262e-07
3.9271e-07
6.41313e-07
8.35719e-07
9.79194e-07
1.0788e-06
1.14007e-06
1.16811e-06
1.16839e-06
1.14807e-06
1.11453e-06
1.07746e-06
1.04298e-06
1.02198e-06
1.01251e-06
1.02688e-06
1.05119e-06
1.07848e-06
1.15336e-06
5.19854e-07
3.99186e-07
2.42417e-07
8.68445e-08
2.5745e-07
5.71918e-07
9.59067e-07
1.41965e-06
1.95612e-06
2.56978e-06
3.26023e-06
4.02519e-06
4.86033e-06
5.75906e-06
6.71244e-06
7.70919e-06
8.73551e-06
9.77459e-06
1.08089e-05
1.1821e-05
1.27892e-05
1.36883e-05
1.4495e-05
1.51869e-05
1.57455e-05
1.61585e-05
1.64213e-05
1.65383e-05
1.65235e-05
1.63972e-05
1.61836e-05
1.59071e-05
1.55902e-05
1.52525e-05
1.49104e-05
1.45779e-05
1.42668e-05
1.39871e-05
1.3748e-05
1.3558e-05
1.3426e-05
1.33613e-05
1.3375e-05
1.348e-05
1.36902e-05
1.40254e-05
1.45051e-05
1.51382e-05
1.59173e-05
1.68038e-05
1.77255e-05
1.8589e-05
1.9281e-05
1.96739e-05
1.96476e-05
1.91234e-05
1.80976e-05
1.66768e-05
1.51178e-05
1.38521e-05
1.33972e-05
1.40344e-05
1.55367e-05
1.73576e-05
1.89771e-05
2.00495e-05
2.04076e-05
2.00271e-05
1.8987e-05
1.74304e-05
1.55275e-05
1.34465e-05
1.1332e-05
9.29464e-06
7.40992e-06
5.7237e-06
4.25767e-06
3.01561e-06
1.98893e-06
1.16114e-06
5.14514e-07
1.41872e-07
4.29681e-07
7.14227e-07
9.29509e-07
1.08584e-06
1.19274e-06
1.25747e-06
1.28655e-06
1.28666e-06
1.26593e-06
1.23231e-06
1.1957e-06
1.16204e-06
1.14186e-06
1.13289e-06
1.14711e-06
1.1713e-06
1.19597e-06
1.27198e-06
4.30507e-07
3.36077e-07
2.53068e-07
2.73551e-07
4.44694e-07
7.13659e-07
1.05571e-06
1.46613e-06
1.94469e-06
2.49155e-06
3.106e-06
3.786e-06
4.52781e-06
5.32591e-06
6.17272e-06
7.05863e-06
7.97157e-06
8.89783e-06
9.8241e-06
1.07344e-05
1.16082e-05
1.24255e-05
1.3167e-05
1.38144e-05
1.43518e-05
1.47676e-05
1.50566e-05
1.52209e-05
1.52698e-05
1.52186e-05
1.50859e-05
1.48909e-05
1.46524e-05
1.43869e-05
1.41092e-05
1.38317e-05
1.3565e-05
1.33182e-05
1.3099e-05
1.29144e-05
1.27712e-05
1.2677e-05
1.26407e-05
1.26737e-05
1.27905e-05
1.30098e-05
1.33542e-05
1.3839e-05
1.44689e-05
1.52192e-05
1.60348e-05
1.68349e-05
1.75044e-05
1.79125e-05
1.79352e-05
1.74777e-05
1.65059e-05
1.5089e-05
1.34651e-05
1.21153e-05
1.17105e-05
1.26612e-05
1.4668e-05
1.7034e-05
1.91456e-05
2.06145e-05
2.12572e-05
2.10491e-05
2.00808e-05
1.85143e-05
1.65424e-05
1.43544e-05
1.21127e-05
9.9412e-06
7.92623e-06
6.11983e-06
4.54666e-06
3.21131e-06
2.1045e-06
1.20782e-06
4.98366e-07
9.54594e-08
4.92791e-07
8.11532e-07
1.04817e-06
1.21779e-06
1.332e-06
1.39974e-06
1.42916e-06
1.42831e-06
1.40644e-06
1.37222e-06
1.33583e-06
1.30307e-06
1.284e-06
1.2759e-06
1.29025e-06
1.31411e-06
1.33604e-06
1.41072e-06
4.26743e-07
3.84959e-07
3.83812e-07
4.60566e-07
6.22403e-07
8.57891e-07
1.15869e-06
1.52156e-06
1.94557e-06
2.43027e-06
2.97475e-06
3.57707e-06
4.23398e-06
4.9408e-06
5.69108e-06
6.47658e-06
7.2874e-06
8.1131e-06
8.94151e-06
9.7573e-06
1.05442e-05
1.1286e-05
1.19666e-05
1.25701e-05
1.30827e-05
1.34941e-05
1.3799e-05
1.39978e-05
1.40965e-05
1.4106e-05
1.40402e-05
1.39142e-05
1.37433e-05
1.35414e-05
1.33212e-05
1.30936e-05
1.28679e-05
1.26518e-05
1.24516e-05
1.22726e-05
1.21198e-05
1.19985e-05
1.19157e-05
1.18816e-05
1.19107e-05
1.20232e-05
1.22444e-05
1.25982e-05
1.30974e-05
1.37335e-05
1.44665e-05
1.52192e-05
1.58798e-05
1.6319e-05
1.64038e-05
1.60169e-05
1.50883e-05
1.36456e-05
1.18973e-05
1.037e-05
9.95265e-06
1.12637e-05
1.38627e-05
1.68362e-05
1.9473e-05
2.13512e-05
2.22792e-05
2.22371e-05
2.133e-05
1.97406e-05
1.76843e-05
1.53726e-05
1.29855e-05
1.06628e-05
8.50156e-06
6.56036e-06
4.86712e-06
3.42747e-06
2.23162e-06
1.25974e-06
4.85891e-07
1.19605e-07
5.83617e-07
9.33964e-07
1.19232e-06
1.37588e-06
1.49778e-06
1.56849e-06
1.59766e-06
1.59482e-06
1.57048e-06
1.53422e-06
1.49668e-06
1.46368e-06
1.44497e-06
1.43744e-06
1.45198e-06
1.47629e-06
1.49577e-06
1.57151e-06
4.74907e-07
4.75685e-07
5.15024e-07
6.08947e-07
7.61771e-07
9.71858e-07
1.23723e-06
1.55681e-06
1.93015e-06
2.3569e-06
2.83632e-06
3.36686e-06
3.94593e-06
4.56966e-06
5.23247e-06
5.92765e-06
6.64786e-06
7.38421e-06
8.12488e-06
8.85668e-06
9.56652e-06
1.02409e-05
1.08662e-05
1.14288e-05
1.19168e-05
1.23208e-05
1.26354e-05
1.28598e-05
1.29975e-05
1.30559e-05
1.30455e-05
1.2978e-05
1.28654e-05
1.27194e-05
1.25507e-05
1.23686e-05
1.21809e-05
1.1994e-05
1.18125e-05
1.16401e-05
1.14796e-05
1.13343e-05
1.1209e-05
1.11126e-05
1.10594e-05
1.10716e-05
1.11787e-05
1.1413e-05
1.17982e-05
1.23389e-05
1.30057e-05
1.37273e-05
1.43972e-05
1.4883e-05
1.50391e-05
1.47258e-05
1.38382e-05
1.23544e-05
1.04285e-05
8.60537e-06
8.09757e-06
9.87505e-06
1.31825e-05
1.68114e-05
1.99808e-05
2.22611e-05
2.34648e-05
2.358e-05
2.27259e-05
2.11035e-05
1.89505e-05
1.64994e-05
1.39506e-05
1.14609e-05
9.1384e-06
7.04827e-06
5.22199e-06
3.66647e-06
2.37197e-06
1.31849e-06
4.84541e-07
2.25993e-07
7.10704e-07
1.09088e-06
1.37133e-06
1.56913e-06
1.69863e-06
1.7719e-06
1.80028e-06
1.79493e-06
1.76774e-06
1.7293e-06
1.69079e-06
1.65807e-06
1.64045e-06
1.63426e-06
1.64958e-06
1.6744e-06
1.69122e-06
1.76569e-06
5.66525e-07
5.93675e-07
6.52265e-07
7.51168e-07
8.94272e-07
1.08294e-06
1.31779e-06
1.59915e-06
1.92724e-06
2.302e-06
2.7229e-06
3.18868e-06
3.69725e-06
4.24538e-06
4.82896e-06
5.44268e-06
6.07979e-06
6.732e-06
7.39006e-06
8.04397e-06
8.68264e-06
9.29425e-06
9.86678e-06
1.03887e-05
1.08497e-05
1.12416e-05
1.15594e-05
1.1801e-05
1.19682e-05
1.20657e-05
1.21009e-05
1.20827e-05
1.20204e-05
1.19237e-05
1.18012e-05
1.16609e-05
1.1509e-05
1.13504e-05
1.11882e-05
1.1024e-05
1.08585e-05
1.06926e-05
1.05292e-05
1.03753e-05
1.02448e-05
1.01618e-05
1.01607e-05
1.02823e-05
1.05635e-05
1.10209e-05
1.1635e-05
1.23422e-05
1.3037e-05
1.3582e-05
1.38207e-05
1.35933e-05
1.27587e-05
1.12346e-05
9.08702e-06
6.81884e-06
6.12632e-06
8.57904e-06
1.26958e-05
1.69739e-05
2.06486e-05
2.33136e-05
2.47874e-05
2.50604e-05
2.42583e-05
2.2598e-05
2.03385e-05
1.77347e-05
1.50109e-05
1.23407e-05
9.84358e-06
7.59172e-06
5.62059e-06
3.93912e-06
2.53871e-06
1.40212e-06
5.30071e-07
3.79858e-07
8.67075e-07
1.2729e-06
1.57485e-06
1.7873e-06
1.92501e-06
2.00126e-06
2.02891e-06
2.02066e-06
1.98984e-06
1.94822e-06
1.90773e-06
1.87443e-06
1.85748e-06
1.85276e-06
1.86964e-06
1.89685e-06
1.91274e-06
1.99059e-06
6.46075e-07
6.86912e-07
7.53171e-07
8.50876e-07
9.83313e-07
1.1524e-06
1.35961e-06
1.60605e-06
1.89247e-06
2.21922e-06
2.58619e-06
2.99263e-06
3.43718e-06
3.9174e-06
4.43023e-06
4.97109e-06
5.53422e-06
6.11268e-06
6.69882e-06
7.28414e-06
7.8593e-06
8.41445e-06
8.93952e-06
9.42466e-06
9.86088e-06
1.02407e-05
1.05589e-05
1.08129e-05
1.1003e-05
1.1132e-05
1.1205e-05
1.12285e-05
1.121e-05
1.11569e-05
1.10764e-05
1.09749e-05
1.08572e-05
1.07267e-05
1.05848e-05
1.04311e-05
1.02641e-05
1.00821e-05
9.88533e-06
9.67882e-06
9.47576e-06
9.30139e-06
9.19501e-06
9.20713e-06
9.38828e-06
9.76955e-06
1.03424e-05
1.10481e-05
1.17805e-05
1.23982e-05
1.27354e-05
1.26128e-05
1.18529e-05
1.03087e-05
7.93629e-06
5.07784e-06
4.06563e-06
7.50729e-06
1.24229e-05
1.72898e-05
2.14531e-05
2.45204e-05
2.62903e-05
2.67353e-05
2.59811e-05
2.42679e-05
2.18791e-05
1.91019e-05
1.61859e-05
1.3321e-05
1.06371e-05
8.21243e-06
6.08655e-06
4.2711e-06
2.76064e-06
1.5464e-06
6.75093e-07
5.91941e-07
1.0591e-06
1.48011e-06
1.79812e-06
2.02156e-06
2.16494e-06
2.24267e-06
2.26911e-06
2.25843e-06
2.22523e-06
2.1822e-06
2.14184e-06
2.11018e-06
2.09607e-06
2.09463e-06
2.11451e-06
2.14485e-06
2.16011e-06
2.24108e-06
7.52004e-07
7.98687e-07
8.66288e-07
9.59066e-07
1.07974e-06
1.23025e-06
1.4123e-06
1.62728e-06
1.87619e-06
2.15969e-06
2.47806e-06
2.83092e-06
3.21708e-06
3.63487e-06
4.08171e-06
4.55412e-06
5.04768e-06
5.55712e-06
6.07614e-06
6.59752e-06
7.1133e-06
7.61506e-06
8.09422e-06
8.54239e-06
8.95187e-06
9.31609e-06
9.63008e-06
9.89086e-06
1.00976e-05
1.02515e-05
1.03558e-05
1.04151e-05
1.04348e-05
1.04208e-05
1.03789e-05
1.0314e-05
1.02298e-05
1.01281e-05
1.00087e-05
9.86917e-06
9.70534e-06
9.51274e-06
9.28862e-06
9.03525e-06
8.76421e-06
8.50122e-06
8.29001e-06
8.19122e-06
8.27118e-06
8.57831e-06
9.1161e-06
9.82963e-06
1.06111e-05
1.13143e-05
1.17656e-05
1.17707e-05
1.11233e-05
9.62812e-06
7.14767e-06
3.7339e-06
2.04965e-06
6.77097e-06
1.2366e-05
1.78445e-05
2.2612e-05
2.61962e-05
2.8319e-05
2.89147e-05
2.81419e-05
2.62877e-05
2.36914e-05
2.06825e-05
1.75353e-05
1.44514e-05
1.15654e-05
8.95843e-06
6.67207e-06
4.7211e-06
3.10573e-06
1.83176e-06
9.85303e-07
8.77051e-07
1.27253e-06
1.68249e-06
2.0039e-06
2.23152e-06
2.37668e-06
2.45368e-06
2.47762e-06
2.46373e-06
2.42774e-06
2.38312e-06
2.34297e-06
2.31322e-06
2.30271e-06
2.30574e-06
2.33086e-06
2.36771e-06
2.38655e-06
2.4781e-06
8.19695e-07
8.67504e-07
9.32189e-07
1.01724e-06
1.12494e-06
1.25695e-06
1.41493e-06
1.60035e-06
1.81443e-06
2.05797e-06
2.3315e-06
2.63515e-06
2.96859e-06
3.33072e-06
3.71934e-06
4.13188e-06
4.56483e-06
5.01382e-06
5.47369e-06
5.93859e-06
6.40204e-06
6.85711e-06
7.29654e-06
7.71307e-06
8.09982e-06
8.45068e-06
8.76075e-06
9.0267e-06
9.24692e-06
9.42159e-06
9.55248e-06
9.6427e-06
9.69632e-06
9.71791e-06
9.71206e-06
9.6827e-06
9.63244e-06
9.56187e-06
9.46903e-06
9.34922e-06
9.19552e-06
9.00006e-06
8.75645e-06
8.46344e-06
8.12977e-06
7.78026e-06
7.46171e-06
7.24477e-06
7.21419e-06
7.44044e-06
7.94243e-06
8.66844e-06
9.50676e-06
1.03071e-05
1.08936e-05
1.10686e-05
1.06183e-05
9.33233e-06
7.03658e-06
3.64292e-06
1.1543e-06
6.61352e-06
1.29447e-05
1.938e-05
2.51009e-05
2.93966e-05
3.18604e-05
3.24354e-05
3.13775e-05
2.90982e-05
2.60555e-05
2.26476e-05
1.91684e-05
1.58122e-05
1.26995e-05
9.90056e-06
7.45235e-06
5.37036e-06
3.66075e-06
2.34202e-06
1.4979e-06
1.28441e-06
1.5349e-06
1.87932e-06
2.17066e-06
2.38053e-06
2.51281e-06
2.57984e-06
2.59654e-06
2.57824e-06
2.54091e-06
2.49791e-06
2.46216e-06
2.43866e-06
2.43577e-06
2.44613e-06
2.47861e-06
2.52214e-06
2.54495e-06
2.64661e-06
9.26453e-07
9.7063e-07
1.02891e-06
1.10383e-06
1.19718e-06
1.31036e-06
1.44484e-06
1.60204e-06
1.78315e-06
1.98921e-06
2.22094e-06
2.47871e-06
2.76237e-06
3.07128e-06
3.40447e-06
3.76006e-06
4.13539e-06
4.52713e-06
4.93115e-06
5.34265e-06
5.75622e-06
6.16599e-06
6.56586e-06
6.94971e-06
7.31164e-06
7.64627e-06
7.94905e-06
8.21646e-06
8.44624e-06
8.63755e-06
8.79093e-06
8.90826e-06
8.99251e-06
9.04738e-06
9.0767e-06
9.08375e-06
9.07029e-06
9.03569e-06
8.97614e-06
8.8844e-06
8.75024e-06
8.5619e-06
8.30873e-06
7.9851e-06
7.59573e-06
7.16252e-06
6.73269e-06
6.38501e-06
6.22483e-06
6.35267e-06
6.81073e-06
7.55209e-06
8.4601e-06
9.38382e-06
1.01557e-05
1.05915e-05
1.04873e-05
9.62664e-06
7.80423e-06
4.97879e-06
3.2765e-06
8.23053e-06
1.58559e-05
2.39287e-05
3.10222e-05
3.61009e-05
3.86787e-05
3.87897e-05
3.68466e-05
3.35176e-05
2.94881e-05
2.5289e-05
2.12384e-05
1.74881e-05
1.40999e-05
1.10987e-05
8.49605e-06
6.29697e-06
4.50612e-06
3.1388e-06
2.23829e-06
1.84993e-06
1.87334e-06
2.07017e-06
2.27762e-06
2.43584e-06
2.53286e-06
2.5742e-06
2.57208e-06
2.54074e-06
2.49569e-06
2.44986e-06
2.41583e-06
2.39725e-06
2.4021e-06
2.42046e-06
2.46273e-06
2.51469e-06
2.54649e-06
2.66189e-06
9.79417e-07
1.01809e-06
1.06747e-06
1.13008e-06
1.20752e-06
1.30093e-06
1.41165e-06
1.54106e-06
1.69048e-06
1.86104e-06
2.05373e-06
2.26928e-06
2.50809e-06
2.77e-06
3.05437e-06
3.35996e-06
3.68491e-06
4.02672e-06
4.38226e-06
4.74778e-06
5.11898e-06
5.49106e-06
5.85886e-06
6.21698e-06
6.56006e-06
6.88295e-06
7.18108e-06
7.4507e-06
7.68912e-06
7.89492e-06
8.06806e-06
8.20987e-06
8.32287e-06
8.41038e-06
8.47583e-06
8.52186e-06
8.54925e-06
8.55577e-06
8.53538e-06
8.47791e-06
8.36956e-06
8.19454e-06
7.93786e-06
7.58936e-06
7.14913e-06
6.63466e-06
6.0905e-06
5.60005e-06
5.29064e-06
5.30538e-06
5.72516e-06
6.51041e-06
7.53524e-06
8.64926e-06
9.69896e-06
1.05129e-05
1.08753e-05
1.05076e-05
9.11293e-06
6.86574e-06
7.13652e-06
1.39119e-05
2.3809e-05
3.38578e-05
4.21766e-05
4.77115e-05
5.01013e-05
4.93443e-05
4.5908e-05
4.07052e-05
3.48057e-05
2.90673e-05
2.3937e-05
1.95145e-05
1.57335e-05
1.25017e-05
9.75453e-06
7.45736e-06
5.59465e-06
4.16286e-06
3.16502e-06
2.58932e-06
2.36128e-06
2.34006e-06
2.39392e-06
2.44738e-06
2.47058e-06
2.45812e-06
2.41666e-06
2.35789e-06
2.2961e-06
2.24288e-06
2.20944e-06
2.19651e-06
2.2107e-06
2.23697e-06
2.28857e-06
2.34335e-06
2.38328e-06
2.50053e-06
1.09655e-06
1.12557e-06
1.16337e-06
1.21165e-06
1.27156e-06
1.34402e-06
1.43016e-06
1.53127e-06
1.64861e-06
1.78346e-06
1.937e-06
2.11028e-06
2.30406e-06
2.51877e-06
2.75443e-06
3.01051e-06
3.28589e-06
3.5788e-06
3.8869e-06
4.20719e-06
4.53614e-06
4.86977e-06
5.20373e-06
5.53342e-06
5.85416e-06
6.16139e-06
6.45084e-06
6.71887e-06
6.96269e-06
7.18064e-06
7.37236e-06
7.53873e-06
7.68166e-06
7.80359e-06
7.90676e-06
7.99226e-06
8.05903e-06
8.10275e-06
8.11509e-06
8.08335e-06
7.99099e-06
7.81917e-06
7.54962e-06
7.16861e-06
6.67222e-06
6.07349e-06
5.41329e-06
4.77848e-06
4.32429e-06
4.25925e-06
4.71893e-06
5.64773e-06
6.8816e-06
8.25765e-06
9.62197e-06
1.07818e-05
1.14505e-05
1.12512e-05
1.00299e-05
9.50381e-06
1.45516e-05
2.49914e-05
3.69031e-05
4.74892e-05
5.56018e-05
6.10227e-05
6.3533e-05
6.26262e-05
5.82628e-05
5.11857e-05
4.28225e-05
3.46484e-05
2.7597e-05
2.1924e-05
1.74514e-05
1.38829e-05
1.09827e-05
8.61081e-06
6.69601e-06
5.20172e-06
4.10252e-06
3.36773e-06
2.93968e-06
2.7282e-06
2.63392e-06
2.58031e-06
2.5235e-06
2.446e-06
2.34799e-06
2.23944e-06
2.13583e-06
2.05054e-06
1.99619e-06
1.97177e-06
1.98318e-06
2.00902e-06
2.06731e-06
2.121e-06
2.17442e-06
2.28657e-06
1.15152e-06
1.17064e-06
1.19507e-06
1.22691e-06
1.26727e-06
1.31687e-06
1.37675e-06
1.44822e-06
1.53269e-06
1.63165e-06
1.74662e-06
1.87906e-06
2.03022e-06
2.20105e-06
2.39211e-06
2.60347e-06
2.83464e-06
3.08458e-06
3.35167e-06
3.63368e-06
3.92781e-06
4.23075e-06
4.53871e-06
4.84763e-06
5.15327e-06
5.4515e-06
5.73851e-06
6.01101e-06
6.2664e-06
6.50283e-06
6.71915e-06
6.91475e-06
7.08939e-06
7.24289e-06
7.37482e-06
7.48403e-06
7.56792e-06
7.62154e-06
7.6365e-06
7.60024e-06
7.49582e-06
7.30321e-06
7.00195e-06
6.57527e-06
6.01544e-06
5.331e-06
4.55878e-06
3.79051e-06
3.22602e-06
3.18391e-06
3.82947e-06
4.98067e-06
6.39098e-06
7.87795e-06
9.26823e-06
1.03241e-05
1.07319e-05
1.04067e-05
1.07978e-05
1.57543e-05
2.59302e-05
3.77813e-05
4.77851e-05
5.48942e-05
6.03119e-05
6.54816e-05
6.99176e-05
7.18532e-05
6.9618e-05
6.28887e-05
5.30554e-05
4.23457e-05
3.26489e-05
2.48883e-05
1.90984e-05
1.48567e-05
1.16833e-05
9.23191e-06
7.30689e-06
5.81305e-06
4.70615e-06
3.95541e-06
3.51318e-06
3.30105e-06
3.2204e-06
3.18322e-06
3.1318e-06
3.04001e-06
2.90692e-06
2.7475e-06
2.58582e-06
2.44423e-06
2.34281e-06
2.28372e-06
2.27443e-06
2.28841e-06
2.34595e-06
2.3966e-06
2.45979e-06
2.57122e-06
1.30332e-06
1.30884e-06
1.3182e-06
1.3325e-06
1.35228e-06
1.37796e-06
1.41035e-06
1.45056e-06
1.49991e-06
1.56e-06
1.63264e-06
1.71976e-06
1.82329e-06
1.94496e-06
2.08618e-06
2.24785e-06
2.43031e-06
2.63324e-06
2.8557e-06
3.09616e-06
3.35264e-06
3.62276e-06
3.90385e-06
4.19307e-06
4.48741e-06
4.7837e-06
5.07856e-06
5.36824e-06
5.64859e-06
5.91503e-06
6.16272e-06
6.38689e-06
6.58339e-06
6.74924e-06
6.88305e-06
6.98496e-06
7.0559e-06
7.09597e-06
7.1021e-06
7.06572e-06
6.97132e-06
6.79718e-06
6.51844e-06
6.11221e-06
5.56363e-06
4.87214e-06
4.05974e-06
3.18964e-06
2.42258e-06
2.12299e-06
2.59477e-06
3.56236e-06
4.66632e-06
5.6905e-06
6.47397e-06
6.91081e-06
7.30416e-06
9.29673e-06
1.50253e-05
2.42622e-05
3.42611e-05
4.11018e-05
4.29557e-05
4.20848e-05
4.28273e-05
4.82529e-05
5.74333e-05
6.67977e-05
7.19992e-05
7.04462e-05
6.25582e-05
5.10364e-05
3.90209e-05
2.86607e-05
2.0763e-05
1.51741e-05
1.13287e-05
8.65766e-06
6.77131e-06
5.47257e-06
4.69565e-06
4.39841e-06
4.4742e-06
4.75181e-06
5.07258e-06
5.32898e-06
5.46459e-06
5.46384e-06
5.34206e-06
5.13448e-06
4.88734e-06
4.64393e-06
4.44265e-06
4.29887e-06
4.22912e-06
4.20791e-06
4.25549e-06
4.31582e-06
4.39686e-06
4.55959e-06
1.40901e-06
1.4031e-06
1.39727e-06
1.3931e-06
1.391e-06
1.39097e-06
1.39346e-06
1.39929e-06
1.40967e-06
1.42627e-06
1.45129e-06
1.48739e-06
1.53761e-06
1.60515e-06
1.69311e-06
1.80418e-06
1.9404e-06
2.10305e-06
2.2926e-06
2.50874e-06
2.75047e-06
3.01615e-06
3.30343e-06
3.6092e-06
3.92941e-06
4.25894e-06
4.59144e-06
4.91939e-06
5.23443e-06
5.52793e-06
5.79205e-06
6.02103e-06
6.21262e-06
6.36938e-06
6.49935e-06
6.61543e-06
6.73296e-06
6.86519e-06
7.0174e-06
7.1816e-06
7.33446e-06
7.44019e-06
7.45765e-06
7.34937e-06
7.08976e-06
6.6704e-06
6.10188e-06
5.41305e-06
4.6484e-06
3.86412e-06
3.12721e-06
2.51582e-06
2.11902e-06
2.04331e-06
2.48266e-06
3.8339e-06
6.65439e-06
1.15463e-05
1.86632e-05
2.66315e-05
3.25473e-05
3.32579e-05
2.74785e-05
1.69554e-05
4.94793e-06
1.11528e-05
2.74413e-05
4.50786e-05
6.01752e-05
6.80651e-05
6.66723e-05
5.78037e-05
4.53736e-05
3.29626e-05
2.26093e-05
1.49052e-05
9.6278e-06
6.34351e-06
4.77981e-06
4.7046e-06
5.52399e-06
6.68408e-06
7.89967e-06
9.0219e-06
9.95471e-06
1.06366e-05
1.10418e-05
1.11808e-05
1.10958e-05
1.08499e-05
1.05167e-05
1.01636e-05
9.8503e-06
9.60742e-06
9.46513e-06
9.40047e-06
9.44238e-06
9.52158e-06
9.65162e-06
9.90716e-06
1.63808e-06
1.61668e-06
1.59442e-06
1.57145e-06
1.54748e-06
1.52218e-06
1.49552e-06
1.4678e-06
1.43971e-06
1.4126e-06
1.38867e-06
1.37123e-06
1.36487e-06
1.37543e-06
1.4096e-06
1.474e-06
1.5741e-06
1.71324e-06
1.89232e-06
2.10993e-06
2.36291e-06
2.64661e-06
2.95522e-06
3.28172e-06
3.61802e-06
3.95513e-06
4.28372e-06
4.59499e-06
4.88218e-06
5.14254e-06
5.37979e-06
5.60642e-06
5.84519e-06
6.12826e-06
6.49239e-06
6.97011e-06
7.57915e-06
8.3149e-06
9.14857e-06
1.0031e-05
1.08999e-05
1.16889e-05
1.23375e-05
1.27996e-05
1.30504e-05
1.30899e-05
1.29408e-05
1.2645e-05
1.22554e-05
1.18242e-05
1.13933e-05
1.0972e-05
1.05018e-05
9.78611e-06
8.46294e-06
6.31969e-06
5.7792e-06
1.265e-05
2.47245e-05
4.01665e-05
5.55393e-05
6.26898e-05
5.86296e-05
4.9056e-05
4.06909e-05
3.68738e-05
3.62011e-05
3.93829e-05
4.8627e-05
5.93317e-05
6.4029e-05
6.00022e-05
4.95295e-05
3.66226e-05
2.44182e-05
1.44141e-05
6.91212e-06
2.42762e-06
4.31729e-06
7.51774e-06
1.03846e-05
1.29333e-05
1.51729e-05
1.70627e-05
1.85475e-05
1.95916e-05
2.0198e-05
2.0411e-05
2.03093e-05
1.9991e-05
1.95601e-05
1.91074e-05
1.87093e-05
1.84047e-05
1.8232e-05
1.8162e-05
1.82387e-05
1.83573e-05
1.85847e-05
1.89498e-05
1.78299e-06
1.74602e-06
1.70519e-06
1.66085e-06
1.61263e-06
1.55995e-06
1.50241e-06
1.44002e-06
1.37328e-06
1.30334e-06
1.23247e-06
1.16456e-06
1.10573e-06
1.06473e-06
1.05231e-06
1.07893e-06
1.15114e-06
1.26916e-06
1.42757e-06
1.61784e-06
1.83069e-06
2.0574e-06
2.2909e-06
2.5268e-06
2.76518e-06
3.0128e-06
3.2854e-06
3.60877e-06
4.01737e-06
4.54898e-06
5.23664e-06
6.10142e-06
7.14905e-06
8.37038e-06
9.74341e-06
1.12355e-05
1.28046e-05
1.44006e-05
1.59659e-05
1.74366e-05
1.87461e-05
1.983e-05
2.0634e-05
2.11215e-05
2.12774e-05
2.11074e-05
2.06304e-05
1.9869e-05
1.88328e-05
1.74982e-05
1.57825e-05
1.35239e-05
1.04334e-05
5.99061e-06
6.28471e-07
1.04568e-05
2.4585e-05
4.34717e-05
6.7375e-05
9.47206e-05
0.000113315
0.000110989
9.48682e-05
7.80871e-05
6.77661e-05
6.50109e-05
6.59036e-05
6.60523e-05
6.48668e-05
6.48751e-05
6.51666e-05
6.13547e-05
5.19092e-05
3.89781e-05
2.55803e-05
1.37197e-05
4.08722e-06
3.48017e-06
9.41626e-06
1.42441e-05
1.82958e-05
2.17201e-05
2.45519e-05
2.67755e-05
2.83833e-05
2.94061e-05
2.99155e-05
3.00107e-05
2.98042e-05
2.94098e-05
2.8934e-05
2.84651e-05
2.80771e-05
2.78049e-05
2.76886e-05
2.76863e-05
2.78604e-05
2.80519e-05
2.84232e-05
2.89009e-05
2.01891e-06
1.98199e-06
1.94357e-06
1.90223e-06
1.85799e-06
1.81068e-06
1.75951e-06
1.70378e-06
1.64289e-06
1.57615e-06
1.50275e-06
1.42182e-06
1.33259e-06
1.23463e-06
1.12854e-06
1.01758e-06
9.1135e-07
8.33046e-07
8.26854e-07
9.44742e-07
1.20991e-06
1.61579e-06
2.15324e-06
2.82007e-06
3.61819e-06
4.54942e-06
5.61284e-06
6.80262e-06
8.10653e-06
9.50558e-06
1.0974e-05
1.24798e-05
1.39861e-05
1.54526e-05
1.6837e-05
1.80967e-05
1.91895e-05
2.00738e-05
2.07078e-05
2.10477e-05
2.10487e-05
2.06682e-05
1.98705e-05
1.86312e-05
1.69389e-05
1.47891e-05
1.21736e-05
9.06969e-06
5.43979e-06
1.54861e-06
4.4672e-06
1.06746e-05
1.83564e-05
2.79749e-05
4.03419e-05
5.64617e-05
7.698e-05
0.000101991
0.000132308
0.000159065
0.000161173
0.000141994
0.000118206
0.000100027
9.31936e-05
9.33244e-05
9.53932e-05
9.63262e-05
9.47896e-05
9.03217e-05
8.33734e-05
7.35832e-05
6.03953e-05
4.48609e-05
2.91306e-05
1.50494e-05
4.05744e-06
6.95606e-06
1.39939e-05
1.96746e-05
2.40903e-05
2.73567e-05
2.95454e-05
3.07652e-05
3.12041e-05
3.11078e-05
3.07256e-05
3.026e-05
2.98468e-05
2.95566e-05
2.94193e-05
2.94324e-05
2.95821e-05
2.9827e-05
3.01506e-05
3.0463e-05
3.08274e-05
3.09945e-05
3.13571e-05
3.13296e-05
4.4593e-06
4.57295e-06
4.693e-06
4.81582e-06
4.94324e-06
5.07742e-06
5.21947e-06
5.37085e-06
5.53338e-06
5.70893e-06
5.8996e-06
6.10789e-06
6.33677e-06
6.58969e-06
6.87059e-06
7.18379e-06
7.53375e-06
7.92472e-06
8.36011e-06
8.84185e-06
9.36945e-06
9.93909e-06
1.05426e-05
1.11668e-05
1.17925e-05
1.23945e-05
1.2941e-05
1.33951e-05
1.37162e-05
1.3861e-05
1.37866e-05
1.34523e-05
1.28228e-05
1.18709e-05
1.0581e-05
8.95401e-06
7.02055e-06
4.89219e-06
3.07276e-06
3.41732e-06
6.08404e-06
9.61381e-06
1.3623e-05
1.80258e-05
2.27986e-05
2.7946e-05
3.34968e-05
3.95018e-05
4.60404e-05
5.32353e-05
6.12275e-05
7.01233e-05
7.99782e-05
9.09752e-05
0.000103662
0.000118744
0.000136904
0.000160371
0.00018698
0.000194525
0.000179518
0.000161467
0.000140145
0.000128259
0.000128973
0.000130823
0.000129867
0.000127845
0.000125494
0.000121246
0.000112894
9.95651e-05
8.20597e-05
6.25035e-05
4.34877e-05
2.71777e-05
1.54494e-05
1.12259e-05
1.38483e-05
1.73958e-05
1.94945e-05
1.97186e-05
1.82065e-05
1.53992e-05
1.1883e-05
8.237e-06
4.92189e-06
2.22906e-06
2.8434e-07
9.42955e-07
1.54769e-06
1.71212e-06
1.62689e-06
1.49813e-06
1.46281e-06
1.66128e-06
2.00487e-06
2.81356e-06
3.42038e-06
5.25621e-06
1.19053e-05
1.21226e-05
1.23296e-05
1.25212e-05
1.27008e-05
1.28666e-05
1.30152e-05
1.31441e-05
1.32497e-05
1.33272e-05
1.33707e-05
1.3373e-05
1.33258e-05
1.3219e-05
1.30414e-05
1.27798e-05
1.24189e-05
1.19416e-05
1.13287e-05
1.05587e-05
9.60792e-06
8.45108e-06
7.06155e-06
5.41278e-06
3.4827e-06
1.30031e-06
1.54629e-06
4.45181e-06
7.7952e-06
1.15394e-05
1.56798e-05
2.02065e-05
2.51003e-05
3.03313e-05
3.58587e-05
4.16313e-05
4.75889e-05
5.36662e-05
5.98011e-05
6.59463e-05
7.20786e-05
7.81985e-05
8.43206e-05
9.04601e-05
9.66164e-05
0.000102784
0.000108971
0.000115195
0.000121483
0.000127878
0.000134412
0.000140989
0.000147281
0.000152979
0.00015877
0.00016653
0.000177966
0.000192299
0.000195753
0.000184003
0.000178589
0.000171741
0.000159092
0.000152191
0.000153317
0.000156045
0.000156185
0.000154317
0.000152315
0.000149656
0.000143262
0.000130662
0.000112237
9.07272e-05
6.95239e-05
5.12761e-05
3.74526e-05
2.8272e-05
2.29429e-05
2.02502e-05
1.97659e-05
2.2206e-05
2.76465e-05
3.48474e-05
4.23959e-05
4.93343e-05
5.51751e-05
5.97749e-05
6.32083e-05
6.56715e-05
6.74207e-05
6.87225e-05
6.98183e-05
7.09281e-05
7.21779e-05
7.37204e-05
7.5452e-05
7.77226e-05
7.96507e-05
8.30571e-05
6.24645e-06
5.51084e-06
4.67434e-06
3.75126e-06
2.78113e-06
1.82666e-06
1.21574e-06
1.70987e-06
2.93459e-06
4.43909e-06
6.13567e-06
8.01308e-06
1.00779e-05
1.23427e-05
1.48224e-05
1.75332e-05
2.04912e-05
2.37124e-05
2.72112e-05
3.10004e-05
3.50902e-05
3.94874e-05
4.41947e-05
4.92099e-05
5.45254e-05
6.01273e-05
6.59953e-05
7.21026e-05
7.84165e-05
8.48983e-05
9.15029e-05
9.81801e-05
0.000104875
0.000111526
0.00011807
0.000124439
0.000130559
0.000136361
0.000141786
0.000146803
0.000151425
0.000155697
0.000159689
0.000163461
0.000167048
0.00017045
0.000173625
0.000176476
0.000178904
0.000180936
0.0001827
0.000184067
0.00018451
0.000183617
0.000181425
0.000177863
0.000172268
0.00016084
0.000144472
0.000144237
0.000158101
0.000165003
0.00015985
0.000154859
0.00015486
0.00015887
0.00016434
0.000168136
0.000170338
0.000171155
0.000168313
0.000158823
0.000142404
0.000121759
0.000100663
8.21941e-05
6.83042e-05
5.99968e-05
5.79887e-05
6.21435e-05
7.11778e-05
8.27935e-05
9.47313e-05
0.000105481
0.000114358
0.000121268
0.000126435
0.00013021
0.000132963
0.000135039
0.00013673
0.000138282
0.000139868
0.00014162
0.000143556
0.00014575
0.000148017
0.000150589
0.000152864
0.000155748
5.93397e-05
6.18291e-05
6.44453e-05
6.71845e-05
7.00089e-05
7.2917e-05
7.59162e-05
7.90117e-05
8.22105e-05
8.55203e-05
8.89482e-05
9.25008e-05
9.61833e-05
9.99996e-05
0.000103952
0.00010804
0.000112261
0.000116608
0.000121074
0.000125644
0.000130301
0.000135023
0.000139785
0.000144556
0.000149303
0.00015399
0.00015858
0.000163032
0.000167308
0.000171368
0.000175172
0.000178681
0.000181856
0.000184663
0.000187069
0.000189047
0.000190572
0.000191628
0.000192228
0.000192443
0.000192409
0.000192275
0.000192144
0.000192026
0.000191872
0.000191504
0.00019081
0.000189635
0.000187795
0.000185094
0.000181387
0.000176453
0.000169435
0.00015905
0.000144189
0.000124659
0.000101076
7.82629e-05
7.04466e-05
8.90685e-05
0.000126588
0.000144195
0.000135839
0.000132069
0.000140745
0.000151263
0.000161249
0.000170357
0.000177684
0.00018303
0.000183864
0.000177828
0.000164632
0.00014712
0.000129673
0.00011638
0.000110189
0.000112487
0.000122027
0.000135428
0.000149028
0.000160492
0.000169051
0.000174953
0.000178855
0.00018144
0.000183258
0.000184699
0.000186019
0.000187378
0.000188863
0.000190527
0.000192356
0.00019435
0.000196402
0.000198567
0.000200612
0.000202769
0.00020473
0.0002065
0.000169396
0.000171488
0.000173612
0.000175677
0.000177702
0.000179692
0.00018165
0.000183581
0.000185487
0.000187368
0.000189222
0.000191046
0.000192833
0.000194577
0.000196267
0.000197891
0.000199434
0.00020088
0.00020221
0.0002034
0.000204428
0.000205267
0.00020589
0.000206268
0.000206374
0.00020618
0.000205661
0.000204794
0.000203566
0.000201969
0.000200008
0.0001977
0.000195081
0.000192203
0.000189136
0.000185965
0.000182782
0.000179674
0.000176681
0.000173773
0.000170834
0.000167707
0.000164247
0.000160375
0.000156048
0.000151303
0.000146107
0.000140381
0.000133962
0.000126699
0.000118413
0.000108724
9.69683e-05
8.23894e-05
6.5314e-05
4.96071e-05
4.27899e-05
3.68387e-05
2.03105e-05
5.27627e-05
0.00011118
0.000149419
0.000138495
9.28583e-05
6.72019e-05
8.84514e-05
0.000117445
0.000143385
0.000165132
0.000180938
0.000189163
0.000189602
0.000184598
0.000178351
0.000175941
0.000180184
0.000190192
0.000202558
0.000213297
0.000220186
0.000223081
0.000223095
0.000221652
0.000219913
0.000218591
0.000218003
0.000218203
0.000219104
0.00022056
0.00022242
0.000224534
0.000226793
0.000229052
0.000231307
0.000233375
0.000235471
0.000237206
0.000239116
0.000240744
0.00024197
0.000207659
0.000207137
0.000207132
0.000207082
0.000206977
0.000206799
0.000206525
0.000206144
0.000205641
0.000204996
0.000204189
0.000203198
0.000201999
0.000200569
0.000198884
0.000196918
0.000194647
0.000192049
0.000189101
0.000185783
0.000182079
0.000177977
0.000173467
0.00016855
0.000163229
0.000157518
0.000151439
0.00014502
0.0001383
0.00013132
0.000124125
0.000116762
0.000109272
0.000101696
9.40731e-05
8.64351e-05
7.87892e-05
7.1105e-05
6.33623e-05
5.56346e-05
4.81656e-05
4.1293e-05
3.53499e-05
3.06073e-05
2.71197e-05
2.46941e-05
2.31029e-05
2.21072e-05
2.1606e-05
2.19162e-05
2.35636e-05
2.66449e-05
3.09868e-05
3.737e-05
4.85875e-05
6.66456e-05
8.9721e-05
0.000113271
0.000128538
0.00012831
0.000118792
0.000133302
0.000191633
0.000255671
0.000299848
0.000317961
0.00031141
0.000282878
0.000235902
0.000179519
0.000135622
0.000139665
0.000186765
0.000241669
0.000286046
0.000314335
0.000327073
0.00032735
0.000319165
0.000306193
0.00029145
0.000277105
0.000264509
0.000254378
0.000246997
0.000242354
0.000240219
0.000240193
0.000241779
0.000244438
0.000247683
0.000251082
0.000254397
0.00025736
0.000260108
0.000262256
0.000264629
0.000265847
0.000268581
0.000268953
3.14653e-05
1.88864e-05
6.01522e-05
9.90406e-05
0.000125402
0.000140079
0.00014727
0.000149951
0.000150011
0.000147214
0.000139825
0.000125475
0.000103655
8.32098e-05
7.95097e-05
9.00125e-05
9.50583e-05
8.86033e-05
7.61322e-05
7.01154e-05
8.98105e-05
0.000136196
0.000200524
0.000273714
0.000346372
0.000410393
0.000460228
0.00049318
0.000508234
0.000505642
0.00048815
0.00045891
0.000420738
0.000375445
0.00032675
0.000278724
0.000236568
0.000206365
0.000193321
0.00019677
0.000211925
0.00023282
0.000250539
0.000259686
0.000260397
0.000255192
0.000243181
0.000223275
0.000202793
0.000208621
0.000259564
0.000334687
0.000408506
0.000466277
0.000501356
0.000510927
0.000495883
0.000457804
0.000400612
0.000331209
0.000264496
0.000221804
0.000219839
0.000249621
0.000289787
0.000328023
0.000358943
0.000379705
0.000390486
0.000393605
0.000391596
0.000386236
0.000378787
0.000370363
0.00036186
0.000353877
0.000346714
0.00034044
0.00033499
0.000330252
0.000326131
0.000322578
0.000319574
0.000317113
0.000315169
0.000313685
0.000312572
0.000311727
0.000311053
0.000310483
0.000310021
0.00030971
0.00030971
0.000310053
0.000310996
0.000312181
0.000314221
0.000315645
0.00031875
0.000319713
2.91499e-05
9.81046e-05
0.000119489
0.000113758
0.000101454
8.61932e-05
6.94707e-05
5.35796e-05
4.17369e-05
3.84719e-05
4.04117e-05
4.15383e-05
4.35493e-05
4.47711e-05
4.08489e-05
4.11582e-05
5.62942e-05
8.06563e-05
0.000113472
0.000155628
0.000200903
0.000238763
0.000259991
0.000260031
0.000238973
0.000201713
0.000157153
0.000116964
9.42438e-05
9.57974e-05
0.000116155
0.000141991
0.00016183
0.000173268
0.000175789
0.000171172
0.000162534
0.000155173
0.00015641
0.000167078
0.000173775
0.000158792
0.000117699
6.30712e-05
3.4686e-05
5.89427e-05
9.59413e-05
0.000155242
0.000234624
0.000297629
0.000312623
0.000282209
0.000222597
0.000153654
9.48727e-05
7.44804e-05
0.000107971
0.000160622
0.000206192
0.000233689
0.000237938
0.000221713
0.000193261
0.000161285
0.000132263
0.00011024
9.82275e-05
9.67922e-05
0.000103039
0.000115689
0.000133702
0.000154102
0.000174071
0.000191831
0.00020663
0.000218435
0.000227582
0.000234542
0.000239781
0.000243699
0.000246612
0.000248761
0.000250323
0.00025143
0.000252181
0.000252665
0.000252976
0.000253218
0.000253493
0.000253894
0.000254464
0.000255235
0.000256147
0.00025723
0.000258307
0.000259559
0.000260615
0.000261825
0.000263117
0.000263425
0.00010848
0.000150552
0.000109324
6.5897e-05
3.80574e-05
2.12147e-05
9.1486e-06
4.55809e-06
1.87146e-05
3.29038e-05
4.46856e-05
5.31893e-05
5.8118e-05
5.9961e-05
5.92295e-05
6.9944e-05
9.33601e-05
0.000116674
0.000144812
0.000174516
0.000194865
0.000198208
0.00018215
0.000149585
0.000107447
6.41398e-05
2.90857e-05
2.9952e-05
5.8188e-05
8.83491e-05
0.000116393
0.000138107
0.000151849
0.000157826
0.000156758
0.000148893
0.000134006
0.000112338
9.05177e-05
8.64236e-05
0.000108587
0.000132717
0.000127688
8.77746e-05
2.73715e-05
4.28469e-05
0.0001137
0.000190601
0.000252485
0.000264605
0.000229734
0.000173792
0.000116563
6.55646e-05
1.75308e-05
3.25758e-05
8.42593e-05
0.000135189
0.000179754
0.000209717
0.000217948
0.000204742
0.000177011
0.000143803
0.000112477
8.70886e-05
6.88389e-05
5.67979e-05
4.9507e-05
4.49237e-05
4.05013e-05
3.58825e-05
3.3502e-05
3.61266e-05
4.36394e-05
5.37988e-05
6.47882e-05
7.56801e-05
8.6086e-05
9.58698e-05
0.000104993
0.000113444
0.000121211
0.000128274
0.000134614
0.000140221
0.000145111
0.000149338
0.000153002
0.000156243
0.000159211
0.000162049
0.000164841
0.000167658
0.000170448
0.00017328
0.000175965
0.000178708
0.000181177
0.000183604
0.000182227
0.000110743
3.43806e-05
1.55487e-05
2.19459e-05
2.63619e-05
2.82491e-05
3.03111e-05
3.51104e-05
4.10597e-05
4.51594e-05
4.89856e-05
5.35188e-05
5.13513e-05
5.43623e-05
7.77315e-05
9.83961e-05
0.000116741
0.000134923
0.000146558
0.00014523
0.000128647
9.92901e-05
6.34447e-05
2.87967e-05
1.1401e-05
3.19038e-05
5.47137e-05
7.74817e-05
9.96049e-05
0.000118317
0.00013075
0.00013767
0.000140284
0.000139291
0.000134424
0.00012529
0.000109861
8.53236e-05
5.77532e-05
4.69701e-05
7.32522e-05
0.000102005
9.19569e-05
4.88216e-05
4.93375e-05
0.000117199
0.000184308
0.000214633
0.000192748
0.00014529
0.000101068
6.90412e-05
4.54862e-05
3.56672e-05
5.23529e-05
8.19219e-05
0.000116945
0.000153686
0.000183243
0.000195584
0.00018741
0.000163562
0.000132807
0.000103104
7.8841e-05
6.10543e-05
4.86563e-05
4.01061e-05
3.41272e-05
3.00096e-05
2.71496e-05
2.47909e-05
2.23962e-05
1.9769e-05
1.6911e-05
1.39116e-05
1.08821e-05
8.01051e-06
5.84544e-06
5.73397e-06
8.15706e-06
1.19591e-05
1.64462e-05
2.13253e-05
2.63871e-05
3.14231e-05
3.62307e-05
4.06474e-05
4.4593e-05
4.80864e-05
5.12402e-05
5.41992e-05
5.71272e-05
6.00955e-05
6.32498e-05
6.64119e-05
7.01418e-05
7.30927e-05
7.83752e-05
0.000206618
5.19109e-05
3.47156e-05
3.48782e-05
3.04666e-05
2.6376e-05
2.18656e-05
1.83559e-05
2.2036e-05
2.96691e-05
3.74719e-05
4.40421e-05
3.88232e-05
2.93059e-05
4.8727e-05
6.89555e-05
8.43076e-05
9.80548e-05
0.000107471
0.0001082
9.80452e-05
7.85778e-05
5.5386e-05
3.77793e-05
3.52841e-05
4.43488e-05
5.70585e-05
7.0967e-05
8.49755e-05
9.85005e-05
0.000108823
0.000115405
0.000120138
0.000124012
0.000125989
0.000124069
0.000117512
0.000106792
9.08174e-05
6.87888e-05
4.96344e-05
3.94214e-05
6.25735e-05
8.593e-05
7.38619e-05
7.38987e-05
0.000119907
0.000164988
0.000170199
0.000136171
9.57616e-05
6.95865e-05
5.60971e-05
5.15734e-05
5.70151e-05
6.87432e-05
8.40357e-05
0.00010461
0.000131464
0.000157379
0.000171677
0.000167811
0.000147994
0.000120454
9.33384e-05
7.12104e-05
5.50854e-05
4.39982e-05
3.63119e-05
3.05055e-05
2.57098e-05
2.16079e-05
1.81866e-05
1.55509e-05
1.37901e-05
1.29078e-05
1.27822e-05
1.32059e-05
1.39639e-05
1.48827e-05
1.58224e-05
1.66551e-05
1.72587e-05
1.75235e-05
1.73651e-05
1.67384e-05
1.56525e-05
1.41801e-05
1.24519e-05
1.0622e-05
8.82724e-06
7.14567e-06
5.61279e-06
4.20984e-06
2.9608e-06
1.79295e-06
1.01152e-06
1.06997e-06
2.09056e-06
3.78686e-06
0.000187111
4.66365e-05
4.30231e-05
3.55634e-05
2.79726e-05
1.85495e-05
7.10287e-06
7.27745e-06
2.23882e-05
3.36235e-05
3.8242e-05
3.13106e-05
1.28601e-05
2.23224e-05
4.01233e-05
5.42713e-05
6.71372e-05
7.77278e-05
8.32439e-05
8.18113e-05
7.39399e-05
6.30961e-05
5.45651e-05
5.18258e-05
5.40635e-05
5.9138e-05
6.59547e-05
7.30947e-05
8.05314e-05
8.68176e-05
9.07221e-05
9.52228e-05
0.000102188
0.000110901
0.000118139
0.000120706
0.000117472
0.000109119
9.66128e-05
8.05749e-05
6.59537e-05
6.023e-05
5.19806e-05
7.31996e-05
9.0576e-05
9.85994e-05
0.000125956
0.000149532
0.00014017
0.000105768
7.56202e-05
6.04691e-05
5.53717e-05
5.67189e-05
6.23745e-05
7.05075e-05
8.00254e-05
9.30776e-05
0.000112887
0.00013522
0.000150012
0.0001491
0.000132729
0.000108371
8.41273e-05
6.46482e-05
5.08027e-05
4.12713e-05
3.43143e-05
2.87613e-05
2.40424e-05
1.98912e-05
1.61972e-05
1.29471e-05
1.01745e-05
7.96012e-06
6.4054e-06
5.58575e-06
5.45757e-06
5.83626e-06
6.52171e-06
7.38099e-06
8.33366e-06
9.32003e-06
1.02821e-05
1.11538e-05
1.18598e-05
1.23251e-05
1.24961e-05
1.23597e-05
1.19569e-05
1.13684e-05
1.07109e-05
1.00825e-05
9.60662e-06
9.29638e-06
9.28538e-06
9.43103e-06
9.86777e-06
1.07798e-05
0.00015425
4.85975e-05
4.40845e-05
3.59634e-05
2.45158e-05
1.19766e-05
8.17457e-06
1.84267e-05
2.69707e-05
2.99972e-05
2.51027e-05
1.17314e-05
5.08785e-06
1.93777e-05
3.21036e-05
4.49216e-05
5.70223e-05
6.67313e-05
7.2437e-05
7.36066e-05
7.12387e-05
6.7526e-05
6.45012e-05
6.28872e-05
6.25969e-05
6.34891e-05
6.50613e-05
6.69018e-05
6.85064e-05
6.78041e-05
6.84193e-05
7.48174e-05
8.67754e-05
0.000100195
0.000109796
0.000113298
0.000111235
0.000105353
9.70242e-05
8.65316e-05
7.55721e-05
7.3566e-05
7.24408e-05
6.94465e-05
9.58117e-05
0.000115435
0.00013299
0.00014204
0.000126141
9.48603e-05
7.04842e-05
5.89953e-05
5.58695e-05
5.68615e-05
6.06417e-05
6.60927e-05
7.21788e-05
8.11516e-05
9.66404e-05
0.000116474
0.000131309
0.000132187
0.000118328
9.66535e-05
7.5152e-05
5.82591e-05
4.64773e-05
3.83286e-05
3.22233e-05
2.71704e-05
2.27125e-05
1.86983e-05
1.51137e-05
1.19784e-05
9.31017e-06
7.10373e-06
5.34423e-06
4.00801e-06
3.06551e-06
2.47124e-06
2.15642e-06
2.03949e-06
2.05278e-06
2.15778e-06
2.3382e-06
2.58288e-06
2.87097e-06
3.16457e-06
3.41351e-06
3.56873e-06
3.60367e-06
3.52027e-06
3.36007e-06
3.16701e-06
3.01836e-06
2.91546e-06
2.94054e-06
3.0396e-06
3.18812e-06
3.8631e-06
0.00012007
4.86396e-05
4.06075e-05
2.98402e-05
1.77898e-05
8.33791e-06
9.01519e-06
1.49793e-05
1.85726e-05
1.79165e-05
1.31866e-05
8.35135e-06
1.2437e-05
2.20613e-05
3.3314e-05
4.51627e-05
5.63371e-05
6.56117e-05
7.19183e-05
7.48803e-05
7.49383e-05
7.30842e-05
7.02376e-05
6.71397e-05
6.42899e-05
6.16922e-05
5.88253e-05
5.61627e-05
5.11976e-05
4.5576e-05
4.78439e-05
5.9891e-05
7.72497e-05
9.11326e-05
9.78131e-05
9.82889e-05
9.46476e-05
8.92244e-05
8.39659e-05
7.95104e-05
7.52635e-05
7.51939e-05
8.33863e-05
7.99612e-05
9.24743e-05
0.000120996
0.000137061
0.00013888
0.000120846
9.22215e-05
6.98012e-05
5.87323e-05
5.47959e-05
5.43119e-05
5.63358e-05
5.9438e-05
6.30846e-05
6.96806e-05
8.27349e-05
0.000100922
0.000115736
0.000117575
0.000105205
8.56116e-05
6.6691e-05
5.23427e-05
4.24741e-05
3.54297e-05
2.98491e-05
2.50702e-05
2.086e-05
1.71418e-05
1.38757e-05
1.10302e-05
8.58441e-06
6.52869e-06
4.85827e-06
3.56517e-06
2.62279e-06
1.98534e-06
1.58289e-06
1.33081e-06
1.15581e-06
1.01865e-06
9.17324e-07
8.70635e-07
8.88337e-07
9.53798e-07
1.03564e-06
1.10242e-06
1.1291e-06
1.10531e-06
1.04931e-06
9.90548e-07
9.73048e-07
9.6287e-07
9.86337e-07
9.614e-07
9.4372e-07
9.60146e-07
9.22555e-05
4.61076e-05
3.46212e-05
2.48593e-05
1.46464e-05
5.46589e-06
2.56331e-06
8.00078e-06
1.13054e-05
1.25753e-05
1.32991e-05
1.60675e-05
2.21145e-05
3.04285e-05
4.00318e-05
5.01575e-05
5.97983e-05
6.79488e-05
7.37092e-05
7.66678e-05
7.68593e-05
7.48057e-05
7.11486e-05
6.65445e-05
6.15403e-05
5.58819e-05
4.973e-05
4.21445e-05
3.06868e-05
2.54835e-05
3.43844e-05
5.43086e-05
7.14313e-05
7.89655e-05
8.01816e-05
7.76225e-05
7.24409e-05
6.67247e-05
6.27338e-05
6.15936e-05
6.31602e-05
6.72285e-05
7.92673e-05
8.77518e-05
8.90335e-05
0.000116174
0.000135962
0.000135922
0.000117868
9.11319e-05
6.93235e-05
5.75102e-05
5.20508e-05
5.00825e-05
5.04624e-05
5.17139e-05
5.37936e-05
5.90649e-05
7.0721e-05
8.83498e-05
0.000103285
0.000105164
9.32961e-05
7.5326e-05
5.88747e-05
4.68939e-05
3.86013e-05
3.23679e-05
2.71954e-05
2.26971e-05
1.87534e-05
1.53162e-05
1.23476e-05
9.80909e-06
7.66342e-06
5.87925e-06
4.4291e-06
3.28852e-06
2.4311e-06
1.8239e-06
1.42393e-06
1.17778e-06
1.02942e-06
9.36469e-07
8.81513e-07
8.67197e-07
8.95394e-07
9.47938e-07
9.91016e-07
9.96336e-07
9.59728e-07
9.06218e-07
8.80121e-07
8.94184e-07
9.37373e-07
9.46677e-07
9.42675e-07
8.71124e-07
8.24432e-07
7.07556e-07
7.181e-05
4.48772e-05
3.18672e-05
2.33539e-05
1.57412e-05
8.76764e-06
3.89752e-06
5.61189e-06
9.90195e-06
1.42075e-05
1.87506e-05
2.41462e-05
3.06556e-05
3.81236e-05
4.63069e-05
5.4718e-05
6.26076e-05
6.9223e-05
7.38186e-05
7.5969e-05
7.56054e-05
7.29537e-05
6.85081e-05
6.27864e-05
5.60702e-05
4.82191e-05
3.9455e-05
2.61769e-05
1.14369e-05
1.3432e-05
3.411e-05
5.50335e-05
6.21238e-05
6.27814e-05
6.29901e-05
6.02946e-05
5.43431e-05
4.80139e-05
4.39371e-05
4.31906e-05
4.62358e-05
5.29428e-05
6.58088e-05
8.35022e-05
8.76419e-05
0.000104718
0.000128888
0.000131087
0.000114414
8.94285e-05
6.80459e-05
5.51749e-05
4.82369e-05
4.48663e-05
4.36681e-05
4.34998e-05
4.4701e-05
4.9331e-05
6.06522e-05
7.88448e-05
9.36374e-05
9.44496e-05
8.23258e-05
6.5817e-05
5.18011e-05
4.19388e-05
3.49046e-05
2.93134e-05
2.45305e-05
2.03598e-05
1.67383e-05
1.36205e-05
1.09566e-05
8.69668e-06
6.79593e-06
5.21633e-06
3.92805e-06
2.90578e-06
2.12557e-06
1.5611e-06
1.1845e-06
9.6207e-07
8.50523e-07
8.05375e-07
7.96743e-07
8.12724e-07
8.48364e-07
8.93462e-07
9.31804e-07
9.50609e-07
9.51083e-07
9.44248e-07
9.42947e-07
9.35939e-07
9.18724e-07
8.60493e-07
7.95494e-07
6.92808e-07
6.31091e-07
5.52429e-07
5.86189e-05
4.51111e-05
3.15218e-05
2.28326e-05
1.61931e-05
1.00568e-05
6.2866e-06
8.31103e-06
1.28743e-05
1.82588e-05
2.42909e-05
3.04111e-05
3.67036e-05
4.3335e-05
5.02274e-05
5.70053e-05
6.32005e-05
6.82441e-05
7.15871e-05
7.28151e-05
7.17824e-05
6.86108e-05
6.36414e-05
5.72428e-05
4.9363e-05
4.04506e-05
2.88686e-05
1.14936e-05
3.10184e-06
1.82958e-05
4.33094e-05
5.07839e-05
4.78809e-05
5.13707e-05
5.44284e-05
5.10563e-05
4.43344e-05
3.815e-05
3.40386e-05
3.22482e-05
3.34046e-05
3.87165e-05
4.95887e-05
6.9356e-05
8.30316e-05
9.21329e-05
0.000116497
0.000123739
0.000109882
8.68592e-05
6.60101e-05
5.2166e-05
4.3907e-05
3.92134e-05
3.66892e-05
3.55022e-05
3.61715e-05
4.05616e-05
5.28737e-05
7.24161e-05
8.61248e-05
8.47701e-05
7.20824e-05
5.71759e-05
4.55317e-05
3.74402e-05
3.13744e-05
2.63378e-05
2.19863e-05
1.8219e-05
1.49755e-05
1.21923e-05
9.81055e-06
7.78281e-06
6.07346e-06
4.65405e-06
3.49969e-06
2.58469e-06
1.88255e-06
1.36843e-06
1.01908e-06
8.09774e-07
7.0823e-07
6.76885e-07
6.86687e-07
7.22618e-07
7.75387e-07
8.3262e-07
8.79069e-07
9.02477e-07
9.00156e-07
8.75656e-07
8.38132e-07
7.84408e-07
7.22341e-07
6.34824e-07
5.54349e-07
4.52848e-07
4.02916e-07
3.50114e-07
4.82847e-05
4.01107e-05
2.9344e-05
2.17398e-05
1.58557e-05
9.36177e-06
3.7279e-06
9.7227e-06
1.75459e-05
2.34026e-05
2.86689e-05
3.4652e-05
4.05043e-05
4.6208e-05
5.17676e-05
5.7023e-05
6.16739e-05
6.53245e-05
6.75186e-05
6.78996e-05
6.63183e-05
6.28185e-05
5.76256e-05
5.08501e-05
4.26208e-05
3.31846e-05
1.87858e-05
9.94627e-06
1.14005e-05
3.4884e-05
4.65627e-05
3.77143e-05
3.98788e-05
4.97854e-05
5.06558e-05
4.51189e-05
3.90248e-05
3.45324e-05
3.12426e-05
2.87102e-05
2.75488e-05
2.95471e-05
3.63031e-05
5.21071e-05
7.2008e-05
8.11422e-05
0.000100833
0.000113783
0.000104374
8.37321e-05
6.35697e-05
4.89655e-05
3.95071e-05
3.35865e-05
2.99224e-05
2.78887e-05
2.81389e-05
3.30009e-05
4.80582e-05
6.868e-05
7.97824e-05
7.55441e-05
6.25206e-05
4.95006e-05
4.0038e-05
3.33478e-05
2.80621e-05
2.35687e-05
1.96927e-05
1.63588e-05
1.34941e-05
1.1028e-05
8.90338e-06
7.08014e-06
5.53067e-06
4.234e-06
3.17071e-06
2.32106e-06
1.6648e-06
1.18132e-06
8.52387e-07
6.59226e-07
5.73442e-07
5.56384e-07
5.77025e-07
6.19868e-07
6.75337e-07
7.31255e-07
7.73589e-07
7.91063e-07
7.80088e-07
7.42381e-07
6.86774e-07
6.14628e-07
5.38793e-07
4.47443e-07
3.7123e-07
2.79488e-07
2.51563e-07
2.24096e-07
3.76863e-05
3.25456e-05
3.58064e-05
3.74756e-05
3.82066e-05
3.6373e-05
3.23051e-05
2.72279e-05
2.54268e-05
2.90829e-05
3.36481e-05
3.75145e-05
4.23042e-05
4.70755e-05
5.14622e-05
5.53629e-05
5.86646e-05
6.10966e-05
6.23105e-05
6.20101e-05
6.00458e-05
5.64067e-05
5.12039e-05
4.44033e-05
3.66812e-05
2.58301e-05
1.44196e-05
1.42867e-05
2.77137e-05
4.63482e-05
3.67453e-05
2.77035e-05
4.27847e-05
4.91638e-05
4.55402e-05
3.97053e-05
3.54131e-05
3.25149e-05
3.0114e-05
2.77858e-05
2.57463e-05
2.53833e-05
2.8339e-05
3.78053e-05
5.69721e-05
7.05628e-05
8.48549e-05
0.000101516
9.79765e-05
8.04156e-05
6.11516e-05
4.60122e-05
3.54548e-05
2.83212e-05
2.34678e-05
2.05123e-05
2.0495e-05
2.76434e-05
4.66818e-05
6.66293e-05
7.36188e-05
6.64831e-05
5.37679e-05
4.28458e-05
3.52423e-05
2.96396e-05
2.50302e-05
2.10798e-05
1.76847e-05
1.47662e-05
1.22448e-05
1.00539e-05
8.14676e-06
6.4942e-06
5.07781e-06
3.88419e-06
2.90112e-06
2.11388e-06
1.50546e-06
1.05783e-06
7.54029e-07
5.76454e-07
4.98465e-07
4.84295e-07
5.05429e-07
5.46833e-07
5.97992e-07
6.46403e-07
6.78988e-07
6.85861e-07
6.64206e-07
6.16363e-07
5.52052e-07
4.7534e-07
4.00675e-07
3.17633e-07
2.55039e-07
1.79226e-07
1.82305e-07
1.88357e-07
3.56058e-05
2.53318e-05
4.08653e-05
5.20882e-05
5.83274e-05
6.16389e-05
6.2527e-05
6.05833e-05
5.49519e-05
4.68788e-05
4.16574e-05
4.14444e-05
4.32369e-05
4.61982e-05
4.96549e-05
5.25297e-05
5.4714e-05
5.61278e-05
5.65473e-05
5.57324e-05
5.35309e-05
4.99062e-05
4.48251e-05
3.85752e-05
3.07946e-05
1.93375e-05
1.6879e-05
2.22916e-05
4.47655e-05
4.34715e-05
2.06419e-05
3.21797e-05
4.53603e-05
4.49607e-05
3.94951e-05
3.48298e-05
3.17901e-05
2.96257e-05
2.78455e-05
2.62288e-05
2.46468e-05
2.36381e-05
2.44879e-05
2.89756e-05
4.26263e-05
5.89056e-05
7.06566e-05
8.76907e-05
9.05077e-05
7.70561e-05
5.90886e-05
4.36202e-05
3.20455e-05
2.36013e-05
1.72777e-05
1.31775e-05
1.37749e-05
2.62921e-05
4.81395e-05
6.48681e-05
6.69462e-05
5.76387e-05
4.6004e-05
3.71731e-05
3.10541e-05
2.63173e-05
2.2326e-05
1.88997e-05
1.59525e-05
1.34009e-05
1.11707e-05
9.20949e-06
7.48567e-06
5.98111e-06
4.68438e-06
3.58613e-06
2.67661e-06
1.94373e-06
1.37377e-06
9.52653e-07
6.66028e-07
4.99073e-07
4.28498e-07
4.20294e-07
4.45582e-07
4.8814e-07
5.36613e-07
5.79042e-07
6.04118e-07
6.03965e-07
5.77054e-07
5.26302e-07
4.61169e-07
3.86103e-07
3.15125e-07
2.38646e-07
1.86012e-07
1.24374e-07
1.5402e-07
1.84916e-07
5.70333e-05
4.29341e-05
4.24522e-05
5.04144e-05
5.94251e-05
6.81872e-05
7.53819e-05
8.05427e-05
8.23348e-05
7.86933e-05
6.81727e-05
5.43242e-05
4.64312e-05
4.53836e-05
4.66276e-05
4.86269e-05
5.01584e-05
5.0905e-05
5.07656e-05
4.96038e-05
4.72977e-05
4.37668e-05
3.9006e-05
3.31859e-05
2.42321e-05
1.7999e-05
1.99817e-05
3.99377e-05
5.07421e-05
2.83555e-05
1.85261e-05
3.85589e-05
4.33082e-05
3.91122e-05
3.4034e-05
3.05059e-05
2.81098e-05
2.63088e-05
2.4919e-05
2.38721e-05
2.30079e-05
2.23388e-05
2.25283e-05
2.44742e-05
3.23193e-05
4.73222e-05
5.88485e-05
7.37678e-05
8.19109e-05
7.36266e-05
5.77563e-05
4.23671e-05
2.99893e-05
2.02551e-05
1.22779e-05
6.07024e-06
1.07638e-05
2.9345e-05
5.06244e-05
6.22275e-05
5.97015e-05
4.94008e-05
3.93978e-05
3.24048e-05
2.7422e-05
2.33987e-05
1.99679e-05
1.70155e-05
1.44573e-05
1.22136e-05
1.02251e-05
8.45624e-06
6.88863e-06
5.51269e-06
4.3218e-06
3.30944e-06
2.46819e-06
1.78923e-06
1.26108e-06
8.70987e-07
6.06449e-07
4.53636e-07
3.90628e-07
3.855e-07
4.10923e-07
4.51009e-07
4.94624e-07
5.30851e-07
5.49904e-07
5.45154e-07
5.15527e-07
4.63852e-07
3.98964e-07
3.25517e-07
2.57351e-07
1.86533e-07
1.44281e-07
1.0216e-07
1.50599e-07
1.9677e-07
)
;

boundaryField
{
    outlet
    {
        type            zeroGradient;
    }
    inlet
    {
        type            zeroGradient;
    }
    lowerWall
    {
        type            zeroGradient;
    }
    upperWall
    {
        type            zeroGradient;
    }
    frontAndBack
    {
        type            empty;
    }
}


// ************************************************************************* //
