/*--------------------------------*- C++ -*----------------------------------*\
| =========                 |                                                 |
| \\      /  F ield         | OpenFOAM: The Open Source CFD Toolbox           |
|  \\    /   O peration     | Version:  2.1.1                                 |
|   \\  /    A nd           | Web:      www.OpenFOAM.org                      |
|    \\/     M anipulation  |                                                 |
\*---------------------------------------------------------------------------*/
FoamFile
{
    version     2.0;
    format      ascii;
    class       volScalarField;
    location    "0.055";
    object      k;
}
// * * * * * * * * * * * * * * * * * * * * * * * * * * * * * * * * * * * * * //

dimensions      [0 2 -2 0 0 0 0];

internalField   nonuniform List<scalar> 
6820
(
0.28891
0.351398
0.415005
0.477465
0.536856
0.591547
0.640351
0.68259
0.71806
0.746932
0.769648
0.786825
0.799162
0.807377
0.812158
0.814139
0.813881
0.811869
0.808509
0.804142
0.799044
0.793434
0.787488
0.781339
0.775089
0.76881
0.762549
0.756346
0.750148
0.74425
0.737158
0.735859
0.706272
0.265533
0.269397
0.270524
0.271343
0.272563
0.274225
0.276244
0.278506
0.280901
0.283344
0.28578
0.288179
0.290532
0.292846
0.295137
0.297424
0.29973
0.302076
0.304482
0.306965
0.309539
0.312216
0.315008
0.317926
0.320981
0.324189
0.327569
0.331154
0.334986
0.339161
0.343738
0.349282
0.355187
0.262037
0.264253
0.263594
0.261555
0.258998
0.256316
0.253624
0.250935
0.248237
0.245521
0.24279
0.240057
0.23734
0.234662
0.232045
0.229511
0.227079
0.224765
0.222581
0.220538
0.218642
0.2169
0.215313
0.213884
0.212612
0.2115
0.210547
0.209756
0.209132
0.208688
0.208427
0.2084
0.208621
0.259885
0.260273
0.259798
0.258536
0.256829
0.254891
0.252832
0.250708
0.248544
0.246354
0.244146
0.241927
0.239703
0.237482
0.23527
0.233075
0.230904
0.228765
0.226664
0.224605
0.222594
0.220635
0.218731
0.216884
0.215095
0.213366
0.211696
0.210085
0.208532
0.207036
0.205592
0.204205
0.202859
0.259299
0.258404
0.2576
0.256567
0.255295
0.25385
0.252291
0.25066
0.248982
0.247274
0.245547
0.243809
0.242067
0.240325
0.238589
0.236861
0.235146
0.233447
0.231767
0.230109
0.228475
0.226867
0.225287
0.223736
0.222215
0.220725
0.219266
0.217837
0.216439
0.215069
0.213728
0.212413
0.211122
0.259225
0.257848
0.256623
0.255437
0.254228
0.25297
0.251663
0.250312
0.248928
0.24752
0.246097
0.244666
0.243231
0.241797
0.240367
0.238945
0.237533
0.236132
0.234746
0.233376
0.232022
0.230687
0.229371
0.228075
0.2268
0.225546
0.224313
0.223102
0.221911
0.220742
0.219593
0.218466
0.217358
0.259217
0.257715
0.256309
0.25498
0.253698
0.252442
0.251195
0.24995
0.248703
0.247453
0.246202
0.244952
0.243705
0.242463
0.241228
0.240003
0.238787
0.237584
0.236394
0.235217
0.234056
0.23291
0.23178
0.230667
0.229571
0.228492
0.22743
0.226386
0.225359
0.224351
0.22336
0.222387
0.221434
0.259218
0.25769
0.256225
0.254822
0.253477
0.252181
0.250923
0.249695
0.248491
0.247305
0.246134
0.244978
0.243835
0.242705
0.241588
0.240484
0.239394
0.238318
0.237257
0.23621
0.235178
0.234162
0.233161
0.232175
0.231205
0.230252
0.229314
0.228392
0.227486
0.226598
0.225726
0.224872
0.224036
0.259218
0.257687
0.256207
0.25478
0.253405
0.252079
0.250799
0.249559
0.248355
0.247184
0.24604
0.244922
0.243827
0.242753
0.241699
0.240664
0.239647
0.238649
0.237667
0.236703
0.235755
0.234824
0.233909
0.23301
0.232128
0.231261
0.230411
0.229576
0.228758
0.227956
0.227171
0.226404
0.225655
0.259218
0.257686
0.256203
0.254769
0.253384
0.252045
0.250751
0.249499
0.248287
0.247113
0.245972
0.244864
0.243785
0.242733
0.241707
0.240706
0.239727
0.23877
0.237833
0.236917
0.23602
0.235141
0.234281
0.233438
0.232612
0.231804
0.231012
0.230237
0.229479
0.228738
0.228014
0.227308
0.226621
0.259218
0.257686
0.256202
0.254767
0.253378
0.252034
0.250734
0.249476
0.248259
0.247079
0.245936
0.244827
0.24375
0.242705
0.241688
0.240699
0.239736
0.238798
0.237884
0.236992
0.236122
0.235272
0.234443
0.233633
0.232842
0.232069
0.231314
0.230577
0.229858
0.229156
0.228473
0.227808
0.227162
0.259218
0.257685
0.256202
0.254766
0.253376
0.252031
0.250729
0.249468
0.248247
0.247065
0.245918
0.244807
0.24373
0.242685
0.24167
0.240684
0.239726
0.238795
0.23789
0.237008
0.236151
0.235315
0.234502
0.233709
0.232936
0.232183
0.231449
0.230734
0.230038
0.229361
0.228702
0.228062
0.227442
0.259218
0.257685
0.256201
0.254765
0.253375
0.252029
0.250727
0.249465
0.248243
0.247058
0.245911
0.244798
0.243719
0.242673
0.241658
0.240672
0.239715
0.238786
0.237883
0.237006
0.236153
0.235323
0.234516
0.233731
0.232967
0.232224
0.231501
0.230798
0.230114
0.22945
0.228805
0.228179
0.227574
0.259218
0.257685
0.256201
0.254764
0.253374
0.252028
0.250725
0.249463
0.24824
0.247055
0.245907
0.244794
0.243714
0.242667
0.241651
0.240665
0.239708
0.238779
0.237876
0.237
0.236148
0.23532
0.234516
0.233734
0.232974
0.232235
0.231517
0.230819
0.230141
0.229483
0.228845
0.228227
0.227628
0.259218
0.257685
0.256201
0.254764
0.253374
0.252028
0.250724
0.249462
0.248239
0.247053
0.245904
0.244791
0.243711
0.242663
0.241646
0.24066
0.239703
0.238773
0.237871
0.236994
0.236143
0.235316
0.234512
0.233731
0.232973
0.232236
0.231519
0.230824
0.230149
0.229493
0.228858
0.228243
0.227648
0.259218
0.257685
0.2562
0.254764
0.253373
0.252027
0.250723
0.24946
0.248237
0.247052
0.245903
0.244788
0.243708
0.24266
0.241643
0.240657
0.239699
0.238769
0.237867
0.23699
0.236139
0.235312
0.234509
0.233728
0.23297
0.232233
0.231518
0.230824
0.230149
0.229495
0.228861
0.228247
0.227653
0.259218
0.257685
0.2562
0.254763
0.253373
0.252026
0.250722
0.249459
0.248236
0.24705
0.245901
0.244787
0.243706
0.242658
0.241641
0.240654
0.239696
0.238766
0.237864
0.236987
0.236136
0.235309
0.234505
0.233725
0.232967
0.232231
0.231516
0.230822
0.230148
0.229494
0.228861
0.228247
0.227652
0.259218
0.257685
0.2562
0.254763
0.253372
0.252026
0.250722
0.249459
0.248235
0.247049
0.245899
0.244785
0.243704
0.242656
0.241639
0.240652
0.239694
0.238764
0.237861
0.236984
0.236133
0.235306
0.234503
0.233722
0.232965
0.232229
0.231514
0.23082
0.230146
0.229493
0.228859
0.228245
0.22765
0.259218
0.257684
0.2562
0.254763
0.253372
0.252025
0.250721
0.249458
0.248234
0.247048
0.245898
0.244783
0.243702
0.242654
0.241637
0.240649
0.239691
0.238761
0.237858
0.236982
0.23613
0.235303
0.2345
0.23372
0.232962
0.232226
0.231512
0.230818
0.230144
0.22949
0.228856
0.228241
0.227646
0.259218
0.257684
0.2562
0.254763
0.253372
0.252025
0.25072
0.249457
0.248233
0.247047
0.245897
0.244782
0.243701
0.242652
0.241635
0.240647
0.239689
0.238759
0.237856
0.236979
0.236128
0.235301
0.234498
0.233717
0.23296
0.232224
0.231509
0.230815
0.230141
0.229487
0.228853
0.228238
0.227641
0.259218
0.257684
0.2562
0.254762
0.253371
0.252024
0.25072
0.249456
0.248232
0.247046
0.245896
0.244781
0.243699
0.242651
0.241633
0.240646
0.239687
0.238757
0.237854
0.236977
0.236125
0.235298
0.234495
0.233715
0.232957
0.232221
0.231506
0.230812
0.230138
0.229484
0.228849
0.228233
0.227636
0.259218
0.257684
0.256199
0.254762
0.253371
0.252024
0.25072
0.249456
0.248232
0.247045
0.245895
0.24478
0.243698
0.242649
0.241632
0.240644
0.239686
0.238755
0.237852
0.236975
0.236123
0.235296
0.234493
0.233712
0.232954
0.232218
0.231503
0.230809
0.230134
0.229479
0.228844
0.228227
0.227629
0.259218
0.257684
0.256199
0.254762
0.253371
0.252024
0.250719
0.249455
0.248231
0.247044
0.245894
0.244779
0.243697
0.242648
0.24163
0.240642
0.239684
0.238753
0.23785
0.236973
0.236121
0.235294
0.23449
0.23371
0.232951
0.232215
0.2315
0.230805
0.23013
0.229475
0.228838
0.228221
0.227622
0.259218
0.257684
0.256199
0.254762
0.253371
0.252024
0.250719
0.249455
0.24823
0.247044
0.245893
0.244778
0.243696
0.242647
0.241629
0.240641
0.239682
0.238752
0.237848
0.236971
0.236119
0.235291
0.234488
0.233707
0.232948
0.232212
0.231496
0.230801
0.230125
0.229469
0.228832
0.228214
0.227614
0.259218
0.257684
0.256199
0.254762
0.253371
0.252023
0.250719
0.249455
0.24823
0.247043
0.245893
0.244777
0.243695
0.242646
0.241628
0.24064
0.239681
0.23875
0.237846
0.236969
0.236117
0.235289
0.234485
0.233704
0.232945
0.232208
0.231492
0.230796
0.23012
0.229463
0.228826
0.228206
0.227605
0.259218
0.257684
0.256199
0.254762
0.25337
0.252023
0.250718
0.249454
0.24823
0.247043
0.245892
0.244776
0.243694
0.242645
0.241627
0.240639
0.239679
0.238749
0.237845
0.236967
0.236114
0.235287
0.234482
0.233701
0.232942
0.232204
0.231488
0.230791
0.230115
0.229457
0.228819
0.228198
0.227596
0.259218
0.257684
0.256199
0.254762
0.25337
0.252023
0.250718
0.249454
0.248229
0.247042
0.245891
0.244776
0.243694
0.242644
0.241626
0.240637
0.239678
0.238747
0.237843
0.236965
0.236112
0.235284
0.234479
0.233698
0.232938
0.2322
0.231483
0.230786
0.230109
0.229451
0.228811
0.22819
0.227586
0.259218
0.257684
0.256199
0.254762
0.25337
0.252023
0.250718
0.249454
0.248229
0.247042
0.245891
0.244775
0.243693
0.242644
0.241625
0.240637
0.239677
0.238746
0.237842
0.236963
0.23611
0.235282
0.234477
0.233695
0.232935
0.232196
0.231479
0.230781
0.230103
0.229444
0.228804
0.228181
0.227576
0.259218
0.257684
0.256199
0.254762
0.25337
0.252023
0.250718
0.249454
0.248229
0.247042
0.245891
0.244775
0.243692
0.242643
0.241624
0.240635
0.239676
0.238744
0.23784
0.236962
0.236108
0.23528
0.234474
0.233692
0.232931
0.232192
0.231474
0.230776
0.230097
0.229438
0.228796
0.228173
0.227567
0.259218
0.257684
0.256199
0.254762
0.25337
0.252023
0.250718
0.249454
0.248229
0.247042
0.245891
0.244775
0.243693
0.242643
0.241624
0.240636
0.239676
0.238744
0.23784
0.236961
0.236108
0.235278
0.234473
0.23369
0.232929
0.23219
0.231471
0.230772
0.230092
0.229432
0.22879
0.228165
0.227558
0.259218
0.257684
0.256199
0.254762
0.25337
0.252023
0.250718
0.249454
0.248229
0.247042
0.245891
0.244775
0.243692
0.242642
0.241624
0.240635
0.239675
0.238743
0.237839
0.23696
0.236106
0.235277
0.234471
0.233688
0.232927
0.232187
0.231467
0.230768
0.230088
0.229426
0.228783
0.228158
0.22755
0.259218
0.257684
0.256199
0.254762
0.253371
0.252024
0.25072
0.249456
0.248232
0.247045
0.245894
0.244779
0.243696
0.242646
0.241628
0.240639
0.239679
0.238747
0.237842
0.236963
0.236109
0.235279
0.234473
0.233689
0.232927
0.232187
0.231467
0.230767
0.230086
0.229424
0.22878
0.228153
0.227544
0.259218
0.257685
0.2562
0.254763
0.253372
0.252026
0.250721
0.249457
0.248233
0.247046
0.245895
0.24478
0.243698
0.242648
0.24163
0.240641
0.239681
0.238749
0.237844
0.236965
0.236111
0.235281
0.234474
0.23369
0.232928
0.232187
0.231466
0.230765
0.230083
0.229419
0.228774
0.228146
0.227535
0.259218
0.257685
0.256201
0.254766
0.253378
0.252034
0.250732
0.24947
0.248247
0.247061
0.245911
0.244796
0.243714
0.242664
0.241645
0.240656
0.239696
0.238763
0.237857
0.236976
0.236121
0.235289
0.23448
0.233694
0.232929
0.232185
0.231462
0.230757
0.230072
0.229405
0.228755
0.228123
0.227508
0.259219
0.257689
0.25621
0.254777
0.253389
0.252045
0.250743
0.249482
0.248259
0.247074
0.245924
0.244809
0.243727
0.242677
0.241656
0.240665
0.239703
0.238767
0.237857
0.236972
0.236111
0.235274
0.234459
0.233665
0.232893
0.232141
0.231408
0.230695
0.229999
0.229322
0.228662
0.228018
0.227391
0.25922
0.257694
0.256221
0.254799
0.253423
0.25209
0.250796
0.249539
0.248318
0.247132
0.245979
0.244858
0.243768
0.242708
0.241676
0.240671
0.239693
0.238741
0.237813
0.236909
0.236028
0.235169
0.234332
0.233516
0.23272
0.231943
0.231186
0.230446
0.229725
0.229021
0.228334
0.227663
0.227007
0.259229
0.257738
0.256292
0.254882
0.253508
0.252172
0.250871
0.249603
0.248368
0.247162
0.245986
0.244837
0.243716
0.242622
0.241553
0.240509
0.23949
0.238495
0.237523
0.236574
0.235647
0.234741
0.233856
0.232991
0.232147
0.231321
0.230514
0.229726
0.228955
0.228201
0.227464
0.226744
0.226039
0.259265
0.257822
0.256453
0.255125
0.253805
0.252484
0.251165
0.249856
0.248563
0.247293
0.246047
0.24483
0.243642
0.242483
0.241352
0.24025
0.239176
0.238128
0.237106
0.236109
0.235137
0.234187
0.233261
0.232356
0.231472
0.230609
0.229766
0.228943
0.228138
0.227352
0.226584
0.225834
0.225101
0.259599
0.258632
0.257578
0.256541
0.255586
0.254713
0.253904
0.253149
0.252442
0.251781
0.251163
0.250589
0.250058
0.24957
0.249123
0.248717
0.248351
0.248023
0.247732
0.247477
0.247257
0.24707
0.246916
0.246794
0.246702
0.24664
0.246607
0.246603
0.246628
0.24668
0.24676
0.246867
0.247
0.266719
0.280569
0.294241
0.307622
0.320668
0.333362
0.345693
0.35765
0.369226
0.380415
0.391214
0.401624
0.411644
0.421278
0.43053
0.439407
0.447915
0.456062
0.463857
0.471309
0.478427
0.485223
0.491706
0.497886
0.503775
0.509382
0.514719
0.519795
0.52462
0.529205
0.533558
0.537689
0.541611
0.831448
1.02741
1.27899
1.57985
1.89687
2.1746
2.36625
2.46621
2.504
2.51552
2.52263
2.5319
2.54303
2.55543
2.56989
2.58768
2.60942
2.63501
2.66226
2.68801
2.70832
2.71834
2.71235
2.68369
2.62484
2.52763
2.38377
2.18598
1.9302
1.61979
1.27165
0.922217
0.624742
0.426625
0.336006
0.317311
0.330007
0.352891
0.377696
0.401013
0.421225
0.437557
0.449789
0.458108
0.462969
0.464956
0.464678
0.462698
0.459503
0.455496
0.451
0.446271
0.441507
0.436867
0.432474
0.428424
0.424795
0.421645
0.419019
0.416947
0.415443
0.414492
0.41405
0.414023
0.41426
0.414555
0.414651
0.41426
0.413087
0.410846
0.407276
0.402146
0.395252
0.386422
0.375522
0.362481
0.347327
0.330226
0.311515
0.291711
0.271489
0.251621
0.232882
0.215942
0.201273
0.18909
0.179353
0.171817
0.166123
0.161881
0.158734
0.156397
0.154656
0.153358
0.152395
0.151687
0.151174
0.150803
0.150557
0.150287
0.367072
0.388307
0.426569
0.495951
0.614384
0.797088
1.04597
1.34061
1.64098
1.90307
2.09895
2.22583
2.29937
2.34033
2.36497
2.38247
2.39655
2.40723
2.41294
2.4113
2.39912
2.37223
2.32533
2.2523
2.1466
2.00209
1.8144
1.58308
1.31488
1.02763
0.752232
0.527219
0.381706
0.315507
0.301416
0.311325
0.330234
0.351882
0.3734
0.39318
0.410226
0.423993
0.434317
0.441342
0.445424
0.447032
0.44666
0.444776
0.441789
0.438045
0.433823
0.429348
0.424799
0.420318
0.416017
0.411989
0.408309
0.405038
0.402228
0.39992
0.398145
0.396915
0.396212
0.395978
0.396097
0.396393
0.396634
0.396545
0.395836
0.394216
0.391416
0.387194
0.381333
0.373648
0.363991
0.352272
0.33849
0.322779
0.305433
0.286925
0.267886
0.249049
0.231164
0.214893
0.200715
0.188866
0.179338
0.171922
0.166289
0.162073
0.158934
0.156595
0.154847
0.15354
0.152566
0.151846
0.151319
0.150936
0.150679
0.150391
0.208907
0.209709
0.211788
0.216597
0.227539
0.251256
0.297964
0.380191
0.50885
0.685932
0.900535
1.13129
1.35307
1.54486
1.69493
1.80187
1.86905
1.90171
1.9082
1.89404
1.8608
1.80707
1.72989
1.62601
1.49302
1.33066
1.14252
0.937912
0.733153
0.55033
0.411437
0.327804
0.29252
0.287222
0.296364
0.311942
0.330273
0.349307
0.367669
0.384369
0.398719
0.410321
0.419045
0.424998
0.428453
0.42978
0.429377
0.427628
0.424877
0.421415
0.417486
0.413287
0.408976
0.404681
0.400506
0.396538
0.392846
0.389493
0.386533
0.384014
0.38198
0.380463
0.379471
0.378978
0.378906
0.379114
0.379399
0.379509
0.379162
0.378069
0.375956
0.372571
0.367688
0.361109
0.35267
0.342261
0.329854
0.315541
0.299573
0.282373
0.264522
0.246713
0.229669
0.214044
0.200325
0.188778
0.179427
0.172102
0.166506
0.162297
0.159152
0.156802
0.15504
0.153719
0.152729
0.151993
0.151451
0.151052
0.150781
0.150474
0.201357
0.199717
0.198048
0.196221
0.194228
0.192548
0.192917
0.198135
0.211147
0.235947
0.27823
0.34325
0.431756
0.538677
0.65475
0.768785
0.871787
0.956483
1.01547
1.04481
1.04394
1.01438
0.958681
0.880128
0.783163
0.674144
0.561924
0.457564
0.372353
0.314008
0.282956
0.272694
0.274963
0.284107
0.297192
0.312525
0.328873
0.345237
0.360786
0.374846
0.386923
0.396711
0.404103
0.409172
0.412124
0.413246
0.412858
0.41127
0.408768
0.405601
0.401975
0.398065
0.39401
0.389926
0.385907
0.382032
0.378369
0.374976
0.371907
0.369215
0.366951
0.365158
0.36387
0.363089
0.362772
0.362817
0.363055
0.363263
0.363173
0.362505
0.360983
0.358348
0.354367
0.348831
0.341563
0.33243
0.321374
0.30845
0.293857
0.277965
0.261303
0.24452
0.228311
0.213318
0.200043
0.188776
0.179583
0.17233
0.166755
0.162542
0.159382
0.157013
0.155234
0.153894
0.152886
0.152132
0.151572
0.151155
0.150869
0.150541
0.209643
0.207954
0.206245
0.204488
0.202611
0.200503
0.198178
0.196014
0.194797
0.195744
0.199448
0.206179
0.216859
0.232607
0.253842
0.279491
0.307415
0.336024
0.362416
0.383155
0.395168
0.396552
0.387051
0.368206
0.343151
0.31611
0.291525
0.272905
0.261843
0.257904
0.259541
0.265264
0.274066
0.285202
0.297988
0.311773
0.325927
0.339844
0.352966
0.364809
0.374997
0.383287
0.389585
0.393936
0.396491
0.397472
0.39713
0.395719
0.393472
0.3906
0.387281
0.383665
0.379876
0.376019
0.372179
0.368429
0.36483
0.361439
0.358306
0.355485
0.353028
0.350989
0.349417
0.348338
0.347744
0.347569
0.347685
0.347898
0.347965
0.347619
0.346586
0.344606
0.34144
0.33687
0.330707
0.322798
0.313055
0.301491
0.288257
0.273664
0.258186
0.242425
0.227045
0.212677
0.199834
0.188836
0.179785
0.17259
0.167025
0.162798
0.159616
0.157224
0.155423
0.154063
0.153036
0.152262
0.151683
0.151247
0.150946
0.150594
0.216089
0.214642
0.213188
0.211728
0.210255
0.208749
0.207167
0.205476
0.203719
0.202266
0.201655
0.202041
0.203416
0.205842
0.209418
0.214259
0.220098
0.225899
0.231297
0.23597
0.239585
0.2419
0.242894
0.242833
0.242253
0.241823
0.242177
0.243773
0.246878
0.251619
0.258025
0.266024
0.275446
0.286041
0.297503
0.309475
0.321563
0.333353
0.344437
0.354448
0.363087
0.370156
0.375567
0.379343
0.381593
0.382484
0.382214
0.380986
0.378994
0.376413
0.373395
0.370071
0.366553
0.362932
0.359288
0.355685
0.352182
0.348829
0.345676
0.34277
0.340166
0.337921
0.336092
0.334726
0.333843
0.333414
0.333348
0.333488
0.333621
0.333496
0.332849
0.331423
0.328975
0.325282
0.320144
0.31339
0.304905
0.29466
0.282752
0.269437
0.255131
0.240385
0.225829
0.212082
0.199666
0.188929
0.180013
0.172869
0.167305
0.163057
0.159848
0.15743
0.155605
0.154224
0.153176
0.152382
0.151784
0.15133
0.151012
0.150637
0.220345
0.219107
0.217873
0.216658
0.215473
0.214327
0.213215
0.212125
0.211041
0.209992
0.209102
0.208531
0.208428
0.208888
0.209918
0.211503
0.213501
0.215674
0.217901
0.220121
0.222308
0.224469
0.226645
0.228925
0.231434
0.234325
0.237762
0.241901
0.246871
0.252765
0.259623
0.267429
0.276105
0.285518
0.295476
0.30574
0.316028
0.32603
0.335434
0.343948
0.351331
0.357413
0.362113
0.365435
0.367455
0.368299
0.368119
0.367077
0.365333
0.363032
0.360305
0.357268
0.354017
0.350636
0.347197
0.343759
0.340375
0.337093
0.333956
0.331011
0.328307
0.325901
0.323855
0.322229
0.321065
0.320366
0.320079
0.320086
0.320205
0.32021
0.31985
0.318874
0.317041
0.314126
0.30992
0.304238
0.296938
0.287953
0.277328
0.26526
0.252104
0.238362
0.224625
0.211498
0.199509
0.189032
0.180248
0.17315
0.167584
0.163312
0.160072
0.157626
0.155776
0.154372
0.153304
0.152491
0.151874
0.151402
0.151068
0.150671
0.223085
0.222009
0.220942
0.219901
0.218899
0.217953
0.217076
0.216277
0.215557
0.21492
0.214387
0.214006
0.213838
0.213942
0.214357
0.215109
0.216165
0.217473
0.218984
0.22067
0.222528
0.224572
0.226838
0.229377
0.232253
0.235539
0.239315
0.243657
0.24863
0.254278
0.260622
0.267646
0.275297
0.283479
0.292052
0.300836
0.309616
0.318149
0.326184
0.333485
0.339852
0.34514
0.349273
0.352242
0.354094
0.354922
0.354842
0.353985
0.352478
0.350445
0.347998
0.345236
0.342245
0.339103
0.335872
0.332609
0.329362
0.326175
0.323088
0.320142
0.317383
0.314864
0.312647
0.310799
0.309378
0.308413
0.307888
0.307719
0.307762
0.307816
0.30765
0.307023
0.3057
0.303456
0.30008
0.295375
0.289174
0.281376
0.271976
0.261112
0.249079
0.236325
0.223401
0.210894
0.199334
0.189121
0.180472
0.173421
0.167852
0.163553
0.160282
0.157806
0.15593
0.154505
0.153417
0.152586
0.151951
0.151462
0.151114
0.150695
0.224805
0.223849
0.222905
0.221989
0.221116
0.220303
0.219565
0.218916
0.218367
0.217926
0.217601
0.217406
0.217364
0.217506
0.217861
0.218446
0.219265
0.220311
0.221573
0.223047
0.224736
0.226653
0.228824
0.231281
0.234068
0.23723
0.240816
0.244874
0.249441
0.254546
0.260199
0.266383
0.273056
0.280143
0.287535
0.295088
0.30263
0.309965
0.31689
0.32321
0.328758
0.333409
0.337091
0.339783
0.341514
0.342349
0.342375
0.341696
0.340414
0.338634
0.33645
0.33395
0.331211
0.3283
0.325278
0.322195
0.319096
0.316023
0.313011
0.310098
0.307323
0.304736
0.302396
0.300371
0.298729
0.29752
0.296755
0.296388
0.296309
0.296348
0.296294
0.295923
0.295006
0.293326
0.29067
0.286835
0.281637
0.274939
0.266694
0.25698
0.246034
0.234246
0.222128
0.210241
0.199117
0.189176
0.180669
0.17367
0.168099
0.163774
0.160471
0.157965
0.156064
0.154618
0.153512
0.152664
0.152014
0.151509
0.151147
0.150708
0.225844
0.224972
0.224115
0.223284
0.222496
0.221764
0.221106
0.220536
0.220066
0.219708
0.219471
0.219363
0.219393
0.219575
0.219925
0.22046
0.221191
0.222124
0.223262
0.224608
0.226168
0.227953
0.229982
0.232279
0.234872
0.237796
0.241085
0.24477
0.24888
0.253432
0.25843
0.263863
0.269692
0.275858
0.28227
0.288812
0.295343
0.301704
0.307727
0.313253
0.318138
0.322275
0.325595
0.32807
0.329714
0.330569
0.330701
0.330189
0.329119
0.327574
0.325637
0.323384
0.320884
0.318197
0.315379
0.312477
0.309534
0.306586
0.303669
0.300814
0.298058
0.295444
0.293025
0.29087
0.289049
0.287627
0.286639
0.28607
0.285842
0.285817
0.285809
0.285609
0.285002
0.283779
0.281732
0.278654
0.274351
0.268659
0.261486
0.252859
0.242955
0.232108
0.220783
0.209518
0.198838
0.189179
0.180824
0.173884
0.168317
0.163969
0.160634
0.158099
0.156174
0.154707
0.153585
0.152722
0.152058
0.15154
0.151167
0.150711
0.226434
0.225619
0.224819
0.224045
0.223309
0.222625
0.222009
0.221474
0.221034
0.220699
0.220482
0.220388
0.220425
0.220601
0.220925
0.221408
0.222061
0.222893
0.223913
0.225128
0.226546
0.228179
0.230041
0.232149
0.234524
0.237191
0.240175
0.243499
0.247182
0.251237
0.255667
0.260456
0.265576
0.270973
0.276575
0.282285
0.287987
0.293551
0.298838
0.303714
0.308059
0.311778
0.314803
0.317105
0.318684
0.319565
0.319798
0.319442
0.318565
0.317238
0.31553
0.313508
0.311233
0.30876
0.30614
0.303417
0.300631
0.297817
0.295007
0.29223
0.289519
0.286911
0.284455
0.282213
0.280258
0.278662
0.277478
0.276717
0.276331
0.276211
0.276197
0.276099
0.275716
0.274849
0.273301
0.270867
0.267347
0.262555
0.256365
0.248752
0.239837
0.229898
0.219352
0.208707
0.19848
0.189116
0.180926
0.174056
0.1685
0.164133
0.160769
0.158205
0.156256
0.154771
0.153634
0.152758
0.152082
0.151553
0.15117
0.150699
0.226745
0.225965
0.2252
0.224458
0.223751
0.223091
0.222491
0.221963
0.221521
0.221175
0.220938
0.220817
0.220819
0.220951
0.22122
0.221633
0.222198
0.222925
0.223821
0.224896
0.22616
0.227624
0.229301
0.231204
0.233351
0.23576
0.238448
0.241434
0.24473
0.248345
0.252279
0.256518
0.261035
0.265786
0.270711
0.275729
0.280745
0.285649
0.290329
0.29467
0.298568
0.301939
0.304722
0.30688
0.308407
0.309315
0.309639
0.309423
0.308722
0.307593
0.306096
0.304288
0.302224
0.299953
0.297523
0.294975
0.292345
0.289668
0.286974
0.284289
0.281643
0.279069
0.276609
0.274321
0.272274
0.270544
0.269197
0.268265
0.267725
0.267496
0.267442
0.267391
0.267158
0.266558
0.265405
0.263503
0.260651
0.256651
0.251346
0.244668
0.236682
0.227612
0.217827
0.207799
0.198031
0.188976
0.180965
0.174179
0.168642
0.164262
0.160872
0.158281
0.15631
0.154807
0.153656
0.152769
0.152084
0.151545
0.151155
0.150673
0.226893
0.226133
0.225386
0.224661
0.223967
0.223313
0.222711
0.222173
0.221711
0.221335
0.221057
0.220884
0.220826
0.220889
0.221079
0.221403
0.221867
0.22248
0.223248
0.224181
0.225288
0.226579
0.228066
0.229762
0.23168
0.233835
0.23624
0.238909
0.241851
0.245071
0.248567
0.252326
0.256325
0.260526
0.264877
0.269313
0.273753
0.278107
0.282277
0.286169
0.289691
0.292769
0.295344
0.297379
0.29886
0.299792
0.300195
0.300103
0.299558
0.298609
0.297303
0.295692
0.293824
0.291743
0.289493
0.287113
0.284637
0.282097
0.279523
0.276939
0.274372
0.271851
0.269415
0.267113
0.265011
0.263188
0.261714
0.260637
0.259959
0.259619
0.259505
0.259463
0.259323
0.258913
0.258061
0.256586
0.25429
0.250971
0.24645
0.240621
0.233499
0.225253
0.216204
0.206787
0.197486
0.188752
0.180936
0.174247
0.168741
0.164354
0.160942
0.158326
0.156333
0.154814
0.153651
0.152755
0.152061
0.151516
0.15112
0.150629
0.226956
0.226205
0.225466
0.224747
0.224054
0.223396
0.222783
0.222225
0.221734
0.221318
0.220988
0.220753
0.220622
0.220601
0.220699
0.220921
0.221274
0.221765
0.222401
0.223189
0.224138
0.225257
0.226558
0.22805
0.229745
0.231656
0.233793
0.236167
0.238784
0.241646
0.244751
0.248088
0.251635
0.25536
0.25922
0.263159
0.267109
0.270993
0.274731
0.278239
0.281439
0.284262
0.286654
0.288578
0.290015
0.290963
0.291432
0.291447
0.29104
0.29025
0.289117
0.287686
0.285998
0.284094
0.282014
0.279794
0.277467
0.275063
0.27261
0.270132
0.267653
0.265201
0.262807
0.260517
0.258393
0.25651
0.254943
0.253752
0.252955
0.252514
0.252334
0.252277
0.252187
0.251906
0.251276
0.250132
0.248287
0.245541
0.241701
0.236631
0.230302
0.222831
0.214489
0.205672
0.19684
0.18844
0.180835
0.174257
0.168794
0.164409
0.160979
0.15834
0.156328
0.154793
0.153619
0.152714
0.152014
0.151464
0.151063
0.150566
0.226978
0.22623
0.225494
0.224773
0.224076
0.223408
0.222779
0.222198
0.221673
0.221214
0.22083
0.22053
0.220323
0.220216
0.220217
0.220332
0.220569
0.220934
0.221434
0.222076
0.222868
0.223818
0.224937
0.226232
0.227714
0.229393
0.231278
0.233376
0.235694
0.238232
0.240986
0.243947
0.247096
0.250406
0.253839
0.257347
0.260873
0.264353
0.267715
0.270888
0.273804
0.276401
0.278628
0.280448
0.281839
0.282793
0.283315
0.283419
0.283132
0.282482
0.281504
0.280235
0.278712
0.276973
0.275052
0.272984
0.270799
0.268527
0.266194
0.263824
0.261439
0.259063
0.256727
0.254469
0.252348
0.250433
0.248805
0.247528
0.246636
0.246107
0.245863
0.245781
0.245715
0.245517
0.245043
0.244147
0.242657
0.240382
0.237123
0.232722
0.227111
0.22036
0.212692
0.204459
0.196097
0.18804
0.18066
0.17421
0.168802
0.164427
0.160985
0.158327
0.156295
0.154745
0.15356
0.152648
0.151944
0.151389
0.150986
0.150485
0.226984
0.226236
0.225498
0.224773
0.224069
0.223389
0.222743
0.222136
0.221579
0.221078
0.220642
0.22028
0.22
0.219809
0.219716
0.219727
0.219849
0.22009
0.220456
0.220954
0.221592
0.222378
0.22332
0.224425
0.225704
0.227164
0.228812
0.230655
0.232698
0.23494
0.237378
0.240002
0.242797
0.245739
0.248795
0.251925
0.255079
0.258202
0.261233
0.264109
0.266771
0.269161
0.271235
0.272954
0.274296
0.275247
0.275807
0.275985
0.275799
0.275271
0.27443
0.273308
0.271935
0.270347
0.268574
0.266648
0.264599
0.262454
0.260239
0.257975
0.255686
0.253393
0.251123
0.248912
0.246812
0.24489
0.243224
0.241887
0.240923
0.240323
0.240025
0.239916
0.239857
0.239711
0.239345
0.238628
0.237411
0.235513
0.232739
0.228917
0.223948
0.217859
0.210825
0.203159
0.195261
0.187556
0.180414
0.174105
0.168765
0.16441
0.160961
0.158287
0.156237
0.154674
0.153478
0.15256
0.151851
0.151294
0.150889
0.150385
0.226983
0.226234
0.225492
0.224763
0.22405
0.223359
0.222695
0.222066
0.221477
0.220938
0.220454
0.220035
0.219688
0.21942
0.21924
0.219153
0.219168
0.219291
0.219529
0.219891
0.220382
0.22101
0.221783
0.222709
0.223795
0.225048
0.226475
0.228082
0.229871
0.231842
0.233992
0.236313
0.238789
0.241402
0.244122
0.246914
0.249736
0.25254
0.255274
0.257882
0.260311
0.262512
0.264439
0.26606
0.267347
0.268286
0.268872
0.269109
0.269007
0.268584
0.267864
0.266872
0.265635
0.264184
0.262548
0.260756
0.258835
0.256811
0.254708
0.25255
0.250356
0.248148
0.245951
0.243795
0.24173
0.239817
0.238135
0.23676
0.235743
0.23509
0.234749
0.234616
0.234561
0.234447
0.234154
0.233565
0.232548
0.230945
0.228569
0.22524
0.220837
0.215349
0.208908
0.201783
0.194343
0.186992
0.1801
0.173945
0.168686
0.164361
0.160912
0.158224
0.156159
0.154582
0.153377
0.152452
0.151739
0.151179
0.150773
0.15027
0.22698
0.226228
0.225483
0.224749
0.224028
0.223325
0.222646
0.221995
0.22138
0.220806
0.22028
0.21981
0.219403
0.219066
0.218807
0.218631
0.218548
0.218563
0.218683
0.218917
0.21927
0.219751
0.220366
0.221123
0.222029
0.22309
0.224311
0.225698
0.227253
0.228976
0.230863
0.232907
0.235095
0.23741
0.239827
0.242314
0.244837
0.247353
0.249817
0.252179
0.254394
0.256416
0.258205
0.259726
0.260955
0.261873
0.262473
0.262754
0.262722
0.262389
0.261773
0.260896
0.259782
0.258457
0.256946
0.255277
0.253475
0.251566
0.249572
0.247515
0.245415
0.243293
0.24117
0.239076
0.237054
0.235164
0.233481
0.232083
0.231031
0.230339
0.229967
0.229819
0.229767
0.229679
0.229436
0.228935
0.228065
0.226687
0.224629
0.221713
0.217802
0.212854
0.20696
0.200349
0.193354
0.186358
0.179723
0.173734
0.168567
0.164281
0.16084
0.158143
0.156064
0.154474
0.153259
0.152328
0.151611
0.15105
0.150644
0.15014
0.226975
0.226221
0.225473
0.224733
0.224005
0.223292
0.222598
0.221929
0.22129
0.220686
0.220123
0.219609
0.219149
0.218751
0.218421
0.218167
0.217995
0.217912
0.217926
0.218043
0.21827
0.218615
0.219085
0.219685
0.220424
0.221306
0.222337
0.223522
0.224861
0.226355
0.228002
0.229793
0.231718
0.233762
0.235903
0.238114
0.240364
0.242617
0.244833
0.246969
0.248984
0.250838
0.252492
0.253915
0.255081
0.255972
0.256575
0.256888
0.256911
0.256653
0.256128
0.255353
0.254348
0.253135
0.251739
0.250184
0.248494
0.246692
0.2448
0.24284
0.240831
0.238793
0.236745
0.234716
0.232744
0.230885
0.229212
0.227805
0.22673
0.226012
0.22562
0.225465
0.225421
0.225355
0.225151
0.224714
0.223949
0.222738
0.220931
0.218355
0.214866
0.210397
0.205003
0.198874
0.192309
0.185663
0.17929
0.173477
0.168413
0.164176
0.160748
0.158047
0.155956
0.154354
0.15313
0.152192
0.151472
0.15091
0.150502
0.15
0.226968
0.226212
0.225461
0.224716
0.223981
0.223259
0.222553
0.221868
0.221207
0.220577
0.219983
0.219429
0.218924
0.218472
0.218081
0.217757
0.217506
0.217337
0.217254
0.217266
0.217379
0.2176
0.217937
0.218394
0.218979
0.219697
0.220553
0.221551
0.222692
0.223977
0.225402
0.226962
0.228647
0.230443
0.232332
0.23429
0.236291
0.238302
0.24029
0.242217
0.244045
0.245739
0.247264
0.248589
0.24969
0.250546
0.251144
0.251477
0.251543
0.251348
0.2509
0.250213
0.249304
0.248193
0.246901
0.24545
0.243863
0.242161
0.240366
0.238498
0.236576
0.234619
0.232646
0.230682
0.228763
0.226941
0.225287
0.22388
0.222792
0.222056
0.221653
0.221498
0.221469
0.221428
0.221259
0.22087
0.22018
0.219094
0.21748
0.215181
0.212049
0.208
0.203059
0.197379
0.191222
0.18492
0.17881
0.17318
0.168228
0.164047
0.16064
0.157939
0.155839
0.154226
0.152993
0.152049
0.151325
0.150761
0.150354
0.149853
0.226961
0.226203
0.225448
0.224699
0.223958
0.223227
0.22251
0.221811
0.221132
0.220479
0.219856
0.21927
0.218724
0.218226
0.217781
0.217395
0.217075
0.216828
0.21666
0.216578
0.216588
0.216698
0.216913
0.21724
0.217685
0.218253
0.218949
0.219776
0.220736
0.221829
0.223051
0.2244
0.225864
0.227434
0.229092
0.230818
0.23259
0.234379
0.236156
0.237888
0.239541
0.241083
0.242483
0.243712
0.244744
0.245561
0.246145
0.246489
0.246588
0.246443
0.24606
0.24545
0.244626
0.243605
0.242407
0.241051
0.239558
0.237949
0.236244
0.234463
0.232624
0.230745
0.228845
0.226947
0.225082
0.223301
0.22167
0.22027
0.219175
0.218429
0.21802
0.217872
0.217862
0.217851
0.217717
0.217369
0.216737
0.215743
0.214278
0.2122
0.209367
0.205684
0.201148
0.19588
0.190109
0.184139
0.178291
0.172848
0.168014
0.163899
0.160519
0.157822
0.155716
0.154093
0.152851
0.151902
0.151174
0.150609
0.150201
0.149701
0.226953
0.226193
0.225435
0.224682
0.223935
0.223196
0.222469
0.221757
0.221062
0.220389
0.219742
0.219126
0.218546
0.218007
0.217515
0.217076
0.216695
0.216379
0.216135
0.215969
0.215887
0.215896
0.216002
0.216212
0.21653
0.216961
0.217511
0.218182
0.218976
0.219893
0.220931
0.222085
0.223348
0.22471
0.226157
0.227671
0.229232
0.230817
0.232398
0.233948
0.235437
0.236836
0.238116
0.239249
0.240212
0.240984
0.241549
0.241895
0.242016
0.241911
0.241582
0.241037
0.240286
0.239346
0.238231
0.236961
0.235554
0.234031
0.23241
0.230711
0.22895
0.227147
0.225317
0.223483
0.221673
0.219935
0.218331
0.216942
0.215846
0.215093
0.214681
0.214542
0.214557
0.214581
0.214486
0.214179
0.213594
0.212669
0.211318
0.209417
0.206833
0.203464
0.199288
0.194397
0.188986
0.183334
0.177742
0.172487
0.167778
0.163733
0.160386
0.157697
0.155588
0.153957
0.152708
0.151752
0.151021
0.150454
0.150046
0.149548
0.226944
0.226182
0.225421
0.224663
0.223911
0.223166
0.22243
0.221706
0.220997
0.220307
0.219639
0.218998
0.218387
0.217812
0.217279
0.216792
0.216358
0.215982
0.215671
0.21543
0.215266
0.215185
0.215193
0.215296
0.215499
0.215807
0.216224
0.216753
0.217396
0.218152
0.219021
0.219999
0.221078
0.22225
0.223503
0.224822
0.226189
0.227585
0.228985
0.230366
0.231701
0.232964
0.234128
0.235167
0.236059
0.236784
0.237323
0.237664
0.237799
0.237723
0.237437
0.236947
0.23626
0.235389
0.234348
0.233155
0.231827
0.230383
0.22884
0.227218
0.225532
0.2238
0.222039
0.220267
0.218513
0.216819
0.215245
0.21387
0.212774
0.212016
0.211602
0.211474
0.211515
0.211578
0.211527
0.211262
0.210721
0.209853
0.20859
0.20683
0.204452
0.201351
0.197494
0.192942
0.187866
0.182514
0.177171
0.172102
0.167519
0.16355
0.16024
0.157565
0.155455
0.153818
0.152561
0.1516
0.150866
0.150297
0.149889
0.149392
0.226935
0.22617
0.225406
0.224645
0.223887
0.223136
0.222392
0.221658
0.220937
0.220231
0.219545
0.218881
0.218244
0.217638
0.217069
0.216541
0.216059
0.21563
0.215259
0.214952
0.214715
0.214553
0.214473
0.214481
0.21458
0.214776
0.215073
0.215473
0.215979
0.21659
0.217305
0.21812
0.219031
0.22003
0.221105
0.222246
0.223435
0.224656
0.225889
0.227112
0.228302
0.229435
0.230487
0.231435
0.232255
0.232929
0.233437
0.233766
0.233906
0.23385
0.233598
0.233151
0.232518
0.231707
0.230733
0.229609
0.228353
0.226981
0.225512
0.223962
0.222348
0.220686
0.21899
0.217281
0.215581
0.213931
0.212388
0.211029
0.209935
0.209171
0.208754
0.208635
0.208702
0.208806
0.208802
0.208584
0.208086
0.207268
0.206076
0.20443
0.202221
0.199351
0.195772
0.191527
0.186758
0.181688
0.176582
0.171696
0.16724
0.16335
0.160081
0.157422
0.155313
0.153672
0.15241
0.151444
0.150707
0.150137
0.149728
0.149233
0.226924
0.226157
0.22539
0.224626
0.223864
0.223106
0.222355
0.221613
0.22088
0.220161
0.219458
0.218774
0.218114
0.217482
0.216881
0.216316
0.215793
0.215317
0.214894
0.214528
0.214226
0.213993
0.213834
0.213756
0.213762
0.213857
0.214046
0.214329
0.21471
0.215189
0.215764
0.216432
0.21719
0.218029
0.218942
0.219918
0.220943
0.222003
0.22308
0.224155
0.225208
0.226218
0.227162
0.228019
0.228767
0.229385
0.229857
0.230167
0.230304
0.23026
0.230031
0.22962
0.22903
0.228272
0.227355
0.226294
0.225105
0.223802
0.222403
0.220923
0.219379
0.217784
0.216154
0.214505
0.212861
0.211255
0.209743
0.208399
0.207306
0.206533
0.206109
0.205995
0.206083
0.206226
0.206272
0.206104
0.205653
0.204881
0.203751
0.202198
0.200131
0.197457
0.194123
0.190153
0.185665
0.180858
0.175976
0.171267
0.166937
0.163126
0.159901
0.157261
0.155157
0.153514
0.152247
0.151277
0.150537
0.149966
0.149558
0.149065
0.226914
0.226144
0.225375
0.224606
0.22384
0.223078
0.22232
0.221569
0.220827
0.220096
0.219378
0.218678
0.217997
0.217341
0.216712
0.216116
0.215557
0.215039
0.214569
0.214152
0.213792
0.213495
0.213266
0.213111
0.213034
0.213039
0.213129
0.213308
0.213576
0.213935
0.214382
0.214917
0.215534
0.216229
0.216993
0.217817
0.21869
0.219599
0.22053
0.221466
0.222389
0.223279
0.224118
0.224884
0.225557
0.226118
0.226547
0.226831
0.226956
0.226914
0.226701
0.226316
0.225764
0.22505
0.224187
0.223185
0.222059
0.220823
0.219493
0.218083
0.216607
0.21508
0.213515
0.211927
0.210337
0.208775
0.207294
0.205963
0.204867
0.204081
0.203642
0.203522
0.203624
0.203801
0.203895
0.203779
0.203377
0.202651
0.201575
0.200102
0.198156
0.195651
0.192533
0.18881
0.184579
0.180015
0.175346
0.170805
0.166598
0.162867
0.159688
0.15707
0.154973
0.15333
0.15206
0.151087
0.150346
0.149775
0.149367
0.148877
0.226902
0.226131
0.225359
0.224587
0.223817
0.22305
0.222286
0.221528
0.220777
0.220035
0.219305
0.218589
0.217891
0.217213
0.216561
0.215937
0.215346
0.214792
0.214281
0.213818
0.213407
0.213054
0.212763
0.212539
0.212388
0.212311
0.212314
0.212398
0.212564
0.212814
0.213146
0.213558
0.214047
0.214608
0.215234
0.215918
0.216649
0.217418
0.21821
0.219012
0.219809
0.220583
0.221317
0.22199
0.222584
0.223081
0.223461
0.223711
0.223817
0.22377
0.223565
0.223201
0.222681
0.22201
0.221198
0.220255
0.219193
0.218026
0.216766
0.215428
0.214023
0.212565
0.211065
0.209536
0.207998
0.206478
0.205023
0.203701
0.202596
0.201787
0.20132
0.201181
0.201283
0.201482
0.201618
0.201553
0.201201
0.200523
0.199498
0.198095
0.196254
0.193898
0.190972
0.187473
0.183477
0.17914
0.17467
0.170291
0.166203
0.162552
0.15942
0.156826
0.154739
0.153098
0.151828
0.150854
0.150112
0.149542
0.149135
0.148649
0.226891
0.226118
0.225343
0.224568
0.223795
0.223023
0.222254
0.221489
0.22073
0.219979
0.219237
0.218508
0.217795
0.217099
0.216425
0.215777
0.215158
0.214572
0.214026
0.213522
0.213066
0.212663
0.212317
0.212033
0.211814
0.211665
0.211589
0.211587
0.211661
0.211812
0.212038
0.212339
0.212709
0.213146
0.213644
0.214195
0.214791
0.215424
0.216083
0.216754
0.217426
0.218082
0.218707
0.219284
0.219793
0.220219
0.220543
0.220752
0.220833
0.220776
0.220577
0.220233
0.219746
0.219121
0.218365
0.217486
0.216494
0.215401
0.214217
0.212953
0.211621
0.210231
0.208795
0.207323
0.205832
0.204347
0.202912
0.20159
0.200464
0.199617
0.199105
0.198926
0.199007
0.199211
0.199376
0.199354
0.19905
0.198419
0.197444
0.196106
0.194359
0.192139
0.189387
0.186093
0.182317
0.178192
0.173911
0.169687
0.165714
0.162143
0.159061
0.156495
0.154421
0.152785
0.151517
0.150544
0.149804
0.149236
0.148833
0.148351
0.22688
0.226104
0.225328
0.22455
0.223773
0.222997
0.222223
0.221452
0.220686
0.219927
0.219176
0.218435
0.217707
0.216996
0.216303
0.215634
0.21499
0.214377
0.213799
0.21326
0.212764
0.212317
0.211922
0.211583
0.211305
0.211091
0.210943
0.210864
0.210853
0.210913
0.211041
0.211237
0.211496
0.211815
0.212189
0.212611
0.213076
0.213575
0.214099
0.214638
0.21518
0.215713
0.216223
0.216695
0.217113
0.217461
0.217724
0.217889
0.217944
0.217881
0.217693
0.217378
0.216935
0.216367
0.215678
0.214874
0.213962
0.21295
0.211846
0.210659
0.209398
0.208073
0.206694
0.205269
0.203815
0.202354
0.200924
0.199586
0.198421
0.197515
0.196932
0.196686
0.196718
0.196902
0.197075
0.197084
0.196821
0.196234
0.195308
0.194032
0.192375
0.190281
0.187694
0.184595
0.181026
0.177104
0.173006
0.168932
0.165075
0.161585
0.158556
0.156021
0.153965
0.152339
0.151077
0.150109
0.149373
0.14881
0.14841
0.147935
0.22687
0.226092
0.225313
0.224533
0.223753
0.222973
0.222195
0.221419
0.220647
0.21988
0.21912
0.218369
0.217629
0.216904
0.216195
0.215506
0.214841
0.214204
0.213598
0.213027
0.212496
0.212009
0.21157
0.211182
0.21085
0.210575
0.210361
0.210209
0.210119
0.210092
0.210126
0.21022
0.210369
0.210571
0.210821
0.211113
0.211442
0.211802
0.212184
0.212582
0.212986
0.213386
0.213773
0.214132
0.214454
0.214723
0.214929
0.215058
0.2151
0.215046
0.214889
0.214623
0.214245
0.213753
0.213149
0.212432
0.211607
0.210679
0.209653
0.208537
0.207338
0.206064
0.204725
0.20333
0.201892
0.200433
0.198986
0.19761
0.196381
0.195387
0.194702
0.194354
0.194301
0.19443
0.194585
0.194606
0.194373
0.193825
0.192946
0.191733
0.190166
0.188197
0.185772
0.182862
0.179497
0.175776
0.171858
0.167936
0.164197
0.160793
0.157822
0.155326
0.153294
0.151684
0.150432
0.149473
0.148745
0.14819
0.147797
0.147332
0.226861
0.226081
0.2253
0.224517
0.223734
0.222951
0.222168
0.221388
0.22061
0.219836
0.219068
0.218308
0.217557
0.216819
0.216096
0.21539
0.214706
0.214046
0.213414
0.212814
0.21225
0.211726
0.211245
0.21081
0.210425
0.210093
0.209814
0.209589
0.20942
0.209305
0.209242
0.20923
0.209265
0.209343
0.20946
0.209611
0.209793
0.209999
0.210226
0.210469
0.210723
0.210982
0.211239
0.211488
0.21172
0.211926
0.212096
0.212217
0.212279
0.212269
0.212177
0.211991
0.211704
0.211307
0.210797
0.21017
0.209427
0.20857
0.207604
0.206534
0.205369
0.204117
0.202787
0.201389
0.199936
0.198448
0.196955
0.19551
0.194186
0.193072
0.192249
0.19176
0.191582
0.19162
0.191724
0.191732
0.191515
0.191001
0.19017
0.189024
0.187551
0.185713
0.183455
0.180742
0.177585
0.174069
0.170337
0.166572
0.162958
0.159649
0.156747
0.154298
0.152299
0.150712
0.149479
0.148535
0.14782
0.147277
0.146894
0.146441
0.226853
0.226072
0.225288
0.224503
0.223717
0.22293
0.222143
0.221357
0.220573
0.219792
0.219016
0.218246
0.217485
0.216734
0.215995
0.215272
0.214568
0.213885
0.213227
0.212598
0.212
0.211437
0.210912
0.210428
0.209987
0.209591
0.209242
0.208939
0.208681
0.208468
0.208298
0.208166
0.208071
0.208007
0.207973
0.207963
0.207977
0.208012
0.208068
0.208144
0.208242
0.208362
0.208504
0.208667
0.208846
0.209033
0.209217
0.209384
0.209516
0.209595
0.209601
0.209517
0.209328
0.209021
0.208587
0.208021
0.207322
0.206493
0.205539
0.204467
0.203287
0.20201
0.200644
0.199202
0.197696
0.196143
0.194572
0.193029
0.191582
0.190319
0.189325
0.18866
0.18832
0.188229
0.18825
0.188222
0.188006
0.187522
0.186743
0.185674
0.184309
0.182617
0.180542
0.178037
0.175103
0.171803
0.16827
0.164675
0.1612
0.157999
0.155178
0.15279
0.150836
0.149284
0.148078
0.147156
0.14646
0.145933
0.145564
0.145127
0.226842
0.226057
0.22527
0.224481
0.22369
0.222898
0.222105
0.221312
0.22052
0.21973
0.218944
0.218162
0.217386
0.216618
0.215861
0.215116
0.214387
0.213676
0.212986
0.212319
0.211679
0.211068
0.210489
0.209944
0.209434
0.208961
0.208524
0.208123
0.207757
0.207424
0.20712
0.206843
0.20659
0.206357
0.206143
0.205949
0.205775
0.205625
0.205506
0.205426
0.205392
0.205414
0.205495
0.205637
0.205835
0.206077
0.206343
0.206609
0.206846
0.207027
0.207124
0.207112
0.206972
0.206691
0.20626
0.205677
0.204944
0.204066
0.203053
0.201914
0.200662
0.199308
0.197864
0.196342
0.194753
0.193114
0.191446
0.18979
0.188208
0.186781
0.185601
0.184738
0.184211
0.183967
0.183882
0.1838
0.183579
0.183127
0.182412
0.181437
0.180202
0.178678
0.176807
0.174533
0.17184
0.168775
0.165457
0.162051
0.158732
0.155656
0.152933
0.150621
0.148727
0.14722
0.146051
0.14516
0.14449
0.143984
0.143632
0.143217
0.226809
0.226018
0.225223
0.224425
0.223625
0.222822
0.222017
0.22121
0.220403
0.219596
0.21879
0.217987
0.217187
0.216393
0.215605
0.214827
0.214059
0.213305
0.212566
0.211846
0.211145
0.210466
0.209811
0.20918
0.208576
0.207996
0.207442
0.206912
0.206404
0.205914
0.205442
0.204984
0.20454
0.204109
0.203696
0.203305
0.202946
0.202631
0.202374
0.202193
0.202099
0.202104
0.20221
0.20241
0.20269
0.203024
0.203377
0.203714
0.203997
0.20419
0.204266
0.204203
0.203986
0.203607
0.203065
0.202364
0.201511
0.200516
0.199392
0.198149
0.196802
0.195362
0.193839
0.192244
0.190587
0.188878
0.187135
0.18539
0.183694
0.182124
0.180772
0.17972
0.179008
0.178606
0.17841
0.178274
0.17805
0.177639
0.177003
0.176143
0.17506
0.173727
0.17208
0.170054
0.167615
0.164799
0.161709
0.158503
0.155355
0.15242
0.149811
0.14759
0.145768
0.144319
0.143197
0.142343
0.141704
0.141224
0.140893
0.1405
0.226678
0.22587
0.225056
0.224238
0.223415
0.222588
0.221757
0.220922
0.220084
0.219243
0.218401
0.217557
0.216713
0.215871
0.21503
0.214194
0.213363
0.212538
0.211722
0.210915
0.21012
0.209337
0.208567
0.20781
0.207067
0.206337
0.205619
0.204912
0.204214
0.203526
0.202846
0.202177
0.201523
0.200891
0.200291
0.199738
0.199247
0.198836
0.198524
0.198323
0.198242
0.198279
0.198423
0.198652
0.198936
0.199237
0.199515
0.199733
0.19986
0.19987
0.199747
0.199483
0.199075
0.198524
0.197835
0.197016
0.196076
0.195022
0.193865
0.192612
0.191272
0.189851
0.188355
0.18679
0.18516
0.18347
0.181731
0.179966
0.178216
0.176552
0.175068
0.173857
0.172979
0.172429
0.172124
0.171926
0.171688
0.171306
0.170736
0.169978
0.169035
0.167877
0.166435
0.164632
0.162423
0.15983
0.156949
0.15393
0.150945
0.148149
0.145656
0.14353
0.141785
0.140399
0.139326
0.138513
0.137905
0.13745
0.137139
0.136768
0.226262
0.225414
0.224559
0.223697
0.222827
0.221951
0.221068
0.220178
0.219281
0.218378
0.217468
0.216553
0.215632
0.214707
0.213778
0.212846
0.211911
0.210975
0.210039
0.209102
0.208167
0.207233
0.206302
0.205373
0.204448
0.203526
0.20261
0.2017
0.200798
0.19991
0.19904
0.198195
0.197387
0.196627
0.195928
0.195305
0.194769
0.194331
0.193996
0.193764
0.193625
0.193568
0.193572
0.193615
0.193675
0.19373
0.19376
0.193753
0.193699
0.193594
0.193435
0.19322
0.192942
0.192597
0.192175
0.191667
0.191064
0.190358
0.189542
0.188611
0.18756
0.186388
0.185094
0.183683
0.182149
0.18049
0.178722
0.176872
0.174989
0.173141
0.171424
0.169943
0.168774
0.167933
0.167354
0.166909
0.166456
0.165894
0.165181
0.164322
0.163324
0.162154
0.160735
0.158981
0.156839
0.154324
0.151528
0.148596
0.145696
0.14298
0.14056
0.138497
0.136805
0.135461
0.134421
0.133631
0.133042
0.1326
0.132298
0.131934
0.225235
0.224319
0.223394
0.222458
0.221512
0.220556
0.21959
0.218612
0.217624
0.216625
0.215615
0.214594
0.213563
0.212522
0.211471
0.21041
0.209342
0.208267
0.207186
0.206101
0.205015
0.20393
0.20285
0.201779
0.200723
0.199688
0.198682
0.197715
0.196799
0.195946
0.195172
0.194492
0.193923
0.19348
0.19318
0.193037
0.193066
0.193277
0.193683
0.194289
0.195099
0.196111
0.197316
0.198698
0.200235
0.201902
0.203671
0.205513
0.207395
0.209273
0.211092
0.21279
0.214302
0.215563
0.216513
0.217107
0.217316
0.217119
0.216502
0.215458
0.213995
0.212137
0.209914
0.207358
0.204516
0.201437
0.198162
0.194734
0.191219
0.187708
0.184319
0.181175
0.178369
0.175924
0.173781
0.171824
0.169932
0.168031
0.166107
0.164184
0.162265
0.160306
0.158213
0.155885
0.153258
0.150344
0.147229
0.144053
0.140973
0.138128
0.135615
0.133482
0.131735
0.130346
0.129265
0.128438
0.127813
0.127336
0.127007
0.126603
0.224266
0.223317
0.22236
0.221396
0.220425
0.219447
0.218465
0.217479
0.21649
0.215501
0.214514
0.213533
0.21256
0.2116
0.210658
0.209742
0.208859
0.208017
0.207228
0.206505
0.205863
0.20532
0.204899
0.204624
0.204527
0.204645
0.205022
0.20571
0.20677
0.208273
0.210299
0.212937
0.216279
0.220423
0.22546
0.231473
0.238523
0.246645
0.255832
0.266031
0.277134
0.288973
0.30133
0.313943
0.326523
0.338778
0.350442
0.361234
0.370871
0.379103
0.385726
0.390592
0.39361
0.394759
0.394027
0.391669
0.387878
0.382725
0.376287
0.368667
0.360002
0.350435
0.340129
0.32925
0.317967
0.306442
0.294833
0.28329
0.271963
0.261001
0.250545
0.240709
0.231553
0.223065
0.215178
0.207807
0.20089
0.194417
0.188414
0.182897
0.177829
0.173108
0.168593
0.164152
0.159705
0.155255
0.150873
0.146672
0.142775
0.13928
0.136249
0.133698
0.131605
0.129924
0.128594
0.12755
0.126737
0.126094
0.125631
0.125053
0.247191
0.247459
0.247789
0.248188
0.248665
0.249228
0.249887
0.250653
0.251538
0.252557
0.253723
0.255054
0.25657
0.25829
0.260239
0.262441
0.264926
0.267724
0.270872
0.274408
0.278376
0.282826
0.287812
0.293396
0.299647
0.306644
0.314472
0.323231
0.333031
0.343995
0.356257
0.369968
0.385286
0.402382
0.421424
0.442575
0.465971
0.491701
0.519775
0.550089
0.582385
0.616212
0.650899
0.685547
0.719043
0.750132
0.777568
0.799616
0.815029
0.823345
0.824622
0.819298
0.808092
0.791893
0.771723
0.748318
0.722448
0.694953
0.666561
0.63784
0.609206
0.580956
0.553298
0.52638
0.500313
0.47518
0.451055
0.428007
0.406098
0.385376
0.365861
0.347534
0.330335
0.314185
0.299013
0.284791
0.271536
0.259286
0.248066
0.237844
0.22852
0.219948
0.211972
0.204475
0.1974
0.190751
0.184576
0.178942
0.173906
0.169502
0.165727
0.162551
0.159918
0.157757
0.155995
0.154561
0.153397
0.152434
0.151711
0.150788
0.545925
0.550646
0.555205
0.55959
0.563791
0.567795
0.571592
0.575169
0.578513
0.581608
0.584438
0.586984
0.589227
0.591143
0.592708
0.593893
0.594668
0.594997
0.594841
0.594159
0.592901
0.591018
0.588451
0.585141
0.581021
0.576025
0.570082
0.563123
0.555083
0.545905
0.535547
0.52399
0.511247
0.49738
0.482506
0.466818
0.450592
0.434194
0.418077
0.402762
0.388807
0.376751
0.367055
0.36003
0.355795
0.354216
0.354825
0.35789
0.362914
0.3688
0.374553
0.379462
0.383106
0.38531
0.386087
0.385554
0.383879
0.381261
0.377899
0.37397
0.369622
0.364973
0.360121
0.355153
0.350153
0.345208
0.340402
0.335818
0.331519
0.327551
0.323937
0.32068
0.317778
0.315229
0.313035
0.311201
0.309723
0.30858
0.307732
0.307124
0.306694
0.306391
0.306177
0.306029
0.305939
0.305905
0.305929
0.306008
0.306136
0.306306
0.306505
0.306723
0.306947
0.307168
0.30738
0.307576
0.307754
0.307913
0.308042
0.308188
0.124941
0.175359
0.194201
0.187449
0.163849
0.131991
0.177524
0.343046
0.521555
0.686578
0.835315
0.968382
1.08674
1.19099
1.28137
1.35794
1.42091
1.47082
1.50862
1.5356
1.55327
1.56323
1.56717
1.56673
1.56352
1.559
1.55439
1.54993
1.54624
1.54394
1.54345
1.54503
1.54876
1.5545
1.56185
1.57
1.57767
1.58293
1.5832
1.57549
1.55726
1.52802
1.49168
1.45734
1.41929
1.37327
1.32028
1.26288
1.20376
1.14519
1.08879
1.03558
0.98609
0.940456
0.898595
0.860292
0.825265
0.793215
0.763848
0.736881
0.712046
0.689086
0.66775
0.647786
0.628934
0.61093
0.593499
0.576363
0.559245
0.541878
0.524021
0.505475
0.486109
0.465884
0.444892
0.423396
0.401867
0.380982
0.361515
0.344285
0.330076
0.319352
0.312062
0.30768
0.305417
0.304483
0.304265
0.304379
0.304628
0.304929
0.305248
0.305569
0.305882
0.30618
0.306456
0.306709
0.306937
0.307144
0.307317
0.307533
0.280076
0.45165
0.473366
0.467781
0.514155
0.639542
0.82125
1.01776
1.20611
1.39251
1.58433
1.78572
1.99692
2.21407
2.43027
2.6371
2.82646
2.99192
3.1294
3.23719
3.31557
3.3662
3.39156
3.3946
3.37833
3.34564
3.29959
3.24485
3.18482
3.12219
3.05944
2.99905
2.94344
2.89492
2.85552
2.82667
2.80881
2.80078
2.79935
2.79906
2.79283
2.77339
2.73359
2.66894
2.57894
2.46677
2.33851
2.20164
2.06333
1.92923
1.80304
1.68665
1.58067
1.48482
1.39838
1.32042
1.24995
1.18604
1.12782
1.0745
1.02537
0.979816
0.93725
0.897143
0.858997
0.82234
0.786718
0.751699
0.716868
0.681841
0.646276
0.609894
0.572509
0.534064
0.494664
0.454615
0.414454
0.374941
0.337002
0.301565
0.269395
0.241095
0.217094
0.197612
0.18258
0.171591
0.163941
0.158774
0.15527
0.152791
0.15093
0.14947
0.148316
0.147422
0.146751
0.146261
0.145908
0.14565
0.145487
0.145273
0.411434
0.749483
0.79641
0.828817
0.926827
1.08884
1.2808
1.48223
1.6988
1.9394
2.20571
2.49279
2.79107
3.08854
3.37295
3.63367
3.86298
4.0564
4.21243
4.33182
4.41678
4.47027
4.49547
4.49545
4.47303
4.4307
4.37066
4.29429
4.20312
4.09823
3.98077
3.85206
3.7136
3.56706
3.41418
3.25659
3.09574
2.93296
2.77042
2.61386
2.47651
2.38011
2.3331
2.31688
2.30154
2.26645
2.20577
2.12378
2.0286
1.928
1.82777
1.7315
1.64111
1.5573
1.48009
1.40912
1.34381
1.28355
1.2277
1.17566
1.12688
1.08085
1.0371
0.995193
0.954733
0.915333
0.876624
0.838248
0.799854
0.761105
0.721691
0.681341
0.639862
0.597168
0.553331
0.508614
0.463504
0.41871
0.375103
0.333644
0.295298
0.260931
0.231209
0.206505
0.186841
0.171863
0.160904
0.153108
0.147598
0.143622
0.140634
0.138297
0.136427
0.134932
0.13375
0.13283
0.132119
0.131562
0.131164
0.130649
0.499618
0.994447
1.09508
1.14942
1.24657
1.3959
1.58203
1.79828
2.04661
2.32453
2.62415
2.93536
3.24808
3.55298
3.84191
4.10813
4.34662
4.55412
4.72897
4.87083
4.98032
5.05868
5.10748
5.12841
5.12306
5.0929
5.03931
4.96331
4.86578
4.74739
4.60871
4.45022
4.27234
4.07534
3.85911
3.62285
3.36475
3.08203
2.77265
2.44214
2.11813
1.86157
1.73134
1.72017
1.76386
1.80394
1.81523
1.79656
1.75589
1.70202
1.64177
1.57961
1.51824
1.45909
1.40282
1.34963
1.29943
1.252
1.20703
1.16419
1.12313
1.08352
1.04507
1.00746
0.970449
0.933758
0.897143
0.860355
0.823146
0.785267
0.746473
0.706546
0.665312
0.622688
0.578722
0.533638
0.487878
0.442101
0.397168
0.354084
0.313897
0.277574
0.245877
0.219256
0.197792
0.181187
0.168826
0.159891
0.153517
0.148928
0.145526
0.142912
0.140851
0.139213
0.137917
0.136904
0.136119
0.135502
0.13506
0.134498
0.543189
1.12267
1.28411
1.37128
1.47211
1.61512
1.80112
2.02469
2.27905
2.55525
2.84448
3.13954
3.43468
3.72469
4.00437
4.26858
4.51251
4.73211
4.92428
5.08697
5.21908
5.32028
5.39084
5.43137
5.4427
5.42579
5.38157
5.31105
5.21505
5.09415
4.94868
4.77876
4.58415
4.36413
4.11716
3.84018
3.528
3.17337
2.76996
2.32304
1.87125
1.50076
1.30026
1.27207
1.3329
1.40253
1.44644
1.46119
1.45392
1.4325
1.40288
1.36897
1.33323
1.29708
1.26133
1.2264
1.19243
1.1594
1.12722
1.09572
1.06471
1.03398
1.00335
0.972617
0.941617
0.910189
0.878179
0.845436
0.811805
0.777121
0.741214
0.703917
0.665095
0.624673
0.582685
0.539326
0.494986
0.450282
0.406049
0.363287
0.323074
0.286441
0.254228
0.226971
0.204824
0.187551
0.174585
0.16515
0.158401
0.153561
0.150016
0.147338
0.145262
0.143634
0.142359
0.14137
0.140611
0.140021
0.139601
0.139079
0.555276
1.15192
1.36748
1.49951
1.62304
1.77253
1.95704
2.17223
2.40965
2.66138
2.92192
3.18787
3.45659
3.72502
3.98916
4.24428
4.48542
4.70784
4.9075
5.08125
5.22684
5.34289
5.42867
5.48402
5.50923
5.50476
5.47121
5.40932
5.3197
5.20275
5.05857
4.88683
4.6866
4.45597
4.19145
3.88707
3.53371
3.12002
2.63907
2.10699
1.59008
1.20025
1.01695
1.00788
1.07265
1.13837
1.18078
1.20028
1.20343
1.19617
1.18266
1.16552
1.14638
1.12622
1.10562
1.08487
1.06412
1.04336
1.02253
1.00152
0.980178
0.958343
0.935861
0.912586
0.888388
0.863156
0.83679
0.809197
0.780284
0.749949
0.71808
0.684559
0.649282
0.612188
0.573305
0.532798
0.491017
0.448533
0.406137
0.364811
0.325638
0.289679
0.257836
0.230712
0.208532
0.191127
0.177988
0.168383
0.1615
0.15658
0.153008
0.150347
0.148316
0.146747
0.145535
0.144607
0.143904
0.143367
0.14299
0.142531
0.538027
1.11961
1.3779
1.55739
1.71474
1.87842
2.05962
2.25788
2.46865
2.68811
2.91443
3.14694
3.38485
3.62632
3.86819
4.1062
4.33552
4.55126
4.74895
4.92481
5.07587
5.19994
5.29556
5.36196
5.39878
5.406
5.38381
5.33255
5.2525
5.14367
5.00565
4.83737
4.6367
4.39986
4.12058
3.78905
3.39182
2.91546
2.3609
1.7722
1.25492
0.92857
0.82349
0.854023
0.918646
0.969815
0.999515
1.01263
1.01514
1.01135
1.00393
0.994483
0.983931
0.972808
0.961392
0.949804
0.938057
0.926089
0.913786
0.900999
0.887559
0.87329
0.85802
0.84159
0.823861
0.804719
0.784071
0.761842
0.737963
0.712365
0.68497
0.655692
0.624452
0.591197
0.555949
0.51885
0.480213
0.440562
0.400645
0.361407
0.323916
0.289246
0.25833
0.231828
0.210029
0.192829
0.179779
0.170199
0.163318
0.158405
0.15486
0.152246
0.150279
0.148781
0.147641
0.146781
0.146139
0.145659
0.145327
0.144935
0.499954
1.054
1.34373
1.56522
1.75835
1.94075
2.1212
2.30282
2.48639
2.67284
2.86375
3.06078
3.26469
3.47481
3.68889
3.90337
4.11384
4.31561
4.50414
4.67534
4.82575
4.95263
5.05394
5.1283
5.17476
5.19273
5.18189
5.14205
5.07287
4.97371
4.84325
4.67913
4.47734
4.23138
3.93129
3.56294
3.11008
2.5646
1.95233
1.36219
0.926025
0.723443
0.706376
0.761376
0.816432
0.851888
0.869802
0.876192
0.875853
0.87184
0.865968
0.859277
0.852346
0.845465
0.838749
0.832196
0.825732
0.819227
0.812515
0.805406
0.79769
0.789154
0.779587
0.768789
0.756583
0.742821
0.72738
0.710168
0.691108
0.670133
0.647176
0.622164
0.595028
0.565719
0.534251
0.500743
0.465474
0.428923
0.391791
0.354982
0.319536
0.286517
0.256876
0.23131
0.21016
0.193381
0.180585
0.171148
0.164346
0.159485
0.155987
0.153427
0.151521
0.150088
0.149013
0.148214
0.147628
0.147199
0.146908
0.146575
0.449995
0.96962
1.28318
1.53733
1.76233
1.96531
2.15017
2.32089
2.48209
2.6388
2.79596
2.95763
3.12635
3.3028
3.48584
3.67279
3.85991
4.0429
4.21736
4.3791
4.52441
4.65012
4.75374
4.83327
4.88716
4.91423
4.9135
4.88401
4.8246
4.73351
4.60803
4.44382
4.23418
3.96908
3.63439
3.21302
2.69248
2.08628
1.46578
0.959434
0.675132
0.605059
0.642775
0.698182
0.738662
0.761459
0.771493
0.773632
0.771268
0.766557
0.760824
0.754868
0.749143
0.743872
0.739132
0.734893
0.731058
0.72748
0.723976
0.720336
0.716331
0.711721
0.706262
0.699714
0.691856
0.68249
0.671449
0.6586
0.643836
0.627069
0.608222
0.587218
0.563986
0.538474
0.510681
0.480706
0.448793
0.41538
0.38112
0.34687
0.313633
0.282452
0.254279
0.229831
0.209492
0.193267
0.180826
0.171602
0.164923
0.160136
0.156692
0.154181
0.152325
0.150944
0.14992
0.149169
0.148627
0.148238
0.14798
0.147693
0.394584
0.869865
1.20304
1.48185
1.73289
1.95615
2.15014
2.31727
2.46358
2.59688
2.72493
2.85425
2.98936
3.13253
3.2839
3.44186
3.60347
3.76499
3.92231
4.07135
4.20824
4.32955
4.43234
4.51406
4.57257
4.60596
4.61244
4.59006
4.53641
4.44821
4.32065
4.14674
3.91634
3.61559
3.22763
2.73854
2.15495
1.53409
0.993991
0.653803
0.536277
0.552245
0.60354
0.647026
0.674583
0.689033
0.69458
0.694534
0.691194
0.686112
0.680321
0.674491
0.669036
0.664185
0.660034
0.656585
0.653767
0.651458
0.649496
0.647687
0.64581
0.643623
0.640869
0.637288
0.63262
0.626627
0.619092
0.609835
0.598705
0.585582
0.570362
0.552954
0.533272
0.511254
0.486884
0.460236
0.431521
0.401137
0.369688
0.337984
0.306984
0.277702
0.251077
0.227836
0.20839
0.192791
0.180762
0.171791
0.165259
0.160556
0.157165
0.154695
0.152878
0.151534
0.150546
0.149829
0.149317
0.148955
0.14872
0.148465
0.337241
0.772661
1.11559
1.41097
1.68075
1.92076
2.12523
2.294
2.43267
2.55012
2.65595
2.75864
2.86453
2.97751
3.09911
3.22887
3.36481
3.50386
3.64238
3.7765
3.90235
4.01634
4.1151
4.19558
4.25493
4.29043
4.29922
4.27804
4.22283
4.12815
3.98654
3.78776
3.51827
3.16207
2.70569
2.15298
1.55168
1.00768
0.639815
0.488663
0.483645
0.527507
0.571195
0.602215
0.620964
0.630483
0.633605
0.632511
0.628812
0.623675
0.617927
0.612143
0.606707
0.601856
0.59772
0.594341
0.591698
0.589715
0.588273
0.587216
0.586358
0.585478
0.584334
0.58266
0.580185
0.576636
0.57176
0.56533
0.557151
0.547065
0.534934
0.520642
0.504087
0.485188
0.46391
0.440302
0.414545
0.386994
0.358207
0.328944
0.300119
0.272708
0.24763
0.225611
0.207085
0.192139
0.180545
0.171846
0.165472
0.160857
0.157517
0.155082
0.153292
0.151973
0.151007
0.15031
0.149815
0.149469
0.149247
0.14901
0.28401
0.683928
1.03386
1.34104
1.62239
1.87255
2.08418
2.25547
2.39092
2.49914
2.59019
2.67345
2.75646
2.84438
2.94002
3.04411
3.15566
3.27245
3.39142
3.50903
3.62157
3.72526
3.81637
3.89129
3.94637
3.97784
3.9815
3.95239
3.88428
3.76915
3.59658
3.35352
3.02527
2.6001
2.08202
1.5134
0.988892
0.619711
0.45263
0.431808
0.467005
0.508387
0.541018
0.563166
0.576493
0.583091
0.584822
0.583205
0.579436
0.574421
0.568832
0.563157
0.557741
0.552819
0.548536
0.544971
0.542144
0.540029
0.538558
0.537624
0.537084
0.536761
0.536441
0.535878
0.534802
0.53293
0.52998
0.525692
0.519832
0.5122
0.502628
0.49097
0.477103
0.460926
0.442383
0.421498
0.398419
0.373461
0.347138
0.320158
0.293387
0.267763
0.244176
0.223349
0.205725
0.191425
0.180266
0.171839
0.165626
0.1611
0.157809
0.155402
0.153631
0.152327
0.151373
0.150684
0.150197
0.149857
0.149639
0.149409
0.245582
0.638327
0.990306
1.30416
1.58854
1.83842
2.04832
2.21703
2.34849
2.45031
2.53174
2.6018
2.66816
2.73657
2.81072
2.89232
2.98138
3.07655
3.17546
3.27504
3.37169
3.46148
3.5403
3.60382
3.64743
3.66604
3.65377
3.60361
3.50694
3.35327
3.13023
2.82493
2.42846
1.94702
1.42064
0.934087
0.586381
0.421263
0.39219
0.419364
0.45674
0.489133
0.513388
0.529858
0.539763
0.544489
0.545342
0.543455
0.539748
0.534943
0.529589
0.524097
0.518769
0.513823
0.50941
0.505626
0.502523
0.500112
0.49837
0.497238
0.496624
0.496396
0.496382
0.49637
0.496107
0.495314
0.4937
0.490979
0.486888
0.481193
0.473696
0.464224
0.452628
0.438789
0.42263
0.404149
0.383461
0.360845
0.336766
0.311885
0.287018
0.26306
0.240874
0.221171
0.204404
0.19072
0.179977
0.171813
0.165754
0.161314
0.158068
0.155685
0.153927
0.152631
0.151681
0.150994
0.150506
0.150165
0.149944
0.149712
0.222748
0.681619
1.10233
1.44299
1.71026
1.92296
2.09487
2.23339
2.34339
2.42976
2.49834
2.55549
2.60731
2.65894
2.71413
2.7751
2.84257
2.91594
2.99351
3.07256
3.14948
3.22015
3.27991
3.3236
3.34541
3.33873
3.29586
3.20784
3.06433
2.85408
2.56664
2.19686
1.75456
1.27911
0.845874
0.538421
0.39081
0.361191
0.382081
0.41463
0.445272
0.470257
0.488923
0.501644
0.509234
0.512679
0.512958
0.510947
0.507374
0.502823
0.497745
0.492488
0.487313
0.482417
0.477944
0.473997
0.470645
0.467926
0.465849
0.464396
0.463518
0.463132
0.46311
0.46328
0.46342
0.463268
0.462534
0.460921
0.458147
0.453952
0.44811
0.440425
0.430727
0.418876
0.404775
0.388397
0.369827
0.349304
0.327249
0.304274
0.281147
0.25872
0.237825
0.21916
0.203184
0.190071
0.179712
0.17179
0.165874
0.161512
0.158307
0.155945
0.154196
0.152903
0.151951
0.151261
0.150767
0.150419
0.150192
0.149951
0.186072
1.30839
1.99966
2.2917
2.38159
2.39923
2.4091
2.42987
2.45916
2.49112
2.52248
2.55257
2.58228
2.61328
2.64742
2.68625
2.73045
2.77981
2.83283
2.88668
2.93768
2.98131
3.01228
3.02448
3.01089
2.96356
2.87357
2.73128
2.52718
2.25395
1.91095
1.51237
1.09731
0.730952
0.478589
0.360223
0.336272
0.352893
0.38051
0.408382
0.432864
0.452676
0.467506
0.477604
0.483559
0.486115
0.486031
0.483998
0.480605
0.476328
0.471546
0.466554
0.461578
0.456793
0.452333
0.448299
0.444769
0.441793
0.439404
0.437614
0.436411
0.43575
0.435549
0.435678
0.435949
0.436128
0.435937
0.43508
0.433263
0.430211
0.425675
0.419439
0.411315
0.401145
0.388811
0.374265
0.357561
0.3389
0.318661
0.297405
0.275853
0.254814
0.235092
0.217368
0.202108
0.189507
0.179492
0.171787
0.165996
0.161703
0.158533
0.156186
0.154443
0.153149
0.152193
0.151495
0.150992
0.150634
0.150398
0.150143
)
;

boundaryField
{
    outlet
    {
        type            zeroGradient;
    }
    inlet
    {
        type            fixedValue;
        value           uniform 0.26;
    }
    lowerWall
    {
        type            kqRWallFunction;
        value           nonuniform List<scalar> 
148
(
0.28891
0.351398
0.415005
0.477465
0.536856
0.591547
0.640351
0.68259
0.71806
0.746932
0.769648
0.786825
0.799162
0.807377
0.812158
0.814139
0.813881
0.811869
0.808509
0.804142
0.799044
0.793434
0.787488
0.781339
0.775089
0.76881
0.762549
0.756346
0.750148
0.74425
0.737158
0.735859
0.706272
0.124941
0.280076
0.411434
0.499618
0.543189
0.555276
0.538027
0.499954
0.449995
0.394584
0.337241
0.28401
0.245582
0.222748
0.186072
0.124941
0.175359
0.194201
0.187449
0.163849
0.131991
0.177524
0.343046
0.521555
0.686578
0.835315
0.968382
1.08674
1.19099
1.28137
1.35794
1.42091
1.47082
1.50862
1.5356
1.55327
1.56323
1.56717
1.56673
1.56352
1.559
1.55439
1.54993
1.54624
1.54394
1.54345
1.54503
1.54876
1.5545
1.56185
1.57
1.57767
1.58293
1.5832
1.57549
1.55726
1.52802
1.49168
1.45734
1.41929
1.37327
1.32028
1.26288
1.20376
1.14519
1.08879
1.03558
0.98609
0.940456
0.898595
0.860292
0.825265
0.793215
0.763848
0.736881
0.712046
0.689086
0.66775
0.647786
0.628934
0.61093
0.593499
0.576363
0.559245
0.541878
0.524021
0.505475
0.486109
0.465884
0.444892
0.423396
0.401867
0.380982
0.361515
0.344285
0.330076
0.319352
0.312062
0.30768
0.305417
0.304483
0.304265
0.304379
0.304628
0.304929
0.305248
0.305569
0.305882
0.30618
0.306456
0.306709
0.306937
0.307144
0.307317
0.307533
)
;
    }
    upperWall
    {
        type            kqRWallFunction;
        value           nonuniform List<scalar> 
133
(
0.266719
0.280569
0.294241
0.307622
0.320668
0.333362
0.345693
0.35765
0.369226
0.380415
0.391214
0.401624
0.411644
0.421278
0.43053
0.439407
0.447915
0.456062
0.463857
0.471309
0.478427
0.485223
0.491706
0.497886
0.503775
0.509382
0.514719
0.519795
0.52462
0.529205
0.533558
0.537689
0.541611
0.545925
0.550646
0.555205
0.55959
0.563791
0.567795
0.571592
0.575169
0.578513
0.581608
0.584438
0.586984
0.589227
0.591143
0.592708
0.593893
0.594668
0.594997
0.594841
0.594159
0.592901
0.591018
0.588451
0.585141
0.581021
0.576025
0.570082
0.563123
0.555083
0.545905
0.535547
0.52399
0.511247
0.49738
0.482506
0.466818
0.450592
0.434194
0.418077
0.402762
0.388807
0.376751
0.367055
0.36003
0.355795
0.354216
0.354825
0.35789
0.362914
0.3688
0.374553
0.379462
0.383106
0.38531
0.386087
0.385554
0.383879
0.381261
0.377899
0.37397
0.369622
0.364973
0.360121
0.355153
0.350153
0.345208
0.340402
0.335818
0.331519
0.327551
0.323937
0.32068
0.317778
0.315229
0.313035
0.311201
0.309723
0.30858
0.307732
0.307124
0.306694
0.306391
0.306177
0.306029
0.305939
0.305905
0.305929
0.306008
0.306136
0.306306
0.306505
0.306723
0.306947
0.307168
0.30738
0.307576
0.307754
0.307913
0.308042
0.308188
)
;
    }
    frontAndBack
    {
        type            empty;
    }
}


// ************************************************************************* //
