/*--------------------------------*- C++ -*----------------------------------*\
| =========                 |                                                 |
| \\      /  F ield         | OpenFOAM: The Open Source CFD Toolbox           |
|  \\    /   O peration     | Version:  2.1.1                                 |
|   \\  /    A nd           | Web:      www.OpenFOAM.org                      |
|    \\/     M anipulation  |                                                 |
\*---------------------------------------------------------------------------*/
FoamFile
{
    version     2.0;
    format      ascii;
    class       volScalarField;
    location    "0.155";
    object      epsilon;
}
// * * * * * * * * * * * * * * * * * * * * * * * * * * * * * * * * * * * * * //

dimensions      [0 2 -3 0 0 0 0];

internalField   nonuniform List<scalar> 
6820
(
151.448
203.151
260.735
321.761
383.629
443.726
499.766
550.042
593.497
629.689
658.687
680.93
697.094
707.975
714.401
717.167
717.002
714.549
710.357
704.885
698.51
691.535
684.2
676.693
669.158
661.703
654.404
647.33
640.437
634.132
626.537
626.643
591.346
11.7448
21.4174
29.9438
38.6244
47.58
56.5569
65.3181
73.6622
81.4273
88.5047
94.8396
100.425
105.291
109.494
113.106
116.203
118.864
121.161
123.16
124.918
126.484
127.899
129.198
130.408
131.554
132.657
133.735
134.812
135.912
137.105
138.41
140.294
142.44
5.83781
7.51679
9.20658
10.8092
12.3197
13.7473
15.0883
16.339
17.498
18.5648
19.5415
20.4314
21.24
21.9737
22.6397
23.2456
23.7992
24.3077
24.778
25.2166
25.629
26.0204
26.3951
26.7568
27.1089
27.4541
27.7946
28.1327
28.4701
28.8093
29.1527
29.4969
29.8906
5.2423
5.56004
6.00443
6.49345
6.98568
7.46187
7.91296
8.33462
8.7252
9.08453
9.41337
9.71305
9.98529
10.232
10.4552
10.6568
10.839
11.0036
11.1525
11.2874
11.4101
11.5219
11.6243
11.7184
11.8056
11.8866
11.9624
12.0336
12.1007
12.1641
12.2234
12.279
12.3282
5.17349
5.18677
5.26821
5.39776
5.55637
5.72967
5.90778
6.08427
6.25511
6.41786
6.57115
6.71426
6.84696
6.96931
7.0816
7.18422
7.27768
7.36252
7.43933
7.5087
7.57121
7.62744
7.67793
7.72322
7.7638
7.80014
7.83266
7.86177
7.8878
7.91109
7.93186
7.95036
7.96667
5.16878
5.12131
5.09602
5.09482
5.11536
5.15307
5.20299
5.26075
5.32292
5.38693
5.45089
5.51349
5.57381
5.63123
5.68536
5.73599
5.78301
5.82641
5.86625
5.90264
5.93572
5.96564
5.99258
6.01673
6.03828
6.05741
6.07432
6.08918
6.10218
6.11348
6.12325
6.13161
6.13874
5.16887
5.11169
5.06116
5.01963
4.9884
4.96754
4.95615
4.95279
4.95587
4.96386
4.97542
4.98945
5.00502
5.02142
5.03808
5.05458
5.07059
5.08587
5.10026
5.11364
5.12593
5.13711
5.14717
5.1561
5.16394
5.17073
5.17652
5.18135
5.18529
5.18839
5.19074
5.19236
5.19335
5.16902
5.11063
5.05514
5.00339
4.95619
4.91413
4.87746
4.8461
4.81971
4.7978
4.77979
4.76509
4.75315
4.74346
4.73558
4.72912
4.72376
4.71921
4.71526
4.71172
4.70845
4.70532
4.70224
4.69913
4.69595
4.69264
4.6892
4.68559
4.68181
4.67786
4.67374
4.66945
4.66501
5.16904
5.11054
5.05431
5.00049
4.94927
4.9009
4.85558
4.81345
4.77455
4.7388
4.70609
4.67621
4.64894
4.62403
4.60123
4.58031
4.56103
4.54321
4.52665
4.51118
4.49667
4.48298
4.47001
4.45766
4.44584
4.4345
4.42356
4.41298
4.40273
4.39276
4.38304
4.37356
4.36429
5.16904
5.11054
5.0542
5.00002
4.94795
4.89803
4.85027
4.80471
4.76137
4.72027
4.68137
4.64464
4.60999
4.57734
4.54657
4.51757
4.49021
4.46439
4.43998
4.41687
4.39495
4.37412
4.3543
4.3354
4.31734
4.30005
4.28348
4.26757
4.25227
4.23753
4.22331
4.20959
4.19631
5.16904
5.11053
5.05418
4.99994
4.94772
4.89747
4.84912
4.80264
4.75799
4.71513
4.67404
4.63469
4.59702
4.561
4.52658
4.49368
4.46225
4.43222
4.40353
4.37609
4.34985
4.32474
4.30069
4.27764
4.25553
4.23431
4.21392
4.19432
4.17546
4.15731
4.13981
4.12294
4.10665
5.16904
5.11052
5.05417
4.99991
4.94767
4.89735
4.84888
4.80218
4.75718
4.71384
4.67208
4.63187
4.59315
4.55589
4.52002
4.48552
4.45232
4.42038
4.38966
4.3601
4.33167
4.3043
4.27796
4.2526
4.22818
4.20465
4.18198
4.16011
4.13903
4.11869
4.09906
4.08011
4.06179
5.16904
5.11052
5.05416
4.99989
4.94764
4.89731
4.8488
4.80205
4.75698
4.71351
4.67157
4.63112
4.59208
4.55441
4.51806
4.48297
4.44911
4.41642
4.38487
4.35441
4.325
4.2966
4.26918
4.2427
4.21712
4.19241
4.16853
4.14545
4.12314
4.10157
4.08071
4.06053
4.04101
5.16903
5.11052
5.05415
4.99988
4.94762
4.89728
4.84876
4.802
4.7569
4.71339
4.67141
4.63089
4.59176
4.55397
4.51747
4.4822
4.44811
4.41517
4.38332
4.35252
4.32273
4.29392
4.26606
4.23909
4.213
4.18775
4.16331
4.13965
4.11675
4.09456
4.07308
4.05227
4.03211
5.16903
5.11051
5.05414
4.99987
4.9476
4.89725
4.84873
4.80195
4.75684
4.71332
4.67133
4.63078
4.59163
4.5538
4.51725
4.48193
4.44777
4.41474
4.38279
4.35188
4.32196
4.293
4.26497
4.23782
4.21153
4.18607
4.1614
4.13749
4.11432
4.09187
4.0701
4.049
4.02853
5.16903
5.11051
5.05413
4.99986
4.94758
4.89723
4.8487
4.80192
4.7568
4.71327
4.67126
4.6307
4.59154
4.5537
4.51713
4.48178
4.4476
4.41454
4.38256
4.35161
4.32164
4.29263
4.26454
4.23733
4.21097
4.18542
4.16066
4.13666
4.11339
4.09082
4.06894
4.04771
4.02711
5.16903
5.1105
5.05413
4.99985
4.94757
4.89721
4.84867
4.80188
4.75676
4.71322
4.6712
4.63064
4.59146
4.55361
4.51703
4.48167
4.44748
4.41441
4.38241
4.35144
4.32146
4.29243
4.26431
4.23707
4.21068
4.1851
4.16031
4.13627
4.11295
4.09034
4.06841
4.04712
4.02647
5.16903
5.1105
5.05412
4.99984
4.94756
4.89719
4.84865
4.80185
4.75672
4.71318
4.67115
4.63058
4.59139
4.55353
4.51695
4.48158
4.44737
4.41429
4.38228
4.3513
4.32131
4.29226
4.26413
4.23688
4.21048
4.18488
4.16007
4.13601
4.11268
4.09004
4.06808
4.04678
4.02609
5.16903
5.1105
5.05412
4.99983
4.94755
4.89718
4.84863
4.80183
4.75669
4.71314
4.6711
4.63052
4.59133
4.55346
4.51687
4.48149
4.44728
4.41418
4.38216
4.35117
4.32117
4.29212
4.26398
4.23672
4.2103
4.18469
4.15987
4.1358
4.11245
4.0898
4.06783
4.0465
4.0258
5.16903
5.1105
5.05412
4.99982
4.94754
4.89716
4.84861
4.8018
4.75666
4.7131
4.67106
4.63047
4.59127
4.5534
4.51679
4.48141
4.44719
4.41409
4.38206
4.35106
4.32105
4.29199
4.26384
4.23656
4.21014
4.18452
4.15968
4.1356
4.11224
4.08958
4.06759
4.04626
4.02554
5.16903
5.1105
5.05411
4.99982
4.94753
4.89715
4.8486
4.80178
4.75663
4.71307
4.67102
4.63043
4.59122
4.55334
4.51673
4.48133
4.44711
4.414
4.38196
4.35095
4.32093
4.29186
4.2637
4.23642
4.20998
4.18436
4.15951
4.13542
4.11205
4.08938
4.06738
4.04603
4.0253
5.16903
5.11049
5.05411
4.99981
4.94752
4.89714
4.84858
4.80177
4.75661
4.71304
4.67099
4.63039
4.59117
4.55328
4.51667
4.48127
4.44703
4.41391
4.38187
4.35085
4.32082
4.29175
4.26358
4.23629
4.20984
4.1842
4.15935
4.13524
4.11186
4.08918
4.06717
4.04581
4.02507
5.16903
5.11049
5.05411
4.99981
4.94752
4.89713
4.84857
4.80175
4.75659
4.71302
4.67096
4.63035
4.59113
4.55324
4.51661
4.4812
4.44696
4.41384
4.38178
4.35076
4.32073
4.29164
4.26346
4.23616
4.20971
4.18406
4.15919
4.13508
4.11169
4.089
4.06698
4.0456
4.02485
5.16903
5.11049
5.0541
4.99981
4.94751
4.89712
4.84856
4.80174
4.75657
4.71299
4.67093
4.63032
4.59109
4.55319
4.51656
4.48115
4.4469
4.41377
4.38171
4.35068
4.32063
4.29154
4.26336
4.23605
4.20958
4.18393
4.15905
4.13493
4.11153
4.08882
4.06679
4.04541
4.02465
5.16903
5.11049
5.0541
4.9998
4.94751
4.89712
4.84855
4.80172
4.75656
4.71297
4.67091
4.63029
4.59106
4.55315
4.51652
4.4811
4.44684
4.41371
4.38164
4.3506
4.32055
4.29145
4.26326
4.23594
4.20947
4.1838
4.15892
4.13479
4.11138
4.08866
4.06662
4.04523
4.02446
5.16903
5.11049
5.0541
4.9998
4.9475
4.89711
4.84854
4.80171
4.75654
4.71296
4.67089
4.63027
4.59103
4.55312
4.51648
4.48106
4.4468
4.41365
4.38158
4.35054
4.32048
4.29137
4.26317
4.23584
4.20936
4.18369
4.1588
4.13466
4.11124
4.08852
4.06646
4.04506
4.02428
5.16903
5.11049
5.0541
4.9998
4.9475
4.89711
4.84854
4.8017
4.75653
4.71294
4.67087
4.63025
4.59101
4.55309
4.51645
4.48102
4.44675
4.4136
4.38152
4.35047
4.32041
4.29129
4.26309
4.23575
4.20927
4.18359
4.15869
4.13454
4.11111
4.08838
4.06632
4.04491
4.02411
5.16903
5.11049
5.0541
4.9998
4.9475
4.89711
4.84853
4.8017
4.75653
4.71294
4.67086
4.63023
4.59099
4.55307
4.51642
4.48099
4.44672
4.41356
4.38148
4.35042
4.32035
4.29123
4.26302
4.23568
4.20919
4.1835
4.15859
4.13443
4.111
4.08826
4.06619
4.04477
4.02397
5.16903
5.11049
5.0541
4.9998
4.9475
4.8971
4.84853
4.80169
4.75651
4.71292
4.67084
4.63021
4.59097
4.55304
4.51639
4.48095
4.44668
4.41352
4.38143
4.35037
4.3203
4.29117
4.26295
4.23561
4.20911
4.18342
4.1585
4.13434
4.1109
4.08815
4.06607
4.04465
4.02384
5.16903
5.11049
5.0541
4.9998
4.9475
4.89711
4.84854
4.8017
4.75653
4.71294
4.67086
4.63023
4.59098
4.55306
4.5164
4.48096
4.44668
4.41352
4.38143
4.35036
4.32028
4.29115
4.26293
4.23558
4.20907
4.18337
4.15845
4.13428
4.11083
4.08808
4.066
4.04456
4.02375
5.16903
5.11049
5.0541
4.9998
4.9475
4.8971
4.84853
4.80169
4.75651
4.71292
4.67084
4.6302
4.59095
4.55303
4.51637
4.48093
4.44665
4.41349
4.3814
4.35033
4.32025
4.29112
4.2629
4.23555
4.20904
4.18334
4.15842
4.13425
4.1108
4.08804
4.06596
4.04452
4.02371
5.16903
5.11049
5.0541
4.99981
4.94752
4.89714
4.84858
4.80176
4.75659
4.71301
4.67094
4.63031
4.59106
4.55314
4.51648
4.48104
4.44676
4.4136
4.38151
4.35044
4.32036
4.29123
4.26301
4.23567
4.20916
4.18347
4.15856
4.1344
4.11096
4.08822
4.06615
4.04473
4.02393
5.16903
5.11051
5.05414
4.99985
4.94756
4.89718
4.84861
4.80178
4.75661
4.71303
4.67096
4.63034
4.59111
4.5532
4.51657
4.48115
4.4469
4.41377
4.38172
4.35069
4.32066
4.29158
4.26342
4.23614
4.2097
4.18408
4.15924
4.13516
4.1118
4.08915
4.06717
4.04585
4.02515
5.16903
5.1105
5.05415
4.99992
4.9477
4.89739
4.8489
4.80214
4.75704
4.71352
4.67152
4.63098
4.59183
4.55402
4.51749
4.48221
4.44811
4.41514
4.38328
4.35246
4.32266
4.29383
4.26594
4.23894
4.21281
4.18752
4.16302
4.13929
4.11631
4.09403
4.07245
4.05153
4.03124
5.16905
5.11063
5.0544
5.00025
4.94809
4.89785
4.84947
4.80288
4.75802
4.71483
4.67324
4.63319
4.59463
4.5575
4.52174
4.4873
4.45412
4.42216
4.39136
4.36167
4.33306
4.30547
4.27886
4.25319
4.22842
4.20451
4.18142
4.15912
4.13758
4.11677
4.09664
4.07719
4.05837
5.16908
5.11079
5.05488
5.00137
4.95017
4.90121
4.85441
4.80973
4.76712
4.7265
4.68783
4.65101
4.61596
4.58262
4.55087
4.52065
4.49187
4.46444
4.43828
4.41332
4.38949
4.36672
4.34494
4.3241
4.30413
4.28499
4.26663
4.249
4.23206
4.21576
4.20008
4.18498
4.17042
5.16939
5.11358
5.06201
5.01464
4.97149
4.9325
4.89748
4.86617
4.83826
4.81342
4.79132
4.77167
4.75417
4.73857
4.72464
4.71217
4.70096
4.69087
4.68173
4.67343
4.66585
4.65889
4.65247
4.64652
4.64097
4.63576
4.63084
4.62617
4.62172
4.61745
4.61333
4.60934
4.60547
5.17808
5.16328
5.16951
5.1912
5.22439
5.26605
5.31379
5.36573
5.42044
5.47684
5.53409
5.59152
5.64865
5.70508
5.76052
5.81475
5.86761
5.91898
5.96878
6.01698
6.06355
6.10847
6.15176
6.19344
6.23354
6.27209
6.30914
6.34471
6.37888
6.41167
6.44314
6.47335
6.50235
5.63861
6.43044
7.1459
7.82572
8.49482
9.14721
9.77701
10.3819
10.9616
11.5172
12.0499
12.5613
13.053
13.5263
13.9826
14.4229
14.8482
15.2595
15.6574
16.0426
16.4158
16.7775
17.1282
17.4684
17.7985
18.1188
18.4299
18.7319
19.0254
19.3105
19.5876
19.8569
20.119
44.7794
48.3124
51.8864
55.4656
59.0311
62.5709
66.0744
69.5319
72.9346
76.2747
79.5454
82.7408
85.8561
88.8872
91.8311
94.6852
97.448
100.118
102.696
105.18
107.572
109.873
112.083
114.204
116.239
118.188
120.054
121.839
123.545
125.176
126.732
128.218
129.636
704.838
837.655
942.355
1022.41
1083.31
1125.41
1147.06
1147.45
1128.06
1092.78
1046.78
995.284
942.634
891.807
844.429
801.062
761.6
725.623
692.648
662.255
634.135
608.069
583.892
561.461
540.625
521.22
503.068
485.984
469.785
454.295
439.354
424.814
410.547
396.439
382.388
368.309
354.128
339.784
325.229
310.431
295.372
280.049
264.479
248.696
232.752
216.719
200.685
184.755
169.048
153.691
138.819
124.565
111.057
98.4105
86.7225
76.0652
66.483
57.99
50.5701
44.1801
38.7539
34.2095
30.4554
27.3978
24.946
23.0166
21.5363
20.4424
19.6826
19.2137
18.9994
19.0077
19.2083
19.57
20.0583
20.6341
21.2529
21.8654
22.4199
22.8643
23.1497
23.2331
23.0804
22.6683
21.9854
21.0335
19.8277
18.3961
16.7799
15.0319
13.2151
11.3991
9.65497
8.04897
6.63392
5.44254
4.4843
3.74149
3.21229
2.68705
147.447
154.551
165.003
180
200.414
226.853
259.468
297.56
339.528
383.048
425.357
463.677
495.643
519.663
535.092
542.216
542.047
536.027
525.725
512.601
497.854
482.37
466.735
451.29
436.198
421.513
407.223
393.285
379.647
366.251
353.04
339.958
326.951
313.966
300.956
287.876
274.692
261.375
247.913
234.302
220.554
206.695
192.767
178.827
164.945
151.207
137.708
124.556
111.858
99.7275
88.2689
77.5784
67.7357
58.7996
50.8041
43.7565
37.6371
32.4017
27.9861
24.3119
21.2927
18.8411
16.8736
15.3143
14.0977
13.1691
12.4845
12.0096
11.7184
11.5918
11.6155
11.7784
12.0704
12.4799
12.992
13.586
14.2342
14.9019
15.5477
16.1263
16.5912
16.8987
17.0115
16.9016
16.5525
15.9612
15.1382
14.1082
12.9088
11.5892
10.2074
8.82624
7.50736
6.3049
5.25847
4.38875
3.69745
3.16615
2.7904
2.41789
30.2648
30.6913
31.3377
32.3898
34.0258
36.3656
39.5216
43.7976
49.5275
57.0421
66.6156
78.4078
92.4067
108.388
125.905
144.317
162.853
180.698
197.089
211.401
223.203
232.283
238.633
242.409
243.879
243.364
241.193
237.67
233.056
227.558
221.337
214.51
207.163
199.358
191.144
182.562
173.649
164.443
154.988
145.333
135.532
125.651
115.759
105.936
96.2656
86.8368
77.7396
69.0622
60.887
53.2864
46.3189
40.0254
34.4267
29.5225
25.2918
21.6955
18.6803
16.1835
14.1382
12.4783
11.1418
10.0736
9.22664
8.5621
8.04891
7.66298
7.38628
7.20586
7.11307
7.10276
7.17247
7.3216
7.55038
7.8585
8.24354
8.69911
9.21303
9.76597
10.3309
10.8742
11.3572
11.7402
11.986
12.0635
11.9516
11.6411
11.1362
10.4547
9.6276
8.69637
7.71028
6.72161
5.78002
4.92675
4.18977
3.5815
3.10069
2.73193
2.472
2.21317
12.3807
12.4506
12.5386
12.6505
12.8003
13.0075
13.2981
13.6765
14.1733
14.8324
15.707
16.8579
18.352
20.26
22.6518
25.59
29.1201
33.2592
37.9848
43.2276
48.8703
54.7529
60.6849
66.4623
71.885
76.7732
80.9803
84.3995
86.9658
88.653
89.4681
89.4434
88.6295
87.0889
84.8904
82.1066
78.8114
75.0793
70.9855
66.6054
62.0153
57.2917
52.5113
47.7494
43.0788
38.5679
34.2784
30.2631
26.5638
23.2096
20.216
17.5852
15.3067
13.3597
11.7156
10.3414
9.20205
8.26348
7.49403
6.86566
6.35428
5.93985
5.60601
5.33974
5.13094
4.972
4.85752
4.784
4.74962
4.7541
4.79846
4.88481
5.01602
5.19511
5.42448
5.70475
6.03333
6.4029
6.80016
7.20524
7.59224
7.93103
8.19027
8.34104
8.36052
8.2351
7.96252
7.5527
7.02717
6.41719
5.76044
5.09665
4.46276
3.88835
3.39267
2.98357
2.65998
2.41087
2.23543
2.05914
7.98323
8.00082
8.01767
8.03404
8.05127
8.07194
8.10012
8.13884
8.19043
8.25966
8.35292
8.47798
8.64382
8.86046
9.13872
9.48985
9.9251
10.4551
11.0889
11.8334
12.6923
13.6646
14.744
15.9174
17.1647
18.4582
19.7634
21.0409
22.2477
23.3408
24.2795
25.0281
25.5581
25.8493
25.8913
25.6829
25.2321
24.555
23.6748
22.6205
21.4253
20.1247
18.7555
17.3539
15.9539
14.5861
13.2765
12.0457
10.9087
9.87441
8.94676
8.12497
7.40468
6.77904
6.23963
5.77735
5.38305
5.04798
4.76409
4.52421
4.32206
4.15232
4.01053
3.89307
3.79713
3.72061
3.66213
3.62097
3.5971
3.59113
3.60433
3.6386
3.69635
3.78037
3.89343
4.03783
4.21451
4.42214
4.65594
4.90674
5.16054
5.39887
5.60025
5.7426
5.80628
5.77707
5.64871
5.4242
5.11594
4.74425
4.33479
3.91501
3.51036
3.14114
2.82062
2.55439
2.34263
2.17825
2.06251
1.94461
6.14536
6.15072
6.15393
6.15527
6.15502
6.1535
6.15142
6.14931
6.14788
6.14802
6.15082
6.15759
6.16992
6.18961
6.21867
6.25925
6.31356
6.38373
6.4717
6.57905
6.70688
6.85568
7.02515
7.21411
7.42035
7.64056
7.87025
8.10379
8.33451
8.55491
8.75695
8.93243
9.07345
9.17285
9.2247
9.22465
9.17026
9.0612
8.89921
8.68809
8.43337
8.14203
7.82199
7.48169
7.12962
6.77383
6.42162
6.07927
5.75183
5.44315
5.15582
4.89135
4.65028
4.43237
4.23678
4.06227
3.90729
3.77019
3.64924
3.54276
3.44918
3.36707
3.29516
3.23239
3.17793
3.13117
3.09176
3.05963
3.03499
3.01838
3.01065
3.01303
3.02706
3.05459
3.0976
3.15803
3.23739
3.3362
3.45336
3.58543
3.726
3.8655
3.99158
4.09024
4.14769
4.15248
4.09765
3.9822
3.81167
3.59742
3.35497
3.10159
2.8537
2.62463
2.42356
2.25469
2.11924
2.01285
1.93805
1.86037
5.19363
5.19273
5.19043
5.1867
5.18154
5.17497
5.16716
5.1582
5.14831
5.13774
5.12673
5.11554
5.10449
5.09395
5.08436
5.0762
5.07003
5.0664
5.06587
5.06895
5.07606
5.08746
5.10325
5.12333
5.14732
5.17459
5.20423
5.23507
5.26566
5.29437
5.31937
5.33877
5.35067
5.35325
5.34491
5.32429
5.29045
5.24283
5.1814
5.10657
5.01925
4.92075
4.81273
4.6971
4.57595
4.45139
4.32548
4.20015
4.07714
3.9579
3.84363
3.73522
3.63328
3.53814
3.44991
3.36851
3.29368
3.22506
3.16221
3.10463
3.05182
3.0033
2.9586
2.91734
2.8792
2.84398
2.81155
2.78194
2.75532
2.732
2.7125
2.69751
2.68794
2.68489
2.68959
2.70335
2.72737
2.76248
2.80879
2.86529
2.92939
2.99666
3.0608
3.11404
3.14804
3.15515
3.12981
3.06974
2.97658
2.85583
2.71594
2.5669
2.41865
2.27959
2.15587
2.05058
1.96531
1.89735
1.84978
1.79893
4.65957
4.65281
4.64527
4.63687
4.62761
4.61748
4.6065
4.59469
4.58206
4.56866
4.55451
4.53968
4.52422
4.50818
4.49165
4.47472
4.45751
4.44015
4.42282
4.40565
4.38882
4.37246
4.35668
4.34151
4.32695
4.31292
4.29924
4.28565
4.27182
4.25734
4.24172
4.22446
4.205
4.18283
4.15745
4.12844
4.09546
4.05829
4.01686
3.97122
3.92157
3.86826
3.81176
3.75262
3.69148
3.62903
3.56596
3.50294
3.44062
3.37955
3.32021
3.263
3.20818
3.15594
3.10635
3.05942
3.01504
2.97309
2.93336
2.89563
2.85966
2.82521
2.79207
2.76002
2.7289
2.69861
2.66909
2.64033
2.61245
2.5856
2.56008
2.53626
2.51466
2.4959
2.48072
2.46993
2.46435
2.46468
2.47133
2.4842
2.50242
2.52415
2.54643
2.56535
2.57637
2.57496
2.55744
2.5217
2.46776
2.39792
2.31638
2.22854
2.14006
2.05597
1.98022
1.91485
1.86142
1.81804
1.78795
1.75435
4.35368
4.34148
4.32895
4.31604
4.30271
4.28893
4.27467
4.2599
4.24463
4.22886
4.21259
4.1958
4.17849
4.16065
4.14227
4.12334
4.10386
4.08386
4.06334
4.04235
4.02091
3.99907
3.97689
3.95439
3.9316
3.90853
3.88519
3.86152
3.83748
3.81297
3.7879
3.76213
3.73552
3.70794
3.67924
3.64931
3.61804
3.58539
3.55132
3.51588
3.47913
3.44121
3.40229
3.36258
3.32232
3.28178
3.24122
3.20091
3.16109
3.122
3.0838
3.04665
3.01064
2.97583
2.94221
2.90974
2.87835
2.84792
2.81831
2.78938
2.76097
2.73291
2.70506
2.67728
2.64946
2.62152
2.59341
2.56513
2.53671
2.50826
2.47993
2.45192
2.42453
2.39811
2.37311
2.35001
2.32933
2.31159
2.2972
2.28634
2.27887
2.27414
2.27092
2.26741
2.26136
2.25033
2.23218
2.20541
2.16962
2.12561
2.07533
2.02149
1.96717
1.91519
1.86795
1.82666
1.79264
1.76435
1.74501
1.72198
4.18134
4.16443
4.14746
4.13038
4.11317
4.09577
4.07819
4.06039
4.04236
4.0241
4.00557
3.98677
3.96767
3.94826
3.9285
3.90837
3.88786
3.86693
3.84558
3.82379
3.80155
3.77888
3.75576
3.73222
3.70827
3.68391
3.65916
3.63403
3.60852
3.58263
3.55635
3.52968
3.50259
3.47508
3.44711
3.41869
3.38981
3.36046
3.33069
3.30051
3.26999
3.23919
3.20819
3.17711
3.14604
3.1151
3.08441
3.05407
3.02417
2.99481
2.96603
2.93788
2.91037
2.88349
2.85718
2.83139
2.80603
2.78099
2.75615
2.7314
2.7066
2.68162
2.65636
2.6307
2.60455
2.57785
2.55056
2.52266
2.49416
2.46513
2.43565
2.40584
2.37589
2.346
2.31644
2.28753
2.25958
2.23297
2.20801
2.18496
2.16391
2.14476
2.1271
2.11021
2.09309
2.07458
2.05355
2.02913
2.00094
1.96919
1.93473
1.89885
1.86313
1.82904
1.79799
1.77056
1.7478
1.72833
1.71523
1.69824
4.08833
4.06775
4.04723
4.02674
4.00625
3.98576
3.96524
3.94467
3.92404
3.90335
3.88257
3.8617
3.84071
3.8196
3.79833
3.7769
3.75526
3.73341
3.71132
3.68897
3.66634
3.64342
3.62021
3.59668
3.57286
3.54873
3.5243
3.49959
3.4746
3.44934
3.42384
3.3981
3.37214
3.34598
3.31963
3.29313
3.26648
3.23973
3.2129
3.18604
3.15918
3.13238
3.10568
3.07914
3.05282
3.02678
3.00105
2.97569
2.95072
2.92617
2.90204
2.87833
2.855
2.83201
2.80931
2.7868
2.76441
2.74204
2.71957
2.6969
2.67391
2.65049
2.62656
2.60201
2.57678
2.5508
2.52403
2.49647
2.46811
2.439
2.40918
2.37875
2.34782
2.31654
2.28508
2.25365
2.22248
2.19183
2.16193
2.13303
2.1053
2.07882
2.05356
2.02931
2.00571
1.98231
1.95859
1.93413
1.9087
1.88235
1.85542
1.82849
1.80235
1.7777
1.75533
1.73541
1.71879
1.70412
1.69438
1.68049
4.04118
4.01803
3.99496
3.97197
3.94904
3.92617
3.90333
3.88054
3.85777
3.83502
3.8123
3.78958
3.76686
3.74414
3.72139
3.69861
3.67578
3.65288
3.62989
3.6068
3.5836
3.56027
3.53679
3.51317
3.4894
3.46546
3.44137
3.41713
3.39275
3.36823
3.34359
3.31885
3.29403
3.26914
3.24421
3.21927
3.19434
3.16945
3.14464
3.11994
3.09539
3.07101
3.04684
3.02293
2.99928
2.97595
2.95293
2.93025
2.90792
2.88591
2.86422
2.84282
2.82165
2.80067
2.7798
2.75897
2.7381
2.71707
2.69581
2.67419
2.65214
2.62954
2.60631
2.58238
2.55767
2.53214
2.50575
2.47849
2.45036
2.42137
2.39159
2.36108
2.32992
2.29823
2.26615
2.23382
2.20142
2.16914
2.13718
2.10575
2.07502
2.04514
2.01622
1.98828
1.96127
1.93506
1.90951
1.88446
1.85982
1.83562
1.81201
1.78925
1.76771
1.74769
1.72963
1.71349
1.69991
1.6876
1.67942
1.6668
4.019
3.99425
3.96957
3.94495
3.92039
3.8959
3.87146
3.84708
3.82275
3.79848
3.77427
3.75011
3.72601
3.70196
3.67795
3.65399
3.63005
3.60614
3.58225
3.55836
3.53447
3.51057
3.48664
3.46269
3.43871
3.4147
3.39065
3.36657
3.34247
3.31835
3.29423
3.27011
3.24601
3.22195
3.19795
3.17403
3.15021
3.12653
3.10299
3.07964
3.05649
3.03357
3.0109
2.98851
2.9664
2.9446
2.92309
2.90189
2.88098
2.86034
2.83994
2.81975
2.79971
2.77976
2.75983
2.73985
2.71974
2.69939
2.67873
2.65765
2.63607
2.6139
2.59105
2.56747
2.54308
2.51785
2.49174
2.46474
2.43685
2.40809
2.3785
2.34814
2.31709
2.28545
2.25332
2.22083
2.18814
2.15539
2.12276
2.09043
2.05856
2.02733
1.99687
1.9673
1.9387
1.91111
1.88453
1.85898
1.83446
1.81101
1.78873
1.76773
1.74819
1.73023
1.71408
1.69958
1.6873
1.6759
1.66825
1.65581
4.00935
3.98371
3.95811
3.93255
3.90704
3.88156
3.85613
3.83075
3.80542
3.78015
3.75493
3.72978
3.7047
3.67968
3.65474
3.62987
3.60506
3.58033
3.55566
3.53105
3.50651
3.48202
3.45758
3.4332
3.40887
3.38459
3.36037
3.3362
3.3121
3.28806
3.2641
3.24023
3.21646
3.1928
3.16928
3.1459
3.12269
3.09966
3.07683
3.05423
3.03186
3.00975
2.98791
2.96635
2.94507
2.92409
2.90338
2.88296
2.86278
2.84284
2.82309
2.8035
2.784
2.76455
2.74507
2.72548
2.70571
2.68568
2.66529
2.64446
2.6231
2.60115
2.57851
2.55513
2.53095
2.50592
2.48003
2.45325
2.4256
2.39709
2.36775
2.33765
2.30685
2.27544
2.24352
2.21121
2.17864
2.14595
2.11329
2.08082
2.0487
2.01709
1.98616
1.95603
1.92684
1.8987
1.87168
1.84586
1.82131
1.79807
1.77624
1.75587
1.73706
1.71984
1.70436
1.69039
1.67842
1.66717
1.65946
1.64658
4.0054
3.97933
3.95327
3.92722
3.9012
3.87519
3.84922
3.82327
3.79736
3.77149
3.74568
3.71991
3.69421
3.66857
3.643
3.61751
3.5921
3.56677
3.54152
3.51636
3.49129
3.46631
3.44141
3.41662
3.39192
3.36732
3.34282
3.31844
3.29417
3.27002
3.24601
3.22214
3.19842
3.17487
3.1515
3.12832
3.10535
3.0826
3.06008
3.03781
3.0158
2.99406
2.97261
2.95143
2.93054
2.90993
2.88959
2.8695
2.84965
2.83
2.81052
2.79117
2.77188
2.75261
2.73328
2.71383
2.69418
2.67424
2.65395
2.6332
2.61194
2.59007
2.56753
2.54427
2.52022
2.49535
2.46964
2.44306
2.41563
2.38737
2.3583
2.32849
2.29799
2.26689
2.23529
2.20329
2.17102
2.13861
2.10619
2.07392
2.04195
2.01042
1.97951
1.94934
1.92007
1.89182
1.86469
1.83879
1.81421
1.79102
1.76928
1.74905
1.73039
1.71329
1.69786
1.68384
1.67172
1.6602
1.65213
1.63849
4.00382
3.97755
3.95127
3.92499
3.89872
3.87245
3.8462
3.81997
3.79375
3.76757
3.74142
3.71531
3.68925
3.66325
3.6373
3.61143
3.58563
3.55991
3.53427
3.50873
3.48328
3.45792
3.43268
3.40754
3.38253
3.35763
3.33286
3.30823
3.28375
3.25941
3.23524
3.21125
3.18743
3.16382
3.14041
3.11722
3.09426
3.07154
3.04908
3.02689
3.00497
2.98333
2.96197
2.9409
2.92011
2.89959
2.87934
2.85934
2.83955
2.81996
2.80052
2.78119
2.76191
2.74264
2.7233
2.70383
2.68416
2.6642
2.64389
2.62314
2.60188
2.58003
2.55754
2.53434
2.51038
2.48564
2.46007
2.43368
2.40646
2.37843
2.34964
2.32012
2.28994
2.25918
2.22793
2.19629
2.16439
2.13234
2.10028
2.06834
2.03668
2.00543
1.97475
1.94478
1.91565
1.8875
1.86044
1.83458
1.81001
1.7868
1.76504
1.74475
1.72599
1.70872
1.69307
1.67875
1.66623
1.65424
1.64568
1.63114
4.00311
3.97675
3.95037
3.92399
3.89761
3.87122
3.84484
3.81846
3.7921
3.76575
3.73943
3.71314
3.68689
3.66068
3.63452
3.60843
3.58239
3.55643
3.53055
3.50475
3.47905
3.45345
3.42795
3.40256
3.37729
3.35216
3.32716
3.3023
3.27761
3.25307
3.22872
3.20455
3.18058
3.15681
3.13327
3.10996
3.0869
3.06409
3.04155
3.01928
2.99728
2.97558
2.95416
2.93303
2.91217
2.89159
2.87127
2.85119
2.83132
2.81164
2.7921
2.77267
2.75329
2.7339
2.71446
2.69489
2.67511
2.65507
2.63467
2.61386
2.59256
2.5707
2.54821
2.52505
2.50116
2.47651
2.45108
2.42485
2.39783
2.37004
2.3415
2.31227
2.28241
2.25199
2.2211
2.18985
2.15833
2.12667
2.095
2.06345
2.03215
2.00126
1.97089
1.9412
1.91231
1.88435
1.85744
1.83167
1.80714
1.78392
1.76208
1.74166
1.72269
1.70516
1.68915
1.67442
1.6614
1.64888
1.63975
1.62426
4.0027
3.9763
3.94988
3.92344
3.897
3.87056
3.84411
3.81766
3.79122
3.76479
3.73838
3.712
3.68564
3.65932
3.63304
3.60681
3.58064
3.55453
3.5285
3.50254
3.47667
3.45089
3.42521
3.39964
3.37419
3.34887
3.32369
3.29865
3.27376
3.24905
3.22451
3.20016
3.17602
3.15208
3.12838
3.10491
3.08168
3.05872
3.03602
3.0136
2.99146
2.9696
2.94803
2.92675
2.90574
2.88501
2.86452
2.84428
2.82425
2.80439
2.78469
2.76508
2.74554
2.72599
2.70638
2.68665
2.66674
2.64657
2.62607
2.60517
2.5838
2.56189
2.5394
2.51625
2.49242
2.46785
2.44254
2.41646
2.38963
2.36206
2.33377
2.30483
2.27527
2.24519
2.21466
2.18378
2.15265
2.12138
2.09011
2.05895
2.02804
1.99751
1.96749
1.93811
1.90949
1.88176
1.85501
1.82936
1.80488
1.78165
1.75972
1.73913
1.71992
1.70207
1.68567
1.67048
1.65693
1.64383
1.63413
1.61768
4.00239
3.97596
3.94951
3.92305
3.89657
3.87009
3.8436
3.81712
3.79063
3.76416
3.73769
3.71125
3.68483
3.65844
3.63209
3.60578
3.57952
3.55331
3.52717
3.50111
3.47512
3.44922
3.42341
3.39771
3.37212
3.34665
3.32131
3.29612
3.27108
3.2462
3.2215
3.19699
3.17268
3.14857
3.1247
3.10105
3.07765
3.05451
3.03163
3.00903
2.9867
2.96466
2.9429
2.92142
2.90022
2.87929
2.8586
2.83815
2.81791
2.79786
2.77794
2.75813
2.73839
2.71864
2.69885
2.67895
2.65887
2.63855
2.61793
2.59692
2.57547
2.55352
2.531
2.50786
2.48407
2.45958
2.43438
2.40845
2.38179
2.35443
2.32639
2.29772
2.26847
2.23871
2.20852
2.178
2.14725
2.11638
2.08549
2.05473
2.02419
1.99403
1.96435
1.93528
1.90693
1.87943
1.85286
1.82732
1.80289
1.77964
1.75761
1.73684
1.71738
1.6992
1.68239
1.66672
1.65263
1.63894
1.62867
1.61128
4.00211
3.97566
3.94919
3.92271
3.89621
3.8697
3.84318
3.81667
3.79015
3.76364
3.73714
3.71065
3.68419
3.65775
3.63134
3.60497
3.57864
3.55237
3.52615
3.5
3.47392
3.44793
3.42202
3.39621
3.37051
3.34492
3.31946
3.29414
3.26896
3.24394
3.2191
3.19443
3.16996
3.1457
3.12165
3.09784
3.07427
3.05094
3.02788
3.00509
2.98257
2.96033
2.93836
2.91668
2.89526
2.87411
2.85321
2.83254
2.81208
2.7918
2.77167
2.75164
2.73168
2.71173
2.69175
2.67166
2.65141
2.63094
2.61018
2.58907
2.56754
2.54552
2.52298
2.49985
2.47609
2.45167
2.42657
2.40077
2.37429
2.34713
2.31933
2.29092
2.26196
2.23252
2.20267
2.1725
2.14212
2.11162
2.08111
2.05072
2.02056
1.99074
1.96139
1.93262
1.90454
1.87726
1.85086
1.82543
1.80104
1.77775
1.75562
1.73467
1.71494
1.69641
1.67918
1.66303
1.64839
1.63412
1.62327
1.60496
4.00185
3.97539
3.9489
3.92239
3.89587
3.86934
3.8428
3.81625
3.78971
3.76317
3.73663
3.71011
3.68361
3.65713
3.63067
3.60425
3.57787
3.55154
3.52526
3.49904
3.47289
3.44681
3.42082
3.39491
3.36911
3.34342
3.31785
3.29241
3.26712
3.24197
3.21699
3.19219
3.16758
3.14316
3.11896
3.09498
3.07124
3.04775
3.0245
3.00152
2.97881
2.95637
2.9342
2.91231
2.89068
2.86932
2.84819
2.8273
2.80662
2.78611
2.76576
2.74552
2.72534
2.70519
2.685
2.66473
2.64431
2.62369
2.6028
2.58157
2.55996
2.53789
2.51531
2.49218
2.46845
2.4441
2.4191
2.39343
2.36712
2.34015
2.31258
2.28442
2.25574
2.22661
2.19708
2.16726
2.13723
2.1071
2.07696
2.04693
2.01712
1.98764
1.95861
1.93012
1.9023
1.87521
1.84897
1.82363
1.79927
1.77593
1.75368
1.73253
1.71252
1.69363
1.67597
1.65932
1.64413
1.62927
1.61785
1.59865
4.00161
3.97512
3.94862
3.92209
3.89555
3.86899
3.84243
3.81586
3.78929
3.76272
3.73616
3.70961
3.68307
3.65655
3.63005
3.60359
3.57716
3.55077
3.52443
3.49815
3.47193
3.44578
3.41971
3.39372
3.36783
3.34205
3.31638
3.29084
3.26543
3.24017
3.21507
3.19014
3.16539
3.14083
3.11648
3.09235
3.06845
3.04478
3.02137
2.99821
2.97531
2.95268
2.93031
2.90822
2.88638
2.8648
2.84347
2.82236
2.80146
2.78073
2.76016
2.7397
2.71932
2.69896
2.67859
2.65813
2.63755
2.61678
2.59576
2.57442
2.55272
2.53059
2.50799
2.48486
2.46116
2.43687
2.41196
2.38643
2.36027
2.3335
2.30614
2.27824
2.24983
2.22099
2.19179
2.1623
2.13261
2.10283
2.07304
2.04336
2.01389
1.98474
1.956
1.92779
1.90019
1.8733
1.84718
1.82192
1.79756
1.77417
1.75177
1.73039
1.71008
1.69082
1.6727
1.65554
1.63977
1.62431
1.61231
1.59224
4.00138
3.97488
3.94835
3.92181
3.89524
3.86867
3.84208
3.81549
3.7889
3.7623
3.73571
3.70912
3.68255
3.65599
3.62946
3.60295
3.57648
3.55004
3.52365
3.49731
3.47102
3.44481
3.41866
3.3926
3.36663
3.34076
3.315
3.28936
3.26385
3.23848
3.21326
3.18821
3.16333
3.13864
3.11415
3.08988
3.06582
3.042
3.01842
2.99509
2.97201
2.9492
2.92665
2.90435
2.88232
2.86054
2.839
2.81768
2.79656
2.77563
2.75485
2.73418
2.7136
2.69305
2.67249
2.65186
2.63112
2.6102
2.58905
2.56762
2.54584
2.52365
2.50102
2.47789
2.45423
2.43
2.40519
2.37978
2.35378
2.32719
2.30005
2.27239
2.24426
2.21571
2.18681
2.15765
2.1283
2.09885
2.06941
2.04006
2.01092
1.98207
1.95362
1.92565
1.89827
1.87154
1.84553
1.82031
1.79594
1.77245
1.74987
1.72824
1.70759
1.68791
1.66929
1.65158
1.6352
1.61913
1.60654
1.58566
4.00116
3.97464
3.9481
3.92154
3.89496
3.86836
3.84176
3.81514
3.78852
3.7619
3.73528
3.70866
3.68206
3.65547
3.6289
3.60235
3.57583
3.54934
3.5229
3.4965
3.47016
3.44388
3.41767
3.39154
3.36549
3.33954
3.31369
3.28796
3.26235
3.23688
3.21155
3.18639
3.16139
3.13658
3.11196
3.08755
3.06335
3.03937
3.01564
2.99214
2.9689
2.94591
2.92318
2.9007
2.87848
2.85651
2.83477
2.81325
2.79193
2.7708
2.74982
2.72895
2.70818
2.68744
2.6667
2.64591
2.62502
2.60396
2.5827
2.56116
2.53931
2.51708
2.49442
2.4713
2.44767
2.42351
2.3988
2.37352
2.34768
2.32128
2.29436
2.26694
2.23908
2.21081
2.18222
2.15338
2.12435
2.09524
2.06613
2.03711
2.00827
1.97971
1.95152
1.92378
1.89658
1.86998
1.84405
1.81885
1.79441
1.77077
1.74797
1.72603
1.70498
1.68481
1.66564
1.64732
1.6303
1.61359
1.60041
1.57883
4.00096
3.97442
3.94787
3.92128
3.89469
3.86807
3.84145
3.81481
3.78816
3.76152
3.73487
3.70823
3.68159
3.65497
3.62836
3.60177
3.57521
3.54868
3.52219
3.49574
3.46935
3.44301
3.41673
3.39053
3.36441
3.33839
3.31246
3.28664
3.26094
3.23537
3.20995
3.18467
3.15957
3.13463
3.10989
3.08535
3.06101
3.0369
3.01302
2.98937
2.96597
2.94281
2.91991
2.89726
2.87486
2.8527
2.83078
2.80907
2.78756
2.76624
2.74507
2.72402
2.70306
2.68215
2.66125
2.6403
2.61927
2.59809
2.57672
2.5551
2.53318
2.51091
2.48824
2.46514
2.44156
2.41748
2.39287
2.36773
2.34206
2.31586
2.28917
2.262
2.2344
2.20643
2.17814
2.14961
2.12091
2.09212
2.06333
2.03461
2.00607
1.97777
1.94982
1.92227
1.89521
1.8687
1.8428
1.81754
1.79297
1.76912
1.74601
1.72367
1.70212
1.68138
1.66157
1.64259
1.62489
1.60758
1.59386
1.57189
4.00077
3.97422
3.94765
3.92105
3.89443
3.8678
3.84115
3.8145
3.78783
3.76116
3.73449
3.70782
3.68115
3.6545
3.62785
3.60123
3.57463
3.54806
3.52152
3.49503
3.46858
3.44219
3.41585
3.38959
3.3634
3.3373
3.3113
3.2854
3.25962
3.23396
3.20844
3.18307
3.15785
3.13281
3.10795
3.08329
3.05883
3.03458
3.01056
2.98677
2.96322
2.93991
2.91685
2.89404
2.87147
2.84914
2.82704
2.80516
2.78348
2.76198
2.74063
2.71941
2.69829
2.67722
2.65617
2.63509
2.61393
2.59264
2.57119
2.5495
2.52754
2.50525
2.4826
2.45953
2.43602
2.41204
2.38757
2.36259
2.3371
2.31112
2.28466
2.25775
2.23043
2.20276
2.17478
2.14656
2.11817
2.08969
2.0612
2.03276
2.00447
1.97641
1.94864
1.92123
1.89426
1.86776
1.84179
1.81639
1.79159
1.7674
1.74386
1.72098
1.69882
1.67741
1.65689
1.63721
1.61891
1.60116
1.58711
1.5655
4.00059
3.97403
3.94744
3.92083
3.8942
3.86755
3.84088
3.81421
3.78752
3.76083
3.73413
3.70743
3.68074
3.65405
3.62738
3.60072
3.57409
3.54748
3.5209
3.49436
3.46786
3.44142
3.41503
3.38871
3.36246
3.33629
3.31022
3.28425
3.25838
3.23264
3.20704
3.18157
3.15626
3.13112
3.10615
3.08138
3.0568
3.03244
3.00829
2.98437
2.96068
2.93723
2.91403
2.89107
2.86835
2.84586
2.82361
2.80157
2.77973
2.75808
2.73658
2.71521
2.69395
2.67275
2.65158
2.63039
2.60914
2.58778
2.56627
2.54455
2.52259
2.50032
2.47772
2.45473
2.43133
2.40748
2.38317
2.35838
2.33311
2.30736
2.28116
2.25452
2.22749
2.20011
2.17244
2.14452
2.11642
2.08822
2.05999
2.03179
2.00371
1.9758
1.94813
1.92077
1.89377
1.86717
1.841
1.81531
1.7901
1.76541
1.74127
1.71771
1.69482
1.67267
1.65148
1.6313
1.61272
1.59512
1.58138
1.56178
4.00044
3.97386
3.94726
3.92063
3.89399
3.86732
3.84064
3.81394
3.78724
3.76052
3.7338
3.70708
3.68036
3.65365
3.62695
3.60026
3.57359
3.54694
3.52033
3.49375
3.46721
3.44071
3.41428
3.3879
3.3616
3.33537
3.30924
3.2832
3.25726
3.23145
3.20576
3.18022
3.15482
3.12959
3.10453
3.07966
3.05498
3.03051
3.00625
2.98222
2.95842
2.93485
2.91152
2.88844
2.86559
2.84298
2.8206
2.79844
2.77648
2.7547
2.73309
2.71162
2.69026
2.66898
2.64774
2.62649
2.60521
2.58384
2.56233
2.54065
2.51874
2.49656
2.47406
2.45121
2.42797
2.4043
2.3802
2.35563
2.33061
2.30512
2.27919
2.25283
2.22608
2.19898
2.17157
2.14391
2.11606
2.08808
2.06002
2.03197
2.00398
1.9761
1.9484
1.92093
1.89373
1.86683
1.84026
1.81406
1.78824
1.76286
1.73796
1.71364
1.69006
1.66738
1.64597
1.62602
1.60826
1.59233
1.58047
1.56639
4.0003
3.97371
3.9471
3.92046
3.8938
3.86712
3.84042
3.81371
3.78698
3.76025
3.73351
3.70677
3.68003
3.65329
3.62657
3.59985
3.57315
3.54648
3.51983
3.49321
3.46664
3.4401
3.41363
3.38721
3.36086
3.33458
3.3084
3.2823
3.25632
3.23044
3.2047
3.17909
3.15363
3.12833
3.1032
3.07825
3.0535
3.02895
3.00461
2.9805
2.95662
2.93297
2.90956
2.8864
2.86348
2.84079
2.81834
2.79611
2.7741
2.75228
2.73063
2.70913
2.68776
2.66648
2.64525
2.62405
2.60282
2.58153
2.56013
2.53857
2.51681
2.49479
2.47248
2.44983
2.42681
2.40338
2.37952
2.3552
2.33043
2.30519
2.27951
2.25339
2.22686
2.19997
2.17275
2.14525
2.11752
2.08961
2.06159
2.03351
2.00542
1.97737
1.94941
1.92158
1.89392
1.86646
1.83924
1.81231
1.78572
1.75957
1.73402
1.70927
1.68565
1.66353
1.64351
1.62602
1.61193
1.6013
1.5949
1.59353
4.0002
3.9736
3.94698
3.92033
3.89366
3.86697
3.84026
3.81353
3.7868
3.76005
3.7333
3.70654
3.67978
3.65303
3.62629
3.59956
3.57284
3.54615
3.51948
3.49284
3.46624
3.43969
3.41319
3.38675
3.36038
3.33408
3.30787
3.28175
3.25574
3.22984
3.20407
3.17843
3.15295
3.12763
3.10248
3.07751
3.05274
3.02818
3.00383
2.97971
2.95582
2.93218
2.90878
2.88563
2.86273
2.84008
2.81767
2.7955
2.77354
2.7518
2.73025
2.70886
2.68762
2.66648
2.64541
2.62439
2.60335
2.58227
2.56109
2.53976
2.51824
2.49647
2.47441
2.45201
2.42923
2.40604
2.38239
2.35828
2.33369
2.30862
2.28307
2.25706
2.23061
2.20375
2.17652
2.14897
2.12113
2.09306
2.06481
2.03642
2.00794
1.97941
1.95089
1.92242
1.89404
1.86582
1.83784
1.81023
1.78316
1.75688
1.73176
1.70831
1.68717
1.66911
1.65507
1.64582
1.64236
1.64533
1.65236
1.67857
4.00016
3.97356
3.94694
3.92029
3.89362
3.86693
3.84022
3.8135
3.78676
3.76002
3.73327
3.70652
3.67978
3.65303
3.6263
3.59958
3.57288
3.5462
3.51955
3.49294
3.46636
3.43984
3.41337
3.38696
3.36062
3.33436
3.30819
3.28212
3.25617
3.23033
3.20462
3.17906
3.15365
3.12841
3.10335
3.07849
3.05383
3.02939
3.00517
2.98119
2.95746
2.93399
2.91077
2.88781
2.86513
2.8427
2.82053
2.79861
2.77693
2.75548
2.73422
2.71315
2.69222
2.67142
2.65069
2.62999
2.60929
2.58853
2.56766
2.54663
2.52538
2.50385
2.482
2.45977
2.43712
2.41402
2.39042
2.36631
2.34167
2.3165
2.2908
2.2646
2.23791
2.21076
2.18319
2.15523
2.12694
2.09835
2.06951
2.04048
2.0113
1.98205
1.9528
1.92364
1.89469
1.86614
1.83822
1.81129
1.78582
1.76247
1.74212
1.72583
1.71492
1.71079
1.715
1.72876
1.75303
1.78931
1.8284
1.91494
4.0004
3.97383
3.94724
3.92062
3.89399
3.86734
3.84068
3.81401
3.78733
3.76065
3.73398
3.7073
3.68064
3.65399
3.62735
3.60073
3.57415
3.54759
3.52107
3.4946
3.46818
3.44181
3.41551
3.38928
3.36314
3.33709
3.31114
3.2853
3.25959
3.23401
3.20858
3.18331
3.15821
3.13329
3.10858
3.08407
3.05978
3.03573
3.01193
2.98838
2.9651
2.94209
2.91935
2.8969
2.87472
2.85282
2.83119
2.80981
2.78867
2.76775
2.74703
2.72647
2.70603
2.68569
2.66538
2.64507
2.6247
2.6042
2.58353
2.56261
2.5414
2.51984
2.49787
2.47544
2.45251
2.42905
2.40503
2.38043
2.35525
2.32949
2.30316
2.27628
2.24888
2.221
2.19267
2.16395
2.13489
2.10556
2.07604
2.04642
2.01682
1.98739
1.95836
1.92999
1.90268
1.87695
1.85352
1.83335
1.81773
1.80827
1.80698
1.81624
1.83871
1.8771
1.934
2.01121
2.10895
2.2293
2.34795
2.56976
4.00174
3.97533
3.9489
3.92246
3.89602
3.86957
3.84313
3.8167
3.79027
3.76386
3.73747
3.7111
3.68476
3.65845
3.63218
3.60594
3.57976
3.55362
3.52755
3.50154
3.4756
3.44975
3.42398
3.3983
3.37273
3.34728
3.32195
3.29676
3.27171
3.24682
3.2221
3.19756
3.17321
3.14907
3.12515
3.10146
3.078
3.0548
3.03186
3.00918
2.98677
2.96463
2.94277
2.92118
2.89985
2.87876
2.85791
2.83728
2.81682
2.79652
2.77634
2.75622
2.73613
2.71601
2.6958
2.67545
2.6549
2.63409
2.61295
2.59144
2.56951
2.5471
2.52418
2.50071
2.47668
2.45207
2.42688
2.4011
2.37476
2.34787
2.32047
2.2926
2.26433
2.23572
2.20686
2.17786
2.14885
2.12002
2.09159
2.06385
2.0372
2.01213
1.98933
1.96972
1.95451
1.94534
1.94433
1.95423
1.9785
2.02137
2.08778
2.18322
2.31331
2.48302
2.69571
2.9516
3.24564
3.57448
3.8832
4.37508
4.00833
3.9825
3.95669
3.93091
3.90517
3.87946
3.85379
3.82816
3.80258
3.77705
3.75158
3.72617
3.70081
3.67553
3.65031
3.62517
3.60011
3.57513
3.55025
3.52546
3.50077
3.47618
3.45171
3.42736
3.40314
3.37905
3.35511
3.33132
3.30768
3.28422
3.26093
3.23782
3.21491
3.1922
3.16969
3.14739
3.12531
3.10345
3.0818
3.06036
3.03913
3.0181
2.99724
2.97654
2.95599
2.93554
2.91517
2.89483
2.87449
2.85409
2.83359
2.81294
2.79208
2.77096
2.74953
2.72775
2.70558
2.68298
2.65993
2.63641
2.61242
2.58796
2.56305
2.53769
2.51192
2.48577
2.4593
2.43257
2.40565
2.37863
2.35164
2.32482
2.29837
2.27252
2.24759
2.22396
2.20215
2.18278
2.1667
2.15497
2.149
2.15064
2.1623
2.18714
2.22929
2.294
2.38786
2.51889
2.69645
2.93086
3.23263
3.61108
4.07247
4.6174
5.23864
5.91854
6.62866
7.33768
7.95773
8.74373
4.03716
4.01332
3.98957
3.9659
3.94233
3.91885
3.89546
3.87217
3.84897
3.82587
3.80285
3.77994
3.75711
3.73438
3.71174
3.68919
3.66674
3.64438
3.62211
3.59993
3.57784
3.55585
3.53395
3.51214
3.49043
3.46881
3.44728
3.42584
3.4045
3.38324
3.36207
3.34099
3.31998
3.29905
3.27818
3.25736
3.23657
3.21581
3.19505
3.17426
3.15343
3.13253
3.11151
3.09035
3.06901
3.04746
3.02566
3.00357
2.98116
2.95841
2.93531
2.91183
2.888
2.86382
2.83933
2.81456
2.78958
2.76446
2.73929
2.71416
2.68918
2.66448
2.64019
2.61644
2.59342
2.57131
2.55034
2.53078
2.51298
2.49737
2.48447
2.47495
2.46966
2.46965
2.47623
2.49106
2.51622
2.55434
2.60875
2.6837
2.78456
2.9181
3.09273
3.31874
3.60831
3.97535
4.43494
5.0021
5.68998
6.50722
7.45488
8.52321
9.68935
10.9159
12.1532
13.3401
14.4173
15.3156
16.0002
16.5043
4.15408
4.13577
4.11757
4.09949
4.08152
4.06364
4.04584
4.02812
4.01046
3.99286
3.97529
3.95775
3.94022
3.9227
3.90517
3.88762
3.87004
3.8524
3.83471
3.81694
3.79909
3.78113
3.76306
3.74485
3.7265
3.70798
3.68928
3.67039
3.65128
3.63193
3.61233
3.59246
3.57229
3.55181
3.53099
3.50983
3.4883
3.4664
3.44411
3.42143
3.39837
3.37494
3.35118
3.32711
3.3028
3.27833
3.2538
3.22931
3.20503
3.18112
3.15778
3.13524
3.11373
3.09355
3.07497
3.05831
3.04391
3.0321
3.02327
3.01781
3.01615
3.01879
3.02627
3.03926
3.05852
3.08501
3.11988
3.16454
3.22069
3.29043
3.37627
3.48127
3.60907
3.76405
3.95144
4.17749
4.4497
4.77695
5.16975
5.64031
6.20244
6.87125
7.66226
8.59015
9.66675
10.8986
12.284
13.8105
15.4519
17.1677
18.9034
20.5932
22.1657
23.5503
24.688
25.5291
26.0618
26.2358
26.2085
25.4613
4.60105
4.59602
4.59088
4.58563
4.58022
4.57462
4.56881
4.56277
4.55644
4.54982
4.54287
4.53555
4.52785
4.51974
4.51118
4.50215
4.49263
4.48258
4.472
4.46085
4.44912
4.43679
4.42386
4.41031
4.39615
4.38138
4.36601
4.35007
4.3336
4.31663
4.29924
4.2815
4.26352
4.24542
4.22736
4.20952
4.19212
4.17542
4.15972
4.14537
4.13277
4.12237
4.11469
4.1103
4.10983
4.11398
4.1235
4.13923
4.16202
4.1928
4.23254
4.28224
4.34293
4.4157
4.50163
4.60187
4.7176
4.8501
5.00073
5.171
5.36266
5.57766
5.81834
6.08743
6.38813
6.72422
7.10007
7.52074
7.99196
8.52015
9.11243
9.77656
10.5209
11.3542
12.2856
13.3245
14.4797
15.7595
17.1703
18.7153
20.3931
22.1952
24.1041
26.0911
28.1153
30.1236
32.0535
33.8366
35.405
36.6983
37.6698
38.2913
38.5559
38.4748
38.0793
37.4
36.5049
35.3549
34.2602
32.116
6.5347
6.57067
6.60607
6.64089
6.67511
6.7087
6.74168
6.77403
6.80577
6.83693
6.86752
6.89758
6.92716
6.95633
6.98517
7.01376
7.04223
7.0707
7.09935
7.12836
7.15794
7.18834
7.21986
7.25282
7.2876
7.32462
7.36436
7.40736
7.45421
7.5056
7.56228
7.62506
7.69489
7.77277
7.85983
7.95729
8.0665
8.18892
8.32614
8.47989
8.65204
8.84457
9.05963
9.2995
9.5666
9.86348
10.1928
10.5574
10.9601
11.4039
11.8919
12.4272
13.0128
13.6521
14.3481
15.1041
15.9233
16.8088
17.764
18.7921
19.8963
21.0799
22.3461
23.6979
25.138
26.6689
28.2921
30.0082
31.8166
33.7146
35.6972
37.7566
39.8817
42.0573
44.2639
46.4768
48.6661
50.796
52.8246
54.7047
56.3847
57.8113
58.9335
59.7071
60.1002
60.0974
59.7015
58.9337
57.8296
56.4352
54.8009
52.9776
51.0144
48.9565
46.85
44.7233
42.6395
40.5175
38.7097
35.7633
20.4158
20.7518
21.089
21.4276
21.7675
22.109
22.4523
22.7974
23.1447
23.4944
23.8467
24.2021
24.561
24.9236
25.2906
25.6624
26.0397
26.423
26.813
27.2104
27.6161
28.0309
28.4558
28.8916
29.3395
29.8005
30.2758
30.7666
31.2744
31.8004
32.3462
32.9134
33.5037
34.1189
34.7611
35.4322
36.1347
36.871
37.6439
38.4563
39.3114
40.2129
41.1647
42.171
43.2366
44.3667
45.5669
46.8433
48.2027
49.6519
51.1986
52.8504
54.6151
56.5005
58.5137
60.6611
62.9476
65.3762
67.9472
70.6573
73.499
76.4597
79.5214
82.6594
85.8429
89.0341
92.1893
95.2588
98.1881
100.919
103.391
105.543
107.314
108.648
109.493
109.807
109.56
108.738
107.346
105.409
102.973
100.101
96.8705
93.3633
89.6602
85.8345
81.9482
78.0512
74.1825
70.3735
66.6502
63.0382
59.5613
56.2454
53.114
50.1815
47.4813
44.9229
42.8256
39.6869
131.205
132.935
134.62
136.256
137.841
139.37
140.842
142.254
143.603
144.886
146.102
147.247
148.319
149.316
150.236
151.075
151.832
152.504
153.09
153.586
153.991
154.303
154.519
154.637
154.654
154.57
154.38
154.083
153.677
153.158
152.526
151.777
150.909
149.92
148.808
147.571
146.206
144.714
143.092
141.34
139.458
137.446
135.305
133.038
130.648
128.14
125.518
122.792
119.969
117.061
114.081
111.043
107.964
104.865
101.765
98.6883
95.6585
92.7016
89.8441
87.1128
84.5343
82.1341
79.9362
77.9627
76.2328
74.7626
73.5647
72.6477
72.016
71.6694
71.6024
71.8037
72.2544
72.927
73.7832
74.7729
75.833
76.889
77.8587
78.6585
79.2121
79.459
79.3625
78.9134
78.1295
77.0509
75.732
74.2325
72.6096
70.9123
69.1792
67.4371
65.7088
64.0064
62.3588
60.762
59.2881
57.8177
56.7234
54.8054
1.54938
1.40514
1.8648
1.99372
1.91279
1.71317
1.51686
1.82082
3.66196
6.6805
10.3073
14.3492
18.6965
23.2624
27.9789
32.7957
37.678
42.6062
47.5748
52.5908
57.671
62.8389
68.1212
73.5447
79.1338
84.9084
90.8828
97.0652
103.457
110.052
116.837
123.792
130.891
138.104
145.394
152.721
160.046
167.34
174.593
181.818
188.987
195.982
202.784
209.349
215.63
221.576
227.135
232.252
236.875
240.954
244.439
247.286
249.454
250.91
251.625
251.58
250.764
249.176
246.826
243.734
239.933
235.469
230.406
224.865
219.177
214.462
211.195
207.907
204.299
200.373
196.177
191.764
187.189
182.502
177.75
172.975
168.214
163.496
158.845
154.279
149.807
145.434
141.159
136.975
132.874
128.842
124.863
120.921
116.999
113.08
109.151
105.199
101.221
97.2093
93.1796
89.1315
85.1228
81.0703
77.6361
71.8876
4.95948
3.29299
2.79728
2.67387
2.84738
3.49827
4.84813
6.90513
9.47841
12.2692
15.1144
17.956
20.7837
23.6136
26.4706
29.3767
32.3468
35.3887
38.5063
41.7025
44.9812
48.3478
51.8094
55.3738
59.0481
62.8382
66.7476
70.7773
74.9248
79.1846
83.5478
88.0023
92.5334
97.124
101.756
106.413
111.081
115.756
120.444
125.152
129.847
134.472
139.002
143.411
147.67
151.748
155.612
159.231
162.57
165.598
168.283
170.594
172.505
173.989
175.026
175.598
175.694
175.306
174.434
173.086
171.276
169.025
166.366
163.349
160.066
156.688
153.281
149.755
146.082
142.282
138.389
134.44
130.471
126.512
122.586
118.715
114.912
111.185
107.538
103.969
100.471
97.0378
93.6559
90.3126
86.9942
83.6866
80.3772
77.0544
73.7099
70.3362
66.9334
63.4964
60.0407
56.555
53.0887
49.5912
46.2098
42.7014
39.7821
34.8417
8.58679
4.96444
4.33299
4.3113
4.85676
6.07458
7.9145
10.1148
12.4188
14.7246
17.0388
19.3976
21.8451
24.4189
27.1408
30.0143
33.0291
36.1684
39.4149
42.7555
46.1839
49.7003
53.3101
57.0225
60.8478
64.7967
68.8783
73.0997
77.4656
81.9778
86.6356
91.4357
96.3725
101.439
106.625
111.922
117.315
122.787
128.31
133.852
139.397
144.909
150.356
155.696
160.888
165.891
170.661
175.152
179.321
183.123
186.516
189.458
191.913
193.846
195.229
196.039
196.261
195.888
194.919
193.366
191.247
188.593
185.441
181.844
177.867
173.595
169.095
164.402
159.554
154.597
149.578
144.545
139.537
134.592
129.738
124.995
120.377
115.892
111.541
107.319
103.218
99.2238
95.3215
91.4936
87.7221
83.989
80.2774
76.572
72.861
69.1338
65.3869
61.6147
57.8276
54.019
50.2284
46.4223
42.7208
38.9395
35.6928
30.5342
11.5567
6.55786
5.9397
6.04812
6.72421
7.96474
9.64274
11.542
13.5207
15.5552
17.6774
19.9274
22.3391
24.9344
27.7212
30.695
33.8434
37.1504
40.6015
44.1863
47.9005
51.7459
55.7294
59.8619
64.1565
68.6272
73.2872
78.1481
83.2191
88.5066
94.0138
99.7403
105.682
111.832
118.179
124.705
131.39
138.203
145.107
152.068
159.043
165.988
172.854
179.588
186.134
192.434
198.426
204.051
209.246
213.953
218.114
221.676
224.59
226.815
228.316
229.07
229.06
228.285
226.754
224.488
221.522
217.9
213.678
208.924
203.713
198.13
192.255
186.164
179.924
173.603
167.261
160.956
154.736
148.641
142.7
136.936
131.362
125.983
120.797
115.795
110.966
106.29
101.749
97.3206
92.981
88.7079
84.4795
80.2759
76.0808
71.8798
67.6656
63.431
59.1835
54.9194
50.6747
46.4288
42.2908
38.1122
34.4775
28.9305
13.5494
7.6963
7.10499
7.29726
7.97323
9.07592
10.5086
12.1446
13.9083
15.7864
17.7983
19.9726
22.3369
24.9129
27.7142
30.7456
34.0045
37.4838
41.1752
45.0719
49.1711
53.4747
57.9896
62.7267
67.7002
72.925
78.4165
84.188
90.2506
96.6116
103.274
110.237
117.494
125.031
132.831
140.866
149.104
157.504
166.013
174.576
183.137
191.636
200.006
208.179
216.079
223.63
230.754
237.372
243.407
248.783
253.433
257.291
260.304
262.426
263.625
263.879
263.185
261.552
259.005
255.585
251.349
246.365
240.714
234.484
227.774
220.682
213.309
205.749
198.09
190.411
182.785
175.27
167.918
160.768
153.847
147.173
140.755
134.592
128.677
122.996
117.531
112.258
107.153
102.189
97.3369
92.5707
87.8642
83.1938
78.5396
73.8847
69.2197
64.5373
59.8444
55.1417
50.4658
45.8092
41.2772
36.7522
32.8068
26.9675
14.8609
8.29578
7.73185
7.98632
8.65389
9.65227
10.9181
12.3817
13.9984
15.7569
17.6709
19.7674
22.0787
24.6357
27.464
30.5812
33.997
37.7143
41.7323
46.0488
50.6636
55.579
60.8017
66.3413
72.2102
78.4219
84.9895
91.924
99.2332
106.921
114.984
123.415
132.2
141.314
150.727
160.399
170.285
180.324
190.449
200.583
210.649
220.569
230.257
239.625
248.581
257.032
264.883
272.042
278.42
283.933
288.507
292.076
294.587
296.001
296.295
295.466
293.525
290.505
286.457
281.45
275.568
268.909
261.581
253.701
245.385
236.753
227.92
218.992
210.064
201.221
192.534
184.059
175.841
167.911
160.288
152.98
145.986
139.297
132.897
126.765
120.875
115.2
109.708
104.368
99.1498
94.0219
88.9562
83.927
78.9132
73.8975
68.8709
63.8281
58.7787
53.7302
48.7226
43.7638
38.958
34.2194
30.1021
24.1837
15.6522
8.55983
7.97808
8.27667
8.96193
9.92579
11.116
12.4903
14.0232
15.7117
17.5742
19.6443
21.9639
24.576
27.5202
30.8283
34.5236
38.621
43.1291
48.0522
53.3933
59.1553
65.3425
71.9605
79.0155
86.5135
94.4589
102.853
111.693
120.97
130.67
140.77
151.239
162.039
173.121
184.431
195.9
207.447
218.985
230.418
241.65
252.581
263.11
273.134
282.546
291.242
299.119
306.079
312.03
316.891
320.591
323.074
324.3
324.25
322.922
320.338
316.54
311.592
305.579
298.603
290.782
282.244
273.127
263.568
253.706
243.671
233.585
223.556
213.678
204.028
194.664
185.63
176.956
168.656
160.734
153.182
145.986
139.124
132.571
126.296
120.267
114.451
108.812
103.317
97.9315
92.6247
87.3677
82.1353
76.9077
71.6699
66.416
61.146
55.8746
50.6188
45.4249
40.3176
35.4015
30.6244
26.5048
20.769
15.8181
8.54785
7.98449
8.3454
9.09245
10.099
11.3124
12.7026
14.2576
15.9863
17.9179
20.0974
22.5796
25.422
28.6798
32.4009
36.6242
41.3779
46.6809
52.5438
58.9709
65.9618
73.5128
81.6174
90.2664
99.448
109.147
119.344
130.013
141.126
152.643
164.522
176.708
189.145
201.765
214.484
227.215
239.857
252.308
264.456
276.19
287.399
297.97
307.792
316.756
324.755
331.691
337.47
342.011
345.246
347.123
347.608
346.688
344.372
340.694
335.711
329.503
322.173
313.843
304.653
294.752
284.3
273.454
262.371
251.199
240.07
229.103
218.396
208.028
198.055
188.515
179.428
170.799
162.62
154.872
147.528
140.558
133.924
127.591
121.519
115.67
110.005
104.487
99.0814
93.7544
88.476
83.2198
77.964
72.6924
67.3957
62.0738
56.7345
51.4007
46.1008
40.8898
35.8098
30.9661
26.3401
22.3953
17.1021
15.7364
8.45797
7.93845
8.40113
9.28119
10.4399
11.822
13.4028
15.1803
17.1755
19.431
22.0067
24.9735
28.4067
32.3793
36.9566
42.1921
48.125
54.7794
62.1641
70.2741
79.0925
88.5924
98.7391
109.492
120.804
132.627
144.907
157.587
170.608
183.901
197.4
211.035
224.717
238.357
251.857
265.118
278.029
290.482
302.36
313.55
323.94
333.42
341.883
349.23
355.367
360.209
363.683
365.731
366.312
365.403
363.005
359.142
353.864
347.243
339.38
330.397
320.437
309.66
298.237
286.347
274.167
261.871
249.62
237.558
225.81
214.476
203.633
193.33
183.597
174.44
165.847
157.793
150.241
143.149
136.467
130.147
124.137
118.39
112.859
107.5
102.272
97.1374
92.0627
87.017
81.9741
76.9123
71.8157
66.6748
61.4882
56.2644
51.0213
45.7923
40.6188
35.5655
30.6915
26.102
21.8079
18.2018
13.5671
15.3664
8.32694
7.97323
8.67657
9.87387
11.4282
13.2886
15.4373
17.8811
20.6527
23.8089
27.4254
31.59
36.3935
41.9218
48.248
55.4264
63.4881
72.4393
82.2611
92.9112
104.328
116.437
129.154
142.387
156.046
170.039
184.278
198.675
213.147
227.612
241.979
256.158
270.058
283.588
296.651
309.152
320.99
332.062
342.267
351.501
359.667
366.672
372.427
376.854
379.882
381.456
381.531
380.083
377.106
372.619
366.662
359.301
350.631
340.767
329.852
318.046
305.527
292.486
279.116
265.61
252.154
238.92
226.059
213.699
201.939
190.851
180.477
170.833
161.911
153.681
146.097
139.103
132.632
126.618
120.991
115.685
110.636
105.786
101.082
96.4786
91.933
87.4092
82.8765
78.3091
73.6866
68.9944
64.2246
59.3767
54.4591
49.491
44.5022
39.5378
34.6529
29.9219
25.4183
21.2449
17.434
14.2968
10.4568
15.0623
8.32215
8.39984
9.71531
11.7425
14.3788
17.5952
21.3814
25.7389
30.6892
36.2759
42.5604
49.6132
57.5032
66.2865
75.9971
86.6406
98.191
110.593
123.762
137.588
151.946
166.711
181.753
196.943
212.169
227.327
242.319
257.054
271.445
285.415
298.89
311.797
324.065
335.623
346.396
356.309
365.285
373.243
380.104
385.789
390.224
393.341
395.079
395.386
394.225
391.571
387.417
381.777
374.684
366.197
356.4
345.401
333.333
320.353
306.634
292.369
277.756
263.001
248.305
233.859
219.837
206.392
193.648
181.7
170.612
160.415
151.112
142.679
135.07
128.22
122.054
116.487
111.43
106.794
102.495
98.4537
94.5961
90.8578
87.1824
83.5215
79.8343
76.0877
72.2552
68.3172
64.2604
60.0789
55.7738
51.3552
46.8426
42.267
37.6707
33.1109
28.6552
24.3866
20.3877
16.7553
13.5304
10.9406
7.93145
14.5862
8.75406
10.1118
13.4091
18.3003
24.7884
32.8102
42.1913
52.6907
64.0744
76.1633
88.836
102.02
115.674
129.768
144.267
159.12
174.259
189.612
205.074
220.525
235.851
250.969
265.768
280.155
294.047
307.379
320.098
332.159
343.522
354.145
363.992
373.022
381.193
388.46
394.776
400.088
404.342
407.481
409.448
410.189
409.652
407.796
404.585
399.997
394.024
386.675
377.978
367.981
356.756
344.4
331.032
316.794
301.851
286.385
270.592
254.674
238.836
223.279
208.189
193.734
180.058
167.274
155.465
144.679
134.936
126.22
118.495
111.7
105.756
100.575
96.0582
92.1044
88.6118
85.4813
82.6192
79.9392
77.3637
74.8244
72.2631
69.6314
66.8901
64.0093
60.9673
57.7505
54.3533
50.7782
47.0361
43.1477
39.1437
35.0668
30.9716
26.926
23.0077
19.3042
15.901
12.8824
10.285
8.25798
6.01968
14.2281
11.2567
18.9142
32.53
52.2814
76.9724
104.42
132.439
159.423
184.469
207.279
227.874
246.465
263.338
278.784
293.052
306.341
318.801
330.606
341.768
352.291
362.188
371.44
380.063
388.068
395.452
402.208
408.323
413.781
418.564
422.648
426.008
428.613
430.429
431.416
431.532
430.734
428.973
426.204
422.381
417.464
411.419
404.221
395.856
386.326
375.647
363.857
351.012
337.19
322.495
307.049
290.998
274.507
257.757
240.938
224.248
207.881
192.026
176.853
162.514
149.132
136.8
125.578
115.492
106.54
98.6895
91.8864
86.0577
81.1175
76.9705
73.516
70.6512
68.2733
66.2812
64.5778
63.0711
61.6757
60.3145
58.9193
57.4318
55.804
53.9979
51.9857
49.7494
47.2802
44.5787
41.655
38.5288
35.23
31.7999
28.2915
24.7692
21.309
17.9943
14.912
12.1416
9.74911
7.75648
6.24697
4.65259
13.7438
37.0925
106.235
194.649
283.369
361.212
423.119
468.637
499.904
520.007
532.103
538.314
540.382
539.65
537.109
533.466
529.218
524.705
520.081
515.522
511.129
506.937
502.936
499.091
495.358
491.681
488.003
484.263
480.399
476.348
472.043
467.422
462.417
456.964
451
444.461
437.29
429.429
420.828
411.443
401.237
390.185
378.274
365.505
351.897
337.488
322.336
306.519
290.138
273.316
256.192
238.925
221.685
204.651
188.003
171.918
156.559
142.074
128.583
116.179
104.925
94.8467
85.9424
78.1805
71.5065
65.8481
61.1211
57.2345
54.0945
51.6076
49.682
48.2282
47.1593
46.3903
45.8386
45.4241
45.0704
44.7058
44.2651
43.6909
42.935
41.9591
40.7355
39.247
37.4874
35.461
33.1827
30.6788
27.9865
25.1547
22.244
19.3254
16.4784
13.7862
11.3284
9.17134
7.3592
5.89543
4.81631
3.71388
16.2291
514.264
924.498
1157.83
1251.91
1259.26
1221.48
1164.92
1103.74
1044.26
988.437
936.794
889.225
845.51
805.469
768.956
735.803
705.792
678.64
654.041
631.691
611.304
592.624
575.423
559.501
544.674
530.774
517.639
505.116
493.057
481.323
469.783
458.318
446.817
435.183
423.326
411.169
398.645
385.697
372.278
358.358
343.919
328.958
313.492
297.555
281.204
264.512
247.574
230.507
213.439
196.515
179.891
163.723
148.169
133.376
119.476
106.58
94.7725
84.1058
74.6015
66.2496
59.0121
52.8277
47.6182
43.2954
39.7668
36.9411
34.7319
33.0595
31.8515
31.0419
30.5693
30.3751
30.4015
30.5896
30.8791
31.2083
31.5154
31.7407
31.8287
31.7302
31.4048
30.8222
29.9633
28.8206
27.3987
25.7144
23.7968
21.687
19.4381
17.1142
14.7879
12.537
10.4381
8.55835
6.94641
5.62591
4.58575
3.83504
3.08368
)
;

boundaryField
{
    outlet
    {
        type            zeroGradient;
    }
    inlet
    {
        type            fixedValue;
        value           uniform 5.199;
    }
    lowerWall
    {
        type            epsilonWallFunction;
        Cmu             0.09;
        kappa           0.41;
        E               9.8;
        value           nonuniform List<scalar> 
148
(
151.448
203.151
260.735
321.761
383.629
443.726
499.766
550.042
593.497
629.689
658.687
680.93
697.094
707.975
714.401
717.167
717.002
714.549
710.357
704.885
698.51
691.535
684.2
676.693
669.158
661.703
654.404
647.33
640.437
634.132
626.537
626.643
591.346
1.54938
4.95948
8.58679
11.5567
13.5494
14.8609
15.6522
15.8181
15.7364
15.3664
15.0623
14.5862
14.2281
13.7438
16.2291
1.54938
1.40514
1.8648
1.99372
1.91279
1.71317
1.51686
1.82082
3.66196
6.6805
10.3073
14.3492
18.6965
23.2624
27.9789
32.7957
37.678
42.6062
47.5748
52.5908
57.671
62.8389
68.1212
73.5447
79.1338
84.9084
90.8828
97.0652
103.457
110.052
116.837
123.792
130.891
138.104
145.394
152.721
160.046
167.34
174.593
181.818
188.987
195.982
202.784
209.349
215.63
221.576
227.135
232.252
236.875
240.954
244.439
247.286
249.454
250.91
251.625
251.58
250.764
249.176
246.826
243.734
239.933
235.469
230.406
224.865
219.177
214.462
211.195
207.907
204.299
200.373
196.177
191.764
187.189
182.502
177.75
172.975
168.214
163.496
158.845
154.279
149.807
145.434
141.159
136.975
132.874
128.842
124.863
120.921
116.999
113.08
109.151
105.199
101.221
97.2093
93.1796
89.1315
85.1228
81.0703
77.6361
71.8876
)
;
    }
    upperWall
    {
        type            epsilonWallFunction;
        Cmu             0.09;
        kappa           0.41;
        E               9.8;
        value           nonuniform List<scalar> 
133
(
44.7794
48.3124
51.8864
55.4656
59.0311
62.5709
66.0744
69.5319
72.9346
76.2747
79.5454
82.7408
85.8561
88.8872
91.8311
94.6852
97.448
100.118
102.696
105.18
107.572
109.873
112.083
114.204
116.239
118.188
120.054
121.839
123.545
125.176
126.732
128.218
129.636
131.205
132.935
134.62
136.256
137.841
139.37
140.842
142.254
143.603
144.886
146.102
147.247
148.319
149.316
150.236
151.075
151.832
152.504
153.09
153.586
153.991
154.303
154.519
154.637
154.654
154.57
154.38
154.083
153.677
153.158
152.526
151.777
150.909
149.92
148.808
147.571
146.206
144.714
143.092
141.34
139.458
137.446
135.305
133.038
130.648
128.14
125.518
122.792
119.969
117.061
114.081
111.043
107.964
104.865
101.765
98.6883
95.6585
92.7016
89.8441
87.1128
84.5343
82.1341
79.9362
77.9627
76.2328
74.7626
73.5647
72.6477
72.016
71.6694
71.6024
71.8037
72.2544
72.927
73.7832
74.7729
75.833
76.889
77.8587
78.6585
79.2121
79.459
79.3625
78.9134
78.1295
77.0509
75.732
74.2325
72.6096
70.9123
69.1792
67.4371
65.7088
64.0064
62.3588
60.762
59.2881
57.8177
56.7234
54.8054
)
;
    }
    frontAndBack
    {
        type            empty;
    }
}


// ************************************************************************* //
