/*--------------------------------*- C++ -*----------------------------------*\
| =========                 |                                                 |
| \\      /  F ield         | OpenFOAM: The Open Source CFD Toolbox           |
|  \\    /   O peration     | Version:  2.1.1                                 |
|   \\  /    A nd           | Web:      www.OpenFOAM.org                      |
|    \\/     M anipulation  |                                                 |
\*---------------------------------------------------------------------------*/
FoamFile
{
    version     2.0;
    format      ascii;
    class       volScalarField;
    location    "0.07";
    object      epsilon;
}
// * * * * * * * * * * * * * * * * * * * * * * * * * * * * * * * * * * * * * //

dimensions      [0 2 -3 0 0 0 0];

internalField   nonuniform List<scalar> 
6820
(
151.448
203.151
260.735
321.761
383.626
443.718
499.749
550.007
593.436
629.591
658.538
680.716
696.8
707.583
713.894
716.525
716.207
713.578
709.188
703.493
696.868
689.613
681.965
674.108
666.18
658.284
650.489
642.856
635.332
628.305
619.92
618.945
583.232
11.7448
21.4179
29.9458
38.6288
47.5886
56.5715
65.341
73.6961
81.4748
88.5688
94.9237
100.533
105.426
109.662
113.311
116.453
119.165
121.523
123.592
125.432
127.095
128.624
130.056
131.424
132.756
134.077
135.414
136.799
138.264
139.894
141.72
144.211
147.142
5.83781
7.5167
9.20636
10.8088
12.3192
13.7465
15.0874
16.338
17.4969
18.5638
19.5406
20.431
21.2403
21.9749
22.6424
23.2503
23.8064
24.3183
24.7929
25.237
25.6564
26.0565
26.4419
26.817
27.1856
27.551
27.9166
28.2855
28.6613
29.048
29.4533
29.8701
30.3806
5.2423
5.56004
6.00441
6.49338
6.98551
7.46157
7.91246
8.33388
8.72413
9.08306
9.41142
9.71054
9.98212
10.2281
10.4504
10.6511
10.8322
10.9956
11.1431
11.2766
11.3976
11.5077
11.6081
11.7001
11.7848
11.8632
11.9359
12.0038
12.0671
12.1262
12.1805
12.2302
12.2722
5.17349
5.18677
5.2682
5.39774
5.55634
5.72963
5.90771
6.08417
6.25496
6.41766
6.57088
6.71391
6.84651
6.96876
7.08092
7.18341
7.27671
7.36139
7.43803
7.5072
7.5695
7.62551
7.67576
7.72079
7.76109
7.79713
7.82933
7.85807
7.8837
7.90651
7.92668
7.94446
7.95962
5.16878
5.12132
5.09603
5.09482
5.11536
5.15308
5.20299
5.26076
5.32294
5.38696
5.45095
5.51358
5.57393
5.6314
5.6856
5.7363
5.78341
5.82693
5.86691
5.90347
5.93674
5.9669
5.99414
6.01863
6.04059
6.06022
6.07771
6.09327
6.1071
6.11938
6.13031
6.14003
6.14873
5.16887
5.11169
5.06115
5.01963
4.9884
4.96754
4.95615
4.95279
4.95588
4.96388
4.97547
4.98953
5.00514
5.02159
5.03832
5.0549
5.07102
5.08642
5.10096
5.11452
5.12703
5.13846
5.14881
5.1581
5.16636
5.17364
5.18
5.18552
5.19026
5.19432
5.19778
5.20073
5.20325
5.16902
5.11063
5.05515
5.00339
4.95619
4.91413
4.87745
4.84609
4.8197
4.79779
4.77978
4.7651
4.75318
4.74352
4.73568
4.72926
4.72396
4.7195
4.71564
4.71222
4.70909
4.70613
4.70325
4.70039
4.69749
4.69453
4.69149
4.68836
4.68515
4.68187
4.67854
4.67518
4.67182
5.16904
5.11054
5.05431
5.00049
4.94927
4.90089
4.85557
4.81343
4.77452
4.73877
4.70605
4.67617
4.6489
4.62399
4.6012
4.58029
4.56104
4.54325
4.52673
4.51132
4.49688
4.48328
4.47041
4.45819
4.44654
4.43539
4.42469
4.41439
4.40448
4.39492
4.38569
4.37678
4.36819
5.16904
5.11054
5.05421
5.00002
4.94795
4.89802
4.85025
4.80469
4.76134
4.72023
4.68132
4.64457
4.60991
4.57724
4.54646
4.51745
4.49009
4.46427
4.43986
4.41675
4.39485
4.37405
4.35426
4.33541
4.31741
4.30021
4.28375
4.26798
4.25284
4.23831
4.22436
4.21095
4.19807
5.16904
5.11053
5.05418
4.99994
4.94772
4.89747
4.84911
4.80262
4.75796
4.71509
4.67399
4.63461
4.59693
4.56089
4.52645
4.49353
4.46208
4.43203
4.40331
4.37585
4.34959
4.32446
4.3004
4.27735
4.25524
4.23403
4.21366
4.1941
4.1753
4.15723
4.13984
4.12312
4.10703
5.16904
5.11053
5.05417
4.99991
4.94767
4.89735
4.84887
4.80216
4.75716
4.7138
4.67203
4.6318
4.59307
4.55578
4.51989
4.48536
4.45213
4.42016
4.38941
4.35982
4.33135
4.30394
4.27757
4.25217
4.22772
4.20416
4.18146
4.15958
4.1385
4.11817
4.09856
4.07966
4.06143
5.16904
5.11052
5.05416
4.9999
4.94764
4.8973
4.8488
4.80204
4.75696
4.71347
4.67153
4.63106
4.592
4.55431
4.51794
4.48282
4.44893
4.41621
4.38462
4.35413
4.32468
4.29624
4.26878
4.24225
4.21662
4.19186
4.16794
4.14482
4.12247
4.10088
4.08001
4.05984
4.04035
5.16904
5.11052
5.05415
4.99988
4.94762
4.89727
4.84876
4.80198
4.75688
4.71336
4.67137
4.63084
4.59169
4.55389
4.51736
4.48207
4.44796
4.41498
4.38309
4.35226
4.32244
4.29359
4.26568
4.23867
4.21253
4.18724
4.16275
4.13905
4.1161
4.09389
4.07239
4.05157
4.03142
5.16903
5.11051
5.05414
4.99987
4.9476
4.89725
4.84872
4.80194
4.75683
4.7133
4.67129
4.63074
4.59157
4.55373
4.51716
4.48181
4.44763
4.41458
4.3826
4.35165
4.3217
4.29271
4.26464
4.23745
4.21112
4.18562
4.16091
4.13697
4.11377
4.09129
4.06951
4.04841
4.02796
5.16903
5.11051
5.05414
4.99986
4.94758
4.89723
4.8487
4.80191
4.75678
4.71325
4.67123
4.63067
4.59149
4.55363
4.51705
4.48169
4.44749
4.41441
4.3824
4.35142
4.32143
4.29239
4.26427
4.23702
4.21063
4.18505
4.16026
4.13624
4.11295
4.09037
4.06849
4.04727
4.0267
5.16903
5.11051
5.05413
4.99985
4.94757
4.89721
4.84867
4.80188
4.75675
4.7132
4.67118
4.63061
4.59142
4.55356
4.51697
4.48159
4.44739
4.41429
4.38228
4.35129
4.32128
4.29223
4.26409
4.23683
4.21042
4.18482
4.16001
4.13596
4.11264
4.09003
4.06811
4.04686
4.02624
5.16903
5.1105
5.05413
4.99984
4.94756
4.89719
4.84865
4.80185
4.75671
4.71316
4.67113
4.63055
4.59136
4.55349
4.5169
4.48151
4.4473
4.4142
4.38218
4.35118
4.32118
4.29212
4.26397
4.23671
4.21029
4.18469
4.15987
4.13581
4.11248
4.08987
4.06793
4.04667
4.02604
5.16903
5.1105
5.05412
4.99983
4.94755
4.89718
4.84863
4.80183
4.75668
4.71313
4.67109
4.6305
4.5913
4.55343
4.51683
4.48144
4.44722
4.41412
4.38209
4.35109
4.32108
4.29202
4.26387
4.2366
4.21018
4.18458
4.15976
4.1357
4.11237
4.08975
4.06781
4.04654
4.02591
5.16903
5.1105
5.05412
4.99983
4.94754
4.89716
4.84861
4.8018
4.75666
4.7131
4.67105
4.63046
4.59126
4.55338
4.51677
4.48138
4.44715
4.41405
4.38201
4.35101
4.32099
4.29193
4.26378
4.23651
4.21009
4.18448
4.15966
4.13559
4.11226
4.08964
4.0677
4.04643
4.02579
5.16903
5.1105
5.05411
4.99982
4.94753
4.89715
4.8486
4.80178
4.75663
4.71307
4.67102
4.63042
4.59121
4.55333
4.51671
4.48132
4.44709
4.41398
4.38194
4.35093
4.32091
4.29184
4.26369
4.23642
4.20999
4.18438
4.15956
4.13549
4.11216
4.08953
4.06759
4.04631
4.02567
5.16903
5.11049
5.05411
4.99982
4.94752
4.89714
4.84858
4.80177
4.75661
4.71304
4.67099
4.63039
4.59117
4.55328
4.51667
4.48126
4.44703
4.41391
4.38187
4.35086
4.32084
4.29177
4.26361
4.23633
4.2099
4.18429
4.15946
4.13539
4.11205
4.08942
4.06748
4.04619
4.02554
5.16903
5.11049
5.05411
4.99981
4.94752
4.89713
4.84857
4.80175
4.75659
4.71302
4.67096
4.63036
4.59114
4.55324
4.51662
4.48122
4.44698
4.41386
4.38181
4.35079
4.32077
4.29169
4.26353
4.23625
4.20981
4.1842
4.15936
4.13529
4.11195
4.08931
4.06736
4.04606
4.0254
5.16903
5.11049
5.05411
4.99981
4.94751
4.89713
4.84856
4.80174
4.75658
4.713
4.67094
4.63033
4.59111
4.55321
4.51658
4.48117
4.44693
4.4138
4.38175
4.35073
4.3207
4.29162
4.26346
4.23617
4.20973
4.18411
4.15927
4.13519
4.11184
4.08919
4.06723
4.04593
4.02525
5.16903
5.11049
5.0541
4.99981
4.94751
4.89712
4.84855
4.80173
4.75656
4.71298
4.67092
4.6303
4.59108
4.55318
4.51654
4.48113
4.44688
4.41375
4.3817
4.35067
4.32064
4.29155
4.26338
4.23609
4.20965
4.18402
4.15917
4.13509
4.11173
4.08908
4.0671
4.04579
4.0251
5.16903
5.11049
5.0541
4.9998
4.9475
4.89712
4.84855
4.80172
4.75655
4.71297
4.6709
4.63029
4.59105
4.55315
4.51651
4.4811
4.44685
4.41371
4.38165
4.35062
4.32058
4.29149
4.26332
4.23602
4.20957
4.18393
4.15908
4.13499
4.11162
4.08896
4.06697
4.04564
4.02495
5.16903
5.11049
5.0541
4.9998
4.9475
4.89711
4.84854
4.80171
4.75654
4.71295
4.67088
4.63026
4.59103
4.55312
4.51648
4.48106
4.44681
4.41367
4.38161
4.35057
4.32053
4.29143
4.26325
4.23595
4.20949
4.18385
4.15899
4.13488
4.11151
4.08884
4.06684
4.0455
4.02479
5.16903
5.11049
5.0541
4.9998
4.9475
4.89711
4.84854
4.80171
4.75654
4.71295
4.67088
4.63026
4.59102
4.55311
4.51647
4.48104
4.44678
4.41364
4.38157
4.35054
4.32049
4.29138
4.2632
4.23589
4.20942
4.18377
4.15891
4.13479
4.11141
4.08872
4.06672
4.04536
4.02464
5.16903
5.11049
5.0541
4.9998
4.9475
4.8971
4.84853
4.8017
4.75652
4.71293
4.67086
4.63023
4.59099
4.55308
4.51644
4.48101
4.44675
4.4136
4.38153
4.35049
4.32044
4.29133
4.26314
4.23582
4.20935
4.18369
4.15882
4.1347
4.1113
4.08861
4.06659
4.04522
4.02448
5.16903
5.11049
5.0541
4.9998
4.9475
4.89711
4.84854
4.80171
4.75654
4.71295
4.67088
4.63025
4.59101
4.5531
4.51645
4.48102
4.44676
4.41361
4.38153
4.35049
4.32043
4.29132
4.26312
4.23579
4.20932
4.18365
4.15877
4.13464
4.11123
4.08852
4.06649
4.04511
4.02436
5.16903
5.11049
5.0541
4.9998
4.9475
4.8971
4.84853
4.80169
4.75652
4.71293
4.67085
4.63023
4.59099
4.55307
4.51642
4.48099
4.44673
4.41358
4.3815
4.35046
4.3204
4.29128
4.26308
4.23576
4.20928
4.18361
4.15872
4.13459
4.11118
4.08846
4.06643
4.04504
4.02428
5.16903
5.11049
5.0541
4.99981
4.94752
4.89715
4.84859
4.80177
4.75661
4.71303
4.67096
4.63034
4.5911
4.55319
4.51654
4.48111
4.44684
4.4137
4.38162
4.35057
4.32051
4.2914
4.2632
4.23588
4.2094
4.18374
4.15885
4.13472
4.11132
4.08862
4.06659
4.04521
4.02446
5.16903
5.11051
5.05413
4.99985
4.94756
4.89718
4.84861
4.80178
4.75662
4.71304
4.67097
4.63036
4.59114
4.55324
4.51662
4.48121
4.44697
4.41386
4.38182
4.35081
4.3208
4.29174
4.2636
4.23634
4.20992
4.18433
4.15951
4.13546
4.11214
4.08952
4.06758
4.04629
4.02563
5.16903
5.1105
5.05415
4.99992
4.9477
4.89739
4.84891
4.80215
4.75705
4.71354
4.67155
4.63101
4.59187
4.55407
4.51755
4.48228
4.44819
4.41524
4.38339
4.3526
4.32281
4.294
4.26613
4.23915
4.21304
4.18777
4.16329
4.13959
4.11663
4.09439
4.07283
4.05194
4.03169
5.16905
5.11063
5.0544
5.00025
4.94809
4.89785
4.84947
4.80288
4.75802
4.71483
4.67325
4.63321
4.59466
4.55754
4.5218
4.48737
4.45421
4.42227
4.39149
4.36182
4.33323
4.30565
4.27907
4.25342
4.22867
4.20478
4.18171
4.15944
4.13792
4.11712
4.09702
4.07759
4.05879
5.16908
5.11079
5.05488
5.00137
4.95018
4.90122
4.85443
4.80976
4.76715
4.72655
4.68789
4.65109
4.61607
4.58274
4.55103
4.52083
4.49207
4.46467
4.43854
4.41361
4.38981
4.36706
4.34531
4.32449
4.30454
4.28542
4.26708
4.24946
4.23252
4.21623
4.20055
4.18544
4.17087
5.16939
5.11358
5.062
5.01464
4.9715
4.93253
4.89754
4.86627
4.8384
4.8136
4.79156
4.77196
4.75453
4.73899
4.72513
4.71272
4.70158
4.69154
4.68247
4.67421
4.66668
4.65976
4.65336
4.64741
4.64185
4.63661
4.63164
4.6269
4.62234
4.61794
4.61365
4.60947
4.60535
5.17809
5.16327
5.16956
5.19131
5.22458
5.26632
5.31415
5.36619
5.421
5.4775
5.53484
5.59237
5.64958
5.70608
5.76158
5.81586
5.86874
5.92011
5.9699
6.01805
6.06453
6.10934
6.15248
6.19397
6.23383
6.2721
6.30881
6.344
6.37772
6.41002
6.44094
6.47054
6.49888
5.6386
6.43041
7.1458
7.82527
8.49387
9.14563
9.77466
10.3786
10.9573
11.5117
12.0431
12.5531
13.0433
13.515
13.9697
14.4083
14.8321
15.2418
15.6383
16.0224
16.3948
16.7561
17.1068
17.4476
17.779
18.1015
18.4155
18.7216
19.0202
19.3118
19.5967
19.8754
20.1483
44.7794
48.3124
51.8864
55.4656
59.0311
62.5709
66.0745
69.5321
72.935
76.2754
79.5465
82.7425
85.8585
88.8906
91.8356
94.691
97.4554
100.128
102.707
105.194
107.589
109.892
112.106
114.231
116.269
118.221
120.091
121.881
123.591
125.226
126.787
128.276
129.698
693.062
828.329
955.656
1078.14
1190.62
1277.57
1321.63
1312.73
1255.32
1166.76
1067.06
970.953
885.639
812.635
750.886
698.884
655.432
619.724
590.885
567.919
549.804
535.511
524.066
514.574
506.203
498.144
489.586
479.702
467.649
452.582
433.663
410.086
381.126
346.239
305.224
258.492
207.435
154.845
105.082
63.4171
33.9973
17.3452
10.0339
7.55344
6.98028
7.05199
7.31314
7.60188
7.8562
8.05146
8.18042
8.24542
8.25405
8.21623
8.14229
8.04177
7.92296
7.79268
7.65639
7.5184
7.38203
7.24986
7.12387
7.00557
6.89605
6.79605
6.70597
6.6259
6.55567
6.49481
6.44257
6.39789
6.35934
6.32508
6.29286
6.26005
6.22368
6.18057
6.12753
6.06156
5.98012
5.88126
5.7637
5.6268
5.47029
5.29401
5.0976
4.88039
4.6416
4.38077
4.09862
3.79795
3.48443
3.16677
2.85623
2.56513
2.30508
2.08286
1.91208
1.72752
153.006
162.499
177.873
203.129
243.168
302.105
381.742
479.16
585.207
685.672
765.43
813.948
828.941
815.955
784.728
745.024
704.088
665.807
631.788
602.187
576.399
553.699
533.437
514.988
497.672
480.726
463.33
444.646
423.857
400.192
372.965
341.621
305.837
265.666
221.747
175.57
129.692
87.6775
53.3985
29.5071
15.8664
9.61965
7.30104
6.63854
6.59963
6.78522
7.03918
7.29239
7.5107
7.67774
7.78809
7.84343
7.84968
7.81485
7.74745
7.65555
7.54628
7.42562
7.29847
7.16871
7.03945
6.9131
6.79156
6.67631
6.56847
6.46882
6.37789
6.29593
6.22293
6.15866
6.10263
6.05407
6.01187
5.97457
5.94032
5.90688
5.87168
5.8319
5.78461
5.72698
5.65648
5.57105
5.46918
5.3499
5.21261
5.0568
4.88188
4.68698
4.47113
4.23369
3.97504
3.69752
3.40613
3.10883
2.81611
2.53969
2.29089
2.07655
1.91068
1.72932
30.8807
31.4085
32.1023
33.2753
35.5543
40.2183
49.4299
66.099
93.1447
132.443
183.865
244.706
309.931
373.223
428.439
471.027
498.864
512.638
513.53
504.984
490.78
473.819
455.771
437.274
418.315
398.554
377.534
354.778
329.838
302.344
272.059
238.977
203.444
166.298
129.002
93.6573
62.7735
38.6272
22.3142
13.0688
8.68888
6.90916
6.30268
6.20051
6.31842
6.52784
6.76273
6.98564
7.17495
7.31933
7.41487
7.46285
7.46794
7.43658
7.3758
7.29238
7.19243
7.08121
6.96306
6.84153
6.71946
6.59913
6.48234
6.37053
6.2648
6.16599
6.07467
5.99121
5.91575
5.84824
5.78841
5.73575
5.68946
5.64843
5.6112
5.57593
5.54048
5.50239
5.45908
5.40793
5.34652
5.27271
5.18485
5.08167
4.96225
4.8258
4.67146
4.49815
4.30473
4.09031
3.85495
3.60046
3.33112
3.05408
2.77904
2.51707
2.27918
2.07231
1.91093
1.73215
12.3163
12.3639
12.3894
12.3557
12.209
11.9059
11.4899
11.2448
11.8306
14.2299
19.6062
29.1535
43.801
63.8369
88.6433
116.745
146.159
174.64
201.122
223.75
240.872
251.662
256.149
254.955
248.943
238.941
225.599
209.376
190.608
169.613
146.806
122.804
98.5002
75.0762
53.9138
36.3476
23.27
14.7368
9.90066
7.47633
6.36997
5.928
5.82561
5.90239
6.07111
6.27912
6.49244
6.68868
6.85354
6.97908
7.06242
7.10455
7.10913
7.08133
7.02692
6.95159
6.86056
6.7584
6.649
6.53556
6.42068
6.3065
6.19471
6.0867
5.98354
5.88607
5.79492
5.7105
5.63308
5.56273
5.49937
5.4427
5.3922
5.34707
5.30621
5.2682
5.23129
5.19346
5.15246
5.10598
5.05175
4.98767
4.91197
4.82318
4.72011
4.60167
4.46675
4.31407
4.14229
3.95029
3.73775
3.50594
3.25841
3.00146
2.74394
2.49623
2.26906
2.06941
1.91228
1.73568
7.97434
7.98875
7.99982
8.00338
7.9888
7.93316
7.79571
7.52321
7.08368
6.5213
6.01532
5.90316
6.5625
8.27732
11.2483
15.6029
21.341
28.2397
35.9583
44.2784
52.7893
60.9122
67.9916
73.411
76.6914
77.5509
75.9189
71.9215
65.8543
58.1574
49.395
40.2294
31.3719
23.4952
17.1069
12.4217
9.31523
7.426
6.35004
5.77903
5.5208
5.46023
5.52452
5.6645
5.84522
6.04084
6.23201
6.4045
6.54848
6.65816
6.73134
6.76874
6.77319
6.74883
6.70037
6.63257
6.54989
6.45632
6.35527
6.24965
6.14184
6.03382
5.92719
5.82326
5.72307
5.62745
5.53703
5.45227
5.37349
5.30087
5.23445
5.17411
5.11957
5.07028
5.02549
4.98413
4.94487
4.90608
4.86594
4.82244
4.77355
4.7173
4.65188
4.57568
4.48728
4.38535
4.26852
4.13531
3.98419
3.81377
3.62337
3.41371
3.18759
2.95043
2.7102
2.4766
2.25998
2.0674
1.91436
1.73969
6.15749
6.16616
6.17411
6.18178
6.18907
6.19448
6.19324
6.17382
6.11517
5.98962
5.77684
5.49272
5.20521
5.01259
5.02035
5.32619
5.99811
7.07075
8.47765
10.0138
11.598
13.1631
14.6286
15.8966
16.8608
17.421
17.5027
17.0749
16.1629
14.8518
13.2774
11.6046
9.99542
8.57678
7.41911
6.53633
5.90438
5.48416
5.23568
5.12267
5.11349
5.18128
5.30329
5.46005
5.63479
5.8131
5.98286
6.13437
6.26051
6.35684
6.42156
6.45512
6.45969
6.43855
6.39556
6.33467
6.25971
6.17412
6.08094
5.98277
5.8818
5.77986
5.67844
5.57879
5.48189
5.38855
5.29939
5.21489
5.1354
5.06116
4.99231
4.92885
4.87066
4.81744
4.76869
4.7237
4.68148
4.64084
4.60033
4.55833
4.51309
4.46283
4.4058
4.34034
4.26484
4.17778
4.07756
3.96249
3.83084
3.68097
3.51184
3.3236
3.11832
2.90052
2.6773
2.45762
2.25144
2.06585
1.91683
1.74396
5.20565
5.20786
5.20987
5.21218
5.21538
5.21993
5.22594
5.23267
5.23748
5.23449
5.21403
5.16528
5.08335
4.97604
4.86659
4.79104
4.78759
4.89312
5.10339
5.38242
5.70013
6.02942
6.3452
6.62398
6.84431
6.988
7.04204
7.00072
6.86722
6.65408
6.38199
6.07693
5.76625
5.47483
5.2223
5.02178
4.88001
4.79846
4.77454
4.8028
4.87587
4.98513
5.12127
5.2747
5.43587
5.59564
5.74568
5.87889
5.9898
6.07487
6.13253
6.16298
6.16783
6.14968
6.11166
6.05708
5.98917
5.91095
5.82509
5.73395
5.63951
5.54347
5.44722
5.35193
5.25855
5.16784
5.08041
4.99673
4.91717
4.842
4.7714
4.70547
4.64421
4.5875
4.53505
4.48642
4.44098
4.39788
4.35608
4.31433
4.27124
4.22527
4.17482
4.11823
4.05383
3.97991
3.89468
3.79627
3.68272
3.55218
3.40324
3.23551
3.05033
2.85136
2.64477
2.43881
2.24299
2.06436
1.91937
1.74828
4.6679
4.66337
4.6589
4.65478
4.65138
4.6491
4.64829
4.64924
4.65192
4.65573
4.65905
4.65885
4.6512
4.63273
4.60284
4.56559
4.52959
4.50822
4.50881
4.53327
4.57852
4.63831
4.7049
4.77024
4.82682
4.86831
4.89005
4.88947
4.8664
4.8231
4.76412
4.69582
4.62567
4.56147
4.51053
4.47903
4.47153
4.49075
4.53754
4.61094
4.70842
4.82607
4.95891
5.10115
5.24651
5.38849
5.52091
5.63828
5.73621
5.81176
5.86348
5.89138
5.89662
5.88121
5.8477
5.79882
5.73735
5.66588
5.58681
5.50223
5.41396
5.32357
5.23237
5.14145
5.05172
4.96389
4.87856
4.79619
4.71714
4.64168
4.57004
4.50236
4.43872
4.37911
4.32342
4.27142
4.22276
4.17691
4.13319
4.09074
4.04853
4.00534
3.95977
3.91027
3.85515
3.79259
3.72066
3.63729
3.54035
3.42774
3.29773
3.14942
2.98346
2.80263
2.61225
2.41976
2.23421
2.06258
1.92169
1.75244
4.35855
4.34778
4.33724
4.32709
4.31759
4.309
4.30159
4.2956
4.29119
4.2884
4.28705
4.28664
4.28615
4.28417
4.27921
4.27037
4.25785
4.24364
4.23032
4.22021
4.2148
4.21441
4.21831
4.22497
4.23246
4.23882
4.24241
4.24215
4.23775
4.22977
4.21965
4.20962
4.20249
4.20143
4.20965
4.2301
4.26522
4.31667
4.38515
4.47035
4.5709
4.68442
4.80761
4.93641
5.06617
5.19195
5.3089
5.41259
5.49941
5.56685
5.61354
5.63931
5.64496
5.63204
5.60258
5.55885
5.50322
5.43793
5.3651
5.28662
5.20416
5.11915
5.03282
4.94621
4.86017
4.77539
4.69244
4.61176
4.53371
4.45856
4.38653
4.31781
4.2525
4.19068
4.13236
4.07745
4.02582
3.9772
3.93125
3.88745
3.84514
3.80344
3.76124
3.71716
3.66957
3.6166
3.5562
3.48618
3.40422
3.30803
3.19554
3.06541
2.91762
2.75415
2.57943
2.40013
2.22477
2.06018
1.92351
1.75628
4.18366
4.16763
4.15188
4.13656
4.12181
4.10782
4.0948
4.08294
4.07239
4.06328
4.05565
4.04941
4.04437
4.04014
4.03616
4.03179
4.0265
4.02014
4.01289
4.00518
3.99761
3.99071
3.98486
3.98025
3.97685
3.97453
3.97315
3.97267
3.97328
3.97544
3.97996
3.98798
4.0009
4.02033
4.04794
4.08529
4.13372
4.19412
4.26686
4.35164
4.44744
4.55248
4.66427
4.77967
4.89501
5.00638
5.10981
5.20169
5.27895
5.3394
5.38176
5.4057
5.41174
5.40102
5.37518
5.33609
5.28574
5.22609
5.15899
5.08616
5.00912
4.92919
4.84753
4.76511
4.68275
4.60111
4.52073
4.44204
4.36538
4.29103
4.2192
4.15008
4.08381
4.02049
3.9602
3.90298
3.84882
3.79767
3.74944
3.70393
3.66082
3.61961
3.5795
3.53933
3.49762
3.45252
3.40192
3.34352
3.27485
3.19343
3.09694
2.98361
2.85283
2.70581
2.54613
2.37967
2.2144
2.05692
1.92462
1.75963
4.08902
4.06894
4.04916
4.02976
4.01088
3.99264
3.97521
3.95874
3.94338
3.92925
3.91644
3.90498
3.89485
3.88596
3.87815
3.87117
3.86477
3.85869
3.85277
3.84694
3.84124
3.83583
3.83091
3.82673
3.82354
3.82163
3.82128
3.82286
3.8268
3.83364
3.84406
3.85889
3.87904
3.90553
3.93937
3.98152
4.03275
4.09357
4.1641
4.244
4.33238
4.42778
4.52819
4.63106
4.73342
4.83204
4.92368
5.00528
5.07424
5.12861
5.16716
5.18948
5.19582
5.18704
5.1644
5.12945
5.08386
5.02933
4.96749
4.89988
4.82788
4.75273
4.67551
4.59714
4.51839
4.43991
4.36221
4.28572
4.21076
4.1376
4.06646
3.99751
3.9309
3.86676
3.8052
3.74631
3.69018
3.63691
3.58658
3.53927
3.49498
3.45353
3.41446
3.37692
3.33961
3.30077
3.25828
3.20977
3.15266
3.08433
3.00222
2.90421
2.78916
2.65758
2.51223
2.35821
2.20289
2.0526
1.92482
1.76235
4.04098
4.01811
3.99549
3.97321
3.95135
3.93002
3.90936
3.88949
3.87056
3.85267
3.83593
3.82042
3.80618
3.79322
3.7815
3.77098
3.76155
3.7531
3.74553
3.73876
3.73278
3.72759
3.72329
3.72002
3.71799
3.71746
3.71876
3.72227
3.72844
3.73777
3.75088
3.7684
3.79104
3.81953
3.85457
3.8968
3.94672
4.00459
4.07043
4.14384
4.22406
4.30984
4.3995
4.49092
4.58167
4.66904
4.75033
4.82294
4.88461
4.93361
4.96877
4.98958
4.99612
4.98898
4.96915
4.93788
4.89656
4.84666
4.78962
4.72682
4.65951
4.58885
4.51583
4.44134
4.36611
4.29076
4.2158
4.14163
4.06858
3.99691
3.92684
3.85852
3.79212
3.72776
3.66557
3.60566
3.54817
3.49329
3.44123
3.39226
3.34664
3.3045
3.26571
3.22975
3.19556
3.16152
3.12556
3.08528
3.03804
2.98108
2.91169
2.82746
2.72679
2.60955
2.47773
2.33568
2.19014
2.04706
1.92397
1.76435
4.01842
3.99384
3.96946
3.94533
3.92154
3.89818
3.87535
3.85317
3.83176
3.81124
3.7917
3.77324
3.75593
3.73983
3.72496
3.71135
3.69898
3.68782
3.67787
3.6691
3.66153
3.65518
3.65012
3.64647
3.64438
3.64408
3.64582
3.64994
3.65683
3.66691
3.68067
3.69863
3.72135
3.74938
3.78323
3.82335
3.87007
3.92353
3.98367
4.05011
4.12215
4.19874
4.27845
4.35951
4.43987
4.51728
4.58943
4.65409
4.70931
4.7535
4.78557
4.80494
4.81156
4.80579
4.78839
4.76035
4.72285
4.67713
4.62447
4.56608
4.50312
4.43665
4.3676
4.2968
4.22497
4.15269
4.08047
4.00869
3.9377
3.86773
3.79901
3.73169
3.66594
3.60186
3.53959
3.47926
3.42101
3.36507
3.31174
3.26141
3.21453
3.1715
3.13251
3.09734
3.06521
3.0347
3.00385
2.97026
2.93124
2.88399
2.82566
2.75362
2.66591
2.56184
2.4427
2.31208
2.17607
2.04024
1.92199
1.76553
4.00872
3.98321
3.95784
3.93267
3.90775
3.88317
3.85902
3.83539
3.81239
3.79013
3.7687
3.7482
3.72872
3.71033
3.6931
3.67707
3.66228
3.64877
3.63655
3.62567
3.61617
3.60811
3.60157
3.59666
3.59352
3.59235
3.59338
3.59688
3.60315
3.61258
3.62554
3.64245
3.66375
3.68986
3.72117
3.758
3.80057
3.84895
3.90303
3.96246
4.02662
4.0946
4.16519
4.23689
4.30796
4.37649
4.44051
4.49811
4.54754
4.58738
4.61659
4.63456
4.64111
4.63645
4.62112
4.59591
4.5618
4.51985
4.47115
4.41681
4.35787
4.29531
4.22998
4.1627
4.09412
4.02482
3.9553
3.88595
3.81708
3.74896
3.68179
3.61574
3.55096
3.48757
3.42569
3.36543
3.30697
3.25052
3.19642
3.14512
3.09721
3.0533
3.01384
2.97891
2.94803
2.92001
2.89302
2.86471
2.83241
2.79326
2.74438
2.68297
2.60678
2.51466
2.40727
2.28748
2.16073
2.0321
1.91883
1.76587
4.00489
3.97893
3.95308
3.92737
3.90187
3.87663
3.85173
3.82725
3.80329
3.77994
3.75729
3.73544
3.71447
3.69447
3.67552
3.65768
3.64101
3.62558
3.61144
3.59866
3.5873
3.57745
3.56919
3.56266
3.55799
3.55535
3.55494
3.55702
3.56183
3.56968
3.5809
3.59581
3.61478
3.63811
3.66612
3.69903
3.73701
3.78007
3.82807
3.88071
3.93742
3.99743
4.05969
4.12293
4.18566
4.24626
4.30302
4.35426
4.39847
4.43433
4.46087
4.47744
4.48379
4.47998
4.4664
4.44366
4.41254
4.37395
4.32885
4.27821
4.22298
4.16404
4.10221
4.03824
3.97276
3.90635
3.83947
3.77252
3.70581
3.63961
3.57412
3.50953
3.44597
3.38356
3.32242
3.26267
3.20445
3.14797
3.09357
3.04173
2.99311
2.94846
2.90846
2.87346
2.84325
2.8169
2.79273
2.76849
2.74154
2.70904
2.66806
2.61576
2.54968
2.46827
2.37166
2.26204
2.14419
2.02269
1.91448
1.76533
4.00348
3.97734
3.95127
3.92532
3.89952
3.87395
3.84864
3.82369
3.79916
3.77513
3.75171
3.72896
3.70698
3.68585
3.66565
3.64646
3.62835
3.61139
3.59567
3.58126
3.56824
3.5567
3.54676
3.53853
3.53215
3.52778
3.52562
3.52587
3.52876
3.53455
3.54351
3.55592
3.57206
3.59219
3.61654
3.6453
3.67856
3.71633
3.75846
3.80465
3.85443
3.90711
3.9618
4.01739
4.07262
4.12609
4.17631
4.22182
4.26127
4.29346
4.31747
4.33264
4.33866
4.33548
4.32335
4.30272
4.27424
4.23866
4.1968
4.14953
4.0977
4.04212
3.98356
3.92271
3.86019
3.79654
3.73222
3.66763
3.60307
3.53883
3.4751
3.41208
3.3499
3.28869
3.22855
3.16961
3.11199
3.05588
3.0016
2.94963
2.90065
2.85551
2.81503
2.77982
2.74991
2.72462
2.70245
2.68127
2.65849
2.63132
2.59686
2.55223
2.49486
2.42295
2.33612
2.23595
2.12659
2.01209
1.90899
1.76394
4.00297
3.97675
3.95059
3.92453
3.8986
3.87285
3.84732
3.82209
3.79721
3.77276
3.74882
3.72546
3.70276
3.68081
3.65969
3.63946
3.62023
3.60205
3.58502
3.56922
3.55474
3.54169
3.53016
3.52029
3.51221
3.50607
3.50204
3.50032
3.50112
3.50465
3.51114
3.52084
3.53398
3.55077
3.5714
3.596
3.62465
3.65733
3.6939
3.73408
3.77746
3.82344
3.87124
3.91992
3.96838
4.01541
4.05972
4.10002
4.1351
4.16388
4.18549
4.19926
4.20484
4.20209
4.19114
4.17232
4.14614
4.11322
4.07429
4.03008
3.98137
3.9289
3.87338
3.81546
3.75574
3.69473
3.63288
3.57058
3.50814
3.44585
3.38392
3.32253
3.26183
3.20195
3.143
3.08509
3.02833
2.97291
2.9191
2.86735
2.81835
2.77297
2.73218
2.69674
2.66693
2.64228
2.62151
2.60258
2.58301
2.56004
2.53083
2.49256
2.44261
2.37898
2.30092
2.20947
2.10814
2.00044
1.90245
1.76173
4.00275
3.9765
3.9503
3.92419
3.89818
3.87233
3.84667
3.82125
3.79614
3.77139
3.74708
3.72327
3.70004
3.67746
3.65561
3.63457
3.61442
3.59524
3.5771
3.56011
3.54436
3.52994
3.51697
3.50556
3.49586
3.48799
3.48213
3.47845
3.47714
3.47838
3.48239
3.48937
3.49952
3.51301
3.53001
3.55061
3.57487
3.60276
3.63414
3.66877
3.70628
3.74614
3.78769
3.83011
3.87244
3.91363
3.95256
3.98811
4.01917
4.04477
4.06408
4.07645
4.08148
4.07898
4.06898
4.05169
4.02752
3.99697
3.96065
3.91923
3.87337
3.82377
3.77108
3.71591
3.65882
3.60031
3.54082
3.48074
3.42038
3.36002
3.29987
3.24014
3.18098
3.12251
3.06486
3.00812
2.95242
2.8979
2.84481
2.79357
2.74484
2.6995
2.65858
2.62298
2.59318
2.56894
2.54912
2.53185
2.5147
2.49499
2.46996
2.43688
2.39315
2.33666
2.26638
2.18286
2.08905
1.9879
1.89496
1.75876
4.0026
3.97634
3.95012
3.92397
3.89791
3.87199
3.84623
3.82068
3.79539
3.77041
3.74581
3.72164
3.69798
3.67489
3.65245
3.63073
3.60981
3.58977
3.57069
3.55266
3.53577
3.52013
3.50584
3.49302
3.4818
3.47231
3.4647
3.45914
3.45578
3.45482
3.45643
3.46078
3.46806
3.4784
3.49195
3.50878
3.52892
3.55235
3.57894
3.60846
3.6406
3.67489
3.71076
3.74748
3.78425
3.82014
3.85418
3.88536
3.91271
3.93533
3.95244
3.96341
3.96782
3.96541
3.95615
3.94015
3.91772
3.88926
3.85529
3.81638
3.77313
3.72617
3.6761
3.6235
3.56888
3.51275
3.45552
3.39757
3.33921
3.28074
3.22236
3.16429
3.10667
3.04966
2.99336
2.93789
2.88335
2.82988
2.7777
2.72718
2.67895
2.63388
2.59301
2.55737
2.52759
2.50361
2.48447
2.46842
2.4531
2.43591
2.41418
2.38527
2.34668
2.29627
2.2328
2.15644
2.06959
1.97469
1.88669
1.75513
4.00248
3.9762
3.94996
3.92378
3.89768
3.87169
3.84585
3.82018
3.79474
3.76957
3.74473
3.72026
3.69624
3.67272
3.64977
3.62746
3.60588
3.58508
3.56517
3.54622
3.52832
3.51158
3.49609
3.48197
3.46935
3.45834
3.4491
3.44176
3.43649
3.43344
3.43278
3.43465
3.43922
3.4466
3.45692
3.47023
3.48656
3.50587
3.52805
3.5529
3.58013
3.60934
3.64003
3.67158
3.70329
3.73435
3.7639
3.79107
3.81498
3.8348
3.84981
3.8594
3.86312
3.86068
3.85198
3.83706
3.81613
3.78951
3.75763
3.721
3.68013
3.6356
3.58796
3.53775
3.48546
3.43157
3.37649
3.32058
3.26416
3.20751
3.15087
3.09442
3.03835
2.9828
2.92789
2.87372
2.82041
2.76807
2.71691
2.66727
2.61971
2.57508
2.53443
2.49887
2.46914
2.44536
2.42674
2.41161
2.39771
2.38248
2.36333
2.33775
2.30335
2.25805
2.20048
2.13051
2.05005
1.96103
1.87781
1.75094
4.00234
3.97605
3.94979
3.92358
3.89744
3.87139
3.84547
3.8197
3.79413
3.76879
3.74373
3.719
3.69466
3.67076
3.64737
3.62455
3.60238
3.58093
3.56027
3.54049
3.52168
3.50394
3.48736
3.47206
3.45814
3.44574
3.43498
3.42599
3.41893
3.41393
3.41115
3.41071
3.41275
3.41739
3.4247
3.43476
3.44757
3.46309
3.48122
3.50179
3.52454
3.54912
3.57509
3.60193
3.62902
3.65566
3.68111
3.70459
3.7253
3.7425
3.75551
3.76373
3.76672
3.76414
3.75584
3.74181
3.72218
3.69718
3.66718
3.63259
3.5939
3.5516
3.50621
3.45823
3.40813
3.35635
3.30331
3.24935
3.19479
3.13991
3.08495
3.03011
2.97556
2.92145
2.86792
2.81507
2.76301
2.71186
2.66178
2.6131
2.56632
2.52226
2.48197
2.44658
2.41697
2.39338
2.37517
2.36079
2.34801
2.33433
2.31722
2.29429
2.26329
2.22224
2.16973
2.10538
2.03072
1.94719
1.86852
1.74632
4.0022
3.97589
3.94961
3.92336
3.89718
3.87108
3.84508
3.81922
3.79353
3.76803
3.74278
3.71782
3.6932
3.66896
3.64518
3.62191
3.59921
3.57717
3.55584
3.53532
3.51569
3.49705
3.47948
3.46309
3.44799
3.43429
3.42213
3.41162
3.4029
3.3961
3.39135
3.38877
3.38847
3.39056
3.39511
3.40217
3.41174
3.42378
3.43821
3.45486
3.47351
3.49386
3.51553
3.53807
3.56094
3.58354
3.60522
3.62529
3.64303
3.65778
3.66887
3.67576
3.67798
3.67518
3.66717
3.65387
3.63535
3.61178
3.58345
3.55072
3.514
3.47376
3.43045
3.38455
3.3365
3.28672
3.23561
3.18352
3.13075
3.07758
3.02426
2.97098
2.91792
2.86524
2.81308
2.76154
2.71073
2.66077
2.61181
2.56413
2.5182
2.4748
2.43495
2.39981
2.37035
2.34696
2.32911
2.31535
2.30353
2.29112
2.27566
2.25484
2.22659
2.18905
2.14082
2.08138
2.01191
1.93342
1.85904
1.74142
4.00205
3.97572
3.94941
3.92313
3.89691
3.87075
3.84469
3.81874
3.79293
3.76729
3.74187
3.7167
3.69182
3.66729
3.64316
3.61948
3.59632
3.57374
3.55182
3.53063
3.51026
3.49079
3.47231
3.45493
3.43875
3.42388
3.41043
3.39852
3.38827
3.3798
3.37323
3.36867
3.36622
3.36597
3.36797
3.37227
3.37886
3.38772
3.39875
3.41181
3.42672
3.4432
3.46095
3.47955
3.49856
3.51746
3.53567
3.55259
3.56758
3.58002
3.58931
3.5949
3.59634
3.59326
3.58543
3.57273
3.55517
3.53286
3.50602
3.47497
3.44006
3.4017
3.36032
3.31636
3.27024
3.22236
3.1731
3.12279
3.07175
3.02024
2.96851
2.91676
2.86516
2.81389
2.76307
2.71282
2.66326
2.61448
2.56664
2.51998
2.47494
2.43223
2.39288
2.35804
2.32876
2.30555
2.28803
2.27484
2.26384
2.25253
2.23844
2.21935
2.19332
2.15864
2.114
2.0588
1.99393
1.92003
1.84964
1.73641
4.00189
3.97554
3.9492
3.92289
3.89663
3.87042
3.84428
3.81825
3.79233
3.76657
3.74099
3.71563
3.69052
3.66572
3.64127
3.61723
3.59365
3.5706
3.54814
3.52635
3.50531
3.48509
3.4658
3.44752
3.43035
3.41439
3.39976
3.38657
3.37491
3.36491
3.35667
3.35029
3.34586
3.34345
3.34312
3.34488
3.34875
3.35468
3.3626
3.37239
3.38387
3.39682
3.41097
3.42597
3.44145
3.45694
3.47196
3.48597
3.4984
3.50869
3.51627
3.52062
3.52128
3.51789
3.51017
3.49796
3.48122
3.46001
3.43451
3.40497
3.3717
3.33508
3.2955
3.25336
3.20907
3.163
3.11551
3.06694
3.01758
2.9677
2.91753
2.86728
2.81713
2.76724
2.71775
2.66878
2.62044
2.57283
2.5261
2.48046
2.4363
2.39431
2.35547
2.32094
2.29185
2.26881
2.25157
2.23888
2.22863
2.21831
2.20541
2.18777
2.16355
2.1312
2.08955
2.03795
1.9771
1.90732
1.84056
1.73147
4.00172
3.97535
3.94898
3.92264
3.89633
3.87007
3.84387
3.81775
3.79174
3.76586
3.74013
3.7146
3.68929
3.66425
3.63952
3.61515
3.59119
3.56771
3.54477
3.52244
3.50079
3.47991
3.45987
3.44077
3.4227
3.40576
3.39005
3.37568
3.36274
3.35133
3.34156
3.33352
3.32727
3.32288
3.3204
3.31985
3.32122
3.32448
3.32955
3.33633
3.34468
3.35439
3.36524
3.37695
3.38917
3.40154
3.41362
3.42494
3.43501
3.44329
3.44927
3.45245
3.45237
3.44864
3.44096
3.42915
3.41311
3.39287
3.36855
3.34037
3.3086
3.27359
3.23568
3.19527
3.15273
3.10841
3.06267
3.01581
2.96812
2.91985
2.87125
2.82251
2.7738
2.7253
2.67714
2.62944
2.58231
2.53585
2.49021
2.44556
2.40228
2.361
2.32265
2.28843
2.25948
2.23656
2.21954
2.20729
2.19773
2.18832
2.1765
2.16009
2.13736
2.10692
2.06772
2.01914
1.96177
1.89561
1.83212
1.72683
4.00155
3.97515
3.94876
3.92238
3.89603
3.86971
3.84345
3.81726
3.79116
3.76516
3.73931
3.71362
3.68812
3.66286
3.63787
3.61321
3.58892
3.56506
3.54168
3.51887
3.49667
3.47518
3.45447
3.43463
3.41574
3.39791
3.38122
3.36577
3.35166
3.33898
3.32781
3.31824
3.31033
3.30413
3.29969
3.29702
3.2961
3.29691
3.29938
3.30341
3.30887
3.31562
3.32345
3.33212
3.34136
3.35086
3.36024
3.3691
3.377
3.38344
3.38795
3.39003
3.38923
3.38514
3.37745
3.36593
3.35046
3.33104
3.30775
3.28078
3.25038
3.21686
3.18056
3.14182
3.101
3.05844
3.01445
2.96933
2.92335
2.87675
2.82976
2.78257
2.73535
2.68827
2.64145
2.59503
2.54911
2.5038
2.45922
2.41554
2.37311
2.3325
2.29462
2.26063
2.23177
2.20888
2.19199
2.18008
2.17113
2.16255
2.15171
2.13639
2.1149
2.08601
2.04879
2.00272
1.94827
1.88525
1.82464
1.72276
4.00137
3.97495
3.94853
3.92212
3.89572
3.86936
3.84304
3.81677
3.79058
3.76449
3.73851
3.71267
3.68701
3.66155
3.63634
3.61142
3.58682
3.56262
3.53886
3.5156
3.49292
3.47088
3.44956
3.42905
3.40943
3.39079
3.37321
3.35679
3.34161
3.32776
3.31532
3.30436
3.29494
3.2871
3.28087
3.27626
3.27325
3.27182
3.27189
3.2734
3.27623
3.28026
3.28531
3.29122
3.29774
3.30462
3.31155
3.31818
3.3241
3.32888
3.33203
3.33308
3.33156
3.32706
3.31924
3.30787
3.2928
3.27401
3.25159
3.22569
3.19656
3.16448
3.12977
3.09273
3.0537
3.01298
2.97086
2.92761
2.88347
2.83867
2.79341
2.74787
2.70223
2.65664
2.61122
2.56612
2.52143
2.47726
2.43372
2.39098
2.34935
2.30935
2.27185
2.23803
2.20913
2.18612
2.16921
2.15749
2.14903
2.14118
2.13123
2.11687
2.09642
2.06874
2.03311
1.98906
1.93704
1.87666
1.81852
1.71957
4.0012
3.97475
3.9483
3.92186
3.89542
3.86901
3.84263
3.8163
3.79003
3.76384
3.73775
3.71179
3.68597
3.66034
3.63492
3.60976
3.5849
3.56038
3.53627
3.51263
3.48951
3.46698
3.44513
3.42402
3.40373
3.38436
3.36598
3.34868
3.33254
3.31765
3.30406
3.29184
3.28104
3.2717
3.26385
3.25747
3.25256
3.24908
3.24698
3.24619
3.24663
3.24818
3.25072
3.25412
3.2582
3.26273
3.26747
3.2721
3.27624
3.27947
3.28131
3.28129
3.27895
3.27386
3.2657
3.25422
3.2393
3.22094
3.19923
3.17432
3.14644
3.11586
3.08286
3.04772
3.01071
2.9721
2.93213
2.89102
2.84899
2.80624
2.76294
2.71927
2.67537
2.6314
2.5875
2.54377
2.50034
2.45731
2.41479
2.37294
2.33202
2.29254
2.25531
2.22148
2.19236
2.16903
2.15186
2.14012
2.13194
2.12467
2.11546
2.1019
2.08228
2.05555
2.02111
1.97864
1.92856
1.87033
1.81425
1.71771
4.00103
3.97456
3.94808
3.9216
3.89513
3.86867
3.84224
3.81585
3.7895
3.76323
3.73704
3.71096
3.685
3.65921
3.63361
3.60824
3.58314
3.55836
3.53395
3.50995
3.48645
3.46349
3.44116
3.41951
3.39864
3.37862
3.35954
3.34146
3.32446
3.30862
3.294
3.28066
3.26864
3.25796
3.24864
3.24068
3.23407
3.22876
3.22471
3.22188
3.22018
3.21954
3.21987
3.22107
3.22299
3.22545
3.22821
3.23098
3.23338
3.235
3.23535
3.23399
3.23045
3.22435
3.21542
3.20346
3.1884
3.17029
3.14923
3.1254
3.099
3.07026
3.03941
3.00665
2.9722
2.93625
2.89897
2.86053
2.8211
2.78083
2.73988
2.69839
2.65651
2.61438
2.57212
2.52987
2.48774
2.44584
2.40428
2.36321
2.32287
2.28374
2.24657
2.21251
2.18289
2.15892
2.14115
2.12904
2.12083
2.11387
2.10518
2.09221
2.07318
2.04709
2.01348
1.97215
1.92354
1.86698
1.81253
1.71781
4.00089
3.9744
3.94789
3.92138
3.89487
3.86838
3.8419
3.81545
3.78904
3.76269
3.73641
3.71023
3.68416
3.65823
3.63248
3.60693
3.58163
3.55661
3.53194
3.50765
3.48381
3.46049
3.43774
3.41565
3.39427
3.3737
3.354
3.33525
3.31752
3.30087
3.28537
3.27106
3.25798
3.24616
3.23559
3.22628
3.21821
3.21135
3.20565
3.20108
3.19758
3.19509
3.19353
3.1928
3.19277
3.19324
3.19397
3.19465
3.19491
3.19434
3.1925
3.18899
3.18346
3.17563
3.16534
3.15251
3.13718
3.11942
3.09938
3.07721
3.05305
3.02705
2.99934
2.97001
2.93917
2.90689
2.87327
2.83839
2.80235
2.76526
2.72725
2.68842
2.64893
2.60891
2.56849
2.52781
2.48698
2.44614
2.40539
2.3649
2.3249
2.28581
2.24837
2.21368
2.18312
2.15803
2.13915
2.12616
2.11745
2.11036
2.10181
2.08909
2.07032
2.04452
2.01134
1.9707
1.92308
1.8677
1.81443
1.72088
4.0008
3.97429
3.94777
3.92124
3.89471
3.86818
3.84167
3.81519
3.78874
3.76233
3.736
3.70974
3.68359
3.65757
3.6317
3.60602
3.58057
3.55539
3.53052
3.50601
3.48193
3.45833
3.43528
3.41284
3.39108
3.37009
3.34993
3.33067
3.31239
3.29513
3.27897
3.26393
3.25006
3.23737
3.22587
3.21555
3.20639
3.19835
3.19139
3.18546
3.18047
3.17634
3.17297
3.17019
3.16784
3.16569
3.16346
3.16085
3.15755
3.15325
3.14768
3.14062
3.13196
3.12162
3.10964
3.0961
3.0811
3.06474
3.04712
3.02828
3.00823
2.98694
2.96435
2.94041
2.91504
2.88818
2.85979
2.82988
2.79845
2.76558
2.73133
2.69583
2.6592
2.62159
2.58315
2.54403
2.50437
2.46432
2.42403
2.38368
2.34349
2.30388
2.26554
2.22957
2.19737
2.17041
2.14964
2.135
2.12504
2.11713
2.10812
2.09509
2.07607
2.05005
2.0168
1.97633
1.92916
1.87439
1.82182
1.72868
4.00098
3.97449
3.94798
3.92147
3.89496
3.86845
3.84195
3.81548
3.78905
3.76266
3.73633
3.71008
3.68393
3.6579
3.63203
3.60633
3.58086
3.55564
3.53072
3.50615
3.482
3.45831
3.43515
3.41259
3.39069
3.36954
3.3492
3.32974
3.31123
3.29373
3.27728
3.26193
3.24771
3.23461
3.22264
3.21175
3.2019
3.19301
3.18496
3.17762
3.17083
3.1644
3.1581
3.1517
3.14496
3.13767
3.12963
3.12074
3.11095
3.10029
3.08889
3.07692
3.06459
3.05212
3.03971
3.02749
3.01553
3.0038
2.99217
2.98043
2.96833
2.95555
2.94177
2.92666
2.90994
2.89137
2.87074
2.84795
2.82292
2.79567
2.76626
2.7348
2.70145
2.66638
2.62977
2.5918
2.55269
2.51266
2.47192
2.43068
2.38921
2.34793
2.3075
2.26902
2.23395
2.20386
2.17995
2.16241
2.15
2.14016
2.12963
2.11535
2.0952
2.06816
2.03407
1.99304
1.9456
1.89071
1.8382
1.74447
4.00227
3.97592
3.94956
3.9232
3.89686
3.87053
3.84423
3.81796
3.79174
3.76557
3.73948
3.71348
3.68759
3.66183
3.63623
3.61082
3.58563
3.56072
3.53611
3.51186
3.48802
3.46466
3.44184
3.41962
3.39808
3.37728
3.35729
3.33818
3.32
3.30281
3.28663
3.27149
3.25735
3.24419
3.23191
3.22039
3.20944
3.19883
3.18828
3.17747
3.16606
3.1537
3.14011
3.12509
3.10856
3.09065
3.07165
3.05204
3.03244
3.01355
2.99606
2.98059
2.96762
2.95747
2.95023
2.94583
2.94401
2.94434
2.94628
2.9492
2.95238
2.95511
2.95666
2.95637
2.95363
2.94795
2.93896
2.92639
2.91012
2.89014
2.86653
2.83946
2.80913
2.77579
2.73966
2.70111
2.66055
2.61832
2.57476
2.53018
2.48491
2.43942
2.3944
2.35094
2.31056
2.27499
2.24566
2.22301
2.20604
2.19225
2.17829
2.16097
2.13803
2.10846
2.07215
2.02926
1.98034
1.92413
1.87067
1.77482
4.00881
3.98303
3.95728
3.93157
3.9059
3.88029
3.85473
3.82924
3.80383
3.77851
3.75329
3.72819
3.70324
3.67844
3.65384
3.62945
3.60531
3.58146
3.55795
3.53481
3.5121
3.48988
3.4682
3.44711
3.42669
3.40696
3.38799
3.3698
3.3524
3.33576
3.31983
3.30452
3.28965
3.27501
3.26028
3.24509
3.229
3.21151
3.19212
3.17036
3.14588
3.11852
3.08837
3.05588
3.02183
2.98735
2.95382
2.92275
2.89565
2.87383
2.85832
2.8498
2.84851
2.85435
2.86692
2.88555
2.90937
2.93732
2.9682
3.00068
3.03337
3.06483
3.09371
3.11875
3.13888
3.15327
3.16132
3.16266
3.15718
3.14497
3.12622
3.10124
3.07026
3.03376
2.99262
2.9476
2.89939
2.84862
2.79582
2.74149
2.6861
2.63021
2.57458
2.52037
2.4692
2.42294
2.38325
2.35082
2.32483
2.30286
2.28148
2.25731
2.22804
2.19268
2.15118
2.10372
2.05082
1.99092
1.93453
1.83369
4.03761
4.01381
3.99009
3.96647
3.94295
3.91953
3.89622
3.87302
3.84994
3.82698
3.80416
3.78148
3.75895
3.7366
3.71443
3.69247
3.67074
3.64925
3.62804
3.60713
3.58653
3.56627
3.54634
3.52677
3.50751
3.48853
3.46976
3.45108
3.43232
3.41327
3.39363
3.37302
3.35102
3.3271
3.30071
3.27129
3.23834
3.20146
3.16052
3.11568
3.06752
3.01713
2.96605
2.91631
2.8702
2.83016
2.79857
2.77747
2.76851
2.77276
2.79074
2.82241
2.86726
2.92444
2.99277
3.07077
3.15658
3.24794
3.34225
3.43662
3.52803
3.61353
3.6905
3.75672
3.81051
3.85073
3.87683
3.88878
3.88676
3.87153
3.84319
3.80226
3.75082
3.69096
3.62431
3.55223
3.47591
3.39636
3.31449
3.2311
3.14691
3.06269
2.97938
2.89831
2.82126
2.75031
2.68727
2.63296
2.58656
2.54561
2.50664
2.46622
2.42195
2.37291
2.31913
2.26073
2.19808
2.12916
2.06546
1.95351
4.15451
4.13616
4.11792
4.09978
4.08172
4.06374
4.04582
4.02794
4.0101
3.99227
3.97444
3.95658
3.93868
3.92072
3.90266
3.88447
3.86612
3.84756
3.82873
3.80955
3.78995
3.76981
3.74899
3.72734
3.70465
3.68069
3.6552
3.62786
3.59834
3.5663
3.5314
3.49338
3.45206
3.40745
3.35982
3.30981
3.25847
3.2074
3.15875
3.11517
3.07979
3.056
3.04721
3.05662
3.0869
3.14003
3.21718
3.31877
3.44465
3.59418
3.76638
3.95983
4.17288
4.40332
4.64791
4.90205
5.1597
5.41364
5.65608
5.87915
6.07573
6.24019
6.36871
6.45913
6.511
6.52545
6.50477
6.45216
6.36768
6.25553
6.12175
5.97173
5.80907
5.63678
5.45749
5.27357
5.08715
4.90009
4.71403
4.53037
4.35034
4.17511
4.00594
3.84441
3.69247
3.55219
3.4252
3.31191
3.211
3.11952
3.03374
2.95039
2.86747
2.78415
2.70009
2.61479
2.52823
2.43743
2.35607
2.21875
4.6006
4.59509
4.58937
4.5834
4.5771
4.57043
4.56333
4.55571
4.54753
4.53868
4.5291
4.51868
4.50734
4.49496
4.48144
4.46667
4.45051
4.43286
4.41359
4.39261
4.36983
4.3452
4.31871
4.29044
4.26057
4.22942
4.19752
4.16565
4.13495
4.10699
4.08391
4.06852
4.06442
4.07614
4.10917
4.17003
4.26611
4.40553
4.59677
4.84817
5.16735
5.56043
6.03139
6.58136
7.20827
7.9067
8.66824
9.48208
10.336
11.217
12.1124
13.0094
13.896
14.757
15.5735
16.3232
16.983
17.5315
17.9503
18.228
18.3614
18.353
18.2096
17.9415
17.5636
17.0955
16.5535
15.9525
15.3105
14.6404
13.9529
13.2582
12.565
11.8808
11.2116
10.5625
9.93716
9.33861
8.76887
8.22933
7.72084
7.24392
6.79899
6.38654
6.00711
5.66102
5.3477
5.06524
4.81021
4.57821
4.36496
4.16722
3.98302
3.81115
3.65036
3.49849
3.35364
3.21019
3.08628
2.88916
6.53037
6.56527
6.59948
6.63298
6.66574
6.69779
6.72914
6.75985
6.79001
6.81974
6.84921
6.87866
6.90841
6.93885
6.97053
7.0041
7.04042
7.08052
7.12572
7.17761
7.23818
7.30981
7.39542
7.49853
7.62338
7.77506
7.95964
8.18438
8.45787
8.79023
9.19335
9.68103
10.2691
10.9757
11.8208
12.8262
14.0152
15.4116
17.0384
18.9169
21.0643
23.492
26.2027
29.1882
32.4259
35.8761
39.4805
43.1614
46.8253
50.367
53.6805
56.669
59.2324
61.2826
62.7535
63.6062
63.8307
63.4466
62.4913
61.0445
59.2164
57.0715
54.6704
52.0781
49.3577
46.5659
43.7577
40.9812
38.2748
35.6678
33.1804
30.8251
28.6079
26.5302
24.5901
22.7835
21.1049
19.5485
18.1083
16.7785
15.5531
14.4267
13.394
12.4501
11.5898
10.8078
10.098
9.45342
8.86742
8.33397
7.84859
7.40815
7.01002
6.65076
6.32548
6.02786
5.75314
5.49126
5.27124
4.94121
20.4603
20.8171
21.1798
21.5495
21.9273
22.3143
22.7119
23.1219
23.5459
23.9861
24.4446
24.9239
25.427
25.9568
26.5167
27.1104
27.7419
28.4158
29.1367
29.9101
30.7417
31.6378
32.6054
33.6522
34.7867
36.0184
37.358
38.8176
40.4108
42.1535
44.0636
46.1623
48.4741
51.0279
53.8576
57.0033
60.512
64.4384
68.8448
73.8003
79.3774
85.6453
92.6599
100.447
108.982
118.164
127.795
137.564
147.046
155.729
163.066
168.546
171.603
172.024
169.901
165.528
159.326
151.768
143.331
134.407
125.294
116.282
107.588
99.3603
91.6793
84.5802
78.0645
72.112
66.6896
61.7576
57.2732
53.1939
49.4788
46.0898
42.9926
40.157
37.557
35.1707
32.9797
30.968
29.1219
27.4289
25.8777
24.4576
23.158
21.9685
20.8791
19.8808
18.966
18.1297
17.368
16.6777
16.0539
15.4894
14.975
14.5006
14.0604
13.6412
13.2901
12.7702
131.272
133.006
134.694
136.331
137.915
139.442
140.907
142.309
143.641
144.901
146.084
147.185
148.199
149.121
149.944
150.663
151.269
151.755
152.112
152.33
152.398
152.303
152.033
151.573
150.906
150.013
148.877
147.474
145.784
143.783
141.446
138.75
135.672
132.191
128.295
123.975
119.238
114.107
108.627
102.871
96.9456
90.9926
85.1905
79.7473
74.8883
70.838
67.7951
65.9071
65.2436
65.7874
67.3796
69.7969
73.1616
77.0531
80.914
84.296
86.9207
88.6711
89.5564
89.6552
89.0772
87.951
86.4103
84.5795
82.566
80.4571
78.3205
76.2071
74.1528
72.1821
70.3097
68.5429
66.8833
65.3285
63.8744
62.5159
61.2488
60.0702
58.9787
57.9743
57.0575
56.2286
55.4871
54.8308
54.2561
53.758
53.331
52.9691
52.6665
52.4172
52.2138
52.0477
51.9088
51.7872
51.6753
51.5678
51.465
51.3678
51.2858
51.1838
15.0851
12.527
15.4066
15.3149
13.6235
10.8714
7.60287
12.3934
35.6093
67.8825
104.088
142.077
180.492
218.333
254.777
289.106
320.714
349.155
374.175
395.714
413.886
428.923
441.129
450.827
458.337
463.95
467.928
470.495
471.849
472.188
471.745
470.795
469.573
467.823
465.678
463.197
460.415
457.329
453.899
450.036
445.586
440.318
433.907
425.938
415.927
403.422
388.232
370.883
353.222
338.354
323.555
307.344
289.957
271.952
253.889
236.265
219.485
203.831
189.461
176.421
164.676
154.142
144.709
136.259
128.678
121.861
115.717
110.165
105.138
100.576
96.4273
92.6488
89.2021
86.0537
83.1731
80.5309
78.0971
75.8396
73.7236
71.7109
69.7611
67.832
65.8818
63.8708
61.7644
59.5372
57.1781
54.6939
52.1053
49.4435
46.7901
44.2943
42.1216
40.3931
39.1482
38.3445
37.8829
37.6502
37.5492
37.5017
48.9472
32.7637
25.9
23.1783
25.057
33.7968
50.2046
72.5938
97.4395
121.396
143.735
164.569
184.388
203.689
222.732
241.475
259.65
276.884
292.816
307.175
319.802
330.649
339.748
347.182
353.052
357.466
360.522
362.314
362.932
362.478
361.076
358.88
356.033
352.503
348.365
343.735
338.716
333.417
327.945
322.397
316.843
311.295
305.674
299.758
293.129
285.154
275.047
262.099
246.102
227.641
207.775
187.771
168.703
151.24
135.677
122.051
110.246
100.071
91.3109
83.7536
77.2076
71.5072
66.5134
62.1117
58.209
54.7298
51.6127
48.8069
46.2704
43.9671
41.8656
39.9381
38.1596
36.5074
34.9604
33.4997
32.1073
30.7672
29.4644
28.1858
26.9195
25.6553
24.3846
23.1002
21.7966
20.4712
19.1276
17.7804
16.4583
15.2015
14.0107
12.853
11.732
10.686
9.76116
8.98907
8.38182
7.92771
7.62763
7.35534
85.1092
50.1951
43.2004
42.7127
49.3711
63.3172
82.0183
101.588
119.657
136.37
152.741
169.666
187.725
207.05
227.345
248.016
268.359
287.723
305.609
321.711
335.894
348.158
358.59
367.323
374.51
380.304
384.848
388.274
390.691
392.184
392.8
392.562
391.491
389.611
386.949
383.488
379.21
374.087
368.075
361.098
353.036
343.704
332.832
320.053
304.911
286.933
265.777
241.636
215.648
189.737
165.799
144.939
127.376
112.778
100.628
90.4401
81.8268
74.4916
68.205
62.7843
58.081
53.9739
50.3637
47.1696
44.3256
41.7783
39.4837
37.4057
35.5138
33.7819
32.1868
30.7079
29.3267
28.0259
26.79
25.6051
24.4587
23.3401
22.2403
21.1517
20.0685
18.9863
17.9014
16.811
15.7127
14.6052
13.4891
12.3682
11.2504
10.146
9.066
8.0237
7.0378
6.13201
5.33057
4.65237
4.10717
3.69038
3.40303
3.13588
113.589
67.7671
62.5146
63.3113
69.9059
81.584
95.9156
110.573
124.93
139.616
155.312
172.387
190.898
210.636
231.189
252.034
272.629
292.487
311.223
328.566
344.355
358.527
371.091
382.109
391.677
399.906
406.909
412.79
417.634
421.496
424.398
426.342
427.336
427.355
426.366
424.298
421.052
416.491
410.429
402.614
392.703
380.247
364.669
345.272
321.331
292.313
258.283
220.588
182.361
147.863
120.348
100.457
86.7322
77.1191
69.9648
64.2486
59.429
55.2365
51.5322
48.2341
45.2846
42.6373
40.2532
38.0981
36.1425
34.3606
32.7302
31.2317
29.8479
28.563
27.3624
26.2325
25.1603
24.1337
23.1413
22.173
21.2202
20.2755
19.3334
18.3899
17.4427
16.4904
15.5326
14.5687
13.5986
12.6217
11.638
10.6486
9.65671
8.66847
7.69431
6.74929
5.8528
5.02686
4.29311
3.66867
3.16303
2.77286
2.50063
2.24271
128.372
78.2449
74.938
77.082
82.8049
91.6866
102.622
114.585
127.325
141.023
155.861
171.93
189.226
207.639
226.949
246.837
266.92
286.8
306.102
324.51
341.781
357.757
372.354
385.554
397.383
407.902
417.181
425.291
432.289
438.207
443.06
446.832
449.501
451.039
451.382
450.422
448
443.892
437.798
429.314
417.895
402.831
383.234
358.08
326.385
287.621
242.477
193.829
147.046
108.234
80.8987
64.3107
55.1506
50.0593
46.8435
44.4031
42.2817
40.3198
38.4721
36.7303
35.0944
33.5636
32.1352
30.8039
29.5633
28.4059
27.3242
26.3104
25.3566
24.4548
23.5969
22.7744
21.9787
21.2013
20.4342
19.6698
18.9018
18.1253
17.3368
16.5348
15.7188
14.8898
14.0494
13.1992
12.3402
11.473
10.5978
9.71491
8.82594
7.93531
7.05156
6.18806
5.36279
4.59679
3.9112
3.32332
2.84362
2.47058
2.20785
1.95744
133.071
81.1395
79.8944
83.8634
89.9514
97.8182
107.184
117.658
129.022
141.23
154.34
168.471
183.733
200.172
217.722
236.196
255.305
274.701
294.015
312.905
331.077
348.302
364.423
379.347
393.032
405.478
416.706
426.744
435.621
443.349
449.921
455.313
459.483
462.374
463.891
463.885
462.137
458.341
452.074
442.764
429.645
411.725
387.791
356.527
316.859
268.71
214.199
158.624
109.589
73.3905
51.4143
40.3491
35.5069
33.4351
32.3453
31.5122
30.7018
29.8637
29.0035
28.1382
27.2834
26.4499
25.6451
24.8724
24.1334
23.4277
22.7537
22.109
21.4902
20.8936
20.3144
19.7473
19.1863
18.6252
18.0577
17.478
16.8812
16.2633
15.6223
14.9576
14.2699
13.5617
12.8356
12.0946
11.341
10.5762
9.80077
9.01493
8.21958
7.41789
6.6168
5.82797
5.06779
4.35608
3.71342
3.15748
2.69983
2.34091
2.08583
1.84113
130.498
79.3582
79.7731
85.7697
93.3107
101.673
110.704
120.273
130.291
140.781
151.894
163.859
176.905
191.192
206.761
223.524
241.274
259.719
278.523
297.343
315.864
333.814
350.98
367.204
382.384
396.456
409.39
421.172
431.793
441.231
449.453
456.412
462.037
466.234
468.861
469.709
468.478
464.746
457.932
447.25
431.663
409.864
380.34
341.645
293.067
235.872
174.753
117.871
73.6371
45.834
31.9731
26.4909
24.738
24.2298
23.986
23.7148
23.367
22.9584
22.5128
22.0495
21.5816
21.1175
20.6625
20.2196
19.7901
19.3742
18.9712
18.5798
18.198
17.8232
17.452
17.0805
16.7039
16.3171
15.9147
15.4916
15.0433
14.5665
14.0593
13.5213
12.954
12.3599
11.7425
11.1053
10.4515
9.78313
9.10109
8.40568
7.69746
6.9788
6.25534
5.53717
4.83911
4.17967
3.57877
3.05414
2.6183
2.27338
2.02606
1.78673
121.526
74.9083
76.8298
84.7002
94.1055
103.816
113.4
122.72
131.813
140.869
150.197
160.161
171.103
183.283
196.836
211.765
227.944
245.151
263.095
281.46
299.928
318.207
336.045
353.237
369.625
385.089
399.549
412.939
425.202
436.277
446.092
454.558
461.56
466.944
470.496
471.912
470.768
466.479
458.248
445.021
425.455
397.952
360.872
313.093
255.176
191.014
128.63
77.7544
44.3945
27.4364
20.9622
19.2351
19.0339
19.0971
19.0756
18.9318
18.7018
18.4241
18.1254
17.8215
17.5214
17.2298
16.9489
16.6793
16.4207
16.1721
15.9319
15.6984
15.4695
15.2425
15.0144
14.7814
14.5394
14.2835
14.0087
13.7101
13.3833
13.0248
12.6325
12.2059
11.746
11.2554
10.7375
10.1961
9.63458
9.05527
8.45944
7.84749
7.21981
6.57815
5.92716
5.27562
4.63688
4.02813
3.46839
2.97526
2.56182
2.23158
1.99271
1.7591
109.089
69.5096
72.7666
82.1906
93.4658
104.968
115.85
125.755
134.706
143
151.091
159.486
168.651
178.957
190.638
203.789
218.37
234.232
251.144
268.825
286.975
305.3
323.524
341.408
358.745
375.374
391.156
405.969
419.701
432.237
443.453
453.197
461.283
467.468
471.427
472.718
470.741
464.689
453.502
435.832
410.072
374.522
327.872
270.232
204.776
139.009
83.2156
45.1084
25.1104
17.4496
15.5667
15.5457
15.8246
15.9738
15.9522
15.8103
15.601
15.3611
15.113
14.8697
14.6378
14.4204
14.2183
14.0312
13.8578
13.6964
13.5449
13.401
13.2622
13.1256
12.9882
12.8462
12.6956
12.5318
12.3498
12.1447
11.9119
11.6478
11.3497
11.0165
10.6488
10.2485
9.81861
9.36274
8.88412
8.38523
7.86745
7.33122
6.77682
6.20558
5.62136
5.03179
4.44891
3.88861
3.36894
2.90706
2.51637
2.20143
1.97166
1.74429
94.8132
63.78
68.5164
79.6246
93.0383
106.868
119.851
131.297
141.071
149.474
157.062
164.477
172.325
181.105
191.163
202.697
215.756
230.269
246.068
262.92
280.554
298.681
317.021
335.305
353.297
370.785
387.572
403.475
418.317
431.917
444.072
454.545
463.046
469.206
472.547
472.44
468.061
458.346
441.966
417.352
382.846
337.125
280.105
214.461
147.077
88.2082
46.601
24.0273
15.1814
13.0142
13.0561
13.4781
13.7623
13.8474
13.7843
13.6305
13.4288
13.2073
12.9833
12.7672
12.5649
12.379
12.2106
12.0595
11.9244
11.8038
11.6955
11.5972
11.5063
11.4201
11.3354
11.2486
11.1559
11.0527
10.9343
10.7958
10.6325
10.4403
10.2163
9.95868
9.66721
9.34314
8.98884
8.60729
8.20143
7.77359
7.32509
6.85639
6.36763
5.85983
5.3362
4.80341
4.2723
3.75753
3.27611
2.8446
2.47647
2.17703
1.95677
1.73604
81.4765
58.6378
65.778
79.6901
96.4149
113.732
129.933
143.961
155.489
164.792
172.514
179.441
186.336
193.843
202.441
212.436
223.973
237.062
251.6
267.406
284.244
301.843
319.916
338.183
356.371
374.214
391.454
407.838
423.113
437.007
449.217
459.39
467.099
471.812
472.86
469.393
460.35
444.436
420.162
385.99
340.721
284.29
219.117
151.54
91.4073
47.8286
23.5035
13.7001
11.2084
11.2138
11.7007
12.0778
12.2556
12.2731
12.1834
12.0288
11.8393
11.6351
11.4295
11.231
11.0449
10.8743
10.7206
10.5841
10.4644
10.3602
10.2699
10.1915
10.1228
10.0612
10.0039
9.94751
9.88842
9.82247
9.74512
9.65165
9.5374
9.39813
9.23042
9.03195
8.8018
8.54039
8.24933
7.93092
7.58759
7.22135
6.83335
6.42396
5.99321
5.54183
5.07248
4.59103
4.10722
3.63455
3.18897
2.78637
2.44006
2.15591
1.94523
1.73135
69.5756
55.3147
68.3155
88.9852
112.679
136.297
157.548
175.158
188.859
199.121
206.825
212.988
218.581
224.421
231.129
239.126
248.652
259.793
272.51
286.673
302.076
318.464
335.549
353.027
370.574
387.864
404.567
420.35
434.86
447.718
458.494
466.692
471.719
472.86
469.242
459.812
443.336
418.444
383.786
338.39
282.376
218.126
151.553
91.8869
48.012
23.0211
12.6878
9.92665
9.8307
10.311
10.7344
10.983
11.0762
11.0556
10.9581
10.812
10.6382
10.4516
10.2627
10.0789
9.90501
9.74408
9.59801
9.46768
9.3532
9.25404
9.16918
9.09714
9.03613
8.98405
8.93843
8.89643
8.85477
8.80969
8.75706
8.69243
8.61132
8.50948
8.38325
8.2299
8.04787
7.83687
7.5977
7.33197
7.04151
6.72789
6.39203
6.03413
5.6541
5.25238
4.83121
4.39568
3.95458
3.52032
3.10781
2.7322
2.40654
2.13706
1.93574
1.72869
59.6621
59.8035
92.2979
133.39
174.446
210.055
237.806
257.562
270.462
278.13
282.232
284.281
285.543
287.014
289.423
293.26
298.81
306.193
315.399
326.317
338.751
352.435
367.046
382.215
397.553
412.658
427.109
440.471
452.276
462.015
469.116
472.925
472.683
467.504
456.367
438.124
411.568
375.598
329.557
273.867
211.017
146.597
89.0799
46.6366
22.2106
11.9108
9.01354
8.78922
9.20685
9.63269
9.92626
10.0838
10.1307
10.0946
9.99962
9.86551
9.70769
9.53783
9.36455
9.19406
9.03078
8.87779
8.73716
8.61014
8.49732
8.39869
8.31376
8.24163
8.18102
8.1303
8.0875
8.05027
8.0158
7.98084
7.9417
7.89435
7.83459
7.75831
7.66181
7.54207
7.39708
7.2259
7.02867
6.80627
6.55995
6.29081
5.99945
5.68587
5.34982
4.99152
4.61277
4.21801
3.81516
3.41558
3.0332
2.6824
2.37592
2.1202
1.92775
1.72726
50.869
118.538
242.351
353.183
429.04
470.941
487.319
487.373
478.22
464.461
448.937
433.462
419.262
407.154
397.637
390.953
387.162
386.186
387.878
392.023
398.313
406.342
415.664
425.805
436.266
446.529
456.059
464.292
470.63
474.423
474.956
471.438
462.985
448.632
427.352
398.147
360.212
313.265
258.101
197.388
136.419
82.7624
43.468
20.86
11.2069
8.35153
8.0042
8.32263
8.71477
9.02735
9.23383
9.34125
9.36572
9.3252
9.23669
9.11491
8.97192
8.81717
8.65791
8.49956
8.34611
8.2005
8.06484
7.94057
7.82856
7.7292
7.64242
7.56775
7.50439
7.45119
7.40665
7.36888
7.33561
7.30408
7.27111
7.23313
7.18633
7.12686
7.05108
6.95588
6.83893
6.69881
6.53506
6.34796
6.13816
5.90631
5.65267
5.37704
5.07896
4.75845
4.4169
4.05817
3.68934
3.32084
2.96563
2.63737
2.3484
2.10533
1.92107
1.72669
34.4838
711.195
1140.53
1297.7
1294.27
1217.64
1117.39
1017.11
925.26
842.988
770.186
706.924
653.202
608.61
572.323
543.321
520.628
503.406
491.015
482.765
477.937
475.851
475.82
477.153
479.164
481.172
482.49
482.41
480.192
475.057
466.183
452.704
433.73
408.387
375.911
335.825
288.243
234.337
176.945
121.001
72.9937
38.5107
18.8964
10.4725
7.84781
7.40724
7.61061
7.94409
8.25242
8.49015
8.64712
8.72722
8.74081
8.70067
8.61965
8.50934
8.37952
8.23813
8.09136
7.94399
7.79966
7.66111
7.53041
7.40905
7.29808
7.19811
7.10935
7.03169
6.96469
6.90759
6.85932
6.81845
6.78316
6.7512
6.71987
6.68611
6.64651
6.59757
6.53583
6.45821
6.3622
6.24604
6.10881
5.95025
5.77051
5.56979
5.34802
5.10478
4.83943
4.55173
4.24274
3.91575
3.5771
3.23631
2.90544
2.59742
2.32424
2.09257
1.91571
1.7268
)
;

boundaryField
{
    outlet
    {
        type            zeroGradient;
    }
    inlet
    {
        type            fixedValue;
        value           uniform 5.199;
    }
    lowerWall
    {
        type            epsilonWallFunction;
        Cmu             0.09;
        kappa           0.41;
        E               9.8;
        value           nonuniform List<scalar> 
148
(
151.448
203.151
260.735
321.761
383.626
443.718
499.749
550.007
593.436
629.591
658.538
680.716
696.8
707.583
713.894
716.525
716.207
713.578
709.188
703.493
696.868
689.613
681.965
674.108
666.18
658.284
650.489
642.856
635.332
628.305
619.92
618.945
583.232
15.0851
48.9472
85.1092
113.589
128.372
133.071
130.498
121.526
109.089
94.8132
81.4765
69.5756
59.6621
50.869
34.4838
15.0851
12.527
15.4066
15.3149
13.6235
10.8714
7.60287
12.3934
35.6093
67.8825
104.088
142.077
180.492
218.333
254.777
289.106
320.714
349.155
374.175
395.714
413.886
428.923
441.129
450.827
458.337
463.95
467.928
470.495
471.849
472.188
471.745
470.795
469.573
467.823
465.678
463.197
460.415
457.329
453.899
450.036
445.586
440.318
433.907
425.938
415.927
403.422
388.232
370.883
353.222
338.354
323.555
307.344
289.957
271.952
253.889
236.265
219.485
203.831
189.461
176.421
164.676
154.142
144.709
136.259
128.678
121.861
115.717
110.165
105.138
100.576
96.4273
92.6488
89.2021
86.0537
83.1731
80.5309
78.0971
75.8396
73.7236
71.7109
69.7611
67.832
65.8818
63.8708
61.7644
59.5372
57.1781
54.6939
52.1053
49.4435
46.7901
44.2943
42.1216
40.3931
39.1482
38.3445
37.8829
37.6502
37.5492
37.5017
)
;
    }
    upperWall
    {
        type            epsilonWallFunction;
        Cmu             0.09;
        kappa           0.41;
        E               9.8;
        value           nonuniform List<scalar> 
133
(
44.7794
48.3124
51.8864
55.4656
59.0311
62.5709
66.0745
69.5321
72.935
76.2754
79.5465
82.7425
85.8585
88.8906
91.8356
94.691
97.4554
100.128
102.707
105.194
107.589
109.892
112.106
114.231
116.269
118.221
120.091
121.881
123.591
125.226
126.787
128.276
129.698
131.272
133.006
134.694
136.331
137.915
139.442
140.907
142.309
143.641
144.901
146.084
147.185
148.199
149.121
149.944
150.663
151.269
151.755
152.112
152.33
152.398
152.303
152.033
151.573
150.906
150.013
148.877
147.474
145.784
143.783
141.446
138.75
135.672
132.191
128.295
123.975
119.238
114.107
108.627
102.871
96.9456
90.9926
85.1905
79.7473
74.8883
70.838
67.7951
65.9071
65.2436
65.7874
67.3796
69.7969
73.1616
77.0531
80.914
84.296
86.9207
88.6711
89.5564
89.6552
89.0772
87.951
86.4103
84.5795
82.566
80.4571
78.3205
76.2071
74.1528
72.1821
70.3097
68.5429
66.8833
65.3285
63.8744
62.5159
61.2488
60.0702
58.9787
57.9743
57.0575
56.2286
55.4871
54.8308
54.2561
53.758
53.331
52.9691
52.6665
52.4172
52.2138
52.0477
51.9088
51.7872
51.6753
51.5678
51.465
51.3678
51.2858
51.1838
)
;
    }
    frontAndBack
    {
        type            empty;
    }
}


// ************************************************************************* //
