/*--------------------------------*- C++ -*----------------------------------*\
| =========                 |                                                 |
| \\      /  F ield         | OpenFOAM: The Open Source CFD Toolbox           |
|  \\    /   O peration     | Version:  2.1.1                                 |
|   \\  /    A nd           | Web:      www.OpenFOAM.org                      |
|    \\/     M anipulation  |                                                 |
\*---------------------------------------------------------------------------*/
FoamFile
{
    version     2.0;
    format      ascii;
    class       volScalarField;
    location    "0.07";
    object      p;
}
// * * * * * * * * * * * * * * * * * * * * * * * * * * * * * * * * * * * * * //

dimensions      [0 2 -2 0 0 0 0];

internalField   nonuniform List<scalar> 
6820
(
-11.1583
-13.0045
-13.5793
-13.7067
-13.8132
-13.8917
-13.9453
-13.9908
-14.0321
-14.0696
-14.1044
-14.1369
-14.1674
-14.1961
-14.223
-14.2482
-14.2718
-14.2938
-14.3143
-14.3332
-14.3506
-14.3664
-14.3804
-14.3926
-14.4027
-14.4104
-14.415
-14.416
-14.4119
-14.401
-14.3793
-14.3375
-14.2728
-15.1109
-14.5762
-14.1534
-13.963
-13.9379
-13.9485
-13.9679
-13.9948
-14.0259
-14.0579
-14.0898
-14.1211
-14.1514
-14.1803
-14.2079
-14.2339
-14.2584
-14.2813
-14.3027
-14.3225
-14.3408
-14.3575
-14.3725
-14.3856
-14.3968
-14.4057
-14.412
-14.4155
-14.4151
-14.4124
-14.4044
-14.4143
-14.4258
-13.4684
-13.1645
-13.4509
-13.6956
-13.8
-13.8747
-13.9329
-13.9813
-14.0242
-14.0629
-14.0985
-14.1314
-14.1622
-14.1909
-14.2178
-14.2431
-14.2667
-14.2887
-14.3093
-14.3284
-14.3461
-14.3622
-14.3769
-14.3898
-14.401
-14.4103
-14.4173
-14.422
-14.424
-14.4241
-14.4224
-14.4252
-14.4279
-13.9754
-14.0097
-14.0065
-13.947
-13.9388
-13.9586
-13.9842
-14.0121
-14.0418
-14.0718
-14.1014
-14.1303
-14.1583
-14.1852
-14.211
-14.2355
-14.2588
-14.2808
-14.3015
-14.3209
-14.3389
-14.3556
-14.3709
-14.3847
-14.3969
-14.4075
-14.4162
-14.4233
-14.4285
-14.4331
-14.437
-14.4474
-14.4585
-13.8201
-13.72
-13.764
-13.8295
-13.882
-13.9279
-13.9678
-14.0042
-14.0389
-14.072
-14.1035
-14.1334
-14.162
-14.1892
-14.215
-14.2394
-14.2625
-14.2843
-14.3048
-14.324
-14.342
-14.3587
-14.3741
-14.3882
-14.401
-14.4123
-14.4222
-14.4309
-14.4384
-14.4459
-14.4535
-14.4649
-14.4778
-13.8752
-13.8584
-13.8834
-13.9061
-13.9279
-13.9566
-13.9873
-14.0181
-14.0488
-14.0789
-14.1081
-14.1364
-14.1636
-14.1897
-14.2147
-14.2385
-14.2612
-14.2827
-14.3031
-14.3223
-14.3404
-14.3574
-14.3733
-14.388
-14.4016
-14.414
-14.4254
-14.436
-14.446
-14.4562
-14.467
-14.4805
-14.4954
-13.8736
-13.8523
-13.868
-13.8964
-13.926
-13.9582
-13.9904
-14.0215
-14.052
-14.0818
-14.1106
-14.1385
-14.1653
-14.191
-14.2157
-14.2393
-14.2618
-14.2832
-14.3036
-14.3229
-14.3412
-14.3585
-14.3748
-14.3901
-14.4045
-14.418
-14.4308
-14.443
-14.4551
-14.4676
-14.4808
-14.496
-14.5125
-13.8878
-13.8799
-13.8951
-13.9192
-13.944
-13.9716
-14.0004
-14.0293
-14.058
-14.0864
-14.1141
-14.141
-14.1671
-14.1922
-14.2164
-14.2396
-14.2618
-14.2831
-14.3034
-14.3227
-14.3412
-14.3588
-14.3756
-14.3915
-14.4067
-14.4213
-14.4355
-14.4494
-14.4633
-14.4778
-14.4933
-14.5102
-14.5286
-13.9009
-13.8969
-13.9088
-13.93
-13.9535
-13.9798
-14.0074
-14.0352
-14.0629
-14.0903
-14.1172
-14.1434
-14.1688
-14.1934
-14.2172
-14.24
-14.262
-14.2832
-14.3035
-14.3229
-14.3416
-14.3595
-14.3768
-14.3934
-14.4094
-14.4251
-14.4405
-14.4559
-14.4715
-14.4879
-14.5052
-14.5239
-14.5441
-13.9146
-13.9139
-13.925
-13.9441
-13.9658
-13.99
-14.0158
-14.042
-14.0684
-14.0947
-14.1206
-14.1459
-14.1707
-14.1947
-14.218
-14.2405
-14.2623
-14.2833
-14.3036
-14.3231
-14.342
-14.3603
-14.3779
-14.3952
-14.412
-14.4286
-14.4452
-14.462
-14.4792
-14.4972
-14.5162
-14.5366
-14.5585
-13.9283
-13.9292
-13.9394
-13.9566
-13.9767
-13.9992
-14.0235
-14.0484
-14.0737
-14.0989
-14.1239
-14.1485
-14.1726
-14.1961
-14.219
-14.2412
-14.2627
-14.2836
-14.3038
-14.3234
-14.3425
-14.3611
-14.3792
-14.397
-14.4146
-14.4321
-14.4498
-14.4678
-14.4864
-14.5058
-14.5263
-14.5483
-14.5718
-13.9418
-13.9437
-13.9532
-13.9689
-13.9875
-14.0086
-14.0313
-14.055
-14.079
-14.1033
-14.1274
-14.1512
-14.1746
-14.1976
-14.22
-14.2418
-14.2631
-14.2839
-14.3041
-14.3238
-14.343
-14.3619
-14.3804
-14.3988
-14.4171
-14.4354
-14.454
-14.4731
-14.4929
-14.5136
-14.5354
-14.5587
-14.5837
-13.9548
-13.9572
-13.9662
-13.9805
-13.9978
-14.0175
-14.0389
-14.0614
-14.0843
-14.1076
-14.1308
-14.1539
-14.1767
-14.1991
-14.2211
-14.2426
-14.2636
-14.2842
-14.3044
-14.3241
-14.3435
-14.3626
-14.3816
-14.4004
-14.4193
-14.4384
-14.4578
-14.4778
-14.4986
-14.5204
-14.5433
-14.5678
-14.5939
-13.9674
-13.9699
-13.9785
-13.9917
-14.0078
-14.0262
-14.0464
-14.0676
-14.0896
-14.1119
-14.1343
-14.1566
-14.1788
-14.2006
-14.2222
-14.2434
-14.2642
-14.2846
-14.3047
-14.3245
-14.344
-14.3633
-14.3826
-14.4018
-14.4213
-14.441
-14.4611
-14.4819
-14.5035
-14.5261
-14.55
-14.5752
-14.6022
-13.9793
-13.9819
-13.99
-14.0022
-14.0172
-14.0345
-14.0536
-14.0737
-14.0947
-14.1161
-14.1377
-14.1593
-14.1808
-14.2022
-14.2233
-14.2441
-14.2647
-14.2849
-14.3049
-14.3247
-14.3443
-14.3638
-14.3833
-14.403
-14.4228
-14.443
-14.4637
-14.4851
-14.5073
-14.5306
-14.5551
-14.581
-14.6086
-13.9906
-13.9931
-14.0008
-14.0122
-14.0262
-14.0425
-14.0605
-14.0796
-14.0996
-14.1201
-14.141
-14.1619
-14.1829
-14.2037
-14.2244
-14.2449
-14.2651
-14.2852
-14.3051
-14.3248
-14.3445
-14.3641
-14.3838
-14.4037
-14.4239
-14.4444
-14.4656
-14.4874
-14.5101
-14.5338
-14.5587
-14.585
-14.6129
-14.0012
-14.0037
-14.0109
-14.0215
-14.0347
-14.05
-14.067
-14.0853
-14.1044
-14.1241
-14.1441
-14.1644
-14.1848
-14.2051
-14.2254
-14.2455
-14.2655
-14.2853
-14.3051
-14.3248
-14.3444
-14.3641
-14.3839
-14.404
-14.4243
-14.4452
-14.4666
-14.4887
-14.5116
-14.5356
-14.5607
-14.5871
-14.6149
-14.0111
-14.0135
-14.0203
-14.0303
-14.0426
-14.0571
-14.0732
-14.0906
-14.1089
-14.1278
-14.1472
-14.1668
-14.1866
-14.2064
-14.2262
-14.246
-14.2657
-14.2853
-14.3049
-14.3244
-14.344
-14.3637
-14.3836
-14.4037
-14.4242
-14.4451
-14.4666
-14.4888
-14.5119
-14.5359
-14.5609
-14.5872
-14.6147
-14.0203
-14.0225
-14.0289
-14.0383
-14.05
-14.0637
-14.079
-14.0955
-14.1131
-14.1313
-14.15
-14.169
-14.1882
-14.2076
-14.2269
-14.2463
-14.2657
-14.2851
-14.3044
-14.3238
-14.3433
-14.3629
-14.3827
-14.4028
-14.4233
-14.4442
-14.4657
-14.4878
-14.5108
-14.5346
-14.5594
-14.5852
-14.6123
-14.0287
-14.0308
-14.0369
-14.0458
-14.0568
-14.0697
-14.0843
-14.1001
-14.1169
-14.1344
-14.1525
-14.1709
-14.1896
-14.2085
-14.2274
-14.2464
-14.2655
-14.2846
-14.3037
-14.3229
-14.3422
-14.3616
-14.3813
-14.4012
-14.4216
-14.4423
-14.4637
-14.4856
-14.5082
-14.5317
-14.556
-14.5812
-14.6076
-14.0364
-14.0384
-14.0441
-14.0525
-14.0629
-14.0753
-14.0891
-14.1043
-14.1204
-14.1373
-14.1547
-14.1726
-14.1908
-14.2092
-14.2277
-14.2463
-14.265
-14.2838
-14.3026
-14.3215
-14.3406
-14.3598
-14.3792
-14.399
-14.419
-14.4395
-14.4605
-14.4821
-14.5043
-14.5271
-14.5508
-14.5753
-14.6007
-14.0432
-14.0451
-14.0505
-14.0585
-14.0684
-14.0802
-14.0934
-14.1079
-14.1234
-14.1397
-14.1566
-14.1739
-14.1916
-14.2095
-14.2276
-14.2458
-14.2642
-14.2826
-14.3011
-14.3197
-14.3385
-14.3574
-14.3765
-14.3959
-14.4156
-14.4357
-14.4563
-14.4773
-14.4989
-14.521
-14.5438
-14.5674
-14.5916
-14.0493
-14.0511
-14.0562
-14.0638
-14.0732
-14.0844
-14.0971
-14.1111
-14.126
-14.1417
-14.1581
-14.1749
-14.1921
-14.2096
-14.2272
-14.2451
-14.263
-14.281
-14.2992
-14.3174
-14.3358
-14.3544
-14.3731
-14.3921
-14.4114
-14.4309
-14.4509
-14.4712
-14.4921
-14.5134
-14.5352
-14.5576
-14.5805
-14.0544
-14.0561
-14.061
-14.0682
-14.0773
-14.088
-14.1002
-14.1136
-14.128
-14.1432
-14.1591
-14.1754
-14.1922
-14.2092
-14.2264
-14.2438
-14.2614
-14.279
-14.2967
-14.3146
-14.3326
-14.3507
-14.369
-14.3874
-14.4061
-14.4251
-14.4443
-14.4639
-14.4838
-14.5042
-14.5249
-14.546
-14.5676
-14.0587
-14.0603
-14.065
-14.0719
-14.0806
-14.0909
-14.1027
-14.1157
-14.1296
-14.1444
-14.1598
-14.1757
-14.192
-14.2085
-14.2254
-14.2423
-14.2594
-14.2767
-14.294
-14.3114
-14.3289
-14.3465
-14.3642
-14.3821
-14.4001
-14.4183
-14.4368
-14.4555
-14.4744
-14.4936
-14.5131
-14.5328
-14.5529
-14.0621
-14.0636
-14.068
-14.0746
-14.0829
-14.0928
-14.1041
-14.1167
-14.1302
-14.1445
-14.1595
-14.175
-14.1909
-14.2071
-14.2235
-14.2401
-14.2568
-14.2735
-14.2904
-14.3073
-14.3243
-14.3414
-14.3585
-14.3757
-14.393
-14.4105
-14.428
-14.4457
-14.4636
-14.4816
-14.4998
-14.5181
-14.5366
-14.0645
-14.066
-14.0703
-14.0767
-14.0848
-14.0945
-14.1056
-14.1178
-14.1309
-14.1449
-14.1595
-14.1746
-14.1901
-14.2059
-14.2219
-14.238
-14.2542
-14.2705
-14.2868
-14.3032
-14.3196
-14.3361
-14.3525
-14.369
-14.3855
-14.402
-14.4186
-14.4353
-14.4519
-14.4687
-14.4854
-14.5022
-14.519
-14.0658
-14.0671
-14.071
-14.0769
-14.0845
-14.0937
-14.1045
-14.1164
-14.1293
-14.143
-14.1573
-14.1722
-14.1873
-14.2028
-14.2184
-14.2342
-14.2501
-14.266
-14.2819
-14.2978
-14.3136
-14.3294
-14.3452
-14.361
-14.3767
-14.3923
-14.4079
-14.4235
-14.439
-14.4544
-14.4697
-14.485
-14.5001
-14.0664
-14.0681
-14.0723
-14.0784
-14.0862
-14.0954
-14.1059
-14.1175
-14.1301
-14.1435
-14.1574
-14.1718
-14.1866
-14.2016
-14.2168
-14.2321
-14.2474
-14.2627
-14.278
-14.2932
-14.3084
-14.3235
-14.3385
-14.3533
-14.3681
-14.3827
-14.3972
-14.4116
-14.4258
-14.4398
-14.4537
-14.4673
-14.4807
-14.0651
-14.0657
-14.0686
-14.0736
-14.0806
-14.0894
-14.0998
-14.1114
-14.1241
-14.1375
-14.1516
-14.166
-14.1808
-14.1958
-14.2108
-14.226
-14.2411
-14.2561
-14.2711
-14.2859
-14.3006
-14.3151
-14.3295
-14.3436
-14.3576
-14.3713
-14.3848
-14.3981
-14.4111
-14.4238
-14.4362
-14.4483
-14.4601
-14.0651
-14.0678
-14.0723
-14.0784
-14.0858
-14.0947
-14.1048
-14.116
-14.1281
-14.1409
-14.1543
-14.168
-14.1821
-14.1964
-14.2107
-14.2251
-14.2394
-14.2537
-14.2679
-14.2819
-14.2957
-14.3094
-14.3227
-14.3359
-14.3488
-14.3614
-14.3737
-14.3857
-14.3973
-14.4086
-14.4195
-14.43
-14.44
-14.0573
-14.0551
-14.0555
-14.0594
-14.0663
-14.0755
-14.0865
-14.0988
-14.1121
-14.1261
-14.1406
-14.1553
-14.1702
-14.1851
-14.2
-14.2148
-14.2294
-14.2438
-14.258
-14.2719
-14.2855
-14.2988
-14.3118
-14.3244
-14.3366
-14.3484
-14.3599
-14.3709
-14.3814
-14.3915
-14.4012
-14.4103
-14.4188
-14.066
-14.0726
-14.0784
-14.0835
-14.0894
-14.0968
-14.1058
-14.116
-14.1272
-14.1391
-14.1516
-14.1645
-14.1778
-14.1911
-14.2045
-14.2179
-14.2312
-14.2444
-14.2574
-14.2701
-14.2825
-14.2946
-14.3064
-14.3178
-14.3288
-14.3393
-14.3495
-14.3591
-14.3682
-14.3769
-14.3849
-14.3924
-14.3994
-14.0337
-14.0201
-14.0151
-14.0206
-14.0309
-14.0438
-14.0583
-14.0737
-14.0897
-14.1059
-14.1222
-14.1384
-14.1543
-14.17
-14.1854
-14.2004
-14.215
-14.2292
-14.2429
-14.2562
-14.269
-14.2813
-14.2931
-14.3044
-14.3151
-14.3252
-14.3348
-14.3438
-14.3521
-14.3599
-14.3669
-14.3733
-14.379
-14.0884
-14.1089
-14.1137
-14.1093
-14.1067
-14.109
-14.1144
-14.1218
-14.1306
-14.1407
-14.1516
-14.163
-14.1749
-14.187
-14.1993
-14.2115
-14.2236
-14.2355
-14.2472
-14.2585
-14.2695
-14.2802
-14.2904
-14.3001
-14.3093
-14.3179
-14.326
-14.3335
-14.3404
-14.3466
-14.3522
-14.357
-14.3612
-13.9655
-13.9159
-13.904
-13.9298
-13.9586
-13.9833
-14.0075
-14.031
-14.0535
-14.0749
-14.0952
-14.1146
-14.133
-14.1506
-14.1674
-14.1834
-14.1987
-14.2132
-14.2271
-14.2402
-14.2526
-14.2643
-14.2753
-14.2856
-14.2951
-14.304
-14.312
-14.3194
-14.3259
-14.3316
-14.3366
-14.3407
-14.344
-14.2143
-14.2493
-14.2186
-14.1765
-14.1479
-14.1369
-14.1342
-14.1353
-14.1395
-14.1459
-14.154
-14.1632
-14.1732
-14.1836
-14.1942
-14.205
-14.2158
-14.2264
-14.2368
-14.2468
-14.2566
-14.2658
-14.2746
-14.2829
-14.2906
-14.2977
-14.3041
-14.3099
-14.3149
-14.3193
-14.3228
-14.3257
-14.3277
-13.7221
-13.6023
-13.6647
-13.7663
-13.8405
-13.8929
-13.9369
-13.9755
-14.0092
-14.0389
-14.0656
-14.0898
-14.1119
-14.1323
-14.1512
-14.1687
-14.185
-14.2003
-14.2145
-14.2277
-14.24
-14.2514
-14.2619
-14.2715
-14.2802
-14.288
-14.295
-14.301
-14.3062
-14.3104
-14.3137
-14.316
-14.3174
-14.9368
-14.5979
-14.3343
-14.2176
-14.1675
-14.1424
-14.1277
-14.1218
-14.1223
-14.1267
-14.1337
-14.1424
-14.1521
-14.1626
-14.1735
-14.1845
-14.1954
-14.2062
-14.2167
-14.2268
-14.2365
-14.2457
-14.2543
-14.2623
-14.2697
-14.2763
-14.2822
-14.2874
-14.2917
-14.2953
-14.2979
-14.2998
-14.3007
-12.4333
-13.1399
-13.5447
-13.6972
-13.8021
-13.8848
-13.9446
-13.9899
-14.0268
-14.0575
-14.0837
-14.1066
-14.127
-14.1456
-14.1626
-14.1783
-14.1928
-14.2064
-14.2189
-14.2306
-14.2413
-14.2512
-14.2603
-14.2684
-14.2757
-14.2821
-14.2876
-14.2922
-14.2958
-14.2986
-14.3003
-14.3012
-14.301
-14.0936
-14.1794
-14.2236
-14.2218
-14.2394
-14.2991
-14.4395
-14.6737
-14.992
-15.3802
-15.8204
-16.2946
-16.7847
-17.2735
-17.7463
-18.1913
-18.6002
-18.9691
-19.2954
-19.5809
-19.8268
-20.0357
-20.2096
-20.3504
-20.4594
-20.5371
-20.5832
-20.5964
-20.5741
-20.5128
-20.4072
-20.2509
-20.0358
-19.7522
-19.3891
-18.9341
-18.3742
-17.696
-16.8876
-15.9404
-14.853
-13.6329
-12.2991
-10.8893
-9.45344
-8.03571
-6.67379
-5.40323
-4.25307
-3.24131
-2.37441
-1.649
-1.05485
-0.57787
-0.202528
0.0866007
0.303901
0.462266
0.572949
0.645574
0.688255
0.707739
0.709573
0.698266
0.677446
0.649992
0.618166
0.583719
0.547984
0.511963
0.476391
0.441796
0.408543
0.376877
0.346952
0.318855
0.292626
0.268273
0.245779
0.225111
0.206217
0.189029
0.173461
0.159401
0.14671
0.135224
0.124747
0.11507
0.105957
0.0972142
0.0886089
0.0800955
0.0713399
0.0627205
0.0532512
0.0448361
0.0335527
0.0273436
0.0104707
0.0141172
-14.724
-14.7377
-14.554
-14.3957
-14.2938
-14.2871
-14.3765
-14.5706
-14.8686
-15.2544
-15.704
-16.1908
-16.6891
-17.1772
-17.6405
-18.071
-18.4651
-18.8213
-19.1383
-19.4185
-19.6609
-19.867
-20.0385
-20.1766
-20.2826
-20.3568
-20.399
-20.4075
-20.3797
-20.3117
-20.1983
-20.0327
-19.8069
-19.5114
-19.1353
-18.6667
-18.093
-17.4018
-16.5828
-15.6312
-14.5496
-13.3495
-12.0555
-10.7037
-9.33041
-7.97099
-6.66227
-5.43838
-4.32615
-3.34259
-2.49442
-1.77948
-1.18913
-0.710986
-0.330976
-0.0348925
0.190717
0.358061
0.477899
0.559524
0.610823
0.638408
0.647751
0.643329
0.628765
0.60696
0.580206
0.550292
0.518597
0.486165
0.453774
0.421992
0.391223
0.361745
0.333744
0.307332
0.282575
0.2595
0.238111
0.218392
0.200308
0.183812
0.168835
0.155286
0.143044
0.131962
0.121857
0.112532
0.103755
0.0953348
0.0870392
0.0788094
0.0703256
0.061921
0.0526984
0.0443647
0.0334297
0.026903
0.011085
0.0127037
-14.4468
-14.3662
-14.3045
-14.2906
-14.3097
-14.3778
-14.5052
-14.7008
-14.9661
-15.2943
-15.6763
-16.1
-16.5501
-17.0101
-17.4633
-17.8953
-18.2949
-18.6584
-18.9753
-19.2523
-19.4885
-19.6873
-19.8516
-19.9834
-20.0837
-20.1524
-20.1888
-20.1909
-20.1559
-20.0796
-19.9567
-19.7805
-19.5427
-19.234
-18.8437
-18.3599
-17.7711
-17.0673
-16.2428
-15.2969
-14.2344
-13.0693
-11.8254
-10.5302
-9.21357
-7.90938
-6.65235
-5.47381
-4.39856
-3.44274
-2.61331
-1.90914
-1.32309
-0.844299
-0.460115
-0.157492
0.0761042
0.252195
0.381042
0.471588
0.531487
0.567199
0.584111
0.586657
0.578452
0.562408
0.540844
0.515585
0.488048
0.459319
0.43022
0.401355
0.373168
0.345969
0.319975
0.295326
0.272111
0.250379
0.230152
0.211433
0.194207
0.178444
0.164093
0.151084
0.139314
0.128653
0.118932
0.109964
0.101526
0.0934281
0.0854404
0.0774915
0.0692789
0.0610875
0.0521157
0.0438612
0.0332872
0.0264332
0.0116901
0.0112802
-14.5102
-14.5483
-14.5364
-14.5082
-14.4982
-14.535
-14.6337
-14.8028
-15.0445
-15.3525
-15.7135
-16.11
-16.5243
-16.9415
-17.3501
-17.7414
-18.1083
-18.4436
-18.7512
-19.0223
-19.2594
-19.4612
-19.6274
-19.7588
-19.8562
-19.92
-19.9498
-19.9442
-19.9003
-19.814
-19.6798
-19.491
-19.2392
-18.9152
-18.5088
-18.0102
-17.4111
-16.7053
-15.8884
-14.96
-13.9266
-12.8028
-11.6078
-10.3648
-9.10207
-7.85124
-6.64411
-5.50942
-4.47013
-3.54157
-2.73085
-2.03776
-1.45648
-0.977583
-0.589736
-0.281017
-0.0397843
0.144794
0.282477
0.381843
0.450301
0.494149
0.518674
0.528261
0.526507
0.516328
0.500066
0.479576
0.456314
0.431403
0.405704
0.379862
0.354356
0.329529
0.305628
0.282822
0.261222
0.2409
0.221898
0.204237
0.18792
0.172934
0.159249
0.146811
0.135537
0.125313
0.115987
0.10738
0.0992818
0.0915025
0.0838185
0.0761459
0.0682021
0.0602217
0.0515031
0.0433271
0.0331222
0.0259389
0.0122752
0.0098633
-14.5038
-14.5062
-14.4811
-14.4708
-14.4956
-14.5649
-14.6858
-14.8635
-15.0993
-15.3884
-15.7206
-16.0836
-16.4651
-16.8537
-17.2382
-17.6087
-17.957
-18.2772
-18.5662
-18.8193
-19.0392
-19.2259
-19.3798
-19.5016
-19.5914
-19.6484
-19.6713
-19.6577
-19.6046
-19.5075
-19.361
-19.1588
-18.8934
-18.5568
-18.141
-17.638
-17.0402
-16.3412
-15.538
-14.6324
-13.6321
-12.5491
-11.4001
-10.207
-8.99621
-7.7967
-6.63754
-5.54513
-4.54075
-3.63892
-2.84684
-2.16509
-1.58905
-1.11058
-0.719585
-0.405225
-0.156731
0.036051
0.182368
0.290428
0.367381
0.419351
0.451516
0.4682
0.472974
0.468754
0.457897
0.442285
0.423405
0.402421
0.380229
0.357511
0.334782
0.312418
0.290695
0.26981
0.249899
0.231055
0.21334
0.196793
0.181434
0.16727
0.154288
0.142453
0.1317
0.121932
0.113012
0.104775
0.0970183
0.0895575
0.0821752
0.0747764
0.0670995
0.0593284
0.0508649
0.042767
0.0329365
0.0254255
0.012836
0.0084671
-14.5184
-14.5379
-14.5477
-14.5651
-14.6034
-14.674
-14.7873
-14.95
-15.1644
-15.4271
-15.7302
-16.0634
-16.4153
-16.7742
-17.1292
-17.4711
-17.7932
-18.0904
-18.361
-18.6013
-18.8106
-18.9882
-19.1334
-19.2461
-19.3258
-19.3719
-19.3832
-19.3577
-19.2923
-19.183
-19.0249
-18.812
-18.5375
-18.194
-17.7738
-17.2694
-16.6743
-15.9843
-15.1983
-14.3185
-13.3509
-12.3067
-11.2019
-10.0569
-8.89594
-7.74561
-6.63249
-5.58081
-4.61028
-3.73462
-2.9611
-2.29094
-1.72057
-1.24305
-0.849434
-0.529905
-0.274542
-0.073864
0.0808625
0.197468
0.282831
0.34289
0.382704
0.406527
0.417894
0.419715
0.414356
0.403721
0.389329
0.372375
0.353792
0.334298
0.314439
0.294628
0.275168
0.256283
0.238134
0.220835
0.204468
0.189092
0.174743
0.161446
0.149206
0.138007
0.127801
0.118509
0.110009
0.102149
0.094738
0.0875961
0.0805141
0.0733864
0.0659748
0.0584111
0.0502034
0.0421836
0.0327301
0.0248966
0.0133675
0.00710386
-14.5345
-14.5568
-14.5739
-14.5987
-14.645
-14.7228
-14.8394
-14.9991
-15.2029
-15.4478
-15.7275
-16.0335
-16.3569
-16.6877
-17.0162
-17.3339
-17.6344
-17.913
-18.1666
-18.3913
-18.5858
-18.7496
-18.8822
-18.9832
-19.0521
-19.088
-19.0892
-19.0535
-18.9778
-18.8582
-18.69
-18.4675
-18.1845
-17.8343
-17.4102
-16.9062
-16.3172
-15.6396
-14.8724
-14.0177
-13.0817
-12.0752
-11.013
-9.91416
-8.80098
-7.69776
-6.6288
-5.61633
-4.67859
-3.82857
-3.07348
-2.41512
-1.85084
-1.37478
-0.979062
-0.654844
-0.393022
-0.184776
-0.0218864
0.103093
0.196758
0.264855
0.31231
0.343297
0.361311
0.369245
0.369468
0.363904
0.354096
0.341271
0.326395
0.31022
0.293326
0.276154
0.259041
0.242234
0.225919
0.210234
0.195278
0.181128
0.167842
0.155458
0.144
0.13347
0.123839
0.115043
0.106978
0.0995035
0.0924431
0.0856212
0.0788384
0.0719797
0.0648313
0.0574732
0.0495212
0.0415798
0.0325033
0.024356
0.0138648
0.00578453
-14.5518
-14.579
-14.607
-14.6442
-14.7006
-14.7835
-14.899
-15.0512
-15.2413
-15.4671
-15.7236
-16.0037
-16.2996
-16.6026
-16.9045
-17.1978
-17.4763
-17.735
-17.9705
-18.1794
-18.3601
-18.5116
-18.6329
-18.7232
-18.7816
-18.8068
-18.7974
-18.7509
-18.6645
-18.5345
-18.3565
-18.1253
-17.8353
-17.4807
-17.0555
-16.5543
-15.9727
-15.3077
-14.5589
-13.729
-12.824
-11.854
-10.8329
-9.77843
-8.71102
-7.6529
-6.62629
-5.65154
-4.74557
-3.92062
-3.18384
-2.53746
-1.97966
-1.50555
-1.10825
-0.779828
-0.511971
-0.296504
-0.125719
0.00743972
0.109281
0.185344
0.240415
0.278578
0.303278
0.317384
0.323265
0.322857
0.317724
0.309121
0.298046
0.285282
0.271441
0.256996
0.24231
0.227658
0.21325
0.199245
0.185763
0.172898
0.160725
0.149302
0.138667
0.128841
0.119811
0.111534
0.103919
0.0968405
0.0901358
0.0836357
0.0771516
0.0705599
0.0636726
0.0565181
0.0488206
0.0409583
0.0322563
0.0238073
0.0143244
0.00451853
-14.5693
-14.6004
-14.6354
-14.68
-14.7416
-14.8268
-14.9407
-15.0865
-15.265
-15.4746
-15.7109
-15.9681
-16.2393
-16.5173
-16.7945
-17.0644
-17.3213
-17.5604
-17.7781
-17.9713
-18.1379
-18.2763
-18.3855
-18.4643
-18.5118
-18.5265
-18.5067
-18.4502
-18.354
-18.2148
-18.0282
-17.7897
-17.4941
-17.1362
-16.7107
-16.2129
-15.6392
-14.9874
-14.2574
-13.452
-12.5772
-11.6426
-10.6612
-9.64931
-8.62575
-7.61081
-6.62478
-5.68634
-4.81112
-4.01068
-3.29204
-2.6578
-2.10684
-1.63515
-1.23678
-0.904647
-0.631188
-0.408863
-0.230469
-0.0893441
0.0205258
0.104464
0.167108
0.212444
0.243856
0.264183
0.275787
0.28061
0.280236
0.275943
0.268757
0.259492
0.248791
0.237155
0.224976
0.212554
0.200124
0.187866
0.175919
0.164397
0.153391
0.142974
0.133204
0.124116
0.115718
0.107981
0.100832
0.0941609
0.0878181
0.0816422
0.0754568
0.0691305
0.0625021
0.0555493
0.0481045
0.0403222
0.0319901
0.0232539
0.0147432
0.00331343
-14.5859
-14.6206
-14.6611
-14.7114
-14.7774
-14.8641
-14.9757
-15.1147
-15.2818
-15.4757
-15.6929
-15.9285
-16.1766
-16.4309
-16.6848
-16.9324
-17.1683
-17.3882
-17.5883
-17.7655
-17.9177
-18.043
-18.1402
-18.2078
-18.2446
-18.249
-18.2192
-18.153
-18.0476
-17.8996
-17.7053
-17.4603
-17.1601
-16.7998
-16.3751
-15.8817
-15.3167
-14.6784
-13.9672
-13.1861
-12.3409
-11.4406
-10.4974
-9.52644
-8.54487
-7.57125
-6.62413
-5.72061
-4.87516
-4.09866
-3.39797
-2.77599
-2.23221
-1.7634
-1.36446
-1.02909
-0.750471
-0.521664
-0.335965
-0.187106
-0.0693742
0.0223308
0.0924885
0.144977
0.183112
0.209698
0.22708
0.237202
0.241662
0.241761
0.238548
0.232866
0.225386
0.216639
0.207043
0.196925
0.186542
0.176095
0.165745
0.155623
0.145835
0.136472
0.127608
0.119295
0.111557
0.104383
0.0977179
0.0914657
0.0854917
0.0796433
0.073757
0.0676949
0.0613232
0.0545702
0.0473755
0.0396745
0.0317054
0.0226992
0.0151197
0.00217464
-14.6012
-14.6389
-14.6833
-14.7376
-14.806
-14.8927
-15.0011
-15.1331
-15.2894
-15.4687
-15.6683
-15.884
-16.1107
-16.3428
-16.5748
-16.8012
-17.017
-17.2182
-17.401
-17.5626
-17.7004
-17.8126
-17.8976
-17.9539
-17.98
-17.9742
-17.9347
-17.8592
-17.7451
-17.5892
-17.3879
-17.1373
-16.8334
-16.4718
-16.0487
-15.5605
-15.0048
-14.3804
-13.6881
-12.9309
-12.1146
-11.2476
-10.3413
-9.40951
-8.46813
-7.53406
-6.62421
-5.75427
-4.93763
-4.18449
-3.50154
-2.89191
-2.35561
-1.89011
-1.49107
-1.15296
-0.86962
-0.634715
-0.442029
-0.285686
-0.160277
-0.0609323
0.0166619
0.0762676
0.121125
0.153993
0.177197
0.192677
0.20204
0.206604
0.207441
0.205421
0.201241
0.195459
0.18852
0.180776
0.172507
0.163936
0.155242
0.146574
0.138056
0.129794
0.121877
0.114375
0.107328
0.100741
0.0945769
0.0887559
0.0831585
0.0776414
0.0720552
0.0662565
0.0601395
0.0535845
0.0466364
0.0390182
0.0314036
0.0221462
0.0154532
0.0011053
-14.6148
-14.6548
-14.702
-14.7588
-14.8284
-14.9143
-15.0189
-15.1439
-15.2897
-15.4553
-15.6384
-15.8354
-16.042
-16.2534
-16.4646
-16.6707
-16.8673
-17.0503
-17.2162
-17.3623
-17.4858
-17.585
-17.6578
-17.7028
-17.7183
-17.7026
-17.6537
-17.5693
-17.447
-17.2838
-17.0763
-16.821
-16.5142
-16.1521
-15.7314
-15.2491
-14.7032
-14.0931
-13.4197
-12.6861
-11.8979
-11.0631
-10.1923
-9.2982
-8.39529
-7.49905
-6.62491
-5.78726
-4.99846
-4.26811
-3.60268
-3.00546
-2.4769
-2.01511
-1.61644
-1.27605
-0.988435
-0.747825
-0.548482
-0.384919
-0.252035
-0.145194
-0.0602571
0.00641465
0.0579779
0.0971399
0.126199
0.147086
0.161412
0.170509
0.175469
0.177183
0.176377
0.173632
0.16942
0.164117
0.158026
0.151391
0.144412
0.137252
0.130054
0.122939
0.116012
0.109356
0.103029
0.0970533
0.0914092
0.0860325
0.0808201
0.0756389
0.0703543
0.0648187
0.0589542
0.0525956
0.0458903
0.0383566
0.0310866
0.0215976
0.0157446
0.000106051
-14.6263
-14.6681
-14.7171
-14.7752
-14.845
-14.929
-15.0293
-15.1472
-15.283
-15.4357
-15.6033
-15.7829
-15.9708
-16.1627
-16.3542
-16.5411
-16.7191
-16.8845
-17.034
-17.1648
-17.2743
-17.3604
-17.4212
-17.455
-17.4601
-17.4346
-17.3765
-17.2837
-17.1537
-16.9837
-16.7707
-16.5115
-16.2026
-15.8409
-15.4234
-14.9476
-14.412
-13.8163
-13.1617
-12.4514
-11.6906
-10.887
-10.0503
-9.19225
-8.32615
-7.46609
-6.62616
-5.81954
-5.05765
-4.3495
-3.70132
-3.11653
-2.59595
-2.13824
-1.74038
-1.39817
-1.10672
-0.860801
-0.655141
-0.484636
-0.344493
-0.230316
-0.138146
-0.0644746
-0.00623583
0.0392191
0.0741546
0.100488
0.119828
0.133518
0.142665
0.148183
0.150819
0.15118
0.149761
0.146963
0.143112
0.138471
0.133261
0.127662
0.121833
0.11591
0.110011
0.104237
0.0986606
0.0933209
0.0882156
0.0832968
0.0784784
0.0736383
0.0686573
0.0633847
0.0577709
0.0516071
0.0451403
0.0376929
0.0307563
0.0210559
0.0159959
-0.000824937
-14.6357
-14.6785
-14.7285
-14.787
-14.856
-14.9375
-15.0332
-15.144
-15.27
-15.4104
-15.5636
-15.727
-15.8972
-16.0708
-16.2438
-16.4122
-16.5724
-16.7209
-16.8544
-16.9702
-17.0659
-17.1391
-17.188
-17.2108
-17.2055
-17.1705
-17.1036
-17.0027
-16.8655
-16.6894
-16.4716
-16.2091
-15.8989
-15.5382
-15.1245
-14.6558
-14.1309
-13.5498
-12.9139
-12.2264
-11.4923
-10.7188
-9.9149
-9.09144
-8.26053
-7.43506
-6.62788
-5.85107
-5.11517
-4.42862
-3.79742
-3.22505
-2.71265
-2.25936
-1.86272
-1.51913
-1.22428
-0.973451
-0.761819
-0.584661
-0.43749
-0.316153
-0.216874
-0.136284
-0.0714148
-0.0196813
0.0211406
0.052948
0.0773454
0.0956794
0.109073
0.118456
0.124597
0.128128
0.129565
0.129333
0.127778
0.125188
0.121798
0.11781
0.113396
0.108707
0.103877
0.0990199
0.0942237
0.0895444
0.0849969
0.0805502
0.0761354
0.0716419
0.0669671
0.061958
0.0565931
0.0506227
0.0443897
0.0370302
0.0304155
0.0205231
0.0162104
-0.00169199
-14.6427
-14.686
-14.7362
-14.7943
-14.8618
-14.9403
-15.031
-15.1346
-15.2512
-15.3801
-15.5196
-15.6677
-15.8215
-15.9778
-16.1332
-16.2842
-16.4274
-16.5595
-16.6775
-16.7787
-16.8607
-16.9214
-16.9585
-16.9704
-16.9551
-16.9107
-16.8353
-16.7268
-16.5829
-16.4012
-16.1791
-15.914
-15.6032
-15.2442
-14.835
-14.3738
-13.8599
-13.2934
-12.676
-12.0109
-11.3027
-10.5583
-9.78589
-8.99553
-8.19828
-7.40587
-6.63004
-5.88185
-5.17103
-4.50548
-3.89095
-3.33096
-2.8269
-2.37833
-1.9833
-1.63876
-1.34093
-1.08558
-0.868329
-0.684815
-0.530859
-0.402549
-0.296303
-0.208891
-0.137449
-0.0794643
-0.0327583
0.00454078
0.0340275
0.0570496
0.0747397
0.0880438
0.0977489
0.104507
0.108858
0.111248
0.112046
0.111557
0.110038
0.107707
0.104752
0.101338
0.0976143
0.0937069
0.0897202
0.0857254
0.081755
0.0777948
0.0737934
0.0696528
0.065287
0.0605422
0.0554246
0.0496462
0.0436421
0.036372
0.030067
0.0200011
0.0163928
-0.00250179
-14.6471
-14.6905
-14.7403
-14.7973
-14.8627
-14.9377
-15.0232
-15.1197
-15.2272
-15.345
-15.4717
-15.6054
-15.7437
-15.8838
-16.0226
-16.1571
-16.2839
-16.4003
-16.5033
-16.5904
-16.6591
-16.7073
-16.7329
-16.7341
-16.7089
-16.6555
-16.572
-16.4562
-16.3061
-16.1193
-15.8936
-15.6265
-15.3157
-14.959
-14.5547
-14.1015
-13.5987
-13.047
-12.4479
-11.8046
-11.1216
-10.4051
-9.66303
-8.90437
-8.13927
-7.37845
-6.63262
-5.91189
-5.22525
-4.58009
-3.98191
-3.43421
-2.93862
-2.49503
-2.10197
-1.75689
-1.45649
-1.19701
-0.974483
-0.784916
-0.624426
-0.489346
-0.376284
-0.282161
-0.204219
-0.140024
-0.0874488
-0.0446517
-0.0100533
0.0176915
0.0397214
0.0569949
0.0703157
0.0803551
0.0876735
0.0927375
0.0959369
0.0975979
0.0979956
0.0973649
0.0959098
0.0938104
0.0912275
0.0883023
0.0851531
0.0818665
0.0784924
0.0750331
0.0714554
0.0676742
0.0636206
0.0591411
0.0542692
0.0486816
0.0429013
0.0357218
0.0297145
0.0194912
0.0165487
-0.00326326
-14.6491
-14.692
-14.7408
-14.7962
-14.859
-14.9301
-15.0102
-15.0997
-15.1984
-15.3056
-15.4201
-15.5404
-15.6641
-15.789
-15.9121
-16.0308
-16.1422
-16.2434
-16.332
-16.4053
-16.4611
-16.4971
-16.5115
-16.5023
-16.4675
-16.4054
-16.314
-16.1913
-16.0354
-15.8441
-15.6153
-15.3468
-15.0365
-14.6827
-14.2838
-13.8388
-13.3474
-12.8103
-12.2293
-11.6073
-10.9486
-10.2592
-9.54611
-8.81777
-8.08339
-7.35274
-6.63559
-5.9412
-5.27787
-4.65248
-4.07029
-3.53478
-3.04773
-2.60936
-2.2186
-1.87335
-1.57077
-1.30754
-1.08009
-0.884778
-0.718014
-0.576376
-0.456665
-0.355953
-0.271597
-0.201246
-0.142828
-0.0945385
-0.0548166
-0.0223241
0.00408012
0.0253641
0.0423456
0.0557135
0.066047
0.0738327
0.0794804
0.0833357
0.0856921
0.0868018
0.0868844
0.0861343
0.0847255
0.0828126
0.0805274
0.077972
0.0752126
0.0722687
0.069125
0.0657099
0.0619719
0.057759
0.0531314
0.0477331
0.0421713
0.0350831
0.0293617
0.0189946
0.016685
-0.0039873
-14.6484
-14.6905
-14.7379
-14.7912
-14.8509
-14.9179
-14.9926
-15.075
-15.1652
-15.2623
-15.3654
-15.4729
-15.5829
-15.6934
-15.8017
-15.9055
-16.002
-16.0889
-16.1635
-16.2235
-16.2667
-16.2911
-16.2945
-16.2751
-16.231
-16.1605
-16.0616
-15.9325
-15.7713
-15.5759
-15.3445
-15.0751
-14.7659
-14.4153
-14.0221
-13.5857
-13.1058
-12.5833
-12.02
-11.4187
-10.7836
-10.1202
-9.43496
-8.7356
-8.03055
-7.32871
-6.63897
-5.96983
-5.32892
-4.72268
-4.15611
-3.63265
-3.15419
-2.72123
-2.33306
-1.98799
-1.6836
-1.41699
-1.18496
-0.984211
-0.81144
-0.663464
-0.537281
-0.430116
-0.339446
-0.263006
-0.198785
-0.145019
-0.100173
-0.062918
-0.032114
-0.00678664
0.0138936
0.0306308
0.0440216
0.0545714
0.0627088
0.0687984
0.0731519
0.0760383
0.0776928
0.0783241
0.0781196
0.0772464
0.0758502
0.0740473
0.0719207
0.0695062
0.0668067
0.0637646
0.0603457
0.0564006
0.0520158
0.0468054
0.0414567
0.0344596
0.0290132
0.0185122
0.0168097
-0.00468652
-14.6452
-14.686
-14.7316
-14.7825
-14.8389
-14.9015
-14.9706
-15.0461
-15.128
-15.2155
-15.3077
-15.4032
-15.5003
-15.5972
-15.6915
-15.7812
-15.8637
-15.9367
-15.998
-16.0452
-16.0763
-16.0892
-16.082
-16.0528
-15.9998
-15.9212
-15.8152
-15.68
-15.5138
-15.3149
-15.0813
-14.8115
-14.5038
-14.1569
-13.7698
-13.3421
-12.8738
-12.3657
-11.8198
-11.2387
-10.6264
-9.98795
-9.32939
-8.65774
-7.98069
-7.30633
-6.64278
-5.99781
-5.37847
-4.79076
-4.23941
-3.72781
-3.25795
-2.83056
-2.44523
-2.10066
-1.79481
-1.52517
-1.28891
-1.08303
-0.904516
-0.75043
-0.617962
-0.504492
-0.407619
-0.325169
-0.255197
-0.195985
-0.146024
-0.104002
-0.0687825
-0.0393875
-0.0149785
0.00516184
0.0216458
0.0349963
0.0456598
0.0540191
0.0604036
0.065099
0.068356
0.0703974
0.0714239
0.0716154
0.0711307
0.0701004
0.0686233
0.0667517
0.0645064
0.0618438
0.0587476
0.0550715
0.0509279
0.0459034
0.0407623
0.0338554
0.0286737
0.0180447
0.0169313
-0.00537499
-14.6394
-14.6787
-14.7222
-14.7703
-14.8231
-14.8812
-14.9446
-15.0134
-15.0873
-15.1655
-15.2474
-15.3315
-15.4165
-15.5006
-15.5817
-15.658
-15.7271
-15.787
-15.8355
-15.8705
-15.8899
-15.8918
-15.8743
-15.8356
-15.774
-15.6877
-15.5749
-15.4341
-15.2634
-15.0613
-14.826
-14.5562
-14.2504
-13.9076
-13.5269
-13.108
-12.6512
-12.1574
-11.6285
-11.067
-10.4767
-9.86229
-9.22928
-8.58409
-7.93374
-7.28559
-6.64705
-6.02522
-5.42659
-4.85676
-4.32023
-3.82028
-3.35899
-2.93728
-2.55502
-2.21123
-1.90425
-1.63192
-1.39173
-1.18103
-0.997049
-0.837087
-0.698529
-0.578913
-0.47596
-0.387591
-0.311932
-0.247315
-0.192262
-0.145479
-0.105838
-0.0723606
-0.044201
-0.0206314
-0.00102521
0.0151563
0.0283767
0.039036
0.0474807
0.054013
0.0588988
0.0623754
0.0646563
0.0659343
0.0663812
0.0661414
0.0653291
0.0640129
0.0622311
0.0599544
0.057184
0.0537779
0.0498734
0.0450327
0.0400933
0.0332744
0.0283484
0.0175926
0.0170593
-0.00606794
-14.6312
-14.6686
-14.7098
-14.7548
-14.8039
-14.8574
-14.9152
-14.9773
-15.0434
-15.1129
-15.1849
-15.2583
-15.3318
-15.4038
-15.4725
-15.5361
-15.5926
-15.6399
-15.6762
-15.6994
-15.7076
-15.699
-15.6716
-15.6238
-15.5539
-15.4603
-15.3411
-15.195
-15.0202
-14.8153
-14.5789
-14.3094
-14.0059
-13.6674
-13.2933
-12.8833
-12.438
-11.9583
-11.4459
-10.9035
-10.3344
-9.74306
-9.13448
-8.51456
-7.88967
-7.26651
-6.65183
-6.05212
-5.47337
-4.92078
-4.39861
-3.91008
-3.4573
-3.04133
-2.66232
-2.31957
-2.01176
-1.73705
-1.49326
-1.27802
-1.08885
-0.923244
-0.778797
-0.6532
-0.544301
-0.450117
-0.368849
-0.298879
-0.238768
-0.187242
-0.143184
-0.105619
-0.0736964
-0.0466795
-0.0239296
-0.00489348
0.0109084
0.0238924
0.0344214
0.0428138
0.0493506
0.0542831
0.0578382
0.0602212
0.0616167
0.0621829
0.0620491
0.0612995
0.0599896
0.0581044
0.0556625
0.0525268
0.0488592
0.0441993
0.0394554
0.0327212
0.0280427
0.0171565
0.017204
-0.00678135
-14.6207
-14.656
-14.6946
-14.7364
-14.7816
-14.8304
-14.8826
-14.9382
-14.9968
-15.0578
-15.1205
-15.1837
-15.2464
-15.307
-15.364
-15.4156
-15.4601
-15.4956
-15.5203
-15.5322
-15.5297
-15.5109
-15.4741
-15.4177
-15.3399
-15.2392
-15.1141
-14.963
-14.7846
-14.5773
-14.3399
-14.0713
-13.7703
-13.4364
-13.0689
-12.668
-12.2341
-11.7682
-11.272
-10.748
-10.1993
-9.63009
-9.04489
-8.44907
-7.84845
-7.2491
-6.65717
-6.0786
-5.51889
-4.9829
-4.47465
-3.99726
-3.55287
-3.14269
-2.76706
-2.42557
-2.11719
-1.84039
-1.5933
-1.37382
-1.1797
-1.0087
-0.858572
-0.72717
-0.612468
-0.512584
-0.425794
-0.350538
-0.285413
-0.229173
-0.180715
-0.139067
-0.103378
-0.072905
-0.046998
-0.0250911
-0.00668995
0.00863726
0.0212693
0.0315398
0.039745
0.0461499
0.0509949
0.0544977
0.0568558
0.0582409
0.0587969
0.0586234
0.0577927
0.0563037
0.0541922
0.0513265
0.0478925
0.0434096
0.0388545
0.0322002
0.0277623
0.016737
0.0173757
-0.00753165
-14.6079
-14.641
-14.6768
-14.7153
-14.7565
-14.8005
-14.8473
-14.8965
-14.9479
-15.0008
-15.0546
-15.1083
-15.1607
-15.2105
-15.2564
-15.2967
-15.3299
-15.3542
-15.3678
-15.3691
-15.3564
-15.3279
-15.2821
-15.2173
-15.1321
-15.0248
-14.894
-14.7384
-14.5566
-14.3473
-14.1094
-13.8418
-13.5437
-13.2145
-12.8539
-12.462
-12.0393
-11.5869
-11.1064
-10.6003
-10.0713
-9.52325
-8.9604
-8.38758
-7.81008
-7.23341
-6.66317
-6.10477
-5.56329
-5.04323
-4.54843
-4.08187
-3.64573
-3.24132
-2.86918
-2.52913
-2.22041
-1.94179
-1.69167
-1.46821
-1.26942
-1.09325
-0.937653
-0.800627
-0.680274
-0.574815
-0.482604
-0.402138
-0.332058
-0.271146
-0.218314
-0.172599
-0.133151
-0.0992222
-0.0701534
-0.0453674
-0.0243565
-0.00667414
0.00807333
0.0202346
0.0301204
0.0380097
0.0441559
0.0487895
0.0521207
0.0543344
0.0555891
0.0559992
0.0556532
0.0545639
0.0527834
0.0501863
0.0469818
0.0426709
0.0382972
0.0317165
0.0275129
0.0163351
0.0175854
-0.00833506
-14.5931
-14.6238
-14.6567
-14.6917
-14.7289
-14.7682
-14.8096
-14.8526
-14.897
-14.9423
-14.9876
-15.0322
-15.0749
-15.1147
-15.1501
-15.1798
-15.2022
-15.2158
-15.219
-15.2102
-15.1878
-15.1501
-15.0957
-15.0231
-14.9307
-14.8172
-14.6812
-14.5214
-14.3366
-14.1256
-13.8874
-13.6211
-13.3261
-13.0018
-12.6481
-12.2651
-11.8535
-11.4143
-10.9492
-10.4602
-9.95015
-9.42243
-8.88093
-8.33006
-7.77458
-7.2195
-6.6699
-6.13074
-5.60667
-5.10191
-4.62004
-4.16399
-3.73591
-3.33722
-2.96862
-2.63014
-2.32129
-2.04108
-1.78819
-1.56101
-1.3578
-1.17669
-1.01583
-0.873368
-0.747525
-0.636626
-0.539104
-0.453518
-0.378553
-0.313021
-0.255854
-0.2061
-0.162912
-0.125537
-0.0933109
-0.0656462
-0.0420227
-0.0219805
-0.00511159
0.0089471
0.0205204
0.029901
0.0373552
0.0431264
0.0474373
0.0504862
0.0524455
0.0534442
0.0535864
0.0528983
0.051448
0.0491166
0.046136
0.0419909
0.0377901
0.031275
0.0273002
0.015952
0.0178436
-0.00920691
-14.5765
-14.6047
-14.6346
-14.6661
-14.6992
-14.7339
-14.7699
-14.807
-14.8447
-14.8826
-14.9199
-14.9558
-14.9895
-15.0197
-15.0453
-15.065
-15.0773
-15.0809
-15.0742
-15.0558
-15.0241
-14.9778
-14.9152
-14.8351
-14.736
-14.6167
-14.4758
-14.3121
-14.1246
-13.9122
-13.674
-13.4093
-13.1175
-12.7982
-12.4514
-12.0773
-11.6766
-11.2503
-10.8
-10.3276
-9.83576
-9.32751
-8.80642
-8.27647
-7.74196
-7.20743
-6.67749
-6.15665
-5.64921
-5.15907
-4.68963
-4.24372
-3.82347
-3.4304
-3.06534
-2.72854
-2.41971
-2.13812
-1.88268
-1.65202
-1.44462
-1.25881
-1.0929
-0.945181
-0.814015
-0.69782
-0.595109
-0.504504
-0.424736
-0.35465
-0.2932
-0.239446
-0.192546
-0.151746
-0.116378
-0.0858434
-0.0596131
-0.0372139
-0.0182245
-0.00226817
0.0109937
0.0218672
0.0306314
0.0375424
0.0428358
0.0467226
0.0493893
0.0509789
0.0516103
0.0513227
0.0501998
0.0481293
0.0453653
0.0413778
0.03734
0.0308811
0.0271295
0.0155895
0.0181604
-0.0101603
-14.5582
-14.5837
-14.6106
-14.6386
-14.6677
-14.6978
-14.7286
-14.7599
-14.7912
-14.8221
-14.8518
-14.8797
-14.9047
-14.926
-14.9423
-14.9526
-14.9554
-14.9495
-14.9335
-14.9061
-14.8657
-14.8111
-14.7409
-14.6537
-14.5483
-14.4235
-14.278
-14.1108
-13.9209
-13.7074
-13.4695
-13.2065
-12.918
-12.6038
-12.2639
-11.8986
-11.5085
-11.0948
-10.6587
-10.2024
-9.72801
-9.23842
-8.73682
-8.22682
-7.71229
-7.19732
-6.68607
-6.18268
-5.69107
-5.21489
-4.75735
-4.32117
-3.90849
-3.52089
-3.15934
-2.82426
-2.51557
-2.23276
-1.97496
-1.74105
-1.52967
-1.33938
-1.16862
-1.01585
-0.879529
-0.75819
-0.650423
-0.554912
-0.470436
-0.395875
-0.330206
-0.272504
-0.221932
-0.17774
-0.139253
-0.105869
-0.0770458
-0.0523005
-0.031199
-0.0133514
0.00159401
0.0139562
0.0240272
0.0320758
0.0383501
0.0430739
0.0464471
0.0486265
0.0497452
0.0498548
0.0490538
0.0472368
0.0446798
0.0408398
0.0369535
0.0305396
0.0270049
0.01525
0.0185437
-0.0112045
-14.5386
-14.5615
-14.5852
-14.6097
-14.6348
-14.6604
-14.6862
-14.712
-14.7372
-14.7614
-14.7839
-14.8041
-14.8211
-14.8339
-14.8416
-14.8429
-14.8368
-14.8221
-14.7973
-14.7613
-14.7128
-14.6504
-14.5729
-14.4791
-14.3678
-14.2378
-14.0881
-13.9177
-13.7257
-13.5112
-13.2737
-13.0126
-12.7276
-12.4184
-12.0853
-11.7286
-11.349
-10.9474
-10.5253
-10.0844
-9.62678
-9.15506
-8.67211
-8.18114
-7.68565
-7.18929
-6.69583
-6.20902
-5.73248
-5.26958
-4.82338
-4.3965
-3.99108
-3.60875
-3.25061
-2.91724
-2.60875
-2.32485
-2.06487
-1.82788
-1.61275
-1.41817
-1.24277
-1.08513
-0.943845
-0.817524
-0.704845
-0.604553
-0.515476
-0.436531
-0.366719
-0.305132
-0.250942
-0.2034
-0.161831
-0.125624
-0.094232
-0.0671598
-0.0439621
-0.0242368
-0.00761963
0.00622126
0.0175907
0.0267697
0.0340189
0.0395745
0.0436496
0.0464142
0.0480148
0.0485151
0.0480274
0.0464537
0.0440914
0.0403863
0.0366374
0.030256
0.02693
0.0149375
0.0189993
-0.0123417
-14.5176
-14.5378
-14.5585
-14.5796
-14.6008
-14.6221
-14.6431
-14.6635
-14.6828
-14.7007
-14.7165
-14.7295
-14.7388
-14.7438
-14.7433
-14.7364
-14.722
-14.6988
-14.6659
-14.6219
-14.5656
-14.4959
-14.4116
-14.3116
-14.1947
-14.0599
-13.9062
-13.7329
-13.5389
-13.3238
-13.0869
-12.8277
-12.5462
-12.2421
-11.9157
-11.5674
-11.1979
-10.8082
-10.3995
-9.97342
-9.53196
-9.07739
-8.61228
-8.1395
-7.66215
-7.18352
-6.70698
-6.23593
-5.77368
-5.32339
-4.88794
-4.46988
-4.07135
-3.69404
-3.33915
-3.00742
-2.69915
-2.41423
-2.1522
-1.91231
-1.6936
-1.49494
-1.3151
-1.1528
-1.00673
-0.875598
-0.758161
-0.653227
-0.559672
-0.476448
-0.402585
-0.337189
-0.279445
-0.228607
-0.184
-0.14501
-0.111081
-0.0817088
-0.0564382
-0.0348556
-0.0165844
-0.00128059
0.0113731
0.0216701
0.0298833
0.0362612
0.0410294
0.0443703
0.0464434
0.0473236
0.0471367
0.0457925
0.043609
0.0400235
0.0363953
0.0300328
0.0269041
0.014655
0.0195259
-0.013565
-14.4961
-14.5136
-14.5313
-14.5489
-14.5663
-14.5834
-14.5997
-14.615
-14.6288
-14.6407
-14.6501
-14.6563
-14.6586
-14.6561
-14.648
-14.6334
-14.6111
-14.5802
-14.5395
-14.488
-14.4245
-14.348
-14.2572
-14.1513
-14.0292
-13.89
-13.7327
-13.5566
-13.3609
-13.1452
-12.909
-12.6519
-12.3738
-12.0747
-11.7549
-11.4148
-11.0552
-10.6769
-10.2811
-9.8694
-9.44347
-9.00536
-8.55735
-8.10197
-7.64196
-7.18022
-6.71978
-6.26369
-5.81499
-5.37662
-4.95131
-4.54154
-4.14947
-3.77684
-3.42497
-3.09477
-2.78668
-2.50078
-2.23678
-1.99413
-1.77202
-1.56948
-1.3854
-1.21863
-1.06797
-0.93221
-0.810181
-0.700753
-0.60285
-0.515462
-0.437645
-0.368527
-0.307303
-0.253234
-0.205645
-0.163918
-0.127493
-0.0958567
-0.0685446
-0.0451323
-0.0252319
-0.00848704
0.0054314
0.0168289
0.0259906
0.033177
0.0386254
0.0425299
0.0450619
0.046307
0.046404
0.0452711
0.0432467
0.0397622
0.0362342
0.0298763
0.0269282
0.0144109
0.020118
-0.014849
-14.4735
-14.4885
-14.5032
-14.5176
-14.5314
-14.5444
-14.5564
-14.5668
-14.5755
-14.5818
-14.5851
-14.585
-14.5807
-14.5713
-14.5561
-14.5342
-14.5047
-14.4665
-14.4186
-14.3601
-14.2898
-14.2068
-14.1101
-13.9987
-13.8717
-13.7282
-13.5675
-13.3889
-13.1917
-12.9756
-12.7401
-12.485
-12.2103
-11.9162
-11.6028
-11.2707
-10.9206
-10.5534
-10.1701
-9.77225
-9.36129
-8.93902
-8.50744
-8.06875
-7.62533
-7.17973
-6.7346
-6.29269
-5.85678
-5.42959
-5.01374
-4.61166
-4.22552
-3.85715
-3.508
-3.1791
-2.87109
-2.58421
-2.31832
-2.07304
-1.84771
-1.64148
-1.45339
-1.28237
-1.12733
-0.98714
-0.860704
-0.74695
-0.644849
-0.553427
-0.471772
-0.39903
-0.334409
-0.277179
-0.226668
-0.182258
-0.143382
-0.109522
-0.080204
-0.0549945
-0.0334944
-0.015336
-0.000178056
0.0122968
0.0223856
0.0303606
0.0364703
0.0409192
0.04389
0.0454787
0.0458367
0.0448916
0.0430021
0.0395967
0.036145
0.0297776
0.0269863
0.014203
0.0207475
-0.0161532
-14.4513
-14.4636
-14.4755
-14.4867
-14.4969
-14.5061
-14.5138
-14.5197
-14.5234
-14.5244
-14.5222
-14.5161
-14.5056
-14.4898
-14.4681
-14.4395
-14.4031
-14.3581
-14.3036
-14.2385
-14.1619
-14.0729
-13.9706
-13.854
-13.7224
-13.575
-13.4111
-13.2301
-13.0315
-12.815
-12.5802
-12.3271
-12.0557
-11.7663
-11.4591
-11.1347
-10.7938
-10.4373
-10.0662
-9.6817
-9.28521
-8.87824
-8.46252
-8.03991
-7.61243
-7.18227
-6.75174
-6.32327
-5.89939
-5.48263
-5.07552
-4.68047
-4.29968
-3.93509
-3.5883
-3.26048
-2.95243
-2.66452
-2.39681
-2.14903
-1.92064
-1.71092
-1.51902
-1.34397
-1.18475
-1.04033
-0.909653
-0.791724
-0.685557
-0.59022
-0.504829
-0.428556
-0.360624
-0.30031
-0.246947
-0.199914
-0.158642
-0.122607
-0.0913282
-0.0643616
-0.0412981
-0.021759
-0.00539148
0.00813383
0.0191254
0.0278663
0.0346157
0.0395872
0.0429732
0.0448797
0.0454709
0.0446846
0.0429001
0.0395476
0.036143
0.0297517
0.0270825
0.0140539
0.02139
-0.017392
-14.4283
-14.4383
-14.4475
-14.4557
-14.4628
-14.4684
-14.4722
-14.4739
-14.473
-14.4691
-14.4617
-14.4502
-14.434
-14.4123
-14.3844
-14.3496
-14.3069
-14.2557
-14.1949
-14.1237
-14.0412
-13.9466
-13.839
-13.7176
-13.5817
-13.4305
-13.2636
-13.0804
-12.8804
-12.6635
-12.4295
-12.1783
-11.9102
-11.6253
-11.3241
-11.0071
-10.6752
-10.329
-9.96967
-9.59815
-9.21567
-8.82353
-8.42314
-8.01602
-7.60383
-7.18839
-6.77167
-6.3558
-5.94305
-5.53581
-5.13654
-4.74766
-4.37149
-4.01009
-3.6652
-3.33818
-3.02995
-2.74105
-2.47164
-2.22155
-1.99037
-1.77745
-1.58203
-1.40322
-1.24009
-1.09165
-0.956953
-0.835034
-0.724964
-0.625848
-0.536837
-0.457124
-0.385954
-0.322618
-0.266454
-0.216845
-0.17322
-0.135051
-0.10185
-0.0731638
-0.0485747
-0.0276922
-0.0101517
0.00438824
0.0162475
0.0257198
0.0330736
0.038532
0.0422957
0.0444812
0.0452666
0.0446022
0.042888
0.0395598
0.0361703
0.0297438
0.0271516
0.0139277
0.0219463
-0.0184745
-14.4067
-14.4143
-14.4209
-14.4262
-14.4301
-14.4322
-14.4323
-14.43
-14.4249
-14.4165
-14.4043
-14.3877
-14.3662
-14.339
-14.3056
-14.265
-14.2166
-14.1595
-14.093
-14.0162
-13.9282
-13.8284
-13.7158
-13.5899
-13.4498
-13.2951
-13.1253
-12.9398
-12.7385
-12.5211
-12.2876
-12.0381
-11.7728
-11.4921
-11.1966
-10.8867
-10.5632
-10.2271
-9.87903
-9.52011
-9.1513
-8.77363
-8.38821
-7.9962
-7.59889
-7.19771
-6.79426
-6.39038
-5.98811
-5.5897
-5.19758
-4.81423
-4.4421
-4.08343
-3.74013
-3.41371
-3.10524
-2.81535
-2.54431
-2.29203
-2.05817
-1.84219
-1.64337
-1.46092
-1.29395
-1.14158
-1.00291
-0.877038
-0.763094
-0.660232
-0.567647
-0.484559
-0.41022
-0.34393
-0.285035
-0.232915
-0.186999
-0.146752
-0.111681
-0.081324
-0.0552531
-0.0330675
-0.0143907
0.00113055
0.0138271
0.0240018
0.0319311
0.037845
0.0419528
0.0443796
0.0453185
0.0447354
0.0430494
0.03971
0.0362963
0.0298222
0.0272421
0.0139009
0.022384
-0.0191954
-14.3849
-14.3905
-14.3948
-14.3976
-14.3988
-14.3979
-14.3947
-14.3888
-14.3798
-14.3673
-14.3507
-14.3295
-14.3032
-14.271
-14.2324
-14.1865
-14.1328
-14.0704
-13.9985
-13.9164
-13.8234
-13.7186
-13.6014
-13.4712
-13.3274
-13.1693
-12.9967
-12.8092
-12.6066
-12.3888
-12.1558
-11.908
-11.6456
-11.369
-11.0789
-10.7759
-10.4607
-10.1342
-9.79717
-9.45043
-9.09478
-8.731
-8.35986
-7.98216
-7.59881
-7.21085
-6.81954
-6.42642
-6.03336
-5.64255
-5.25643
-4.87763
-4.5088
-4.15239
-3.8105
-3.48474
-3.17628
-2.88579
-2.61357
-2.35958
-2.12351
-1.90486
-1.70298
-1.51714
-1.34655
-1.19042
-1.0479
-0.918184
-0.80046
-0.693908
-0.59775
-0.511252
-0.433713
-0.364445
-0.302795
-0.248158
-0.199956
-0.15765
-0.120735
-0.088744
-0.061236
-0.0377984
-0.0180415
-0.00159925
0.0118707
0.0226808
0.0311151
0.0374111
0.0417897
0.0443878
0.045414
0.0448539
0.0431534
0.0397718
0.0362972
0.0297727
0.0271348
0.0138018
0.0224242
-0.0194397
-14.3652
-14.3687
-14.3706
-14.3709
-14.3694
-14.3656
-14.3593
-14.3501
-14.3376
-14.3213
-14.3008
-14.2756
-14.2449
-14.2084
-14.1651
-14.1146
-14.0561
-13.9889
-13.9122
-13.8254
-13.7277
-13.6184
-13.4968
-13.3625
-13.2148
-13.0533
-12.8777
-12.6877
-12.4833
-12.2644
-12.0313
-11.7842
-11.5236
-11.2501
-10.9644
-10.6672
-10.3594
-10.0419
-9.71529
-9.38043
-9.03792
-8.68827
-8.33191
-7.96925
-7.60074
-7.227
-6.84889
-6.46762
-6.08481
-5.70251
-5.32313
-4.9494
-4.58416
-4.23007
-3.8894
-3.5639
-3.25482
-2.96296
-2.68868
-2.43204
-2.19281
-1.97057
-1.76478
-1.57479
-1.3999
-1.23938
-1.0925
-0.958499
-0.836627
-0.72616
-0.626389
-0.536522
-0.455821
-0.383641
-0.319336
-0.26228
-0.211885
-0.167601
-0.128917
-0.0953558
-0.0664667
-0.0418255
-0.0210306
-0.00370384
0.0105074
0.0219225
0.030831
0.037475
0.0420828
0.044807
0.0458786
0.0452939
0.0435226
0.0400567
0.0364782
0.029894
0.0270966
0.0139153
0.0221436
-0.0187861
-14.3469
-14.3488
-14.349
-14.3473
-14.3436
-14.3374
-14.3284
-14.3163
-14.3007
-14.2811
-14.257
-14.2279
-14.1934
-14.1526
-14.1052
-14.0503
-13.9874
-13.9157
-13.8346
-13.7433
-13.6413
-13.5278
-13.4023
-13.2643
-13.1132
-12.9488
-12.7708
-12.5789
-12.3733
-12.154
-11.9212
-11.6756
-11.4174
-11.1476
-10.8668
-10.5758
-10.2756
-9.96693
-9.65056
-9.32712
-8.99709
-8.66077
-8.31833
-7.96984
-7.61535
-7.25505
-6.88939
-6.5192
-6.14577
-5.77097
-5.39718
-5.02725
-4.66431
-4.31136
-3.97091
-3.64487
-3.33457
-3.04084
-2.76409
-2.50444
-2.26177
-2.03569
-1.82576
-1.63144
-1.45213
-1.2872
-1.13595
-0.997763
-0.871868
-0.757422
-0.653761
-0.560289
-0.476348
-0.40123
-0.334261
-0.274803
-0.22226
-0.176068
-0.135705
-0.100679
-0.0705292
-0.044816
-0.0231236
-0.00506091
0.00973562
0.0215941
0.0308118
0.0376417
0.0423288
0.0450459
0.0460495
0.0453752
0.0434922
0.0399088
0.0361886
0.0295522
0.026524
0.0136805
0.0209099
-0.0172919
-14.3291
-14.3294
-14.3278
-14.3242
-14.3185
-14.3102
-14.299
-14.2845
-14.2664
-14.2442
-14.2174
-14.1854
-14.1478
-14.1039
-14.0531
-13.9948
-13.9283
-13.8529
-13.7679
-13.6728
-13.5668
-13.4493
-13.3197
-13.1776
-13.0225
-12.8541
-12.6721
-12.4766
-12.2676
-12.0454
-11.8104
-11.5632
-11.3046
-11.0356
-10.7572
-10.4707
-10.177
-9.87743
-9.5728
-9.2638
-8.95078
-8.63369
-8.31213
-7.98536
-7.65249
-7.31263
-6.96517
-6.61001
-6.2478
-5.88009
-5.50937
-5.13906
-4.77327
-4.41576
-4.06969
-3.73752
-3.42099
-3.12114
-2.83852
-2.57324
-2.32518
-2.09395
-1.87908
-1.68
-1.49605
-1.32664
-1.17118
-1.02891
-0.899164
-0.781391
-0.674835
-0.578737
-0.492356
-0.414983
-0.345944
-0.284594
-0.230326
-0.182573
-0.140809
-0.10454
-0.0733008
-0.0466459
-0.0241526
-0.00542238
0.00991357
0.0221865
0.0316966
0.0387014
0.043457
0.0461541
0.0470716
0.0462648
0.0442242
0.0404892
0.0366076
0.0298837
0.026499
0.014098
0.0194372
-0.0142249
-14.318
-14.3172
-14.3144
-14.3093
-14.3019
-14.2917
-14.2784
-14.2617
-14.2411
-14.2162
-14.1865
-14.1516
-14.1108
-14.0637
-14.0096
-13.9478
-13.8779
-13.799
-13.7107
-13.6122
-13.5029
-13.3824
-13.25
-13.1053
-12.948
-12.7778
-12.5946
-12.3984
-12.1893
-11.9677
-11.7342
-11.4893
-11.234
-10.9693
-10.6962
-10.4159
-10.1296
-9.83821
-9.54258
-9.24323
-8.94032
-8.6336
-8.32242
-8.00576
-7.68241
-7.35111
-7.0109
-6.66135
-6.30287
-5.93693
-5.56611
-5.1942
-4.82618
-4.46675
-4.11933
-3.78613
-3.46864
-3.16777
-2.88392
-2.61714
-2.36743
-2.13413
-1.91692
-1.71533
-1.52883
-1.35676
-1.19848
-1.05342
-0.920972
-0.800497
-0.691303
-0.592716
-0.504057
-0.424629
-0.353749
-0.290759
-0.235041
-0.186021
-0.143162
-0.105962
-0.0739485
-0.0466671
-0.0236869
-0.00460306
0.0109596
0.0233402
0.032852
0.0397729
0.0443853
0.0469059
0.0476382
0.0466474
0.044437
0.0405448
0.0364838
0.029687
0.0259493
0.0140931
0.0171018
-0.0104628
-14.3009
-14.2995
-14.2959
-14.2902
-14.282
-14.271
-14.2568
-14.2392
-14.2175
-14.1915
-14.1605
-14.1241
-14.0817
-14.0327
-13.9764
-13.9123
-13.8397
-13.7578
-13.666
-13.5637
-13.4502
-13.3249
-13.1872
-13.0366
-12.8728
-12.6955
-12.5046
-12.3003
-12.0827
-11.8524
-11.6103
-11.3574
-11.0951
-10.825
-10.549
-10.2691
-9.98721
-9.70498
-9.42373
-9.14405
-8.86571
-8.58749
-8.3072
-8.0219
-7.72821
-7.42281
-7.10303
-6.76732
-6.4157
-6.05014
-5.67419
-5.29398
-4.91625
-4.54628
-4.18873
-3.84651
-3.52117
-3.21342
-2.92353
-2.6515
-2.39678
-2.15927
-1.93834
-1.73343
-1.54396
-1.3693
-1.20883
-1.06188
-0.92781
-0.805939
-0.695566
-0.595966
-0.506406
-0.426159
-0.354524
-0.290836
-0.234474
-0.184861
-0.141467
-0.103796
-0.0713773
-0.0437598
-0.0205118
-0.00122462
0.0144821
0.0269534
0.0365077
0.0434249
0.0479877
0.0504099
0.0509947
0.0498078
0.0473612
0.0432117
0.0388683
0.031867
0.0276761
0.0161137
0.0166506
-0.00553838
-14.2997
-14.2967
-14.2913
-14.2836
-14.2732
-14.2599
-14.2432
-14.2229
-14.1984
-14.1694
-14.1352
-14.0956
-14.0498
-13.9973
-13.9375
-13.8698
-13.7935
-13.7081
-13.6129
-13.5072
-13.3906
-13.2623
-13.1221
-12.9694
-12.804
-12.6257
-12.4346
-12.2309
-12.015
-11.7876
-11.5496
-11.3023
-11.0471
-10.7856
-10.5196
-10.2509
-9.98121
-9.71188
-9.44376
-9.17702
-8.91094
-8.64391
-8.37347
-8.09644
-7.80932
-7.50869
-7.19175
-6.85677
-6.50353
-6.13358
-5.75035
-5.35786
-4.96609
-4.58501
-4.21763
-3.86676
-3.53414
-3.2205
-2.92596
-2.65027
-2.39291
-2.15337
-1.93094
-1.72494
-1.53466
-1.35939
-1.19844
-1.05112
-0.91676
-0.794665
-0.684125
-0.584418
-0.494819
-0.414605
-0.343078
-0.279572
-0.223468
-0.174186
-0.131193
-0.0939838
-0.0620797
-0.0350207
-0.0123656
0.00630365
0.0213787
0.0332173
0.0421521
0.0484753
0.052479
0.0543796
0.0544832
0.052852
0.0500088
0.0455044
0.0408609
0.0336143
0.0291599
0.0175574
0.0174266
-0.00357232
-16.3014
-16.3368
-16.4823
-16.5523
-16.5607
-16.5379
-16.5018
-16.4885
-16.5358
-16.6554
-16.8708
-17.193
-17.6135
-18.1063
-18.6355
-19.1639
-19.6598
-20.1007
-20.4736
-20.7739
-21.0029
-21.1655
-21.2681
-21.317
-21.3177
-21.2741
-21.1887
-21.0621
-20.8934
-20.6801
-20.4207
-20.1126
-19.7399
-19.2825
-18.7336
-18.0798
-17.3076
-16.4016
-15.3465
-14.1285
-12.7372
-11.169
-9.43064
-7.54471
-5.55415
-3.52572
-1.54851
0.274497
1.84629
3.10234
4.01931
4.61085
4.9188
4.99671
4.90101
4.68488
4.3939
4.06388
3.72082
3.38213
3.05855
2.75602
2.47724
2.22282
1.99217
1.78399
1.59661
1.42827
1.27721
1.14173
1.02026
0.911394
0.813852
0.726525
0.648456
0.578828
0.516959
0.462287
0.41431
0.372548
0.336517
0.305698
0.279511
0.257326
0.23849
0.222303
0.208348
0.195721
0.184727
0.174941
0.157475
0.135034
0.114283
0.0976388
0.0817347
0.0690882
0.0507265
0.042764
0.0160479
0.0212195
-16.5648
-16.6772
-16.7467
-16.8095
-16.767
-16.6511
-16.5321
-16.484
-16.5041
-16.6214
-16.8761
-17.2786
-17.8029
-18.3984
-19.0075
-19.5812
-20.0861
-20.5056
-20.8365
-21.0842
-21.2589
-21.3717
-21.4333
-21.4522
-21.4349
-21.3853
-21.305
-21.1929
-21.046
-20.8589
-20.6231
-20.327
-19.9658
-19.544
-19.0452
-18.4548
-17.7572
-16.9366
-15.9769
-14.8632
-13.5829
-12.1285
-10.5012
-8.71523
-6.80341
-4.82236
-2.85442
-1.00362
0.627234
1.96015
2.96231
3.64718
4.05452
4.23442
4.23924
4.1186
3.91536
3.66364
3.38864
3.10787
2.83277
2.57035
2.32448
2.09698
1.88831
1.69808
1.52541
1.36913
1.22798
1.10066
0.985894
0.882499
0.789388
0.70559
0.63026
0.562688
0.502271
0.448487
0.4009
0.359113
0.322733
0.291339
0.264465
0.241583
0.222108
0.205463
0.190993
0.178373
0.165482
0.149284
0.13459
0.121676
0.107406
0.093045
0.0775944
0.0653459
0.048185
0.0416722
0.0145109
0.0276137
-16.3205
-16.4887
-16.519
-16.5475
-16.5299
-16.526
-16.5564
-16.6619
-16.8654
-17.1777
-17.5879
-18.0666
-18.5762
-19.0813
-19.5542
-19.9775
-20.3424
-20.6466
-20.8921
-21.0832
-21.2251
-21.3231
-21.3821
-21.4064
-21.3989
-21.3616
-21.2951
-21.1987
-21.0703
-20.9064
-20.6987
-20.4504
-20.1445
-19.7729
-19.3255
-18.7898
-18.1518
-17.3964
-16.5075
-15.4693
-14.2671
-12.8898
-11.3328
-9.60245
-7.7226
-5.74234
-3.73996
-1.82358
-0.113147
1.29237
2.35161
3.08259
3.53254
3.75534
3.80466
3.73016
3.57369
3.36764
3.13548
2.89349
2.65249
2.41941
2.19842
1.99181
1.80058
1.62487
1.46428
1.31808
1.18534
1.06505
0.956209
0.857808
0.768921
0.688698
0.616382
0.551318
0.492946
0.440791
0.39445
0.353554
0.317749
0.286663
0.259884
0.236954
0.217352
0.200534
0.185923
0.172853
0.160859
0.148508
0.134587
0.119126
0.102862
0.0879792
0.0726597
0.0608323
0.0432534
0.0384203
0.00648229
0.0326475
-15.9421
-16.1327
-16.1982
-16.2425
-16.2689
-16.3304
-16.455
-16.668
-16.9743
-17.3665
-17.8236
-18.3173
-18.8181
-19.3007
-19.746
-20.1418
-20.482
-20.7652
-20.9936
-21.1714
-21.3041
-21.397
-21.4552
-21.4826
-21.4824
-21.456
-21.4039
-21.3249
-21.2168
-21.0767
-20.8998
-20.6718
-20.3964
-20.0625
-19.6586
-19.1721
-18.5889
-17.8933
-17.0686
-16.0979
-14.9645
-13.6541
-12.1575
-10.4749
-8.62178
-6.63861
-4.5996
-2.61531
-0.821623
0.662807
1.78546
2.56493
3.05315
3.30851
3.38948
3.3491
3.22963
3.06189
2.86733
2.66062
2.45165
2.24697
2.05075
1.86551
1.69258
1.53248
1.38518
1.25029
1.1272
1.01515
0.913341
0.82097
0.737253
0.661461
0.592935
0.531092
0.475429
0.425508
0.380955
0.341432
0.306617
0.276177
0.24975
0.22693
0.207252
0.190218
0.175231
0.161701
0.148565
0.134932
0.121513
0.10876
0.0957513
0.0833029
0.0694767
0.0586401
0.0416237
0.0380136
0.00473926
0.0368227
-15.6111
-15.8134
-15.8972
-15.9563
-16.0214
-16.1414
-16.3396
-16.6283
-17.0024
-17.4459
-17.9335
-18.4372
-18.9314
-19.3957
-19.8167
-20.1869
-20.5038
-20.7688
-20.9849
-21.1567
-21.289
-21.3865
-21.453
-21.492
-21.5055
-21.4949
-21.4602
-21.4004
-21.3131
-21.1946
-21.043
-20.8487
-20.6066
-20.3077
-19.9414
-19.4955
-18.9562
-18.308
-17.5341
-16.6168
-15.5384
-14.2828
-12.838
-11.2001
-9.38005
-7.41292
-5.3688
-3.35884
-1.52316
0.0145478
1.19697
2.03389
2.56873
2.86153
2.97843
2.97658
2.89763
2.77017
2.61371
2.44175
2.26369
2.08603
1.91316
1.74795
1.59212
1.44659
1.31168
1.18734
1.07324
0.968873
0.873654
0.786951
0.708128
0.636575
0.571728
0.513077
0.46017
0.412613
0.370062
0.332204
0.298738
0.269361
0.243739
0.221503
0.202229
0.185461
0.170659
0.157283
0.144705
0.132216
0.119473
0.106547
0.0931076
0.0804158
0.0666043
0.0559689
0.0390376
0.0360283
0.00237267
0.0371525
-15.4308
-15.6105
-15.6993
-15.7648
-15.847
-15.9887
-16.2128
-16.528
-16.9255
-17.3854
-17.8813
-18.3862
-18.8769
-19.3359
-19.752
-20.1192
-20.4359
-20.7035
-20.9252
-21.1051
-21.2476
-21.3571
-21.4372
-21.4909
-21.5202
-21.5263
-21.5092
-21.4679
-21.4003
-21.3032
-21.1726
-21.0021
-20.7853
-20.5135
-20.1763
-19.7616
-19.2556
-18.6428
-17.9062
-17.0276
-15.9885
-14.7716
-13.3632
-11.7577
-9.96441
-8.01739
-5.9873
-3.98667
-2.15301
-0.599205
0.621771
1.50265
2.07336
2.39995
2.55561
2.59671
2.56147
2.47577
2.35769
2.22015
2.07246
1.92131
1.77142
1.62601
1.4872
1.35625
1.23385
1.12024
1.01533
0.918882
0.830482
0.749671
0.675951
0.608829
0.547832
0.492523
0.44251
0.397442
0.357008
0.320921
0.288909
0.260689
0.235959
0.214382
0.195567
0.179092
0.164457
0.15116
0.138574
0.126182
0.113856
0.101766
0.0893987
0.0776737
0.0646396
0.054542
0.0381544
0.035459
0.00252923
0.0369458
-15.3475
-15.4845
-15.5583
-15.6193
-15.7033
-15.8467
-16.0714
-16.3858
-16.7812
-17.2381
-17.731
-18.2338
-18.7242
-19.1853
-19.6058
-19.9799
-20.3058
-20.5845
-20.8189
-21.0129
-21.1705
-21.2958
-21.3921
-21.4623
-21.5082
-21.5309
-21.5305
-21.5061
-21.4556
-21.3761
-21.2635
-21.1118
-20.9145
-20.6628
-20.3465
-19.9535
-19.4701
-18.8806
-18.1678
-17.3131
-16.2976
-15.1035
-13.7167
-12.1316
-10.3583
-8.43347
-6.43117
-4.46538
-2.66311
-1.11738
0.114782
1.00645
1.59172
1.9473
2.14352
2.2293
2.23797
2.19313
2.11197
2.00725
1.88842
1.76245
1.63441
1.50788
1.38534
1.26839
1.15803
1.05476
0.958764
0.869993
0.788232
0.71317
0.644443
0.581667
0.524458
0.472453
0.425315
0.38274
0.34445
0.310188
0.279704
0.252742
0.229023
0.208239
0.190034
0.174022
0.159748
0.146765
0.134559
0.122688
0.110871
0.0991666
0.0871152
0.0756535
0.0629305
0.0530452
0.0370976
0.0343251
0.00271183
0.0351273
-15.2942
-15.3843
-15.4374
-15.4886
-15.566
-15.701
-15.9144
-16.2153
-16.5973
-17.0426
-17.5272
-18.0261
-18.5173
-18.9834
-19.4128
-19.7988
-20.1389
-20.4335
-20.6847
-20.896
-21.071
-21.2135
-21.3267
-21.4132
-21.4749
-21.5128
-21.5272
-21.517
-21.4806
-21.4148
-21.3157
-21.1775
-20.9935
-20.755
-20.4519
-20.072
-19.6014
-19.0243
-18.3234
-17.4798
-16.4745
-15.2896
-13.9118
-12.3369
-10.5786
-8.67838
-6.71573
-4.80222
-3.04335
-1.52262
-0.317517
0.550401
1.13799
1.52077
1.75594
1.88352
1.9327
1.92539
1.8782
1.80378
1.71173
1.60925
1.5017
1.39298
1.28587
1.18228
1.08345
0.990156
0.902788
0.821484
0.746199
0.676764
0.612937
0.554434
0.500955
0.452206
0.407907
0.367796
0.331632
0.299186
0.270232
0.244537
0.221848
0.201882
0.184314
0.168789
0.154895
0.142222
0.130307
0.11878
0.107372
0.0961446
0.0846324
0.073668
0.06145
0.0518655
0.0365087
0.0335201
0.00359581
0.0329332
-15.2857
-15.3233
-15.343
-15.3723
-15.4332
-15.552
-15.7481
-16.0306
-16.395
-16.8257
-17.3003
-17.7947
-18.2868
-18.759
-19.1987
-19.5981
-19.9539
-20.2654
-20.5342
-20.7632
-20.9555
-21.1146
-21.2435
-21.3449
-21.4205
-21.4715
-21.498
-21.4992
-21.4734
-21.4175
-21.3275
-21.1979
-21.0217
-20.7904
-20.4935
-20.119
-19.6527
-19.0787
-18.3794
-17.5361
-16.5298
-15.3434
-13.9652
-12.3944
-10.6497
-8.77982
-6.86866
-5.0136
-3.30294
-1.83959
-0.699914
0.132575
0.723689
1.13222
1.40173
1.56573
1.65045
1.67642
1.65969
1.6127
1.54508
1.46419
1.3756
1.28345
1.19076
1.09971
1.01177
0.927925
0.84876
0.774583
0.705497
0.641464
0.58235
0.527965
0.478088
0.43249
0.390941
0.353224
0.319131
0.288462
0.261015
0.23658
0.214928
0.1958
0.1789
0.163904
0.150438
0.138133
0.126577
0.115445
0.104453
0.0936331
0.0825296
0.0719182
0.060097
0.0507142
0.0359271
0.0325744
0.00450176
0.0302721
-15.2055
-15.2225
-15.2292
-15.2458
-15.2925
-15.3948
-15.5729
-15.8369
-16.1842
-16.6009
-17.0661
-17.5564
-18.0498
-18.5281
-18.9778
-19.3903
-19.7611
-20.0888
-20.3742
-20.6194
-20.8274
-21.0013
-21.1441
-21.2581
-21.3453
-21.4068
-21.4426
-21.4521
-21.4335
-21.3839
-21.2992
-21.1737
-21.0005
-20.7709
-20.4745
-20.0988
-19.6296
-19.0509
-18.3451
-17.4935
-16.4779
-15.2825
-13.8984
-12.3297
-10.602
-8.77186
-6.91765
-5.11941
-3.48155
-2.11494
-1.04911
-0.242615
0.354959
0.785155
1.08284
1.27723
1.39224
1.44713
1.45725
1.43476
1.38919
1.32793
1.2567
1.17982
1.10051
1.02114
0.943388
0.868421
0.796992
0.72956
0.666359
0.607466
0.552848
0.502399
0.455969
0.413389
0.374479
0.339061
0.306961
0.278004
0.252015
0.228806
0.208168
0.189868
0.173635
0.159175
0.146147
0.134216
0.123011
0.112242
0.101632
0.0911985
0.0805028
0.0702522
0.0588429
0.0496594
0.0354621
0.0316954
0.00552198
0.027546
-15.261
-15.2129
-15.1702
-15.1449
-15.1586
-15.2324
-15.3862
-15.6302
-15.9615
-16.3668
-16.8254
-17.3139
-17.81
-18.2949
-18.7545
-19.1793
-19.5638
-19.906
-20.206
-20.4654
-20.6869
-20.8733
-21.0274
-21.1518
-21.248
-21.3173
-21.3598
-21.3748
-21.3605
-21.314
-21.2311
-21.1061
-20.9319
-20.6996
-20.3986
-20.0165
-19.5387
-18.9493
-18.2306
-17.3645
-16.3339
-15.1256
-13.7343
-12.1705
-10.4682
-8.68421
-6.88453
-5.16137
-3.6353
-2.37212
-1.36153
-0.571004
0.0316839
0.478192
0.798116
1.0174
1.1579
1.23764
1.27123
1.27041
1.24454
1.201
1.14555
1.08263
1.01563
0.947058
0.878771
0.812081
0.74789
0.686787
0.629123
0.575078
0.524707
0.477983
0.434821
0.395104
0.3587
0.325468
0.295264
0.267942
0.243348
0.221316
0.201659
0.184166
0.168592
0.154667
0.142084
0.130537
0.11969
0.10928
0.0990359
0.0889642
0.0786407
0.0687113
0.0576795
0.0486618
0.0350313
0.030819
0.00650147
0.0248326
-15.0918
-15.0814
-15.047
-15.0005
-14.9839
-15.0291
-15.1613
-15.3907
-15.7134
-16.1147
-16.573
-17.0644
-17.5661
-18.0591
-18.5286
-18.9648
-19.3615
-19.7163
-20.0285
-20.2998
-20.5322
-20.7287
-20.892
-21.0243
-21.1273
-21.2022
-21.249
-21.2671
-21.2547
-21.2087
-21.1248
-20.9973
-20.8188
-20.5803
-20.271
-19.8783
-19.3875
-18.7827
-18.0468
-17.1624
-16.1144
-14.8927
-13.4973
-11.946
-10.2762
-8.53837
-6.80796
-5.19685
-3.78976
-2.60491
-1.63215
-0.854941
-0.250388
0.207683
0.544918
0.784476
0.946351
1.04733
1.10129
1.11952
1.11115
1.08348
1.04228
0.992061
0.936306
0.877663
0.818111
0.759092
0.701631
0.64643
0.593942
0.544439
0.498056
0.454833
0.414745
0.377725
0.343682
0.312512
0.284098
0.258321
0.235048
0.214135
0.195414
0.178697
0.163762
0.150364
0.138223
0.12706
0.116567
0.106504
0.0966089
0.0868777
0.0769047
0.067276
0.0566028
0.047735
0.034648
0.0299913
0.00743821
0.0222572
-15.3759
-15.1875
-15.0288
-14.8901
-14.8103
-14.8114
-14.916
-15.1309
-15.4485
-15.8508
-16.3141
-16.8127
-17.3229
-17.8249
-18.3039
-18.7497
-19.1563
-19.5208
-19.8425
-20.1227
-20.3635
-20.5676
-20.7376
-20.8756
-20.9833
-21.0617
-21.111
-21.1303
-21.1177
-21.0702
-20.9832
-20.8508
-20.6655
-20.4181
-20.0976
-19.6912
-19.1844
-18.5615
-17.806
-16.9022
-15.8375
-14.6056
-13.2127
-11.681
-10.0467
-8.36875
-6.74094
-5.25038
-3.93502
-2.80564
-1.86386
-1.10026
-0.496514
-0.0304786
0.320209
0.57629
0.75606
0.875172
0.946754
0.981663
0.988769
0.97525
0.946848
0.908109
0.862586
0.81302
0.761489
0.709542
0.658306
0.608581
0.560907
0.515637
0.472975
0.433023
0.39581
0.361314
0.329482
0.300242
0.273507
0.249178
0.227146
0.207286
0.189452
0.173474
0.159153
0.146268
0.134562
0.12378
0.113638
0.103914
0.0943551
0.084947
0.0753031
0.0659528
0.0556146
0.046879
0.0343028
0.0292147
0.00830476
0.0198652
-14.8881
-14.9046
-14.7772
-14.6469
-14.5581
-14.5563
-14.6647
-14.8871
-15.2125
-15.6208
-16.088
-16.5892
-17.1019
-17.6072
-18.0906
-18.5418
-18.9542
-19.3247
-19.6522
-19.938
-20.1842
-20.3931
-20.5671
-20.7085
-20.8188
-20.8988
-20.9487
-20.9676
-20.9532
-20.9025
-20.8106
-20.6715
-20.4775
-20.2191
-19.8853
-19.4631
-18.9385
-18.2962
-17.521
-16.5992
-15.5211
-14.2849
-12.9012
-11.3949
-9.81058
-8.22128
-6.70509
-5.3095
-4.06067
-2.97657
-2.06294
-1.31299
-0.711723
-0.240312
0.120863
0.390447
0.585226
0.719812
0.806642
0.856131
0.876888
0.875952
0.859012
0.830619
0.794369
0.753067
0.708873
0.66342
0.61792
0.573253
0.530037
0.488693
0.449488
0.412579
0.378042
0.345896
0.316124
0.288682
0.263509
0.24053
0.219656
0.20078
0.183778
0.168498
0.154763
0.142373
0.131092
0.120685
0.11089
0.101497
0.0922622
0.0831624
0.07383
0.0647397
0.0547153
0.0460985
0.0339987
0.0285016
0.00910197
0.0176873
-15.7406
-15.0857
-14.8604
-14.6435
-14.4981
-14.4583
-14.5364
-14.7333
-15.04
-15.4381
-15.9022
-16.404
-16.9179
-17.4236
-17.9064
-18.3567
-18.7683
-19.1387
-19.4665
-19.7534
-20.0009
-20.211
-20.3862
-20.5284
-20.6389
-20.7186
-20.7674
-20.784
-20.7662
-20.7107
-20.6123
-20.4649
-20.2604
-19.9894
-19.6405
-19.2012
-18.6576
-17.9953
-17.2009
-16.2633
-15.1768
-13.9443
-12.5802
-11.1157
-9.60536
-8.11312
-6.68701
-5.36195
-4.16756
-3.12316
-2.23495
-1.49806
-0.900207
-0.425262
-0.0558955
0.224746
0.432127
0.579924
0.679935
0.742155
0.774934
0.78516
0.778455
0.759355
0.731478
0.697676
0.660168
0.620655
0.580419
0.540408
0.501305
0.46359
0.427585
0.393495
0.361438
0.331472
0.303609
0.277834
0.25411
0.232382
0.212581
0.194621
0.178393
0.163769
0.150589
0.138673
0.127805
0.117768
0.108314
0.0992446
0.0903246
0.0815199
0.0724821
0.0636345
0.0539022
0.045392
0.0337323
0.0278535
0.00982673
0.0157294
)
;

boundaryField
{
    outlet
    {
        type            fixedValue;
        value           uniform 0;
    }
    inlet
    {
        type            zeroGradient;
    }
    lowerWall
    {
        type            zeroGradient;
    }
    upperWall
    {
        type            zeroGradient;
    }
    frontAndBack
    {
        type            empty;
    }
}


// ************************************************************************* //
