/*--------------------------------*- C++ -*----------------------------------*\
| =========                 |                                                 |
| \\      /  F ield         | OpenFOAM: The Open Source CFD Toolbox           |
|  \\    /   O peration     | Version:  2.1.1                                 |
|   \\  /    A nd           | Web:      www.OpenFOAM.org                      |
|    \\/     M anipulation  |                                                 |
\*---------------------------------------------------------------------------*/
FoamFile
{
    version     2.0;
    format      ascii;
    class       volScalarField;
    location    "0.105";
    object      nut;
}
// * * * * * * * * * * * * * * * * * * * * * * * * * * * * * * * * * * * * * //

dimensions      [0 2 -1 0 0 0 0];

internalField   nonuniform List<scalar> 
6820
(
4.96025e-05
5.47044e-05
5.94497e-05
6.37668e-05
6.76167e-05
7.09778e-05
7.38484e-05
7.62464e-05
7.8204e-05
7.9763e-05
8.09697e-05
8.18719e-05
8.25156e-05
8.29439e-05
8.31953e-05
8.33039e-05
8.32991e-05
8.32056e-05
8.30444e-05
8.28325e-05
8.25841e-05
8.23106e-05
8.20209e-05
8.17223e-05
8.14205e-05
8.11199e-05
8.08235e-05
8.05346e-05
8.02513e-05
7.99907e-05
7.96753e-05
7.96797e-05
7.81858e-05
0.000540295
0.000304976
0.000219966
0.000171566
0.000140529
0.000119667
0.000105142
9.47588e-05
8.71944e-05
8.16128e-05
7.74637e-05
7.43735e-05
7.20816e-05
7.04019e-05
6.9199e-05
6.83726e-05
6.78472e-05
6.7565e-05
6.74814e-05
6.7561e-05
6.7776e-05
6.81035e-05
6.85252e-05
6.90255e-05
6.95916e-05
7.02124e-05
7.08781e-05
7.158e-05
7.23105e-05
7.30579e-05
7.38184e-05
7.45639e-05
7.52104e-05
0.00105857
0.000836084
0.000679232
0.000569607
0.000490046
0.000430109
0.000383694
0.000346849
0.00031695
0.000292236
0.000271492
0.000253855
0.000238699
0.000225556
0.00021407
0.000203965
0.000195024
0.000187072
0.000179971
0.000173604
0.000167876
0.000162709
0.000158036
0.0001538
0.000149952
0.000146453
0.000143265
0.000140358
0.000137706
0.000135288
0.000133068
0.000131088
0.00012906
0.00115953
0.00109653
0.00101166
0.000926408
0.000849798
0.000783603
0.000727044
0.00067871
0.000637185
0.000601246
0.000569891
0.000542317
0.000517883
0.000496081
0.000476503
0.000458821
0.000442769
0.000428128
0.000414719
0.000402391
0.000391018
0.000380493
0.000370724
0.000361633
0.000353153
0.000345225
0.000337801
0.000330835
0.000324295
0.000318148
0.000312382
0.000306967
0.000301944
0.00116966
0.00115863
0.00113363
0.00109757
0.00105569
0.0010122
0.00096967
0.000929413
0.000891972
0.000857472
0.000825822
0.000796832
0.000770274
0.000745918
0.00072354
0.000702939
0.000683931
0.000666352
0.000650059
0.000634923
0.000620832
0.000607686
0.000595396
0.000583885
0.000573082
0.000562926
0.000553362
0.00054434
0.000535817
0.000527755
0.000520123
0.000512895
0.000506053
0.00117006
0.00116839
0.00116306
0.00115261
0.00113713
0.00111768
0.00109554
0.00107192
0.00104773
0.00102361
0.00100002
0.000977214
0.000955354
0.000934518
0.000914733
0.000895993
0.000878271
0.000861525
0.000845708
0.000830769
0.000816656
0.000803317
0.000790702
0.000778765
0.00076746
0.000756745
0.00074658
0.000736928
0.000727755
0.000719031
0.000710728
0.000702825
0.0006953
0.00116996
0.00116938
0.00116821
0.00116569
0.00116123
0.00115458
0.00114584
0.00113528
0.00112329
0.00111025
0.00109651
0.00108237
0.00106806
0.00105377
0.00103964
0.00102578
0.00101225
0.000999104
0.000986377
0.000974088
0.000962245
0.00095085
0.000939899
0.000929382
0.00091929
0.000909608
0.000900322
0.000891417
0.000882878
0.000874689
0.000866838
0.000859314
0.000852104
0.00116994
0.0011694
0.00116883
0.00116803
0.00116674
0.00116472
0.0011618
0.00115791
0.00115305
0.00114729
0.00114075
0.00113356
0.00112584
0.00111773
0.00110933
0.00110075
0.00109206
0.00108335
0.00107466
0.00106605
0.00105755
0.00104919
0.001041
0.00103298
0.00102517
0.00101756
0.00101015
0.00100296
0.000995984
0.00098922
0.000982671
0.000976335
0.000970212
0.00116994
0.00116939
0.00116886
0.00116832
0.0011677
0.00116692
0.00116588
0.00116449
0.00116269
0.00116044
0.00115772
0.00115456
0.00115099
0.00114703
0.00114275
0.00113818
0.00113338
0.00112839
0.00112326
0.00111802
0.00111271
0.00110736
0.001102
0.00109665
0.00109133
0.00108606
0.00108085
0.00107571
0.00107065
0.00106569
0.00106082
0.00105606
0.00105141
0.00116994
0.00116938
0.00116885
0.00116833
0.00116782
0.00116729
0.00116671
0.00116605
0.00116526
0.00116432
0.00116319
0.00116186
0.00116031
0.00115854
0.00115655
0.00115437
0.00115199
0.00114945
0.00114675
0.00114391
0.00114096
0.00113792
0.0011348
0.00113161
0.00112838
0.00112512
0.00112183
0.00111855
0.00111526
0.00111199
0.00110874
0.00110551
0.00110233
0.00116994
0.00116938
0.00116884
0.00116832
0.00116782
0.00116732
0.00116683
0.00116634
0.00116582
0.00116527
0.00116467
0.001164
0.00116324
0.0011624
0.00116147
0.00116043
0.00115929
0.00115804
0.0011567
0.00115527
0.00115375
0.00115214
0.00115047
0.00114873
0.00114693
0.00114508
0.00114319
0.00114127
0.00113932
0.00113735
0.00113537
0.00113338
0.00113139
0.00116994
0.00116938
0.00116884
0.00116832
0.00116781
0.00116732
0.00116684
0.00116637
0.00116591
0.00116545
0.00116499
0.00116452
0.00116403
0.00116351
0.00116297
0.00116238
0.00116176
0.0011611
0.00116039
0.00115964
0.00115884
0.001158
0.00115711
0.00115618
0.00115521
0.00115421
0.00115317
0.0011521
0.001151
0.00114988
0.00114875
0.00114759
0.00114642
0.00116994
0.00116938
0.00116884
0.00116832
0.00116781
0.00116732
0.00116684
0.00116637
0.00116592
0.00116547
0.00116504
0.00116461
0.00116419
0.00116377
0.00116335
0.00116292
0.00116249
0.00116204
0.00116158
0.00116111
0.00116062
0.00116012
0.0011596
0.00115906
0.0011585
0.00115792
0.00115733
0.00115671
0.00115609
0.00115545
0.00115479
0.00115413
0.00115345
0.00116994
0.00116938
0.00116884
0.00116832
0.00116781
0.00116731
0.00116683
0.00116637
0.00116591
0.00116547
0.00116504
0.00116462
0.00116422
0.00116382
0.00116343
0.00116304
0.00116266
0.00116228
0.00116191
0.00116154
0.00116116
0.00116079
0.00116041
0.00116003
0.00115965
0.00115926
0.00115886
0.00115847
0.00115806
0.00115766
0.00115725
0.00115683
0.00115641
0.00116994
0.00116938
0.00116884
0.00116832
0.00116781
0.00116731
0.00116683
0.00116636
0.00116591
0.00116547
0.00116504
0.00116462
0.00116421
0.00116382
0.00116343
0.00116306
0.00116269
0.00116233
0.00116198
0.00116164
0.0011613
0.00116096
0.00116064
0.00116031
0.00115999
0.00115968
0.00115936
0.00115905
0.00115874
0.00115843
0.00115813
0.00115782
0.00115752
0.00116994
0.00116938
0.00116884
0.00116831
0.0011678
0.00116731
0.00116683
0.00116636
0.0011659
0.00116546
0.00116503
0.00116461
0.00116421
0.00116381
0.00116343
0.00116305
0.00116269
0.00116233
0.00116199
0.00116165
0.00116132
0.001161
0.00116068
0.00116038
0.00116008
0.00115978
0.0011595
0.00115922
0.00115894
0.00115867
0.0011584
0.00115814
0.00115788
0.00116994
0.00116938
0.00116884
0.00116831
0.0011678
0.00116731
0.00116683
0.00116636
0.0011659
0.00116546
0.00116503
0.00116461
0.0011642
0.00116381
0.00116342
0.00116305
0.00116268
0.00116233
0.00116198
0.00116164
0.00116132
0.001161
0.00116069
0.00116038
0.00116009
0.0011598
0.00115952
0.00115925
0.00115898
0.00115872
0.00115847
0.00115822
0.00115798
0.00116994
0.00116938
0.00116884
0.00116831
0.0011678
0.00116731
0.00116682
0.00116635
0.0011659
0.00116546
0.00116502
0.00116461
0.0011642
0.0011638
0.00116342
0.00116304
0.00116267
0.00116232
0.00116197
0.00116164
0.00116131
0.00116099
0.00116068
0.00116038
0.00116008
0.00115979
0.00115952
0.00115924
0.00115898
0.00115872
0.00115847
0.00115823
0.00115799
0.00116994
0.00116938
0.00116884
0.00116831
0.0011678
0.0011673
0.00116682
0.00116635
0.0011659
0.00116545
0.00116502
0.0011646
0.00116419
0.0011638
0.00116341
0.00116303
0.00116267
0.00116231
0.00116197
0.00116163
0.0011613
0.00116098
0.00116067
0.00116037
0.00116007
0.00115978
0.0011595
0.00115923
0.00115897
0.00115871
0.00115846
0.00115822
0.00115798
0.00116994
0.00116938
0.00116884
0.00116831
0.0011678
0.0011673
0.00116682
0.00116635
0.00116589
0.00116545
0.00116502
0.0011646
0.00116419
0.00116379
0.00116341
0.00116303
0.00116266
0.00116231
0.00116196
0.00116162
0.00116129
0.00116097
0.00116066
0.00116036
0.00116006
0.00115977
0.00115949
0.00115922
0.00115895
0.0011587
0.00115845
0.0011582
0.00115796
0.00116994
0.00116938
0.00116884
0.00116831
0.0011678
0.0011673
0.00116682
0.00116635
0.00116589
0.00116545
0.00116502
0.0011646
0.00116419
0.00116379
0.0011634
0.00116302
0.00116266
0.0011623
0.00116195
0.00116161
0.00116128
0.00116096
0.00116065
0.00116035
0.00116005
0.00115976
0.00115948
0.00115921
0.00115894
0.00115868
0.00115843
0.00115818
0.00115795
0.00116994
0.00116938
0.00116884
0.00116831
0.0011678
0.0011673
0.00116682
0.00116635
0.00116589
0.00116545
0.00116501
0.00116459
0.00116418
0.00116379
0.0011634
0.00116302
0.00116265
0.00116229
0.00116195
0.00116161
0.00116128
0.00116096
0.00116064
0.00116034
0.00116004
0.00115975
0.00115947
0.0011592
0.00115893
0.00115867
0.00115842
0.00115817
0.00115793
0.00116994
0.00116938
0.00116884
0.00116831
0.0011678
0.0011673
0.00116682
0.00116635
0.00116589
0.00116545
0.00116501
0.00116459
0.00116418
0.00116378
0.00116339
0.00116302
0.00116265
0.00116229
0.00116194
0.0011616
0.00116127
0.00116095
0.00116063
0.00116033
0.00116003
0.00115974
0.00115946
0.00115918
0.00115892
0.00115866
0.0011584
0.00115816
0.00115791
0.00116994
0.00116938
0.00116884
0.00116831
0.0011678
0.0011673
0.00116682
0.00116635
0.00116589
0.00116544
0.00116501
0.00116459
0.00116418
0.00116378
0.00116339
0.00116301
0.00116264
0.00116229
0.00116194
0.0011616
0.00116127
0.00116094
0.00116063
0.00116032
0.00116002
0.00115973
0.00115945
0.00115917
0.00115891
0.00115864
0.00115839
0.00115814
0.0011579
0.00116994
0.00116938
0.00116884
0.00116831
0.0011678
0.0011673
0.00116682
0.00116635
0.00116589
0.00116544
0.00116501
0.00116459
0.00116418
0.00116378
0.00116339
0.00116301
0.00116264
0.00116228
0.00116193
0.00116159
0.00116126
0.00116094
0.00116062
0.00116031
0.00116002
0.00115972
0.00115944
0.00115916
0.0011589
0.00115863
0.00115838
0.00115813
0.00115789
0.00116994
0.00116938
0.00116884
0.00116831
0.0011678
0.0011673
0.00116682
0.00116635
0.00116589
0.00116544
0.00116501
0.00116459
0.00116418
0.00116378
0.00116339
0.00116301
0.00116264
0.00116228
0.00116193
0.00116159
0.00116126
0.00116093
0.00116062
0.00116031
0.00116001
0.00115972
0.00115943
0.00115916
0.00115889
0.00115862
0.00115837
0.00115812
0.00115787
0.00116994
0.00116938
0.00116884
0.00116831
0.0011678
0.0011673
0.00116682
0.00116635
0.00116589
0.00116544
0.00116501
0.00116459
0.00116417
0.00116377
0.00116338
0.00116301
0.00116264
0.00116228
0.00116193
0.00116158
0.00116125
0.00116093
0.00116061
0.0011603
0.00116
0.00115971
0.00115943
0.00115915
0.00115888
0.00115861
0.00115836
0.00115811
0.00115786
0.00116994
0.00116938
0.00116884
0.00116831
0.0011678
0.0011673
0.00116682
0.00116635
0.00116589
0.00116544
0.00116501
0.00116458
0.00116417
0.00116377
0.00116338
0.001163
0.00116263
0.00116227
0.00116192
0.00116158
0.00116125
0.00116092
0.00116061
0.0011603
0.00116
0.0011597
0.00115942
0.00115914
0.00115887
0.0011586
0.00115835
0.0011581
0.00115785
0.00116994
0.00116938
0.00116884
0.00116831
0.0011678
0.0011673
0.00116682
0.00116634
0.00116589
0.00116544
0.00116501
0.00116458
0.00116417
0.00116377
0.00116338
0.001163
0.00116263
0.00116227
0.00116192
0.00116158
0.00116125
0.00116092
0.0011606
0.00116029
0.00115999
0.0011597
0.00115941
0.00115914
0.00115886
0.0011586
0.00115834
0.00115809
0.00115784
0.00116994
0.00116938
0.00116884
0.00116831
0.0011678
0.0011673
0.00116682
0.00116635
0.00116589
0.00116544
0.00116501
0.00116459
0.00116417
0.00116377
0.00116338
0.001163
0.00116263
0.00116227
0.00116192
0.00116158
0.00116124
0.00116092
0.0011606
0.00116029
0.00115999
0.0011597
0.00115941
0.00115913
0.00115886
0.00115859
0.00115833
0.00115808
0.00115783
0.00116994
0.00116938
0.00116884
0.00116831
0.0011678
0.0011673
0.00116682
0.00116635
0.00116589
0.00116544
0.00116501
0.00116459
0.00116418
0.00116377
0.00116338
0.00116301
0.00116264
0.00116227
0.00116192
0.00116158
0.00116125
0.00116092
0.0011606
0.00116029
0.00115999
0.0011597
0.00115941
0.00115913
0.00115885
0.00115859
0.00115832
0.00115807
0.00115782
0.00116994
0.00116938
0.00116884
0.00116831
0.0011678
0.00116731
0.00116682
0.00116635
0.0011659
0.00116545
0.00116502
0.0011646
0.00116418
0.00116378
0.00116339
0.00116301
0.00116264
0.00116228
0.00116193
0.00116158
0.00116125
0.00116092
0.0011606
0.00116028
0.00115998
0.00115968
0.00115938
0.0011591
0.00115882
0.00115854
0.00115827
0.00115801
0.00115775
0.00116994
0.00116938
0.00116884
0.00116832
0.00116781
0.00116731
0.00116683
0.00116636
0.0011659
0.00116546
0.00116502
0.0011646
0.00116419
0.00116379
0.0011634
0.00116301
0.00116263
0.00116226
0.0011619
0.00116155
0.0011612
0.00116085
0.00116052
0.00116018
0.00115985
0.00115953
0.00115921
0.00115889
0.00115858
0.00115827
0.00115797
0.00115766
0.00115737
0.00116994
0.00116938
0.00116884
0.00116833
0.00116782
0.00116733
0.00116685
0.00116639
0.00116593
0.00116548
0.00116503
0.00116459
0.00116416
0.00116373
0.00116331
0.00116288
0.00116246
0.00116204
0.00116161
0.00116119
0.00116076
0.00116033
0.0011599
0.00115946
0.00115902
0.00115858
0.00115814
0.00115769
0.00115724
0.00115678
0.00115632
0.00115586
0.0011554
0.00116994
0.00116939
0.00116886
0.00116835
0.00116784
0.00116733
0.00116683
0.00116632
0.00116581
0.00116528
0.00116473
0.00116417
0.00116358
0.00116297
0.00116233
0.00116166
0.00116097
0.00116024
0.00115949
0.00115871
0.0011579
0.00115707
0.00115621
0.00115532
0.00115442
0.00115349
0.00115255
0.00115159
0.00115061
0.00114962
0.00114862
0.00114761
0.00114659
0.00116995
0.0011694
0.00116886
0.00116828
0.00116765
0.00116694
0.00116613
0.00116519
0.00116414
0.00116295
0.00116163
0.00116018
0.0011586
0.0011569
0.00115508
0.00115316
0.00115113
0.00114902
0.00114683
0.00114457
0.00114224
0.00113986
0.00113744
0.00113497
0.00113248
0.00112997
0.00112744
0.0011249
0.00112235
0.00111981
0.00111726
0.00111473
0.00111221
0.00116996
0.00116916
0.00116786
0.00116595
0.00116344
0.00116031
0.00115658
0.00115229
0.0011475
0.00114226
0.00113663
0.00113069
0.00112449
0.00111809
0.00111153
0.00110488
0.00109816
0.00109141
0.00108466
0.00107793
0.00107126
0.00106465
0.00105812
0.00105168
0.00104535
0.00103913
0.00103303
0.00102706
0.00102121
0.00101549
0.0010099
0.00100444
0.000999112
0.00116831
0.00115866
0.00114501
0.00112846
0.00110973
0.00108952
0.00106849
0.00104716
0.0010259
0.00100499
0.00098461
0.000964886
0.000945888
0.000927651
0.000910189
0.000893497
0.000877559
0.000862351
0.000847846
0.000834012
0.000820818
0.000808233
0.000796223
0.000784759
0.00077381
0.000763349
0.000753349
0.000743785
0.000734632
0.000725868
0.000717471
0.000709423
0.000701701
0.00107567
0.000936194
0.000835601
0.000756857
0.000692039
0.000638269
0.000593343
0.000555432
0.000523098
0.000495235
0.000470997
0.00044973
0.000430928
0.000414193
0.000399208
0.000385719
0.000373519
0.00036244
0.000352338
0.000343098
0.000334619
0.000326816
0.000319618
0.000312961
0.000306791
0.000301062
0.000295731
0.000290762
0.000286124
0.000281786
0.000277725
0.000273916
0.000270339
0.000142979
0.000146644
0.000150174
0.000153551
0.000156773
0.000159846
0.000162775
0.000165566
0.000168224
0.000170754
0.00017316
0.000175448
0.000177623
0.000179689
0.00018165
0.000183513
0.00018528
0.000186956
0.000188546
0.000190054
0.000191483
0.000192837
0.00019412
0.000195336
0.000196488
0.000197578
0.000198611
0.000199589
0.000200515
0.000201391
0.00020222
0.000203005
0.000203748
9.08806e-05
0.000110805
0.000136839
0.000169678
0.000208297
0.000250312
0.000293025
0.000334269
0.000372935
0.000408997
0.000443145
0.000476302
0.000509236
0.000542332
0.000575628
0.000608988
0.00064232
0.000675701
0.000709394
0.000743776
0.000779236
0.000816091
0.000854546
0.000894696
0.000936547
0.000980041
0.00102507
0.0010715
0.00111915
0.00116781
0.00121724
0.00126716
0.0013173
0.00136736
0.00141703
0.00146599
0.00151391
0.00156041
0.00160506
0.00164736
0.00168669
0.00172236
0.00175351
0.00177919
0.0017983
0.00180963
0.00181192
0.00180384
0.00178408
0.00175147
0.00170501
0.00164412
0.00156879
0.00148002
0.00138025
0.00127415
0.00116954
0.00107812
0.00101502
0.000994859
0.00102334
0.00108944
0.00116986
0.00124457
0.00130572
0.00135428
0.00139384
0.0014275
0.0014572
0.00148404
0.00150863
0.00153136
0.00155257
0.00157255
0.00159161
0.00161006
0.00162822
0.00164637
0.00166474
0.00168352
0.00170279
0.00172252
0.00174258
0.00176277
0.00178279
0.00180235
0.00182115
0.0018389
0.00185539
0.00187042
0.00188388
0.0018957
0.00190589
0.00191449
0.00192158
0.00192729
0.00193172
0.00193512
0.00193724
0.00193946
7.64038e-05
7.85931e-05
8.2128e-05
8.78759e-05
9.68535e-05
0.000110089
0.000128448
0.000152394
0.000181805
0.000215902
0.000253344
0.00029246
0.000331603
0.000369492
0.000405439
0.000439374
0.000471689
0.000502991
0.000533886
0.000564831
0.000596108
0.000627861
0.00066017
0.000693111
0.000726781
0.00076129
0.00079674
0.0008332
0.000870678
0.000909125
0.000948429
0.00098843
0.00102893
0.0010697
0.00111049
0.00115103
0.00119103
0.00123014
0.00126799
0.00130409
0.00133791
0.00136878
0.00139592
0.00141845
0.00143537
0.00144558
0.00144794
0.00144131
0.00142466
0.00139713
0.00135824
0.00130811
0.00124776
0.00117963
0.00110807
0.00104005
0.000985321
0.000955451
0.000960129
0.00100101
0.00106778
0.00114299
0.00121247
0.00127052
0.00131769
0.00135673
0.00139026
0.00142003
0.00144707
0.00147191
0.00149489
0.00151626
0.00153622
0.00155503
0.00157296
0.00159026
0.00160723
0.00162414
0.00164123
0.0016587
0.00167668
0.00169521
0.00171423
0.00173359
0.00175307
0.0017724
0.00179128
0.00180942
0.00182657
0.00184249
0.00185704
0.00187009
0.0018816
0.0018916
0.00190012
0.00190726
0.00191309
0.00191787
0.00192123
0.00192517
0.000126959
0.000124778
0.000122521
0.000119995
0.000117434
0.00011522
0.000113606
0.000113077
0.000114359
0.000118341
0.000125903
0.000137739
0.00015422
0.000175307
0.000200535
0.000229065
0.000259825
0.000291694
0.000323695
0.000355129
0.000385635
0.000415157
0.000443867
0.000472052
0.000500033
0.000528097
0.00055647
0.00058531
0.000614712
0.00064472
0.000675337
0.000706528
0.000738226
0.000770334
0.00080272
0.000835218
0.000867623
0.000899681
0.000931083
0.000961447
0.000990307
0.00101711
0.00104119
0.0010618
0.00107811
0.00108924
0.00109432
0.00109257
0.0010834
0.0010666
0.0010425
0.00101231
0.000978419
0.000944784
0.000917115
0.000902567
0.000908286
0.000938469
0.000991086
0.0010574
0.00112607
0.00118861
0.0012417
0.00128586
0.00132318
0.00135572
0.00138494
0.00141172
0.00143653
0.0014596
0.0014811
0.00150116
0.00151996
0.00153767
0.00155452
0.00157075
0.00158661
0.00160234
0.0016182
0.00163438
0.00165105
0.0016683
0.00168614
0.00170449
0.00172319
0.00174201
0.00176068
0.00177891
0.00179644
0.00181302
0.00182842
0.00184252
0.00185522
0.0018665
0.00187637
0.00188488
0.00189209
0.00189821
0.00190281
0.0019085
0.000296444
0.000290261
0.000284002
0.000277534
0.000270764
0.000263633
0.000256161
0.000248133
0.000239441
0.000230022
0.000220077
0.000210095
0.000200822
0.000193141
0.000187904
0.000185787
0.00018721
0.000192317
0.000200999
0.000212944
0.000227692
0.000244707
0.000263443
0.000283402
0.000304179
0.000325481
0.000347134
0.000369061
0.000391265
0.000413792
0.00043671
0.000460081
0.000483954
0.000508346
0.000533242
0.000558592
0.000584301
0.000610234
0.000636198
0.000661946
0.000687164
0.000711467
0.000734406
0.00075548
0.000774158
0.000789931
0.000802378
0.000811264
0.000816672
0.000819158
0.000819936
0.000821041
0.000825394
0.00083662
0.000858401
0.000893272
0.000941186
0.00099879
0.00106033
0.00111992
0.00117358
0.00121996
0.00125963
0.00129405
0.0013247
0.00135268
0.00137866
0.00140299
0.00142585
0.0014473
0.0014674
0.00148623
0.00150391
0.00152058
0.00153642
0.00155165
0.00156647
0.00158111
0.00159579
0.00161073
0.00162611
0.00164206
0.00165863
0.00167583
0.00169353
0.00171159
0.00172977
0.0017478
0.00176542
0.00178236
0.00179838
0.0018133
0.001827
0.00183941
0.00185049
0.00186028
0.00186879
0.00187623
0.00188203
0.00188945
0.000498549
0.000490345
0.000482367
0.00047454
0.00046678
0.000458994
0.000451089
0.000442958
0.000434485
0.000425504
0.000415848
0.000405372
0.000393996
0.000381754
0.000368831
0.000355568
0.000342434
0.000329977
0.000318754
0.000309256
0.000301862
0.000296811
0.000294208
0.000294039
0.000296203
0.00030054
0.000306859
0.000314965
0.000324672
0.000335822
0.000348283
0.000361956
0.000376766
0.00039266
0.000409596
0.000427536
0.000446439
0.000466249
0.000486895
0.00050828
0.000530283
0.000552757
0.00057554
0.000598466
0.000621391
0.000644236
0.000667035
0.000689999
0.000713583
0.000738531
0.000765869
0.000796807
0.000832496
0.000873654
0.000920139
0.000970687
0.00102304
0.00107449
0.0011227
0.00116627
0.00120487
0.00123902
0.00126964
0.00129764
0.00132373
0.00134837
0.00137177
0.00139403
0.00141513
0.00143507
0.00145386
0.00147151
0.00148813
0.00150381
0.00151871
0.00153299
0.00154684
0.00156047
0.00157407
0.00158784
0.00160198
0.00161663
0.00163191
0.00164784
0.00166441
0.00168149
0.00169892
0.00171646
0.00173387
0.00175087
0.00176723
0.00178272
0.00179719
0.00181053
0.00182267
0.00183361
0.00184332
0.00185199
0.00185895
0.00186808
0.000687
0.000677915
0.000669122
0.000660597
0.000652289
0.000644134
0.000636087
0.000628088
0.000620088
0.000612039
0.000603892
0.000595592
0.000587079
0.000578299
0.000569217
0.000559823
0.000550149
0.000540278
0.000530347
0.000520543
0.000511091
0.000502234
0.000494218
0.000487271
0.00048159
0.000477332
0.000474614
0.00047351
0.000474057
0.000476258
0.000480093
0.000485522
0.000492495
0.000500959
0.000510857
0.00052214
0.000534763
0.000548689
0.00056389
0.000580352
0.000598071
0.000617061
0.000637351
0.000658994
0.000682064
0.000706667
0.000732939
0.000761046
0.000791172
0.000823489
0.000858101
0.000894963
0.000933799
0.000974039
0.00101482
0.00105512
0.00109389
0.00113032
0.00116399
0.00119488
0.00122329
0.00124969
0.00127457
0.00129831
0.00132116
0.00134322
0.00136449
0.00138492
0.00140443
0.00142298
0.00144052
0.00145706
0.00147266
0.00148741
0.00150141
0.00151482
0.00152778
0.00154046
0.00155306
0.00156575
0.00157872
0.00159213
0.00160611
0.00162075
0.00163606
0.00165201
0.00166847
0.00168527
0.00170218
0.00171895
0.00173533
0.00175111
0.00176609
0.00178013
0.00179314
0.00180506
0.00181583
0.00182563
0.00183365
0.00184442
0.000844089
0.00083524
0.000826602
0.000818172
0.000809935
0.000801859
0.000793934
0.000786137
0.000778454
0.000770876
0.000763407
0.000756054
0.000748825
0.000741732
0.000734783
0.000727987
0.000721352
0.000714896
0.000708642
0.000702632
0.000696922
0.000691585
0.000686711
0.000682401
0.000678761
0.000675898
0.000673914
0.000672903
0.000672945
0.000674106
0.00067643
0.000679949
0.000684673
0.0006906
0.000697719
0.000706011
0.000715452
0.00072602
0.000737698
0.000750475
0.000764355
0.000779355
0.00079551
0.000812871
0.000831498
0.000851458
0.000872807
0.00089558
0.000919768
0.000945299
0.000972019
0.000999678
0.00102794
0.00105637
0.00108455
0.00111205
0.00113856
0.00116392
0.00118811
0.00121125
0.00123354
0.00125518
0.00127633
0.0012971
0.00131749
0.00133746
0.00135691
0.00137572
0.00139379
0.00141105
0.00142742
0.00144292
0.00145757
0.00147142
0.00148458
0.00149716
0.00150929
0.00152112
0.00153279
0.00154449
0.00155637
0.0015686
0.00158133
0.00159467
0.0016087
0.00162341
0.00163874
0.00165457
0.00167071
0.00168696
0.00170308
0.00171885
0.00173405
0.00174854
0.00176217
0.00177486
0.00178653
0.00179731
0.00180628
0.00181859
0.000963334
0.000955651
0.000948057
0.000940564
0.000933175
0.000925889
0.000918704
0.000911616
0.000904629
0.000897752
0.000891002
0.000884403
0.000877984
0.000871778
0.00086582
0.000860142
0.000854778
0.000849755
0.000845101
0.00084084
0.000837001
0.000833612
0.000830704
0.000828317
0.000826488
0.000825262
0.000824682
0.000824791
0.000825632
0.000827241
0.000829648
0.000832877
0.000836941
0.000841846
0.000847593
0.000854174
0.000861579
0.000869796
0.00087881
0.000888611
0.000899192
0.000910552
0.000922697
0.000935638
0.000949393
0.000963976
0.000979394
0.000995641
0.00101268
0.00103046
0.00104887
0.00106778
0.00108703
0.00110645
0.00112587
0.00114518
0.00116429
0.00118318
0.00120189
0.00122048
0.00123902
0.00125755
0.0012761
0.00129463
0.00131305
0.00133126
0.00134911
0.00136649
0.00138325
0.00139931
0.00141462
0.00142913
0.00144288
0.0014559
0.00146827
0.00148007
0.00149143
0.00150245
0.00151328
0.00152406
0.00153495
0.00154609
0.00155764
0.00156973
0.00158246
0.00159588
0.00160997
0.00162467
0.00163984
0.00165532
0.00167089
0.00168634
0.00170148
0.00171612
0.00173011
0.00174334
0.00175569
0.00176727
0.00177703
0.00179073
0.00104612
0.00104014
0.00103415
0.00102816
0.00102218
0.00101622
0.00101029
0.00100438
0.000998527
0.000992729
0.00098701
0.000981396
0.000975917
0.000970606
0.000965501
0.000960637
0.000956052
0.000951782
0.000947858
0.000944311
0.000941167
0.000938452
0.000936186
0.000934392
0.000933089
0.000932295
0.000932029
0.000932307
0.000933144
0.000934554
0.000936547
0.00093913
0.000942306
0.000946073
0.000950429
0.000955367
0.000960877
0.00096695
0.000973575
0.000980744
0.000988449
0.000996684
0.00100545
0.00101474
0.00102457
0.00103494
0.00104585
0.0010573
0.00106926
0.00108172
0.00109465
0.00110799
0.0011217
0.00113574
0.00115005
0.00116463
0.00117947
0.00119457
0.00120996
0.00122565
0.00124167
0.00125798
0.00127454
0.00129126
0.00130803
0.00132471
0.00134117
0.00135725
0.00137283
0.00138781
0.00140212
0.00141573
0.00142863
0.00144087
0.00145249
0.00146357
0.0014742
0.00148449
0.00149454
0.00150449
0.00151446
0.0015246
0.00153506
0.00154597
0.00155744
0.00156957
0.00158237
0.00159583
0.00160987
0.00162436
0.00163914
0.001654
0.00166878
0.00168328
0.00169735
0.00171085
0.00172363
0.00173579
0.00174617
0.00176105
0.00109866
0.00109445
0.00109018
0.00108584
0.00108145
0.00107701
0.00107255
0.00106806
0.00106356
0.00105907
0.00105459
0.00105016
0.0010458
0.00104154
0.00103741
0.00103343
0.00102964
0.00102608
0.00102277
0.00101974
0.00101703
0.00101465
0.00101262
0.00101097
0.00100971
0.00100885
0.00100841
0.0010084
0.00100882
0.00100967
0.00101096
0.00101269
0.00101486
0.00101746
0.00102048
0.00102392
0.00102777
0.00103202
0.00103666
0.00104169
0.00104711
0.0010529
0.00105907
0.00106563
0.00107258
0.00107993
0.00108769
0.00109586
0.00110445
0.00111348
0.00112293
0.00113282
0.00114314
0.0011539
0.00116511
0.00117678
0.00118892
0.00120156
0.00121471
0.00122836
0.00124249
0.00125706
0.001272
0.00128721
0.00130256
0.00131791
0.00133313
0.00134805
0.00136256
0.00137656
0.00138996
0.00140273
0.00141486
0.00142636
0.00143728
0.00144768
0.00145764
0.00146724
0.00147657
0.00148576
0.0014949
0.00150413
0.00151359
0.0015234
0.0015337
0.00154457
0.00155608
0.00156826
0.00158106
0.00159441
0.00160818
0.00162223
0.00163637
0.00165045
0.00166431
0.00167779
0.00169073
0.00170324
0.00171401
0.00172981
0.00112906
0.00112635
0.00112356
0.00112069
0.00111774
0.00111472
0.00111164
0.0011085
0.00110533
0.00110211
0.00109889
0.00109566
0.00109244
0.00108927
0.00108615
0.00108312
0.00108019
0.0010774
0.00107477
0.00107232
0.00107008
0.00106806
0.00106629
0.00106479
0.00106357
0.00106264
0.00106202
0.00106171
0.00106172
0.00106205
0.00106271
0.00106369
0.00106499
0.00106662
0.00106856
0.0010708
0.00107335
0.0010762
0.00107934
0.00108277
0.00108649
0.0010905
0.0010948
0.00109941
0.00110433
0.00110958
0.00111518
0.00112114
0.00112748
0.00113423
0.00114141
0.00114905
0.00115716
0.00116578
0.00117493
0.00118463
0.00119492
0.0012058
0.00121728
0.00122936
0.001242
0.00125515
0.00126873
0.00128264
0.00129676
0.00131094
0.00132505
0.00133894
0.00135249
0.00136558
0.00137815
0.00139015
0.00140155
0.00141238
0.00142265
0.00143241
0.00144174
0.0014507
0.00145938
0.00146787
0.00147626
0.00148467
0.00149322
0.00150203
0.00151123
0.00152092
0.00153119
0.00154208
0.0015536
0.00156572
0.00157834
0.00159137
0.00160465
0.00161805
0.00163142
0.0016446
0.00165743
0.00167
0.00168094
0.00169734
0.00114504
0.00114342
0.00114172
0.00113995
0.0011381
0.00113619
0.00113421
0.00113218
0.00113009
0.00112796
0.00112579
0.0011236
0.0011214
0.0011192
0.00111701
0.00111486
0.00111276
0.00111073
0.00110879
0.00110695
0.00110523
0.00110365
0.00110223
0.00110098
0.00109991
0.00109904
0.00109838
0.00109794
0.00109772
0.00109772
0.00109796
0.00109844
0.00109915
0.00110009
0.00110126
0.00110267
0.0011043
0.00110616
0.00110824
0.00111054
0.00111308
0.00111585
0.00111886
0.00112212
0.00112565
0.00112947
0.0011336
0.00113807
0.0011429
0.00114812
0.00115377
0.00115988
0.00116648
0.00117361
0.00118131
0.0011896
0.00119852
0.00120807
0.00121826
0.00122908
0.00124051
0.00125247
0.0012649
0.00127769
0.00129073
0.00130388
0.001317
0.00132996
0.00134263
0.00135491
0.00136672
0.001378
0.00138874
0.00139893
0.00140859
0.00141777
0.00142651
0.00143488
0.00144295
0.0014508
0.00145851
0.00146617
0.0014739
0.00148181
0.00149001
0.00149862
0.00150771
0.00151737
0.00152762
0.00153846
0.00154986
0.00156173
0.00157398
0.00158648
0.00159911
0.00161173
0.00162417
0.00163653
0.00164738
0.00166403
0.00115265
0.0011517
0.00115069
0.00114964
0.00114853
0.00114737
0.00114616
0.0011449
0.00114359
0.00114225
0.00114087
0.00113947
0.00113804
0.00113661
0.00113517
0.00113374
0.00113233
0.00113095
0.00112961
0.00112832
0.00112711
0.00112597
0.00112492
0.00112398
0.00112315
0.00112245
0.00112188
0.00112145
0.00112118
0.00112105
0.00112109
0.00112129
0.00112165
0.00112219
0.00112289
0.00112376
0.00112481
0.00112602
0.00112742
0.00112899
0.00113074
0.00113269
0.00113484
0.00113721
0.00113982
0.00114269
0.00114584
0.0011493
0.00115311
0.00115729
0.0011619
0.00116695
0.0011725
0.00117857
0.00118522
0.00119247
0.00120034
0.00120886
0.00121803
0.00122783
0.00123824
0.0012492
0.00126064
0.00127246
0.00128455
0.00129678
0.00130902
0.00132114
0.00133302
0.00134455
0.00135566
0.00136629
0.00137641
0.00138601
0.00139511
0.00140374
0.00141194
0.00141976
0.00142727
0.00143453
0.00144161
0.00144861
0.00145561
0.00146271
0.00147001
0.00147762
0.00148564
0.00149414
0.00150318
0.00151277
0.00152291
0.00153355
0.00154464
0.00155609
0.00156778
0.0015796
0.0015914
0.00160329
0.00161379
0.00163032
0.00115591
0.00115533
0.00115471
0.00115406
0.00115338
0.00115267
0.00115192
0.00115114
0.00115034
0.0011495
0.00114864
0.00114776
0.00114687
0.00114596
0.00114505
0.00114413
0.00114322
0.00114233
0.00114146
0.00114062
0.00113981
0.00113905
0.00113834
0.00113769
0.00113711
0.00113661
0.00113619
0.00113587
0.00113564
0.00113551
0.00113549
0.00113559
0.0011358
0.00113612
0.00113658
0.00113715
0.00113786
0.0011387
0.00113967
0.00114079
0.00114206
0.0011435
0.00114511
0.00114691
0.00114893
0.00115118
0.00115369
0.00115649
0.00115961
0.0011631
0.00116699
0.00117131
0.00117611
0.00118142
0.00118729
0.00119375
0.00120083
0.00120853
0.00121688
0.00122584
0.0012354
0.00124551
0.0012561
0.00126707
0.00127832
0.00128973
0.00130117
0.00131253
0.00132368
0.00133453
0.00134499
0.00135502
0.00136456
0.00137361
0.00138219
0.0013903
0.001398
0.00140531
0.0014123
0.00141902
0.00142554
0.00143193
0.00143827
0.00144465
0.00145116
0.00145789
0.00146493
0.00147238
0.00148028
0.00148867
0.00149758
0.00150699
0.00151687
0.00152715
0.00153776
0.00154861
0.00155956
0.00157074
0.00158066
0.00159669
0.00115717
0.00115675
0.00115633
0.00115588
0.00115542
0.00115494
0.00115445
0.00115393
0.0011534
0.00115286
0.0011523
0.00115173
0.00115115
0.00115057
0.00114998
0.0011494
0.00114882
0.00114825
0.00114769
0.00114715
0.00114664
0.00114615
0.0011457
0.00114528
0.00114491
0.00114459
0.00114432
0.00114412
0.00114398
0.00114391
0.00114391
0.00114399
0.00114415
0.0011444
0.00114474
0.00114517
0.00114571
0.00114634
0.00114709
0.00114796
0.00114895
0.00115008
0.00115137
0.00115282
0.00115447
0.00115633
0.00115844
0.00116081
0.00116349
0.0011665
0.0011699
0.00117371
0.00117798
0.00118274
0.00118803
0.00119389
0.00120033
0.00120739
0.00121505
0.00122332
0.00123217
0.00124154
0.00125138
0.0012616
0.0012721
0.00128278
0.0012935
0.00130416
0.00131464
0.00132486
0.00133472
0.00134417
0.00135318
0.00136172
0.0013698
0.00137743
0.00138465
0.0013915
0.00139801
0.00140424
0.00141024
0.00141609
0.00142184
0.00142757
0.00143337
0.00143933
0.00144551
0.001452
0.00145888
0.00146617
0.00147392
0.00148213
0.0014908
0.00149988
0.00150932
0.00151908
0.00152902
0.00153929
0.00154845
0.00156361
0.00115759
0.00115725
0.0011569
0.00115655
0.00115619
0.00115582
0.00115544
0.00115505
0.00115466
0.00115426
0.00115386
0.00115345
0.00115305
0.00115264
0.00115223
0.00115183
0.00115144
0.00115106
0.00115069
0.00115034
0.00115
0.00114969
0.0011494
0.00114914
0.00114892
0.00114873
0.00114858
0.00114847
0.00114841
0.0011484
0.00114845
0.00114855
0.00114872
0.00114895
0.00114925
0.00114963
0.00115008
0.00115062
0.00115126
0.00115199
0.00115283
0.00115379
0.00115489
0.00115615
0.00115758
0.0011592
0.00116105
0.00116315
0.00116553
0.00116824
0.00117129
0.00117474
0.00117862
0.00118297
0.00118782
0.0011932
0.00119915
0.00120567
0.00121277
0.00122045
0.00122867
0.00123741
0.00124659
0.00125614
0.00126597
0.00127597
0.00128603
0.00129604
0.00130591
0.00131553
0.00132482
0.00133374
0.00134224
0.00135029
0.00135791
0.00136509
0.00137187
0.00137827
0.00138434
0.00139012
0.00139565
0.00140101
0.00140624
0.0014114
0.00141659
0.00142185
0.00142728
0.00143294
0.0014389
0.0014452
0.00145189
0.00145898
0.00146648
0.00147438
0.00148265
0.00149125
0.00150007
0.0015093
0.00151755
0.00153155
0.0011577
0.00115739
0.00115707
0.00115675
0.00115643
0.00115611
0.00115578
0.00115545
0.00115512
0.00115478
0.00115445
0.00115412
0.00115379
0.00115347
0.00115315
0.00115284
0.00115254
0.00115226
0.00115198
0.00115173
0.00115149
0.00115127
0.00115108
0.00115091
0.00115077
0.00115066
0.00115058
0.00115054
0.00115053
0.00115057
0.00115065
0.00115078
0.00115096
0.0011512
0.00115149
0.00115185
0.00115227
0.00115277
0.00115334
0.00115401
0.00115477
0.00115565
0.00115664
0.00115778
0.00115908
0.00116056
0.00116225
0.00116417
0.00116636
0.00116885
0.00117167
0.00117485
0.00117844
0.00118247
0.00118697
0.00119197
0.0011975
0.00120357
0.0012102
0.00121736
0.00122504
0.00123321
0.00124179
0.00125074
0.00125995
0.00126933
0.00127878
0.0012882
0.00129748
0.00130654
0.0013153
0.0013237
0.00133171
0.0013393
0.00134647
0.00135322
0.00135958
0.00136557
0.00137123
0.00137659
0.00138171
0.00138662
0.00139139
0.00139606
0.0014007
0.00140538
0.00141015
0.00141509
0.00142025
0.00142568
0.00143141
0.00143749
0.00144391
0.00145069
0.00145781
0.00146526
0.00147294
0.00148105
0.0014883
0.00150091
0.00115772
0.00115741
0.00115711
0.0011568
0.00115649
0.00115618
0.00115587
0.00115556
0.00115525
0.00115494
0.00115464
0.00115433
0.00115404
0.00115375
0.00115347
0.00115319
0.00115293
0.00115269
0.00115246
0.00115224
0.00115205
0.00115187
0.00115172
0.00115159
0.00115149
0.00115141
0.00115137
0.00115136
0.00115138
0.00115144
0.00115154
0.00115169
0.00115188
0.00115212
0.00115241
0.00115275
0.00115316
0.00115364
0.00115419
0.00115482
0.00115554
0.00115636
0.0011573
0.00115837
0.00115959
0.00116098
0.00116256
0.00116437
0.00116642
0.00116875
0.00117139
0.00117437
0.00117773
0.0011815
0.00118572
0.0011904
0.00119558
0.00120126
0.00120746
0.00121417
0.00122136
0.00122901
0.00123706
0.00124545
0.00125409
0.00126289
0.00127177
0.00128062
0.00128934
0.00129786
0.00130611
0.00131401
0.00132155
0.00132869
0.00133542
0.00134176
0.00134772
0.00135332
0.0013586
0.00136359
0.00136832
0.00137285
0.00137721
0.00138145
0.00138563
0.0013898
0.00139402
0.00139834
0.00140281
0.00140749
0.00141239
0.00141757
0.00142303
0.00142879
0.00143483
0.00144117
0.00144774
0.00145471
0.00146093
0.001472
0.00115771
0.00115741
0.0011571
0.00115679
0.00115649
0.00115618
0.00115587
0.00115557
0.00115527
0.00115496
0.00115467
0.00115437
0.00115409
0.00115381
0.00115353
0.00115327
0.00115302
0.00115279
0.00115257
0.00115236
0.00115218
0.00115201
0.00115187
0.00115175
0.00115166
0.0011516
0.00115156
0.00115156
0.00115159
0.00115165
0.00115176
0.0011519
0.00115209
0.00115232
0.00115261
0.00115294
0.00115334
0.0011538
0.00115433
0.00115494
0.00115563
0.00115642
0.00115732
0.00115835
0.00115951
0.00116084
0.00116235
0.00116407
0.00116601
0.00116822
0.00117072
0.00117354
0.00117671
0.00118026
0.00118423
0.00118863
0.0011935
0.00119883
0.00120465
0.00121094
0.00121769
0.00122487
0.00123242
0.00124028
0.00124839
0.00125665
0.00126498
0.00127328
0.00128147
0.00128947
0.0012972
0.00130462
0.00131169
0.00131838
0.00132469
0.00133063
0.00133621
0.00134144
0.00134637
0.00135102
0.00135542
0.00135961
0.00136362
0.0013675
0.0013713
0.00137504
0.00137879
0.00138259
0.00138649
0.00139051
0.00139471
0.00139911
0.00140372
0.00140857
0.00141364
0.00141896
0.00142447
0.00143035
0.00143555
0.00144503
0.00115769
0.00115739
0.00115708
0.00115677
0.00115647
0.00115616
0.00115585
0.00115555
0.00115525
0.00115494
0.00115465
0.00115435
0.00115406
0.00115378
0.00115351
0.00115325
0.001153
0.00115276
0.00115254
0.00115233
0.00115214
0.00115197
0.00115182
0.0011517
0.0011516
0.00115153
0.00115149
0.00115147
0.0011515
0.00115155
0.00115165
0.00115178
0.00115196
0.00115218
0.00115245
0.00115278
0.00115316
0.0011536
0.00115411
0.0011547
0.00115537
0.00115614
0.00115701
0.001158
0.00115912
0.0011604
0.00116185
0.00116349
0.00116535
0.00116746
0.00116983
0.00117251
0.00117551
0.00117887
0.00118262
0.00118677
0.00119135
0.00119637
0.00120183
0.00120774
0.00121408
0.0012208
0.00122788
0.00123526
0.00124285
0.00125059
0.00125838
0.00126615
0.00127381
0.00128128
0.00128851
0.00129543
0.00130203
0.00130828
0.00131418
0.00131972
0.00132494
0.00132984
0.00133445
0.0013388
0.00134291
0.00134682
0.00135055
0.00135413
0.00135761
0.00136101
0.00136437
0.00136775
0.00137116
0.00137465
0.00137825
0.00138198
0.00138586
0.00138991
0.00139413
0.00139853
0.00140306
0.00140792
0.00141217
0.00142007
0.00115767
0.00115737
0.00115706
0.00115675
0.00115644
0.00115614
0.00115583
0.00115552
0.00115521
0.00115491
0.00115461
0.00115431
0.00115402
0.00115374
0.00115346
0.00115319
0.00115293
0.00115269
0.00115246
0.00115224
0.00115204
0.00115186
0.0011517
0.00115156
0.00115145
0.00115137
0.00115131
0.00115128
0.00115129
0.00115133
0.0011514
0.00115152
0.00115168
0.00115189
0.00115214
0.00115245
0.00115281
0.00115324
0.00115373
0.00115429
0.00115494
0.00115568
0.00115653
0.00115748
0.00115857
0.0011598
0.0011612
0.00116278
0.00116456
0.00116657
0.00116884
0.00117139
0.00117424
0.00117742
0.00118095
0.00118487
0.00118918
0.0011939
0.00119904
0.00120458
0.00121052
0.00121682
0.00122345
0.00123034
0.00123743
0.00124465
0.00125192
0.00125915
0.00126627
0.00127321
0.00127991
0.00128634
0.00129246
0.00129827
0.00130375
0.00130892
0.00131379
0.00131839
0.00132273
0.00132683
0.00133072
0.00133441
0.00133792
0.00134128
0.00134451
0.00134764
0.0013507
0.00135373
0.00135675
0.00135979
0.00136288
0.00136605
0.0013693
0.00137266
0.00137612
0.00137971
0.00138338
0.0013873
0.00139068
0.00139707
0.00115766
0.00115735
0.00115704
0.00115673
0.00115642
0.00115611
0.0011558
0.00115549
0.00115518
0.00115487
0.00115457
0.00115427
0.00115397
0.00115368
0.0011534
0.00115313
0.00115286
0.00115261
0.00115236
0.00115214
0.00115192
0.00115173
0.00115156
0.0011514
0.00115128
0.00115117
0.0011511
0.00115105
0.00115104
0.00115106
0.00115112
0.00115122
0.00115136
0.00115154
0.00115178
0.00115206
0.0011524
0.00115281
0.00115328
0.00115382
0.00115445
0.00115516
0.00115598
0.0011569
0.00115795
0.00115914
0.00116049
0.001162
0.00116371
0.00116564
0.0011678
0.00117022
0.00117293
0.00117594
0.00117928
0.00118297
0.00118703
0.00119146
0.00119627
0.00120147
0.00120702
0.0012129
0.00121908
0.00122549
0.00123207
0.00123876
0.00124548
0.00125215
0.00125871
0.0012651
0.00127126
0.00127717
0.00128281
0.00128817
0.00129326
0.00129808
0.00130266
0.001307
0.00131113
0.00131505
0.00131879
0.00132233
0.0013257
0.00132891
0.00133197
0.00133491
0.00133773
0.00134048
0.00134317
0.00134583
0.00134849
0.00135117
0.00135388
0.00135663
0.00135943
0.0013623
0.0013652
0.00136828
0.00137087
0.00137585
0.00115764
0.00115733
0.00115702
0.00115671
0.0011564
0.00115608
0.00115577
0.00115546
0.00115515
0.00115484
0.00115453
0.00115423
0.00115393
0.00115363
0.00115334
0.00115306
0.00115279
0.00115252
0.00115227
0.00115203
0.00115181
0.0011516
0.00115141
0.00115125
0.0011511
0.00115098
0.00115089
0.00115082
0.00115079
0.00115079
0.00115083
0.00115091
0.00115103
0.00115119
0.0011514
0.00115167
0.00115199
0.00115237
0.00115282
0.00115334
0.00115394
0.00115463
0.00115541
0.00115631
0.00115732
0.00115847
0.00115976
0.00116122
0.00116285
0.00116469
0.00116675
0.00116905
0.00117161
0.00117446
0.0011776
0.00118107
0.00118487
0.00118902
0.00119352
0.00119835
0.00120351
0.00120897
0.00121468
0.00122059
0.00122665
0.00123278
0.00123892
0.00124499
0.00125096
0.00125676
0.00126236
0.00126774
0.00127289
0.00127783
0.00128256
0.00128709
0.00129143
0.00129561
0.00129961
0.00130345
0.00130712
0.00131061
0.00131392
0.00131705
0.00132
0.00132279
0.00132543
0.00132795
0.00133036
0.00133269
0.00133496
0.00133719
0.0013394
0.0013416
0.0013438
0.00134602
0.00134822
0.00135053
0.00135241
0.00135611
0.00115763
0.00115731
0.001157
0.00115669
0.00115637
0.00115606
0.00115575
0.00115543
0.00115512
0.00115481
0.00115449
0.00115419
0.00115388
0.00115358
0.00115328
0.001153
0.00115271
0.00115244
0.00115218
0.00115193
0.0011517
0.00115148
0.00115128
0.00115109
0.00115093
0.0011508
0.00115069
0.0011506
0.00115055
0.00115053
0.00115055
0.00115061
0.00115071
0.00115085
0.00115104
0.00115128
0.00115158
0.00115194
0.00115237
0.00115286
0.00115344
0.0011541
0.00115486
0.00115572
0.00115669
0.00115779
0.00115904
0.00116043
0.001162
0.00116375
0.0011657
0.00116788
0.00117029
0.00117296
0.00117591
0.00117915
0.00118269
0.00118654
0.0011907
0.00119516
0.0011999
0.0012049
0.00121011
0.00121548
0.00122095
0.00122647
0.00123197
0.00123741
0.00124273
0.00124791
0.00125293
0.00125779
0.0012625
0.00126707
0.00127152
0.00127586
0.00128009
0.00128422
0.00128822
0.00129208
0.00129579
0.00129932
0.00130264
0.00130575
0.00130864
0.00131132
0.0013138
0.00131609
0.00131822
0.00132022
0.0013221
0.0013239
0.00132562
0.00132729
0.00132892
0.00133051
0.00133205
0.00133365
0.00133486
0.00133735
0.00115761
0.0011573
0.00115698
0.00115667
0.00115635
0.00115604
0.00115572
0.0011554
0.00115509
0.00115477
0.00115446
0.00115415
0.00115384
0.00115353
0.00115323
0.00115294
0.00115265
0.00115237
0.0011521
0.00115184
0.00115159
0.00115136
0.00115115
0.00115095
0.00115078
0.00115062
0.0011505
0.0011504
0.00115033
0.00115029
0.00115029
0.00115033
0.0011504
0.00115053
0.0011507
0.00115092
0.00115119
0.00115153
0.00115193
0.00115241
0.00115296
0.00115359
0.00115432
0.00115514
0.00115608
0.00115713
0.00115832
0.00115965
0.00116113
0.00116279
0.00116463
0.00116667
0.00116893
0.00117141
0.00117414
0.00117713
0.00118038
0.0011839
0.00118769
0.00119172
0.00119599
0.00120047
0.0012051
0.00120986
0.00121467
0.0012195
0.0012243
0.00122904
0.00123369
0.00123825
0.00124272
0.00124713
0.00125149
0.00125582
0.00126015
0.00126446
0.00126875
0.00127299
0.00127714
0.00128117
0.00128502
0.00128865
0.00129203
0.00129514
0.00129796
0.0013005
0.00130277
0.00130479
0.00130659
0.0013082
0.00130965
0.00131096
0.00131216
0.00131327
0.00131429
0.00131525
0.00131614
0.00131703
0.0013176
0.00131894
0.0011576
0.00115728
0.00115697
0.00115665
0.00115633
0.00115602
0.0011557
0.00115538
0.00115506
0.00115474
0.00115442
0.00115411
0.00115379
0.00115348
0.00115318
0.00115288
0.00115258
0.0011523
0.00115202
0.00115175
0.0011515
0.00115125
0.00115103
0.00115082
0.00115063
0.00115046
0.00115032
0.00115021
0.00115012
0.00115006
0.00115004
0.00115006
0.00115012
0.00115022
0.00115037
0.00115057
0.00115082
0.00115114
0.00115152
0.00115196
0.00115249
0.00115309
0.00115378
0.00115457
0.00115546
0.00115646
0.00115758
0.00115883
0.00116022
0.00116177
0.00116348
0.00116536
0.00116743
0.0011697
0.00117217
0.00117486
0.00117776
0.00118088
0.00118421
0.00118774
0.00119145
0.0011953
0.00119926
0.00120329
0.00120735
0.00121141
0.00121545
0.00121947
0.00122347
0.00122748
0.00123153
0.00123565
0.00123987
0.00124421
0.00124866
0.0012532
0.00125778
0.00126233
0.00126679
0.00127108
0.00127513
0.00127887
0.00128227
0.0012853
0.00128795
0.00129023
0.00129216
0.00129378
0.00129511
0.0012962
0.00129708
0.0012978
0.00129837
0.00129883
0.00129919
0.00129947
0.00129966
0.00129983
0.00129975
0.00129996
0.00115758
0.00115727
0.00115695
0.00115663
0.00115632
0.001156
0.00115568
0.00115535
0.00115503
0.00115471
0.00115439
0.00115407
0.00115376
0.00115344
0.00115313
0.00115282
0.00115252
0.00115223
0.00115195
0.00115167
0.00115141
0.00115115
0.00115092
0.0011507
0.0011505
0.00115031
0.00115016
0.00115003
0.00114992
0.00114985
0.00114981
0.00114981
0.00114985
0.00114993
0.00115006
0.00115023
0.00115046
0.00115075
0.0011511
0.00115152
0.00115201
0.00115257
0.00115322
0.00115395
0.00115478
0.00115571
0.00115675
0.0011579
0.00115917
0.00116057
0.0011621
0.00116378
0.0011656
0.00116758
0.00116971
0.00117201
0.00117446
0.00117707
0.00117983
0.00118271
0.00118571
0.0011888
0.00119195
0.00119514
0.00119837
0.00120163
0.00120494
0.00120833
0.00121184
0.00121553
0.00121944
0.00122362
0.00122807
0.00123279
0.00123772
0.00124279
0.0012479
0.00125293
0.00125778
0.00126232
0.00126648
0.00127018
0.0012734
0.00127611
0.00127832
0.00128007
0.00128139
0.00128233
0.00128295
0.0012833
0.00128343
0.00128337
0.00128317
0.00128286
0.00128244
0.00128195
0.00128138
0.00128079
0.00128003
0.0012791
0.00115757
0.00115726
0.00115694
0.00115662
0.0011563
0.00115598
0.00115566
0.00115533
0.00115501
0.00115468
0.00115436
0.00115404
0.00115372
0.0011534
0.00115309
0.00115277
0.00115247
0.00115217
0.00115188
0.00115159
0.00115132
0.00115106
0.00115081
0.00115058
0.00115036
0.00115017
0.00115
0.00114985
0.00114973
0.00114964
0.00114958
0.00114955
0.00114957
0.00114962
0.00114972
0.00114987
0.00115007
0.00115032
0.00115063
0.001151
0.00115144
0.00115194
0.00115252
0.00115318
0.00115391
0.00115473
0.00115564
0.00115664
0.00115772
0.0011589
0.00116018
0.00116155
0.00116302
0.00116458
0.00116624
0.00116799
0.00116983
0.00117175
0.00117375
0.00117582
0.00117794
0.00118013
0.00118238
0.0011847
0.00118712
0.0011897
0.0011925
0.00119557
0.00119901
0.00120287
0.00120719
0.00121198
0.00121721
0.00122277
0.00122857
0.00123442
0.00124017
0.00124565
0.0012507
0.00125521
0.00125909
0.00126231
0.00126485
0.00126674
0.00126802
0.00126877
0.00126905
0.00126893
0.00126849
0.0012678
0.00126691
0.00126587
0.00126472
0.00126349
0.00126219
0.00126085
0.00125947
0.00125807
0.00125662
0.00125457
0.00115756
0.00115725
0.00115693
0.00115661
0.00115628
0.00115596
0.00115564
0.00115531
0.00115499
0.00115466
0.00115433
0.00115401
0.00115368
0.00115336
0.00115304
0.00115272
0.00115241
0.0011521
0.0011518
0.00115151
0.00115123
0.00115095
0.00115069
0.00115045
0.00115021
0.00115
0.00114981
0.00114964
0.0011495
0.00114938
0.00114929
0.00114923
0.00114921
0.00114923
0.00114928
0.00114938
0.00114952
0.00114971
0.00114995
0.00115024
0.00115059
0.00115099
0.00115145
0.00115196
0.00115254
0.00115317
0.00115385
0.00115459
0.00115537
0.0011562
0.00115707
0.00115797
0.0011589
0.00115985
0.00116082
0.0011618
0.0011628
0.00116381
0.00116485
0.00116594
0.00116709
0.00116834
0.00116976
0.0011714
0.00117335
0.00117572
0.0011786
0.00118208
0.00118624
0.0011911
0.00119664
0.00120277
0.00120934
0.00121615
0.00122295
0.00122949
0.00123555
0.00124093
0.00124547
0.00124911
0.00125182
0.00125363
0.0012546
0.00125484
0.00125444
0.00125352
0.00125218
0.00125053
0.00124864
0.0012466
0.00124445
0.00124225
0.00124001
0.00123778
0.00123555
0.00123334
0.00123115
0.00122898
0.0012269
0.00122381
0.00115755
0.00115723
0.00115691
0.00115659
0.00115627
0.00115594
0.00115562
0.00115529
0.00115496
0.00115463
0.0011543
0.00115396
0.00115363
0.0011533
0.00115297
0.00115265
0.00115233
0.00115201
0.00115169
0.00115138
0.00115108
0.00115079
0.0011505
0.00115023
0.00114997
0.00114973
0.0011495
0.00114929
0.0011491
0.00114893
0.00114879
0.00114867
0.00114858
0.00114851
0.00114848
0.00114848
0.00114851
0.00114858
0.00114868
0.00114881
0.00114898
0.00114917
0.0011494
0.00114965
0.00114992
0.0011502
0.00115049
0.00115078
0.00115106
0.00115131
0.00115152
0.0011517
0.00115182
0.00115188
0.00115189
0.00115185
0.00115179
0.00115174
0.00115176
0.00115189
0.00115225
0.00115292
0.00115403
0.00115571
0.00115809
0.00116131
0.00116545
0.00117056
0.00117664
0.00118357
0.00119118
0.00119919
0.00120728
0.00121507
0.00122222
0.00122841
0.00123343
0.00123714
0.00123951
0.00124059
0.00124052
0.00123944
0.00123754
0.00123501
0.00123201
0.00122868
0.00122517
0.00122158
0.00121799
0.00121444
0.00121097
0.0012076
0.00120435
0.00120122
0.0011982
0.00119528
0.00119246
0.00118971
0.00118716
0.00118336
0.00115754
0.00115721
0.00115689
0.00115656
0.00115623
0.0011559
0.00115557
0.00115523
0.00115489
0.00115455
0.0011542
0.00115386
0.00115351
0.00115316
0.00115281
0.00115246
0.00115211
0.00115176
0.00115141
0.00115106
0.00115071
0.00115037
0.00115003
0.0011497
0.00114938
0.00114906
0.00114875
0.00114844
0.00114815
0.00114787
0.0011476
0.00114734
0.00114709
0.00114686
0.00114664
0.00114642
0.00114622
0.00114603
0.00114584
0.00114565
0.00114546
0.00114526
0.00114504
0.0011448
0.00114453
0.0011442
0.00114382
0.00114336
0.00114282
0.00114217
0.00114142
0.00114055
0.00113958
0.00113851
0.00113738
0.00113624
0.00113517
0.00113427
0.00113366
0.00113349
0.00113393
0.00113516
0.00113735
0.00114066
0.00114522
0.00115107
0.0011582
0.00116648
0.00117565
0.00118534
0.00119509
0.00120435
0.0012126
0.00121935
0.00122427
0.00122716
0.001228
0.00122691
0.00122415
0.00122004
0.00121491
0.0012091
0.00120291
0.00119656
0.00119026
0.00118415
0.00117836
0.00117292
0.00116784
0.00116312
0.00115874
0.00115467
0.00115088
0.00114733
0.00114401
0.00114088
0.00113791
0.00113505
0.00113246
0.00112859
0.00115746
0.00115712
0.00115678
0.00115643
0.00115608
0.00115572
0.00115536
0.00115499
0.00115461
0.00115423
0.00115384
0.00115345
0.00115304
0.00115263
0.00115222
0.00115179
0.00115136
0.00115092
0.00115047
0.00115002
0.00114955
0.00114908
0.0011486
0.00114811
0.00114762
0.00114711
0.0011466
0.00114607
0.00114554
0.00114499
0.00114444
0.00114387
0.00114328
0.00114267
0.00114205
0.0011414
0.00114072
0.00114001
0.00113926
0.00113846
0.00113761
0.00113669
0.0011357
0.00113462
0.00113344
0.00113215
0.00113073
0.00112918
0.00112749
0.00112567
0.00112372
0.00112168
0.00111959
0.00111754
0.00111561
0.00111396
0.00111275
0.00111218
0.00111246
0.00111384
0.00111652
0.00112071
0.00112653
0.00113403
0.00114316
0.0011537
0.00116528
0.00117736
0.00118923
0.00120009
0.00120912
0.00121559
0.00121896
0.00121896
0.00121564
0.00120932
0.00120055
0.00118997
0.00117827
0.0011661
0.00115397
0.00114229
0.00113133
0.00112127
0.00111222
0.00110426
0.00109731
0.00109126
0.001086
0.00108141
0.00107739
0.00107384
0.00107069
0.00106785
0.00106529
0.00106293
0.00106074
0.00105865
0.00105679
0.00105398
0.00115702
0.00115662
0.0011562
0.00115578
0.00115534
0.00115489
0.00115442
0.00115394
0.00115344
0.00115292
0.00115239
0.00115183
0.00115126
0.00115066
0.00115004
0.0011494
0.00114874
0.00114804
0.00114732
0.00114658
0.0011458
0.001145
0.00114416
0.00114328
0.00114238
0.00114143
0.00114045
0.00113943
0.00113836
0.00113724
0.00113608
0.00113487
0.00113359
0.00113226
0.00113086
0.00112939
0.00112785
0.00112622
0.0011245
0.00112269
0.00112077
0.00111873
0.00111658
0.00111431
0.0011119
0.00110938
0.00110674
0.001104
0.00110121
0.00109841
0.00109568
0.00109314
0.00109092
0.0010892
0.00108819
0.00108815
0.00108934
0.00109204
0.00109649
0.0011029
0.00111139
0.00112196
0.00113445
0.00114847
0.00116341
0.00117843
0.00119241
0.0012041
0.00121223
0.00121566
0.0012136
0.00120579
0.00119254
0.00117471
0.00115351
0.00113033
0.00110652
0.00108323
0.00106136
0.0010415
0.00102398
0.00100888
0.000996165
0.000985721
0.000977513
0.000971179
0.000966367
0.000962777
0.000960152
0.00095828
0.000956984
0.00095612
0.000955575
0.000955251
0.00095508
0.000954987
0.000954954
0.000954899
0.000954854
0.000954646
0.00115485
0.00115421
0.00115354
0.00115283
0.00115209
0.00115132
0.00115051
0.00114967
0.00114878
0.00114785
0.00114688
0.00114586
0.0011448
0.00114368
0.00114252
0.0011413
0.00114003
0.00113871
0.00113732
0.00113588
0.00113437
0.0011328
0.00113116
0.00112946
0.00112768
0.00112583
0.0011239
0.0011219
0.00111981
0.00111764
0.00111538
0.00111303
0.00111059
0.00110806
0.00110542
0.0011027
0.00109987
0.00109694
0.00109391
0.00109079
0.00108759
0.00108431
0.00108097
0.0010776
0.00107423
0.00107092
0.00106774
0.00106477
0.00106213
0.00105998
0.0010585
0.00105792
0.00105847
0.00106046
0.00106416
0.00106986
0.00107778
0.00108808
0.00110077
0.00111566
0.00113234
0.00115004
0.00116763
0.00118363
0.0011962
0.00120333
0.00120311
0.00119403
0.00117542
0.0011477
0.0011124
0.00107192
0.00102903
0.000986396
0.000946206
0.000909983
0.000878591
0.000852336
0.000831119
0.000814575
0.000802189
0.000793374
0.000787678
0.000784773
0.000783991
0.000784798
0.00078677
0.000789571
0.000792936
0.000796657
0.00080057
0.000804543
0.00080848
0.000812299
0.000815959
0.000819392
0.000822623
0.000825575
0.000828161
0.000831665
0.00114539
0.00114397
0.00114248
0.00114093
0.0011393
0.00113761
0.00113584
0.001134
0.00113208
0.00113008
0.00112801
0.00112585
0.00112362
0.0011213
0.0011189
0.00111642
0.00111385
0.0011112
0.00110846
0.00110563
0.00110272
0.00109972
0.00109663
0.00109345
0.00109018
0.00108683
0.00108339
0.00107987
0.00107627
0.00107258
0.00106883
0.001065
0.00106111
0.00105717
0.00105318
0.00104917
0.00104515
0.00104113
0.00103715
0.00103325
0.00102946
0.00102584
0.00102244
0.00101936
0.00101669
0.00101455
0.00101308
0.00101245
0.00101284
0.00101446
0.00101754
0.00102229
0.00102888
0.00103745
0.00104799
0.00106032
0.00107403
0.00108836
0.00110216
0.00111382
0.00112128
0.00112213
0.00111388
0.00109439
0.00106251
0.00101859
0.000964784
0.000904747
0.000842914
0.000783495
0.000729723
0.000683556
0.000645764
0.000616235
0.000594306
0.000579043
0.000569424
0.000564459
0.000563248
0.000564993
0.000568996
0.000574821
0.000581998
0.000590045
0.000598617
0.000607451
0.000616349
0.00062516
0.000633767
0.000642083
0.000650039
0.000657582
0.00066468
0.000671301
0.000677447
0.000683079
0.000688277
0.000692935
0.000697048
0.000702467
0.00110928
0.00110588
0.00110238
0.00109879
0.0010951
0.00109132
0.00108744
0.00108348
0.00107942
0.00107529
0.00107106
0.00106676
0.00106239
0.00105793
0.00105341
0.00104882
0.00104416
0.00103944
0.00103467
0.00102985
0.00102498
0.00102007
0.00101513
0.00101016
0.00100518
0.00100018
0.000995184
0.000990199
0.000985238
0.000980314
0.000975444
0.000970644
0.000965935
0.000961338
0.000956877
0.000952581
0.000948478
0.000944603
0.000940991
0.000937681
0.000934712
0.000932123
0.000929951
0.000928222
0.000926948
0.000926114
0.000925667
0.00092549
0.000925385
0.000925042
0.000924009
0.000921667
0.000917225
0.000909732
0.000898141
0.000881421
0.000858708
0.00082949
0.000793773
0.000752203
0.000706102
0.000657373
0.0006083
0.000561238
0.000518297
0.000481124
0.000450784
0.000427723
0.000411842
0.000402628
0.000399297
0.000400923
0.000406535
0.00041518
0.000425977
0.000438145
0.000451027
0.000464104
0.000476977
0.000489423
0.000501279
0.000512368
0.000522599
0.000531967
0.000540517
0.000548313
0.000555422
0.000561905
0.000567812
0.000573183
0.000578046
0.000582421
0.000586327
0.000589768
0.000592777
0.000595323
0.000597527
0.000599156
0.000600749
0.000601902
0.000993054
0.000986185
0.000979281
0.000972349
0.000965396
0.000958428
0.00095145
0.00094447
0.000937492
0.000930523
0.000923568
0.000916634
0.000909727
0.000902851
0.000896014
0.000889221
0.000882476
0.000875787
0.000869157
0.000862593
0.000856098
0.000849678
0.000843335
0.000837072
0.000830892
0.000824794
0.000818778
0.000812839
0.000806972
0.000801166
0.000795407
0.000789676
0.000783944
0.000778175
0.000772322
0.000766321
0.000760092
0.00075353
0.000746502
0.000738842
0.000730342
0.000720749
0.000709762
0.000697036
0.000682191
0.000664845
0.000644654
0.00062138
0.00059497
0.000565637
0.000533906
0.000500622
0.000466884
0.000433913
0.000402901
0.000374868
0.000350574
0.000330496
0.000314866
0.000303739
0.000297074
0.000294787
0.000296789
0.000302982
0.000313233
0.000327315
0.00034486
0.000365328
0.000388019
0.00041212
0.000436764
0.000461108
0.000484392
0.000505997
0.000525502
0.00054265
0.000557328
0.00056963
0.000579672
0.000587492
0.000593239
0.000597188
0.000599627
0.000600813
0.000600968
0.000600274
0.000598877
0.000596895
0.000594421
0.000591527
0.000588272
0.000584699
0.000580848
0.000576739
0.000572417
0.000567849
0.000563195
0.000558035
0.000553793
0.000545496
0.000693079
0.000683484
0.000674023
0.000664697
0.000655503
0.000646439
0.000637502
0.000628689
0.000619996
0.000611419
0.000602954
0.000594595
0.000586336
0.000578171
0.000570093
0.000562092
0.000554161
0.000546287
0.000538461
0.000530669
0.000522897
0.000515128
0.000507346
0.000499532
0.000491666
0.000483724
0.000475683
0.000467518
0.000459202
0.000450707
0.000442003
0.000433064
0.000423859
0.000414363
0.000404553
0.00039441
0.000383923
0.00037309
0.000361925
0.000350459
0.000338744
0.000326862
0.000314923
0.000303076
0.000291505
0.00028043
0.000270104
0.000260807
0.000252831
0.000246472
0.00024202
0.000239741
0.000239874
0.000242623
0.00024815
0.000256573
0.000267971
0.000282374
0.000299771
0.000320098
0.000343225
0.000368924
0.000396848
0.000426488
0.000457109
0.0004878
0.000517594
0.000545593
0.000571072
0.000593544
0.000612773
0.000628748
0.000641601
0.000651591
0.00065919
0.000664688
0.000668278
0.000670021
0.000670078
0.00066863
0.000665835
0.000661835
0.000656764
0.000650751
0.000643919
0.000636383
0.000628246
0.000619601
0.00061053
0.000601107
0.000591397
0.000581456
0.000571339
0.00056108
0.000550743
0.000540292
0.000529944
0.000519122
0.000510002
0.000493735
0.000266434
0.000262196
0.000258127
0.000254222
0.000250475
0.000246881
0.000243434
0.000240131
0.000236966
0.000233936
0.000231036
0.000228263
0.000225615
0.000223088
0.000220681
0.000218391
0.000216218
0.000214159
0.000212216
0.000210388
0.000208675
0.00020708
0.000205603
0.000204249
0.00020302
0.000201922
0.000200959
0.000200138
0.000199468
0.000198957
0.000198616
0.000198459
0.0001985
0.000198758
0.000199252
0.000200008
0.000201055
0.000202425
0.000204158
0.000206303
0.000208912
0.000212051
0.000215794
0.000220229
0.000225458
0.000231595
0.000238771
0.000247132
0.000256834
0.000268043
0.000280927
0.000295644
0.000312327
0.00033107
0.000351904
0.000374775
0.000399519
0.00042584
0.000453285
0.000481233
0.000508906
0.000535425
0.000559903
0.000581532
0.00059948
0.000613522
0.000623946
0.000631266
0.00063605
0.000638811
0.000639954
0.000639767
0.000638451
0.000636068
0.000632472
0.00062775
0.000622057
0.000615521
0.000608239
0.00060029
0.000591738
0.00058264
0.000573047
0.000563006
0.000552566
0.000541773
0.000530679
0.000519336
0.000507798
0.00049612
0.000484357
0.00047256
0.000460787
0.000449067
0.000437478
0.000425973
0.000414796
0.000403344
0.000393832
0.000377268
0.000204564
0.000205456
0.000206316
0.000207144
0.000207938
0.000208699
0.000209424
0.000210115
0.000210769
0.000211385
0.000211965
0.000212505
0.000213007
0.000213468
0.000213889
0.000214268
0.000214604
0.000214896
0.000215143
0.000215345
0.000215499
0.000215604
0.00021566
0.000215663
0.000215613
0.000215508
0.000215344
0.000215121
0.000214834
0.000214481
0.00021406
0.000213565
0.000212993
0.000212339
0.000211598
0.000210764
0.00020983
0.00020879
0.000207634
0.000206354
0.000204938
0.000203376
0.000201654
0.000199759
0.000197676
0.000195391
0.000192891
0.000190166
0.000187211
0.000184035
0.000180661
0.000177141
0.000173563
0.000170065
0.000166844
0.000164153
0.000162281
0.000161505
0.000162006
0.000163797
0.000166675
0.000170258
0.000174052
0.000177614
0.000180734
0.00018314
0.00018466
0.000185297
0.000185171
0.000184449
0.000183296
0.000181854
0.000180235
0.000178515
0.00017674
0.000174944
0.000173159
0.000171408
0.000169709
0.000168074
0.000166508
0.000165015
0.000163593
0.000162242
0.000160959
0.000159743
0.000158592
0.000157505
0.000156481
0.000155521
0.000154623
0.000153788
0.000153015
0.000152305
0.000151654
0.000151064
0.000150527
0.000150045
0.000149648
0.000149073
4.08555e-05
0.000104396
0.000114585
0.000116967
0.000114726
0.000109559
0.00010191
9.77659e-05
0.000124649
0.000164201
0.000196429
0.000223016
0.000245639
0.000265242
0.00028241
0.000297539
0.000310914
0.000322765
0.000333294
0.000342688
0.000351124
0.000358767
0.000365766
0.000372252
0.000378334
0.000384098
0.00038961
0.000394916
0.000400044
0.000405006
0.000409799
0.000414411
0.000418826
0.000423033
0.00042704
0.000430853
0.000434404
0.000437707
0.000440758
0.000443544
0.000446051
0.00044826
0.000450152
0.000451709
0.000452914
0.000453748
0.000454196
0.00045424
0.000453865
0.000453053
0.000451789
0.000450053
0.000447827
0.00044509
0.00044182
0.000437994
0.000433587
0.00042858
0.00042297
0.000416796
0.000410222
0.000403704
0.00039818
0.00039288
0.000387017
0.000380431
0.000373133
0.00036521
0.00035681
0.000348129
0.000339386
0.000330786
0.000322503
0.000314657
0.000307319
0.000300518
0.000294247
0.00028848
0.000283179
0.0002783
0.000273798
0.000269629
0.000265757
0.000262147
0.000258769
0.000255597
0.000252606
0.000249765
0.000247037
0.000244384
0.000241787
0.000239245
0.000236775
0.000234402
0.000232156
0.000230055
0.000228126
0.000226323
0.000224873
0.000222686
6.02039e-05
0.000240241
0.000380563
0.000415843
0.000378467
0.000334918
0.000338492
0.000386543
0.00045814
0.000538168
0.000627115
0.000728647
0.000843113
0.000968514
0.00110126
0.00123692
0.00137099
0.00149961
0.00162
0.00173059
0.00183093
0.00192146
0.00200322
0.00207754
0.00214588
0.00220962
0.00226999
0.00232803
0.00238454
0.00244008
0.00249497
0.00254916
0.00260222
0.00265322
0.00270135
0.00274559
0.00278769
0.00282804
0.00286661
0.00290329
0.00293788
0.00297016
0.00299988
0.00302681
0.00305069
0.00307129
0.00308835
0.00310165
0.00311096
0.00311602
0.00311661
0.00311247
0.00310334
0.00308893
0.00306892
0.00304297
0.00301067
0.00297157
0.00292514
0.00287069
0.00280733
0.00273401
0.00265027
0.00255757
0.00245732
0.00235075
0.00223944
0.00212551
0.00201157
0.00190037
0.00179435
0.00169519
0.00160361
0.00151941
0.00144187
0.00137003
0.0013031
0.00124048
0.00118183
0.00112696
0.00107574
0.00102802
0.000983671
0.000942539
0.000904449
0.000869243
0.000836806
0.000806642
0.000777297
0.000748839
0.00072203
0.000697758
0.000676505
0.000658322
0.000642938
0.000629945
0.000618894
0.000609212
0.000601526
0.000590329
7.22438e-05
0.000406663
0.000575936
0.000616249
0.000593709
0.00057928
0.000619513
0.000708092
0.000827132
0.0009716
0.00114185
0.00133489
0.00154358
0.00175886
0.00197205
0.00217642
0.00236764
0.00254362
0.00270392
0.00284918
0.00298072
0.00310015
0.00320921
0.00330959
0.00340287
0.00349047
0.00357356
0.00365313
0.00372993
0.00380449
0.00387713
0.003948
0.00401718
0.00408494
0.00415044
0.00421301
0.00427263
0.00432921
0.00438251
0.00443222
0.00447795
0.00451927
0.00455574
0.00458687
0.00461221
0.00463126
0.00464356
0.00464861
0.00464595
0.00463509
0.00461557
0.00458691
0.00454865
0.00450032
0.00444146
0.0043716
0.00429032
0.00419724
0.00409202
0.00397444
0.0038444
0.00370208
0.00354823
0.00338432
0.00321251
0.00303576
0.00285808
0.00268449
0.0025207
0.00237227
0.0022434
0.0021359
0.00204867
0.00197815
0.00191953
0.00186803
0.00181997
0.00177308
0.00172634
0.00167953
0.00163287
0.0015867
0.00154137
0.00149719
0.00145441
0.00141324
0.00137386
0.00133625
0.00130004
0.00126529
0.00123255
0.00120168
0.00117271
0.00114578
0.00112103
0.00109855
0.00107838
0.00106037
0.00104541
0.00102599
7.95826e-05
0.000516778
0.000737732
0.000808745
0.000817735
0.000836705
0.000904824
0.00102309
0.00118124
0.00137196
0.00158789
0.00181976
0.00205768
0.00229317
0.00252017
0.00273505
0.002936
0.00312246
0.0032946
0.00345309
0.00359892
0.00373326
0.00385741
0.0039727
0.00408042
0.00418177
0.00427784
0.00436953
0.00445759
0.00454256
0.00462484
0.00470472
0.0047824
0.00485768
0.00493018
0.00499951
0.00506536
0.00512744
0.00518537
0.00523869
0.00528691
0.00532947
0.00536577
0.0053952
0.00541711
0.00543085
0.00543576
0.00543118
0.00541644
0.0053909
0.00535392
0.00530487
0.00524315
0.00516819
0.00507943
0.00497637
0.00485857
0.00472568
0.00457747
0.00441391
0.00423524
0.00404207
0.00383564
0.00361795
0.0033921
0.00316259
0.00293562
0.00271926
0.00252288
0.00235578
0.00222489
0.00213234
0.00207435
0.00204222
0.00202527
0.00201405
0.00200216
0.00198645
0.00196602
0.00194123
0.00191284
0.00188172
0.00184864
0.00181426
0.00177917
0.00174387
0.0017088
0.00167429
0.00164049
0.0016075
0.00157558
0.00154496
0.00151571
0.00148792
0.0014617
0.0014372
0.00141453
0.00139379
0.0013759
0.00135297
8.34306e-05
0.000590913
0.000866189
0.000982626
0.00103371
0.00108565
0.00117549
0.00131111
0.00148587
0.00168973
0.00191234
0.00214413
0.00237722
0.00260583
0.00282618
0.003036
0.00323404
0.00341975
0.00359305
0.00375424
0.00390389
0.0040428
0.00417195
0.00429238
0.00440518
0.00451139
0.00461198
0.0047078
0.00479958
0.00488787
0.00497315
0.00505571
0.00513566
0.00521292
0.00528727
0.0053584
0.00542595
0.00548955
0.00554871
0.00560291
0.00565156
0.005694
0.0057295
0.00575731
0.00577665
0.00578672
0.00578669
0.00577573
0.00575303
0.00571775
0.00566912
0.00560634
0.00552868
0.00543544
0.00532595
0.00519963
0.00505599
0.00489464
0.00471539
0.00451827
0.00430368
0.00407249
0.00382633
0.00356782
0.00330103
0.00303201
0.00276937
0.00252461
0.00231138
0.00214319
0.00202931
0.00197045
0.00195711
0.00197265
0.00199986
0.00202628
0.00204559
0.002056
0.00205796
0.00205273
0.00204161
0.00202574
0.00200608
0.00198344
0.00195852
0.00193197
0.00190435
0.00187617
0.00184777
0.00181944
0.0017914
0.0017639
0.00173711
0.00171119
0.0016863
0.00166264
0.00164034
0.00161962
0.00160131
0.00157791
8.50333e-05
0.000632162
0.000956401
0.00112009
0.00121487
0.00129943
0.00140711
0.00154883
0.00172157
0.00191695
0.00212601
0.00234111
0.00255636
0.00276756
0.00297187
0.00316746
0.00335323
0.00352857
0.00369329
0.00384748
0.00399152
0.00412598
0.00425162
0.00436928
0.00447986
0.00458425
0.00468329
0.00477776
0.00486832
0.00495554
0.00503983
0.00512149
0.00520066
0.00527731
0.0053513
0.00542234
0.00549006
0.00555402
0.0056137
0.00566847
0.00571767
0.00576053
0.00579622
0.00582387
0.00584257
0.00585134
0.00584923
0.00583524
0.00580839
0.00576769
0.00571219
0.00564096
0.0055531
0.00544779
0.00532425
0.00518181
0.0050199
0.00483812
0.00463628
0.0044145
0.00417334
0.00391398
0.00363851
0.00335035
0.00305485
0.00276016
0.00247815
0.00222474
0.00201849
0.00187623
0.00180599
0.00180095
0.00184016
0.00189808
0.00195553
0.00200329
0.00203915
0.00206403
0.00207962
0.00208751
0.00208901
0.00208514
0.00207676
0.00206459
0.00204929
0.00203149
0.00201176
0.00199062
0.00196852
0.00194581
0.00192275
0.0018996
0.00187657
0.00185387
0.00183169
0.00181025
0.00178973
0.00177041
0.00175299
0.00173071
8.58689e-05
0.000648237
0.00101069
0.00121472
0.00134708
0.00145957
0.00158084
0.00172225
0.00188398
0.00206106
0.00224734
0.00243736
0.00262685
0.00281274
0.00299291
0.00316597
0.00333107
0.00348773
0.00363578
0.0037753
0.00390657
0.00403001
0.0041462
0.0042558
0.00435953
0.00445809
0.00455219
0.00464247
0.00472947
0.00481365
0.00489541
0.004975
0.00505256
0.00512807
0.00520138
0.0052722
0.00534016
0.00540474
0.00546538
0.00552138
0.00557198
0.00561635
0.00565353
0.00568256
0.00570238
0.00571191
0.00571002
0.00569558
0.00566745
0.0056245
0.00556562
0.00548972
0.0053958
0.00528289
0.00515012
0.00499673
0.00482212
0.00462589
0.0044079
0.00416841
0.00390824
0.00362899
0.00333349
0.00302634
0.00271496
0.0024108
0.00213062
0.00189614
0.00173024
0.00164829
0.00164751
0.00170348
0.00178229
0.00185883
0.00192289
0.0019735
0.00201265
0.00204248
0.00206461
0.00208021
0.00209012
0.00209502
0.00209545
0.00209193
0.00208496
0.00207506
0.00206273
0.00204846
0.00203268
0.00201574
0.00199795
0.00197956
0.00196082
0.00194192
0.0019231
0.00190459
0.00188659
0.0018694
0.00185363
0.00183332
8.55623e-05
0.000645957
0.00103323
0.00126559
0.00142403
0.00155505
0.00168327
0.00181922
0.00196494
0.00211832
0.00227593
0.00243455
0.00259164
0.00274539
0.00289461
0.00303854
0.00317676
0.00330905
0.00343539
0.00355583
0.00367058
0.00377992
0.00388422
0.00398393
0.00407952
0.00417148
0.00426028
0.00434629
0.00442994
0.00451158
0.00459149
0.00466984
0.00474672
0.00482205
0.00489565
0.00496723
0.00503635
0.00510248
0.00516498
0.00522314
0.0052761
0.00532296
0.0053627
0.00539424
0.00541645
0.00542811
0.00542799
0.00541483
0.00538736
0.0053443
0.00528442
0.00520651
0.00510944
0.00499215
0.00485369
0.00469326
0.00451024
0.00430428
0.00407537
0.00382402
0.00355143
0.00325992
0.00295348
0.00263876
0.00232663
0.00203388
0.00178406
0.00160442
0.00151648
0.00152127
0.00159072
0.00168249
0.00176715
0.00183595
0.0018907
0.00193506
0.00197168
0.00200211
0.0020272
0.00204743
0.00206313
0.00207454
0.0020819
0.00208549
0.00208562
0.00208266
0.00207703
0.00206912
0.00205932
0.00204797
0.00203537
0.00202176
0.00200739
0.00199248
0.00197727
0.00196199
0.00194684
0.00193216
0.00191844
0.0019006
8.46693e-05
0.000634376
0.00102818
0.0012708
0.00143806
0.00157278
0.00169655
0.00181873
0.00194209
0.00206636
0.00219037
0.00231297
0.00243337
0.00255117
0.00266622
0.00277853
0.00288815
0.00299513
0.0030995
0.00320125
0.00330041
0.00339703
0.00349119
0.00358305
0.00367276
0.00376045
0.00384624
0.00393034
0.00401299
0.00409437
0.0041746
0.00425375
0.00433178
0.00440858
0.00448393
0.00455748
0.0046288
0.00469733
0.00476242
0.00482332
0.00487915
0.00492896
0.00497171
0.00500624
0.00503135
0.00504576
0.00504813
0.00503712
0.00501133
0.00496941
0.00490999
0.00483179
0.00473356
0.00461418
0.00447265
0.00430817
0.00412016
0.00390839
0.00367307
0.00341511
0.00313641
0.00284043
0.00253321
0.00222498
0.00193225
0.00167938
0.0014964
0.0014093
0.00142187
0.00150234
0.00160107
0.00168657
0.00175307
0.00180542
0.00184879
0.00188636
0.00191972
0.00194957
0.00197613
0.00199938
0.00201923
0.00203561
0.00204849
0.00205793
0.00206407
0.00206716
0.00206746
0.00206531
0.00206102
0.0020549
0.0020472
0.00203818
0.00202807
0.00201711
0.00200551
0.00199352
0.00198135
0.00196932
0.00195784
0.00194271
8.3211e-05
0.000610914
0.000990567
0.0012186
0.00137066
0.00148849
0.00159194
0.00168916
0.00178302
0.0018743
0.00196326
0.00205022
0.00213571
0.00222043
0.00230503
0.00239008
0.00247593
0.00256272
0.00265039
0.00273877
0.00282758
0.00291656
0.00300544
0.00309404
0.003182
0.00326914
0.00335539
0.00344077
0.00352528
0.0036089
0.00369161
0.00377335
0.00385402
0.00393343
0.00401135
0.00408743
0.00416125
0.00423227
0.00429986
0.00436327
0.00442166
0.00447407
0.00451943
0.00455659
0.00458431
0.00460125
0.00460604
0.00459724
0.0045734
0.00453308
0.00447483
0.0043973
0.00429917
0.00417929
0.00403666
0.0038705
0.00368037
0.00346624
0.00322874
0.00296944
0.0026914
0.00240018
0.00210543
0.00182324
0.00157806
0.00140125
0.00132119
0.00134285
0.0014312
0.00153217
0.00161486
0.00167676
0.00172476
0.00176474
0.00180016
0.00183276
0.00186335
0.00189219
0.00191922
0.00194419
0.0019668
0.00198676
0.00200386
0.00201798
0.00202909
0.00203729
0.00204274
0.00204568
0.00204634
0.00204498
0.00204181
0.00203707
0.00203099
0.00202378
0.00201567
0.0020069
0.00199767
0.0019883
0.00197911
0.00196678
8.16978e-05
0.000579205
0.000908365
0.00108508
0.00119215
0.00127181
0.0013416
0.00140776
0.0014721
0.00153508
0.00159707
0.00165868
0.00172076
0.00178424
0.00185001
0.00191876
0.00199089
0.00206651
0.00214544
0.00222734
0.00231173
0.0023981
0.0024859
0.00257445
0.0026633
0.00275215
0.00284072
0.00292879
0.00301617
0.0031027
0.00318823
0.00327261
0.00335569
0.00343727
0.0035171
0.00359488
0.00367022
0.00374263
0.00381153
0.00387622
0.00393591
0.00398966
0.00403644
0.00407511
0.0041044
0.004123
0.00412946
0.00412234
0.00410011
0.00406129
0.00400438
0.00392796
0.00383072
0.00371148
0.0035693
0.00340353
0.00321393
0.00300089
0.00276572
0.00251119
0.00224247
0.00196879
0.00170573
0.00147738
0.00131505
0.00124739
0.00127866
0.00137144
0.00147113
0.00154978
0.00160747
0.00165185
0.00168875
0.00172149
0.00175188
0.00178088
0.00180898
0.00183633
0.00186285
0.00188827
0.00191225
0.00193441
0.00195439
0.00197195
0.00198692
0.00199926
0.00200902
0.00201631
0.0020213
0.00202415
0.00202506
0.00202423
0.00202185
0.00201814
0.00201331
0.00200758
0.00200117
0.00199438
0.00198743
0.00197788
7.97018e-05
0.000520344
0.000750513
0.000839927
0.000886634
0.000926698
0.000969961
0.00101739
0.00106772
0.00111967
0.00117256
0.00122634
0.00128141
0.00133842
0.00139808
0.00146102
0.00152769
0.00159825
0.00167262
0.00175056
0.00183167
0.00191535
0.00200099
0.0020881
0.0021762
0.00226482
0.00235354
0.00244199
0.00252985
0.00261685
0.00270275
0.00278733
0.0028704
0.00295176
0.00303116
0.00310834
0.00318294
0.00325454
0.00332262
0.00338654
0.00344555
0.00349879
0.00354524
0.0035838
0.00361322
0.00363217
0.00363922
0.00363288
0.00361162
0.0035739
0.00351821
0.00344312
0.00334734
0.00322974
0.00308951
0.00292623
0.00274011
0.00253225
0.00230519
0.00206386
0.00181717
0.00158022
0.00137631
0.00123555
0.00118473
0.00122561
0.00131972
0.00141584
0.00149042
0.00154508
0.00158723
0.00162224
0.00165311
0.00168151
0.00170846
0.00173458
0.00176028
0.00178574
0.00181097
0.0018358
0.00185993
0.00188298
0.00190456
0.00192434
0.00194205
0.00195752
0.00197068
0.00198154
0.00199017
0.00199666
0.00200115
0.00200378
0.00200474
0.00200421
0.00200239
0.0019995
0.00199572
0.00199136
0.00198656
0.0019797
7.75016e-05
0.000418286
0.000495677
0.000516223
0.000542564
0.000580929
0.00062766
0.000678888
0.000732028
0.000785668
0.000839233
0.000892683
0.000946388
0.00100091
0.00105688
0.00111493
0.00117559
0.00123916
0.00130581
0.00137553
0.00144821
0.00152363
0.00160148
0.00168135
0.00176277
0.0018453
0.00192846
0.00201182
0.00209497
0.00217755
0.00225924
0.00233978
0.00241891
0.0024964
0.00257199
0.00264543
0.00271638
0.00278445
0.00284917
0.00290995
0.00296609
0.00301676
0.00306102
0.00309777
0.0031258
0.00314378
0.00315028
0.00314382
0.00312285
0.00308585
0.0030313
0.00295782
0.00286419
0.00274944
0.00261303
0.002455
0.00227633
0.00207944
0.00186913
0.00165406
0.00144884
0.00127561
0.00116216
0.0011315
0.0011815
0.00127448
0.00136573
0.00143656
0.00148917
0.00153017
0.00156428
0.00159421
0.00162144
0.0016469
0.00167122
0.00169491
0.00171834
0.00174175
0.00176525
0.00178879
0.00181218
0.0018351
0.00185721
0.00187812
0.00189751
0.00191514
0.00193082
0.00194445
0.00195602
0.00196553
0.00197306
0.0019787
0.0019826
0.00198491
0.00198581
0.0019855
0.00198414
0.00198205
0.00197924
0.00197494
7.47902e-05
0.000231984
0.000265731
0.000314039
0.000368909
0.000424129
0.000477337
0.000528123
0.00057683
0.000623956
0.000670013
0.00071541
0.000760611
0.000806131
0.000852487
0.000900167
0.000949595
0.0010011
0.00105497
0.00111138
0.00117043
0.0012321
0.00129631
0.00136289
0.00143155
0.00150193
0.00157363
0.00164622
0.00171928
0.00179239
0.00186519
0.00193736
0.00200859
0.00207859
0.00214709
0.00221378
0.00227834
0.00234038
0.00239945
0.00245499
0.00250635
0.00255273
0.00259321
0.00262675
0.00265215
0.00266811
0.00267322
0.00266602
0.00264498
0.00260861
0.00255547
0.00248429
0.00239404
0.00228407
0.00215435
0.00200581
0.00184082
0.00166416
0.00148434
0.00131536
0.00117771
0.00109572
0.00108704
0.00114512
0.00123512
0.0013208
0.00138813
0.00143919
0.00147955
0.00151334
0.00154294
0.00156968
0.00159436
0.00161757
0.00163977
0.00166137
0.00168275
0.00170417
0.00172581
0.00174774
0.00176987
0.001792
0.00181383
0.00183501
0.00185522
0.00187413
0.00189151
0.00190717
0.00192099
0.00193292
0.00194295
0.00195113
0.00195755
0.00196234
0.00196565
0.00196765
0.00196849
0.00196847
0.0019675
0.0019656
6.87556e-05
0.000150972
0.000249638
0.000319557
0.000369642
0.000408946
0.000443521
0.000476643
0.000509688
0.000543002
0.000576604
0.000610516
0.000644889
0.000679968
0.000715989
0.000753129
0.00079151
0.000831238
0.000872459
0.000915376
0.000960221
0.0010072
0.00105645
0.00110798
0.00116172
0.00121745
0.00127491
0.00133377
0.00139368
0.0014543
0.00151527
0.00157627
0.00163696
0.00169704
0.00175619
0.00181408
0.00187038
0.0019247
0.00197658
0.00202551
0.00207084
0.00211183
0.00214758
0.00217708
0.00219919
0.00221264
0.00221607
0.00220805
0.00218715
0.00215196
0.00210123
0.0020339
0.00194935
0.00184754
0.00172941
0.00159741
0.00145637
0.00131461
0.0011853
0.00108666
0.0010384
0.00105163
0.00111599
0.00120161
0.0012813
0.00134505
0.00139457
0.00143437
0.00146798
0.00149751
0.00152415
0.00154859
0.0015713
0.00159269
0.00161313
0.00163297
0.00165256
0.00167217
0.00169204
0.0017123
0.00173296
0.00175392
0.00177497
0.00179583
0.00181616
0.00183567
0.00185405
0.00187106
0.00188651
0.00190029
0.00191231
0.00192258
0.00193112
0.00193804
0.00194344
0.00194748
0.00195028
0.00195212
0.00195283
0.00195314
)
;

boundaryField
{
    outlet
    {
        type            calculated;
        value           nonuniform List<scalar> 
55
(
0.00193946
0.00192517
0.0019085
0.00188945
0.00186808
0.00184442
0.00181859
0.00179073
0.00176105
0.00172981
0.00169734
0.00166403
0.00163032
0.00159669
0.00156361
0.00153155
0.00150091
0.001472
0.00144503
0.00142007
0.00139707
0.00137585
0.00135611
0.00133735
0.00131894
0.00129996
0.0012791
0.00125457
0.00122381
0.00118336
0.00112859
0.00105398
0.000954646
0.000831665
0.000702467
0.000601902
0.000545496
0.000493735
0.000377268
0.000149073
0.000222686
0.000590329
0.00102599
0.00135297
0.00157791
0.00173071
0.00183332
0.0019006
0.00194271
0.00196678
0.00197788
0.0019797
0.00197494
0.0019656
0.00195314
)
;
    }
    inlet
    {
        type            calculated;
        value           uniform 0.00117023;
    }
    lowerWall
    {
        type            nutkWallFunction;
        Cmu             0.09;
        kappa           0.41;
        E               9.8;
        value           nonuniform List<scalar> 
148
(
3.87013e-07
1.22524e-06
1.99422e-06
2.68579e-06
3.29663e-06
3.82569e-06
4.27461e-06
4.64765e-06
4.95092e-06
5.19163e-06
5.37749e-06
5.51617e-06
5.61499e-06
5.68067e-06
5.71921e-06
5.73585e-06
5.73511e-06
5.72079e-06
5.69607e-06
5.66359e-06
5.62549e-06
5.58351e-06
5.53903e-06
5.49317e-06
5.44679e-06
5.40056e-06
5.35496e-06
5.31047e-06
5.26683e-06
5.22669e-06
5.17805e-06
5.17872e-06
4.94803e-06
0
2.12992e-06
4.04067e-06
5.1819e-06
5.77383e-06
6.01876e-06
6.14583e-06
6.09832e-06
5.96098e-06
5.73675e-06
5.50349e-06
5.19513e-06
4.85398e-06
4.43165e-06
3.48185e-06
0
8.93562e-06
1.04383e-05
1.07865e-05
1.0458e-05
9.69772e-06
8.56252e-06
7.93985e-06
1.18989e-05
1.75214e-05
2.19663e-05
2.55607e-05
2.85753e-05
3.11586e-05
3.34012e-05
3.5363e-05
3.70869e-05
3.86066e-05
3.99507e-05
4.11453e-05
4.22145e-05
4.31802e-05
4.40622e-05
4.48774e-05
4.564e-05
4.63612e-05
4.70495e-05
4.77108e-05
4.83488e-05
4.8965e-05
4.95593e-05
5.01303e-05
5.0676e-05
5.11954e-05
5.16891e-05
5.21584e-05
5.25949e-05
5.30001e-05
5.3374e-05
5.37149e-05
5.40211e-05
5.42904e-05
5.45207e-05
5.47097e-05
5.48553e-05
5.49553e-05
5.50078e-05
5.50108e-05
5.49622e-05
5.486e-05
5.47021e-05
5.4486e-05
5.42095e-05
5.38698e-05
5.3464e-05
5.29889e-05
5.24415e-05
5.18192e-05
5.11212e-05
5.03524e-05
4.95338e-05
4.87252e-05
4.80404e-05
4.73752e-05
4.66364e-05
4.58052e-05
4.48831e-05
4.38811e-05
4.28179e-05
4.17182e-05
4.06094e-05
3.95175e-05
3.84639e-05
3.7464e-05
3.65269e-05
3.5656e-05
3.48509e-05
3.41085e-05
3.34243e-05
3.27927e-05
3.22083e-05
3.16661e-05
3.11612e-05
3.06895e-05
3.02473e-05
2.98313e-05
2.94382e-05
2.9064e-05
2.87039e-05
2.83531e-05
2.80092e-05
2.76723e-05
2.73448e-05
2.70301e-05
2.67321e-05
2.64533e-05
2.61974e-05
2.5958e-05
2.57654e-05
2.54746e-05
)
;
    }
    upperWall
    {
        type            nutkWallFunction;
        Cmu             0.09;
        kappa           0.41;
        E               9.8;
        value           nonuniform List<scalar> 
133
(
1.45074e-05
1.50271e-05
1.5526e-05
1.60017e-05
1.64543e-05
1.68847e-05
1.72941e-05
1.76831e-05
1.80528e-05
1.8404e-05
1.87374e-05
1.90538e-05
1.9354e-05
1.96388e-05
1.99088e-05
2.01647e-05
2.04073e-05
2.06372e-05
2.08549e-05
2.10611e-05
2.12564e-05
2.14413e-05
2.16164e-05
2.1782e-05
2.19389e-05
2.20873e-05
2.22277e-05
2.23606e-05
2.24863e-05
2.26052e-05
2.27177e-05
2.28241e-05
2.29249e-05
2.30354e-05
2.31561e-05
2.32725e-05
2.33844e-05
2.34918e-05
2.35945e-05
2.36925e-05
2.37857e-05
2.38739e-05
2.39571e-05
2.40352e-05
2.41081e-05
2.41757e-05
2.42378e-05
2.42944e-05
2.43454e-05
2.43906e-05
2.443e-05
2.44632e-05
2.44903e-05
2.45111e-05
2.45252e-05
2.45327e-05
2.45332e-05
2.45264e-05
2.45122e-05
2.44902e-05
2.446e-05
2.44214e-05
2.43739e-05
2.4317e-05
2.42503e-05
2.41731e-05
2.40848e-05
2.39847e-05
2.3872e-05
2.37458e-05
2.36049e-05
2.34483e-05
2.32747e-05
2.30825e-05
2.28701e-05
2.26358e-05
2.23775e-05
2.20932e-05
2.17809e-05
2.14385e-05
2.10646e-05
2.06585e-05
2.0221e-05
1.97555e-05
1.92689e-05
1.87736e-05
1.82891e-05
1.78431e-05
1.74717e-05
1.7216e-05
1.71145e-05
1.71925e-05
1.74499e-05
1.78565e-05
1.83572e-05
1.88826e-05
1.93728e-05
1.97999e-05
2.01264e-05
2.03301e-05
2.04128e-05
2.03918e-05
2.029e-05
2.01297e-05
1.99303e-05
1.97067e-05
1.94692e-05
1.9224e-05
1.89759e-05
1.87289e-05
1.84865e-05
1.82511e-05
1.80243e-05
1.78069e-05
1.75993e-05
1.74014e-05
1.72132e-05
1.70343e-05
1.68646e-05
1.67038e-05
1.65518e-05
1.64086e-05
1.62742e-05
1.61484e-05
1.60315e-05
1.59232e-05
1.58236e-05
1.57322e-05
1.56495e-05
1.55741e-05
1.55066e-05
1.54508e-05
1.53701e-05
)
;
    }
    frontAndBack
    {
        type            empty;
    }
}


// ************************************************************************* //
