/*--------------------------------*- C++ -*----------------------------------*\
| =========                 |                                                 |
| \\      /  F ield         | OpenFOAM: The Open Source CFD Toolbox           |
|  \\    /   O peration     | Version:  2.1.1                                 |
|   \\  /    A nd           | Web:      www.OpenFOAM.org                      |
|    \\/     M anipulation  |                                                 |
\*---------------------------------------------------------------------------*/
FoamFile
{
    version     2.0;
    format      ascii;
    class       volScalarField;
    location    "0.105";
    object      p;
}
// * * * * * * * * * * * * * * * * * * * * * * * * * * * * * * * * * * * * * //

dimensions      [0 2 -2 0 0 0 0];

internalField   nonuniform List<scalar> 
6820
(
-11.1543
-13.0007
-13.5759
-13.7042
-13.8117
-13.8916
-13.9468
-13.9941
-14.0376
-14.0777
-14.1153
-14.151
-14.1852
-14.218
-14.2495
-14.2799
-14.3094
-14.3379
-14.3658
-14.3929
-14.4196
-14.4458
-14.4716
-14.4971
-14.5223
-14.5471
-14.5712
-14.5945
-14.616
-14.6346
-14.6467
-14.6449
-14.6206
-15.1068
-14.5722
-14.15
-13.9604
-13.9363
-13.9482
-13.9692
-13.998
-14.0312
-14.0657
-14.1004
-14.135
-14.1688
-14.2019
-14.234
-14.2651
-14.2954
-14.3248
-14.3534
-14.3813
-14.4087
-14.4356
-14.4621
-14.4882
-14.514
-14.5395
-14.5647
-14.5896
-14.6139
-14.6394
-14.6644
-14.7134
-14.7761
-13.4642
-13.1605
-13.4474
-13.6928
-13.7984
-13.8744
-13.9342
-13.9844
-14.0294
-14.0706
-14.109
-14.1451
-14.1794
-14.2122
-14.2436
-14.2739
-14.3032
-14.3316
-14.3593
-14.3864
-14.413
-14.4391
-14.465
-14.4906
-14.516
-14.5413
-14.5665
-14.5918
-14.6172
-14.644
-14.6726
-14.7096
-14.7495
-13.9711
-14.0056
-14.0032
-13.9443
-13.9371
-13.9582
-13.9853
-14.015
-14.0468
-14.0793
-14.1117
-14.1437
-14.1752
-14.2061
-14.2363
-14.2658
-14.2946
-14.3228
-14.3505
-14.3776
-14.4044
-14.4308
-14.4569
-14.4829
-14.5087
-14.5346
-14.5605
-14.5869
-14.614
-14.6432
-14.6749
-14.7166
-14.7644
-13.8157
-13.7157
-13.7601
-13.8266
-13.8801
-13.9273
-13.9687
-14.007
-14.0438
-14.0792
-14.1134
-14.1465
-14.1785
-14.2096
-14.2397
-14.269
-14.2975
-14.3254
-14.3527
-14.3794
-14.4058
-14.4319
-14.4577
-14.4834
-14.5091
-14.5349
-14.561
-14.5877
-14.6154
-14.6451
-14.6776
-14.7163
-14.759
-13.8707
-13.8542
-13.8796
-13.903
-13.9259
-13.9558
-13.988
-14.0205
-14.0533
-14.0857
-14.1177
-14.1489
-14.1795
-14.2094
-14.2386
-14.2672
-14.2951
-14.3225
-14.3494
-14.3759
-14.402
-14.4279
-14.4537
-14.4794
-14.5051
-14.531
-14.5573
-14.5844
-14.6125
-14.6426
-14.675
-14.7118
-14.7516
-13.8687
-13.8477
-13.8638
-13.893
-13.9236
-13.9571
-13.9907
-14.0236
-14.0561
-14.0881
-14.1196
-14.1503
-14.1804
-14.2099
-14.2387
-14.2668
-14.2944
-14.3214
-14.348
-14.3742
-14.4001
-14.4258
-14.4514
-14.4769
-14.5026
-14.5285
-14.5548
-14.5818
-14.6099
-14.6396
-14.6712
-14.7056
-14.7419
-13.8827
-13.8751
-13.8907
-13.9156
-13.9413
-13.97
-14.0003
-14.0309
-14.0616
-14.0922
-14.1224
-14.1521
-14.1813
-14.21
-14.2381
-14.2657
-14.2927
-14.3193
-14.3455
-14.3714
-14.397
-14.4224
-14.4477
-14.4731
-14.4986
-14.5243
-14.5505
-14.5773
-14.6051
-14.6341
-14.6647
-14.697
-14.7304
-13.8955
-13.8917
-13.9041
-13.926
-13.9504
-13.9778
-14.0068
-14.0362
-14.0658
-14.0954
-14.1246
-14.1535
-14.182
-14.21
-14.2374
-14.2645
-14.291
-14.3172
-14.343
-14.3685
-14.3938
-14.4189
-14.444
-14.469
-14.4942
-14.5197
-14.5456
-14.572
-14.5993
-14.6275
-14.6568
-14.6871
-14.718
-13.9089
-13.9083
-13.9198
-13.9397
-13.9623
-13.9876
-14.0146
-14.0424
-14.0706
-14.0989
-14.1271
-14.155
-14.1826
-14.2099
-14.2367
-14.2631
-14.2891
-14.3148
-14.3401
-14.3652
-14.3901
-14.4149
-14.4396
-14.4643
-14.4892
-14.5143
-14.5397
-14.5656
-14.5922
-14.6194
-14.6474
-14.6759
-14.7047
-13.9221
-13.9232
-13.9338
-13.9516
-13.9726
-13.9962
-14.0217
-14.0481
-14.075
-14.1022
-14.1294
-14.1564
-14.1832
-14.2097
-14.2358
-14.2616
-14.287
-14.3122
-14.3371
-14.3617
-14.3862
-14.4105
-14.4348
-14.4591
-14.4835
-14.5082
-14.5331
-14.5583
-14.5841
-14.6103
-14.6369
-14.6639
-14.6908
-13.9351
-13.9372
-13.9471
-13.9634
-13.9828
-14.0049
-14.0288
-14.0539
-14.0795
-14.1055
-14.1317
-14.1577
-14.1837
-14.2094
-14.2348
-14.26
-14.2848
-14.3094
-14.3338
-14.3579
-14.3819
-14.4058
-14.4296
-14.4534
-14.4773
-14.5014
-14.5257
-14.5502
-14.575
-14.6002
-14.6256
-14.651
-14.6764
-13.9476
-13.9501
-13.9596
-13.9744
-13.9925
-14.0131
-14.0356
-14.0593
-14.0838
-14.1087
-14.1338
-14.159
-14.1841
-14.209
-14.2337
-14.2582
-14.2824
-14.3064
-14.3302
-14.3538
-14.3773
-14.4006
-14.4239
-14.4472
-14.4706
-14.494
-14.5175
-14.5413
-14.5652
-14.5892
-14.6134
-14.6375
-14.6615
-13.9596
-13.9623
-13.9712
-13.9849
-14.0017
-14.021
-14.0422
-14.0647
-14.0879
-14.1118
-14.1359
-14.1601
-14.1843
-14.2085
-14.2324
-14.2562
-14.2798
-14.3032
-14.3264
-14.3495
-14.3724
-14.3951
-14.4179
-14.4405
-14.4632
-14.486
-14.5087
-14.5316
-14.5546
-14.5776
-14.6005
-14.6234
-14.646
-13.9709
-13.9736
-13.982
-13.9947
-14.0104
-14.0285
-14.0484
-14.0697
-14.0919
-14.1146
-14.1378
-14.1611
-14.1845
-14.2078
-14.231
-14.2541
-14.2771
-14.2998
-14.3224
-14.3448
-14.3671
-14.3893
-14.4114
-14.4334
-14.4554
-14.4773
-14.4993
-14.5213
-14.5433
-14.5652
-14.587
-14.6087
-14.6301
-13.9815
-13.9841
-13.992
-14.0039
-14.0185
-14.0355
-14.0543
-14.0744
-14.0955
-14.1173
-14.1394
-14.1619
-14.1844
-14.2069
-14.2294
-14.2518
-14.274
-14.2961
-14.3181
-14.3399
-14.3615
-14.383
-14.4044
-14.4257
-14.447
-14.4682
-14.4893
-14.5104
-14.5313
-14.5522
-14.5729
-14.5934
-14.6136
-13.9913
-13.9938
-14.0013
-14.0124
-14.026
-14.042
-14.0597
-14.0788
-14.0989
-14.1196
-14.1409
-14.1624
-14.1841
-14.2059
-14.2276
-14.2492
-14.2708
-14.2922
-14.3135
-14.3346
-14.3555
-14.3764
-14.397
-14.4176
-14.4381
-14.4584
-14.4787
-14.4988
-14.5188
-14.5386
-14.5582
-14.5775
-14.5965
-14.0004
-14.0028
-14.0098
-14.0202
-14.033
-14.048
-14.0647
-14.0828
-14.1019
-14.1217
-14.1421
-14.1627
-14.1836
-14.2046
-14.2255
-14.2464
-14.2673
-14.288
-14.3085
-14.3289
-14.3492
-14.3693
-14.3893
-14.4091
-14.4287
-14.4482
-14.4676
-14.4867
-14.5057
-14.5244
-14.5429
-14.5611
-14.579
-14.0087
-14.011
-14.0176
-14.0273
-14.0393
-14.0534
-14.0692
-14.0864
-14.1046
-14.1235
-14.1429
-14.1628
-14.1828
-14.203
-14.2232
-14.2434
-14.2635
-14.2835
-14.3033
-14.323
-14.3425
-14.3619
-14.381
-14.4
-14.4189
-14.4375
-14.4559
-14.4741
-14.4921
-14.5098
-14.5272
-14.5442
-14.561
-14.0162
-14.0183
-14.0245
-14.0336
-14.0449
-14.0583
-14.0732
-14.0895
-14.1068
-14.1249
-14.1435
-14.1625
-14.1817
-14.2011
-14.2206
-14.24
-14.2594
-14.2786
-14.2977
-14.3167
-14.3355
-14.354
-14.3724
-14.3906
-14.4086
-14.4263
-14.4438
-14.461
-14.4779
-14.4946
-14.5109
-14.5269
-14.5425
-14.0228
-14.0248
-14.0307
-14.0393
-14.0499
-14.0625
-14.0767
-14.0921
-14.1086
-14.1258
-14.1436
-14.1618
-14.1803
-14.199
-14.2177
-14.2364
-14.255
-14.2735
-14.2919
-14.3101
-14.3281
-14.3459
-14.3634
-14.3808
-14.3978
-14.4147
-14.4312
-14.4474
-14.4634
-14.4789
-14.4942
-14.509
-14.5235
-14.0286
-14.0305
-14.036
-14.0441
-14.0542
-14.0661
-14.0795
-14.0942
-14.1099
-14.1263
-14.1434
-14.1608
-14.1786
-14.1965
-14.2144
-14.2324
-14.2503
-14.268
-14.2857
-14.3031
-14.3203
-14.3373
-14.3541
-14.3705
-14.3867
-14.4026
-14.4182
-14.4335
-14.4484
-14.4629
-14.4771
-14.4908
-14.5042
-14.0335
-14.0353
-14.0405
-14.0482
-14.0577
-14.0689
-14.0817
-14.0957
-14.1107
-14.1264
-14.1427
-14.1595
-14.1765
-14.1936
-14.2109
-14.2281
-14.2453
-14.2623
-14.2792
-14.2958
-14.3123
-14.3285
-14.3444
-14.36
-14.3753
-14.3903
-14.4049
-14.4191
-14.433
-14.4465
-14.4596
-14.4723
-14.4845
-14.0376
-14.0393
-14.0442
-14.0514
-14.0604
-14.0711
-14.0832
-14.0966
-14.1109
-14.1259
-14.1415
-14.1576
-14.1739
-14.1903
-14.2069
-14.2234
-14.2399
-14.2562
-14.2723
-14.2882
-14.3039
-14.3192
-14.3343
-14.3491
-14.3635
-14.3775
-14.3912
-14.4045
-14.4174
-14.4298
-14.4418
-14.4534
-14.4645
-14.0407
-14.0423
-14.0469
-14.0538
-14.0623
-14.0725
-14.0842
-14.0969
-14.1106
-14.125
-14.14
-14.1554
-14.171
-14.1869
-14.2027
-14.2185
-14.2343
-14.2499
-14.2653
-14.2804
-14.2953
-14.3098
-14.3241
-14.338
-14.3515
-14.3646
-14.3774
-14.3897
-14.4015
-14.413
-14.4239
-14.4344
-14.4444
-14.0428
-14.0444
-14.0487
-14.0552
-14.0633
-14.073
-14.0841
-14.0963
-14.1094
-14.1232
-14.1376
-14.1524
-14.1675
-14.1826
-14.1978
-14.213
-14.2281
-14.243
-14.2577
-14.2721
-14.2862
-14.3
-14.3134
-14.3265
-14.3391
-14.3514
-14.3632
-14.3745
-14.3854
-14.3958
-14.4057
-14.4152
-14.4241
-14.044
-14.0455
-14.0497
-14.056
-14.0637
-14.0731
-14.0838
-14.0956
-14.1082
-14.1216
-14.1354
-14.1496
-14.1641
-14.1787
-14.1932
-14.2078
-14.2222
-14.2364
-14.2503
-14.264
-14.2773
-14.2903
-14.3029
-14.3151
-14.3269
-14.3382
-14.3491
-14.3595
-14.3694
-14.3788
-14.3877
-14.3961
-14.404
-14.0442
-14.0455
-14.0493
-14.055
-14.0623
-14.0712
-14.0814
-14.0927
-14.1049
-14.1178
-14.1312
-14.145
-14.159
-14.1731
-14.1871
-14.2011
-14.2149
-14.2285
-14.2419
-14.2549
-14.2676
-14.2798
-14.2917
-14.3031
-14.3141
-14.3246
-14.3346
-14.3441
-14.3531
-14.3615
-14.3695
-14.3768
-14.3837
-14.0435
-14.0449
-14.0489
-14.0547
-14.0621
-14.0709
-14.0809
-14.0919
-14.1038
-14.1162
-14.1292
-14.1424
-14.1558
-14.1693
-14.1828
-14.1961
-14.2092
-14.2221
-14.2347
-14.247
-14.2589
-14.2704
-14.2814
-14.292
-14.3021
-14.3117
-14.3208
-14.3294
-14.3374
-14.3449
-14.3518
-14.3582
-14.364
-14.0412
-14.0418
-14.0445
-14.0493
-14.0558
-14.0641
-14.0737
-14.0846
-14.0963
-14.1087
-14.1215
-14.1346
-14.1479
-14.1612
-14.1744
-14.1875
-14.2003
-14.2128
-14.225
-14.2367
-14.2481
-14.259
-14.2695
-14.2794
-14.2888
-14.2977
-14.3061
-14.3139
-14.3211
-14.3277
-14.3338
-14.3393
-14.3442
-14.0395
-14.0419
-14.0462
-14.052
-14.059
-14.0673
-14.0768
-14.0872
-14.0983
-14.11
-14.1222
-14.1345
-14.147
-14.1595
-14.1719
-14.1841
-14.1961
-14.2078
-14.2191
-14.2301
-14.2406
-14.2507
-14.2602
-14.2693
-14.2778
-14.2858
-14.2933
-14.3001
-14.3064
-14.3121
-14.3172
-14.3217
-14.3257
-14.0315
-14.0294
-14.0295
-14.0329
-14.0391
-14.0476
-14.0577
-14.069
-14.0812
-14.0939
-14.107
-14.1201
-14.1333
-14.1463
-14.1592
-14.1717
-14.1839
-14.1957
-14.207
-14.2178
-14.2282
-14.238
-14.2472
-14.2559
-14.264
-14.2715
-14.2784
-14.2847
-14.2903
-14.2954
-14.2998
-14.3036
-14.3068
-14.0377
-14.0441
-14.0496
-14.0543
-14.0598
-14.0667
-14.075
-14.0843
-14.0944
-14.105
-14.1161
-14.1275
-14.139
-14.1504
-14.1617
-14.1728
-14.1837
-14.1942
-14.2043
-14.214
-14.2233
-14.232
-14.2402
-14.2479
-14.255
-14.2615
-14.2674
-14.2727
-14.2774
-14.2815
-14.285
-14.2878
-14.29
-14.006
-13.9926
-13.9876
-13.9922
-14.0017
-14.0136
-14.027
-14.0413
-14.056
-14.0708
-14.0855
-14.1
-14.1141
-14.1278
-14.141
-14.1536
-14.1657
-14.1773
-14.1882
-14.1986
-14.2082
-14.2173
-14.2257
-14.2334
-14.2405
-14.2469
-14.2526
-14.2577
-14.2621
-14.2658
-14.2688
-14.2712
-14.2729
-14.0586
-14.0787
-14.0825
-14.0774
-14.0749
-14.0767
-14.0813
-14.0877
-14.0953
-14.104
-14.1134
-14.1232
-14.1332
-14.1433
-14.1534
-14.1632
-14.1729
-14.1822
-14.1911
-14.1996
-14.2076
-14.2151
-14.222
-14.2284
-14.2342
-14.2394
-14.244
-14.248
-14.2513
-14.254
-14.256
-14.2574
-14.2582
-13.9357
-13.8863
-13.8744
-13.9005
-13.9276
-13.9511
-13.9741
-13.9964
-14.0175
-14.0373
-14.056
-14.0736
-14.0901
-14.1056
-14.1202
-14.1339
-14.1467
-14.1587
-14.1698
-14.1801
-14.1896
-14.1984
-14.2063
-14.2135
-14.22
-14.2256
-14.2306
-14.2347
-14.2382
-14.2409
-14.2429
-14.2441
-14.2447
-14.1832
-14.2179
-14.1866
-14.1434
-14.1142
-14.103
-14.0995
-14.0995
-14.1024
-14.1074
-14.1139
-14.1214
-14.1294
-14.1377
-14.1462
-14.1547
-14.163
-14.1711
-14.1788
-14.1861
-14.193
-14.1994
-14.2053
-14.2106
-14.2154
-14.2195
-14.223
-14.2259
-14.2282
-14.2298
-14.2308
-14.2312
-14.2309
-13.6909
-13.5711
-13.6333
-13.7347
-13.8081
-13.859
-13.9018
-13.9391
-13.9713
-13.9995
-14.0245
-14.0469
-14.0671
-14.0854
-14.1021
-14.1173
-14.1313
-14.1441
-14.1557
-14.1663
-14.176
-14.1847
-14.1925
-14.1994
-14.2055
-14.2107
-14.215
-14.2186
-14.2214
-14.2234
-14.2246
-14.2251
-14.2248
-14.9051
-14.566
-14.302
-14.1844
-14.134
-14.1081
-14.0923
-14.0852
-14.0844
-14.0873
-14.0926
-14.0995
-14.1073
-14.1157
-14.1244
-14.1331
-14.1416
-14.1499
-14.1578
-14.1654
-14.1724
-14.1789
-14.1848
-14.1901
-14.1948
-14.1989
-14.2023
-14.205
-14.2071
-14.2085
-14.2092
-14.2092
-14.2086
-12.4013
-13.1078
-13.512
-13.664
-13.7681
-13.8498
-13.9085
-13.9526
-13.988
-14.0172
-14.0417
-14.0628
-14.0813
-14.0978
-14.1127
-14.1261
-14.1384
-14.1495
-14.1597
-14.1689
-14.1772
-14.1846
-14.1913
-14.197
-14.202
-14.2062
-14.2096
-14.2123
-14.2141
-14.2153
-14.2156
-14.2153
-14.2142
-14.5152
-14.7328
-14.8873
-14.9684
-15.0115
-15.0396
-15.0696
-15.1151
-15.1843
-15.2775
-15.3921
-15.5238
-15.6655
-15.8119
-15.9568
-16.0945
-16.2207
-16.3318
-16.4253
-16.4996
-16.5539
-16.5881
-16.6022
-16.5968
-16.5723
-16.5291
-16.4675
-16.388
-16.2905
-16.1754
-16.0429
-15.8932
-15.7267
-15.5439
-15.3455
-15.132
-14.9043
-14.6633
-14.4098
-14.1448
-13.8689
-13.5828
-13.2869
-12.9812
-12.6657
-12.3398
-12.0027
-11.6531
-11.2896
-10.9105
-10.5136
-10.097
-9.65852
-9.1962
-8.70838
-8.19392
-7.65242
-7.08453
-6.49236
-5.87991
-5.25353
-4.62219
-3.99718
-3.39076
-2.81449
-2.27826
-1.79003
-1.35555
-0.977964
-0.657804
-0.393158
-0.18016
-0.0135917
0.1125
0.20427
0.267669
0.308171
0.330631
0.339224
0.33745
0.328176
0.313699
0.295818
0.27591
0.254999
0.233814
0.212869
0.192474
0.172849
0.154053
0.1362
0.119111
0.103071
0.0873445
0.0731708
0.0578474
0.0463378
0.0286847
0.0236326
-0.00492399
-15.1415
-15.2644
-15.1776
-15.0952
-15.0423
-15.003
-14.9949
-15.0161
-15.072
-15.1623
-15.2814
-15.4219
-15.5738
-15.7294
-15.8813
-16.0231
-16.1502
-16.2598
-16.3503
-16.4209
-16.4716
-16.5026
-16.5143
-16.5071
-16.4813
-16.4372
-16.3751
-16.2952
-16.1977
-16.0827
-15.9506
-15.8016
-15.6361
-15.4545
-15.2576
-15.0459
-14.8202
-14.5814
-14.3303
-14.0677
-13.7944
-13.5109
-13.2176
-12.9145
-12.6015
-12.278
-11.9432
-11.5958
-11.2345
-10.8573
-10.4624
-10.0478
-9.6112
-9.15084
-8.66506
-8.15278
-7.61375
-7.04902
-6.46124
-5.8551
-5.23758
-4.61782
-4.00628
-3.41366
-2.85008
-2.32468
-1.84508
-1.41685
-1.04315
-0.724636
-0.45967
-0.24474
-0.0750198
0.0550678
0.151341
0.21947
0.26472
0.291789
0.304748
0.307034
0.301479
0.290371
0.275515
0.258301
0.239778
0.220702
0.201611
0.182849
0.164658
0.147122
0.130375
0.114259
0.0990703
0.084105
0.0705749
0.055878
0.0448116
0.0278044
0.0228596
-0.00458181
-14.806
-14.7942
-14.8118
-14.8676
-14.921
-14.9626
-14.996
-15.0453
-15.1101
-15.1908
-15.2887
-15.4036
-15.5293
-15.6608
-15.7931
-15.9212
-16.0405
-16.1472
-16.2383
-16.3115
-16.3654
-16.3994
-16.4135
-16.4078
-16.3829
-16.3393
-16.2773
-16.1974
-16.1001
-15.9854
-15.8539
-15.7058
-15.5415
-15.3614
-15.1662
-14.9565
-14.733
-14.4966
-14.2479
-13.9879
-13.7171
-13.4361
-13.1452
-12.8444
-12.5336
-12.2122
-11.8792
-11.5336
-11.1738
-10.7981
-10.4046
-9.99109
-9.55572
-9.09659
-8.61227
-8.102
-7.56601
-7.00585
-6.42468
-5.82758
-5.22157
-4.6151
-4.01748
-3.43826
-2.88686
-2.37191
-1.90072
-1.47864
-1.10881
-0.792
-0.526807
-0.310054
-0.137286
-0.00329043
0.0974205
0.170244
0.220231
0.251921
0.269279
0.275672
0.273895
0.266222
0.25446
0.240013
0.223949
0.20705
0.18988
0.17281
0.156109
0.139883
0.124287
0.109186
0.0948834
0.080713
0.0678534
0.0538142
0.0432059
0.0268831
0.0220359
-0.00422851
-14.8666
-14.985
-15.0446
-15.0565
-15.0473
-15.0369
-15.0366
-15.0588
-15.105
-15.1771
-15.2704
-15.3793
-15.4996
-15.6253
-15.7504
-15.8696
-15.9787
-16.0745
-16.155
-16.2187
-16.265
-16.2934
-16.3039
-16.2964
-16.271
-16.2278
-16.1669
-16.0885
-15.9927
-15.8799
-15.7502
-15.6039
-15.4416
-15.2637
-15.0707
-14.8634
-14.6423
-14.4084
-14.1623
-13.9047
-13.6364
-13.3577
-13.0689
-12.7701
-12.461
-12.1411
-11.8094
-11.4649
-11.106
-10.7309
-10.338
-9.92518
-9.49068
-9.0329
-8.55075
-8.04382
-7.5127
-6.95927
-6.38697
-5.80089
-5.20754
-4.61459
-4.0305
-3.46419
-2.92454
-2.41976
-1.95679
-1.54081
-1.17486
-0.859814
-0.594496
-0.376037
-0.200334
-0.0625297
0.0425448
0.120016
0.174719
0.211036
0.232817
0.243359
0.245414
0.241239
0.232638
0.221028
0.207493
0.19284
0.177657
0.162341
0.147185
0.132322
0.117923
0.10388
0.0905012
0.0771603
0.065
0.0516489
0.0415191
0.0259117
0.02117
-0.00387522
-14.8199
-14.8618
-14.8681
-14.8772
-14.8995
-14.9356
-14.9776
-15.0295
-15.0925
-15.1676
-15.2562
-15.3563
-15.4647
-15.577
-15.6889
-15.7965
-15.8964
-15.9854
-16.0612
-16.1219
-16.1661
-16.193
-16.2021
-16.1934
-16.1668
-16.1225
-16.0609
-15.982
-15.8863
-15.7738
-15.6448
-15.4998
-15.339
-15.1628
-14.9719
-14.7667
-14.548
-14.3164
-14.0727
-13.8174
-13.5512
-13.2744
-12.9874
-12.6901
-12.3822
-12.0633
-11.7324
-11.3885
-11.03
-10.6556
-10.2633
-9.85154
-9.41865
-8.9633
-8.48465
-7.98259
-7.45799
-6.91294
-6.35086
-5.7765
-5.19586
-4.61605
-4.04501
-3.49118
-2.96295
-2.46809
-2.01322
-1.60326
-1.24121
-0.927992
-0.66265
-0.442603
-0.264083
-0.122573
-0.0132161
0.0688477
0.12824
0.169179
0.195401
0.210126
0.216061
0.21544
0.210065
0.201357
0.19042
0.178078
0.164945
0.151444
0.13789
0.12444
0.111286
0.0983431
0.0859247
0.0734478
0.062016
0.0493828
0.0397528
0.0248902
0.0202653
-0.00352522
-14.8044
-14.8617
-14.9079
-14.9469
-14.9786
-14.9977
-15.0161
-15.0491
-15.0989
-15.1632
-15.2416
-15.3316
-15.4299
-15.5324
-15.635
-15.7337
-15.8249
-15.9058
-15.974
-16.0278
-16.0661
-16.0882
-16.0937
-16.0824
-16.0543
-16.0094
-15.9476
-15.8692
-15.7742
-15.6627
-15.5352
-15.3916
-15.2326
-15.0584
-14.8695
-14.6665
-14.45
-14.2207
-13.9792
-13.726
-13.4618
-13.1868
-12.9013
-12.6053
-12.2986
-11.9805
-11.6503
-11.307
-10.9493
-10.5757
-10.1846
-9.77447
-9.34398
-8.89199
-8.41792
-7.92188
-7.40487
-6.86896
-6.31738
-5.7546
-5.18629
-4.61917
-4.06078
-3.51906
-3.00197
-2.51684
-2.06992
-1.66593
-1.30778
-0.99646
-0.731196
-0.50968
-0.328465
-0.183358
-0.0698065
0.0167875
0.0808321
0.126383
0.157057
0.175993
0.185851
0.188837
0.186746
0.181005
0.172729
0.162763
0.151744
0.140117
0.12822
0.116236
0.104372
0.092572
0.0811522
0.0695741
0.0589004
0.0470149
0.0379071
0.0238172
0.0193241
-0.00318211
-14.7865
-14.8329
-14.8656
-14.8884
-14.908
-14.9395
-14.9779
-15.0219
-15.0768
-15.1421
-15.2177
-15.3018
-15.3922
-15.4855
-15.5784
-15.6675
-15.7498
-15.8228
-15.8843
-15.9326
-15.9666
-15.9852
-15.9879
-15.9745
-15.9447
-15.8984
-15.8358
-15.7568
-15.6617
-15.5505
-15.4236
-15.2811
-15.1233
-14.9507
-14.7636
-14.5627
-14.3483
-14.1212
-13.8819
-13.6309
-13.3686
-13.0955
-12.8117
-12.5172
-12.2117
-11.8947
-11.5656
-11.2233
-10.8666
-10.4943
-10.1049
-9.69716
-9.26979
-8.82192
-8.35313
-7.86362
-7.35445
-6.82765
-6.28635
-5.73482
-5.17848
-4.6237
-4.07761
-3.54772
-3.04151
-2.56591
-2.12682
-1.72875
-1.3745
-1.06514
-0.800057
-0.577195
-0.393409
-0.24482
-0.127169
-0.0361142
0.0325395
0.0826835
0.117813
0.140984
0.154801
0.161442
0.162691
0.159976
0.154424
0.146897
0.138052
0.128358
0.118174
0.107706
0.0971804
0.0865653
0.076182
0.0655378
0.0556525
0.0445443
0.0359824
0.0226914
0.0183487
-0.00285012
-14.77
-14.8131
-14.8499
-14.883
-14.9168
-14.9464
-14.9806
-15.0205
-15.0697
-15.1287
-15.1968
-15.2727
-15.3541
-15.4383
-15.5221
-15.6026
-15.6768
-15.7425
-15.7975
-15.84
-15.869
-15.8835
-15.8829
-15.8668
-15.835
-15.7873
-15.7238
-15.6445
-15.5494
-15.4387
-15.3124
-15.171
-15.0145
-14.8434
-14.6581
-14.4591
-14.2467
-14.0217
-13.7844
-13.5355
-13.2752
-13.0039
-12.7218
-12.4288
-12.1246
-11.8089
-11.4809
-11.1399
-10.7846
-10.4139
-10.0267
-9.62161
-9.1977
-8.75419
-8.29081
-7.80786
-7.30646
-6.78861
-6.25736
-5.71684
-5.17219
-4.62947
-4.0954
-3.57707
-3.08152
-2.61525
-2.18387
-1.79165
-1.44131
-1.13397
-0.86916
-0.645072
-0.458843
-0.306891
-0.185241
-0.0898029
-0.0165913
0.0381199
0.0777021
0.105122
0.12293
0.13327
0.13791
0.138278
0.13551
0.130483
0.123872
0.116168
0.107752
0.0988511
0.0897095
0.0803222
0.0710136
0.0613384
0.052272
0.0419703
0.0339791
0.0215113
0.017342
-0.0025337
-14.7539
-14.7935
-14.8287
-14.8601
-14.8903
-14.9216
-14.9577
-14.9993
-15.0481
-15.1048
-15.1686
-15.2386
-15.3129
-15.3892
-15.4647
-15.537
-15.6035
-15.662
-15.7106
-15.7476
-15.7719
-15.7825
-15.7788
-15.7602
-15.7265
-15.6775
-15.6131
-15.5333
-15.4381
-15.3276
-15.202
-15.0614
-14.9062
-14.7366
-14.553
-14.3558
-14.1454
-13.9224
-13.6872
-13.4403
-13.182
-12.9125
-12.6321
-12.3407
-12.038
-11.7237
-11.3971
-11.0574
-10.7037
-10.3349
-9.94994
-9.54775
-9.12744
-8.68841
-8.23051
-7.75414
-7.26046
-6.75148
-6.23016
-5.70046
-5.16728
-4.63637
-4.11407
-3.60704
-3.12191
-2.6648
-2.241
-1.85456
-1.50814
-1.20287
-0.938429
-0.713235
-0.524692
-0.3695
-0.243958
-0.14422
-0.0665094
-0.00726445
0.0367597
0.0684394
0.0902634
0.10434
0.112418
0.115924
0.115996
0.113527
0.109209
0.103551
0.0969551
0.0896717
0.0819605
0.0738433
0.0656475
0.0569761
0.0487596
0.039293
0.0318982
0.020276
0.0163066
-0.00223743
-14.7379
-14.7749
-14.8094
-14.8418
-14.8739
-14.9071
-14.9431
-14.9835
-15.0296
-15.0821
-15.1405
-15.204
-15.271
-15.3395
-15.4071
-15.4716
-15.5308
-15.5824
-15.6248
-15.6564
-15.676
-15.6827
-15.6757
-15.6545
-15.6188
-15.5683
-15.5029
-15.4226
-15.3273
-15.217
-15.092
-14.9524
-14.7983
-14.6301
-14.4481
-14.2527
-14.0442
-13.8232
-13.59
-13.3451
-13.0887
-12.8211
-12.5424
-12.2526
-11.9515
-11.6387
-11.3136
-10.9755
-10.6235
-10.2568
-9.87432
-9.47518
-9.05864
-8.62423
-8.17191
-7.70219
-7.21625
-6.71609
-6.2046
-5.68557
-5.16367
-4.64434
-4.13355
-3.63759
-3.16265
-2.7145
-2.29814
-1.91742
-1.57491
-1.27176
-1.00779
-0.781608
-0.590881
-0.432575
-0.303252
-0.199306
-0.117161
-0.0534226
-0.00497397
0.0309681
0.0568282
0.0746739
0.0862342
0.0929262
0.0958937
0.0960387
0.0940679
0.0905113
0.0857884
0.0801714
0.073936
0.0671307
0.0600856
0.0524524
0.0451167
0.0365132
0.0297413
0.0189848
0.0152455
-0.00196597
-14.7218
-14.7566
-14.79
-14.822
-14.8539
-14.8868
-14.9223
-14.9616
-15.0056
-15.0547
-15.1086
-15.1665
-15.227
-15.2885
-15.3488
-15.4061
-15.4582
-15.5033
-15.5398
-15.5661
-15.5811
-15.5838
-15.5736
-15.5498
-15.512
-15.46
-15.3936
-15.3126
-15.2171
-15.107
-14.9825
-14.8437
-14.6907
-14.5238
-14.3433
-14.1496
-13.943
-13.7239
-13.4927
-13.2497
-12.9953
-12.7295
-12.4526
-12.1645
-11.865
-11.5538
-11.2303
-10.8939
-10.5439
-10.1794
-9.79962
-9.40373
-8.99114
-8.56151
-8.1149
-7.6519
-7.17374
-6.68238
-6.18063
-5.67213
-5.16132
-4.65333
-4.15381
-3.66865
-3.20367
-2.7643
-2.35524
-1.98017
-1.64155
-1.34057
-1.07716
-0.850114
-0.657332
-0.496042
-0.363054
-0.254994
-0.168488
-0.100304
-0.0474557
-0.00725487
0.0226552
0.0442984
0.0593787
0.0693034
0.0752165
0.0780286
0.0784597
0.0770572
0.074258
0.0703555
0.0656404
0.060188
0.0543309
0.0477699
0.0413456
0.0336322
0.0275103
0.0176375
0.0141615
-0.00172401
-14.7055
-14.7384
-14.7706
-14.8021
-14.8337
-14.8664
-14.9012
-14.939
-14.9805
-15.0261
-15.0754
-15.1277
-15.182
-15.2368
-15.2902
-15.3406
-15.386
-15.4249
-15.4556
-15.4767
-15.4872
-15.4861
-15.4726
-15.4461
-15.4062
-15.3526
-15.2851
-15.2034
-15.1076
-14.9976
-14.8735
-14.7354
-14.5834
-14.4177
-14.2387
-14.0466
-13.8418
-13.6246
-13.3952
-13.1542
-12.9016
-12.6377
-12.3626
-12.0762
-11.7784
-11.4689
-11.1471
-10.8127
-10.4648
-10.1027
-9.72581
-9.33337
-8.92491
-8.50021
-8.05945
-7.60325
-7.13289
-6.65031
-6.15821
-5.66009
-5.16017
-4.6633
-4.17479
-3.70017
-3.24493
-2.81414
-2.41225
-2.04274
-1.70801
-1.40924
-1.14647
-0.918675
-0.72397
-0.559825
-0.423292
-0.31122
-0.22043
-0.147856
-0.0906387
-0.0461893
-0.0122214
0.0132419
0.0318763
0.0450757
0.0539819
0.0595117
0.0623962
0.0631989
0.0623726
0.0602313
0.0570802
0.0530208
0.0483881
0.0429323
0.0374497
0.0306526
0.0252079
0.0162346
0.013058
-0.00151615
-14.6889
-14.72
-14.7509
-14.7815
-14.8124
-14.8443
-14.8779
-14.9139
-14.9528
-14.9949
-15.0399
-15.0872
-15.1357
-15.1842
-15.2312
-15.2751
-15.3142
-15.3471
-15.3722
-15.3884
-15.3944
-15.3895
-15.3727
-15.3435
-15.3015
-15.2462
-15.1774
-15.095
-14.9988
-14.8888
-14.765
-14.6275
-14.4764
-14.312
-14.1343
-13.9438
-13.7406
-13.5251
-13.2976
-13.0584
-12.8077
-12.5457
-12.2724
-11.9878
-11.6918
-11.384
-11.0642
-10.7318
-10.3862
-10.0268
-9.65292
-9.26411
-8.85996
-8.44036
-8.00555
-7.55624
-7.0937
-6.61985
-6.13732
-5.64943
-5.1602
-4.67421
-4.19645
-3.73213
-3.28637
-2.86397
-2.4691
-2.10508
-1.77421
-1.47769
-1.21565
-0.987214
-0.790716
-0.623847
-0.483892
-0.367913
-0.272925
-0.196021
-0.134473
-0.0857914
-0.0477637
-0.0184631
0.00375448
0.0202667
0.0322101
0.0405052
0.0458924
0.0489492
0.0501435
0.0498086
0.0482636
0.0456363
0.0422636
0.0379451
0.0334338
0.0275779
0.0228375
0.014777
0.0119383
-0.00134679
-14.672
-14.7014
-14.7309
-14.7605
-14.7903
-14.821
-14.8532
-14.8872
-14.9235
-14.9622
-15.003
-15.0454
-15.0884
-15.131
-15.1719
-15.2097
-15.2428
-15.27
-15.2898
-15.3011
-15.3028
-15.294
-15.274
-15.2421
-15.1978
-15.1408
-15.0708
-14.9875
-14.8908
-14.7807
-14.6572
-14.5202
-14.3699
-14.2065
-14.0301
-13.841
-13.6395
-13.4257
-13.2
-12.9626
-12.7137
-12.4535
-12.1821
-11.8993
-11.6052
-11.2994
-10.9816
-10.6513
-10.3082
-9.95159
-9.581
-9.196
-8.79633
-8.38197
-7.95322
-7.51086
-7.05616
-6.59101
-6.11793
-5.64012
-5.16137
-4.68601
-4.21875
-3.76446
-3.32796
-2.91374
-2.52575
-2.16713
-1.8401
-1.54586
-1.28461
-1.05565
-0.85749
-0.688031
-0.544778
-0.425004
-0.325907
-0.24474
-0.178904
-0.126014
-0.0839302
-0.0507806
-0.0249554
-0.00509646
0.00992471
0.0210297
0.0289662
0.0343239
0.0375844
0.0390995
0.0392015
0.0380439
0.0359655
0.0328153
0.0293039
0.0244127
0.0204033
0.0132666
0.0108061
-0.00122003
-14.6545
-14.6825
-14.7105
-14.7387
-14.7673
-14.7966
-14.8271
-14.859
-14.8925
-14.9278
-14.9646
-15.0023
-15.0402
-15.0773
-15.1124
-15.1444
-15.1719
-15.1935
-15.2082
-15.2148
-15.2123
-15.1997
-15.1765
-15.1418
-15.0953
-15.0365
-14.9651
-14.8809
-14.7837
-14.6734
-14.55
-14.4135
-14.2639
-14.1015
-13.9263
-13.7386
-13.5385
-13.3264
-13.1024
-12.8667
-12.6197
-12.3613
-12.0917
-11.8109
-11.5187
-11.2149
-10.8993
-10.5714
-10.2309
-9.87724
-9.51009
-9.12909
-8.73406
-8.32506
-7.90249
-7.46713
-7.02027
-6.56375
-6.10002
-5.63212
-5.16364
-4.69868
-4.24164
-3.79712
-3.36963
-2.9634
-2.58214
-2.22882
-1.9056
-1.61366
-1.3533
-1.12392
-0.924215
-0.752297
-0.605874
-0.482417
-0.379305
-0.293948
-0.223876
-0.166805
-0.120676
-0.083671
-0.0542185
-0.0309833
-0.0128476
0.0011088
0.0116383
0.0193414
0.0247117
0.0281186
0.0299068
0.0302551
0.0295041
0.0275516
0.0250676
0.021163
0.0179106
0.0117061
0.0096654
-0.00113945
-14.6367
-14.663
-14.6896
-14.7164
-14.7435
-14.7712
-14.7997
-14.8294
-14.8602
-14.8921
-14.925
-14.9582
-14.9912
-15.0231
-15.0529
-15.0793
-15.1014
-15.1179
-15.1276
-15.1296
-15.123
-15.1068
-15.0803
-15.0429
-14.9941
-14.9335
-14.8607
-14.7754
-14.6776
-14.567
-14.4437
-14.3075
-14.1586
-13.997
-13.8229
-13.6364
-13.4378
-13.2272
-13.0049
-12.771
-12.5257
-12.2692
-12.0015
-11.7226
-11.4324
-11.1307
-10.8174
-10.492
-10.1543
-9.80378
-9.44025
-9.06341
-8.67317
-8.26967
-7.85335
-7.42504
-6.98601
-6.53807
-6.08357
-5.6254
-5.16698
-4.71215
-4.26509
-3.83008
-3.41136
-3.01291
-2.63821
-2.29011
-1.97066
-1.68105
-1.42163
-1.19193
-0.99081
-0.816565
-0.6671
-0.540077
-0.43305
-0.34358
-0.269328
-0.208112
-0.157952
-0.117091
-0.0839965
-0.0573598
-0.0360765
-0.0192307
-0.00606717
0.00402317
0.0115447
0.0168831
0.0203949
0.0222836
0.0228914
0.0221645
0.0207338
0.0178362
0.0153654
0.0100994
0.00852041
-0.00110796
-14.6183
-14.6431
-14.6681
-14.6933
-14.7188
-14.7448
-14.7713
-14.7985
-14.8265
-14.8552
-14.8843
-14.9133
-14.9417
-14.9686
-14.9932
-15.0145
-15.0314
-15.0429
-15.048
-15.0456
-15.0349
-15.0151
-14.9854
-14.9453
-14.8942
-14.8317
-14.7574
-14.6711
-14.5726
-14.4617
-14.3383
-14.2024
-14.054
-13.8932
-13.72
-13.5348
-13.3375
-13.1284
-12.9076
-12.6755
-12.432
-12.1773
-11.9115
-11.6345
-11.3464
-11.047
-10.736
-10.4133
-10.0785
-9.7313
-9.37154
-8.99901
-8.6137
-8.21581
-7.80583
-7.3846
-6.95339
-6.51396
-6.06855
-5.61994
-5.17135
-4.72642
-4.28905
-3.86328
-3.45309
-3.0622
-2.69392
-2.35093
-2.03521
-1.74794
-1.48953
-1.25961
-1.0572
-0.880754
-0.728377
-0.597907
-0.487066
-0.393568
-0.315196
-0.249875
-0.195706
-0.150993
-0.114247
-0.0841878
-0.059728
-0.0399582
-0.0241228
-0.0116061
-0.00189438
0.00541318
0.0106838
0.0141455
0.0161416
0.0166666
0.0163132
0.0144414
0.0127751
0.00845137
0.00737576
-0.00112758
-14.5994
-14.6227
-14.6461
-14.6697
-14.6934
-14.7175
-14.7419
-14.7667
-14.7919
-14.8173
-14.8427
-14.8676
-14.8916
-14.9139
-14.9337
-14.95
-14.9621
-14.9688
-14.9694
-14.9627
-14.9481
-14.9248
-14.892
-14.8491
-14.7957
-14.7313
-14.6556
-14.5681
-14.4688
-14.3574
-14.2339
-14.0981
-13.9502
-13.7901
-13.6178
-13.4337
-13.2377
-13.03
-12.8108
-12.5802
-12.3385
-12.0856
-11.8217
-11.5468
-11.2609
-10.9637
-10.6553
-10.3353
-10.0035
-9.65986
-9.30402
-8.93596
-8.55571
-8.16353
-7.75994
-7.34581
-6.9224
-6.49139
-6.05495
-5.61571
-5.17673
-4.74143
-4.31348
-3.89669
-3.49477
-3.11125
-2.74921
-2.41123
-2.09919
-1.81428
-1.55693
-1.32689
-1.12329
-0.944782
-0.789623
-0.655826
-0.541279
-0.443838
-0.361414
-0.292034
-0.233882
-0.185326
-0.144923
-0.111426
-0.0837643
-0.0610395
-0.0424977
-0.0275183
-0.0155802
-0.00626834
0.000794105
0.00585929
0.00927132
0.0110724
0.0118184
0.010989
0.010148
0.00676829
0.00623628
-0.00119918
-14.5801
-14.6017
-14.6235
-14.6454
-14.6674
-14.6894
-14.7116
-14.7339
-14.7563
-14.7785
-14.8004
-14.8214
-14.8412
-14.8591
-14.8743
-14.886
-14.8934
-14.8956
-14.8918
-14.8811
-14.8627
-14.8359
-14.8
-14.7545
-14.6988
-14.6325
-14.5551
-14.4665
-14.3663
-14.2544
-14.1307
-13.995
-13.8474
-13.6879
-13.5165
-13.3333
-13.1385
-12.9321
-12.7144
-12.4855
-12.2454
-11.9944
-11.7324
-11.4596
-11.1758
-10.8811
-10.5752
-10.2581
-9.9296
-9.58952
-9.23776
-8.87429
-8.49921
-8.11283
-7.71571
-7.3087
-6.89304
-6.47036
-6.04275
-5.61269
-5.18308
-4.75715
-4.33836
-3.93027
-3.53638
-3.15999
-2.80404
-2.47096
-2.16255
-1.87999
-1.62375
-1.39368
-1.18902
-1.00857
-0.850755
-0.713755
-0.595609
-0.494316
-0.40791
-0.334522
-0.272419
-0.220035
-0.175976
-0.139027
-0.108143
-0.0824365
-0.0611571
-0.0436818
-0.0294839
-0.0181353
-0.00925055
-0.00255378
0.00229924
0.0053984
0.00726335
0.00749116
0.00749331
0.00505776
0.00510693
-0.00132224
-14.5602
-14.5803
-14.6004
-14.6206
-14.6406
-14.6607
-14.6806
-14.7004
-14.72
-14.7391
-14.7575
-14.7749
-14.7906
-14.8043
-14.8151
-14.8224
-14.8255
-14.8234
-14.8154
-14.8008
-14.7787
-14.7486
-14.7097
-14.6615
-14.6035
-14.5352
-14.4563
-14.3664
-14.2653
-14.1528
-14.0288
-13.8931
-13.7458
-13.5867
-13.416
-13.2338
-13.0401
-12.835
-12.6187
-12.3913
-12.1529
-11.9037
-11.6437
-11.3729
-11.0914
-10.7991
-10.496
-10.1819
-9.85671
-9.52037
-9.17281
-8.81405
-8.44426
-8.06377
-7.67315
-7.27326
-6.86531
-6.45087
-6.03193
-5.61085
-5.19038
-4.77356
-4.36364
-3.96398
-3.57786
-3.2084
-2.85836
-2.53005
-2.22523
-1.94502
-1.68994
-1.45991
-1.25429
-1.07203
-0.911691
-0.77161
-0.649977
-0.544926
-0.454613
-0.377271
-0.311254
-0.25506
-0.207349
-0.166942
-0.132819
-0.104107
-0.0800622
-0.0600613
-0.0435732
-0.0301583
-0.0194236
-0.0110697
-0.00475324
-0.000336368
0.00266418
0.00396198
0.00482164
0.00332898
0.00399268
-0.00149447
-14.5399
-14.5585
-14.5769
-14.5952
-14.6134
-14.6313
-14.649
-14.6663
-14.6831
-14.6992
-14.7143
-14.728
-14.74
-14.7496
-14.7564
-14.7595
-14.7583
-14.7522
-14.7402
-14.7218
-14.6962
-14.6628
-14.621
-14.5702
-14.5099
-14.4396
-14.3591
-14.2679
-14.1659
-14.0527
-13.9283
-13.7926
-13.6454
-13.4868
-13.3167
-13.1353
-12.9426
-12.7387
-12.5238
-12.2979
-12.0611
-11.8137
-11.5556
-11.287
-11.0078
-10.718
-10.4177
-10.1067
-9.78494
-9.45247
-9.10923
-8.75531
-8.3909
-8.01636
-7.63228
-7.23951
-6.83921
-6.43291
-6.02248
-5.61019
-5.19861
-4.79063
-4.3893
-3.99778
-3.61918
-3.25642
-2.91212
-2.58847
-2.28715
-2.00929
-1.75541
-1.5255
-1.31904
-1.13508
-0.972347
-0.829309
-0.7043
-0.595588
-0.501446
-0.42021
-0.350318
-0.290339
-0.238984
-0.195116
-0.157741
-0.126004
-0.09917
-0.0766171
-0.0578118
-0.0423042
-0.0296949
-0.0196615
-0.0118621
-0.00611057
-0.00196113
0.00041736
0.00214446
0.00159287
0.00289832
-0.00171143
-14.5192
-14.5362
-14.5529
-14.5694
-14.5857
-14.6015
-14.6169
-14.6317
-14.6458
-14.6589
-14.6708
-14.6811
-14.6895
-14.6953
-14.6981
-14.6973
-14.6922
-14.6821
-14.6664
-14.6444
-14.6154
-14.5788
-14.5341
-14.4807
-14.4181
-14.346
-14.2638
-14.1713
-14.0682
-13.9544
-13.8295
-13.6936
-13.5465
-13.3882
-13.2187
-13.038
-12.8462
-12.6434
-12.4298
-12.2053
-11.9702
-11.7245
-11.4684
-11.2019
-10.925
-10.6378
-10.3404
-10.0325
-9.71439
-9.38589
-9.04709
-8.69811
-8.33916
-7.97064
-7.59313
-7.20746
-6.81476
-6.41648
-6.0144
-5.61068
-5.20775
-4.80833
-4.41531
-4.03166
-3.6603
-3.30402
-2.96527
-2.64615
-2.34828
-2.07274
-1.8201
-1.59039
-1.38318
-1.19765
-1.03264
-0.886766
-0.758495
-0.64622
-0.54833
-0.463262
-0.38954
-0.325803
-0.270819
-0.22349
-0.182855
-0.148076
-0.118433
-0.0933057
-0.0721597
-0.0545363
-0.040031
-0.0282989
-0.0190005
-0.0119002
-0.00659246
-0.00312464
-0.000525668
-0.000137582
0.00182825
-0.0019659
-14.4982
-14.5136
-14.5286
-14.5433
-14.5576
-14.5714
-14.5845
-14.5969
-14.6083
-14.6185
-14.6273
-14.6344
-14.6392
-14.6415
-14.6406
-14.636
-14.6271
-14.6133
-14.5939
-14.5685
-14.5362
-14.4966
-14.4491
-14.3932
-14.3284
-14.2542
-14.1704
-14.0766
-13.9725
-13.8578
-13.7325
-13.5963
-13.4492
-13.2911
-13.122
-12.942
-12.7511
-12.5494
-12.3369
-12.1138
-11.8803
-11.6364
-11.3821
-11.1178
-10.8433
-10.5587
-10.2642
-9.95962
-9.64512
-9.3207
-8.98644
-8.64249
-8.28909
-7.92664
-7.55572
-7.17713
-6.79196
-6.40158
-6.00769
-5.61232
-5.21779
-4.82665
-4.44164
-4.06557
-3.7012
-3.35115
-3.01777
-2.70306
-2.40855
-2.13532
-1.88393
-1.65449
-1.44664
-1.25964
-1.09248
-0.943897
-0.812476
-0.696738
-0.595184
-0.50635
-0.428847
-0.361383
-0.302785
-0.252001
-0.2081
-0.17027
-0.137801
-0.110079
-0.0865725
-0.0668139
-0.0503949
-0.0369484
-0.0261386
-0.0176786
-0.0112076
-0.00664371
-0.0031752
-0.00184703
0.000785995
-0.00224697
-14.477
-14.4907
-14.5041
-14.517
-14.5293
-14.541
-14.5519
-14.5618
-14.5707
-14.5781
-14.584
-14.5879
-14.5894
-14.5882
-14.5838
-14.5756
-14.5632
-14.5458
-14.5231
-14.4943
-14.4589
-14.4163
-14.3661
-14.3077
-14.2407
-14.1647
-14.0792
-13.984
-13.8788
-13.7633
-13.6374
-13.5009
-13.3537
-13.1957
-13.027
-12.8476
-12.6574
-12.4566
-12.2453
-12.0236
-11.7915
-11.5493
-11.297
-11.0347
-10.7626
-10.4807
-10.1892
-9.88797
-9.57721
-9.25696
-8.92733
-8.58849
-8.24072
-7.88439
-7.52008
-7.14855
-6.77083
-6.38823
-6.00235
-5.61512
-5.22872
-4.84558
-4.46828
-4.09949
-3.74182
-3.39778
-3.06958
-2.75913
-2.46791
-2.19696
-1.94686
-1.71774
-1.50933
-1.32099
-1.1518
-1.00062
-0.866158
-0.747058
-0.641925
-0.549393
-0.468159
-0.397004
-0.334813
-0.280582
-0.233415
-0.192524
-0.157216
-0.126885
-0.101002
-0.0790926
-0.0607457
-0.0455725
-0.0332433
-0.023416
-0.0157817
-0.010117
-0.00578961
-0.00351718
-0.000226257
-0.0025386
-14.4555
-14.4677
-14.4794
-14.4905
-14.5009
-14.5106
-14.5193
-14.5269
-14.5332
-14.538
-14.5409
-14.5418
-14.5402
-14.5358
-14.528
-14.5164
-14.5006
-14.4799
-14.4539
-14.4219
-14.3835
-14.3382
-14.2853
-14.2245
-14.1554
-14.0774
-13.9903
-13.8937
-13.7873
-13.6709
-13.5444
-13.4075
-13.2601
-13.1022
-12.9338
-12.7548
-12.5654
-12.3654
-12.1552
-11.9347
-11.7041
-11.4635
-11.213
-10.9529
-10.6832
-10.404
-10.1155
-9.81767
-9.51072
-9.19472
-8.86981
-8.53617
-8.19408
-7.84392
-7.48623
-7.12173
-6.75139
-6.37644
-5.9984
-5.61908
-5.24055
-4.8651
-4.49521
-4.1334
-3.78216
-3.44387
-3.12065
-2.81432
-2.5263
-2.25759
-2.00879
-1.78006
-1.57118
-1.38159
-1.21049
-1.05683
-0.919452
-0.797091
-0.688466
-0.592308
-0.507397
-0.432589
-0.36683
-0.309164
-0.258733
-0.214776
-0.176621
-0.143669
-0.115396
-0.0913242
-0.0710396
-0.0541313
-0.0402786
-0.0290798
-0.0202883
-0.0135191
-0.00835394
-0.00512649
-0.00120903
-0.00281747
-14.434
-14.4446
-14.4547
-14.464
-14.4726
-14.4802
-14.4868
-14.4921
-14.496
-14.4981
-14.4984
-14.4964
-14.4918
-14.4843
-14.4733
-14.4586
-14.4395
-14.4157
-14.3865
-14.3516
-14.3103
-14.2622
-14.2068
-14.1437
-14.0724
-13.9926
-13.9038
-13.8058
-13.6983
-13.581
-13.4537
-13.3164
-13.1688
-13.0109
-12.8426
-12.664
-12.4751
-12.2759
-12.0666
-11.8473
-11.6181
-11.3791
-11.1305
-10.8724
-10.6051
-10.3286
-10.0431
-9.74879
-9.44571
-9.13404
-8.81392
-8.48556
-8.14922
-7.80527
-7.45421
-7.09671
-6.73368
-6.36626
-5.99587
-5.62423
-5.25329
-4.88524
-4.52244
-4.16729
-3.82219
-3.4894
-3.17095
-2.86858
-2.58366
-2.31717
-2.06967
-1.84137
-1.6321
-1.44138
-1.26847
-1.11246
-0.972267
-0.84675
-0.734723
-0.635011
-0.546481
-0.468062
-0.398761
-0.337675
-0.283985
-0.236961
-0.195952
-0.16037
-0.1297
-0.103456
-0.0812279
-0.0625799
-0.0472046
-0.0346337
-0.0246973
-0.0168212
-0.0108522
-0.00664871
-0.00216652
-0.00304909
-14.4125
-14.4217
-14.4301
-14.4377
-14.4444
-14.4501
-14.4546
-14.4577
-14.4592
-14.4589
-14.4566
-14.4518
-14.4444
-14.4339
-14.42
-14.4022
-14.3801
-14.3533
-14.3212
-14.2833
-14.2393
-14.1886
-14.1308
-14.0654
-13.9921
-13.9104
-13.82
-13.7206
-13.6119
-13.4936
-13.3656
-13.2277
-13.0798
-12.9217
-12.7536
-12.5753
-12.3868
-12.1883
-11.9799
-11.7616
-11.5337
-11.2962
-11.0494
-10.7934
-10.5284
-10.2546
-9.97225
-9.68139
-9.38223
-9.07494
-8.7597
-8.43669
-8.10617
-7.76847
-7.42406
-7.07354
-6.71774
-6.35772
-5.9948
-5.6306
-5.26698
-4.90602
-4.54997
-4.20116
-3.86189
-3.53433
-3.22044
-2.92187
-2.63994
-2.3756
-2.12942
-1.90159
-1.692
-1.50024
-1.32565
-1.1674
-1.02451
-0.895946
-0.780611
-0.677425
-0.585337
-0.503351
-0.430539
-0.366049
-0.309108
-0.259018
-0.215149
-0.176932
-0.143857
-0.115437
-0.0912623
-0.0708735
-0.0539808
-0.0400406
-0.0289787
-0.0199932
-0.0132701
-0.0080539
-0.00311093
-0.00318373
-14.3911
-14.3988
-14.4056
-14.4116
-14.4166
-14.4204
-14.4229
-14.4238
-14.4231
-14.4205
-14.4156
-14.4083
-14.3982
-14.385
-14.3682
-14.3476
-14.3226
-14.2929
-14.258
-14.2175
-14.1708
-14.1176
-14.0575
-13.9899
-13.9146
-13.8311
-13.739
-13.6382
-13.5283
-13.409
-13.2802
-13.1417
-12.9934
-12.8352
-12.667
-12.4888
-12.3008
-12.1028
-11.8952
-11.6779
-11.4511
-11.2151
-10.9699
-10.7159
-10.4533
-10.1822
-9.90286
-9.61551
-9.32032
-9.01748
-8.70717
-8.38959
-8.06496
-7.73357
-7.39584
-7.05228
-6.70365
-6.35091
-5.99528
-5.63828
-5.28167
-4.92746
-4.57782
-4.23501
-3.90123
-3.57862
-3.26903
-2.97409
-2.69504
-2.4328
-2.18792
-1.96061
-1.75079
-1.55809
-1.38193
-1.22156
-1.07611
-0.944606
-0.826062
-0.719483
-0.6239
-0.538393
-0.462098
-0.394222
-0.334036
-0.280878
-0.234148
-0.19329
-0.157805
-0.127205
-0.101086
-0.0789586
-0.0605589
-0.0452553
-0.0330956
-0.0229976
-0.0155902
-0.00930266
-0.00406217
-0.00314622
-14.3702
-14.3764
-14.3818
-14.3861
-14.3893
-14.3913
-14.3919
-14.3908
-14.3879
-14.383
-14.3758
-14.366
-14.3534
-14.3375
-14.3181
-14.2948
-14.2672
-14.2348
-14.1972
-14.1541
-14.105
-14.0494
-13.987
-13.9174
-13.8401
-13.7548
-13.6612
-13.5589
-13.4477
-13.3274
-13.1978
-13.0586
-12.9098
-12.7513
-12.583
-12.4049
-12.2171
-12.0196
-11.8126
-11.5961
-11.3704
-11.1357
-10.8922
-10.6401
-10.3797
-10.1113
-9.83501
-9.55117
-9.25999
-8.96165
-8.65636
-8.34428
-8.02562
-7.70062
-7.3696
-7.03302
-6.69151
-6.34593
-5.9974
-5.64735
-5.29745
-4.94964
-4.60603
-4.26883
-3.9402
-3.6222
-3.31667
-3.02514
-2.74883
-2.48862
-2.24503
-2.01828
-1.80831
-1.61479
-1.4372
-1.27487
-1.12698
-0.992673
-0.871033
-0.761151
-0.662143
-0.573162
-0.493416
-0.422168
-0.358742
-0.302513
-0.252913
-0.209405
-0.171505
-0.138721
-0.110658
-0.0867953
-0.0669017
-0.0502425
-0.0370201
-0.0258034
-0.0178054
-0.0103559
-0.00506282
-0.00283152
-14.3493
-14.3542
-14.3581
-14.361
-14.3626
-14.3629
-14.3616
-14.3586
-14.3538
-14.3467
-14.3373
-14.3253
-14.3102
-14.292
-14.2701
-14.2442
-14.214
-14.1791
-14.1391
-14.0936
-14.0421
-13.9843
-13.9197
-13.848
-13.7688
-13.6818
-13.5866
-13.483
-13.3706
-13.2492
-13.1186
-12.9787
-12.8294
-12.6705
-12.5019
-12.3238
-12.1361
-11.9389
-11.7324
-11.5167
-11.2919
-11.0584
-10.8164
-10.5661
-10.3079
-10.042
-9.76878
-9.48846
-9.2013
-8.90753
-8.60732
-8.30084
-7.98825
-7.66972
-7.34548
-7.01589
-6.68146
-6.34292
-6.00131
-5.65792
-5.31438
-4.97257
-4.63456
-4.30252
-3.97862
-3.66489
-3.36311
-3.07479
-2.8011
-2.54286
-2.30059
-2.07448
-1.86448
-1.67029
-1.49145
-1.32731
-1.17716
-1.04018
-0.915559
-0.80246
-0.700083
-0.607661
-0.524474
-0.449852
-0.383173
-0.323858
-0.271374
-0.225203
-0.184878
-0.149907
-0.119902
-0.0943115
-0.0729419
-0.0549383
-0.0406988
-0.028355
-0.0198913
-0.0111487
-0.00616461
-0.00207625
-14.3296
-14.3331
-14.3356
-14.3369
-14.337
-14.3356
-14.3326
-14.3278
-14.3209
-14.3119
-14.3004
-14.2862
-14.2689
-14.2483
-14.2241
-14.1959
-14.1634
-14.1261
-14.0838
-14.0359
-13.9822
-13.9223
-13.8557
-13.782
-13.7011
-13.6124
-13.5156
-13.4106
-13.2969
-13.1744
-13.0429
-12.9022
-12.7522
-12.5928
-12.424
-12.2457
-12.058
-11.8609
-11.6547
-11.4396
-11.2156
-10.9831
-10.7425
-10.4939
-10.2377
-9.97433
-9.70407
-9.42724
-9.14412
-8.85495
-8.55992
-8.25915
-7.95276
-7.64084
-7.3235
-7.00096
-6.67361
-6.34205
-6.00716
-5.67017
-5.33261
-4.99635
-4.66344
-4.33607
-4.01643
-3.70653
-3.40818
-3.12282
-2.85159
-2.59528
-2.35435
-2.129
-1.91915
-1.72452
-1.54466
-1.37896
-1.22675
-1.08728
-0.959812
-0.84359
-0.7379
-0.642063
-0.555434
-0.477416
-0.40745
-0.345007
-0.289595
-0.240726
-0.197951
-0.160776
-0.128823
-0.101503
-0.0786726
-0.0593323
-0.0441265
-0.0306385
-0.0218668
-0.0116428
-0.00748408
-0.000668914
-14.3098
-14.3123
-14.3135
-14.3136
-14.3122
-14.3093
-14.3048
-14.2983
-14.2897
-14.2789
-14.2654
-14.2492
-14.2299
-14.2072
-14.1809
-14.1505
-14.1157
-14.0763
-14.0318
-13.9818
-13.926
-13.864
-13.7955
-13.72
-13.6373
-13.5469
-13.4487
-13.3422
-13.2273
-13.1037
-12.9712
-12.8296
-12.6789
-12.5189
-12.3496
-12.171
-11.9831
-11.7861
-11.5801
-11.3653
-11.142
-10.9104
-10.6709
-10.4238
-10.1696
-9.90864
-9.64128
-9.36791
-9.08884
-8.80434
-8.51456
-8.21963
-7.91956
-7.61435
-7.30398
-6.98852
-6.66817
-6.34338
-6.0149
-5.68387
-5.35176
-5.02044
-4.692
-4.3687
-4.05279
-3.74635
-3.45117
-3.16869
-2.89998
-2.64576
-2.40645
-2.18216
-1.9728
-1.77804
-1.59744
-1.43042
-1.27633
-1.1345
-1.00424
-0.884889
-0.775834
-0.676494
-0.586327
-0.504823
-0.431484
-0.365839
-0.307438
-0.255825
-0.210569
-0.171171
-0.137268
-0.108224
-0.0839571
-0.0632955
-0.0471899
-0.0325415
-0.0236677
-0.0117143
-0.00912154
0.00173773
-14.2919
-14.2931
-14.2931
-14.2917
-14.2889
-14.2846
-14.2784
-14.2703
-14.2601
-14.2475
-14.2322
-14.2141
-14.1929
-14.1683
-14.1399
-14.1075
-14.0708
-14.0293
-13.9828
-13.9308
-13.8731
-13.8092
-13.7389
-13.6616
-13.5773
-13.4854
-13.3856
-13.2778
-13.1617
-13.0369
-12.9034
-12.7609
-12.6093
-12.4486
-12.2787
-12.0996
-11.9114
-11.7142
-11.5082
-11.2936
-11.0706
-10.8397
-10.6011
-10.3553
-10.1028
-9.84406
-9.57945
-9.30944
-9.03439
-8.75458
-8.47018
-8.18127
-7.88778
-7.58956
-7.28645
-6.97829
-6.6651
-6.3471
-6.02492
-5.69954
-5.37244
-5.04549
-4.72087
-4.40097
-4.08816
-3.78465
-3.49226
-3.21244
-2.94623
-2.6943
-2.45696
-2.23424
-2.0259
-1.83157
-1.6507
-1.4827
-1.32695
-1.18283
-1.04976
-0.927202
-0.814673
-0.7117
-0.617819
-0.532632
-0.455727
-0.386707
-0.325185
-0.270726
-0.222914
-0.181243
-0.145362
-0.114581
-0.0888878
-0.0669088
-0.0499671
-0.0341262
-0.0253909
-0.0113764
-0.0113625
0.0055317
-14.2742
-14.2745
-14.2735
-14.2712
-14.2673
-14.2617
-14.2543
-14.2448
-14.2332
-14.219
-14.2022
-14.1824
-14.1595
-14.1331
-14.1029
-14.0687
-14.0301
-13.9867
-13.9384
-13.8846
-13.825
-13.7594
-13.6873
-13.6084
-13.5224
-13.429
-13.3279
-13.2187
-13.1013
-12.9753
-12.8407
-12.6973
-12.5448
-12.3833
-12.2127
-12.033
-11.8444
-11.6468
-11.4406
-11.226
-11.0032
-10.7727
-10.535
-10.2904
-10.0394
-9.78274
-9.5208
-9.25408
-8.983
-8.70786
-8.42882
-8.14589
-7.8589
-7.56756
-7.27148
-6.9703
-6.66378
-6.35196
-6.03527
-5.71468
-5.39165
-5.06819
-4.74671
-4.42983
-4.12019
-3.82012
-3.53148
-3.25559
-2.99329
-2.74496
-2.51067
-2.29023
-2.08326
-1.88932
-1.70789
-1.53846
-1.38049
-1.23351
-1.09706
-0.970718
-0.854141
-0.747027
-0.649098
-0.55999
-0.479314
-0.406801
-0.342083
-0.284733
-0.23435
-0.190414
-0.152581
-0.1201
-0.0930378
-0.0697873
-0.0521159
-0.0350815
-0.0267966
-0.010351
-0.014324
0.0113979
-14.2584
-14.2576
-14.2555
-14.2519
-14.2467
-14.2399
-14.2311
-14.2203
-14.2072
-14.1916
-14.1733
-14.152
-14.1276
-14.0996
-14.0678
-14.0319
-13.9917
-13.9467
-13.8967
-13.8413
-13.7801
-13.7129
-13.6393
-13.5589
-13.4715
-13.3767
-13.2742
-13.1638
-13.0451
-12.918
-12.7823
-12.6378
-12.4843
-12.3218
-12.1503
-11.9698
-11.7803
-11.5821
-11.3753
-11.1601
-10.937
-10.7064
-10.4688
-10.2247
-9.97477
-9.71959
-9.45981
-9.19602
-8.92872
-8.65829
-8.3849
-8.10852
-7.82886
-7.54543
-7.25758
-6.96462
-6.66599
-6.36144
-6.05122
-5.73618
-5.41786
-5.0984
-4.78046
-4.46691
-4.16067
-3.86417
-3.57923
-3.30699
-3.04809
-2.80268
-2.57064
-2.35162
-2.14516
-1.95079
-1.76801
-1.59641
-1.43555
-1.28509
-1.14476
-1.01433
-0.893594
-0.782253
-0.679979
-0.586637
-0.502106
-0.426047
-0.358109
-0.297881
-0.244965
-0.198815
-0.159097
-0.124983
-0.0966326
-0.0721717
-0.0538815
-0.0356526
-0.0281402
-0.00884208
-0.0185643
0.0198379
-14.2445
-14.2432
-14.2404
-14.2361
-14.2302
-14.2225
-14.2128
-14.201
-14.1868
-14.17
-14.1505
-14.1279
-14.102
-14.0726
-14.0394
-14.0021
-13.9603
-13.9138
-13.8623
-13.8053
-13.7427
-13.6739
-13.5989
-13.5171
-13.4282
-13.3321
-13.2283
-13.1166
-12.9967
-12.8684
-12.7316
-12.586
-12.4315
-12.2681
-12.0957
-11.9143
-11.7241
-11.5251
-11.3177
-11.1022
-10.8789
-10.6482
-10.4109
-10.1675
-9.91862
-9.66507
-9.40753
-9.14668
-8.88308
-8.61713
-8.34902
-8.07866
-7.80569
-7.52945
-7.24912
-6.96379
-6.67267
-6.37534
-6.07187
-5.76305
-5.4504
-5.13611
-4.82286
-4.51366
-4.21145
-3.91861
-3.63676
-3.36685
-3.10936
-2.86445
-2.63205
-2.41195
-2.20384
-2.00736
-1.82212
-1.64772
-1.48376
-1.32995
-1.18596
-1.05153
-0.926631
-0.811196
-0.70517
-0.608364
-0.52054
-0.441423
-0.370706
-0.307994
-0.252894
-0.204844
-0.163521
-0.128021
-0.0986097
-0.0731274
-0.0544323
-0.0351117
-0.0287615
-0.00630218
-0.023903
0.0315515
-14.2299
-14.2276
-14.2238
-14.2186
-14.2117
-14.203
-14.1923
-14.1795
-14.1643
-14.1465
-14.126
-14.1024
-14.0754
-14.045
-14.0107
-13.9722
-13.9293
-13.8817
-13.829
-13.771
-13.7072
-13.6373
-13.5611
-13.4781
-13.3882
-13.2909
-13.1859
-13.0731
-12.952
-12.8225
-12.6845
-12.5376
-12.3818
-12.217
-12.0431
-11.8603
-11.6685
-11.4679
-11.2589
-11.0417
-10.8168
-10.5848
-10.3463
-10.102
-9.85297
-9.59995
-9.34396
-9.08592
-8.82665
-8.56677
-8.30662
-8.04613
-7.78478
-7.52157
-7.25508
-6.98359
-6.7054
-6.41911
-6.12397
-5.8202
-5.50918
-5.19342
-4.87634
-4.56202
-4.25472
-3.9577
-3.67303
-3.40188
-3.14458
-2.90093
-2.67034
-2.45209
-2.24542
-2.0496
-1.8642
-1.68877
-1.52295
-1.36663
-1.21993
-1.08274
-0.954866
-0.836286
-0.72702
-0.627021
-0.536202
-0.454355
-0.381195
-0.316323
-0.259345
-0.20967
-0.166985
-0.130307
-0.100011
-0.073643
-0.0546721
-0.0343139
-0.0293439
-0.00349138
-0.0305992
0.0454569
-14.2235
-14.2211
-14.2171
-14.2115
-14.2041
-14.1949
-14.1836
-14.17
-14.1541
-14.1355
-14.114
-14.0894
-14.0615
-14.0299
-13.9945
-13.955
-13.911
-13.8622
-13.8083
-13.7491
-13.6841
-13.6131
-13.5358
-13.4517
-13.3607
-13.2623
-13.1563
-13.0425
-12.9204
-12.79
-12.6511
-12.5033
-12.3467
-12.1811
-12.0064
-11.8228
-11.6304
-11.4292
-11.2196
-11.002
-10.7768
-10.5446
-10.3061
-10.0622
-9.81381
-9.56182
-9.30727
-9.05112
-8.79422
-8.53721
-8.28038
-8.02365
-7.76642
-7.50755
-7.24549
-6.97833
-6.70419
-6.42149
-6.12942
-5.82823
-5.51944
-5.20584
-4.89114
-4.57981
-4.27641
-3.98421
-3.70461
-3.43786
-3.18369
-2.94162
-2.71108
-2.49157
-2.28266
-2.08411
-1.89572
-1.71721
-1.54848
-1.38938
-1.23971
-1.09953
-0.968892
-0.847841
-0.736384
-0.634446
-0.541884
-0.458466
-0.383904
-0.317795
-0.259749
-0.209158
-0.165731
-0.128416
-0.0977092
-0.0708689
-0.0519827
-0.0309063
-0.0275758
0.00132789
-0.0354383
0.0597862
-14.2073
-14.2044
-14.2
-14.194
-14.1863
-14.1767
-14.1651
-14.1513
-14.135
-14.1161
-14.0942
-14.0693
-14.041
-14.0091
-13.9732
-13.9332
-13.8886
-13.8393
-13.7848
-13.7249
-13.6592
-13.5874
-13.5091
-13.4241
-13.332
-13.2325
-13.1252
-13.0099
-12.8863
-12.7542
-12.6133
-12.4634
-12.3043
-12.136
-11.9583
-11.7714
-11.5752
-11.37
-11.1561
-10.9337
-10.7036
-10.4664
-10.223
-9.97461
-9.72239
-9.46784
-9.21252
-8.95803
-8.7058
-8.45699
-8.21218
-7.97121
-7.73293
-7.49519
-7.25491
-7.00846
-6.75216
-6.48301
-6.19939
-5.90149
-5.59147
-5.27326
-4.95169
-4.63275
-4.32222
-4.02319
-3.73751
-3.4657
-3.20747
-2.96228
-2.72947
-2.50834
-2.29829
-2.09873
-1.90928
-1.72975
-1.55994
-1.39968
-1.24889
-1.10759
-0.975781
-0.853491
-0.740751
-0.637536
-0.543756
-0.459219
-0.383657
-0.316673
-0.257883
-0.206664
-0.162742
-0.125006
-0.0940515
-0.0669027
-0.0481456
-0.0265458
-0.0245514
0.00666784
-0.0373081
0.0710017
-14.2121
-14.2086
-14.2035
-14.1967
-14.1882
-14.1778
-14.1652
-14.1504
-14.1331
-14.113
-14.0901
-14.064
-14.0345
-14.0014
-13.9643
-13.923
-13.8772
-13.8266
-13.7709
-13.7097
-13.6428
-13.5697
-13.4903
-13.4041
-13.3108
-13.2101
-13.1018
-12.9854
-12.8608
-12.7277
-12.5858
-12.435
-12.2752
-12.1061
-11.9279
-11.7405
-11.5441
-11.339
-11.1253
-10.9038
-10.6749
-10.4396
-10.1989
-9.954
-9.70624
-9.45717
-9.20836
-8.96135
-8.71745
-8.47759
-8.24207
-8.01038
-7.78105
-7.55159
-7.31865
-7.07833
-6.82669
-6.56042
-6.27748
-5.9777
-5.66306
-5.33759
-5.00676
-4.67664
-4.35541
-4.04887
-3.75756
-3.48147
-3.21993
-2.972
-2.73674
-2.51328
-2.30094
-2.09914
-1.90749
-1.72587
-1.55416
-1.39224
-1.24
-1.09745
-0.964623
-0.841542
-0.728229
-0.624639
-0.53066
-0.446077
-0.370607
-0.303833
-0.245361
-0.194542
-0.151102
-0.11388
-0.0835331
-0.0569072
-0.0389363
-0.0176269
-0.0170517
0.0149437
-0.0329569
0.0785065
-15.7812
-15.787
-15.8376
-15.859
-15.8585
-15.8409
-15.8165
-15.7962
-15.7929
-15.8155
-15.8669
-15.9538
-16.0757
-16.2261
-16.3934
-16.5647
-16.7278
-16.8732
-16.995
-17.0899
-17.1574
-17.1982
-17.2142
-17.2072
-17.179
-17.1314
-17.0653
-16.9815
-16.8805
-16.7622
-16.6267
-16.4737
-16.3031
-16.1153
-15.9101
-15.687
-15.4422
-15.1784
-14.8953
-14.5932
-14.2722
-13.9322
-13.573
-13.1945
-12.7963
-12.378
-11.9389
-11.4782
-10.9948
-10.4875
-9.95501
-9.39583
-8.80854
-8.19187
-7.54489
-6.86725
-6.15949
-5.42338
-4.66236
-3.88197
-3.09019
-2.29819
-1.51973
-0.771242
-0.0710487
0.561465
1.10838
1.55545
1.89445
2.12466
2.25285
2.29182
2.258
2.16893
2.04138
1.89007
1.72706
1.56163
1.40039
1.24771
1.10612
0.976789
0.859992
0.75538
0.662258
0.580075
0.507577
0.446832
0.393252
0.339078
0.287303
0.239215
0.196561
0.158074
0.126439
0.0946821
0.0751989
0.0399945
0.0440973
-0.0239414
-15.884
-15.9185
-15.9417
-15.9623
-15.9421
-15.8883
-15.8218
-15.7797
-15.7685
-15.7839
-15.8395
-15.9444
-16.0959
-16.2804
-16.4788
-16.6724
-16.8468
-16.9929
-17.1071
-17.1892
-17.2415
-17.267
-17.269
-17.2505
-17.2138
-17.1604
-17.0914
-17.0073
-16.908
-16.7935
-16.663
-16.5159
-16.3516
-16.1678
-15.9641
-15.7394
-15.4991
-15.241
-14.9652
-14.6713
-14.3593
-14.029
-13.6804
-13.3134
-12.9276
-12.5228
-12.0983
-11.6536
-11.1876
-10.6993
-10.1874
-9.65057
-9.08732
-8.49636
-7.87663
-7.22752
-6.54919
-5.84283
-5.11111
-4.35865
-3.59211
-2.82075
-2.05708
-1.31624
-0.615462
0.0266672
0.592221
1.06616
1.43874
1.7073
1.87659
1.95756
1.96509
1.91551
1.82467
1.70669
1.57333
1.43379
1.29478
1.16092
1.03506
0.918776
0.812678
0.716756
0.630601
0.553322
0.48432
0.420166
0.361643
0.311772
0.269694
0.230309
0.194396
0.160286
0.130766
0.0997584
0.079679
0.0438091
0.0480982
-0.0298775
-15.82
-15.884
-15.8912
-15.8977
-15.8759
-15.8518
-15.8351
-15.8405
-15.8759
-15.9475
-16.0552
-16.1927
-16.3486
-16.5105
-16.6673
-16.8106
-16.9354
-17.0388
-17.12
-17.1793
-17.2176
-17.2362
-17.2362
-17.2189
-17.1851
-17.1355
-17.0705
-16.9902
-16.8944
-16.783
-16.6554
-16.511
-16.3496
-16.1712
-15.9745
-15.7592
-15.5256
-15.2737
-15.0037
-14.7159
-14.4101
-14.0867
-13.7455
-13.3866
-13.0098
-12.6148
-12.2011
-11.7682
-11.3151
-10.8408
-10.3439
-9.82316
-9.27695
-8.70387
-8.10271
-7.47263
-6.81344
-6.1259
-5.41215
-4.67606
-3.92356
-3.16308
-2.40582
-1.666
-0.960603
-0.308316
0.272267
0.764977
1.15873
1.44963
1.64158
1.74505
1.77464
1.74643
1.67604
1.57735
1.46189
1.33867
1.21429
1.09331
0.97862
0.871878
0.773867
0.684743
0.604318
0.53209
0.4675
0.410082
0.358547
0.311771
0.267304
0.226331
0.189526
0.155381
0.126376
0.0966308
0.0772056
0.0434416
0.0450568
-0.0246851
-15.693
-15.7704
-15.7938
-15.8059
-15.7989
-15.7934
-15.801
-15.835
-15.8997
-15.996
-16.1203
-16.2653
-16.4215
-16.579
-16.7293
-16.8658
-16.9839
-17.0814
-17.1574
-17.2122
-17.2469
-17.2626
-17.2608
-17.2424
-17.2084
-17.1594
-17.0955
-17.0167
-16.9227
-16.8131
-16.6874
-16.545
-16.3848
-16.207
-16.0109
-15.7967
-15.5648
-15.3153
-15.0481
-14.7636
-14.4618
-14.1429
-13.807
-13.4542
-13.0844
-12.6974
-12.2929
-11.8701
-11.4282
-10.9662
-10.4827
-9.97621
-9.44518
-8.888
-8.30322
-7.68976
-7.04708
-6.37552
-5.67671
-4.95391
-4.21244
-3.46015
-2.70775
-1.96905
-1.26075
-0.601609
-0.0107165
0.494969
0.903522
1.21039
1.41908
1.53986
1.58709
1.57658
1.52363
1.44185
1.34256
1.23452
1.12414
1.01581
0.912353
0.815443
0.725919
0.644043
0.569696
0.502423
0.441697
0.386353
0.336009
0.291027
0.250395
0.214186
0.181249
0.15039
0.123695
0.0957801
0.0768479
0.0445508
0.0438518
-0.0206674
-15.5803
-15.6684
-15.7021
-15.7198
-15.7253
-15.7386
-15.7699
-15.8286
-15.9163
-16.0312
-16.1678
-16.318
-16.4728
-16.6241
-16.7651
-16.8912
-16.9996
-17.0889
-17.159
-17.2101
-17.2432
-17.2591
-17.2586
-17.2424
-17.2111
-17.1647
-17.1033
-17.0267
-16.9346
-16.8266
-16.702
-16.5605
-16.4015
-16.2248
-16.0301
-15.8175
-15.5871
-15.3391
-15.0739
-14.7916
-14.4926
-14.1771
-13.8455
-13.4978
-13.1341
-12.7542
-12.3578
-11.9443
-11.5127
-11.0621
-10.5909
-10.0977
-9.58067
-9.03813
-8.46844
-7.87025
-7.24276
-6.586
-5.90121
-5.19121
-4.46088
-3.71759
-2.97165
-2.23652
-1.52875
-0.867086
-0.270767
0.243062
0.662361
0.982503
1.20677
1.34482
1.41011
1.41758
1.382
1.31681
1.23317
1.13968
1.04256
0.946075
0.853018
0.765112
0.683311
0.608016
0.539276
0.476825
0.420325
0.369177
0.322835
0.280798
0.242221
0.206922
0.174853
0.144872
0.118931
0.0921092
0.0735598
0.0431479
0.0405337
-0.0172625
-15.511
-15.5971
-15.6374
-15.6604
-15.6749
-15.698
-15.7394
-15.8072
-15.9025
-16.0227
-16.1618
-16.312
-16.4652
-16.6142
-16.753
-16.8777
-16.9856
-17.0755
-17.147
-17.2003
-17.2361
-17.255
-17.2575
-17.2444
-17.2157
-17.1718
-17.1124
-17.0373
-16.9463
-16.8389
-16.7146
-16.5731
-16.4138
-16.2367
-16.0417
-15.8288
-15.5983
-15.3506
-15.086
-14.8049
-14.5077
-14.1948
-13.8666
-13.5234
-13.1651
-12.7917
-12.4028
-11.9978
-11.5759
-11.1358
-10.6761
-10.1951
-9.69103
-9.16191
-8.60597
-8.02167
-7.40801
-6.76476
-6.09289
-5.39496
-4.67559
-3.9419
-3.20403
-2.47533
-1.77222
-1.11333
-0.517587
-0.00156428
0.423492
0.753549
0.991665
1.14621
1.22897
1.25389
1.2355
1.18711
1.11959
1.04114
0.957681
0.873334
0.790899
0.71218
0.63826
0.56969
0.50665
0.449014
0.396532
0.348682
0.305085
0.265482
0.229424
0.196522
0.166732
0.138754
0.114365
0.0890257
0.0710781
0.0423348
0.0383202
-0.0143737
-15.494
-15.568
-15.6039
-15.6254
-15.6419
-15.6679
-15.7117
-15.7801
-15.8747
-15.9932
-16.1299
-16.2778
-16.4291
-16.5771
-16.7161
-16.842
-16.9522
-17.0452
-17.1204
-17.1779
-17.2179
-17.241
-17.2474
-17.2376
-17.2118
-17.17
-17.1122
-17.0381
-16.9475
-16.8399
-16.715
-16.5725
-16.4122
-16.2339
-16.0377
-15.8237
-15.5925
-15.3443
-15.0796
-14.7991
-14.5032
-14.1924
-13.8672
-13.5279
-13.1746
-12.8071
-12.4252
-12.0282
-11.6151
-11.1848
-10.7355
-10.2656
-9.77312
-9.25598
-8.71226
-8.14028
-7.53887
-6.90768
-6.24754
-5.56089
-4.85226
-4.12874
-3.40046
-2.68077
-1.98598
-1.3343
-0.743835
-0.22977
0.198103
0.536302
0.786687
0.955509
1.05339
1.09423
1.0925
1.0609
1.00951
0.945978
0.875916
0.803383
0.731223
0.661363
0.595033
0.53294
0.475418
0.422496
0.374058
0.329767
0.289325
0.252407
0.218637
0.18759
0.159358
0.132787
0.109524
0.0853846
0.0680167
0.0408562
0.0359441
-0.0122664
-15.4764
-15.5384
-15.5715
-15.5929
-15.6104
-15.6368
-15.6792
-15.7443
-15.8342
-15.9474
-16.0795
-16.2239
-16.3734
-16.5213
-16.6619
-16.791
-16.9054
-17.0034
-17.0839
-17.1466
-17.1916
-17.219
-17.2292
-17.2224
-17.1988
-17.1585
-17.1014
-17.0274
-16.9362
-16.8276
-16.7012
-16.557
-16.3947
-16.2145
-16.0165
-15.8009
-15.5683
-15.3192
-15.0542
-14.774
-14.4791
-14.1702
-13.8478
-13.5122
-13.1635
-12.8017
-12.4263
-12.0367
-11.6318
-11.2103
-10.7705
-10.3105
-9.82832
-9.32173
-8.78872
-8.2275
-7.63684
-7.01633
-6.36679
-5.69067
-4.99257
-4.27971
-3.56234
-2.8538
-2.17015
-1.52878
-0.946272
-0.435914
-0.00636439
0.337898
0.596576
0.775202
0.885129
0.940441
0.954668
0.939252
0.903337
0.854028
0.796724
0.73544
0.673087
0.611707
0.552668
0.49682
0.444634
0.396271
0.351725
0.310775
0.273214
0.238784
0.207238
0.178164
0.15169
0.12669
0.104702
0.0818255
0.0651467
0.0394462
0.033986
-0.0105651
-15.5133
-15.5529
-15.5685
-15.5776
-15.5872
-15.6071
-15.6429
-15.7006
-15.7828
-15.8889
-16.0151
-16.1556
-16.3034
-16.4519
-16.595
-16.7281
-16.8475
-16.9509
-17.037
-17.1049
-17.1545
-17.1859
-17.1991
-17.1946
-17.1723
-17.1327
-17.0755
-17.0007
-16.9083
-16.798
-16.6697
-16.5232
-16.3588
-16.1764
-15.9763
-15.759
-15.525
-15.2751
-15.0098
-14.7299
-14.4362
-14.1292
-13.8096
-13.4777
-13.1336
-12.7772
-12.408
-12.0253
-11.6279
-11.2144
-10.7831
-10.3319
-9.85871
-9.3613
-8.83754
-8.28564
-7.70434
-7.09326
-6.45331
-5.78709
-5.09937
-4.39758
-3.6921
-2.99616
-2.32517
-1.69515
-1.12076
-0.614006
-0.184519
0.161189
0.422873
0.607865
0.728231
0.796992
0.826048
0.825547
0.803839
0.767604
0.722059
0.671188
0.617953
0.564491
0.512292
0.46233
0.415197
0.371175
0.33036
0.292644
0.257899
0.225908
0.196493
0.169267
0.144383
0.120797
0.0999772
0.0782601
0.0622782
0.0379151
0.0321736
-0.0092689
-15.478
-15.5194
-15.537
-15.5463
-15.5522
-15.5658
-15.5933
-15.6418
-15.715
-15.8134
-15.9339
-16.071
-16.2181
-16.3681
-16.5145
-16.6521
-16.7767
-16.8856
-16.9768
-17.0494
-17.103
-17.1374
-17.153
-17.1498
-17.1284
-17.0887
-17.0309
-16.955
-16.861
-16.7489
-16.6185
-16.47
-16.3034
-16.119
-15.9172
-15.6985
-15.4635
-15.2131
-14.9479
-14.6688
-14.3765
-14.0719
-13.7553
-13.4272
-13.0876
-12.7364
-12.3731
-11.9968
-11.6063
-11.2001
-10.7763
-10.3328
-9.86743
-9.37792
-8.86212
-8.31824
-7.74508
-7.14239
-6.51122
-5.8544
-5.17695
-4.48651
-3.79344
-3.11056
-2.45215
-1.83256
-1.26543
-0.763878
-0.339353
0.00246537
0.264153
0.454425
0.584423
0.665396
0.70773
0.720549
0.711569
0.687114
0.652236
0.61087
0.566009
0.519865
0.474019
0.429554
0.387162
0.347229
0.309938
0.275275
0.243182
0.213494
0.186097
0.160639
0.137296
0.115082
0.0954058
0.0748041
0.0595387
0.0364048
0.0305638
-0.0082351
-15.5834
-15.579
-15.5608
-15.5423
-15.527
-15.5217
-15.5321
-15.5657
-15.6269
-15.7168
-15.8323
-15.9675
-16.1154
-16.2682
-16.4188
-16.5613
-16.6911
-16.8049
-16.9006
-16.9771
-17.0337
-17.0704
-17.0876
-17.0855
-17.0643
-17.0244
-16.9659
-16.8889
-16.7935
-16.6798
-16.5478
-16.3976
-16.2295
-16.0438
-15.8409
-15.6214
-15.3862
-15.1359
-14.8714
-14.5936
-14.3034
-14.0013
-13.688
-13.3639
-13.0289
-12.6828
-12.325
-11.9547
-11.5704
-11.1706
-10.7534
-10.3166
-9.85801
-9.37525
-8.86624
-8.32926
-7.76323
-7.16807
-6.54504
-5.89724
-5.22991
-4.55078
-3.86991
-3.19928
-2.55192
-1.94166
-1.38345
-0.891955
-0.477196
-0.141316
0.120268
0.31568
0.454391
0.546101
0.600049
0.62456
0.626829
0.612869
0.587564
0.554792
0.517553
0.478107
0.438112
0.398733
0.360749
0.324632
0.290647
0.258854
0.229261
0.201748
0.176255
0.152461
0.130567
0.109638
0.0910424
0.0714865
0.0569271
0.0349199
0.029102
-0.00740946
-15.4507
-15.4971
-15.4999
-15.486
-15.4607
-15.4412
-15.4378
-15.4606
-15.5147
-15.6009
-15.7156
-15.8521
-16.0027
-16.159
-16.3136
-16.4602
-16.5939
-16.7111
-16.8098
-16.8886
-16.9472
-16.9855
-17.0037
-17.002
-16.9809
-16.9407
-16.8816
-16.8039
-16.7076
-16.5929
-16.46
-16.3089
-16.1401
-15.9538
-15.7507
-15.5313
-15.2965
-15.0471
-14.784
-14.5082
-14.2204
-13.9214
-13.6117
-13.2915
-12.961
-12.6198
-12.2672
-11.9023
-11.5236
-11.1295
-10.718
-10.287
-9.83403
-9.35698
-8.85376
-8.32274
-7.76301
-7.17469
-6.5593
-5.92014
-5.26258
-4.59412
-3.92423
-3.26415
-2.62695
-2.02795
-1.48328
-1.00586
-0.601862
-0.270999
-0.00885566
0.191324
0.337615
0.438577
0.502566
0.537262
0.549411
0.544744
0.527987
0.502944
0.472604
0.439261
0.404623
0.369923
0.336014
0.303439
0.27253
0.243416
0.216158
0.190681
0.16697
0.144738
0.124206
0.104486
0.0869121
0.0683389
0.0544659
0.0334938
0.0277767
-0.00673366
-15.7474
-15.6474
-15.5592
-15.4895
-15.4284
-15.3823
-15.3585
-15.3666
-15.4112
-15.4921
-15.6048
-15.7416
-15.8939
-16.0524
-16.2092
-16.3577
-16.4929
-16.6114
-16.711
-16.7906
-16.8496
-16.888
-16.9061
-16.9042
-16.8828
-16.8422
-16.7827
-16.7045
-16.6078
-16.4927
-16.3595
-16.2083
-16.0395
-15.8535
-15.6509
-15.4324
-15.1988
-14.951
-14.6899
-14.4165
-14.1316
-13.8359
-13.5298
-13.2137
-12.8875
-12.5509
-12.203
-11.843
-11.4692
-11.08
-10.6733
-10.2471
-9.79895
-9.32672
-8.82843
-8.30261
-7.74853
-7.16651
-6.55826
-5.92716
-5.27843
-4.61921
-3.95876
-3.30884
-2.68403
-2.10046
-1.57245
-1.10915
-0.714139
-0.386898
-0.123953
0.0803586
0.233107
0.341979
0.414617
0.458159
0.478963
0.482504
0.473351
0.455233
0.431117
0.403308
0.373556
0.343144
0.312983
0.283678
0.255618
0.228991
0.203904
0.180325
0.158276
0.137501
0.11824
0.0996489
0.0830333
0.065378
0.052161
0.0321407
0.0265696
-0.00616994
-15.2789
-15.3865
-15.3812
-15.3563
-15.3049
-15.2624
-15.2438
-15.2592
-15.3114
-15.3985
-15.5156
-15.6526
-15.8042
-15.9611
-16.1159
-16.2624
-16.3958
-16.5128
-16.6111
-16.6895
-16.7474
-16.7848
-16.8019
-16.7992
-16.7771
-16.7358
-16.6758
-16.5972
-16.5003
-16.3852
-16.2521
-16.1013
-15.933
-15.7479
-15.5464
-15.3293
-15.0975
-14.8518
-14.5932
-14.3225
-14.0407
-13.7484
-13.446
-13.1337
-12.8116
-12.4791
-12.1355
-11.7796
-11.41
-11.0249
-10.6223
-10.2
-9.75588
-9.28769
-8.79364
-8.27239
-7.72337
-7.14704
-6.54517
-5.92103
-5.27972
-4.62861
-3.97786
-3.34056
-2.73176
-2.16588
-1.65386
-1.20237
-0.81443
-0.490003
-0.226339
-0.0185507
0.139667
0.255298
0.335394
0.386626
0.415014
0.425798
0.423405
0.411482
0.392965
0.370164
0.344853
0.318356
0.291631
0.265335
0.239905
0.215576
0.192501
0.170682
0.150175
0.130754
0.112675
0.0951344
0.079413
0.0626127
0.0500155
0.030872
0.0254682
-0.00568892
-16.1197
-15.6107
-15.5183
-15.3983
-15.2958
-15.2284
-15.1936
-15.1963
-15.2384
-15.318
-15.4293
-15.5672
-15.7182
-15.8747
-16.0288
-16.1739
-16.3054
-16.4201
-16.516
-16.592
-16.6477
-16.6831
-16.6984
-16.6941
-16.6706
-16.6283
-16.5674
-16.4883
-16.3911
-16.2759
-16.1431
-15.9928
-15.8254
-15.6414
-15.4414
-15.226
-14.9963
-14.7529
-14.497
-14.2292
-13.9505
-13.6614
-13.3625
-13.0538
-12.7353
-12.4065
-12.0664
-11.7141
-11.348
-10.9662
-10.5669
-10.1478
-9.70682
-9.2419
-8.75132
-8.23387
-7.68909
-7.11751
-6.52091
-5.90275
-5.26862
-4.62679
-3.9884
-3.36679
-2.77554
-2.22627
-1.72773
-1.28583
-0.903691
-0.581638
-0.317415
-0.10672
0.0561357
0.177557
0.264096
0.322025
0.357063
0.374244
0.377855
0.371466
0.35798
0.3397
0.318417
0.295488
0.271905
0.248368
0.225356
0.203147
0.181928
0.161736
0.142656
0.12449
0.107506
0.0909408
0.0760504
0.0600438
0.048028
0.0296905
0.024465
-0.00527296
)
;

boundaryField
{
    outlet
    {
        type            fixedValue;
        value           uniform 0;
    }
    inlet
    {
        type            zeroGradient;
    }
    lowerWall
    {
        type            zeroGradient;
    }
    upperWall
    {
        type            zeroGradient;
    }
    frontAndBack
    {
        type            empty;
    }
}


// ************************************************************************* //
