/*--------------------------------*- C++ -*----------------------------------*\
| =========                 |                                                 |
| \\      /  F ield         | OpenFOAM: The Open Source CFD Toolbox           |
|  \\    /   O peration     | Version:  2.1.1                                 |
|   \\  /    A nd           | Web:      www.OpenFOAM.org                      |
|    \\/     M anipulation  |                                                 |
\*---------------------------------------------------------------------------*/
FoamFile
{
    version     2.0;
    format      ascii;
    class       volScalarField;
    location    "0.095";
    object      epsilon;
}
// * * * * * * * * * * * * * * * * * * * * * * * * * * * * * * * * * * * * * //

dimensions      [0 2 -3 0 0 0 0];

internalField   nonuniform List<scalar> 
6820
(
151.448
203.151
260.735
321.761
383.63
443.728
499.772
550.052
593.512
629.712
658.718
680.971
697.146
708.039
714.476
717.252
717.098
714.654
710.469
705.003
698.632
691.658
684.322
676.812
669.27
661.805
654.491
647.401
640.489
634.156
626.559
626.507
591.824
11.7448
21.4171
29.9432
38.623
47.5776
56.5532
65.3128
73.6552
81.4184
88.494
94.8273
100.411
105.276
109.478
113.09
116.188
118.849
121.148
123.149
124.91
126.48
127.9
129.205
130.423
131.578
132.691
133.781
134.87
135.983
137.187
138.509
140.361
142.64
5.8378
7.51682
9.20667
10.8094
12.3199
13.7475
15.0886
16.3394
17.4983
18.5652
19.5418
20.4318
21.2404
21.974
22.64
23.2459
23.7994
24.3079
24.7783
25.2169
25.6295
26.0211
26.3961
26.7584
27.1111
27.4571
27.7987
28.1382
28.4771
28.8181
29.1634
29.5098
29.9043
5.2423
5.56004
6.00444
6.49348
6.98573
7.46196
7.91309
8.33481
8.72545
9.08485
9.41375
9.71351
9.98582
10.2326
10.4558
10.6575
10.8397
11.0044
11.1533
11.2883
11.4109
11.5227
11.6251
11.7193
11.8064
11.8875
11.9633
12.0345
12.1017
12.1653
12.2248
12.2811
12.3306
5.17349
5.18677
5.26821
5.39776
5.55638
5.72969
5.9078
6.0843
6.25514
6.4179
6.57119
6.71431
6.84702
6.96938
7.08167
7.18429
7.27775
7.3626
7.4394
7.50877
7.57127
7.62748
7.67796
7.72324
7.7638
7.80012
7.83263
7.86172
7.88774
7.91102
7.93179
7.95033
7.96667
5.16878
5.12131
5.09602
5.09481
5.11536
5.15307
5.20299
5.26075
5.32292
5.38691
5.45087
5.51347
5.57378
5.63119
5.68532
5.73593
5.78294
5.82633
5.86616
5.90254
5.9356
5.9655
5.99243
6.01657
6.03811
6.05723
6.07413
6.08899
6.10198
6.11328
6.12305
6.13139
6.13851
5.16887
5.11169
5.06116
5.01963
4.9884
4.96754
4.95615
4.95279
4.95586
4.96385
4.97541
4.98943
5.005
5.02139
5.03804
5.05453
5.07053
5.0858
5.10018
5.11354
5.12583
5.137
5.14704
5.15597
5.16381
5.17059
5.17637
5.1812
5.18514
5.18825
5.19059
5.19222
5.1932
5.16902
5.11062
5.05514
5.00339
4.95619
4.91414
4.87747
4.84611
4.81972
4.7978
4.77979
4.76509
4.75315
4.74346
4.73557
4.7291
4.72373
4.71918
4.71522
4.71168
4.7084
4.70526
4.70217
4.69906
4.69587
4.69256
4.68911
4.68551
4.68173
4.67778
4.67366
4.66937
4.66493
5.16904
5.11054
5.05431
5.00049
4.94927
4.9009
4.85559
4.81346
4.77455
4.73881
4.7061
4.67623
4.64895
4.62404
4.60124
4.58031
4.56104
4.54321
4.52665
4.51118
4.49666
4.48297
4.46999
4.45764
4.44582
4.43447
4.42353
4.41295
4.4027
4.39273
4.38301
4.37353
4.36426
5.16904
5.11054
5.0542
5.00002
4.94796
4.89803
4.85027
4.80471
4.76138
4.72028
4.68139
4.64466
4.61001
4.57736
4.54659
4.51759
4.49024
4.46441
4.44
4.41689
4.39497
4.37414
4.35432
4.33542
4.31736
4.30007
4.2835
4.26759
4.25228
4.23754
4.22332
4.20959
4.19631
5.16904
5.11053
5.05418
4.99994
4.94773
4.89747
4.84913
4.80265
4.758
4.71514
4.67406
4.6347
4.59704
4.56103
4.5266
4.49371
4.46229
4.43226
4.40357
4.37613
4.34989
4.32478
4.30073
4.27768
4.25557
4.23435
4.21397
4.19437
4.17551
4.15735
4.13985
4.12297
4.10668
5.16904
5.11052
5.05417
4.99991
4.94767
4.89735
4.84888
4.80218
4.75719
4.71385
4.6721
4.63189
4.59318
4.55591
4.52005
4.48555
4.45235
4.42042
4.3897
4.36015
4.33172
4.30435
4.27802
4.25266
4.22824
4.20471
4.18204
4.16018
4.1391
4.11876
4.09912
4.08016
4.06184
5.16904
5.11052
5.05416
4.99989
4.94764
4.89731
4.84881
4.80206
4.75699
4.71352
4.67159
4.63113
4.5921
4.55444
4.51809
4.483
4.44914
4.41646
4.38491
4.35446
4.32505
4.29666
4.26925
4.24277
4.21719
4.19248
4.1686
4.14552
4.12321
4.10164
4.08079
4.06061
4.04108
5.16903
5.11051
5.05415
4.99988
4.94762
4.89728
4.84877
4.802
4.75691
4.7134
4.67142
4.63091
4.59178
4.554
4.5175
4.48223
4.44815
4.41521
4.38336
4.35257
4.32279
4.29398
4.26612
4.23916
4.21308
4.18783
4.16339
4.13974
4.11683
4.09465
4.07317
4.05236
4.0322
5.16903
5.11051
5.05414
4.99987
4.9476
4.89725
4.84873
4.80196
4.75685
4.71333
4.67134
4.6308
4.59165
4.55383
4.51728
4.48196
4.44781
4.41478
4.38283
4.35193
4.32201
4.29306
4.26503
4.23789
4.21161
4.18615
4.16148
4.13758
4.11442
4.09197
4.07021
4.04911
4.02864
5.16903
5.11051
5.05413
4.99986
4.94758
4.89723
4.8487
4.80192
4.7568
4.71328
4.67127
4.63072
4.59155
4.55372
4.51716
4.48181
4.44764
4.41458
4.3826
4.35165
4.3217
4.29269
4.26461
4.2374
4.21104
4.1855
4.16075
4.13675
4.11349
4.09093
4.06905
4.04783
4.02723
5.16903
5.1105
5.05413
4.99985
4.94757
4.89721
4.84868
4.80189
4.75676
4.71323
4.67121
4.63065
4.59148
4.55363
4.51706
4.4817
4.44751
4.41444
4.38245
4.35148
4.32151
4.29248
4.26437
4.23714
4.21075
4.18518
4.16039
4.13636
4.11306
4.09045
4.06853
4.04725
4.02661
5.16903
5.1105
5.05412
4.99984
4.94756
4.89719
4.84865
4.80186
4.75672
4.71318
4.67116
4.63059
4.59141
4.55355
4.51697
4.4816
4.4474
4.41432
4.38232
4.35134
4.32136
4.29232
4.2642
4.23695
4.21055
4.18496
4.16016
4.13611
4.11278
4.09016
4.06821
4.04691
4.02624
5.16903
5.1105
5.05412
4.99983
4.94755
4.89718
4.84863
4.80183
4.75669
4.71314
4.67111
4.63053
4.59134
4.55348
4.51689
4.48151
4.4473
4.41422
4.3822
4.35122
4.32122
4.29217
4.26404
4.23678
4.21037
4.18477
4.15996
4.13589
4.11256
4.08992
4.06796
4.04665
4.02596
5.16903
5.1105
5.05411
4.99982
4.94754
4.89716
4.84861
4.80181
4.75666
4.71311
4.67107
4.63048
4.59128
4.55341
4.51681
4.48143
4.44721
4.41412
4.38209
4.3511
4.32109
4.29204
4.26389
4.23663
4.21021
4.1846
4.15977
4.1357
4.11235
4.0897
4.06773
4.0464
4.02571
5.16903
5.1105
5.05411
4.99982
4.94753
4.89715
4.8486
4.80179
4.75664
4.71307
4.67103
4.63044
4.59123
4.55335
4.51674
4.48135
4.44713
4.41402
4.38199
4.35099
4.32097
4.29191
4.26376
4.23648
4.21005
4.18443
4.1596
4.13551
4.11215
4.08949
4.06751
4.04618
4.02546
5.16903
5.11049
5.05411
4.99981
4.94752
4.89714
4.84858
4.80177
4.75661
4.71305
4.671
4.63039
4.59118
4.5533
4.51668
4.48128
4.44705
4.41394
4.3819
4.35089
4.32086
4.29179
4.26363
4.23634
4.2099
4.18428
4.15943
4.13534
4.11197
4.0893
4.0673
4.04595
4.02523
5.16903
5.11049
5.05411
4.99981
4.94752
4.89713
4.84857
4.80175
4.75659
4.71302
4.67096
4.63036
4.59114
4.55325
4.51662
4.48122
4.44698
4.41386
4.38181
4.35079
4.32076
4.29168
4.26351
4.23621
4.20977
4.18413
4.15927
4.13517
4.11179
4.08911
4.0671
4.04574
4.02501
5.16903
5.11049
5.0541
4.99981
4.94751
4.89712
4.84856
4.80174
4.75657
4.713
4.67094
4.63033
4.5911
4.5532
4.51657
4.48116
4.44692
4.41379
4.38173
4.3507
4.32066
4.29157
4.2634
4.23609
4.20964
4.18399
4.15912
4.13501
4.11162
4.08893
4.06691
4.04554
4.0248
5.16903
5.11049
5.0541
4.9998
4.94751
4.89712
4.84855
4.80172
4.75656
4.71298
4.67091
4.6303
4.59107
4.55316
4.51653
4.48111
4.44686
4.41372
4.38166
4.35062
4.32058
4.29148
4.26329
4.23598
4.20951
4.18386
4.15898
4.13486
4.11146
4.08876
4.06673
4.04535
4.02459
5.16903
5.11049
5.0541
4.9998
4.9475
4.89711
4.84854
4.80171
4.75654
4.71296
4.67089
4.63027
4.59104
4.55313
4.51649
4.48106
4.4468
4.41366
4.38159
4.35055
4.3205
4.29139
4.2632
4.23588
4.2094
4.18374
4.15885
4.13472
4.11131
4.0886
4.06656
4.04517
4.0244
5.16903
5.11049
5.0541
4.9998
4.9475
4.89711
4.84854
4.8017
4.75653
4.71294
4.67087
4.63025
4.59101
4.55309
4.51645
4.48102
4.44675
4.41361
4.38153
4.35048
4.32042
4.29131
4.26311
4.23578
4.2093
4.18362
4.15873
4.13459
4.11117
4.08845
4.0664
4.045
4.02422
5.16903
5.11049
5.0541
4.9998
4.9475
4.89711
4.84853
4.8017
4.75653
4.71294
4.67086
4.63023
4.59099
4.55307
4.51642
4.48099
4.44672
4.41357
4.38149
4.35043
4.32036
4.29124
4.26303
4.2357
4.20921
4.18353
4.15862
4.13447
4.11105
4.08831
4.06626
4.04485
4.02406
5.16903
5.11049
5.0541
4.9998
4.9475
4.8971
4.84853
4.80169
4.75651
4.71292
4.67084
4.63021
4.59096
4.55304
4.51639
4.48095
4.44668
4.41352
4.38143
4.35037
4.3203
4.29117
4.26296
4.23562
4.20912
4.18343
4.15852
4.13436
4.11093
4.08819
4.06612
4.0447
4.0239
5.16903
5.11049
5.0541
4.9998
4.9475
4.89711
4.84853
4.8017
4.75653
4.71293
4.67086
4.63022
4.59098
4.55305
4.5164
4.48095
4.44668
4.41351
4.38142
4.35036
4.32028
4.29115
4.26292
4.23558
4.20907
4.18338
4.15846
4.13429
4.11085
4.0881
4.06603
4.0446
4.02379
5.16903
5.11049
5.0541
4.9998
4.9475
4.8971
4.84853
4.80169
4.75651
4.71291
4.67083
4.6302
4.59095
4.55302
4.51637
4.48092
4.44664
4.41348
4.38139
4.35032
4.32024
4.29111
4.26289
4.23554
4.20903
4.18333
4.15841
4.13424
4.1108
4.08805
4.06597
4.04454
4.02373
5.16903
5.11049
5.0541
4.99981
4.94752
4.89714
4.84858
4.80176
4.75659
4.71301
4.67093
4.6303
4.59106
4.55313
4.51647
4.48103
4.44675
4.41359
4.38149
4.35043
4.32035
4.29121
4.26299
4.23565
4.20915
4.18345
4.15854
4.13438
4.11094
4.0882
4.06614
4.04472
4.02393
5.16903
5.11051
5.05414
4.99985
4.94756
4.89718
4.84861
4.80178
4.75661
4.71302
4.67095
4.63033
4.5911
4.55319
4.51655
4.48114
4.44688
4.41375
4.3817
4.35067
4.32064
4.29156
4.26339
4.23611
4.20967
4.18405
4.15921
4.13513
4.11177
4.08912
4.06715
4.04582
4.02513
5.16903
5.1105
5.05415
4.99992
4.9477
4.89739
4.8489
4.80214
4.75704
4.71352
4.67151
4.63097
4.59181
4.554
4.51748
4.48219
4.44808
4.41512
4.38325
4.35244
4.32263
4.2938
4.2659
4.2389
4.21277
4.18747
4.16297
4.13924
4.11626
4.09399
4.0724
4.05148
4.0312
5.16905
5.11063
5.05441
5.00026
4.9481
4.89786
4.84947
4.80288
4.75802
4.71482
4.67323
4.63318
4.59462
4.55748
4.52172
4.48727
4.45409
4.42212
4.39132
4.36163
4.33301
4.30541
4.2788
4.25312
4.22835
4.20443
4.18134
4.15904
4.1375
4.11668
4.09656
4.0771
4.05827
5.16908
5.11079
5.05488
5.00136
4.95017
4.9012
4.8544
4.80972
4.7671
4.72648
4.6878
4.65097
4.61592
4.58257
4.55082
4.52059
4.49179
4.46435
4.43818
4.41321
4.38937
4.36659
4.3448
4.32394
4.30396
4.28481
4.26643
4.24879
4.23183
4.21552
4.19982
4.1847
4.17012
5.16939
5.11358
5.06202
5.01464
4.97148
4.93248
4.89745
4.86613
4.83819
4.81333
4.79121
4.77153
4.754
4.73837
4.72441
4.7119
4.70066
4.69052
4.68134
4.67299
4.66536
4.65834
4.65186
4.64584
4.64022
4.63493
4.62992
4.62516
4.6206
4.61622
4.61198
4.60787
4.60385
5.17808
5.16329
5.16948
5.19113
5.22428
5.2659
5.31359
5.36548
5.42014
5.47649
5.53368
5.59106
5.64813
5.70449
5.75986
5.81401
5.86678
5.91806
5.96777
6.01586
6.0623
6.10709
6.15024
6.19177
6.23169
6.27006
6.30691
6.34227
6.37621
6.40876
6.43998
6.46991
6.49863
5.63861
6.43046
7.14597
7.82597
8.49532
9.14802
9.77816
10.3834
10.9636
11.5196
12.0528
12.5648
13.0571
13.5312
13.9882
14.4293
14.8556
15.2678
15.6669
16.0533
16.4279
16.7911
17.1434
17.4854
17.8175
18.14
18.4535
18.7582
19.0545
19.3428
19.6234
19.8966
20.1627
44.7794
48.3124
51.8864
55.4656
59.0311
62.5709
66.0743
69.5317
72.9343
76.2743
79.5448
82.7399
85.8549
88.8857
91.829
94.6827
97.4448
100.114
102.691
105.175
107.566
109.865
112.074
114.194
116.227
118.175
120.039
121.822
123.527
125.155
126.71
128.193
129.608
702.222
831.191
939.874
1033.86
1115
1178.27
1217.11
1227.62
1210.62
1171.19
1116.88
1055.44
993.027
933.708
879.385
830.407
786.357
746.637
710.764
678.427
649.424
623.559
600.581
580.167
561.94
545.505
530.478
516.507
503.279
490.517
477.978
465.443
452.719
439.627
426.008
411.714
396.61
380.569
363.473
345.211
325.681
304.796
282.494
258.749
233.595
207.155
179.674
151.568
123.471
96.2752
71.1263
49.3157
31.9975
19.7396
12.1625
8.07307
6.09979
5.23064
4.89507
4.80983
4.83772
4.91077
4.99452
5.07157
5.13371
5.17792
5.20413
5.21394
5.20982
5.19459
5.17111
5.14206
5.10984
5.07648
5.04362
5.0125
4.98395
4.95849
4.93632
4.91736
4.90132
4.8877
4.87591
4.86527
4.85514
4.84491
4.8341
4.8223
4.80919
4.79441
4.77752
4.75789
4.73466
4.70667
4.67243
4.63007
4.57813
4.51165
4.44441
4.29089
147.161
154.015
164.837
181.472
205.725
239.082
282.285
334.729
394.147
456.66
517.245
570.651
612.399
639.811
652.517
652.201
641.891
625.011
604.622
583.009
561.611
541.17
521.959
504
487.201
471.436
456.568
442.458
428.952
415.885
403.081
390.358
377.539
364.454
350.949
336.883
322.13
306.578
290.128
272.695
254.215
234.649
213.996
192.313
169.735
146.506
123.014
99.8163
77.6618
57.459
40.1658
26.5608
16.9364
10.9024
7.53704
5.82938
5.02727
4.6902
4.5878
4.60146
4.6682
4.75348
4.8382
4.91208
4.97016
5.01073
5.03415
5.04199
5.03652
5.02026
4.99581
4.96562
4.93188
4.89652
4.86111
4.82689
4.79477
4.76536
4.73903
4.71586
4.69574
4.67836
4.66326
4.64989
4.63767
4.62605
4.61455
4.60273
4.59023
4.57665
4.56152
4.54418
4.52379
4.4992
4.46899
4.43136
4.38489
4.32489
4.26407
4.12327
30.2837
30.73
31.408
32.5238
34.2933
36.9928
41.0249
46.9754
55.5713
67.5572
83.4527
103.555
127.683
155.064
184.584
214.537
243.004
268.224
288.898
304.366
314.617
320.154
321.79
320.436
316.943
312.012
306.153
299.699
292.834
285.637
278.106
270.199
261.844
252.96
243.464
233.275
222.321
210.541
197.886
184.329
169.867
154.537
138.425
121.685
104.559
87.3928
70.6531
54.9144
40.8169
28.9648
19.7683
13.2802
9.14316
6.73706
5.43608
4.77756
4.47755
4.37513
4.37968
4.43889
4.52173
4.60953
4.69116
4.76029
4.81376
4.85063
4.87138
4.87748
4.87093
4.85399
4.82898
4.79812
4.76342
4.72665
4.68932
4.65263
4.61753
4.5847
4.55461
4.5275
4.50339
4.48216
4.46347
4.44693
4.43205
4.41835
4.40536
4.39266
4.37987
4.36657
4.35226
4.33631
4.31787
4.29585
4.2689
4.23529
4.19366
4.13959
4.08476
3.95627
12.3862
12.4635
12.5596
12.6777
12.8268
13.0203
13.2772
13.6331
14.1529
14.9478
16.1796
18.0504
20.7756
24.5537
29.4155
35.462
42.7391
51.1817
60.5909
70.6411
80.9176
90.9729
100.388
108.824
116.05
121.95
126.512
129.795
131.899
132.938
133.016
132.211
130.577
128.135
124.889
120.828
115.938
110.207
103.637
96.2518
88.1039
79.2877
69.9476
60.2874
50.5757
41.1416
32.3552
24.5855
18.1332
13.1525
9.59969
7.25176
5.79866
4.94826
4.48119
4.25201
4.16853
4.1723
4.22566
4.30397
4.39103
4.47619
4.55261
4.6162
4.66486
4.69802
4.71619
4.72068
4.71323
4.69585
4.67057
4.63939
4.60416
4.56649
4.52779
4.48922
4.45173
4.41603
4.38266
4.35196
4.32411
4.29908
4.27673
4.25677
4.23882
4.22249
4.20736
4.19305
4.17917
4.16531
4.15097
4.13553
4.11819
4.0979
4.07339
4.04304
4.00555
3.95677
3.9074
3.79056
7.98344
8.00162
8.01935
8.03673
8.05482
8.07538
8.10024
8.13143
8.17225
8.22977
8.3187
8.46467
8.70488
9.0994
9.65094
10.3697
11.2734
12.3789
13.6992
15.2409
17.0015
18.9669
21.1097
23.3888
25.7513
28.1357
30.4775
32.7131
34.7846
36.6404
38.236
39.532
40.4922
41.0814
41.2651
41.01
40.2864
39.0723
37.3587
35.1557
32.4987
29.4536
26.1199
22.63
19.1423
15.8264
12.8405
10.3043
8.27665
6.74868
5.65879
4.92028
4.44673
4.16538
4.01988
3.96815
3.97905
4.02964
4.103
4.18672
4.27176
4.35164
4.4219
4.4797
4.52355
4.55308
4.56877
4.57173
4.56348
4.54577
4.52041
4.48917
4.45372
4.41555
4.37594
4.33602
4.29667
4.25865
4.22251
4.18867
4.15741
4.12881
4.10286
4.07939
4.05815
4.03882
4.02108
4.00456
3.98892
3.97377
3.95863
3.94291
3.92585
3.90648
3.88361
3.85574
3.82165
3.77746
3.73293
3.62698
6.14507
6.15038
6.15372
6.15548
6.15598
6.15559
6.15484
6.1543
6.15451
6.15614
6.16039
6.16984
6.18929
6.22704
6.28773
6.37592
6.49543
6.64919
6.83909
7.06588
7.32905
7.62692
7.95667
8.31436
8.6949
9.09211
9.49882
9.90711
10.3085
10.6941
11.0545
11.38
11.66
11.8829
12.036
12.1054
12.0767
11.936
11.6718
11.2774
10.7535
10.1109
9.37183
8.56906
7.74331
6.938
6.19288
5.53839
4.99242
4.56034
4.23747
4.01267
3.87159
3.79898
3.78012
3.80163
3.85172
3.92036
3.99917
4.08129
4.16122
4.23467
4.29849
4.35058
4.3898
4.41586
4.42916
4.43066
4.42167
4.40371
4.37837
4.34724
4.3118
4.27341
4.23328
4.19242
4.15172
4.11187
4.07347
4.03698
4.00271
3.97087
3.94152
3.91462
3.89002
3.8675
3.84681
3.82766
3.80974
3.7927
3.77609
3.75939
3.74188
3.72267
3.70067
3.67451
3.64305
3.60272
3.56237
3.46638
5.19345
5.19252
5.19023
5.18663
5.18183
5.17599
5.16937
5.1622
5.15467
5.14694
5.13911
5.1314
5.12425
5.11846
5.11514
5.1155
5.12077
5.13202
5.15015
5.17566
5.20871
5.24901
5.29595
5.3486
5.40576
5.46597
5.52758
5.58879
5.64771
5.70236
5.75075
5.79087
5.82067
5.83802
5.84066
5.82621
5.79214
5.7359
5.65511
5.54798
5.41377
5.25338
5.06988
4.86873
4.65766
4.44604
4.24381
4.06034
3.90333
3.77812
3.6874
3.63132
3.6079
3.6136
3.6438
3.69339
3.75712
3.82991
3.90703
3.98419
4.05768
4.12439
4.18191
4.22858
4.26344
4.28623
4.29729
4.29742
4.28773
4.26955
4.24429
4.21335
4.17808
4.13971
4.09933
4.0579
4.01624
3.97503
3.93486
3.89618
3.85936
3.82466
3.79223
3.7621
3.73423
3.70848
3.68469
3.66263
3.64206
3.62267
3.60407
3.58579
3.56718
3.54745
3.52561
3.50041
3.47083
3.43359
3.39673
3.30968
4.65948
4.6527
4.64516
4.63683
4.62777
4.61805
4.60776
4.59701
4.5859
4.57449
4.5628
4.55079
4.53841
4.52562
4.51247
4.49908
4.48566
4.47246
4.45978
4.44787
4.43693
4.42707
4.41828
4.41046
4.4034
4.39681
4.39029
4.38337
4.37551
4.36616
4.35473
4.34063
4.32329
4.30217
4.27674
4.24652
4.21105
4.16995
4.12293
4.06986
4.01086
3.94644
3.87757
3.80586
3.73351
3.66333
3.59852
3.54238
3.49798
3.46784
3.45364
3.4561
3.47494
3.50895
3.55616
3.61409
3.67984
3.75036
3.82254
3.89336
3.96005
4.02016
4.07173
4.11335
4.14418
4.16397
4.17295
4.17179
4.16146
4.1431
4.11795
4.08728
4.05228
4.01407
3.97366
3.93194
3.88967
3.84749
3.80596
3.76556
3.72665
3.68952
3.65437
3.62132
3.59038
3.56152
3.53462
3.50955
3.48611
3.46407
3.44309
3.42276
3.40252
3.38168
3.35935
3.33443
3.30602
3.2711
3.23703
3.15782
4.35364
4.34142
4.32889
4.316
4.30276
4.28918
4.27531
4.26118
4.24686
4.23237
4.21771
4.20286
4.18777
4.17235
4.15652
4.1402
4.12331
4.10584
4.08779
4.06918
4.05006
4.03049
4.01051
3.99018
3.9695
3.94847
3.92705
3.90517
3.88274
3.85964
3.83573
3.81088
3.78495
3.75784
3.72944
3.69971
3.66862
3.63622
3.60265
3.56811
3.53295
3.49766
3.46291
3.42958
3.39877
3.37175
3.34994
3.33482
3.32778
3.32998
3.34223
3.3649
3.39784
3.44036
3.49133
3.54915
3.61192
3.67747
3.74348
3.80763
3.86765
3.92154
3.96759
4.00458
4.03172
4.04875
4.05583
4.0535
4.04258
4.02407
3.99907
3.9687
3.93404
3.89612
3.85585
3.81406
3.77144
3.72863
3.68613
3.64441
3.60384
3.56471
3.52727
3.49165
3.45796
3.42619
3.39633
3.36828
3.34192
3.31706
3.29346
3.27076
3.24849
3.22605
3.2027
3.17745
3.14953
3.11622
3.08423
3.01171
4.18133
4.1644
4.14742
4.13034
4.11315
4.09587
4.0785
4.06107
4.04361
4.02614
4.00867
3.99119
3.97367
3.95605
3.93826
3.92024
3.90188
3.88313
3.86391
3.84416
3.82387
3.803
3.78157
3.75958
3.73706
3.71403
3.69053
3.66659
3.64223
3.61747
3.59234
3.56686
3.54105
3.51496
3.48865
3.46219
3.43571
3.40937
3.38338
3.35803
3.33367
3.31075
3.28979
3.27143
3.25639
3.24546
3.23946
3.23922
3.2455
3.25892
3.27988
3.30854
3.34472
3.3879
3.43724
3.49157
3.54942
3.60908
3.6687
3.72634
3.78009
3.8282
3.8692
3.90195
3.92573
3.94024
3.94559
3.9422
3.93076
3.91215
3.88732
3.85729
3.82303
3.78548
3.74547
3.70377
3.66105
3.61786
3.57472
3.53205
3.49021
3.44951
3.41018
3.37241
3.33631
3.30195
3.26935
3.23848
3.20928
3.18161
3.15528
3.13003
3.10547
3.0811
3.05628
3.03019
3.00217
2.9698
2.93924
2.87224
4.08835
4.06775
4.04721
4.0267
4.00623
3.98578
3.96538
3.94504
3.92477
3.9046
3.88454
3.86459
3.84475
3.82499
3.80526
3.78553
3.76574
3.74582
3.72572
3.70536
3.68472
3.66374
3.64239
3.62067
3.59858
3.57613
3.55333
3.53023
3.50686
3.48327
3.45953
3.4357
3.41186
3.3881
3.36452
3.34126
3.31848
3.29635
3.27513
3.25507
3.23652
3.21985
3.20551
3.19398
3.18582
3.18157
3.18183
3.18715
3.198
3.21478
3.23773
3.26688
3.30206
3.34284
3.38852
3.43814
3.49051
3.5442
3.59763
3.64915
3.69709
3.73991
3.77628
3.80517
3.82589
3.83811
3.84188
3.83753
3.82564
3.80696
3.78234
3.75268
3.71887
3.68175
3.64211
3.60064
3.55798
3.51465
3.47113
3.42782
3.38507
3.34317
3.30236
3.26282
3.22472
3.18813
3.15311
3.11968
3.08782
3.05746
3.02845
3.00061
2.97362
2.9471
2.92053
2.8932
2.86459
2.83256
2.80282
2.74021
4.04122
4.01806
3.99497
3.97197
3.94904
3.92619
3.90343
3.88078
3.85826
3.83588
3.81368
3.79165
3.7698
3.74813
3.72663
3.70526
3.68401
3.66282
3.64166
3.62049
3.59927
3.57796
3.55652
3.53495
3.51323
3.49136
3.46934
3.4472
3.42498
3.40272
3.38047
3.3583
3.33631
3.31457
3.29322
3.27237
3.25221
3.2329
3.21468
3.19779
3.18253
3.16922
3.15826
3.15002
3.14496
3.14351
3.14611
3.15317
3.16505
3.18203
3.20425
3.23172
3.26426
3.30151
3.34286
3.38751
3.43442
3.48238
3.53001
3.57586
3.61847
3.65646
3.68861
3.71398
3.73189
3.74203
3.74436
3.73914
3.72685
3.70815
3.68376
3.6545
3.62117
3.58454
3.54534
3.50422
3.46176
3.41847
3.37479
3.3311
3.28774
3.24497
3.20305
3.16214
3.12241
3.08398
3.0469
3.01124
2.97701
2.94417
2.91265
2.8823
2.8529
2.82415
2.79564
2.7668
2.73724
2.70506
2.67563
2.61633
4.01907
3.99431
3.96961
3.94498
3.92043
3.89596
3.87158
3.84731
3.82318
3.7992
3.77539
3.75178
3.72838
3.70519
3.68221
3.65945
3.63689
3.61451
3.59228
3.57019
3.54821
3.52631
3.50448
3.48269
3.46093
3.43921
3.41752
3.39588
3.37432
3.35287
3.33158
3.31051
3.28974
3.26935
3.24946
3.23018
3.21167
3.19409
3.17765
3.16257
3.14912
3.13757
3.12825
3.1215
3.11768
3.11715
3.12026
3.12734
3.13867
3.15447
3.17483
3.19975
3.22906
3.26244
3.29937
3.33913
3.38085
3.42344
3.46571
3.50636
3.54409
3.57766
3.60596
3.6281
3.64345
3.65167
3.65268
3.64668
3.63404
3.61533
3.59121
3.56237
3.52955
3.49346
3.45476
3.41407
3.37193
3.32882
3.28516
3.24131
3.19759
3.15425
3.11153
3.06961
3.02863
2.98872
2.94997
2.91244
2.87617
2.84116
2.80737
2.77471
2.74303
2.7121
2.68161
2.65112
2.62035
2.58764
2.5581
2.50115
4.00944
3.9838
3.9582
3.93264
3.90713
3.88169
3.85632
3.83104
3.80588
3.78085
3.75597
3.73128
3.70679
3.68251
3.65845
3.63463
3.61103
3.58766
3.56451
3.54158
3.51883
3.49627
3.47389
3.45167
3.42961
3.4077
3.38596
3.3644
3.34304
3.3219
3.30104
3.28051
3.26036
3.24068
3.22158
3.20315
3.18553
3.16887
3.15336
3.13919
3.12659
3.11582
3.10713
3.10084
3.09723
3.09662
3.09931
3.10555
3.11559
3.12958
3.14761
3.16966
3.19559
3.22509
3.25772
3.29285
3.3297
3.36733
3.40466
3.44054
3.47381
3.50333
3.5281
3.54729
3.56028
3.56673
3.56653
3.5598
3.54686
3.52818
3.50432
3.47593
3.44364
3.40812
3.36998
3.32979
3.28805
3.24524
3.20175
3.15792
3.11404
3.07038
3.02715
2.98451
2.94262
2.9016
2.86154
2.82251
2.78457
2.74773
2.71199
2.67729
2.64355
2.61059
2.5782
2.54604
2.51394
2.48044
2.45049
2.39505
4.00552
3.97945
3.95339
3.92736
3.90136
3.87539
3.84948
3.82364
3.79788
3.77224
3.74672
3.72136
3.69617
3.67118
3.6464
3.62183
3.59749
3.57339
3.54953
3.5259
3.50251
3.47935
3.45642
3.43372
3.41125
3.38901
3.36702
3.34528
3.32383
3.30268
3.28188
3.26147
3.24152
3.2221
3.20329
3.18519
3.16793
3.15164
3.13647
3.12261
3.11026
3.09963
3.09096
3.08451
3.08053
3.07929
3.08104
3.08601
3.09438
3.1063
3.12183
3.14095
3.16352
3.18928
3.21783
3.24862
3.28096
3.314
3.34679
3.3783
3.40748
3.4333
3.45483
3.47129
3.48211
3.48693
3.4856
3.4782
3.46499
3.44634
3.42277
3.39482
3.36309
3.32816
3.29062
3.25098
3.20973
3.16731
3.1241
3.08043
3.03657
2.99279
2.94927
2.90618
2.86367
2.82186
2.78083
2.74066
2.7014
2.6631
2.62576
2.58935
2.55383
2.51909
2.48497
2.45124
2.4178
2.38338
2.35282
2.29822
4.00395
3.97769
3.95143
3.92518
3.89893
3.87272
3.84654
3.82041
3.79435
3.76837
3.7425
3.71676
3.69116
3.66573
3.64049
3.61544
3.59061
3.566
3.54162
3.51748
3.49359
3.46994
3.44654
3.4234
3.40052
3.37792
3.3556
3.33358
3.31189
3.29056
3.26961
3.2491
3.22909
3.20963
3.19081
3.17272
3.15547
3.13918
3.12399
3.11005
3.09756
3.08669
3.07767
3.0707
3.06602
3.06385
3.0644
3.06787
3.07443
3.08418
3.09719
3.11342
3.13276
3.15497
3.17969
3.20644
3.2346
3.26342
3.29204
3.31954
3.34496
3.36737
3.38592
3.39987
3.40867
3.41197
3.4096
3.40158
3.38811
3.36952
3.34623
3.31873
3.28756
3.25325
3.21632
3.17728
3.13657
3.09462
3.05179
3.00839
2.9647
2.92095
2.87734
2.83402
2.79114
2.74881
2.70711
2.66611
2.62589
2.58647
2.54789
2.51012
2.47316
2.43692
2.40132
2.36619
2.33151
2.29615
2.2649
2.21064
4.00326
3.97692
3.95057
3.92422
3.89787
3.87154
3.84523
3.81897
3.79275
3.76661
3.74055
3.71459
3.68876
3.66307
3.63754
3.61219
3.58703
3.56208
3.53734
3.51283
3.48856
3.46453
3.44076
3.41725
3.39401
3.37106
3.34842
3.3261
3.30413
3.28253
3.26135
3.24062
3.2204
3.20076
3.18176
3.16349
3.14605
3.12955
3.11411
3.09988
3.08703
3.0757
3.06611
3.05842
3.05285
3.04959
3.04882
3.05072
3.05542
3.06302
3.07356
3.08702
3.10329
3.12215
3.14331
3.16631
3.19061
3.21553
3.24032
3.26413
3.2861
3.30537
3.32116
3.33278
3.33972
3.3416
3.33825
3.32965
3.31595
3.29741
3.2744
3.24735
3.21674
3.18305
3.14677
3.10835
3.06824
3.02681
2.98443
2.9414
2.89798
2.8544
2.81085
2.76749
2.72444
2.68182
2.63971
2.59818
2.55729
2.51708
2.47758
2.4388
2.40072
2.36332
2.32652
2.29023
2.25449
2.21827
2.18635
2.1321
4.00287
3.97649
3.95009
3.9237
3.8973
3.87092
3.84455
3.81822
3.79192
3.76569
3.73952
3.71344
3.68747
3.66162
3.63591
3.61036
3.58498
3.55978
3.53479
3.51
3.48544
3.46112
3.43704
3.41323
3.38969
3.36644
3.3435
3.32088
3.29862
3.27675
3.2553
3.2343
3.21383
3.19392
3.17466
3.15611
3.13838
3.12156
3.10576
3.09112
3.07778
3.06589
3.05561
3.04711
3.04057
3.03615
3.03403
3.03434
3.03721
3.04271
3.05089
3.06172
3.07509
3.09084
3.10867
3.12819
3.14893
3.17027
3.19152
3.21193
3.23072
3.24709
3.26033
3.2698
3.275
3.27556
3.27129
3.26214
3.24822
3.22974
3.20701
3.18041
3.15036
3.11729
3.08166
3.0439
3.00441
2.96356
2.92169
2.8791
2.83605
2.79274
2.74938
2.70611
2.66306
2.62034
2.57803
2.5362
2.49491
2.45419
2.41408
2.37459
2.33573
2.29747
2.25979
2.22261
2.18602
2.14909
2.11659
2.06218
4.00257
3.97616
3.94975
3.92332
3.8969
3.87048
3.84408
3.81771
3.79136
3.76507
3.73884
3.71268
3.68661
3.66065
3.63482
3.60912
3.58357
3.55819
3.533
3.508
3.48322
3.45865
3.43433
3.41026
3.38645
3.36294
3.33972
3.31684
3.29431
3.27216
3.25043
3.22916
3.2084
3.18821
3.16865
3.14979
3.13171
3.11452
3.09831
3.0832
3.06932
3.0568
3.0458
3.03645
3.02892
3.02335
3.01988
3.01864
3.01973
3.02323
3.02917
3.03751
3.04818
3.06101
3.07575
3.09206
3.1095
3.12753
3.14553
3.16281
3.17866
3.19236
3.20324
3.21071
3.21428
3.2136
3.20847
3.19881
3.18469
3.16627
3.14381
3.11764
3.08814
3.0557
3.02074
2.98364
2.9448
2.90457
2.86326
2.82118
2.77856
2.73562
2.69254
2.64948
2.60657
2.5639
2.52156
2.47963
2.43814
2.39715
2.35669
2.31678
2.27741
2.23859
2.20031
2.16252
2.12534
2.08787
2.05495
2.00034
4.0023
3.97588
3.94944
3.923
3.89655
3.87011
3.84368
3.81727
3.79089
3.76456
3.73827
3.71205
3.68591
3.65986
3.63392
3.60811
3.58243
3.5569
3.53155
3.50637
3.48139
3.45663
3.43209
3.40779
3.38376
3.36
3.33654
3.3134
3.29061
3.2682
3.24621
3.22466
3.20362
3.18313
3.16326
3.14407
3.12564
3.10805
3.09141
3.07581
3.06138
3.04823
3.03649
3.0263
3.01778
3.01108
3.0063
3.00357
3.00298
3.00457
3.00839
3.0144
3.02254
3.03266
3.04453
3.05786
3.07226
3.08723
3.10222
3.11661
3.12975
3.14097
3.14967
3.15528
3.15734
3.15551
3.14957
3.13943
3.12511
3.10675
3.08456
3.05882
3.02986
2.99804
2.96374
2.92733
2.88916
2.84958
2.80888
2.76735
2.72523
2.68272
2.64002
2.59727
2.55459
2.5121
2.46988
2.42798
2.38648
2.34542
2.30481
2.2647
2.22507
2.18595
2.14733
2.10918
2.07165
2.03386
2.00067
1.94593
4.00204
3.9756
3.94915
3.92269
3.89622
3.86976
3.8433
3.81687
3.79045
3.76407
3.73774
3.71147
3.68526
3.65913
3.63311
3.60719
3.5814
3.55574
3.53024
3.50491
3.47977
3.45482
3.43009
3.40559
3.38134
3.35736
3.33367
3.3103
3.28727
3.26461
3.24236
3.22055
3.19923
3.17845
3.15827
3.13874
3.11995
3.10198
3.0849
3.06881
3.05383
3.04005
3.02759
3.01657
3.0071
2.9993
2.99328
2.98913
2.98693
2.98672
2.98855
2.99238
2.99815
3.00575
3.01496
3.02553
3.0371
3.04925
3.06147
3.07319
3.08382
3.09276
3.09943
3.10331
3.10397
3.10106
3.09437
3.08377
3.06928
3.05097
3.02904
3.00372
2.97529
2.9441
2.91047
2.87475
2.83728
2.79837
2.75831
2.71739
2.67582
2.63382
2.59156
2.54919
2.50685
2.46463
2.42262
2.3809
2.33952
2.29853
2.25795
2.21781
2.17813
2.13892
2.10018
2.06189
2.02421
1.9863
1.95301
1.89826
4.0018
3.97534
3.94887
3.92239
3.8959
3.86941
3.84293
3.81647
3.79002
3.76361
3.73723
3.7109
3.68463
3.65844
3.63233
3.60632
3.58042
3.55465
3.52903
3.50355
3.47825
3.45314
3.42823
3.40355
3.37911
3.35492
3.33102
3.30742
3.28416
3.26126
3.23876
3.2167
3.19511
3.17404
3.15356
3.13371
3.11457
3.09621
3.0787
3.06214
3.04661
3.03222
3.01907
3.00725
2.99686
2.98802
2.98081
2.9753
2.97158
2.96969
2.96964
2.97143
2.975
2.98024
2.98698
2.99499
3.00395
3.01349
3.02314
3.0324
3.04072
3.04755
3.05235
3.05464
3.05399
3.05007
3.04267
3.03165
3.01699
2.99874
2.97705
2.95213
2.92424
2.89366
2.86071
2.8257
2.78894
2.75074
2.71138
2.6711
2.63014
2.5887
2.54695
2.50505
2.46311
2.42125
2.37955
2.3381
2.29695
2.25614
2.21572
2.17571
2.13612
2.09698
2.05829
2.02004
1.9824
1.94453
1.9113
1.85667
4.00156
3.97509
3.9486
3.9221
3.89559
3.86908
3.84257
3.81608
3.7896
3.76315
3.73673
3.71035
3.68402
3.65776
3.63158
3.60549
3.57949
3.55362
3.52787
3.50227
3.47683
3.45156
3.42649
3.40163
3.37701
3.35263
3.32853
3.30472
3.28124
3.25812
3.23538
3.21306
3.19121
3.16987
3.14909
3.12893
3.10945
3.09071
3.07279
3.05577
3.03972
3.02474
3.01091
2.99832
2.98707
2.97723
2.96888
2.9621
2.95695
2.95346
2.95166
2.95153
2.95304
2.95608
2.96053
2.96616
2.97271
2.97984
2.98712
2.99412
3.00031
3.00519
3.00827
3.00908
3.00722
3.00238
2.99431
2.98288
2.96805
2.94985
2.92839
2.90387
2.87649
2.84653
2.81427
2.77999
2.74399
2.70654
2.66791
2.62835
2.58806
2.54725
2.50608
2.4647
2.42324
2.38181
2.34051
2.2994
2.25856
2.21804
2.17787
2.13809
2.09871
2.05976
2.02125
1.98318
1.94571
1.90801
1.87496
1.82058
4.00133
3.97485
3.94834
3.92182
3.89529
3.86875
3.84222
3.8157
3.78919
3.7627
3.73623
3.70981
3.68343
3.65711
3.63085
3.60468
3.5786
3.55262
3.52677
3.50105
3.47547
3.45007
3.42485
3.39983
3.37503
3.35047
3.32618
3.30218
3.27849
3.25514
3.23218
3.20962
3.18752
3.16592
3.14486
3.12439
3.10458
3.08548
3.06716
3.04969
3.03315
3.0176
3.00313
2.98981
2.97772
2.96693
2.95751
2.94953
2.94302
2.93803
2.93458
2.93266
2.93224
2.93324
2.93555
2.93898
2.9433
2.9482
2.95332
2.95823
2.96248
2.96558
2.96708
2.96653
2.96354
2.95781
2.9491
2.93727
2.92225
2.90407
2.88283
2.85867
2.83181
2.80248
2.77093
2.73742
2.70223
2.6656
2.62778
2.58901
2.54947
2.50937
2.46886
2.42809
2.38719
2.34628
2.30544
2.26475
2.2243
2.18413
2.14429
2.10481
2.06573
2.02705
1.98881
1.951
1.9138
1.87637
1.84357
1.78954
4.00112
3.97461
3.94809
3.92155
3.895
3.86844
3.84188
3.81533
3.78879
3.76226
3.73576
3.70929
3.68286
3.65648
3.63016
3.60391
3.57774
3.55168
3.52572
3.49989
3.47419
3.44866
3.4233
3.39812
3.37317
3.34844
3.32397
3.29978
3.27589
3.25234
3.22916
3.20638
3.18404
3.16218
3.14085
3.12009
3.09996
3.08052
3.06182
3.04392
3.0269
3.01081
2.99573
2.98171
2.96883
2.95715
2.94671
2.93758
2.9298
2.9234
2.91839
2.91479
2.91257
2.91167
2.912
2.9134
2.91567
2.91854
2.92168
2.9247
2.92717
2.92865
2.92869
2.92687
2.92281
2.91621
2.90684
2.89456
2.87931
2.8611
2.84002
2.81622
2.78988
2.7612
2.73041
2.69775
2.66346
2.62776
2.59087
2.553
2.51433
2.47506
2.43532
2.39527
2.35502
2.31471
2.27442
2.23423
2.19424
2.15449
2.11503
2.07592
2.03718
1.99884
1.96092
1.92342
1.88653
1.8494
1.8169
1.76326
4.00091
3.97439
3.94785
3.92129
3.89472
3.86814
3.84155
3.81497
3.7884
3.76184
3.7353
3.70878
3.6823
3.65587
3.62949
3.60317
3.57693
3.55078
3.52472
3.49879
3.47298
3.44733
3.42183
3.39652
3.37142
3.34653
3.32189
3.29753
3.27346
3.24971
3.22633
3.20333
3.18077
3.15867
3.13708
3.11604
3.09561
3.07584
3.05677
3.03847
3.021
3.0044
2.98873
2.97406
2.96043
2.9479
2.9365
2.92629
2.91731
2.90958
2.90312
2.89795
2.89406
2.8914
2.88991
2.88945
2.88986
2.8909
2.89225
2.89356
2.89441
2.89438
2.89304
2.88997
2.88481
2.87727
2.86715
2.85431
2.83872
2.8204
2.79945
2.77599
2.75019
2.72224
2.69233
2.66066
2.62743
2.59283
2.55705
2.52027
2.48267
2.44439
2.40559
2.3664
2.32695
2.28736
2.24772
2.20812
2.16866
2.12939
2.09038
2.05168
2.01332
1.97533
1.93775
1.90058
1.86401
1.82719
1.79499
1.74172
4.00072
3.97418
3.94762
3.92104
3.89445
3.86785
3.84124
3.81463
3.78803
3.76143
3.73486
3.7083
3.68177
3.65529
3.62885
3.60247
3.57616
3.54992
3.52379
3.49776
3.47185
3.44608
3.42047
3.39503
3.36978
3.34475
3.31996
3.29543
3.27119
3.24726
3.22368
3.20049
3.17771
3.15538
3.13355
3.11225
3.09154
3.07146
3.05205
3.03337
3.01547
2.99839
2.98218
2.96689
2.95256
2.93923
2.92693
2.91572
2.90561
2.89664
2.88884
2.88223
2.8768
2.87255
2.86941
2.8673
2.86605
2.86544
2.86517
2.86491
2.86423
2.86271
2.85993
2.85549
2.84905
2.84036
2.82926
2.81566
2.79956
2.78102
2.76015
2.73707
2.71194
2.68489
2.65609
2.62567
2.5938
2.56062
2.52626
2.49089
2.45463
2.41763
2.38002
2.34193
2.30347
2.26477
2.22592
2.18703
2.1482
2.10948
2.07097
2.0327
1.99473
1.9571
1.91984
1.88297
1.84668
1.81013
1.77819
1.72517
4.00054
3.97399
3.94741
3.92081
3.8942
3.86758
3.84095
3.81431
3.78768
3.76106
3.73444
3.70785
3.68128
3.65474
3.62825
3.60181
3.57543
3.54913
3.52291
3.4968
3.4708
3.44493
3.4192
3.39365
3.36828
3.34311
3.31818
3.2935
3.2691
3.24501
3.22125
3.19787
3.1749
3.15236
3.13031
3.10878
3.08781
3.06744
3.04772
3.0287
3.0104
2.99289
2.97618
2.96032
2.94535
2.93129
2.91817
2.90604
2.89491
2.88483
2.87582
2.86792
2.86115
2.85549
2.85091
2.84733
2.84459
2.84246
2.84065
2.83878
2.83644
2.8332
2.82866
2.82244
2.81429
2.80402
2.79154
2.77687
2.76006
2.74124
2.72051
2.69801
2.67384
2.6481
2.62088
2.59225
2.56229
2.53107
2.49869
2.46523
2.43081
2.39553
2.3595
2.32284
2.28567
2.2481
2.21024
2.17221
2.1341
2.09601
2.05802
2.0202
1.9826
1.94528
1.90829
1.87164
1.83553
1.79913
1.76734
1.71437
4.00038
3.97381
3.94722
3.92061
3.89398
3.86733
3.84068
3.81402
3.78736
3.76071
3.73406
3.70743
3.68083
3.65425
3.62771
3.60122
3.57478
3.54842
3.52213
3.49594
3.46986
3.4439
3.41808
3.39242
3.36694
3.34166
3.3166
3.29179
3.26725
3.24302
3.21911
3.19557
3.17243
3.14972
3.12748
3.10574
3.08455
3.06395
3.04397
3.02465
3.00603
2.98814
2.97101
2.95468
2.93916
2.92448
2.91067
2.89776
2.88577
2.87475
2.86473
2.85574
2.84782
2.84094
2.83508
2.83012
2.82588
2.82211
2.81847
2.81456
2.80997
2.80428
2.79716
2.78834
2.77767
2.76512
2.75076
2.7347
2.71712
2.69818
2.678
2.65667
2.63424
2.6107
2.58603
2.56019
2.53314
2.50488
2.47539
2.44472
2.41291
2.38003
2.34618
2.31146
2.27598
2.23985
2.20321
2.16619
2.12891
2.09148
2.054
2.01656
1.97925
1.94211
1.90523
1.86862
1.8325
1.79602
1.76418
1.71088
4.00025
3.97367
3.94707
3.92044
3.8938
3.86714
3.84047
3.81379
3.78711
3.76043
3.73376
3.7071
3.68046
3.65385
3.62728
3.60074
3.57426
3.54785
3.52151
3.49526
3.46912
3.44309
3.4172
3.39147
3.36591
3.34054
3.31539
3.29049
3.26586
3.24152
3.21751
3.19386
3.17061
3.14778
3.12542
3.10355
3.08223
3.06147
3.04132
3.02182
3.00299
2.98486
2.96746
2.9508
2.93491
2.91981
2.90551
2.89204
2.87942
2.86768
2.85685
2.84695
2.83796
2.82986
2.82254
2.81585
2.80953
2.80327
2.79672
2.78947
2.78116
2.77151
2.76032
2.74755
2.7333
2.71775
2.70117
2.68384
2.66603
2.6479
2.62955
2.61097
2.59203
2.57256
2.55236
2.53121
2.5089
2.48529
2.46025
2.43374
2.40573
2.37626
2.34541
2.31325
2.2799
2.24552
2.21028
2.17434
2.13786
2.10098
2.06384
2.02657
1.98925
1.95199
1.91486
1.87792
1.8414
1.8044
1.77215
1.7178
4.00019
3.97361
3.947
3.92036
3.89372
3.86705
3.84038
3.81369
3.78701
3.76033
3.73365
3.70699
3.68034
3.65372
3.62714
3.6006
3.57411
3.54769
3.52134
3.49508
3.46892
3.44288
3.41698
3.39123
3.36566
3.34028
3.31512
3.29021
3.26557
3.24124
3.21723
3.19359
3.17035
3.14754
3.1252
3.10336
3.08206
3.06134
3.04122
3.02175
3.00293
2.98481
2.96738
2.95068
2.9347
2.91944
2.90492
2.89112
2.87805
2.86567
2.85397
2.84288
2.83232
2.82215
2.81217
2.80213
2.79175
2.78069
2.76865
2.75539
2.74076
2.72476
2.70756
2.68948
2.67095
2.65247
2.63454
2.61756
2.60181
2.58739
2.5742
2.56197
2.5503
2.53869
2.52663
2.51361
2.49918
2.483
2.46481
2.44446
2.42188
2.39708
2.37009
2.34101
2.31006
2.27745
2.24344
2.20826
2.17214
2.13529
2.09789
2.0601
2.02207
1.98393
1.94577
1.90767
1.86991
1.83154
1.79811
1.74141
4.0004
3.97384
3.94726
3.92066
3.89405
3.86742
3.84079
3.81415
3.78752
3.76089
3.73427
3.70767
3.6811
3.65456
3.62806
3.6016
3.57521
3.54889
3.52264
3.4965
3.47046
3.44456
3.41879
3.3932
3.36778
3.34258
3.3176
3.29289
3.26846
3.24436
3.2206
3.19722
3.17426
3.15175
3.12973
3.10824
3.0873
3.06695
3.04723
3.02814
3.00971
2.99194
2.97484
2.95838
2.94254
2.92727
2.91251
2.89816
2.88411
2.87022
2.85632
2.8422
2.82761
2.81231
2.79602
2.77851
2.7596
2.73918
2.71729
2.69411
2.67001
2.64554
2.62142
2.59846
2.57749
2.55931
2.54454
2.53356
2.52646
2.52299
2.52261
2.52451
2.52771
2.53116
2.53383
2.53479
2.53326
2.52868
2.52064
2.50894
2.49349
2.47425
2.4513
2.42498
2.39568
2.36381
2.32977
2.29391
2.25659
2.2181
2.1787
2.13863
2.09807
2.0572
2.01616
1.97506
1.93423
1.89262
1.85641
1.79463
4.00172
3.97531
3.94889
3.92246
3.89603
3.86961
3.84319
3.81678
3.7904
3.76403
3.73769
3.71139
3.68513
3.65893
3.63278
3.60669
3.58069
3.55478
3.52897
3.50327
3.47771
3.4523
3.42705
3.402
3.37715
3.35254
3.32818
3.30411
3.28036
3.25695
3.23391
3.21129
3.1891
3.1674
3.14619
3.12553
3.10542
3.08588
3.06693
3.04856
3.03073
3.01342
2.99654
2.97998
2.96361
2.94722
2.93058
2.91339
2.89533
2.87602
2.8551
2.83222
2.80709
2.77954
2.74955
2.71729
2.68315
2.64772
2.61183
2.5765
2.54289
2.51229
2.48604
2.46543
2.45162
2.44546
2.44743
2.45751
2.4751
2.49911
2.52796
2.55976
2.59247
2.62408
2.65276
2.67699
2.69564
2.70794
2.71351
2.71216
2.70373
2.68829
2.66666
2.63967
2.60812
2.57273
2.53417
2.49301
2.44976
2.40487
2.3587
2.31158
2.26377
2.21551
2.167
2.1184
2.07012
2.02093
1.97824
1.90539
4.00828
3.98246
3.95666
3.93089
3.90515
3.87946
3.85381
3.82821
3.80266
3.77717
3.75175
3.7264
3.70113
3.67594
3.65085
3.62585
3.60097
3.57622
3.55159
3.52712
3.50281
3.47867
3.45473
3.431
3.4075
3.38426
3.36129
3.33862
3.31627
3.29426
3.27262
3.25136
3.23051
3.21008
3.19006
3.17045
3.15122
3.13233
3.11372
3.09526
3.07681
3.05818
3.03909
3.01921
2.99815
2.97542
2.95051
2.92287
2.89197
2.85736
2.81877
2.77615
2.72975
2.6802
2.62849
2.57594
2.52418
2.47504
2.43053
2.3927
2.36363
2.34537
2.33982
2.34863
2.37298
2.41335
2.46933
2.5395
2.62139
2.71163
2.80623
2.90093
2.99157
3.07448
3.14669
3.20609
3.25153
3.28252
3.29926
3.30103
3.28868
3.26459
3.23078
3.18892
3.14045
3.08663
3.02853
2.96709
2.90309
2.83721
2.76999
2.70191
2.63337
2.56471
2.49625
2.42818
2.36112
2.29333
2.23492
2.13651
4.03707
4.01323
3.98948
3.96582
3.94225
3.91878
3.89541
3.87213
3.84896
3.82589
3.80291
3.78005
3.75729
3.73464
3.7121
3.68968
3.66737
3.64519
3.62314
3.60122
3.57944
3.5578
3.53632
3.51498
3.49381
3.4728
3.45195
3.43127
3.41073
3.39033
3.37006
3.34986
3.3297
3.3095
3.28918
3.26861
3.24763
3.22605
3.20359
3.17994
3.15472
3.12748
3.09769
3.0648
3.02822
2.98741
2.94191
2.89148
2.83615
2.77634
2.71298
2.64749
2.58186
2.51852
2.46028
2.41024
2.37167
2.34803
2.34289
2.35987
2.40263
2.47468
2.57908
2.71779
2.89093
3.09622
3.32861
3.58038
3.84171
4.10159
4.34892
4.57371
4.76794
4.92611
5.04541
5.1255
5.16857
5.17663
5.15073
5.09733
5.02233
4.92992
4.82358
4.70639
4.58105
4.44992
4.31501
4.17802
4.04034
3.90308
3.76713
3.63318
3.50179
3.37336
3.24828
3.1267
3.00946
2.89348
2.79497
2.6343
4.15375
4.13541
4.11718
4.09907
4.08105
4.06312
4.04528
4.0275
4.00977
3.99208
3.97443
3.95679
3.93915
3.92149
3.90381
3.88609
3.8683
3.85043
3.83245
3.81436
3.79611
3.77768
3.75904
3.74015
3.72097
3.70145
3.68152
3.66111
3.64015
3.61854
3.59616
3.57288
3.54855
3.52299
3.496
3.46736
3.43683
3.40415
3.36908
3.33138
3.2909
3.24757
3.20151
3.15309
3.103
3.05239
3.00295
2.95697
2.9174
2.88785
2.8725
2.87603
2.90348
2.96022
3.05199
3.18505
3.36636
3.60372
3.90549
4.27998
4.73467
5.27453
5.89949
6.6021
7.36613
8.16666
8.97198
9.74679
10.4562
11.0694
11.5633
11.9238
12.146
12.2345
12.1998
12.058
11.829
11.5302
11.1791
10.7881
10.3683
9.92987
9.48171
9.03162
8.58603
8.14995
7.72716
7.32025
6.93091
6.56003
6.20795
5.87456
5.5595
5.26222
4.98215
4.71829
4.47126
4.23392
4.03626
3.72686
4.59926
4.59399
4.58859
4.58303
4.57727
4.57128
4.56501
4.55843
4.5515
4.54417
4.53642
4.52818
4.51943
4.51011
4.50017
4.48958
4.47827
4.46621
4.45333
4.4396
4.42496
4.40937
4.39278
4.37517
4.35649
4.33675
4.31593
4.29406
4.2712
4.24744
4.22294
4.19793
4.17273
4.14782
4.12382
4.10163
4.08241
4.06774
4.05972
4.06107
4.07533
4.107
4.16175
4.24653
4.36972
4.54116
4.77208
5.07491
5.46296
5.94992
6.5494
7.27434
8.13664
9.14701
10.3149
11.6487
13.1548
14.8374
16.6952
18.7194
20.8883
23.1607
25.4725
27.7402
29.8692
31.7653
33.3448
34.5439
35.3237
35.6739
35.6104
35.1675
34.3927
33.3554
32.1138
30.7164
29.2065
27.6282
26.0217
24.4209
22.853
21.3384
19.8914
18.5213
17.2335
16.0299
14.9098
13.8712
12.9103
12.0228
11.2039
10.4487
9.75249
9.11042
8.51842
7.97174
7.46968
6.99587
6.60699
6.01205
6.53062
6.56615
6.60109
6.63539
6.66905
6.70206
6.73441
6.76612
6.79721
6.82772
6.85769
6.88719
6.91633
6.94521
6.97399
7.00286
7.03205
7.06184
7.09258
7.12467
7.15861
7.19501
7.23456
7.27811
7.32668
7.38146
7.44388
7.51564
7.59878
7.69571
7.80934
7.94317
8.10137
8.28899
8.51213
8.77814
9.09589
9.47611
9.93169
10.4781
11.1338
11.9205
12.8638
13.9929
15.3413
16.946
18.847
21.0866
23.7069
26.7481
30.2443
34.2189
38.6783
43.605
48.9508
54.6312
60.5247
66.4747
72.2972
77.7961
82.75
86.927
90.1221
92.1841
93.0353
92.6799
91.2005
88.7426
85.4892
81.6605
77.4585
73.0484
68.5677
64.1081
59.753
55.5678
51.5953
47.8586
44.3664
41.1182
38.1071
35.3233
32.7551
30.3898
28.2145
26.2164
24.3825
22.7006
21.1583
19.7442
18.4472
17.2569
16.1637
15.1588
14.2348
13.383
12.6027
11.8664
11.2653
10.3411
20.465
20.8079
21.1532
21.5011
21.852
22.2061
22.564
22.9261
23.293
23.6655
24.0441
24.4298
24.8236
25.2265
25.6397
26.0645
26.5024
26.9551
27.4244
27.9123
28.421
28.953
29.5111
30.0983
30.7182
31.3745
32.0717
32.8148
33.6092
34.4615
35.3791
36.3703
37.4452
38.6151
39.8932
41.2953
42.8397
44.5481
46.4459
48.5638
50.938
53.6117
56.6368
60.0751
64.0001
68.4979
73.668
79.6214
86.4752
94.342
103.31
113.416
124.604
136.682
149.283
161.845
173.625
183.773
191.452
195.986
196.899
194.175
188.28
179.935
169.932
159.014
147.795
136.738
126.158
116.211
106.983
98.5154
90.8063
83.8216
77.508
71.8042
66.6478
61.9801
57.7474
53.9022
50.4028
47.2131
44.302
41.6423
39.2104
36.9854
34.9488
33.0837
31.3746
29.8075
28.3692
27.0477
25.8325
24.7134
23.683
22.7317
21.8604
21.0364
20.3682
19.33
131.175
132.901
134.581
136.212
137.79
139.312
140.776
142.178
143.516
144.786
145.986
147.112
148.163
149.133
150.022
150.824
151.538
152.159
152.683
153.108
153.428
153.639
153.737
153.716
153.57
153.294
152.88
152.321
151.61
150.737
149.692
148.465
147.044
145.416
143.567
141.482
139.145
136.538
133.645
130.446
126.926
123.07
118.867
114.315
109.423
104.217
98.7445
93.088
87.3677
81.7504
76.4525
71.7356
67.8934
65.2243
63.9904
64.3641
66.3698
69.8439
74.3949
79.4662
84.7756
89.7896
93.854
96.5978
97.9598
98.088
97.229
95.6495
93.5855
91.213
88.664
86.0422
83.4268
80.8742
78.4205
76.086
73.8799
71.8045
69.8577
68.0353
66.3324
64.7437
63.2644
61.8899
60.616
59.4387
58.3541
57.3582
56.447
55.616
54.8605
54.1755
53.5558
52.9969
52.4926
52.0412
51.6334
51.2691
50.9699
50.5306
7.13721
6.36401
8.32663
8.77489
8.20386
7.08111
5.58692
4.791
10.4637
24.5647
42.3487
62.1562
83.1537
104.72
126.356
147.644
168.236
187.863
206.35
223.618
239.679
254.613
268.545
281.622
293.99
305.78
317.098
328.017
338.581
348.803
358.667
368.131
377.135
385.605
393.475
400.71
407.325
413.284
418.403
422.689
426.086
428.54
429.988
430.37
429.629
427.713
424.572
420.162
414.438
407.361
398.894
389.003
377.66
364.855
350.617
335.059
318.479
301.614
286.119
273.125
259.908
245.664
230.654
215.399
200.426
186.153
172.846
160.629
149.522
139.482
130.441
122.318
115.031
108.499
102.643
97.3884
92.664
88.4021
84.5409
81.0251
77.8068
74.846
72.1076
69.5593
67.1719
64.9229
62.8022
60.8103
58.9538
57.2411
55.6779
54.2653
52.9977
51.8641
50.8483
49.9314
49.0982
48.2996
47.656
46.5139
22.8987
15.637
12.5957
11.089
10.7869
12.3596
17.2617
25.92
37.5961
50.6296
63.7168
76.4556
88.7512
100.683
112.368
123.869
135.175
146.219
156.918
167.2
177.024
186.387
195.314
203.849
212.044
219.947
227.601
235.034
242.258
249.272
256.058
262.588
268.826
274.734
280.286
285.466
290.235
294.572
298.384
301.628
304.269
306.263
307.567
308.14
307.946
306.953
305.138
302.477
298.956
294.561
289.281
283.104
276.016
268.001
259.038
249.109
238.203
226.331
213.548
199.818
185.078
169.522
153.572
137.781
122.713
108.83
96.4215
85.5996
76.328
68.4746
61.8586
56.2877
51.5804
47.578
44.1481
41.1829
38.5962
36.3194
34.2982
32.4898
30.8611
29.3859
28.0447
26.8435
25.784
24.8438
23.9908
23.1966
22.443
21.7208
21.0262
20.3587
19.7185
19.1054
18.518
17.9532
17.4099
16.8658
16.4073
15.5973
39.5154
22.6714
18.9604
17.6766
18.759
23.0138
30.6217
40.3908
50.7444
60.8373
70.6663
80.4304
90.3473
100.585
111.2
122.123
133.199
144.238
155.068
165.56
175.642
185.29
194.519
203.37
211.891
220.135
228.149
235.97
243.624
251.126
258.478
265.676
272.704
279.543
286.159
292.496
298.53
304.214
309.477
314.267
318.524
322.185
325.188
327.469
328.965
329.612
329.346
328.103
325.812
322.399
317.78
311.865
304.553
295.736
285.297
273.131
259.158
243.348
225.76
206.566
186.129
165.056
144.168
124.369
106.441
90.881
77.8438
67.1957
58.6277
51.7669
46.2537
41.7819
38.1082
35.0471
32.46
30.2435
28.32
26.631
25.1315
23.7872
22.5718
21.4648
20.451
19.5198
18.663
17.8648
17.1194
16.4254
15.7809
15.1829
14.628
14.1124
13.632
13.1817
12.7563
12.3486
11.9552
11.5534
11.2052
10.5507
52.798
29.699
26.3312
25.7416
27.5027
31.9865
38.8395
46.9433
55.3556
63.7856
72.3533
81.2193
90.5088
100.286
110.541
121.189
132.099
143.123
154.119
164.972
175.599
185.953
196.018
205.801
215.325
224.624
233.734
242.69
251.522
260.249
268.884
277.428
285.871
294.19
302.352
310.312
318.018
325.4
332.382
338.896
344.864
350.206
354.834
358.657
361.576
363.488
364.282
363.837
362.021
358.688
353.675
346.808
337.898
326.754
313.193
297.066
278.29
256.898
233.1
207.354
180.442
153.49
127.858
104.874
85.4798
70.0123
58.2147
49.4572
42.9998
38.1799
34.4896
31.5749
29.2016
27.2172
25.5213
24.0462
22.7444
21.5811
20.5302
19.572
18.6909
17.8755
17.1169
16.4085
15.7453
15.1224
14.5351
13.9813
13.4598
12.9694
12.5091
12.0768
11.67
11.285
10.9174
10.5611
10.2123
9.85286
9.53367
8.94804
60.5636
34.537
31.7481
31.9532
34.0349
38.0224
43.6458
50.2697
57.3811
64.7841
72.484
80.5524
89.077
98.129
107.737
117.877
128.475
139.423
150.598
161.879
173.161
184.364
195.435
206.347
217.094
227.686
238.143
248.488
258.745
268.93
279.054
289.115
299.102
308.987
318.728
328.271
337.546
346.47
354.957
362.92
370.262
376.88
382.659
387.478
391.204
393.692
394.784
394.307
392.07
387.864
381.461
372.619
361.086
346.62
329.008
308.106
283.89
256.533
226.493
194.614
162.201
130.969
102.793
79.2258
61.0192
47.9584
39.1114
33.292
29.4426
26.7953
24.8622
23.3571
22.1182
21.0546
20.1144
19.266
18.4895
17.7711
17.1006
16.4703
15.8744
15.3083
14.7688
14.2538
13.7618
13.2918
12.8428
12.4137
12.0041
11.6136
11.2416
10.8868
10.5476
10.2213
9.90455
9.5925
9.28204
8.95856
8.66657
8.13528
63.5662
36.5469
34.509
35.5444
38.0561
41.8416
46.7365
52.4246
58.6088
65.1262
71.9473
79.1342
86.795
95.0397
103.946
113.54
123.792
134.626
145.936
157.601
169.503
181.541
193.63
205.712
217.751
229.727
241.635
253.479
265.261
276.988
288.656
300.251
311.751
323.118
334.299
345.226
355.815
365.971
375.59
384.563
392.773
400.094
406.387
411.501
415.271
417.516
418.036
416.615
413.013
406.972
398.217
386.462
371.425
352.847
330.538
304.422
274.617
241.543
206.039
169.481
133.803
101.293
74.0537
53.3148
39.0177
30.0118
24.6987
21.6446
19.8492
18.7184
17.9315
17.3232
16.8092
16.3466
15.9133
15.4983
15.0957
14.7027
14.3174
13.9387
13.5659
13.1987
12.8372
12.4819
12.1334
11.7929
11.461
11.1384
10.8257
10.5229
10.23
9.94628
9.67047
9.40049
9.13361
8.86593
8.59497
8.30858
8.04633
7.56654
64.7204
36.827
35.279
37.0471
40.1399
44.1375
48.8489
54.0791
59.6526
65.4727
71.5461
77.9678
84.8788
92.426
100.727
109.85
119.805
130.549
141.998
154.041
166.557
179.429
192.55
205.832
219.205
232.617
246.031
259.422
272.768
286.048
299.234
312.295
325.188
337.861
350.245
362.256
373.797
384.758
395.017
404.448
412.913
420.265
426.341
430.967
433.95
435.079
434.123
430.831
424.93
416.129
404.129
388.627
369.345
346.065
318.675
287.256
252.181
214.256
174.867
136.057
100.386
70.3892
47.725
32.5124
23.427
18.5033
15.9898
14.7218
14.0577
13.6801
13.4375
13.2565
13.1
12.9488
12.793
12.6283
12.4529
12.2668
12.0704
11.8647
11.6504
11.4288
11.2011
10.9686
10.7331
10.4962
10.2597
10.0248
9.7926
9.5639
9.33888
9.1172
8.8979
8.67928
8.45901
8.23381
8.00161
7.75201
7.52032
7.09043
63.2341
35.9158
34.8381
37.2656
41.0298
45.5487
50.5364
55.7954
61.197
66.702
72.3686
78.3339
84.7771
91.8819
99.8043
108.651
118.472
129.257
140.949
153.454
166.652
180.417
194.622
209.151
223.9
238.78
253.72
268.656
283.53
298.285
312.865
327.211
341.257
354.929
368.142
380.798
392.784
403.977
414.243
423.44
431.415
438.003
443.026
446.289
447.582
446.671
443.306
437.214
428.104
415.677
399.632
379.69
355.625
327.316
294.822
258.488
219.082
177.966
137.21
99.5192
67.7179
43.8004
28.0556
19.0337
14.4662
12.3476
11.4032
10.9804
10.7857
10.6932
10.6479
10.6228
10.6033
10.5806
10.549
10.5056
10.4487
10.3777
10.2927
10.1942
10.0828
9.95935
9.82497
9.68102
9.52905
9.37077
9.20786
9.0419
8.87417
8.70555
8.53646
8.36675
8.19565
8.0217
7.84286
7.65624
7.46001
7.24503
7.04287
6.66029
60.3866
34.5603
33.9925
37.0965
41.6689
47.0221
52.7615
58.618
64.4415
70.2063
76.0016
82.002
88.4256
95.4958
103.409
112.311
122.291
133.374
145.528
158.675
172.702
187.471
202.838
218.656
234.786
251.106
267.499
283.853
300.068
316.049
331.705
346.948
361.688
375.83
389.272
401.905
413.608
424.248
433.686
441.772
448.343
453.228
456.239
457.173
455.807
451.9
445.193
435.408
422.261
405.465
384.758
359.928
330.864
297.626
260.546
220.369
178.417
136.737
98.0653
65.3686
40.8521
24.9364
16.0992
11.8621
10.0497
9.32739
9.04833
8.94206
8.90432
8.89611
8.90212
8.9152
8.93077
8.94512
8.95511
8.95819
8.95239
8.93635
8.90916
8.87032
8.81964
8.75725
8.68359
8.59942
8.5058
8.404
8.29541
8.18137
8.06308
7.94137
7.81669
7.68894
7.55743
7.42086
7.27735
7.1243
6.96
6.77627
6.6013
6.26238
56.4508
33.0504
33.3637
37.5219
43.3868
50.1937
57.4262
64.7025
71.7931
78.6379
85.3287
92.0659
99.1062
106.716
115.136
124.554
135.097
146.821
159.718
173.722
188.72
204.563
221.085
238.108
255.467
272.989
290.507
307.865
324.92
341.54
357.606
373.002
387.62
401.352
414.09
425.718
436.116
445.155
452.697
458.594
462.687
464.806
464.762
462.353
457.359
449.542
438.649
424.422
406.602
384.956
359.301
329.551
295.787
258.348
217.966
175.923
134.206
95.5031
62.7815
38.3174
22.5956
14.0606
10.128
8.54917
7.98188
7.7994
7.75039
7.74335
7.74785
7.75537
7.76453
7.77566
7.7888
7.80326
7.81771
7.83045
7.83972
7.84387
7.8415
7.83145
7.81285
7.78513
7.74805
7.70172
7.64659
7.58339
7.51304
7.43652
7.35476
7.26842
7.17783
7.08285
6.98284
6.87654
6.7622
6.6374
6.5005
6.34406
6.19326
5.89364
52.5968
31.9701
34.0431
40.3817
48.8889
58.6522
68.9405
79.164
88.942
98.138
106.832
115.253
123.711
132.529
142.003
152.372
163.802
176.377
190.109
204.94
220.751
237.381
254.645
272.353
290.284
308.224
325.969
343.33
360.134
376.228
391.473
405.745
418.93
430.921
441.614
450.903
458.679
464.826
469.219
471.722
472.187
470.454
466.345
459.667
450.213
437.762
422.09
402.974
380.22
353.684
323.317
289.232
251.788
211.713
170.253
129.314
91.4648
59.5588
35.8018
20.6578
12.5615
8.92376
7.52152
7.05666
6.937
6.92885
6.94777
6.96614
6.97723
6.98176
6.98257
6.98254
6.98373
6.98716
6.99286
7.0001
7.00774
7.0144
7.01864
7.01913
7.01465
7.00422
6.98714
6.96298
6.9317
6.8935
6.84886
6.79837
6.74261
6.68204
6.61681
6.54671
6.47104
6.3886
6.2977
6.19604
6.08204
5.94883
5.81896
5.554
48.0949
32.1982
38.6927
50.821
66.1763
83.2145
100.525
117.02
132.063
145.475
157.426
168.29
178.529
188.608
198.936
209.839
221.544
234.178
247.785
262.318
277.664
293.671
310.14
326.841
343.539
360.007
376.03
391.411
405.973
419.561
432.04
443.29
453.209
461.701
468.678
474.053
477.734
479.622
479.61
477.579
473.396
466.914
457.972
446.394
431.996
414.589
393.993
370.054
342.673
311.844
277.718
240.678
201.455
161.254
121.882
85.7377
55.4595
33.0562
18.884
11.3815
8.04979
6.78594
6.38423
6.30068
6.31951
6.36042
6.39554
6.41722
6.4257
6.42409
6.41623
6.40567
6.39521
6.38669
6.38102
6.37834
6.37816
6.3796
6.38154
6.38275
6.38203
6.37825
6.37045
6.35793
6.34025
6.31724
6.28901
6.25577
6.21784
6.17542
6.1285
6.07674
6.01942
5.95532
5.88282
5.79972
5.70445
5.59063
5.47851
5.24366
43.5343
37.9393
60.3907
93.0143
130.324
167.506
201.018
229.078
251.388
268.58
281.715
291.93
300.274
307.625
314.688
321.969
329.802
338.377
347.815
358.065
369.011
380.486
392.298
404.234
416.075
427.604
438.615
448.917
458.341
466.735
473.969
479.93
484.524
487.666
489.277
489.281
487.597
484.14
478.812
471.505
462.097
450.455
436.433
419.88
400.641
378.576
353.572
325.572
294.614
260.884
224.792
187.065
148.862
111.868
78.2661
50.3933
29.9577
17.1351
10.384
7.38433
6.23785
5.87291
5.80575
5.83965
5.89727
5.94911
5.98534
6.00454
6.0089
6.00197
5.98756
5.96919
5.94978
5.93152
5.9158
5.90331
5.89415
5.88793
5.88394
5.88126
5.87885
5.87565
5.87066
5.86303
5.85213
5.83754
5.81907
5.79668
5.77044
5.74033
5.7062
5.6676
5.62376
5.57347
5.51513
5.44663
5.36642
5.26856
5.17127
4.96224
38.3866
85.7664
196.366
313.904
412.269
483.813
529.804
555.291
565.968
566.726
561.321
552.427
541.931
531.166
521.168
512.447
505.29
499.814
495.956
493.624
492.654
492.83
493.909
495.64
497.77
500.056
502.259
504.158
505.549
506.251
506.106
504.979
502.756
499.337
494.63
488.548
481.003
471.9
461.14
448.613
434.202
417.783
399.227
378.411
355.225
329.593
301.496
271.009
238.35
203.947
168.516
133.153
99.3946
69.1597
44.417
26.4955
15.3491
9.48693
6.84987
5.81286
5.46965
5.40574
5.44525
5.51387
5.58018
5.63173
5.66498
5.68063
5.68133
5.67047
5.65158
5.62791
5.60226
5.57687
5.55335
5.53272
5.51547
5.50162
5.49086
5.48259
5.47603
5.47029
5.46445
5.45766
5.44919
5.43852
5.42525
5.40918
5.39016
5.36804
5.34252
5.31308
5.2789
5.23876
5.19112
5.13394
5.06569
4.98081
4.89577
4.70872
27.766
641.908
1086.57
1299.11
1356.02
1330.1
1268.43
1195.92
1123.4
1054.47
990.007
930.155
875.132
825.278
780.669
741.344
707.119
677.593
652.233
630.492
611.865
595.902
582.201
570.39
560.105
550.996
542.719
534.956
527.416
519.845
512.023
503.763
494.903
485.3
474.826
463.36
450.788
436.994
421.866
405.287
387.143
367.321
345.718
322.25
296.871
269.592
240.52
209.896
178.154
145.986
114.403
84.7637
58.6806
37.7022
22.7364
13.5117
8.63959
6.39326
5.46795
5.14126
5.07347
5.11168
5.18579
5.26307
5.32864
5.3767
5.40619
5.41853
5.41636
5.40278
5.38097
5.35387
5.32408
5.29377
5.2646
5.23774
5.21392
5.19346
5.17636
5.16232
5.15082
5.14118
5.13264
5.12441
5.11578
5.10616
5.09508
5.08221
5.06728
5.05001
5.03002
5.00671
4.97924
4.94641
4.90672
4.85819
4.79934
4.72492
4.64993
4.48152
)
;

boundaryField
{
    outlet
    {
        type            zeroGradient;
    }
    inlet
    {
        type            fixedValue;
        value           uniform 5.199;
    }
    lowerWall
    {
        type            epsilonWallFunction;
        Cmu             0.09;
        kappa           0.41;
        E               9.8;
        value           nonuniform List<scalar> 
148
(
151.448
203.151
260.735
321.761
383.63
443.728
499.772
550.052
593.512
629.712
658.718
680.971
697.146
708.039
714.476
717.252
717.098
714.654
710.469
705.003
698.632
691.658
684.322
676.812
669.27
661.805
654.491
647.401
640.489
634.156
626.559
626.507
591.824
7.13721
22.8987
39.5154
52.798
60.5636
63.5662
64.7204
63.2341
60.3866
56.4508
52.5968
48.0949
43.5343
38.3866
27.766
7.13721
6.36401
8.32663
8.77489
8.20386
7.08111
5.58692
4.791
10.4637
24.5647
42.3487
62.1562
83.1537
104.72
126.356
147.644
168.236
187.863
206.35
223.618
239.679
254.613
268.545
281.622
293.99
305.78
317.098
328.017
338.581
348.803
358.667
368.131
377.135
385.605
393.475
400.71
407.325
413.284
418.403
422.689
426.086
428.54
429.988
430.37
429.629
427.713
424.572
420.162
414.438
407.361
398.894
389.003
377.66
364.855
350.617
335.059
318.479
301.614
286.119
273.125
259.908
245.664
230.654
215.399
200.426
186.153
172.846
160.629
149.522
139.482
130.441
122.318
115.031
108.499
102.643
97.3884
92.664
88.4021
84.5409
81.0251
77.8068
74.846
72.1076
69.5593
67.1719
64.9229
62.8022
60.8103
58.9538
57.2411
55.6779
54.2653
52.9977
51.8641
50.8483
49.9314
49.0982
48.2996
47.656
46.5139
)
;
    }
    upperWall
    {
        type            epsilonWallFunction;
        Cmu             0.09;
        kappa           0.41;
        E               9.8;
        value           nonuniform List<scalar> 
133
(
44.7794
48.3124
51.8864
55.4656
59.0311
62.5709
66.0743
69.5317
72.9343
76.2743
79.5448
82.7399
85.8549
88.8857
91.829
94.6827
97.4448
100.114
102.691
105.175
107.566
109.865
112.074
114.194
116.227
118.175
120.039
121.822
123.527
125.155
126.71
128.193
129.608
131.175
132.901
134.581
136.212
137.79
139.312
140.776
142.178
143.516
144.786
145.986
147.112
148.163
149.133
150.022
150.824
151.538
152.159
152.683
153.108
153.428
153.639
153.737
153.716
153.57
153.294
152.88
152.321
151.61
150.737
149.692
148.465
147.044
145.416
143.567
141.482
139.145
136.538
133.645
130.446
126.926
123.07
118.867
114.315
109.423
104.217
98.7445
93.088
87.3677
81.7504
76.4525
71.7356
67.8934
65.2243
63.9904
64.3641
66.3698
69.8439
74.3949
79.4662
84.7756
89.7896
93.854
96.5978
97.9598
98.088
97.229
95.6495
93.5855
91.213
88.664
86.0422
83.4268
80.8742
78.4205
76.086
73.8799
71.8045
69.8577
68.0353
66.3324
64.7437
63.2644
61.8899
60.616
59.4387
58.3541
57.3582
56.447
55.616
54.8605
54.1755
53.5558
52.9969
52.4926
52.0412
51.6334
51.2691
50.9699
50.5306
)
;
    }
    frontAndBack
    {
        type            empty;
    }
}


// ************************************************************************* //
