/*--------------------------------*- C++ -*----------------------------------*\
| =========                 |                                                 |
| \\      /  F ield         | OpenFOAM: The Open Source CFD Toolbox           |
|  \\    /   O peration     | Version:  2.1.1                                 |
|   \\  /    A nd           | Web:      www.OpenFOAM.org                      |
|    \\/     M anipulation  |                                                 |
\*---------------------------------------------------------------------------*/
FoamFile
{
    version     2.0;
    format      ascii;
    class       volScalarField;
    location    "0.035";
    object      nuSgs;
}
// * * * * * * * * * * * * * * * * * * * * * * * * * * * * * * * * * * * * * //

dimensions      [0 2 -1 0 0 0 0];

internalField   nonuniform List<scalar> 
6820
(
0.000556015
0.000457393
0.000368082
0.000306006
0.000268741
0.000243046
0.00022411
0.000209606
0.000197872
0.000188
0.000179475
0.000171965
0.000165247
0.000159164
0.000153602
0.000148474
0.000143713
0.000139267
0.000135094
0.000131158
0.000127432
0.000123891
0.000120515
0.000117288
0.000114194
0.000111222
0.000108362
0.000105609
0.000102952
0.000100417
9.79665e-05
9.55894e-05
9.30835e-05
0.000103502
0.000170677
0.000223673
0.000240041
0.000235276
0.0002249
0.000213188
0.000201885
0.000191634
0.000182453
0.000174222
0.000166809
0.00016009
0.000153962
0.000148339
0.000143154
0.000138347
0.000133871
0.000129686
0.000125757
0.000122055
0.000118556
0.00011524
0.000112087
0.000109082
0.000106211
0.000103463
0.000100821
9.82887e-05
9.58019e-05
9.34802e-05
9.08766e-05
8.92386e-05
3.67736e-05
2.84687e-05
4.56429e-05
8.23569e-05
0.000108028
0.000123651
0.000132104
0.000135979
0.000137103
0.000136546
0.000134952
0.000132717
0.000130091
0.00012724
0.00012427
0.000121252
0.000118234
0.000115249
0.000112315
0.000109448
0.000106654
0.000103939
0.000101305
9.87503e-05
9.62753e-05
9.38769e-05
9.1552e-05
8.92938e-05
8.70987e-05
8.49381e-05
8.28206e-05
8.05973e-05
7.84678e-05
2.07363e-05
2.86762e-05
2.65437e-05
1.50534e-05
3.63364e-06
1.39324e-05
2.58035e-05
3.56683e-05
4.36297e-05
4.99608e-05
5.49363e-05
5.87997e-05
6.17531e-05
6.39542e-05
6.55374e-05
6.66135e-05
6.72738e-05
6.75933e-05
6.76339e-05
6.74465e-05
6.7073e-05
6.65481e-05
6.59004e-05
6.51532e-05
6.4326e-05
6.3434e-05
6.24894e-05
6.14996e-05
6.04713e-05
5.93986e-05
5.82882e-05
5.7124e-05
5.59962e-05
1.44216e-05
1.75755e-05
2.25961e-05
2.42935e-05
2.39671e-05
2.19863e-05
1.90909e-05
1.58201e-05
1.24081e-05
9.0057e-06
5.72197e-06
2.64082e-06
6.83848e-07
3.06224e-06
5.46469e-06
7.64301e-06
9.59322e-06
1.13247e-05
1.28511e-05
1.41873e-05
1.53491e-05
1.63516e-05
1.72096e-05
1.79367e-05
1.85456e-05
1.90474e-05
1.94517e-05
1.97659e-05
1.99968e-05
2.01471e-05
2.02237e-05
2.02437e-05
2.0232e-05
1.09227e-05
1.24875e-05
1.38084e-05
1.43191e-05
1.51068e-05
1.57485e-05
1.61278e-05
1.63371e-05
1.63797e-05
1.62608e-05
1.60042e-05
1.56335e-05
1.51723e-05
1.46355e-05
1.40423e-05
1.34106e-05
1.27557e-05
1.20906e-05
1.14256e-05
1.07691e-05
1.01274e-05
9.50516e-06
8.90585e-06
8.33193e-06
7.78506e-06
7.2665e-06
6.77701e-06
6.31748e-06
5.88778e-06
5.48754e-06
5.11233e-06
4.7495e-06
4.3794e-06
8.24897e-06
9.41879e-06
1.02312e-05
1.00273e-05
9.83784e-06
9.66065e-06
9.47822e-06
9.39247e-06
9.39208e-06
9.43268e-06
9.48715e-06
9.53751e-06
9.57216e-06
9.58883e-06
9.58494e-06
9.5594e-06
9.51245e-06
9.4452e-06
9.35928e-06
9.25655e-06
9.13903e-06
9.00873e-06
8.86763e-06
8.71768e-06
8.56067e-06
8.39833e-06
8.23208e-06
8.06316e-06
7.89156e-06
7.71649e-06
7.5327e-06
7.33451e-06
7.10203e-06
6.3674e-06
7.40104e-06
8.19925e-06
8.05893e-06
7.7468e-06
7.40611e-06
7.0275e-06
6.70206e-06
6.44854e-06
6.24631e-06
6.08263e-06
5.94846e-06
5.83488e-06
5.73524e-06
5.64522e-06
5.56167e-06
5.48209e-06
5.40456e-06
5.32766e-06
5.25037e-06
5.17199e-06
5.09208e-06
5.01039e-06
4.92683e-06
4.84135e-06
4.75394e-06
4.66439e-06
4.57221e-06
4.47596e-06
4.37329e-06
4.2589e-06
4.12767e-06
3.96371e-06
5.00941e-06
5.85279e-06
6.52465e-06
6.51357e-06
6.34319e-06
6.13396e-06
5.8493e-06
5.56124e-06
5.30813e-06
5.08627e-06
4.89093e-06
4.71867e-06
4.56467e-06
4.42476e-06
4.29602e-06
4.17626e-06
4.06367e-06
3.95689e-06
3.85483e-06
3.75663e-06
3.66156e-06
3.569e-06
3.47841e-06
3.38926e-06
3.301e-06
3.21298e-06
3.12426e-06
3.03351e-06
2.93856e-06
2.83632e-06
2.72176e-06
2.59004e-06
2.42855e-06
4.00651e-06
4.70346e-06
5.29182e-06
5.35649e-06
5.25072e-06
5.10025e-06
4.88201e-06
4.65056e-06
4.44337e-06
4.25951e-06
4.09446e-06
3.94604e-06
3.81118e-06
3.68693e-06
3.57123e-06
3.46259e-06
3.3598e-06
3.26187e-06
3.16799e-06
3.07745e-06
2.98964e-06
2.90399e-06
2.81994e-06
2.7369e-06
2.6542e-06
2.57099e-06
2.48612e-06
2.39797e-06
2.30425e-06
2.20189e-06
2.0865e-06
1.95406e-06
1.79409e-06
3.24982e-06
3.83323e-06
4.34965e-06
4.45397e-06
4.3952e-06
4.29241e-06
4.12932e-06
3.94235e-06
3.76593e-06
3.60434e-06
3.4562e-06
3.32148e-06
3.19878e-06
3.08602e-06
2.98151e-06
2.88389e-06
2.79199e-06
2.70477e-06
2.62138e-06
2.54109e-06
2.46324e-06
2.3872e-06
2.31236e-06
2.23805e-06
2.16348e-06
2.08769e-06
2.00942e-06
1.92704e-06
1.83839e-06
1.74077e-06
1.63071e-06
1.50548e-06
1.35696e-06
2.66619e-06
3.16026e-06
3.62307e-06
3.76071e-06
3.74597e-06
3.68021e-06
3.55539e-06
3.39936e-06
3.24484e-06
3.10009e-06
2.96559e-06
2.84207e-06
2.72896e-06
2.62478e-06
2.52816e-06
2.43799e-06
2.35324e-06
2.27301e-06
2.19654e-06
2.12312e-06
2.05209e-06
1.9828e-06
1.91461e-06
1.84677e-06
1.77848e-06
1.70873e-06
1.63634e-06
1.5598e-06
1.47735e-06
1.38697e-06
1.28644e-06
1.1749e-06
1.04755e-06
2.20597e-06
2.63208e-06
3.05532e-06
3.21635e-06
3.23539e-06
3.19848e-06
3.10574e-06
2.97903e-06
2.84686e-06
2.71901e-06
2.59735e-06
2.4835e-06
2.37796e-06
2.28009e-06
2.18907e-06
2.10411e-06
2.02443e-06
1.94924e-06
1.87784e-06
1.80955e-06
1.74372e-06
1.67971e-06
1.61685e-06
1.55443e-06
1.49168e-06
1.4277e-06
1.36149e-06
1.29193e-06
1.21789e-06
1.13836e-06
1.05275e-06
9.62549e-07
8.67472e-07
1.83554e-06
2.21101e-06
2.60502e-06
2.78444e-06
2.83275e-06
2.8214e-06
2.75557e-06
2.65317e-06
2.53923e-06
2.42488e-06
2.31361e-06
2.20787e-06
2.10892e-06
2.0167e-06
1.93074e-06
1.85049e-06
1.77529e-06
1.7045e-06
1.63749e-06
1.57364e-06
1.51236e-06
1.45305e-06
1.39513e-06
1.33796e-06
1.28091e-06
1.2233e-06
1.16448e-06
1.10387e-06
1.04117e-06
9.76594e-07
9.11351e-07
8.49069e-07
7.93279e-07
1.53139e-06
1.87065e-06
2.244e-06
2.43865e-06
2.51148e-06
2.52151e-06
2.47757e-06
2.39574e-06
2.29815e-06
2.19642e-06
2.09506e-06
1.99707e-06
1.90418e-06
1.8169e-06
1.73514e-06
1.65863e-06
1.58697e-06
1.51965e-06
1.45618e-06
1.39604e-06
1.33872e-06
1.28371e-06
1.23054e-06
1.17871e-06
1.12778e-06
1.0774e-06
1.02733e-06
9.77602e-07
9.2875e-07
8.82032e-07
8.39975e-07
8.0697e-07
7.87724e-07
1.27684e-06
1.59211e-06
1.95174e-06
2.15954e-06
2.25351e-06
2.28257e-06
2.25776e-06
2.19402e-06
2.11097e-06
2.02028e-06
1.92738e-06
1.83584e-06
1.74793e-06
1.66467e-06
1.58636e-06
1.51299e-06
1.44435e-06
1.38009e-06
1.31984e-06
1.26317e-06
1.20969e-06
1.159e-06
1.11075e-06
1.06466e-06
1.02052e-06
9.78258e-07
9.38075e-07
9.00513e-07
8.66685e-07
8.38375e-07
8.18456e-07
8.10609e-07
8.18782e-07
1.0598e-06
1.36179e-06
1.71365e-06
1.93337e-06
2.04585e-06
2.09188e-06
2.0837e-06
2.0356e-06
1.96536e-06
1.88458e-06
1.79937e-06
1.7138e-06
1.63053e-06
1.55099e-06
1.47581e-06
1.40522e-06
1.33921e-06
1.27762e-06
1.22021e-06
1.16669e-06
1.11679e-06
1.07026e-06
1.02689e-06
9.86574e-07
9.4933e-07
9.1534e-07
8.85082e-07
8.59367e-07
8.39496e-07
8.27188e-07
8.24895e-07
8.34982e-07
8.60314e-07
8.71437e-07
1.17005e-06
1.51934e-06
1.75015e-06
1.87902e-06
1.94042e-06
1.94713e-06
1.91304e-06
1.85446e-06
1.78276e-06
1.70456e-06
1.62433e-06
1.54513e-06
1.46875e-06
1.39617e-06
1.32788e-06
1.2641e-06
1.20482e-06
1.14996e-06
1.09936e-06
1.05288e-06
1.01037e-06
9.71795e-07
9.37157e-07
9.06616e-07
8.80526e-07
8.59454e-07
8.44221e-07
8.3599e-07
8.36085e-07
8.46293e-07
8.67821e-07
9.02745e-07
7.05401e-07
1.01033e-06
1.36151e-06
1.60282e-06
1.74633e-06
1.82173e-06
1.8419e-06
1.82036e-06
1.7723e-06
1.70884e-06
1.63698e-06
1.56157e-06
1.486e-06
1.41242e-06
1.34209e-06
1.27575e-06
1.21381e-06
1.15643e-06
1.10367e-06
1.0555e-06
1.01188e-06
9.72803e-07
9.38291e-07
9.08455e-07
8.83533e-07
8.63881e-07
8.50023e-07
8.42637e-07
8.42601e-07
8.50775e-07
8.68353e-07
8.95722e-07
9.34513e-07
5.57569e-07
8.7881e-07
1.23537e-06
1.48653e-06
1.64311e-06
1.73129e-06
1.76371e-06
1.75354e-06
1.71512e-06
1.65929e-06
1.59331e-06
1.52237e-06
1.45015e-06
1.37908e-06
1.31071e-06
1.24602e-06
1.18559e-06
1.12977e-06
1.07873e-06
1.03255e-06
9.91311e-07
9.5505e-07
9.23861e-07
8.97884e-07
8.77342e-07
8.62536e-07
8.5387e-07
8.51813e-07
8.56941e-07
8.69732e-07
8.90939e-07
9.20476e-07
9.59678e-07
4.26662e-07
7.74198e-07
1.1381e-06
1.39818e-06
1.56633e-06
1.66606e-06
1.7096e-06
1.70973e-06
1.68002e-06
1.63108e-06
1.57034e-06
1.50324e-06
1.43373e-06
1.36451e-06
1.29741e-06
1.2336e-06
1.17387e-06
1.11869e-06
1.06837e-06
1.0231e-06
9.82993e-07
9.48167e-07
9.18731e-07
8.94819e-07
8.76606e-07
8.64308e-07
8.58187e-07
8.5852e-07
8.65642e-07
8.7975e-07
9.01298e-07
9.29886e-07
9.6671e-07
3.17116e-07
6.9783e-07
1.06858e-06
1.33614e-06
1.51427e-06
1.62438e-06
1.67803e-06
1.68754e-06
1.66589e-06
1.62342e-06
1.56766e-06
1.50427e-06
1.43742e-06
1.37005e-06
1.30418e-06
1.24119e-06
1.18199e-06
1.1272e-06
1.0772e-06
1.03226e-06
9.92556e-07
9.58216e-07
9.29356e-07
9.06088e-07
8.88533e-07
8.76821e-07
8.71097e-07
8.71493e-07
8.78172e-07
8.91166e-07
9.10743e-07
9.36414e-07
9.69204e-07
2.46785e-07
6.53096e-07
1.02696e-06
1.29989e-06
1.48625e-06
1.60539e-06
1.66794e-06
1.68564e-06
1.67088e-06
1.63374e-06
1.5818e-06
1.5209e-06
1.45542e-06
1.38853e-06
1.32246e-06
1.25876e-06
1.19853e-06
1.14248e-06
1.0911e-06
1.04472e-06
1.00354e-06
9.67728e-07
9.37378e-07
9.12579e-07
8.93404e-07
8.79917e-07
8.7218e-07
8.7023e-07
8.74122e-07
8.83783e-07
8.99361e-07
9.20265e-07
9.4749e-07
2.48571e-07
6.44146e-07
1.01433e-06
1.28994e-06
1.4828e-06
1.60986e-06
1.6806e-06
1.70607e-06
1.69812e-06
1.66656e-06
1.61895e-06
1.5612e-06
1.4978e-06
1.43206e-06
1.36636e-06
1.30238e-06
1.24132e-06
1.18397e-06
1.13091e-06
1.0825e-06
1.03898e-06
1.00054e-06
9.67286e-07
9.39289e-07
9.1661e-07
8.99286e-07
8.87348e-07
8.808e-07
8.79661e-07
8.83851e-07
8.9348e-07
9.08082e-07
9.28458e-07
3.25566e-07
6.73831e-07
1.03236e-06
1.30753e-06
1.50474e-06
1.63787e-06
1.71486e-06
1.7459e-06
1.74232e-06
1.71372e-06
1.66767e-06
1.61024e-06
1.54614e-06
1.47885e-06
1.41093e-06
1.34422e-06
1.28001e-06
1.21918e-06
1.16234e-06
1.10989e-06
1.06208e-06
1.01907e-06
9.80979e-07
9.47852e-07
9.19737e-07
8.96658e-07
8.78638e-07
8.65683e-07
8.57817e-07
8.54971e-07
8.57249e-07
8.64175e-07
8.76621e-07
4.48165e-07
7.42129e-07
1.08282e-06
1.35499e-06
1.55544e-06
1.69465e-06
1.77875e-06
1.81696e-06
1.81996e-06
1.79687e-06
1.75508e-06
1.70055e-06
1.63801e-06
1.57103e-06
1.50227e-06
1.43368e-06
1.36666e-06
1.30222e-06
1.24103e-06
1.18358e-06
1.13016e-06
1.08097e-06
1.03614e-06
9.95742e-07
9.59844e-07
9.28491e-07
9.01734e-07
8.79626e-07
8.62248e-07
8.49642e-07
8.41975e-07
8.39099e-07
8.41587e-07
5.99737e-07
8.48068e-07
1.16817e-06
1.43462e-06
1.63517e-06
1.77642e-06
1.86254e-06
1.90187e-06
1.90492e-06
1.88085e-06
1.83719e-06
1.78009e-06
1.71441e-06
1.64383e-06
1.57107e-06
1.49812e-06
1.42637e-06
1.35681e-06
1.2901e-06
1.22667e-06
1.16678e-06
1.11061e-06
1.05825e-06
1.00976e-06
9.65192e-07
9.24606e-07
8.88079e-07
8.55712e-07
8.27659e-07
8.04049e-07
7.85148e-07
7.70868e-07
7.62039e-07
7.76851e-07
9.90077e-07
1.29055e-06
1.55205e-06
1.75576e-06
1.90478e-06
2.00055e-06
2.04963e-06
2.0613e-06
2.04399e-06
2.00483e-06
1.9499e-06
1.8842e-06
1.81165e-06
1.73526e-06
1.65727e-06
1.57934e-06
1.50265e-06
1.428e-06
1.35593e-06
1.28679e-06
1.22077e-06
1.15798e-06
1.09849e-06
1.04232e-06
9.8953e-07
9.40183e-07
8.94396e-07
8.52351e-07
8.14298e-07
7.80575e-07
7.51616e-07
7.27696e-07
9.84104e-07
1.17354e-06
1.45711e-06
1.70923e-06
1.90599e-06
2.04825e-06
2.13671e-06
2.17841e-06
2.18341e-06
2.16046e-06
2.11666e-06
2.0579e-06
1.98885e-06
1.91313e-06
1.83343e-06
1.75178e-06
1.66966e-06
1.58814e-06
1.50795e-06
1.4296e-06
1.35338e-06
1.2795e-06
1.20805e-06
1.13908e-06
1.07259e-06
1.00862e-06
9.47204e-07
8.88431e-07
8.32465e-07
7.79525e-07
7.29962e-07
6.84154e-07
6.42707e-07
1.22554e-06
1.39502e-06
1.66792e-06
1.92413e-06
2.13681e-06
2.30104e-06
2.41111e-06
2.47017e-06
2.48679e-06
2.46959e-06
2.42628e-06
2.36374e-06
2.28772e-06
2.20277e-06
2.11234e-06
2.01901e-06
1.92465e-06
1.83056e-06
1.73761e-06
1.64638e-06
1.55719e-06
1.4702e-06
1.38549e-06
1.30302e-06
1.22277e-06
1.14468e-06
1.0687e-06
9.9483e-07
9.23122e-07
8.53727e-07
7.86781e-07
7.22997e-07
6.61519e-07
1.52193e-06
1.68855e-06
1.94992e-06
2.18116e-06
2.36121e-06
2.49357e-06
2.57791e-06
2.61996e-06
2.6282e-06
2.60926e-06
2.56836e-06
2.51018e-06
2.43885e-06
2.35783e-06
2.26994e-06
2.17751e-06
2.08238e-06
1.98594e-06
1.88926e-06
1.79308e-06
1.6979e-06
1.60405e-06
1.51171e-06
1.42092e-06
1.33171e-06
1.24402e-06
1.15781e-06
1.073e-06
9.89574e-07
9.075e-07
8.26728e-07
7.47498e-07
6.68806e-07
1.86513e-06
2.01031e-06
2.28889e-06
2.57644e-06
2.82866e-06
3.02402e-06
3.14837e-06
3.20672e-06
3.21292e-06
3.17963e-06
3.11724e-06
3.03436e-06
2.93767e-06
2.83207e-06
2.72101e-06
2.60697e-06
2.49167e-06
2.37629e-06
2.26163e-06
2.14821e-06
2.03637e-06
1.92628e-06
1.81805e-06
1.71167e-06
1.60713e-06
1.50437e-06
1.40333e-06
1.30398e-06
1.20629e-06
1.11032e-06
1.01596e-06
9.23909e-07
8.31726e-07
2.35031e-06
2.52777e-06
2.75143e-06
2.91493e-06
3.04734e-06
3.16901e-06
3.26854e-06
3.33762e-06
3.37453e-06
3.37886e-06
3.35232e-06
3.29902e-06
3.22398e-06
3.13205e-06
3.02762e-06
2.91442e-06
2.79548e-06
2.67317e-06
2.54926e-06
2.42505e-06
2.30145e-06
2.1791e-06
2.05836e-06
1.93948e-06
1.82256e-06
1.70765e-06
1.59476e-06
1.48392e-06
1.37517e-06
1.26864e-06
1.16438e-06
1.06311e-06
9.63059e-07
2.83122e-06
2.96906e-06
3.3927e-06
3.83101e-06
4.16232e-06
4.36717e-06
4.45546e-06
4.45846e-06
4.40626e-06
4.31717e-06
4.20246e-06
4.07019e-06
3.92591e-06
3.77347e-06
3.61585e-06
3.45546e-06
3.29434e-06
3.1341e-06
2.97606e-06
2.82121e-06
2.67026e-06
2.52369e-06
2.38176e-06
2.24456e-06
2.11208e-06
1.98421e-06
1.86084e-06
1.74183e-06
1.62712e-06
1.51682e-06
1.4109e-06
1.31065e-06
1.21325e-06
3.87743e-06
4.00487e-06
3.94728e-06
3.9016e-06
4.03087e-06
4.26251e-06
4.47316e-06
4.61384e-06
4.6817e-06
4.68672e-06
4.64539e-06
4.57574e-06
4.49234e-06
4.40528e-06
4.32084e-06
4.24226e-06
4.17066e-06
4.10576e-06
4.04663e-06
3.99203e-06
3.94073e-06
3.89161e-06
3.84372e-06
3.79629e-06
3.74873e-06
3.70056e-06
3.65144e-06
3.60112e-06
3.5495e-06
3.49672e-06
3.44302e-06
3.3903e-06
3.33652e-06
4.34486e-06
4.95272e-06
5.95992e-06
6.46225e-06
6.59162e-06
6.57748e-06
6.57258e-06
6.6809e-06
6.93234e-06
7.29614e-06
7.72382e-06
8.17189e-06
8.60704e-06
9.00689e-06
9.35862e-06
9.65633e-06
9.89877e-06
1.00877e-05
1.02264e-05
1.03195e-05
1.03715e-05
1.03872e-05
1.0371e-05
1.0327e-05
1.02589e-05
1.01698e-05
1.00624e-05
9.93883e-06
9.80094e-06
9.64998e-06
9.48783e-06
9.31695e-06
9.13822e-06
7.54169e-06
5.82577e-06
4.6607e-06
6.26475e-06
8.99163e-06
1.16946e-05
1.40185e-05
1.59037e-05
1.73497e-05
1.83714e-05
1.90058e-05
1.93008e-05
1.93061e-05
1.90707e-05
1.86411e-05
1.80596e-05
1.73635e-05
1.65846e-05
1.57493e-05
1.48796e-05
1.39928e-05
1.31026e-05
1.22195e-05
1.13513e-05
1.05037e-05
9.68023e-06
8.88301e-06
8.11244e-06
7.36834e-06
6.64726e-06
5.95002e-06
5.26514e-06
4.60629e-06
8.58247e-06
1.47413e-05
1.88456e-05
2.12472e-05
2.23352e-05
2.18641e-05
2.00108e-05
1.72288e-05
1.39874e-05
1.0909e-05
8.99817e-06
9.32852e-06
1.16603e-05
1.49077e-05
1.83852e-05
2.17894e-05
2.49881e-05
2.79242e-05
3.05777e-05
3.29474e-05
3.50432e-05
3.68804e-05
3.84773e-05
3.98532e-05
4.10273e-05
4.20183e-05
4.28444e-05
4.35231e-05
4.40716e-05
4.45113e-05
4.48577e-05
4.51692e-05
4.5435e-05
3.46334e-05
3.72163e-05
4.66522e-05
6.17681e-05
7.74619e-05
9.28454e-05
0.000107219
0.000119877
0.000130633
0.000139532
0.000146685
0.000152257
0.000156434
0.000159402
0.000161336
0.000162393
0.000162716
0.000162428
0.000161634
0.000160427
0.000158883
0.000157067
0.000155034
0.000152829
0.000150491
0.00014805
0.000145531
0.000142952
0.000140331
0.000137674
0.000134983
0.000132346
0.000129776
0.00060844
0.000582498
0.000556876
0.000530414
0.000504414
0.000479193
0.000454793
0.000431482
0.000409441
0.000388726
0.000369351
0.000351301
0.000334526
0.000318958
0.000304518
0.000291121
0.000278682
0.000267118
0.000256349
0.0002463
0.000236904
0.000228098
0.000219823
0.000212031
0.000204673
0.00019771
0.000191102
0.000184814
0.000178807
0.00017306
0.000167443
0.000162492
0.000157981
8.59271e-05
8.77387e-05
9.30224e-05
9.58103e-05
9.64058e-05
9.02958e-05
7.58376e-05
6.2029e-05
5.68772e-05
5.56291e-05
5.30446e-05
4.86566e-05
4.32734e-05
3.75598e-05
3.19025e-05
2.67351e-05
2.27206e-05
2.18017e-05
2.44872e-05
2.12939e-05
4.42828e-06
2.31408e-05
3.32505e-05
2.28169e-05
1.40587e-05
2.46221e-05
2.91612e-05
2.72033e-05
2.38622e-05
2.13741e-05
1.95825e-05
1.80317e-05
1.6564e-05
1.5174e-05
1.38722e-05
1.26583e-05
1.15294e-05
1.04837e-05
9.51868e-06
8.63027e-06
7.81408e-06
7.06603e-06
6.38166e-06
5.75426e-06
5.17424e-06
4.63202e-06
4.12364e-06
3.65466e-06
3.23813e-06
2.88624e-06
2.60125e-06
2.37226e-06
2.18012e-06
2.00625e-06
1.83933e-06
1.67708e-06
1.52334e-06
1.38332e-06
1.25962e-06
1.15086e-06
1.05275e-06
9.60492e-07
8.70869e-07
7.83183e-07
6.9882e-07
6.20047e-07
5.48769e-07
4.85859e-07
4.31145e-07
3.83799e-07
3.42803e-07
3.07243e-07
2.76411e-07
2.49756e-07
2.26817e-07
2.07239e-07
1.90466e-07
1.76297e-07
1.64306e-07
1.54168e-07
1.45605e-07
1.38379e-07
1.32317e-07
1.27286e-07
1.23186e-07
1.19932e-07
1.17448e-07
1.15632e-07
1.14404e-07
1.13611e-07
1.13256e-07
1.13031e-07
1.13357e-07
1.13193e-07
1.14617e-07
1.13307e-07
1.17979e-07
1.11048e-07
1.2645e-07
1.08842e-07
0.000112694
0.00010731
0.000105917
0.000107589
0.000111386
0.000115097
0.00011313
9.75057e-05
7.52095e-05
5.90406e-05
5.2269e-05
4.87634e-05
4.47883e-05
4.01296e-05
3.5465e-05
3.14395e-05
2.84464e-05
2.63064e-05
1.95332e-05
1.30651e-06
2.39159e-05
3.5667e-05
2.62627e-05
1.2072e-05
2.26372e-05
2.97682e-05
2.89825e-05
2.55829e-05
2.27532e-05
2.07991e-05
1.92294e-05
1.77725e-05
1.63763e-05
1.50491e-05
1.3797e-05
1.26213e-05
1.15229e-05
1.05015e-05
9.55484e-06
8.67938e-06
7.87149e-06
7.12806e-06
6.44561e-06
5.81829e-06
5.23712e-06
4.69269e-06
4.18087e-06
3.70724e-06
3.28545e-06
2.92887e-06
2.64086e-06
2.41074e-06
2.2186e-06
2.04459e-06
1.87643e-06
1.71154e-06
1.55414e-06
1.41009e-06
1.28269e-06
1.17094e-06
1.07067e-06
9.76889e-07
8.86092e-07
7.97302e-07
7.11745e-07
6.31663e-07
5.59036e-07
4.94837e-07
4.38953e-07
3.90587e-07
3.48706e-07
3.1238e-07
2.80886e-07
2.5366e-07
2.30215e-07
2.10117e-07
1.93029e-07
1.7849e-07
1.66178e-07
1.55795e-07
1.47061e-07
1.39731e-07
1.33593e-07
1.28477e-07
1.24234e-07
1.20738e-07
1.17897e-07
1.15617e-07
1.1384e-07
1.12453e-07
1.11494e-07
1.10676e-07
1.10428e-07
1.09712e-07
1.10608e-07
1.08734e-07
1.13012e-07
1.0522e-07
1.20722e-07
1.01404e-07
0.000101683
0.000100951
0.00010102
0.000102491
0.000105604
0.000109883
0.000114593
0.000116206
0.000107288
8.75048e-05
6.56097e-05
4.95875e-05
4.05918e-05
3.52877e-05
3.09219e-05
2.61181e-05
2.02174e-05
1.16229e-05
1.3617e-05
3.11537e-05
3.88137e-05
2.82003e-05
1.09649e-05
2.1046e-05
3.02605e-05
3.06568e-05
2.72985e-05
2.41029e-05
2.19356e-05
2.03363e-05
1.89069e-05
1.75277e-05
1.61978e-05
1.49288e-05
1.37251e-05
1.25892e-05
1.15227e-05
1.05261e-05
9.5978e-06
8.73514e-06
7.93551e-06
7.19673e-06
6.51618e-06
5.88883e-06
5.30629e-06
4.75932e-06
4.24365e-06
3.76485e-06
3.33718e-06
2.97529e-06
2.68372e-06
2.45219e-06
2.25999e-06
2.08593e-06
1.91659e-06
1.749e-06
1.58768e-06
1.43923e-06
1.30766e-06
1.19249e-06
1.08964e-06
9.94008e-07
9.01776e-07
8.1169e-07
7.2481e-07
6.43357e-07
5.6939e-07
5.03985e-07
4.47097e-07
3.97938e-07
3.5545e-07
3.18663e-07
2.86816e-07
2.59322e-07
2.35688e-07
2.15478e-07
1.98285e-07
1.83683e-07
1.71372e-07
1.61021e-07
1.52351e-07
1.45123e-07
1.39123e-07
1.34168e-07
1.30101e-07
1.26778e-07
1.24091e-07
1.21931e-07
1.20236e-07
1.1889e-07
1.1794e-07
1.17116e-07
1.16856e-07
1.16133e-07
1.17006e-07
1.15118e-07
1.19319e-07
1.11429e-07
1.26903e-07
1.07262e-07
7.32481e-05
7.3702e-05
7.49919e-05
7.78058e-05
8.23262e-05
8.79983e-05
9.41049e-05
0.000100348
0.000104915
0.000103324
9.30951e-05
7.71649e-05
6.06801e-05
4.69951e-05
3.70031e-05
3.09275e-05
3.10227e-05
3.73796e-05
4.42352e-05
4.22496e-05
2.70534e-05
8.69691e-06
2.12385e-05
3.13081e-05
3.22113e-05
2.88198e-05
2.53285e-05
2.29667e-05
2.13299e-05
1.99284e-05
1.85801e-05
1.7269e-05
1.60067e-05
1.47978e-05
1.36444e-05
1.25498e-05
1.15165e-05
1.05457e-05
9.63675e-06
8.78791e-06
7.9975e-06
7.26419e-06
6.58618e-06
5.95925e-06
5.37562e-06
4.82624e-06
4.30672e-06
3.8226e-06
3.38876e-06
3.02118e-06
2.72582e-06
2.49292e-06
2.30106e-06
2.12755e-06
1.95767e-06
1.78785e-06
1.62288e-06
1.47011e-06
1.33435e-06
1.21563e-06
1.11011e-06
1.01252e-06
9.1877e-07
8.27304e-07
7.39001e-07
6.56039e-07
5.80546e-07
5.13698e-07
4.55525e-07
4.05259e-07
3.61829e-07
3.24229e-07
2.91663e-07
2.6352e-07
2.39297e-07
2.18556e-07
2.00879e-07
1.85907e-07
1.73271e-07
1.62657e-07
1.53784e-07
1.46402e-07
1.40291e-07
1.35259e-07
1.31141e-07
1.27793e-07
1.25097e-07
1.22941e-07
1.21261e-07
1.19934e-07
1.19011e-07
1.18214e-07
1.17993e-07
1.17287e-07
1.1821e-07
1.16292e-07
1.20576e-07
1.12499e-07
1.28215e-07
1.0818e-07
2.71338e-05
2.83111e-05
3.0376e-05
3.37639e-05
3.85222e-05
4.45839e-05
5.17706e-05
5.97334e-05
6.81412e-05
7.59297e-05
8.0758e-05
8.0704e-05
7.6145e-05
6.93935e-05
6.28318e-05
5.83892e-05
5.52159e-05
4.96556e-05
3.77239e-05
1.8482e-05
7.58359e-06
2.43388e-05
3.30848e-05
3.34525e-05
2.99256e-05
2.63269e-05
2.38786e-05
2.22166e-05
2.08315e-05
1.95143e-05
1.82355e-05
1.70002e-05
1.58081e-05
1.46589e-05
1.35556e-05
1.25026e-05
1.15032e-05
1.0559e-05
9.67029e-06
8.83622e-06
8.05598e-06
7.32899e-06
6.65424e-06
6.02829e-06
5.44397e-06
4.8925e-06
4.36934e-06
3.88e-06
3.43995e-06
3.06652e-06
2.76721e-06
2.53295e-06
2.34167e-06
2.16914e-06
1.99916e-06
1.82745e-06
1.65898e-06
1.50184e-06
1.36169e-06
1.2392e-06
1.13075e-06
1.031e-06
9.35575e-07
8.42637e-07
7.52867e-07
6.68394e-07
5.91406e-07
5.23183e-07
4.63832e-07
4.12608e-07
3.6842e-07
3.30225e-07
2.9719e-07
2.68679e-07
2.44172e-07
2.23213e-07
2.05392e-07
1.90301e-07
1.77573e-07
1.66908e-07
1.58015e-07
1.50639e-07
1.44557e-07
1.39571e-07
1.35511e-07
1.3223e-07
1.29607e-07
1.27524e-07
1.25919e-07
1.24664e-07
1.23813e-07
1.2308e-07
1.22928e-07
1.22266e-07
1.2326e-07
1.21336e-07
1.25726e-07
1.17506e-07
1.33599e-07
1.13275e-07
5.28253e-06
4.76586e-06
3.87235e-06
2.71298e-06
3.27354e-06
6.81478e-06
1.1958e-05
1.8026e-05
2.45584e-05
3.12882e-05
3.78454e-05
4.33302e-05
4.66269e-05
4.7105e-05
4.48432e-05
3.97218e-05
3.04177e-05
1.65595e-05
7.67707e-07
1.78881e-05
3.0213e-05
3.5157e-05
3.40475e-05
3.03758e-05
2.69471e-05
2.45993e-05
2.29683e-05
2.16013e-05
2.0313e-05
1.90738e-05
1.78809e-05
1.67256e-05
1.56021e-05
1.45116e-05
1.34587e-05
1.2448e-05
1.14831e-05
1.05664e-05
9.69883e-06
8.88054e-06
8.1114e-06
7.39157e-06
6.72076e-06
6.0963e-06
5.51168e-06
4.95836e-06
4.43172e-06
3.93719e-06
3.4908e-06
3.11127e-06
2.80777e-06
2.5721e-06
2.38166e-06
2.21062e-06
2.0411e-06
1.86797e-06
1.69626e-06
1.53482e-06
1.39022e-06
1.26382e-06
1.15228e-06
1.05022e-06
9.53026e-07
8.58539e-07
7.67236e-07
6.81179e-07
6.02605e-07
5.32891e-07
4.72223e-07
4.19882e-07
3.74759e-07
3.35775e-07
3.02061e-07
2.72958e-07
2.47932e-07
2.2652e-07
2.08297e-07
1.92862e-07
1.79875e-07
1.69003e-07
1.59949e-07
1.52458e-07
1.46296e-07
1.41259e-07
1.37173e-07
1.3388e-07
1.31259e-07
1.29186e-07
1.27596e-07
1.26356e-07
1.25526e-07
1.24805e-07
1.24675e-07
1.24007e-07
1.25036e-07
1.23054e-07
1.27545e-07
1.1909e-07
1.3555e-07
1.14714e-07
9.12669e-06
8.89216e-06
8.2217e-06
6.93443e-06
5.0774e-06
3.42372e-06
4.60883e-06
8.25233e-06
1.23309e-05
1.57821e-05
1.79267e-05
1.85895e-05
1.80241e-05
1.65709e-05
1.45088e-05
1.32422e-05
1.61618e-05
2.32137e-05
3.06395e-05
3.52079e-05
3.57431e-05
3.32809e-05
2.9879e-05
2.7031e-05
2.50345e-05
2.35363e-05
2.22149e-05
2.09613e-05
1.97671e-05
1.86268e-05
1.75239e-05
1.64456e-05
1.5389e-05
1.43569e-05
1.33544e-05
1.23863e-05
1.14565e-05
1.0568e-05
9.72253e-06
8.92094e-06
8.1638e-06
7.45191e-06
6.7857e-06
6.16326e-06
5.57869e-06
5.0238e-06
4.49386e-06
3.99421e-06
3.54142e-06
3.15559e-06
2.84767e-06
2.61052e-06
2.42113e-06
2.252e-06
2.08348e-06
1.90935e-06
1.73466e-06
1.56896e-06
1.41978e-06
1.28925e-06
1.17439e-06
1.06981e-06
9.70656e-07
8.74488e-07
7.81561e-07
6.93858e-07
6.13661e-07
5.42441e-07
4.80467e-07
4.27051e-07
3.81069e-07
3.41401e-07
3.07143e-07
2.77606e-07
2.5224e-07
2.30568e-07
2.12159e-07
1.96605e-07
1.83539e-07
1.72624e-07
1.6357e-07
1.56102e-07
1.49989e-07
1.45018e-07
1.41009e-07
1.37801e-07
1.35267e-07
1.3328e-07
1.31774e-07
1.30613e-07
1.29859e-07
1.29201e-07
1.2914e-07
1.28512e-07
1.29612e-07
1.27618e-07
1.32228e-07
1.23604e-07
1.40485e-07
1.19272e-07
5.01049e-06
4.73781e-06
4.15675e-06
3.15265e-06
1.81438e-06
1.63433e-06
3.99006e-06
7.33584e-06
1.13298e-05
1.56479e-05
1.97677e-05
2.31533e-05
2.55947e-05
2.73252e-05
2.89798e-05
3.09903e-05
3.31025e-05
3.45793e-05
3.46709e-05
3.32402e-05
3.08935e-05
2.85133e-05
2.66044e-05
2.51303e-05
2.38481e-05
2.26166e-05
2.14243e-05
2.02921e-05
1.92175e-05
1.81805e-05
1.71638e-05
1.61599e-05
1.51691e-05
1.41952e-05
1.3243e-05
1.23177e-05
1.14236e-05
1.05641e-05
9.74165e-06
8.95766e-06
8.21336e-06
7.5102e-06
6.84925e-06
6.22931e-06
5.64517e-06
5.08895e-06
4.55588e-06
4.05119e-06
3.5919e-06
3.19954e-06
2.88692e-06
2.64817e-06
2.45996e-06
2.29319e-06
2.12622e-06
1.9516e-06
1.77422e-06
1.60436e-06
1.45055e-06
1.31572e-06
1.19734e-06
1.09005e-06
9.88793e-07
8.90834e-07
7.96204e-07
7.06789e-07
6.249e-07
5.52099e-07
4.88736e-07
4.34154e-07
3.87213e-07
3.46754e-07
3.11833e-07
2.81733e-07
2.55888e-07
2.3381e-07
2.15058e-07
1.99221e-07
1.85932e-07
1.74858e-07
1.65698e-07
1.58165e-07
1.5202e-07
1.47045e-07
1.43052e-07
1.39875e-07
1.3738e-07
1.35438e-07
1.33978e-07
1.32861e-07
1.32151e-07
1.31528e-07
1.3151e-07
1.30894e-07
1.32046e-07
1.30007e-07
1.34736e-07
1.25878e-07
1.43167e-07
1.2142e-07
2.95347e-06
2.61071e-06
2.01809e-06
1.10381e-06
5.48398e-07
2.12496e-06
4.21208e-06
6.65233e-06
9.43631e-06
1.25713e-05
1.59892e-05
1.94719e-05
2.27065e-05
2.54243e-05
2.75059e-05
2.89136e-05
2.96e-05
2.95214e-05
2.88206e-05
2.78021e-05
2.6754e-05
2.57775e-05
2.48127e-05
2.37913e-05
2.27197e-05
2.16496e-05
2.06191e-05
1.96326e-05
1.86761e-05
1.77346e-05
1.67997e-05
1.58686e-05
1.49431e-05
1.40268e-05
1.3125e-05
1.22428e-05
1.13849e-05
1.05551e-05
9.75649e-06
8.99094e-06
8.26032e-06
7.56663e-06
6.91157e-06
6.29463e-06
5.71125e-06
5.15393e-06
4.61788e-06
4.10821e-06
3.64239e-06
3.24329e-06
2.92569e-06
2.68515e-06
2.49825e-06
2.33423e-06
2.16934e-06
1.99472e-06
1.81498e-06
1.64106e-06
1.48253e-06
1.34322e-06
1.22108e-06
1.11085e-06
1.00729e-06
9.07378e-07
8.10926e-07
7.19712e-07
6.36064e-07
5.61633e-07
4.9685e-07
4.41097e-07
3.93217e-07
3.52012e-07
3.16494e-07
2.85918e-07
2.59699e-07
2.37339e-07
2.18386e-07
2.02422e-07
1.8907e-07
1.77981e-07
1.68838e-07
1.61366e-07
1.55303e-07
1.50426e-07
1.46541e-07
1.43477e-07
1.41095e-07
1.39262e-07
1.37907e-07
1.36885e-07
1.36266e-07
1.3572e-07
1.3578e-07
1.35213e-07
1.36445e-07
1.34397e-07
1.3926e-07
1.30216e-07
1.47963e-07
1.25767e-07
2.10869e-06
1.75636e-06
1.2207e-06
6.28801e-07
1.16981e-06
2.5924e-06
4.37597e-06
6.41832e-06
8.6446e-06
1.09943e-05
1.34258e-05
1.58892e-05
1.82812e-05
2.04568e-05
2.22344e-05
2.35402e-05
2.43784e-05
2.4824e-05
2.49677e-05
2.4863e-05
2.45302e-05
2.39878e-05
2.32762e-05
2.2456e-05
2.15876e-05
2.07117e-05
1.98449e-05
1.89885e-05
1.81375e-05
1.72865e-05
1.64318e-05
1.55727e-05
1.47115e-05
1.38525e-05
1.30009e-05
1.2162e-05
1.13408e-05
1.05415e-05
9.76742e-06
9.02113e-06
8.30498e-06
7.62149e-06
6.97292e-06
6.35944e-06
5.77715e-06
5.21894e-06
4.68005e-06
4.16548e-06
3.69306e-06
3.28701e-06
2.96412e-06
2.72157e-06
2.53601e-06
2.37508e-06
2.21282e-06
2.03871e-06
1.85696e-06
1.67913e-06
1.51583e-06
1.37186e-06
1.24573e-06
1.13234e-06
1.02627e-06
9.24259e-07
8.25873e-07
7.32774e-07
6.47297e-07
5.7117e-07
5.04904e-07
4.47916e-07
3.99033e-07
3.57015e-07
3.20829e-07
2.89698e-07
2.6302e-07
2.40284e-07
2.21032e-07
2.04838e-07
1.91316e-07
1.80117e-07
1.70918e-07
1.63433e-07
1.57391e-07
1.52559e-07
1.48738e-07
1.45747e-07
1.43444e-07
1.4169e-07
1.40413e-07
1.39464e-07
1.38917e-07
1.38428e-07
1.38551e-07
1.38013e-07
1.39313e-07
1.37233e-07
1.42235e-07
1.32956e-07
1.51154e-07
1.28392e-07
1.55246e-06
1.24927e-06
8.9193e-07
8.68566e-07
1.61789e-06
2.83789e-06
4.35885e-06
6.10844e-06
8.02135e-06
1.00274e-05
1.20586e-05
1.40547e-05
1.59622e-05
1.7721e-05
1.92696e-05
2.05624e-05
2.15758e-05
2.22871e-05
2.26883e-05
2.27968e-05
2.26527e-05
2.23055e-05
2.18053e-05
2.11991e-05
2.05272e-05
1.98188e-05
1.90911e-05
1.83513e-05
1.76007e-05
1.68377e-05
1.60615e-05
1.52729e-05
1.44751e-05
1.36728e-05
1.28713e-05
1.20759e-05
1.12919e-05
1.05237e-05
9.77488e-06
9.04863e-06
8.3477e-06
7.67511e-06
7.03363e-06
6.42406e-06
5.84314e-06
5.28423e-06
4.7426e-06
4.22318e-06
3.74411e-06
3.33091e-06
3.0024e-06
2.75757e-06
2.57333e-06
2.4158e-06
2.25666e-06
2.08359e-06
1.90021e-06
1.71862e-06
1.55052e-06
1.40171e-06
1.27136e-06
1.15453e-06
1.04572e-06
9.41421e-07
8.40957e-07
7.45868e-07
6.58482e-07
5.80597e-07
5.12805e-07
4.54557e-07
4.04668e-07
3.61853e-07
3.25034e-07
2.934e-07
2.66331e-07
2.43306e-07
2.23857e-07
2.07548e-07
1.93984e-07
1.82802e-07
1.73671e-07
1.66285e-07
1.6037e-07
1.55687e-07
1.52018e-07
1.49179e-07
1.47024e-07
1.45411e-07
1.44266e-07
1.43437e-07
1.43001e-07
1.42606e-07
1.42823e-07
1.42347e-07
1.43738e-07
1.41652e-07
1.46806e-07
1.37326e-07
1.56024e-07
1.32748e-07
1.19205e-06
9.98647e-07
9.12005e-07
1.20594e-06
1.93653e-06
2.98787e-06
4.28659e-06
5.78273e-06
7.42674e-06
9.16413e-06
1.09371e-05
1.26887e-05
1.43671e-05
1.59304e-05
1.73394e-05
1.85502e-05
1.95242e-05
2.02431e-05
2.07101e-05
2.09396e-05
2.09536e-05
2.07826e-05
2.04632e-05
2.00322e-05
1.95217e-05
1.89567e-05
1.83541e-05
1.77232e-05
1.70679e-05
1.63896e-05
1.56895e-05
1.49699e-05
1.42347e-05
1.34885e-05
1.27369e-05
1.19853e-05
1.12388e-05
1.05022e-05
9.77942e-06
9.07393e-06
8.38896e-06
7.72792e-06
7.0941e-06
6.48886e-06
5.90959e-06
5.35012e-06
4.80584e-06
4.2816e-06
3.79583e-06
3.37526e-06
3.04079e-06
2.79334e-06
2.61032e-06
2.45643e-06
2.30091e-06
2.1294e-06
1.94479e-06
1.75962e-06
1.58669e-06
1.43287e-06
1.29803e-06
1.1775e-06
1.06571e-06
9.58911e-07
8.56215e-07
7.59022e-07
6.6964e-07
5.89924e-07
5.2054e-07
4.60973e-07
4.10023e-07
3.66358e-07
3.2885e-07
2.96655e-07
2.69132e-07
2.4575e-07
2.26033e-07
2.09536e-07
1.95855e-07
1.84618e-07
1.75485e-07
1.68144e-07
1.6231e-07
1.57728e-07
1.54167e-07
1.5145e-07
1.49417e-07
1.47923e-07
1.46891e-07
1.46163e-07
1.45826e-07
1.45512e-07
1.45811e-07
1.45381e-07
1.4686e-07
1.44753e-07
1.5007e-07
1.40348e-07
1.59541e-07
1.35659e-07
1.02888e-06
9.78827e-07
1.09447e-06
1.48469e-06
2.15503e-06
3.06633e-06
4.18168e-06
5.46598e-06
6.88094e-06
8.38396e-06
9.92927e-06
1.14705e-05
1.29638e-05
1.43693e-05
1.56492e-05
1.67706e-05
1.77072e-05
1.84426e-05
1.89696e-05
1.92919e-05
1.94251e-05
1.93929e-05
1.92215e-05
1.89368e-05
1.8564e-05
1.81247e-05
1.7635e-05
1.71049e-05
1.65398e-05
1.59428e-05
1.53167e-05
1.46647e-05
1.3991e-05
1.33006e-05
1.25987e-05
1.18908e-05
1.11823e-05
1.04778e-05
9.78165e-06
9.09762e-06
8.42929e-06
7.78047e-06
7.15483e-06
6.55432e-06
5.97694e-06
5.41702e-06
4.87014e-06
4.34107e-06
3.84852e-06
3.42036e-06
3.07956e-06
2.82912e-06
2.64715e-06
2.49706e-06
2.3456e-06
2.17619e-06
1.99076e-06
1.80222e-06
1.62445e-06
1.46546e-06
1.32586e-06
1.20133e-06
1.08627e-06
9.76745e-07
8.71641e-07
7.72217e-07
6.80749e-07
5.9914e-07
5.2812e-07
4.67208e-07
4.15191e-07
3.70688e-07
3.32521e-07
2.99809e-07
2.71893e-07
2.48231e-07
2.28336e-07
2.11755e-07
1.98071e-07
1.86901e-07
1.7789e-07
1.70711e-07
1.65067e-07
1.60686e-07
1.57338e-07
1.54831e-07
1.52994e-07
1.51682e-07
1.50818e-07
1.50242e-07
1.50042e-07
1.49843e-07
1.50258e-07
1.49905e-07
1.51488e-07
1.49382e-07
1.54872e-07
1.44935e-07
1.64678e-07
1.40223e-07
1.01166e-06
1.0765e-06
1.28947e-06
1.6948e-06
2.3003e-06
3.0942e-06
4.05714e-06
5.16493e-06
6.38845e-06
7.69399e-06
9.04477e-06
1.04035e-05
1.17338e-05
1.30006e-05
1.41726e-05
1.52213e-05
1.61225e-05
1.68587e-05
1.74224e-05
1.78149e-05
1.80438e-05
1.81225e-05
1.80691e-05
1.79043e-05
1.76489e-05
1.73209e-05
1.6934e-05
1.64976e-05
1.60178e-05
1.54988e-05
1.49444e-05
1.43584e-05
1.37452e-05
1.31098e-05
1.24573e-05
1.17934e-05
1.1123e-05
1.04512e-05
9.78229e-06
9.1204e-06
8.46938e-06
7.83337e-06
7.21644e-06
6.62102e-06
6.04574e-06
5.48545e-06
4.93596e-06
4.40202e-06
3.90259e-06
3.4666e-06
3.11907e-06
2.86517e-06
2.68399e-06
2.5378e-06
2.39081e-06
2.22402e-06
2.0382e-06
1.84652e-06
1.66392e-06
1.49957e-06
1.35494e-06
1.22608e-06
1.10744e-06
9.94921e-07
8.87199e-07
7.8539e-07
6.91723e-07
6.0813e-07
5.35398e-07
4.73075e-07
4.19928e-07
3.74528e-07
3.35644e-07
3.02355e-07
2.73981e-07
2.4997e-07
2.29828e-07
2.13094e-07
1.9934e-07
1.88172e-07
1.79222e-07
1.72151e-07
1.66648e-07
1.62431e-07
1.59267e-07
1.5693e-07
1.55259e-07
1.54101e-07
1.53388e-07
1.52937e-07
1.5287e-07
1.5278e-07
1.53294e-07
1.53004e-07
1.54698e-07
1.52583e-07
1.58264e-07
1.48075e-07
1.68359e-07
1.43246e-07
1.06712e-06
1.19938e-06
1.4503e-06
1.84303e-06
2.38757e-06
3.08254e-06
3.91798e-06
4.87768e-06
5.93993e-06
7.0785e-06
8.26436e-06
9.46722e-06
1.06563e-05
1.18021e-05
1.28776e-05
1.38577e-05
1.47212e-05
1.54519e-05
1.60401e-05
1.64821e-05
1.6781e-05
1.69458e-05
1.69897e-05
1.69277e-05
1.67751e-05
1.6546e-05
1.62522e-05
1.59024e-05
1.55031e-05
1.50588e-05
1.45738e-05
1.40521e-05
1.34983e-05
1.29172e-05
1.23139e-05
1.16938e-05
1.1062e-05
1.04232e-05
9.78219e-06
9.14306e-06
8.50999e-06
7.88739e-06
7.27966e-06
6.68968e-06
6.11667e-06
5.55604e-06
5.00388e-06
4.46498e-06
3.9585e-06
3.51441e-06
3.15968e-06
2.90181e-06
2.72106e-06
2.57879e-06
2.43663e-06
2.27298e-06
2.08723e-06
1.89267e-06
1.70524e-06
1.53537e-06
1.38541e-06
1.25188e-06
1.12932e-06
1.01351e-06
9.02952e-07
7.98604e-07
7.02637e-07
6.17001e-07
5.42525e-07
4.7878e-07
4.24513e-07
3.78244e-07
3.38687e-07
3.04881e-07
2.76123e-07
2.51852e-07
2.31567e-07
2.14797e-07
2.01101e-07
1.9007e-07
1.8132e-07
1.74493e-07
1.69261e-07
1.65327e-07
1.6244e-07
1.60365e-07
1.58954e-07
1.58031e-07
1.57535e-07
1.57312e-07
1.57378e-07
1.57426e-07
1.58084e-07
1.57892e-07
1.59705e-07
1.57598e-07
1.63478e-07
1.53064e-07
1.73957e-07
1.48214e-07
1.14779e-06
1.31399e-06
1.57499e-06
1.94513e-06
2.43436e-06
3.04533e-06
3.77339e-06
4.60783e-06
5.53297e-06
6.52905e-06
7.57323e-06
8.64069e-06
9.706e-06
1.07446e-05
1.17328e-05
1.26489e-05
1.34734e-05
1.41908e-05
1.47904e-05
1.52672e-05
1.56209e-05
1.58562e-05
1.59807e-05
1.60051e-05
1.59408e-05
1.57992e-05
1.55899e-05
1.53206e-05
1.49971e-05
1.46241e-05
1.42061e-05
1.3747e-05
1.32514e-05
1.27239e-05
1.21695e-05
1.15933e-05
1.10001e-05
1.03949e-05
9.78229e-06
9.16655e-06
8.55205e-06
7.94342e-06
7.34536e-06
6.76114e-06
6.19054e-06
5.62955e-06
5.07459e-06
4.53056e-06
4.01683e-06
3.56429e-06
3.20185e-06
2.93939e-06
2.75862e-06
2.62019e-06
2.48318e-06
2.32318e-06
2.13798e-06
1.94079e-06
1.74858e-06
1.57299e-06
1.41738e-06
1.27879e-06
1.15191e-06
1.03247e-06
9.18783e-07
8.11686e-07
7.13268e-07
6.25475e-07
5.49161e-07
4.83911e-07
4.28445e-07
3.81229e-07
3.4092e-07
3.06512e-07
2.77282e-07
2.5266e-07
2.32139e-07
2.15243e-07
2.01522e-07
1.9055e-07
1.81928e-07
1.75281e-07
1.70264e-07
1.66563e-07
1.63911e-07
1.6208e-07
1.60896e-07
1.60193e-07
1.59877e-07
1.59838e-07
1.60055e-07
1.60227e-07
1.61005e-07
1.60885e-07
1.62845e-07
1.60739e-07
1.66841e-07
1.56161e-07
1.77642e-07
1.51176e-07
1.22387e-06
1.4038e-06
1.66083e-06
2.00445e-06
2.44362e-06
2.98243e-06
3.61923e-06
4.34736e-06
5.15594e-06
6.03007e-06
6.95185e-06
7.90152e-06
8.85841e-06
9.80164e-06
1.07108e-05
1.15668e-05
1.2352e-05
1.30521e-05
1.3656e-05
1.41569e-05
1.4552e-05
1.48426e-05
1.50334e-05
1.51313e-05
1.51444e-05
1.5081e-05
1.49485e-05
1.47534e-05
1.45012e-05
1.41962e-05
1.38426e-05
1.34443e-05
1.30057e-05
1.25311e-05
1.20252e-05
1.14928e-05
1.09386e-05
1.03674e-05
9.78369e-06
9.19193e-06
8.5966e-06
8.0025e-06
7.41454e-06
6.83637e-06
6.2683e-06
5.70689e-06
5.14895e-06
4.59954e-06
4.07826e-06
3.61686e-06
3.24611e-06
2.97833e-06
2.79697e-06
2.6622e-06
2.5306e-06
2.37476e-06
2.19061e-06
1.99112e-06
1.79416e-06
1.61268e-06
1.45108e-06
1.30701e-06
1.1754e-06
1.05194e-06
9.34855e-07
8.24817e-07
7.23837e-07
6.33836e-07
5.55677e-07
4.8894e-07
4.32318e-07
3.84218e-07
3.43235e-07
3.0832e-07
2.78727e-07
2.53878e-07
2.33264e-07
2.16399e-07
2.02819e-07
1.9208e-07
1.83761e-07
1.77463e-07
1.72819e-07
1.69497e-07
1.67215e-07
1.65736e-07
1.64869e-07
1.6445e-07
1.64395e-07
1.64509e-07
1.64996e-07
1.6535e-07
1.66285e-07
1.66276e-07
1.6839e-07
1.66314e-07
1.7265e-07
1.61733e-07
1.83903e-07
1.56749e-07
1.28949e-06
1.47192e-06
1.71806e-06
2.03434e-06
2.42844e-06
2.90493e-06
3.46381e-06
4.10127e-06
4.80986e-06
5.57873e-06
6.39426e-06
7.24083e-06
8.10158e-06
8.95903e-06
9.79575e-06
1.05949e-05
1.13409e-05
1.20202e-05
1.26217e-05
1.31378e-05
1.3564e-05
1.38993e-05
1.41452e-05
1.43056e-05
1.43856e-05
1.43914e-05
1.43284e-05
1.42021e-05
1.40167e-05
1.37764e-05
1.34847e-05
1.31455e-05
1.27626e-05
1.23401e-05
1.18824e-05
1.13937e-05
1.08787e-05
1.03419e-05
9.78762e-06
9.22045e-06
8.64487e-06
8.06582e-06
7.48839e-06
6.91655e-06
6.3511e-06
5.78916e-06
5.22802e-06
4.67292e-06
4.14372e-06
3.67295e-06
3.29317e-06
3.01921e-06
2.83649e-06
2.70508e-06
2.57908e-06
2.4279e-06
2.2453e-06
2.04381e-06
1.84217e-06
1.65459e-06
1.48661e-06
1.33658e-06
1.19972e-06
1.0718e-06
9.50925e-07
8.37661e-07
7.33915e-07
6.41559e-07
5.61436e-07
4.9311e-07
4.35226e-07
3.86132e-07
3.44356e-07
3.08805e-07
2.78712e-07
2.53494e-07
2.32644e-07
2.15673e-07
2.02109e-07
1.91489e-07
1.83372e-07
1.77335e-07
1.72989e-07
1.69984e-07
1.6802e-07
1.66845e-07
1.66268e-07
1.66113e-07
1.6631e-07
1.66645e-07
1.67321e-07
1.67843e-07
1.6896e-07
1.69083e-07
1.71324e-07
1.69247e-07
1.75843e-07
1.64642e-07
1.87448e-07
1.59485e-07
1.33321e-06
1.51098e-06
1.74215e-06
2.03107e-06
2.38428e-06
2.80626e-06
3.29809e-06
3.85793e-06
4.48086e-06
5.15919e-06
5.88275e-06
6.63941e-06
7.41555e-06
8.1967e-06
8.968e-06
9.71478e-06
1.0423e-05
1.10801e-05
1.16754e-05
1.22005e-05
1.26497e-05
1.30201e-05
1.33112e-05
1.35246e-05
1.36631e-05
1.37305e-05
1.37308e-05
1.36678e-05
1.35451e-05
1.3366e-05
1.31339e-05
1.28519e-05
1.25234e-05
1.21523e-05
1.17423e-05
1.12974e-05
1.08218e-05
1.03197e-05
9.79549e-06
9.25348e-06
8.69824e-06
8.13476e-06
7.56829e-06
7.00305e-06
6.44031e-06
5.87776e-06
5.31316e-06
4.75204e-06
4.21448e-06
3.73377e-06
3.34411e-06
3.0629e-06
2.87786e-06
2.74929e-06
2.62895e-06
2.48288e-06
2.30236e-06
2.09924e-06
1.89297e-06
1.6991e-06
1.52434e-06
1.36783e-06
1.22521e-06
1.09234e-06
9.67314e-07
8.50582e-07
7.43946e-07
6.49201e-07
5.67144e-07
4.97296e-07
4.38248e-07
3.88274e-07
3.45838e-07
3.09801e-07
2.79376e-07
2.53978e-07
2.33099e-07
2.16248e-07
2.02934e-07
1.92673e-07
1.84991e-07
1.79438e-07
1.75595e-07
1.73089e-07
1.71602e-07
1.70871e-07
1.70697e-07
1.70901e-07
1.71409e-07
1.72059e-07
1.72935e-07
1.73647e-07
1.74939e-07
1.75194e-07
1.77614e-07
1.75573e-07
1.82436e-07
1.70977e-07
1.94579e-07
1.65851e-07
1.36352e-06
1.5325e-06
1.74676e-06
2.00913e-06
2.3252e-06
2.69922e-06
3.13285e-06
3.62548e-06
4.17431e-06
4.77417e-06
5.41759e-06
6.09523e-06
6.79626e-06
7.50877e-06
8.22023e-06
8.91788e-06
9.58928e-06
1.02228e-05
1.08081e-05
1.13368e-05
1.18024e-05
1.22005e-05
1.2529e-05
1.27873e-05
1.29766e-05
1.30987e-05
1.31562e-05
1.31516e-05
1.30875e-05
1.29666e-05
1.27914e-05
1.25648e-05
1.22897e-05
1.19691e-05
1.16064e-05
1.12053e-05
1.07693e-05
1.03025e-05
9.80888e-06
9.29264e-06
8.75833e-06
8.21097e-06
7.65591e-06
7.0976e-06
6.5377e-06
5.9745e-06
5.40626e-06
4.83883e-06
4.29252e-06
3.80122e-06
3.40069e-06
3.1109e-06
2.9222e-06
2.7956e-06
2.68073e-06
2.54007e-06
2.36209e-06
2.15764e-06
1.94678e-06
1.74634e-06
1.56431e-06
1.40071e-06
1.25168e-06
1.11327e-06
9.83593e-07
8.63015e-07
7.53219e-07
6.55895e-07
5.71759e-07
5.00256e-07
4.39902e-07
3.8889e-07
3.45615e-07
3.08892e-07
2.77919e-07
2.52114e-07
2.30981e-07
2.1403e-07
2.00766e-07
1.90684e-07
1.83286e-07
1.78089e-07
1.74646e-07
1.72557e-07
1.71483e-07
1.71145e-07
1.71336e-07
1.71871e-07
1.72677e-07
1.73578e-07
1.74698e-07
1.75615e-07
1.77094e-07
1.77471e-07
1.80104e-07
1.78095e-07
1.85281e-07
1.73522e-07
1.97822e-07
1.68167e-07
1.3665e-06
1.52372e-06
1.71963e-06
1.95624e-06
2.23833e-06
2.56988e-06
2.95293e-06
3.38785e-06
3.87324e-06
4.40576e-06
4.98012e-06
5.58932e-06
6.22485e-06
6.87701e-06
7.53523e-06
8.1885e-06
8.82574e-06
9.43628e-06
1.00103e-05
1.05393e-05
1.10163e-05
1.1436e-05
1.17952e-05
1.20917e-05
1.23252e-05
1.2496e-05
1.26053e-05
1.26544e-05
1.26452e-05
1.25794e-05
1.24589e-05
1.2286e-05
1.20629e-05
1.17921e-05
1.14766e-05
1.11192e-05
1.07232e-05
1.02921e-05
9.82964e-06
9.33985e-06
8.82715e-06
8.29655e-06
7.75344e-06
7.20248e-06
6.64572e-06
6.08197e-06
5.51004e-06
4.93612e-06
4.38073e-06
3.8782e-06
3.46564e-06
3.16558e-06
2.97138e-06
2.84537e-06
2.73541e-06
2.60028e-06
2.42522e-06
2.21975e-06
2.00431e-06
1.79701e-06
1.60715e-06
1.43576e-06
1.2796e-06
1.13502e-06
1.00022e-06
8.75502e-07
7.62418e-07
6.62518e-07
5.76393e-07
5.03381e-07
4.41896e-07
3.90041e-07
3.46138e-07
3.08963e-07
2.777e-07
2.51774e-07
2.30696e-07
2.13978e-07
2.01105e-07
1.91543e-07
1.84754e-07
1.80213e-07
1.77435e-07
1.75991e-07
1.75521e-07
1.75733e-07
1.76414e-07
1.77379e-07
1.78557e-07
1.79777e-07
1.81171e-07
1.82313e-07
1.8401e-07
1.84544e-07
1.87363e-07
1.85388e-07
1.92884e-07
1.80839e-07
2.06088e-07
1.75574e-07
1.36116e-06
1.50457e-06
1.68141e-06
1.89309e-06
2.14376e-06
2.43711e-06
2.77542e-06
3.15971e-06
3.58968e-06
4.06343e-06
4.5774e-06
5.12642e-06
5.70387e-06
6.30189e-06
6.91167e-06
7.52372e-06
8.12824e-06
8.71554e-06
9.27642e-06
9.80253e-06
1.02867e-05
1.07231e-05
1.11073e-05
1.14363e-05
1.17082e-05
1.19224e-05
1.20786e-05
1.21773e-05
1.22194e-05
1.22058e-05
1.21378e-05
1.20169e-05
1.18447e-05
1.16232e-05
1.13545e-05
1.10409e-05
1.06853e-05
1.02906e-05
9.86009e-06
9.39759e-06
8.90735e-06
8.39432e-06
7.86392e-06
7.32095e-06
6.76778e-06
6.20378e-06
5.6283e-06
5.04785e-06
4.48309e-06
3.96864e-06
3.54264e-06
3.23012e-06
3.02787e-06
2.90034e-06
2.79415e-06
2.66431e-06
2.49241e-06
2.28613e-06
2.06603e-06
1.85144e-06
1.65304e-06
1.47301e-06
1.30882e-06
1.15726e-06
1.01666e-06
8.87299e-07
7.70582e-07
6.67876e-07
5.79592e-07
5.04909e-07
4.42108e-07
3.89185e-07
3.44387e-07
3.06451e-07
2.74556e-07
2.48147e-07
2.26759e-07
2.09922e-07
1.97119e-07
1.87799e-07
1.81388e-07
1.7732e-07
1.75068e-07
1.74164e-07
1.74223e-07
1.74933e-07
1.7607e-07
1.77447e-07
1.78991e-07
1.80531e-07
1.82213e-07
1.836e-07
1.85526e-07
1.86227e-07
1.89292e-07
1.8737e-07
1.95266e-07
1.82897e-07
2.08927e-07
1.77307e-07
1.32231e-06
1.45052e-06
1.60787e-06
1.7956e-06
2.01743e-06
2.27685e-06
2.57627e-06
2.91719e-06
3.30006e-06
3.72404e-06
4.18682e-06
4.6847e-06
5.21259e-06
5.76417e-06
6.33206e-06
6.9081e-06
7.48362e-06
8.04979e-06
8.59798e-06
9.1201e-06
9.60893e-06
1.00583e-05
1.04632e-05
1.08197e-05
1.11253e-05
1.1378e-05
1.15768e-05
1.17213e-05
1.18114e-05
1.18474e-05
1.18298e-05
1.17594e-05
1.16371e-05
1.14643e-05
1.12423e-05
1.0973e-05
1.06583e-05
1.03008e-05
9.90332e-06
9.46925e-06
9.00262e-06
8.50826e-06
7.99157e-06
7.45743e-06
6.90853e-06
6.34471e-06
5.76584e-06
5.17877e-06
4.60419e-06
4.07676e-06
3.63541e-06
3.30754e-06
3.09388e-06
2.96204e-06
2.85818e-06
2.73347e-06
2.56516e-06
2.35844e-06
2.13362e-06
1.91113e-06
1.70321e-06
1.51333e-06
1.33993e-06
1.18038e-06
1.03326e-06
8.98842e-07
7.78364e-07
6.72933e-07
5.82699e-07
5.06619e-07
4.42801e-07
3.89123e-07
3.43758e-07
3.05416e-07
2.7328e-07
2.4682e-07
2.25594e-07
2.09136e-07
1.96913e-07
1.8833e-07
1.82756e-07
1.79566e-07
1.7818e-07
1.78095e-07
1.789e-07
1.80274e-07
1.81992e-07
1.83868e-07
1.85837e-07
1.87735e-07
1.8972e-07
1.91356e-07
1.9351e-07
1.94375e-07
1.97649e-07
1.95762e-07
2.04024e-07
1.91315e-07
2.18527e-07
1.85883e-07
1.28486e-06
1.3959e-06
1.53276e-06
1.69663e-06
1.89082e-06
2.11867e-06
2.38271e-06
2.68479e-06
3.02591e-06
3.406e-06
3.82375e-06
4.27654e-06
4.7605e-06
5.27053e-06
5.80048e-06
6.34333e-06
6.89144e-06
7.43687e-06
7.97163e-06
8.48803e-06
8.97894e-06
9.43803e-06
9.85988e-06
1.02401e-05
1.05751e-05
1.08624e-05
1.11002e-05
1.12871e-05
1.14224e-05
1.15056e-05
1.15366e-05
1.15153e-05
1.14422e-05
1.13177e-05
1.11427e-05
1.09181e-05
1.06455e-05
1.03265e-05
9.96346e-06
9.55932e-06
9.11777e-06
8.64342e-06
8.14157e-06
7.61717e-06
7.07315e-06
6.50976e-06
5.92736e-06
5.33303e-06
4.74737e-06
4.2049e-06
3.74504e-06
3.39761e-06
3.1681e-06
3.02868e-06
2.92599e-06
2.80703e-06
2.64363e-06
2.43753e-06
2.20833e-06
1.97756e-06
1.75913e-06
1.55807e-06
1.374e-06
1.20506e-06
1.05025e-06
9.0991e-07
7.851e-07
6.76609e-07
5.84222e-07
5.06569e-07
4.41515e-07
3.8678e-07
3.40456e-07
3.01233e-07
2.68319e-07
2.41227e-07
2.19571e-07
2.02924e-07
1.90768e-07
1.82488e-07
1.77406e-07
1.74835e-07
1.74132e-07
1.74742e-07
1.76219e-07
1.78219e-07
1.80507e-07
1.82892e-07
1.85312e-07
1.87603e-07
1.89938e-07
1.91874e-07
1.94311e-07
1.9539e-07
1.98963e-07
1.97155e-07
2.05925e-07
1.92861e-07
2.20998e-07
1.86968e-07
1.2034e-06
1.29655e-06
1.41281e-06
1.55379e-06
1.72269e-06
1.92275e-06
2.15658e-06
2.42622e-06
2.73299e-06
3.07731e-06
3.45849e-06
3.87472e-06
4.32299e-06
4.79918e-06
5.2981e-06
5.81366e-06
6.3391e-06
6.86718e-06
7.3905e-06
7.90176e-06
8.39407e-06
8.86108e-06
9.29724e-06
9.6978e-06
1.00589e-05
1.03773e-05
1.06505e-05
1.08768e-05
1.10545e-05
1.11827e-05
1.12604e-05
1.12871e-05
1.12624e-05
1.11864e-05
1.10589e-05
1.08803e-05
1.06511e-05
1.03724e-05
1.00456e-05
9.67317e-06
9.25816e-06
8.80494e-06
8.31869e-06
7.8044e-06
7.26523e-06
6.70182e-06
6.11487e-06
5.51153e-06
4.91205e-06
4.35049e-06
3.86668e-06
3.49322e-06
3.24193e-06
3.0919e-06
2.99131e-06
2.88176e-06
2.7274e-06
2.52481e-06
2.29231e-06
2.05277e-06
1.82233e-06
1.6081e-06
1.41131e-06
1.23118e-06
1.0673e-06
9.20171e-07
7.90666e-07
6.79159e-07
5.84932e-07
5.06159e-07
4.40368e-07
3.85078e-07
3.38307e-07
2.98745e-07
2.65646e-07
2.38588e-07
2.17231e-07
2.01167e-07
1.89852e-07
1.82607e-07
1.78667e-07
1.77257e-07
1.77665e-07
1.79291e-07
1.8167e-07
1.84451e-07
1.87405e-07
1.90349e-07
1.93235e-07
1.9591e-07
1.98563e-07
2.00755e-07
2.03418e-07
2.04656e-07
2.08447e-07
2.0666e-07
2.15876e-07
2.02374e-07
2.32055e-07
1.96701e-07
1.14042e-06
1.212e-06
1.30495e-06
1.42117e-06
1.56382e-06
1.73614e-06
1.94087e-06
2.18018e-06
2.45557e-06
2.76772e-06
3.11635e-06
3.50013e-06
3.9167e-06
4.36262e-06
4.83348e-06
5.32402e-06
5.82823e-06
6.33962e-06
6.85142e-06
7.35682e-06
7.8492e-06
8.32236e-06
8.77066e-06
9.18914e-06
9.57352e-06
9.92024e-06
1.02263e-05
1.04894e-05
1.07073e-05
1.08786e-05
1.10018e-05
1.10759e-05
1.10999e-05
1.10729e-05
1.09942e-05
1.08631e-05
1.06792e-05
1.04425e-05
1.01536e-05
9.81385e-06
9.42593e-06
8.9938e-06
8.52256e-06
8.01736e-06
7.48171e-06
6.91671e-06
6.32324e-06
5.70806e-06
5.09041e-06
4.50321e-06
3.98631e-06
3.57606e-06
3.29375e-06
3.12991e-06
3.03594e-06
2.94513e-06
2.80945e-06
2.61755e-06
2.38584e-06
2.13912e-06
1.89658e-06
1.66806e-06
1.4568e-06
1.26341e-06
1.08835e-06
9.32579e-07
7.96963e-07
6.81499e-07
5.84871e-07
5.04618e-07
4.3776e-07
3.81502e-07
3.33727e-07
2.93119e-07
2.59e-07
2.31046e-07
2.09024e-07
1.92613e-07
1.81313e-07
1.74425e-07
1.71114e-07
1.70508e-07
1.71801e-07
1.7432e-07
1.77551e-07
1.81117e-07
1.84778e-07
1.88351e-07
1.91789e-07
1.94947e-07
1.98026e-07
2.00586e-07
2.03594e-07
2.05101e-07
2.09259e-07
2.07588e-07
2.17459e-07
2.03545e-07
2.34447e-07
1.97226e-07
1.01795e-06
1.0669e-06
1.13574e-06
1.2277e-06
1.3463e-06
1.49492e-06
1.67628e-06
1.89242e-06
2.14468e-06
2.43363e-06
2.75901e-06
3.11968e-06
3.51361e-06
3.93783e-06
4.38849e-06
4.86092e-06
5.34976e-06
5.84909e-06
6.35266e-06
6.8541e-06
7.34714e-06
7.8258e-06
8.28459e-06
8.71856e-06
9.12337e-06
9.49529e-06
9.83113e-06
1.01282e-05
1.03841e-05
1.05969e-05
1.07648e-05
1.08859e-05
1.09588e-05
1.09816e-05
1.09527e-05
1.08701e-05
1.07322e-05
1.05377e-05
1.0286e-05
9.97782e-06
9.61502e-06
9.20135e-06
8.742e-06
8.24265e-06
7.70767e-06
7.13901e-06
6.53779e-06
5.90965e-06
5.27124e-06
4.65218e-06
4.09043e-06
3.62647e-06
3.29682e-06
3.11294e-06
3.03372e-06
2.97835e-06
2.87791e-06
2.70811e-06
2.48286e-06
2.23048e-06
1.97519e-06
1.73102e-06
1.5039e-06
1.29606e-06
1.10885e-06
9.43648e-07
8.01387e-07
6.81748e-07
5.82812e-07
5.01423e-07
4.34009e-07
3.77401e-07
3.29328e-07
2.88475e-07
2.54251e-07
2.26445e-07
2.04915e-07
1.89379e-07
1.79299e-07
1.7387e-07
1.72117e-07
1.73036e-07
1.75734e-07
1.79491e-07
1.83781e-07
1.88235e-07
1.92628e-07
1.96799e-07
2.00721e-07
2.04268e-07
2.07655e-07
2.10458e-07
2.13667e-07
2.15314e-07
2.1968e-07
2.17996e-07
2.28426e-07
2.13904e-07
2.46942e-07
2.07811e-07
9.47744e-07
9.66035e-07
1.00323e-06
1.06387e-06
1.1524e-06
1.27286e-06
1.4282e-06
1.62024e-06
1.84984e-06
2.1171e-06
2.42139e-06
2.76142e-06
3.1352e-06
3.53999e-06
3.97236e-06
4.42814e-06
4.90253e-06
5.39019e-06
5.88543e-06
6.38236e-06
6.87511e-06
7.35803e-06
7.82581e-06
8.27364e-06
8.69723e-06
9.09285e-06
9.45723e-06
9.78749e-06
1.0081e-05
1.03353e-05
1.0548e-05
1.07165e-05
1.08383e-05
1.09106e-05
1.09303e-05
1.08943e-05
1.07998e-05
1.06441e-05
1.04258e-05
1.01446e-05
9.80211e-06
9.40207e-06
8.95016e-06
8.45324e-06
7.91743e-06
7.34652e-06
6.7422e-06
6.10794e-06
5.45477e-06
4.80415e-06
4.18686e-06
3.64558e-06
3.23948e-06
3.01847e-06
2.95994e-06
2.96075e-06
2.91736e-06
2.78586e-06
2.5771e-06
2.3246e-06
2.05943e-06
1.80095e-06
1.55849e-06
1.33613e-06
1.13622e-06
9.60758e-07
8.10914e-07
6.86189e-07
5.841e-07
5.00749e-07
4.3191e-07
3.73993e-07
3.24543e-07
2.82225e-07
2.46526e-07
2.1736e-07
1.94746e-07
1.78559e-07
1.68357e-07
1.63327e-07
1.62379e-07
1.64351e-07
1.68201e-07
1.73104e-07
1.7847e-07
1.83902e-07
1.89166e-07
1.94103e-07
1.98695e-07
2.02828e-07
2.06726e-07
2.09977e-07
2.13595e-07
2.15581e-07
2.20379e-07
2.18861e-07
2.30145e-07
2.15098e-07
2.49997e-07
2.08119e-07
8.08196e-07
7.91132e-07
7.90488e-07
8.15174e-07
8.72825e-07
9.69085e-07
1.1067e-06
1.2859e-06
1.50561e-06
1.76427e-06
2.06018e-06
2.39149e-06
2.75606e-06
3.15129e-06
3.57407e-06
4.02067e-06
4.48679e-06
4.96761e-06
5.45798e-06
5.95254e-06
6.44596e-06
6.9331e-06
7.40917e-06
7.86978e-06
8.31102e-06
8.7293e-06
9.12134e-06
9.48396e-06
9.814e-06
1.01082e-05
1.03632e-05
1.05755e-05
1.07415e-05
1.08573e-05
1.0919e-05
1.09226e-05
1.08643e-05
1.07408e-05
1.05497e-05
1.02902e-05
9.96379e-06
9.57422e-06
9.12808e-06
8.63422e-06
8.10209e-06
7.5392e-06
6.94911e-06
6.33185e-06
5.68748e-06
5.02012e-06
4.34387e-06
3.69953e-06
3.17699e-06
2.88791e-06
2.84532e-06
2.91195e-06
2.93326e-06
2.84168e-06
2.64693e-06
2.39042e-06
2.11215e-06
1.83826e-06
1.58197e-06
1.34879e-06
1.14119e-06
9.60745e-07
8.08127e-07
6.82222e-07
5.79792e-07
4.96253e-07
4.26979e-07
3.6833e-07
3.18024e-07
2.74969e-07
2.3886e-07
2.09768e-07
1.87813e-07
1.72894e-07
1.64474e-07
1.61528e-07
1.6272e-07
1.66692e-07
1.72292e-07
1.78665e-07
1.85233e-07
1.91631e-07
1.97662e-07
2.03203e-07
2.08261e-07
2.12756e-07
2.16922e-07
2.20379e-07
2.24144e-07
2.26238e-07
2.31198e-07
2.29624e-07
2.41615e-07
2.25683e-07
2.63763e-07
2.18768e-07
7.98204e-07
7.35527e-07
6.81211e-07
6.47159e-07
6.48164e-07
6.98514e-07
8.04861e-07
9.64976e-07
1.17291e-06
1.42313e-06
1.71154e-06
2.03512e-06
2.39135e-06
2.77773e-06
3.19148e-06
3.62943e-06
4.08789e-06
4.56274e-06
5.04951e-06
5.54354e-06
6.04007e-06
6.53447e-06
7.02228e-06
7.49926e-06
7.96139e-06
8.40475e-06
8.82549e-06
9.21966e-06
9.58326e-06
9.91221e-06
1.02025e-05
1.04501e-05
1.06511e-05
1.08019e-05
1.08984e-05
1.09366e-05
1.09121e-05
1.08211e-05
1.06604e-05
1.04285e-05
1.01259e-05
9.75625e-06
9.32677e-06
8.8485e-06
8.3349e-06
7.79833e-06
7.24447e-06
6.66774e-06
6.05183e-06
5.37745e-06
4.64071e-06
3.88722e-06
3.24655e-06
2.89295e-06
2.86168e-06
2.96904e-06
3.01874e-06
2.93475e-06
2.73208e-06
2.45829e-06
2.15824e-06
1.86216e-06
1.58663e-06
1.33934e-06
1.12372e-06
9.41211e-07
7.91372e-07
6.71068e-07
5.74646e-07
4.95564e-07
4.2832e-07
3.69429e-07
3.17318e-07
2.71663e-07
2.32742e-07
2.01016e-07
1.76902e-07
1.60562e-07
1.51633e-07
1.49065e-07
1.5129e-07
1.56649e-07
1.63746e-07
1.71573e-07
1.79478e-07
1.87069e-07
1.94147e-07
2.00603e-07
2.06454e-07
2.11642e-07
2.16402e-07
2.20391e-07
2.24615e-07
2.27126e-07
2.32554e-07
2.31209e-07
2.44289e-07
2.27604e-07
2.68959e-07
2.19509e-07
7.79769e-07
6.75729e-07
5.61177e-07
4.43865e-07
3.42312e-07
3.06389e-07
3.88379e-07
5.63389e-07
7.93059e-07
1.06158e-06
1.36339e-06
1.69618e-06
2.05851e-06
2.44896e-06
2.86572e-06
3.30643e-06
3.76812e-06
4.24724e-06
4.73976e-06
5.24134e-06
5.74742e-06
6.25342e-06
6.75482e-06
7.24722e-06
7.72636e-06
8.18807e-06
8.62828e-06
9.04297e-06
9.42829e-06
9.78059e-06
1.00966e-05
1.03733e-05
1.0608e-05
1.07979e-05
1.09396e-05
1.10287e-05
1.10598e-05
1.10268e-05
1.09239e-05
1.07466e-05
1.0493e-05
1.01649e-05
9.76975e-06
9.32057e-06
8.83514e-06
8.33097e-06
7.81576e-06
7.27775e-06
6.68519e-06
6.00311e-06
5.22999e-06
4.44363e-06
3.81449e-06
3.50154e-06
3.46308e-06
3.48806e-06
3.41503e-06
3.20702e-06
2.89993e-06
2.54552e-06
2.18469e-06
1.84284e-06
1.53338e-06
1.26247e-06
1.03318e-06
8.47368e-07
7.04547e-07
5.993e-07
5.21298e-07
4.59057e-07
4.04172e-07
3.52731e-07
3.04225e-07
2.59829e-07
2.21132e-07
1.89552e-07
1.66143e-07
1.51397e-07
1.44912e-07
1.45247e-07
1.50361e-07
1.58275e-07
1.67477e-07
1.76971e-07
1.86168e-07
1.94747e-07
2.02573e-07
2.09589e-07
2.15849e-07
2.21339e-07
2.26293e-07
2.30435e-07
2.34711e-07
2.37305e-07
2.42779e-07
2.41378e-07
2.55298e-07
2.37337e-07
2.83873e-07
2.28719e-07
9.75601e-07
8.52735e-07
7.14052e-07
5.58999e-07
3.85807e-07
1.93222e-07
3.55708e-08
2.63415e-07
5.25711e-07
8.14266e-07
1.12969e-06
1.47248e-06
1.84266e-06
2.23968e-06
2.6623e-06
3.1085e-06
3.57551e-06
4.05986e-06
4.55747e-06
5.06388e-06
5.57444e-06
6.08456e-06
6.58988e-06
7.08647e-06
7.57095e-06
8.04045e-06
8.49267e-06
8.92582e-06
9.33853e-06
9.72985e-06
1.0099e-05
1.04454e-05
1.07675e-05
1.10628e-05
1.13261e-05
1.15493e-05
1.17213e-05
1.18295e-05
1.18611e-05
1.18056e-05
1.16564e-05
1.14128e-05
1.10822e-05
1.06807e-05
1.02304e-05
9.7532e-06
9.2603e-06
8.74346e-06
8.18013e-06
7.55833e-06
6.91045e-06
6.32389e-06
5.89006e-06
5.61024e-06
5.3732e-06
5.05236e-06
4.60101e-06
4.0561e-06
3.48451e-06
2.93703e-06
2.43692e-06
1.99047e-06
1.59838e-06
1.26112e-06
9.80364e-07
7.58602e-07
5.97041e-07
4.91144e-07
4.27097e-07
3.85615e-07
3.51002e-07
3.15573e-07
2.78027e-07
2.40187e-07
2.04703e-07
1.7405e-07
1.50335e-07
1.35135e-07
1.28921e-07
1.30524e-07
1.37587e-07
1.47681e-07
1.58993e-07
1.70395e-07
1.81262e-07
1.91284e-07
2.00345e-07
2.08423e-07
2.15588e-07
2.21865e-07
2.27476e-07
2.32223e-07
2.36962e-07
2.40061e-07
2.4592e-07
2.44859e-07
2.60021e-07
2.40911e-07
2.93824e-07
2.30741e-07
1.14311e-06
1.02002e-06
8.84702e-07
7.40243e-07
5.92633e-07
4.59954e-07
3.90596e-07
4.50224e-07
6.29002e-07
8.77688e-07
1.17082e-06
1.49853e-06
1.85638e-06
2.24163e-06
2.65182e-06
3.08422e-06
3.53571e-06
4.00285e-06
4.48206e-06
4.97002e-06
5.46403e-06
5.9624e-06
6.46472e-06
6.97204e-06
7.48668e-06
8.01192e-06
8.55134e-06
9.10807e-06
9.6841e-06
1.02796e-05
1.08925e-05
1.15178e-05
1.21476e-05
1.27698e-05
1.3368e-05
1.3921e-05
1.44044e-05
1.47936e-05
1.50661e-05
1.52047e-05
1.52005e-05
1.50554e-05
1.47849e-05
1.44159e-05
1.39822e-05
1.35169e-05
1.30425e-05
1.25662e-05
1.20869e-05
1.16103e-05
1.11532e-05
1.07196e-05
1.02691e-05
9.71678e-06
8.97922e-06
8.03267e-06
6.93715e-06
5.80665e-06
4.75043e-06
3.83107e-06
3.05925e-06
2.41556e-06
1.87504e-06
1.42101e-06
1.04783e-06
7.56389e-07
5.46568e-07
4.10403e-07
3.30122e-07
2.83043e-07
2.50387e-07
2.216e-07
1.93013e-07
1.64832e-07
1.38874e-07
1.17566e-07
1.03628e-07
9.91595e-08
1.03871e-07
1.1499e-07
1.29312e-07
1.44559e-07
1.59438e-07
1.73304e-07
1.85882e-07
1.97102e-07
2.07002e-07
2.15669e-07
2.23229e-07
2.29786e-07
2.35535e-07
2.40423e-07
2.451e-07
2.48355e-07
2.53978e-07
2.53138e-07
2.68891e-07
2.48336e-07
3.10354e-07
2.35719e-07
1.48722e-06
1.39728e-06
1.30629e-06
1.21723e-06
1.13645e-06
1.07361e-06
1.04111e-06
1.05297e-06
1.12077e-06
1.24937e-06
1.43695e-06
1.6785e-06
1.96899e-06
2.30463e-06
2.68303e-06
3.10294e-06
3.56408e-06
4.06704e-06
4.61326e-06
5.20512e-06
5.84577e-06
6.5389e-06
7.28818e-06
8.09653e-06
8.96517e-06
9.89273e-06
1.08747e-05
1.1903e-05
1.29663e-05
1.4051e-05
1.51413e-05
1.62205e-05
1.72705e-05
1.82714e-05
1.92004e-05
2.00308e-05
2.07351e-05
2.12883e-05
2.16694e-05
2.18648e-05
2.18704e-05
2.16934e-05
2.13596e-05
2.09065e-05
2.03753e-05
1.98006e-05
1.92018e-05
1.85844e-05
1.79499e-05
1.73039e-05
1.66532e-05
1.59892e-05
1.52626e-05
1.43768e-05
1.32309e-05
1.17976e-05
1.01672e-05
8.51202e-06
6.99837e-06
5.71815e-06
4.67821e-06
3.83472e-06
3.13514e-06
2.54461e-06
2.04872e-06
1.64136e-06
1.31297e-06
1.0482e-06
8.32355e-07
6.55967e-07
5.13907e-07
4.02049e-07
3.15627e-07
2.49554e-07
1.99403e-07
1.62207e-07
1.3678e-07
1.23103e-07
1.20607e-07
1.26856e-07
1.38391e-07
1.52293e-07
1.667e-07
1.80593e-07
1.93479e-07
2.05158e-07
2.15591e-07
2.24826e-07
2.32957e-07
2.4008e-07
2.46373e-07
2.51779e-07
2.56957e-07
2.60573e-07
2.66875e-07
2.65523e-07
2.8438e-07
2.58465e-07
3.39131e-07
2.565e-07
4.40231e-06
4.51245e-06
4.63054e-06
4.75415e-06
4.88658e-06
5.03217e-06
5.19474e-06
5.37854e-06
5.58852e-06
5.82986e-06
6.1078e-06
6.42746e-06
6.79356e-06
7.21025e-06
7.68087e-06
8.20776e-06
8.79219e-06
9.43426e-06
1.01329e-05
1.08857e-05
1.16892e-05
1.25385e-05
1.34271e-05
1.43469e-05
1.52881e-05
1.6239e-05
1.71867e-05
1.81174e-05
1.90179e-05
1.98766e-05
2.06846e-05
2.14362e-05
2.21287e-05
2.276e-05
2.3326e-05
2.38175e-05
2.42214e-05
2.45211e-05
2.46973e-05
2.47309e-05
2.46074e-05
2.43225e-05
2.3889e-05
2.33338e-05
2.26807e-05
2.19495e-05
2.11471e-05
2.02735e-05
1.93405e-05
1.83934e-05
1.75136e-05
1.67854e-05
1.62034e-05
1.55993e-05
1.47249e-05
1.34479e-05
1.18604e-05
1.02053e-05
8.72966e-06
7.57507e-06
6.74886e-06
6.16678e-06
5.72118e-06
5.32366e-06
4.91733e-06
4.47571e-06
3.99735e-06
3.4985e-06
3.00551e-06
2.54519e-06
2.13722e-06
1.79039e-06
1.50406e-06
1.27196e-06
1.0859e-06
9.38014e-07
8.21538e-07
7.30803e-07
6.60977e-07
6.07905e-07
5.68046e-07
5.3844e-07
5.16673e-07
5.00806e-07
4.89313e-07
4.80998e-07
4.74955e-07
4.70451e-07
4.67017e-07
4.64103e-07
4.61709e-07
4.5888e-07
4.57058e-07
4.52303e-07
4.53303e-07
4.39701e-07
4.58122e-07
4.07303e-07
5.05849e-07
4.3353e-07
1.19927e-05
1.21855e-05
1.23639e-05
1.25238e-05
1.26696e-05
1.28014e-05
1.29181e-05
1.30202e-05
1.31081e-05
1.31813e-05
1.32388e-05
1.32788e-05
1.3299e-05
1.32965e-05
1.32683e-05
1.32114e-05
1.31228e-05
1.30004e-05
1.28418e-05
1.26456e-05
1.24108e-05
1.21369e-05
1.18249e-05
1.14773e-05
1.1099e-05
1.06982e-05
1.02875e-05
9.88468e-06
9.51241e-06
9.19747e-06
8.96752e-06
8.84652e-06
8.84953e-06
8.97929e-06
9.22649e-06
9.56912e-06
9.97761e-06
1.04194e-05
1.08469e-05
1.12237e-05
1.1496e-05
1.16228e-05
1.1568e-05
1.13316e-05
1.095e-05
1.04806e-05
1.00233e-05
9.73309e-06
9.80402e-06
1.03883e-05
1.14502e-05
1.26939e-05
1.36609e-05
1.39228e-05
1.32644e-05
1.17792e-05
9.82975e-06
7.87707e-06
6.30569e-06
5.31129e-06
4.85582e-06
4.73263e-06
4.72577e-06
4.69622e-06
4.57665e-06
4.34632e-06
4.0129e-06
3.59842e-06
3.13234e-06
2.64506e-06
2.16316e-06
1.70514e-06
1.2817e-06
8.99447e-07
5.68594e-07
3.31144e-07
3.23005e-07
5.07491e-07
7.30283e-07
9.52798e-07
1.16922e-06
1.38001e-06
1.58702e-06
1.79231e-06
1.99783e-06
2.20532e-06
2.41629e-06
2.63212e-06
2.85392e-06
3.08294e-06
3.31967e-06
3.56603e-06
3.82056e-06
4.08927e-06
4.36138e-06
4.66412e-06
4.94063e-06
5.32063e-06
5.54012e-06
6.02179e-06
5.23424e-06
4.40735e-06
3.47916e-06
2.4571e-06
1.36401e-06
2.10407e-07
1.05608e-06
2.38345e-06
3.79773e-06
5.30278e-06
6.90345e-06
8.60471e-06
1.04114e-05
1.23276e-05
1.43566e-05
1.65e-05
1.87578e-05
2.11282e-05
2.36072e-05
2.61888e-05
2.88645e-05
3.16236e-05
3.44532e-05
3.73379e-05
4.026e-05
4.31997e-05
4.6134e-05
4.90369e-05
5.18781e-05
5.46221e-05
5.72276e-05
5.9648e-05
6.18342e-05
6.37395e-05
6.53273e-05
6.65746e-05
6.74666e-05
6.80128e-05
6.82541e-05
6.82213e-05
6.79346e-05
6.74015e-05
6.66504e-05
6.57184e-05
6.46456e-05
6.34903e-05
6.23032e-05
6.1097e-05
5.9815e-05
5.83152e-05
5.63886e-05
5.38366e-05
5.05736e-05
4.6705e-05
4.25239e-05
3.84149e-05
3.47244e-05
3.16597e-05
2.92681e-05
2.74908e-05
2.62207e-05
2.53425e-05
2.47569e-05
2.43807e-05
2.41504e-05
2.402e-05
2.39619e-05
2.39742e-05
2.40657e-05
2.4246e-05
2.4519e-05
2.48827e-05
2.53299e-05
2.58514e-05
2.6438e-05
2.70823e-05
2.77785e-05
2.85223e-05
2.93105e-05
3.01406e-05
3.10105e-05
3.19187e-05
3.2864e-05
3.38456e-05
3.48626e-05
3.59145e-05
3.70009e-05
3.81214e-05
3.92757e-05
4.04639e-05
4.16854e-05
4.29412e-05
4.42293e-05
4.55547e-05
4.69065e-05
4.83138e-05
4.97062e-05
5.12774e-05
5.25541e-05
5.46155e-05
6.11566e-05
6.36453e-05
6.62402e-05
6.89315e-05
7.16774e-05
7.44723e-05
7.73172e-05
8.02109e-05
8.31522e-05
8.61405e-05
8.91753e-05
9.22564e-05
9.53831e-05
9.85542e-05
0.000101766
0.000105012
0.000108283
0.000111567
0.00011485
0.000118116
0.000121349
0.000124532
0.000127649
0.000130683
0.00013362
0.000136443
0.000139136
0.000141677
0.000144043
0.000146201
0.000148114
0.000149737
0.000151026
0.000151952
0.000152527
0.000152791
0.000152787
0.000152423
0.000151633
0.000150474
0.000148949
0.000147067
0.000144879
0.000142428
0.000139763
0.000136925
0.000133941
0.000130815
0.000127526
0.000124046
0.000120382
0.000116611
0.000112894
0.000109451
0.00010649
0.000104151
0.000102466
0.000101378
0.000100775
0.000100527
0.000100519
0.000100662
0.000100899
0.000101192
0.000101519
0.000101885
0.000102316
0.000102837
0.000103475
0.000104246
0.00010515
0.000106181
0.000107331
0.000108592
0.000109956
0.000111417
0.000112969
0.000114604
0.000116316
0.000118099
0.000119947
0.000121854
0.000123817
0.00012583
0.000127891
0.000129997
0.000132145
0.000134333
0.000136558
0.000138819
0.000141115
0.000143445
0.000145806
0.000148203
0.000150621
0.000153094
0.00015554
0.000158163
0.000160497
0.000163517
0.000169882
0.000171916
0.00017397
0.000175955
0.000177887
0.000179772
0.000181612
0.000183413
0.000185178
0.000186905
0.000188593
0.000190236
0.000191828
0.000193361
0.000194826
0.000196216
0.000197524
0.000198745
0.000199872
0.000200901
0.000201827
0.000202641
0.000203336
0.000203898
0.000204315
0.000204574
0.000204664
0.000204582
0.000204332
0.00020393
0.000203404
0.000202787
0.00020211
0.000201377
0.00020057
0.000199641
0.000198551
0.000197355
0.000196058
0.000194676
0.000193195
0.000191639
0.000190023
0.00018838
0.000186754
0.000185186
0.000183713
0.000182363
0.000181165
0.000180158
0.000179413
0.000179017
0.000179055
0.000179564
0.000180516
0.000181818
0.000183348
0.000184992
0.000186669
0.000188333
0.000189965
0.000191557
0.000193111
0.000194639
0.000196161
0.000197706
0.000199298
0.000200951
0.000202665
0.000204437
0.000206265
0.000208146
0.000210076
0.000212054
0.000214079
0.000216147
0.000218255
0.0002204
0.000222579
0.000224789
0.000227027
0.000229292
0.000231581
0.000233893
0.000236226
0.00023858
0.000240952
0.000243343
0.000245752
0.000248178
0.000250619
0.000253079
0.000255551
0.000258047
0.00026054
0.000263089
0.000265574
0.0002682
0.000270693
0.000273125
0.000203977
0.000203226
0.00020298
0.000202682
0.000202324
0.00020189
0.000201356
0.000200711
0.00019994
0.000199024
0.000197947
0.0001967
0.000195276
0.000193669
0.000191873
0.000189881
0.000187685
0.000185275
0.000182646
0.000179791
0.000176713
0.000173416
0.000169918
0.000166246
0.00016244
0.000158553
0.00015465
0.000150799
0.000147075
0.000143545
0.000140266
0.000137275
0.000134604
0.000132315
0.000130552
0.000129592
0.000129634
0.000130625
0.000132556
0.000135505
0.000139502
0.000144415
0.000150041
0.00015616
0.000162551
0.000169026
0.000175447
0.000181728
0.000187829
0.00019373
0.000199421
0.000204884
0.000210096
0.000215033
0.000219682
0.000224043
0.000228131
0.000231972
0.000235597
0.000239038
0.000242325
0.000245484
0.000248534
0.000251487
0.000254355
0.00025714
0.000259846
0.000262483
0.000265059
0.000267577
0.000270052
0.000272492
0.000274902
0.000277288
0.000279653
0.000282
0.000284332
0.000286651
0.000288962
0.000291265
0.000293565
0.000295863
0.000298161
0.000300461
0.000302765
0.000305076
0.000307393
0.00030972
0.000312056
0.000314404
0.000316764
0.000319136
0.000321527
0.000323918
0.000326354
0.000328737
0.000331287
0.000333496
0.000336471
0.000338054
4.0711e-05
9.72344e-05
0.000118666
0.000121451
0.000117314
0.000111842
0.000105798
9.53017e-05
7.53265e-05
6.01114e-05
7.83717e-05
0.000128107
0.000193151
0.000257964
0.000314776
0.000361085
0.000396365
0.000420978
0.000435693
0.000441438
0.000439285
0.000431053
0.000419017
0.0004051
0.000390337
0.00037437
0.000356343
0.000334943
0.000309112
0.000278828
0.000245984
0.000215087
0.000192432
0.000183768
0.000189619
0.000205046
0.000224295
0.000243473
0.000260608
0.000274982
0.000286586
0.00029553
0.000302064
0.000306812
0.000310432
0.000313293
0.000315569
0.000317346
0.000318719
0.00031981
0.000320744
0.000321618
0.000322487
0.000323364
0.000324243
0.000325121
0.000326004
0.000326912
0.000327869
0.000328893
0.000329998
0.000331193
0.000332477
0.00033385
0.000335311
0.000336857
0.000338488
0.000340202
0.000341998
0.000343875
0.000345831
0.000347863
0.000349968
0.000352142
0.000354382
0.000356685
0.000359045
0.00036146
0.000363926
0.00036644
0.000368998
0.000371598
0.000374237
0.000376912
0.000379623
0.000382366
0.000385141
0.000387945
0.000390777
0.000393637
0.000396524
0.000399433
0.000402373
0.000405322
0.000408324
0.000411277
0.000414409
0.000417177
0.000420788
0.000422779
0.000113059
9.92717e-05
7.69773e-05
5.75367e-05
3.66348e-05
2.54883e-05
3.85887e-05
6.64586e-05
0.000100781
0.000149757
0.000205152
0.000235418
0.00023865
0.00022387
0.000194848
0.000156861
0.000115725
7.6397e-05
4.41945e-05
3.20163e-05
4.58244e-05
6.52169e-05
8.25773e-05
9.51519e-05
0.000101787
0.000105157
0.000110324
0.000123244
0.000144678
0.000167933
0.000183604
0.000186189
0.000175693
0.00015616
0.000132739
0.000109632
8.94367e-05
7.30971e-05
6.05555e-05
5.1405e-05
4.54844e-05
4.29711e-05
4.34696e-05
4.62768e-05
5.09197e-05
5.67705e-05
6.33321e-05
7.03242e-05
7.75827e-05
8.49948e-05
9.24643e-05
9.98985e-05
0.000107207
0.000114301
0.000121105
0.000127557
0.000133623
0.000139291
0.000144575
0.000149504
0.000154121
0.000158468
0.000162588
0.000166513
0.000170272
0.000173887
0.000177378
0.000180761
0.000184052
0.000187264
0.000190409
0.0001935
0.000196547
0.000199558
0.000202542
0.000205505
0.000208454
0.000211394
0.000214331
0.000217267
0.000220207
0.000223153
0.000226109
0.000229075
0.000232055
0.000235049
0.000238059
0.000241086
0.00024413
0.000247194
0.000250276
0.00025338
0.0002565
0.000259654
0.000262805
0.000266031
0.000269177
0.000272544
0.000275616
0.000279089
0.000168208
6.58946e-05
3.72623e-05
3.78326e-05
3.5802e-05
3.92341e-05
5.17838e-05
8.14212e-05
0.000130078
0.000178851
0.000197905
0.000185313
0.000154286
0.000117399
8.33328e-05
5.63604e-05
3.70105e-05
2.76665e-05
3.54786e-05
5.50067e-05
7.79751e-05
9.89726e-05
0.000113797
0.000120271
0.000118866
0.000111467
0.000101822
9.83905e-05
0.000109669
0.000130948
0.000148838
0.000154868
0.000147752
0.000130891
0.000109483
8.82222e-05
6.99642e-05
5.58021e-05
4.556e-05
3.83182e-05
3.29467e-05
2.85609e-05
2.46376e-05
2.10592e-05
1.80009e-05
1.57024e-05
1.43034e-05
1.37637e-05
1.38586e-05
1.43188e-05
1.49468e-05
1.56563e-05
1.64591e-05
1.74297e-05
1.86548e-05
2.01881e-05
2.20264e-05
2.41169e-05
2.63822e-05
2.87461e-05
3.11507e-05
3.35601e-05
3.5956e-05
3.83305e-05
4.06788e-05
4.29966e-05
4.52785e-05
4.75199e-05
4.97177e-05
5.18711e-05
5.39816e-05
5.60519e-05
5.80859e-05
6.00879e-05
6.20626e-05
6.40147e-05
6.59491e-05
6.78707e-05
6.9784e-05
7.16937e-05
7.36037e-05
7.5518e-05
7.74401e-05
7.93732e-05
8.13202e-05
8.32838e-05
8.52662e-05
8.72697e-05
8.92961e-05
9.13472e-05
9.34242e-05
9.55299e-05
9.76625e-05
9.98309e-05
0.000102019
0.000104272
0.000106485
0.00010894
0.000110973
0.000113963
0.00018863
2.55886e-05
2.58822e-05
4.08366e-05
4.81209e-05
5.54524e-05
6.93788e-05
9.85667e-05
0.000134775
0.000152639
0.000141526
0.000111689
7.86456e-05
5.42799e-05
4.21461e-05
3.72024e-05
3.24999e-05
2.91392e-05
3.9909e-05
6.39901e-05
9.0552e-05
0.000113971
0.000130092
0.000134639
0.000126365
0.000108871
8.94886e-05
7.81845e-05
8.37126e-05
0.000100928
0.000117407
0.000124968
0.000121191
0.000108145
9.06003e-05
7.31049e-05
5.84331e-05
4.74743e-05
3.98387e-05
3.46008e-05
3.08078e-05
2.76969e-05
2.48264e-05
2.20494e-05
1.93898e-05
1.6969e-05
1.49231e-05
1.33162e-05
1.21077e-05
1.11817e-05
1.04096e-05
9.70211e-06
9.02097e-06
8.3625e-06
7.72839e-06
7.11072e-06
6.49636e-06
5.88105e-06
5.2789e-06
4.7189e-06
4.23178e-06
3.83693e-06
3.53762e-06
3.32616e-06
3.19359e-06
3.13655e-06
3.15765e-06
3.25965e-06
3.43955e-06
3.68737e-06
3.98937e-06
4.33198e-06
4.70403e-06
5.09723e-06
5.50571e-06
5.92541e-06
6.35365e-06
6.78882e-06
7.23012e-06
7.67737e-06
8.13085e-06
8.59119e-06
9.0592e-06
9.5359e-06
1.00224e-05
1.05197e-05
1.10291e-05
1.15517e-05
1.20885e-05
1.26408e-05
1.32091e-05
1.37957e-05
1.43986e-05
1.50255e-05
1.56625e-05
1.63453e-05
1.69969e-05
1.78042e-05
1.83562e-05
1.94037e-05
0.000183962
1.10367e-05
3.05588e-05
4.75752e-05
5.87547e-05
6.81608e-05
8.24475e-05
0.000102831
0.00011768
0.000112855
8.93726e-05
6.06167e-05
3.97664e-05
3.20774e-05
3.21731e-05
2.90765e-05
1.56483e-05
9.28484e-06
3.64427e-05
6.33619e-05
8.80983e-05
0.000110546
0.000128047
0.000135621
0.000129298
0.000110138
8.63967e-05
7.1702e-05
7.31223e-05
8.27424e-05
9.35761e-05
0.000100598
9.93743e-05
8.98511e-05
7.59308e-05
6.20407e-05
5.08136e-05
4.27745e-05
3.72069e-05
3.31593e-05
2.99413e-05
2.71587e-05
2.4597e-05
2.21233e-05
1.96804e-05
1.73113e-05
1.51255e-05
1.32299e-05
1.16756e-05
1.04432e-05
9.46171e-06
8.64923e-06
7.94462e-06
7.31586e-06
6.74924e-06
6.23252e-06
5.74521e-06
5.26259e-06
4.76843e-06
4.26502e-06
3.77215e-06
3.31664e-06
2.91991e-06
2.59081e-06
2.32565e-06
2.11231e-06
1.93533e-06
1.78109e-06
1.64118e-06
1.51257e-06
1.3957e-06
1.29187e-06
1.20156e-06
1.12408e-06
1.05793e-06
1.00139e-06
9.52863e-07
9.1105e-07
8.74851e-07
8.43316e-07
8.15588e-07
7.90882e-07
7.68479e-07
7.47724e-07
7.28025e-07
7.08837e-07
6.89688e-07
6.70112e-07
6.49797e-07
6.28249e-07
6.05572e-07
5.80714e-07
5.55492e-07
5.25489e-07
5.00982e-07
4.59459e-07
4.54906e-07
3.7144e-07
4.81083e-07
3.11123e-07
0.000165624
2.41266e-05
3.6209e-05
5.14782e-05
6.4033e-05
7.46083e-05
8.63875e-05
9.7188e-05
9.85143e-05
8.50424e-05
6.28723e-05
4.4274e-05
3.61352e-05
3.58328e-05
3.59928e-05
3.04902e-05
2.52937e-05
3.49056e-05
5.26266e-05
7.06336e-05
8.79706e-05
0.000104253
0.000118546
0.000126021
0.000120997
0.000102966
8.1494e-05
7.06553e-05
7.02439e-05
7.14937e-05
7.65316e-05
8.34281e-05
8.40381e-05
7.65447e-05
6.50481e-05
5.40835e-05
4.57579e-05
3.99213e-05
3.56139e-05
3.20823e-05
2.89614e-05
2.61071e-05
2.3449e-05
2.09321e-05
1.85204e-05
1.62198e-05
1.40811e-05
1.21787e-05
1.0575e-05
9.28871e-06
8.28693e-06
7.50238e-06
6.8643e-06
6.32015e-06
5.84095e-06
5.4125e-06
5.02261e-06
4.6542e-06
4.28729e-06
3.90767e-06
3.51498e-06
3.12371e-06
2.75594e-06
2.43068e-06
2.15624e-06
1.93016e-06
1.74336e-06
1.58486e-06
1.44472e-06
1.31609e-06
1.19572e-06
1.0835e-06
9.80676e-07
8.88402e-07
8.06987e-07
7.35924e-07
6.74271e-07
6.21003e-07
5.75186e-07
5.36017e-07
5.02787e-07
4.74844e-07
4.51575e-07
4.32405e-07
4.168e-07
4.04277e-07
3.94401e-07
3.86775e-07
3.81075e-07
3.76927e-07
3.74246e-07
3.72325e-07
3.72184e-07
3.70691e-07
3.75089e-07
3.68146e-07
3.9055e-07
3.54321e-07
4.47587e-07
3.79292e-07
0.000141927
3.26324e-05
3.99186e-05
5.12296e-05
6.41492e-05
7.52579e-05
8.5183e-05
9.12816e-05
8.86443e-05
7.65292e-05
6.1622e-05
5.17945e-05
4.87405e-05
4.96129e-05
4.97932e-05
4.75767e-05
4.73109e-05
5.23492e-05
6.13768e-05
7.18567e-05
8.27057e-05
9.41942e-05
0.00010552
0.000111896
0.000106844
8.99767e-05
7.33409e-05
6.91088e-05
6.65929e-05
6.09288e-05
6.45472e-05
7.27591e-05
7.33765e-05
6.60141e-05
5.6047e-05
4.75413e-05
4.13986e-05
3.68249e-05
3.29984e-05
2.955e-05
2.63947e-05
2.35284e-05
2.0935e-05
1.85692e-05
1.63785e-05
1.43355e-05
1.2454e-05
1.07791e-05
9.35885e-06
8.2145e-06
7.3262e-06
6.63992e-06
6.09026e-06
5.62294e-06
5.20544e-06
4.82389e-06
4.47261e-06
4.1448e-06
3.82957e-06
3.51492e-06
3.19332e-06
2.86606e-06
2.54372e-06
2.24202e-06
1.97492e-06
1.74877e-06
1.56149e-06
1.40585e-06
1.27369e-06
1.15818e-06
1.05425e-06
9.5866e-07
8.70168e-07
7.88926e-07
7.15589e-07
6.50498e-07
5.93412e-07
5.4367e-07
5.00457e-07
4.62988e-07
4.3059e-07
4.0269e-07
3.78781e-07
3.58399e-07
3.41117e-07
3.26543e-07
3.1432e-07
3.04134e-07
2.95703e-07
2.88771e-07
2.83175e-07
2.78576e-07
2.75345e-07
2.72009e-07
2.72334e-07
2.66872e-07
2.7978e-07
2.55177e-07
3.17718e-07
2.36457e-07
0.000117981
3.62187e-05
4.0251e-05
4.66724e-05
5.9669e-05
7.17212e-05
8.21127e-05
8.82005e-05
8.70224e-05
7.90487e-05
6.91308e-05
6.23103e-05
6.03345e-05
6.14986e-05
6.19481e-05
5.99725e-05
5.72889e-05
5.62264e-05
5.78153e-05
6.27634e-05
7.03031e-05
7.98859e-05
9.01759e-05
9.57767e-05
8.97076e-05
7.41978e-05
6.5855e-05
6.6509e-05
5.87737e-05
5.06106e-05
5.82453e-05
6.63117e-05
6.45066e-05
5.65414e-05
4.81818e-05
4.18095e-05
3.70539e-05
3.30645e-05
2.94441e-05
2.61318e-05
2.3158e-05
2.05317e-05
1.82193e-05
1.6159e-05
1.42868e-05
1.25626e-05
1.09822e-05
9.57092e-06
8.36261e-06
7.37495e-06
6.59535e-06
5.98322e-06
5.48564e-06
5.05626e-06
4.66673e-06
4.30629e-06
3.97332e-06
3.66617e-06
3.37888e-06
3.10265e-06
2.82997e-06
2.55809e-06
2.28999e-06
2.03294e-06
1.79615e-06
1.58742e-06
1.41021e-06
1.26252e-06
1.13878e-06
1.03283e-06
9.40256e-07
8.57887e-07
7.83457e-07
7.15433e-07
6.53212e-07
5.96872e-07
5.46651e-07
5.02546e-07
4.64206e-07
4.31059e-07
4.02482e-07
3.77903e-07
3.56828e-07
3.38833e-07
3.23544e-07
3.10619e-07
2.99752e-07
2.90661e-07
2.83109e-07
2.76848e-07
2.71789e-07
2.67533e-07
2.64616e-07
2.61353e-07
2.61738e-07
2.56351e-07
2.67587e-07
2.45847e-07
2.96594e-07
2.31377e-07
9.67152e-05
3.52115e-05
3.74028e-05
3.88795e-05
5.20956e-05
6.59102e-05
7.84231e-05
8.66031e-05
8.81867e-05
8.34889e-05
7.58312e-05
6.94728e-05
6.69078e-05
6.73002e-05
6.69619e-05
6.32213e-05
5.65452e-05
4.9506e-05
4.55134e-05
4.76651e-05
5.46638e-05
6.46484e-05
7.53127e-05
7.98787e-05
7.18393e-05
6.02233e-05
6.17377e-05
6.0671e-05
4.70417e-05
4.46512e-05
5.63477e-05
6.05873e-05
5.56424e-05
4.79172e-05
4.14641e-05
3.66337e-05
3.26216e-05
2.89882e-05
2.56716e-05
2.27122e-05
2.01242e-05
1.78784e-05
1.59188e-05
1.41795e-05
1.26016e-05
1.11478e-05
9.81088e-06
8.60894e-06
7.56867e-06
6.70527e-06
6.01022e-06
5.45239e-06
4.99003e-06
4.58584e-06
4.21701e-06
3.87583e-06
3.56285e-06
3.27833e-06
3.01761e-06
2.77205e-06
2.53324e-06
2.29701e-06
2.06458e-06
1.84099e-06
1.63232e-06
1.44376e-06
1.27867e-06
1.13796e-06
1.01974e-06
9.19675e-07
8.33051e-07
7.56544e-07
6.88349e-07
6.27442e-07
5.72841e-07
5.2373e-07
4.79647e-07
4.40461e-07
4.06087e-07
3.76297e-07
3.50695e-07
3.28801e-07
3.10138e-07
2.94281e-07
2.80864e-07
2.69573e-07
2.60131e-07
2.52284e-07
2.45827e-07
2.40517e-07
2.36312e-07
2.32776e-07
2.30535e-07
2.27808e-07
2.28606e-07
2.23833e-07
2.34011e-07
2.15021e-07
2.565e-07
2.02612e-07
7.93014e-05
3.12038e-05
3.16971e-05
2.93578e-05
4.30243e-05
5.92933e-05
7.42959e-05
8.47667e-05
8.8789e-05
8.63076e-05
7.97175e-05
7.29119e-05
6.88719e-05
6.74057e-05
6.52925e-05
5.95547e-05
4.98964e-05
3.87167e-05
3.11444e-05
3.2185e-05
4.01372e-05
5.17969e-05
6.30849e-05
6.48724e-05
5.47061e-05
5.253e-05
5.86966e-05
4.95611e-05
3.65747e-05
4.52726e-05
5.467e-05
5.34618e-05
4.69237e-05
4.05871e-05
3.57909e-05
3.18834e-05
2.83714e-05
2.51716e-05
2.23222e-05
1.98335e-05
1.76733e-05
1.57896e-05
1.41278e-05
1.26369e-05
1.12737e-05
1.00107e-05
8.8428e-06
7.78572e-06
6.86297e-06
6.08912e-06
5.45865e-06
4.94638e-06
4.51745e-06
4.14024e-06
3.79522e-06
3.47616e-06
3.18451e-06
2.92181e-06
2.68488e-06
2.4659e-06
2.25607e-06
2.04974e-06
1.84648e-06
1.65023e-06
1.46658e-06
1.30002e-06
1.15272e-06
1.02495e-06
9.15818e-07
8.23651e-07
7.45542e-07
6.78129e-07
6.18496e-07
5.65121e-07
5.17393e-07
4.74936e-07
4.37222e-07
4.03742e-07
3.74151e-07
3.48244e-07
3.2583e-07
3.06641e-07
2.90335e-07
2.76546e-07
2.6493e-07
2.55182e-07
2.47046e-07
2.40286e-07
2.34731e-07
2.30154e-07
2.26548e-07
2.23476e-07
2.21595e-07
2.19152e-07
2.19971e-07
2.15582e-07
2.24506e-07
2.07601e-07
2.43536e-07
1.9805e-07
6.66255e-05
2.54709e-05
2.32482e-05
1.96747e-05
3.4336e-05
5.31312e-05
7.00502e-05
8.21071e-05
8.77854e-05
8.6779e-05
8.08907e-05
7.35636e-05
6.77938e-05
6.39644e-05
5.97476e-05
5.25594e-05
4.17297e-05
2.90674e-05
1.91382e-05
1.95235e-05
2.96198e-05
4.37043e-05
5.36928e-05
4.95684e-05
4.23341e-05
5.16166e-05
5.12694e-05
3.5343e-05
3.52292e-05
4.74989e-05
5.0205e-05
4.53422e-05
3.93326e-05
3.46531e-05
3.09372e-05
2.76366e-05
2.46256e-05
2.19337e-05
1.95704e-05
1.75022e-05
1.56809e-05
1.40635e-05
1.26149e-05
1.13034e-05
1.00999e-05
8.98351e-06
7.9501e-06
7.01265e-06
6.19204e-06
5.50192e-06
4.93794e-06
4.47772e-06
4.09009e-06
3.74684e-06
3.43083e-06
3.13712e-06
2.86811e-06
2.6265e-06
2.41057e-06
2.21368e-06
2.02737e-06
1.84524e-06
1.66535e-06
1.49017e-06
1.32452e-06
1.17303e-06
1.03842e-06
9.21111e-07
8.19969e-07
7.33456e-07
6.5999e-07
5.97708e-07
5.4424e-07
4.97203e-07
4.54974e-07
4.16942e-07
3.83008e-07
3.53083e-07
3.26887e-07
3.0405e-07
2.84246e-07
2.67212e-07
2.52703e-07
2.40458e-07
2.30204e-07
2.21667e-07
2.14606e-07
2.0879e-07
2.04059e-07
2.00192e-07
1.97201e-07
1.94652e-07
1.93207e-07
1.91163e-07
1.92141e-07
1.88269e-07
1.96331e-07
1.81384e-07
2.12086e-07
1.72897e-07
5.8864e-05
2.21056e-05
1.31188e-05
1.09981e-05
2.78011e-05
4.81044e-05
6.56737e-05
7.84548e-05
8.49721e-05
8.49615e-05
7.97799e-05
7.22575e-05
6.50944e-05
5.91294e-05
5.30461e-05
4.49662e-05
3.41872e-05
2.15896e-05
9.54098e-06
1.08973e-05
2.56249e-05
4.06162e-05
4.3939e-05
3.42747e-05
4.11356e-05
4.95442e-05
3.73924e-05
2.80675e-05
3.99458e-05
4.61777e-05
4.32989e-05
3.78071e-05
3.32952e-05
2.98154e-05
2.67798e-05
2.40005e-05
2.14918e-05
1.92664e-05
1.72972e-05
1.55425e-05
1.39683e-05
1.25511e-05
1.12724e-05
1.01119e-05
9.04704e-06
8.05956e-06
7.14427e-06
6.31165e-06
5.58055e-06
4.96438e-06
4.46028e-06
4.0483e-06
3.69993e-06
3.38932e-06
3.10097e-06
2.83096e-06
2.58251e-06
2.3594e-06
2.16124e-06
1.98267e-06
1.81591e-06
1.65442e-06
1.49544e-06
1.34028e-06
1.1927e-06
1.05678e-06
9.35231e-07
8.28857e-07
7.36903e-07
6.57845e-07
5.9012e-07
5.32371e-07
4.83362e-07
4.41619e-07
4.0551e-07
3.736e-07
3.45008e-07
3.19537e-07
2.9716e-07
2.77756e-07
2.61067e-07
2.46776e-07
2.34596e-07
2.24285e-07
2.15636e-07
2.08447e-07
2.02529e-07
1.97688e-07
1.93785e-07
1.90616e-07
1.88204e-07
1.86134e-07
1.85046e-07
1.83342e-07
1.84366e-07
1.80944e-07
1.88131e-07
1.74828e-07
2.02152e-07
1.68075e-07
5.32242e-05
2.30788e-05
5.3196e-06
5.93056e-06
2.36083e-05
4.41661e-05
6.16927e-05
7.43287e-05
8.08188e-05
8.12527e-05
7.67371e-05
6.94403e-05
6.15688e-05
5.41728e-05
4.67657e-05
3.82048e-05
2.78875e-05
1.60801e-05
3.80093e-06
1.24048e-05
2.88166e-05
3.78212e-05
2.95538e-05
2.95524e-05
4.46372e-05
3.92026e-05
2.4576e-05
3.27524e-05
4.17419e-05
4.0941e-05
3.61089e-05
3.17848e-05
2.85469e-05
2.58002e-05
2.32778e-05
2.09693e-05
1.88921e-05
1.70301e-05
1.53522e-05
1.38327e-05
1.24549e-05
1.12074e-05
1.00788e-05
9.05309e-06
8.11127e-06
7.2368e-06
6.42416e-06
5.6824e-06
5.02923e-06
4.47832e-06
4.02831e-06
3.66126e-06
3.35054e-06
3.07185e-06
2.81076e-06
2.56407e-06
2.33565e-06
2.13015e-06
1.94832e-06
1.78591e-06
1.63582e-06
1.49157e-06
1.3499e-06
1.21132e-06
1.07888e-06
9.5618e-07
8.45746e-07
7.48425e-07
6.63689e-07
5.90339e-07
5.27043e-07
4.72637e-07
4.26154e-07
3.86654e-07
3.53124e-07
3.24354e-07
2.99405e-07
2.77365e-07
2.57895e-07
2.40881e-07
2.26265e-07
2.13898e-07
2.03526e-07
1.94863e-07
1.87649e-07
1.81664e-07
1.76739e-07
1.72716e-07
1.69495e-07
1.66902e-07
1.64977e-07
1.63326e-07
1.62566e-07
1.6118e-07
1.62292e-07
1.59281e-07
1.65844e-07
1.53977e-07
1.78028e-07
1.48148e-07
4.19603e-05
3.43328e-05
2.21336e-05
2.19484e-05
3.05297e-05
4.45641e-05
5.7761e-05
6.87182e-05
7.49468e-05
7.58933e-05
7.2219e-05
6.55685e-05
5.77116e-05
4.97396e-05
4.17311e-05
3.32076e-05
2.39343e-05
1.49931e-05
1.16915e-05
2.17023e-05
3.22345e-05
2.71045e-05
1.89609e-05
3.79231e-05
3.95177e-05
2.39271e-05
2.63838e-05
3.72056e-05
3.84105e-05
3.43295e-05
3.01907e-05
2.7168e-05
2.47078e-05
2.24533e-05
2.03569e-05
1.84384e-05
1.66941e-05
1.51047e-05
1.3653e-05
1.23277e-05
1.11206e-05
1.00239e-05
9.02855e-06
8.1217e-06
7.28718e-06
6.51048e-06
5.78634e-06
5.1228e-06
4.53665e-06
4.04183e-06
3.63853e-06
3.31078e-06
3.03364e-06
2.78396e-06
2.548e-06
2.32294e-06
2.11304e-06
1.92359e-06
1.7563e-06
1.60792e-06
1.47215e-06
1.34273e-06
1.2161e-06
1.0922e-06
9.73522e-07
8.63327e-07
7.64037e-07
6.76519e-07
6.00275e-07
5.34095e-07
4.76696e-07
4.27013e-07
3.84225e-07
3.47622e-07
3.16495e-07
2.9e-07
2.67576e-07
2.4832e-07
2.31689e-07
2.17321e-07
2.05017e-07
1.94668e-07
1.86143e-07
1.79242e-07
1.73717e-07
1.69306e-07
1.65785e-07
1.62962e-07
1.60738e-07
1.58958e-07
1.57693e-07
1.56591e-07
1.56251e-07
1.55265e-07
1.565e-07
1.53955e-07
1.59914e-07
1.49469e-07
1.71041e-07
1.4496e-07
5.01047e-05
5.99124e-05
6.96399e-05
7.05014e-05
6.68598e-05
6.06348e-05
6.05e-05
6.5406e-05
6.89755e-05
6.91837e-05
6.61131e-05
6.05497e-05
5.35694e-05
4.60593e-05
3.84193e-05
3.07381e-05
2.35992e-05
1.89019e-05
2.13758e-05
2.91177e-05
2.57939e-05
1.03922e-05
3.15851e-05
3.91193e-05
2.48348e-05
2.10219e-05
3.28214e-05
3.58926e-05
3.26012e-05
2.86213e-05
2.57517e-05
2.35437e-05
2.15488e-05
1.96674e-05
1.79147e-05
1.62974e-05
1.48063e-05
1.34324e-05
1.21694e-05
1.10115e-05
9.9525e-06
8.98626e-06
8.10566e-06
7.30069e-06
6.5581e-06
5.86533e-06
5.21752e-06
4.62184e-06
4.09418e-06
3.64865e-06
3.28676e-06
2.99437e-06
2.74801e-06
2.52545e-06
2.31336e-06
2.10905e-06
1.91694e-06
1.74278e-06
1.58902e-06
1.45335e-06
1.33018e-06
1.2136e-06
1.09992e-06
9.88598e-07
8.81635e-07
7.8194e-07
6.91849e-07
6.12334e-07
5.4307e-07
4.82956e-07
4.30723e-07
3.85291e-07
3.45858e-07
3.11821e-07
2.82648e-07
2.57857e-07
2.36687e-07
2.18777e-07
2.03531e-07
1.90516e-07
1.79426e-07
1.70064e-07
1.62312e-07
1.56059e-07
1.51186e-07
1.47526e-07
1.4488e-07
1.43031e-07
1.41822e-07
1.41036e-07
1.40697e-07
1.4045e-07
1.40852e-07
1.40596e-07
1.42315e-07
1.4055e-07
1.46318e-07
1.37542e-07
1.56727e-07
1.34861e-07
)
;

boundaryField
{
    outlet
    {
        type            zeroGradient;
    }
    inlet
    {
        type            zeroGradient;
    }
    lowerWall
    {
        type            zeroGradient;
    }
    upperWall
    {
        type            zeroGradient;
    }
    frontAndBack
    {
        type            empty;
    }
}


// ************************************************************************* //
