/*--------------------------------*- C++ -*----------------------------------*\
| =========                 |                                                 |
| \\      /  F ield         | OpenFOAM: The Open Source CFD Toolbox           |
|  \\    /   O peration     | Version:  2.1.1                                 |
|   \\  /    A nd           | Web:      www.OpenFOAM.org                      |
|    \\/     M anipulation  |                                                 |
\*---------------------------------------------------------------------------*/
FoamFile
{
    version     2.0;
    format      ascii;
    class       volScalarField;
    location    "0.035";
    object      p;
}
// * * * * * * * * * * * * * * * * * * * * * * * * * * * * * * * * * * * * * //

dimensions      [0 2 -2 0 0 0 0];

internalField   nonuniform List<scalar> 
6820
(
10.0585
-7.77631
-10.7825
-10.967
-11.1361
-11.0578
-10.9947
-10.9991
-11.0364
-11.0914
-11.1556
-11.2234
-11.2925
-11.3616
-11.4298
-11.4969
-11.5624
-11.626
-11.6876
-11.747
-11.8039
-11.8584
-11.9103
-11.9597
-12.0066
-12.0512
-12.0936
-12.134
-12.1737
-12.2104
-12.2539
-12.2783
-12.3636
3.37704
-7.59546
-10.4717
-10.7691
-11.018
-11.0357
-11.0091
-11.0246
-11.0637
-11.1157
-11.1759
-11.2402
-11.3063
-11.373
-11.4395
-11.5053
-11.5699
-11.633
-11.6942
-11.7533
-11.8101
-11.8645
-11.9164
-11.9658
-12.0127
-12.0572
-12.0995
-12.1398
-12.179
-12.2161
-12.2573
-12.2885
-12.3627
0.66182
-6.16577
-9.45194
-10.2073
-10.6719
-10.8643
-10.9164
-10.9647
-11.0232
-11.0877
-11.1566
-11.2275
-11.2988
-11.3692
-11.4385
-11.5061
-11.572
-11.6358
-11.6975
-11.7569
-11.8139
-11.8684
-11.9202
-11.9695
-12.0162
-12.0603
-12.102
-12.1413
-12.1787
-12.2127
-12.2456
-12.2626
-12.2712
-1.32417
-5.93922
-9.03123
-9.88809
-10.3567
-10.6283
-10.7507
-10.8432
-10.9329
-11.0181
-11.1003
-11.1803
-11.2583
-11.3343
-11.4082
-11.4798
-11.5492
-11.6161
-11.6806
-11.7424
-11.8016
-11.858
-11.9117
-11.9624
-12.0104
-12.0553
-12.0974
-12.1363
-12.1718
-12.2021
-12.226
-12.2332
-12.2154
-2.96045
-6.04054
-8.64054
-9.54176
-10.0463
-10.3974
-10.5901
-10.7225
-10.8371
-10.9394
-11.0337
-11.1231
-11.2084
-11.29
-11.3686
-11.4443
-11.5172
-11.5872
-11.6543
-11.7186
-11.7799
-11.8383
-11.8937
-11.946
-11.9951
-12.0409
-12.0832
-12.1214
-12.1546
-12.1808
-12.1969
-12.1951
-12.165
-4.184
-6.22242
-8.39076
-9.33278
-9.85649
-10.2349
-10.4627
-10.6182
-10.7492
-10.8646
-10.9689
-11.0659
-11.1577
-11.2448
-11.3279
-11.4074
-11.4835
-11.5564
-11.6262
-11.6928
-11.7564
-11.8169
-11.8743
-11.9284
-11.9791
-12.0261
-12.0691
-12.1072
-12.1393
-12.1632
-12.1757
-12.1712
-12.1431
-5.13571
-6.50988
-8.27459
-9.17949
-9.69098
-10.0778
-10.336
-10.5172
-10.6665
-10.7957
-10.9102
-11.0149
-11.1126
-11.2045
-11.2916
-11.3745
-11.4536
-11.5292
-11.6014
-11.6703
-11.736
-11.7985
-11.8576
-11.9133
-11.9655
-12.0137
-12.0575
-12.0961
-12.1282
-12.1518
-12.164
-12.1606
-12.1366
-5.88281
-6.81719
-8.22467
-9.0651
-9.56518
-9.95375
-10.231
-10.4297
-10.5913
-10.7304
-10.853
-10.9642
-11.0672
-11.1638
-11.2549
-11.3414
-11.4237
-11.5021
-11.5769
-11.6483
-11.7162
-11.7807
-11.8418
-11.8993
-11.9532
-12.0031
-12.0484
-12.0883
-12.1216
-12.1467
-12.1611
-12.162
-12.1456
-6.47627
-7.12207
-8.23618
-8.9965
-9.47431
-9.85144
-10.1353
-10.3459
-10.5179
-10.6662
-10.7967
-10.9145
-11.0231
-11.1244
-11.2195
-11.3095
-11.3949
-11.4761
-11.5535
-11.6272
-11.6973
-11.764
-11.8271
-11.8867
-11.9425
-11.9943
-12.0415
-12.0835
-12.1192
-12.1474
-12.1662
-12.1737
-12.1676
-6.95394
-7.40891
-8.28566
-8.95747
-9.40645
-9.76795
-10.0529
-10.2717
-10.4516
-10.607
-10.7439
-10.8672
-10.9804
-11.0858
-11.1847
-11.2779
-11.3663
-11.4503
-11.5303
-11.6064
-11.6789
-11.7478
-11.8131
-11.8749
-11.9329
-11.987
-12.0368
-12.0816
-12.1208
-12.1533
-12.1781
-12.1941
-12.2
-7.34273
-7.67001
-8.35933
-8.94418
-9.36091
-9.70335
-9.98325
-10.2052
-10.3899
-10.5504
-10.6925
-10.8208
-10.9385
-11.0479
-11.1504
-11.247
-11.3385
-11.4253
-11.5079
-11.5865
-11.6613
-11.7326
-11.8002
-11.8644
-11.9249
-11.9817
-12.0344
-12.0827
-12.1261
-12.164
-12.1959
-12.2214
-12.2401
-7.66228
-7.90303
-8.44631
-8.94975
-9.33178
-9.65299
-9.92408
-10.1461
-10.3336
-10.498
-10.6443
-10.7768
-10.8984
-11.0115
-11.1173
-11.217
-11.3114
-11.4009
-11.4861
-11.5671
-11.6444
-11.718
-11.7882
-11.8548
-11.918
-11.9777
-12.0338
-12.0861
-12.1343
-12.1783
-12.2179
-12.2533
-12.285
-7.92695
-8.10804
-8.53848
-8.9689
-9.31595
-9.61537
-9.87526
-10.0944
-10.2827
-10.4492
-10.5986
-10.7345
-10.8596
-10.9759
-11.085
-11.1877
-11.2849
-11.3771
-11.4649
-11.5485
-11.6283
-11.7044
-11.7771
-11.8464
-11.9125
-11.9754
-12.0351
-12.0916
-12.1451
-12.1954
-12.243
-12.2883
-12.3323
-8.14728
-8.2865
-8.63023
-8.99701
-9.3101
-9.5877
-9.83489
-10.0491
-10.2365
-10.4041
-10.5557
-10.6944
-10.8225
-10.9419
-11.0538
-11.1594
-11.2593
-11.3542
-11.4445
-11.5306
-11.6129
-11.6915
-11.7668
-11.8389
-11.9079
-11.9741
-12.0377
-12.0986
-12.1573
-12.2141
-12.2694
-12.3241
-12.3794
-8.33111
-8.4404
-8.71762
-9.03017
-9.31136
-9.56788
-9.80184
-10.0098
-10.1951
-10.3626
-10.5156
-10.6564
-10.787
-10.9091
-11.0238
-11.1321
-11.2346
-11.3321
-11.4249
-11.5135
-11.5982
-11.6794
-11.7573
-11.8322
-11.9043
-11.9739
-12.0413
-12.1067
-12.1706
-12.2335
-12.2962
-12.3594
-12.4247
-8.48432
-8.57182
-8.79804
-9.06515
-9.31722
-9.55385
-9.77461
-9.97549
-10.1577
-10.3244
-10.4781
-10.6205
-10.7533
-10.8778
-10.995
-11.1058
-11.2109
-11.3109
-11.4062
-11.4972
-11.5844
-11.6681
-11.7486
-11.8262
-11.9013
-11.9742
-12.0453
-12.115
-12.1838
-12.2524
-12.3216
-12.3923
-12.4661
-8.6113
-8.6827
-8.86977
-9.09934
-9.32546
-9.54374
-9.75185
-9.94532
-10.1239
-10.2893
-10.4432
-10.5868
-10.7214
-10.848
-10.9676
-11.0808
-11.1883
-11.2907
-11.3884
-11.4818
-11.5714
-11.6575
-11.7406
-11.8209
-11.8989
-11.975
-12.0496
-12.1232
-12.1965
-12.2702
-12.345
-12.4221
-12.5027
-8.71537
-8.77472
-8.93171
-9.13062
-9.33411
-9.53586
-9.73219
-9.91836
-10.093
-10.2568
-10.4106
-10.5551
-10.6912
-10.8198
-10.9415
-11.057
-11.1668
-11.2715
-11.3715
-11.4672
-11.5591
-11.6476
-11.733
-11.8159
-11.8966
-11.9755
-12.0533
-12.1305
-12.2076
-12.2855
-12.365
-12.4471
-12.533
-8.79899
-8.84925
-8.98313
-9.15731
-9.34146
-9.52867
-9.71438
-9.89368
-10.0645
-10.2265
-10.38
-10.5253
-10.6628
-10.7932
-10.917
-11.0346
-11.1467
-11.2536
-11.3558
-11.4537
-11.5478
-11.6385
-11.7262
-11.8114
-11.8946
-11.9762
-12.0567
-12.1369
-12.2173
-12.2986
-12.3817
-12.4675
-12.557
-8.86396
-8.90735
-9.02353
-9.178
-9.34602
-9.52074
-9.69718
-9.87033
-10.0376
-10.198
-10.3512
-10.4971
-10.636
-10.7681
-10.8938
-11.0135
-11.1277
-11.2367
-11.341
-11.4409
-11.5371
-11.6298
-11.7195
-11.8068
-11.892
-11.9758
-12.0586
-12.1411
-12.2239
-12.3078
-12.3934
-12.4815
-12.5732
-8.91154
-8.94975
-9.05249
-9.19153
-9.34644
-9.51081
-9.67948
-9.84743
-10.0117
-10.1708
-10.3239
-10.4706
-10.6109
-10.7447
-10.8724
-10.9942
-11.1104
-11.2215
-11.3278
-11.4298
-11.5278
-11.6224
-11.7139
-11.803
-11.89
-11.9756
-12.0602
-12.1444
-12.229
-12.3144
-12.4015
-12.4908
-12.5832
-8.94252
-8.97689
-9.06959
-9.19686
-9.34149
-9.49765
-9.66017
-9.82404
-9.98601
-10.1443
-10.2976
-10.4453
-10.587
-10.7226
-10.8522
-10.976
-11.0942
-11.2072
-11.3153
-11.419
-11.5187
-11.6148
-11.7078
-11.7983
-11.8866
-11.9734
-12.0591
-12.1444
-12.2298
-12.3159
-12.4033
-12.4927
-12.5846
-8.95728
-8.98888
-9.07436
-9.19304
-9.33008
-9.4802
-9.63832
-9.79944
-9.96016
-10.1183
-10.2725
-10.4216
-10.5651
-10.7027
-10.8345
-10.9604
-11.0806
-11.1956
-11.3056
-11.4109
-11.5121
-11.6096
-11.7039
-11.7954
-11.8847
-11.9722
-12.0586
-12.1443
-12.2298
-12.3158
-12.4027
-12.491
-12.5813
-8.95579
-8.98556
-9.06618
-9.17908
-9.31107
-9.45731
-9.61281
-9.77258
-9.93308
-10.0919
-10.2474
-10.3982
-10.5437
-10.6835
-10.8173
-10.9453
-11.0675
-11.1842
-11.2957
-11.4025
-11.5049
-11.6034
-11.6984
-11.7905
-11.8802
-11.9679
-12.0542
-12.1395
-12.2244
-12.3093
-12.3947
-12.481
-12.5688
-8.93768
-8.96639
-9.04428
-9.15403
-9.2835
-9.42816
-9.58309
-9.74329
-9.90508
-10.0659
-10.2237
-10.3772
-10.5254
-10.6679
-10.8043
-10.9346
-11.059
-11.1776
-11.2908
-11.3989
-11.5024
-11.6017
-11.6973
-11.7897
-11.8794
-11.9668
-12.0525
-12.1369
-12.2205
-12.3036
-12.3868
-12.4703
-12.5545
-8.9021
-8.93048
-9.0076
-9.11667
-9.246
-9.39127
-9.54753
-9.70969
-9.87395
-10.0375
-10.1983
-10.3549
-10.5061
-10.6513
-10.7903
-10.923
-11.0493
-11.1696
-11.2841
-11.3933
-11.4975
-11.5972
-11.6929
-11.785
-11.8741
-11.9606
-12.0451
-12.1278
-12.2093
-12.29
-12.3701
-12.4501
-12.5302
-8.84777
-8.87659
-8.95495
-9.06597
-9.198
-9.34669
-9.50702
-9.67368
-9.84269
-10.0111
-10.1766
-10.3376
-10.493
-10.642
-10.7843
-10.9197
-11.0485
-11.1706
-11.2866
-11.3968
-11.5016
-11.6015
-11.697
-11.7886
-11.8767
-11.9619
-12.0446
-12.1251
-12.204
-12.2815
-12.358
-12.4337
-12.5089
-8.77284
-8.80282
-8.88437
-8.99978
-9.13684
-9.29106
-9.4572
-9.62977
-9.80461
-9.97864
-10.1495
-10.3154
-10.4751
-10.6281
-10.7737
-10.912
-11.043
-11.1669
-11.2841
-11.3949
-11.5
-11.5996
-11.6945
-11.785
-11.8716
-11.9548
-12.0351
-12.1129
-12.1885
-12.2623
-12.3346
-12.4057
-12.4758
-8.67482
-8.707
-8.79447
-8.91801
-9.06429
-9.22842
-9.40473
-9.58725
-9.77149
-9.95417
-10.1328
-10.3056
-10.4713
-10.6292
-10.779
-10.9206
-11.0541
-11.1799
-11.2983
-11.4097
-11.5148
-11.6139
-11.7077
-11.7967
-11.8814
-11.9622
-12.0396
-12.114
-12.1858
-12.2553
-12.3228
-12.3885
-12.4525
-8.55016
-8.58525
-8.68069
-8.81453
-8.97169
-9.147
-9.33452
-9.5279
-9.72239
-9.91457
-10.1018
-10.2822
-10.4546
-10.6181
-10.7726
-10.9178
-11.0541
-11.1818
-11.3013
-11.4132
-11.518
-11.6163
-11.7087
-11.7957
-11.8779
-11.9558
-12.0298
-12.1004
-12.1679
-12.2327
-12.2951
-12.3554
-12.4137
-8.3947
-8.43514
-8.54441
-8.69638
-8.8729
-9.0677
-9.27389
-9.48429
-9.69386
-9.89914
-10.0976
-10.2874
-10.4674
-10.6372
-10.7965
-10.9454
-11.0843
-11.2136
-11.3338
-11.4457
-11.5498
-11.6467
-11.7371
-11.8215
-11.9006
-11.9749
-12.0449
-12.1109
-12.1734
-12.2328
-12.2893
-12.3431
-12.3945
-8.20097
-8.24617
-8.36949
-8.5388
-8.73316
-8.94668
-9.17199
-9.40091
-9.62778
-9.8488
-10.0611
-10.2629
-10.453
-10.6309
-10.7967
-10.9504
-11.0927
-11.2241
-11.3454
-11.4573
-11.5605
-11.6558
-11.7439
-11.8254
-11.9011
-11.9715
-12.037
-12.0982
-12.1556
-12.2094
-12.2601
-12.308
-12.3533
-7.96381
-8.02369
-8.17989
-8.38738
-8.61771
-8.86385
-9.11777
-9.37091
-9.61803
-9.85589
-10.0821
-10.2951
-10.4942
-10.6791
-10.8501
-11.0076
-11.1522
-11.2848
-11.4061
-11.517
-11.6184
-11.7111
-11.7959
-11.8736
-11.9448
-12.0101
-12.0702
-12.1254
-12.1764
-12.2234
-12.2669
-12.3071
-12.3443
-7.66096
-7.72329
-7.89953
-8.1338
-8.39489
-8.67623
-8.96624
-9.2532
-9.5307
-9.79501
-10.0434
-10.2746
-10.488
-10.684
-10.8631
-11.0262
-11.1744
-11.3088
-11.4305
-11.5406
-11.6402
-11.7303
-11.8118
-11.8856
-11.9523
-12.0127
-12.0675
-12.1171
-12.162
-12.2028
-12.2398
-12.2736
-12.3044
-7.30283
-7.4205
-7.6824
-7.98804
-8.30045
-8.62262
-8.94581
-9.25946
-9.55906
-9.842
-10.106
-10.3501
-10.5739
-10.7779
-10.9628
-11.1297
-11.2797
-11.4143
-11.5347
-11.6423
-11.7382
-11.8237
-11.8998
-11.9674
-12.0274
-12.0806
-12.1277
-12.1692
-12.2057
-12.2376
-12.2655
-12.2898
-12.3109
-6.77652
-6.86803
-7.16766
-7.54119
-7.93462
-8.34056
-8.73851
-9.11462
-9.46525
-9.78849
-10.0833
-10.3501
-10.5904
-10.8058
-10.9983
-11.1698
-11.3221
-11.4572
-11.5767
-11.6823
-11.7753
-11.8572
-11.9291
-11.9921
-12.047
-12.0947
-12.1358
-12.171
-12.2008
-12.2257
-12.2462
-12.2631
-12.277
-6.28433
-6.6072
-7.07649
-7.49756
-7.9106
-8.34277
-8.7658
-9.16619
-9.54233
-9.89054
-10.2078
-10.4938
-10.7493
-10.9757
-11.1752
-11.35
-11.5024
-11.6349
-11.7496
-11.8487
-11.9338
-12.0068
-12.069
-12.1217
-12.1661
-12.2029
-12.2329
-12.2568
-12.2748
-12.2874
-12.2949
-12.2981
-12.297
-4.98411
-5.30657
-6.08122
-6.78322
-7.42274
-8.03293
-8.58175
-9.06891
-9.50474
-9.89305
-10.2372
-10.5415
-10.8096
-11.0451
-11.2509
-11.4299
-11.5849
-11.7184
-11.8327
-11.93
-12.0123
-12.0815
-12.139
-12.1863
-12.2245
-12.2545
-12.2772
-12.2929
-12.3018
-12.3042
-12.2992
-12.2881
-12.2664
-4.97356
-5.71937
-6.32619
-6.79651
-7.40053
-8.03868
-8.63429
-9.18986
-9.69914
-10.1516
-10.5463
-10.8868
-11.1772
-11.4225
-11.6278
-11.7984
-11.939
-12.054
-12.1473
-12.2221
-12.2814
-12.3276
-12.3628
-12.3887
-12.4067
-12.4179
-12.4232
-12.4229
-12.417
-12.4045
-12.3826
-12.3482
-12.2875
1.2742
-3.33428
-5.12078
-5.97478
-6.98096
-7.86172
-8.56751
-9.18112
-9.71891
-10.1813
-10.5772
-10.9149
-11.2008
-11.4411
-11.6418
-11.8081
-11.945
-12.0567
-12.147
-12.2193
-12.2762
-12.3203
-12.3535
-12.3777
-12.3943
-12.4044
-12.4092
-12.4094
-12.406
-12.3985
-12.3898
-12.3746
-12.3645
-12.2061
-12.4887
-12.1755
-11.2073
-9.63879
-7.99378
-6.8886
-6.88532
-8.21329
-11.0656
-15.3492
-20.7346
-26.7475
-32.8752
-38.6296
-43.5643
-47.2679
-49.4689
-50.0954
-49.3094
-47.3768
-44.4794
-40.744
-36.3883
-31.7579
-27.1896
-22.8897
-18.9302
-15.3245
-12.0822
-9.21648
-6.73291
-4.6219
-2.85994
-1.41453
-0.248744
0.675403
1.3945
1.94225
2.34873
2.64016
2.83894
2.96395
3.03087
3.05267
3.04
3.00165
2.94478
2.87518
2.79732
2.71454
2.6292
2.54297
2.45703
2.37224
2.28926
2.20861
2.13063
2.05553
1.98338
1.91415
1.84776
1.78409
1.72297
1.66424
1.60772
1.55323
1.50056
1.44952
1.39993
1.35159
1.30435
1.25804
1.2125
1.16761
1.12324
1.07926
1.03558
0.992106
0.948746
0.905421
0.862057
0.818588
0.774959
0.731117
0.687017
0.642615
0.597875
0.552758
0.507244
0.46128
0.414898
0.367947
0.320676
0.272465
0.224568
0.174213
0.127256
0.071223
0.0326609
-12.2864
-12.3244
-11.9312
-10.9832
-9.54865
-8.0615
-7.00057
-6.94665
-8.33138
-11.1751
-15.2522
-20.2662
-25.827
-31.4909
-36.816
-41.4007
-44.8781
-47.0351
-47.818
-47.2988
-45.579
-42.7739
-39.0777
-34.8217
-30.4011
-26.1182
-22.1096
-18.4055
-15.0117
-11.9414
-9.21132
-6.82997
-4.7915
-3.07711
-1.65931
-0.505826
0.417211
1.14302
1.70264
2.12415
2.43225
2.64833
2.79052
2.87407
2.91162
2.91368
2.88892
2.8445
2.78623
2.71864
2.64513
2.56815
2.48942
2.41017
2.33135
2.25367
2.17769
2.10383
2.03235
1.96337
1.89692
1.83295
1.77138
1.71209
1.65494
1.59979
1.54647
1.49481
1.44465
1.3958
1.34811
1.30142
1.25557
1.21044
1.16588
1.12179
1.07806
1.03459
0.991288
0.948073
0.904868
0.861603
0.818218
0.774656
0.730868
0.686813
0.642447
0.597734
0.552638
0.507141
0.461188
0.414816
0.367867
0.320603
0.272384
0.224504
0.174124
0.127214
0.0711254
0.0326702
-12.186
-12.1902
-11.8097
-10.8958
-9.56205
-8.20719
-7.34243
-7.4571
-8.81928
-11.5184
-15.4034
-20.1173
-25.2608
-30.456
-35.3361
-39.5577
-42.8315
-44.9658
-45.8216
-45.3598
-43.6308
-40.802
-37.1677
-33.1181
-29.0141
-25.0697
-21.3592
-17.8999
-14.7061
-11.7993
-9.20005
-6.91873
-4.95239
-3.28632
-1.89749
-0.75797
0.16228
0.893261
1.46344
1.8989
2.22287
2.45564
2.61463
2.71455
2.76773
2.78448
2.77337
2.74151
2.6947
2.63753
2.57346
2.505
2.43393
2.36156
2.28886
2.21663
2.14547
2.07587
2.00813
1.94244
1.87886
1.81741
1.75804
1.70065
1.64516
1.59144
1.53936
1.48877
1.43953
1.39148
1.34447
1.29836
1.25302
1.20831
1.16412
1.12035
1.07688
1.03362
0.99051
0.94745
0.904375
0.861218
0.817922
0.774434
0.730705
0.686698
0.642371
0.597689
0.552617
0.507138
0.461198
0.414836
0.367891
0.320633
0.272408
0.224542
0.17414
0.127273
0.0711319
0.0327624
-12.1424
-12.0567
-11.6582
-10.8493
-9.74909
-8.6768
-8.02927
-8.23416
-9.59066
-12.1621
-15.7853
-20.1637
-24.9346
-29.731
-34.2158
-38.1096
-41.1677
-43.1261
-43.7989
-43.1626
-41.3275
-38.5296
-35.1063
-31.4045
-27.6822
-24.0753
-20.6408
-17.4078
-14.4032
-11.6539
-9.18187
-6.99868
-5.10405
-3.48695
-2.12844
-1.00453
-0.0887614
0.645819
1.22519
1.67348
2.01243
2.26124
2.43655
2.55253
2.62118
2.65255
2.65509
2.63584
2.60061
2.554
2.49953
2.43976
2.37654
2.31121
2.24481
2.17818
2.11199
2.04678
1.98291
1.92062
1.86003
1.80119
1.7441
1.68869
1.63492
1.58269
1.5319
1.48242
1.43414
1.38691
1.34061
1.29511
1.25028
1.20602
1.16221
1.11875
1.07555
1.03253
0.989607
0.946709
0.903769
0.860724
0.817521
0.774109
0.730443
0.686487
0.642201
0.597551
0.552504
0.507045
0.461119
0.414767
0.367826
0.320576
0.272346
0.224494
0.174073
0.127244
0.0710605
0.0327727
-12.0871
-11.9612
-11.6178
-10.9836
-10.1518
-9.3663
-8.9555
-9.26446
-10.5492
-12.8984
-16.2065
-20.2172
-24.5962
-28.9992
-33.1058
-36.6386
-39.3182
-40.916
-41.3132
-40.5278
-38.7154
-36.1349
-33.0725
-29.7761
-26.4239
-23.1259
-19.946
-16.9269
-14.1037
-11.5062
-9.15731
-7.07007
-5.24652
-3.67891
-2.35191
-1.24515
-0.335485
0.401148
0.98834
1.4483
1.80131
2.06545
2.25657
2.38828
2.47217
2.51806
2.53423
2.52764
2.50406
2.46813
2.42339
2.37247
2.31724
2.25911
2.19917
2.13829
2.07722
2.01653
1.95665
1.89788
1.84038
1.78425
1.72951
1.67617
1.62419
1.57352
1.52407
1.47576
1.42848
1.38212
1.33657
1.29171
1.24743
1.20364
1.16023
1.11711
1.07421
1.03143
0.988712
0.945986
0.903191
0.860266
0.817163
0.773833
0.730235
0.686333
0.64209
0.597476
0.552456
0.507019
0.461108
0.414768
0.367833
0.320591
0.272357
0.224518
0.17408
0.127285
0.0710625
0.0328397
-12.0749
-11.9465
-11.6703
-11.2072
-10.6371
-10.1447
-9.97528
-10.3859
-11.5793
-13.6466
-16.5363
-20.0622
-23.9459
-27.8703
-31.5225
-34.5962
-36.8566
-38.1535
-38.4099
-37.6681
-36.0826
-33.8529
-31.1844
-28.263
-25.2381
-22.2173
-19.2732
-16.4567
-13.8071
-11.3557
-9.12622
-7.13279
-5.37965
-3.86192
-2.56752
-1.47936
-0.577387
0.159761
0.753384
1.22383
1.58993
1.86865
2.07501
2.22204
2.32092
2.38117
2.41091
2.41699
2.40513
2.37998
2.3451
2.30316
2.25608
2.20531
2.15197
2.09699
2.04118
1.98514
1.92939
1.87424
1.81993
1.7666
1.71431
1.66311
1.61299
1.56393
1.51588
1.46878
1.42255
1.37709
1.33231
1.28812
1.24441
1.20111
1.15811
1.11535
1.07274
1.03022
0.987715
0.945169
0.902523
0.859724
0.816725
0.773481
0.729953
0.686109
0.641912
0.597335
0.552344
0.506929
0.461035
0.414708
0.367779
0.320545
0.272308
0.224482
0.174029
0.127265
0.071011
0.0328482
-12.0792
-11.9659
-11.7551
-11.4322
-11.0636
-10.7916
-10.8047
-11.2979
-12.4243
-14.2527
-16.7459
-19.7647
-23.0911
-26.461
-29.5939
-32.2349
-34.1941
-35.3347
-35.6026
-35.026
-33.7069
-31.7956
-29.4577
-26.8513
-24.1119
-21.3438
-18.6211
-15.9975
-13.5139
-11.203
-9.08887
-7.18702
-5.50346
-4.03585
-2.77501
-1.70682
-0.814043
-0.0778838
0.520786
1.00052
1.37871
1.67121
1.8922
2.0541
2.16766
2.24209
2.2853
2.30403
2.30394
2.28963
2.26472
2.23188
2.19309
2.14982
2.10323
2.0543
2.00387
1.95262
1.9011
1.84969
1.79867
1.74823
1.69848
1.64948
1.60129
1.55391
1.50732
1.46148
1.41634
1.37182
1.32786
1.28436
1.24126
1.19847
1.15591
1.11352
1.07123
1.02898
0.986702
0.944347
0.901861
0.859196
0.816307
0.773155
0.729703
0.685919
0.641772
0.597234
0.552275
0.506884
0.461009
0.414695
0.367774
0.320549
0.272311
0.224496
0.174031
0.127294
0.0710116
0.0328959
-12.1037
-12.0177
-11.8689
-11.6582
-11.4423
-11.333
-11.476
-12.0201
-13.0811
-14.7093
-16.8725
-19.4585
-22.2927
-25.1619
-27.8472
-30.1423
-31.8678
-32.8939
-33.1672
-32.7038
-31.5821
-29.9212
-27.8564
-25.5228
-23.0405
-20.5058
-17.991
-15.5498
-13.2244
-11.048
-9.04543
-7.23286
-5.61797
-4.2006
-2.97414
-1.92716
-1.04504
-0.311329
0.291015
0.778817
1.16806
1.47351
1.70848
1.88476
2.01265
2.10104
2.15759
2.18892
2.20059
2.19719
2.18233
2.15871
2.12833
2.09268
2.05298
2.01023
1.96531
1.91898
1.87181
1.82425
1.77662
1.72916
1.68202
1.63532
1.58912
1.54348
1.4984
1.45387
1.40986
1.36632
1.32319
1.28042
1.23794
1.19568
1.15358
1.11158
1.06962
1.02764
0.985603
0.943446
0.901126
0.858599
0.815826
0.77277
0.729396
0.685676
0.64158
0.597085
0.552159
0.506794
0.460937
0.414639
0.367727
0.32051
0.272272
0.224467
0.173993
0.127279
0.0709749
0.0329014
-12.1437
-12.0892
-11.9982
-11.8811
-11.7863
-11.8015
-12.0386
-12.6108
-13.6059
-15.0614
-16.9505
-19.1824
-21.6155
-24.0766
-26.3848
-28.3609
-29.85
-30.7452
-30.9987
-30.6157
-29.6513
-28.1977
-26.3669
-24.2739
-22.0238
-19.704
-17.3829
-15.1138
-12.9389
-10.8913
-8.99624
-7.27056
-5.72329
-4.35613
-3.16474
-2.14012
-1.27
-0.540156
0.0645098
0.559162
0.958416
1.27594
1.52419
1.71433
1.85617
1.95824
2.02798
2.07182
2.09524
2.10277
2.09803
2.08371
2.06185
2.03396
2.00126
1.96482
1.92555
1.88424
1.84153
1.79792
1.75378
1.70939
1.66494
1.6206
1.57647
1.53262
1.4891
1.44593
1.40309
1.36057
1.31833
1.27631
1.23448
1.19278
1.15115
1.10956
1.06795
1.02627
0.984474
0.942526
0.900382
0.858002
0.815351
0.772396
0.729106
0.685455
0.641414
0.596963
0.552072
0.506735
0.460899
0.414617
0.367715
0.320508
0.272271
0.224476
0.173994
0.127299
0.0709766
0.0329348
-12.1956
-12.174
-12.1358
-12.0959
-12.0956
-12.2037
-12.5063
-13.0892
-14.0185
-15.3211
-16.9742
-18.9041
-20.9954
-23.105
-25.0788
-26.7705
-28.0534
-28.8329
-29.0598
-28.7321
-27.8909
-26.6101
-24.9816
-23.1015
-21.0607
-18.9378
-16.7971
-14.6899
-12.6576
-10.7332
-8.94165
-7.30042
-5.81957
-4.50245
-3.34669
-2.34543
-1.48859
-0.763969
-0.158303
0.341987
0.75019
1.07889
1.33971
1.54314
1.69849
1.81395
1.89667
1.95291
1.98803
2.00651
2.01192
2.00699
1.99374
1.9737
1.94814
1.91812
1.88461
1.84843
1.81029
1.77073
1.73017
1.68893
1.64726
1.60535
1.56334
1.52135
1.47945
1.43768
1.39606
1.35459
1.31325
1.27202
1.23086
1.18974
1.14861
1.10744
1.06618
1.0248
0.983268
0.941537
0.899574
0.857347
0.814823
0.771974
0.72877
0.685189
0.641206
0.596802
0.551948
0.50664
0.460827
0.414561
0.36767
0.320473
0.272238
0.224453
0.173965
0.127287
0.0709502
0.0329359
-12.2553
-12.2652
-12.2732
-12.2959
-12.3682
-12.5443
-12.8901
-13.4704
-14.334
-15.4996
-16.9471
-18.6161
-20.4123
-22.2176
-23.9052
-25.3525
-26.4505
-27.1174
-27.3093
-27.0207
-26.2812
-25.1478
-23.6946
-22.0024
-20.1498
-18.2072
-16.2338
-14.2785
-12.3812
-10.5742
-8.88214
-7.32279
-5.90706
-4.63965
-3.51992
-2.54293
-1.70053
-0.982412
-0.377025
0.127707
0.543794
0.88277
1.15541
1.37152
1.53993
1.66844
1.76391
1.83241
1.87915
1.90855
1.92415
1.92865
1.92408
1.912
1.89367
1.87018
1.84254
1.81161
1.77813
1.74271
1.70582
1.66781
1.62899
1.58957
1.54975
1.50967
1.46943
1.42911
1.38875
1.34837
1.30798
1.26756
1.2271
1.18657
1.14596
1.10523
1.06435
1.02329
0.982026
0.940523
0.898752
0.856685
0.814294
0.771556
0.728444
0.684939
0.641017
0.596662
0.551848
0.506571
0.460781
0.414534
0.367655
0.320469
0.272237
0.224461
0.173969
0.127304
0.0709556
0.0329598
-12.3189
-12.3578
-12.4052
-12.4779
-12.6049
-12.829
-13.2004
-13.7676
-14.5662
-15.6084
-16.8761
-18.3194
-19.8608
-21.4034
-22.842
-24.0737
-25.0069
-25.5722
-25.7291
-25.4685
-24.811
-23.8011
-22.4992
-20.9729
-19.2897
-17.5117
-15.6933
-13.88
-12.1102
-10.4148
-8.8182
-7.33808
-5.98604
-4.76788
-3.68444
-2.73247
-1.90557
-1.19517
-0.591287
-0.0832829
0.339631
0.687961
0.971639
1.19982
1.3808
1.52199
1.62995
1.71053
1.7688
1.80907
1.83485
1.84882
1.853
1.84895
1.83794
1.82108
1.7994
1.77381
1.74509
1.7139
1.68075
1.64605
1.61014
1.57329
1.53572
1.4976
1.45908
1.42025
1.38118
1.34193
1.3025
1.26292
1.22318
1.18328
1.1432
1.10292
1.06243
1.0217
0.980713
0.939444
0.89787
0.855969
0.813717
0.771094
0.728076
0.684649
0.640791
0.596487
0.551714
0.50647
0.460705
0.414477
0.367611
0.320436
0.272208
0.22444
0.173945
0.127292
0.0709356
0.0329552
-12.3836
-12.4478
-12.5281
-12.6395
-12.8065
-13.0625
-13.4457
-13.992
-14.7269
-15.6575
-16.7674
-18.0149
-19.3362
-20.6517
-21.8745
-22.9183
-23.7062
-24.1783
-24.2984
-24.0559
-23.465
-22.5601
-21.3897
-20.01
-18.4789
-16.8511
-15.1757
-13.495
-11.8452
-10.2558
-8.75041
-7.34679
-6.05686
-4.88734
-3.84031
-2.91398
-2.10353
-1.40196
-0.800755
-0.290612
0.138086
0.49485
0.788787
1.02839
1.22143
1.37489
1.49506
1.58751
1.65717
1.70826
1.7442
1.76765
1.78062
1.78466
1.78104
1.77089
1.75526
1.7351
1.71123
1.68434
1.65501
1.62369
1.59076
1.55653
1.52125
1.48515
1.44839
1.41109
1.37336
1.33526
1.29684
1.25812
1.21913
1.17987
1.14034
1.10054
1.06045
1.02006
0.979364
0.938341
0.896975
0.855247
0.81314
0.770638
0.72772
0.684376
0.640584
0.596334
0.551605
0.506395
0.460657
0.414449
0.367598
0.320434
0.272212
0.224451
0.173955
0.12731
0.0709473
0.0329738
-12.4461
-12.5319
-12.6385
-12.7793
-12.9742
-13.2494
-13.6336
-14.1534
-14.8263
-15.6557
-16.6265
-17.7037
-18.8346
-19.9538
-20.9892
-21.8689
-22.5282
-22.9161
-23.0005
-22.77
-22.2335
-21.4173
-20.3608
-19.1106
-17.716
-16.2248
-14.6811
-13.1239
-11.5866
-10.0976
-8.67938
-7.34944
-6.11994
-4.99831
-3.98764
-3.08744
-2.29429
-1.60256
-1.00513
-0.493938
-0.0604747
0.303811
0.607219
0.857585
1.06214
1.22747
1.35951
1.46361
1.54452
1.60632
1.65237
1.6853
1.70708
1.71926
1.72309
1.71973
1.71022
1.69556
1.6766
1.6541
1.62865
1.60077
1.57087
1.53931
1.50639
1.47234
1.43738
1.40165
1.36529
1.32838
1.29098
1.25316
1.21493
1.17634
1.13737
1.09805
1.05838
1.01834
0.977944
0.937173
0.896019
0.85447
0.812512
0.770133
0.727319
0.684059
0.640336
0.596142
0.551458
0.506285
0.460574
0.414387
0.367551
0.3204
0.272183
0.224429
0.173934
0.127294
0.0709301
0.0329612
-12.5046
-12.6081
-12.7351
-12.8969
-13.1099
-13.3942
-13.7714
-14.2606
-14.8737
-15.6112
-16.459
-17.3877
-18.3537
-19.3031
-20.1761
-20.9128
-21.459
-21.7714
-21.8214
-21.5977
-21.1054
-20.3649
-19.4074
-18.2716
-16.9993
-15.6323
-14.2097
-12.767
-11.3352
-9.94095
-8.60577
-7.34661
-6.17576
-5.10111
-4.12664
-3.25292
-2.47775
-1.7968
-1.20417
-0.692953
-0.255708
0.115204
0.427297
0.687756
0.903281
1.08003
1.22361
1.33911
1.43108
1.50348
1.55958
1.60195
1.63255
1.65289
1.66422
1.66769
1.66437
1.65527
1.64129
1.62322
1.60172
1.57733
1.55052
1.52168
1.49115
1.4592
1.42608
1.39196
1.357
1.3213
1.28496
1.24805
1.21062
1.1727
1.13432
1.0955
1.05626
1.01659
0.9765
0.935992
0.89506
0.853697
0.811895
0.769647
0.726941
0.683768
0.640118
0.595983
0.551346
0.506212
0.460529
0.414365
0.367545
0.320406
0.272197
0.224448
0.173955
0.127317
0.070952
0.0329787
-12.5568
-12.6742
-12.8161
-12.9921
-13.215
-13.5005
-13.8647
-14.3209
-14.8766
-15.5304
-16.2694
-17.0685
-17.8916
-18.6939
-19.4262
-20.0385
-20.4856
-20.7305
-20.7484
-20.5281
-20.0723
-19.3961
-18.5247
-17.49
-16.3273
-15.0729
-13.7613
-12.4247
-11.0916
-9.78657
-8.53026
-7.33895
-6.22484
-5.19616
-4.25755
-3.41051
-2.65392
-1.98455
-1.39765
-0.887385
-0.447298
-0.0706309
0.249374
0.519258
0.745194
0.932908
1.08767
1.21429
1.31713
1.39999
1.46604
1.51781
1.55721
1.58572
1.60458
1.61492
1.61784
1.61435
1.60539
1.59181
1.57429
1.55343
1.52975
1.50367
1.47557
1.44576
1.41451
1.38202
1.34849
1.31403
1.27877
1.2428
1.20617
1.16894
1.13116
1.09286
1.05405
1.01475
0.974979
0.934739
0.894033
0.85286
0.811217
0.769101
0.726504
0.683423
0.639847
0.595771
0.551183
0.506087
0.460436
0.414296
0.367493
0.320367
0.272166
0.224423
0.173933
0.127295
0.0709337
0.0329553
-12.6019
-12.7296
-12.8816
-13.0658
-13.2923
-13.5731
-13.9197
-14.3414
-14.8426
-15.4202
-16.0626
-16.7484
-17.4473
-18.1224
-18.7328
-19.2371
-19.5974
-19.7826
-19.7708
-19.5515
-19.1256
-18.5045
-17.7081
-16.7628
-15.6983
-14.5458
-13.3359
-12.0974
-10.8562
-9.63513
-8.45357
-7.32712
-6.26775
-5.28389
-4.3807
-3.56042
-2.82284
-2.16575
-1.58542
-1.07701
-0.634965
-0.253375
0.0737879
0.352439
0.588226
0.786444
0.952012
1.08947
1.20295
1.29611
1.37201
1.43311
1.48127
1.51794
1.54433
1.56157
1.57074
1.5729
1.56901
1.55994
1.54644
1.52915
1.50863
1.48534
1.45971
1.43206
1.40271
1.37189
1.3398
1.30661
1.27246
1.23743
1.20163
1.16512
1.12795
1.09017
1.05181
1.0129
0.973459
0.933496
0.893025
0.85205
0.810572
0.768595
0.726112
0.683125
0.639627
0.595614
0.551077
0.506018
0.4604
0.414286
0.367502
0.320389
0.272196
0.224457
0.173971
0.12733
0.0709709
0.0329757
-12.6384
-12.773
-12.9309
-13.1184
-13.3434
-13.6147
-13.9407
-14.3275
-14.777
-15.2855
-15.8421
-16.4286
-17.0197
-17.5847
-18.0896
-18.5004
-18.7851
-18.9175
-18.8788
-18.6592
-18.2582
-17.6843
-16.9535
-16.0872
-15.1106
-14.0504
-12.9334
-11.7853
-10.6296
-9.48732
-8.37644
-7.31183
-6.30514
-5.36485
-4.49647
-3.70287
-2.98463
-2.34041
-1.76739
-1.26164
-0.818463
-0.43274
-0.0991414
0.187635
0.432721
0.640981
0.816977
0.964964
1.08885
1.19213
1.27776
1.34809
1.40495
1.44975
1.48367
1.5078
1.52325
1.53106
1.53225
1.52772
1.51826
1.50456
1.48722
1.46674
1.44359
1.41813
1.39069
1.36155
1.33094
1.29903
1.26599
1.23193
1.19697
1.16118
1.12463
1.08738
1.04948
1.01096
0.971846
0.932165
0.891931
0.851156
0.809846
0.768008
0.725642
0.68275
0.63933
0.595382
0.550896
0.505877
0.460294
0.414206
0.367441
0.320339
0.27216
0.224425
0.173945
0.127297
0.070948
0.0329369
-12.6665
-12.805
-12.9652
-13.1521
-13.3714
-13.6299
-13.9334
-14.2854
-14.6863
-15.1319
-15.6123
-16.1117
-16.6089
-17.0785
-17.4923
-17.822
-18.041
-18.1271
-18.0642
-17.8433
-17.4632
-16.9301
-16.2566
-15.4604
-14.5624
-13.5857
-12.5536
-11.4888
-10.4124
-9.34382
-8.29961
-7.29383
-6.33768
-5.43959
-4.60531
-3.8382
-3.13948
-2.50859
-1.94351
-1.44114
-0.997591
-0.608466
-0.269115
0.0251736
0.279022
0.496864
0.682907
0.841112
0.975162
1.08837
1.18356
1.26303
1.32852
1.38139
1.4228
1.45382
1.47553
1.489
1.49527
1.49528
1.48986
1.47976
1.46561
1.44796
1.4273
1.40404
1.37854
1.3511
1.32197
1.29137
1.25945
1.22638
1.19227
1.15721
1.1213
1.0846
1.04717
1.00905
0.970277
0.930885
0.890896
0.850327
0.809191
0.767497
0.725251
0.682459
0.639121
0.595239
0.550806
0.505832
0.460281
0.414218
0.367473
0.320384
0.272216
0.224481
0.174009
0.12735
0.071007
0.0329635
-12.6848
-12.8246
-12.984
-13.1669
-13.3776
-13.6209
-13.9006
-14.2186
-14.5741
-14.9626
-15.3752
-15.7982
-16.2139
-16.6009
-16.9361
-17.1957
-17.3578
-17.4037
-17.3194
-17.097
-16.7346
-16.2369
-15.6138
-14.8797
-14.0522
-13.1509
-12.1961
-11.2079
-10.2051
-9.2053
-8.22385
-7.27388
-6.36609
-5.50874
-4.70774
-3.96679
-3.28765
-2.67042
-2.11381
-1.61545
-1.17219
-0.780332
-0.435861
-0.134637
0.127462
0.354443
0.550156
0.718267
0.86222
0.985147
1.08975
1.17821
1.25223
1.31311
1.36196
1.39982
1.42777
1.44688
1.45821
1.46274
1.46136
1.45484
1.44387
1.42904
1.41087
1.38981
1.36625
1.34051
1.31287
1.28357
1.25279
1.2207
1.18744
1.15313
1.11785
1.0817
1.04474
1.00702
0.968588
0.929487
0.889743
0.849382
0.808419
0.766871
0.724746
0.682054
0.638798
0.594984
0.550606
0.505676
0.460159
0.414123
0.3674
0.320325
0.27217
0.224437
0.173975
0.127301
0.070977
0.032903
-12.695
-12.8338
-12.9899
-13.1663
-13.366
-13.5924
-13.8478
-14.1329
-14.4461
-14.7828
-15.135
-15.4909
-15.8355
-16.151
-16.4182
-16.6174
-16.7304
-16.7413
-16.6382
-16.4142
-16.0671
-15.6003
-15.0215
-14.3426
-13.5782
-12.7451
-11.8608
-10.9428
-10.0081
-9.07244
-8.14993
-7.25278
-6.39113
-5.57301
-4.80434
-4.0891
-3.42948
-2.82612
-2.27838
-1.78455
-1.34216
-0.948158
-0.599136
-0.291506
-0.0216331
0.214068
0.419087
0.596792
0.750388
0.882819
0.99665
1.09397
1.17641
1.2452
1.30142
1.34607
1.38021
1.40491
1.42126
1.43028
1.4329
1.42994
1.42214
1.41011
1.39443
1.37557
1.35395
1.32992
1.30378
1.27579
1.24615
1.21506
1.18267
1.1491
1.11448
1.07888
1.0424
1.00509
0.967008
0.928204
0.888712
0.848562
0.807778
0.766378
0.724377
0.681787
0.638615
0.594869
0.550546
0.505661
0.460178
0.414169
0.367466
0.320404
0.272261
0.224525
0.174074
0.127378
0.0710668
0.032937
-12.6952
-12.831
-12.9818
-13.1497
-13.3368
-13.5453
-13.7764
-14.0301
-14.3041
-14.594
-14.8925
-15.1895
-15.4723
-15.726
-15.9347
-16.082
-16.1527
-16.1335
-16.0144
-15.789
-15.4554
-15.0157
-14.4762
-13.8465
-13.1388
-12.3674
-11.5472
-10.6937
-9.82185
-8.94588
-8.07862
-7.23135
-6.41361
-5.63312
-4.89576
-4.20566
-3.56536
-2.97597
-2.43738
-1.9485
-1.50745
-1.11181
-0.758732
-0.445165
-0.167949
0.0760841
0.290067
0.477068
0.640047
0.781759
0.904629
1.01065
1.10137
1.17797
1.24146
1.29282
1.33306
1.36328
1.38458
1.39803
1.40459
1.40514
1.40045
1.3912
1.37797
1.36129
1.34158
1.31924
1.29459
1.26789
1.23939
1.20929
1.17776
1.14493
1.11095
1.07591
1.0399
1.00299
0.965262
0.926753
0.887511
0.847573
0.806966
0.765715
0.723838
0.681351
0.638264
0.594588
0.550322
0.505483
0.460037
0.414056
0.367377
0.320329
0.272203
0.224465
0.17403
0.127306
0.0710291
0.0328456
-12.689
-12.8202
-12.964
-13.1218
-13.2951
-13.4852
-13.6924
-13.9161
-14.1539
-14.4013
-14.652
-14.8972
-15.1261
-15.3263
-15.4845
-15.5871
-15.6214
-15.5765
-15.4435
-15.2172
-14.8954
-14.4798
-13.9751
-13.3893
-12.7325
-12.0168
-11.255
-10.4606
-9.64677
-8.82627
-8.01069
-7.21042
-6.43437
-5.68988
-4.98271
-4.3171
-3.69581
-3.12034
-2.59106
-2.10741
-1.66809
-1.2712
-0.914483
-0.595376
-0.31119
-0.0591672
0.163468
0.359483
0.531592
0.68236
0.814073
0.928621
1.02747
1.11176
1.18242
1.24038
1.28665
1.3223
1.34847
1.36626
1.3767
1.38069
1.37907
1.37255
1.36175
1.34721
1.32941
1.30875
1.28558
1.26018
1.23281
1.2037
1.17303
1.14095
1.10761
1.07313
1.0376
1.0011
0.963723
0.925512
0.886523
0.846797
0.806369
0.765268
0.723515
0.68113
0.638128
0.59452
0.550309
0.505513
0.460103
0.414147
0.36749
0.320451
0.27234
0.224594
0.174176
0.127413
0.071161
0.0328838
-12.6728
-12.7981
-12.9336
-13.0804
-13.2393
-13.4108
-13.595
-13.7905
-13.9949
-14.2042
-14.4125
-14.6122
-14.7943
-14.9484
-15.0633
-15.1278
-15.1313
-15.0644
-14.9201
-14.6934
-14.3825
-13.9884
-13.515
-12.9686
-12.3577
-11.6923
-10.9837
-10.2435
-9.48322
-8.71421
-7.94693
-7.19087
-6.45429
-5.74414
-5.066
-4.4241
-3.82139
-3.25969
-2.73975
-2.2615
-1.82414
-1.42632
-1.06626
-0.741929
-0.451074
-0.191349
0.039668
0.244443
0.425444
0.585047
0.725397
0.848287
0.955108
1.04692
1.12461
1.18904
1.24118
1.28213
1.31303
1.33503
1.34922
1.35656
1.35792
1.35405
1.34561
1.33317
1.31723
1.29821
1.27648
1.25235
1.22609
1.19795
1.16812
1.13677
1.10407
1.07013
1.03507
0.998981
0.961945
0.924029
0.88529
0.845775
0.805526
0.764574
0.722947
0.680666
0.63775
0.594213
0.550061
0.505312
0.459941
0.414014
0.367384
0.320359
0.272269
0.224514
0.174125
0.127313
0.0711214
0.0327483
-12.6535
-12.7717
-12.8979
-13.0328
-13.1768
-13.3299
-13.4917
-13.6607
-13.8344
-14.0091
-14.1795
-14.3393
-14.4805
-14.5945
-14.6721
-14.7038
-14.6808
-14.5955
-14.4415
-14.215
-13.914
-13.5392
-13.0937
-12.5826
-12.013
-11.3934
-10.7332
-10.0426
-9.33166
-8.61038
-7.88816
-7.1736
-6.47433
-5.79684
-5.14649
-4.52746
-3.94281
-3.39458
-2.8839
-2.41108
-1.9758
-1.5772
-1.21402
-0.884663
-0.587355
-0.320144
-0.0809632
0.132353
0.322027
0.49025
0.639035
0.770081
0.884708
0.983909
1.06849
1.13926
1.19715
1.24325
1.27875
1.30484
1.32267
1.33325
1.33749
1.33619
1.33005
1.31965
1.30553
1.28812
1.2678
1.24492
1.21976
1.19258
1.16358
1.13296
1.10088
1.06749
1.03289
0.997206
0.960512
0.922886
0.884393
0.845086
0.805011
0.764204
0.722697
0.680516
0.637681
0.59421
0.550111
0.505404
0.460065
0.414162
0.367553
0.320535
0.272464
0.224691
0.17433
0.12745
0.0713094
0.0327768
-12.6239
-12.7343
-12.8506
-12.9733
-13.1023
-13.2376
-13.3782
-13.5227
-13.6685
-13.8122
-13.9492
-14.074
-14.1799
-14.2596
-14.3054
-14.3094
-14.2643
-14.1636
-14.0022
-13.7766
-13.485
-13.128
-12.7079
-12.2288
-11.6967
-11.1187
-10.5028
-9.85772
-9.1923
-8.5153
-7.83511
-7.1595
-6.49543
-5.84894
-5.22512
-4.62805
-4.06083
-3.52568
-3.02402
-2.55653
-2.12331
-1.72397
-1.35772
-1.02344
-0.719796
-0.445231
-0.198035
0.0236535
0.221816
0.398458
0.555468
0.694462
0.816693
0.923082
1.01436
1.09125
1.15466
1.20568
1.24554
1.27551
1.29678
1.31043
1.31743
1.31859
1.31465
1.30622
1.29384
1.27797
1.25902
1.23734
1.21324
1.18697
1.15878
1.12887
1.0974
1.06453
1.03039
0.995096
0.958738
0.9214
0.883151
0.844052
0.804152
0.763493
0.72211
0.680032
0.637284
0.593884
0.549843
0.505184
0.459886
0.414012
0.367434
0.320428
0.272386
0.224596
0.174282
0.127318
0.0712862
0.0325768
-12.596
-12.6977
-12.8035
-12.9135
-13.0276
-13.1453
-13.2657
-13.387
-13.5071
-13.6227
-13.7299
-13.8237
-13.8987
-13.9485
-13.9667
-13.947
-13.883
-13.7695
-13.602
-13.3776
-13.0949
-12.754
-12.3567
-11.9066
-11.4084
-10.8681
-10.2926
-9.68929
-9.06581
-8.42984
-7.78881
-7.14968
-6.51875
-5.90162
-5.30305
-4.72695
-4.17644
-3.65386
-3.16085
-2.69843
-2.26709
-1.86688
-1.49747
-1.15822
-0.848215
-0.56632
-0.311182
-0.0812373
0.125256
0.310137
0.475186
0.621956
0.751645
0.865096
0.96294
1.04582
1.11458
1.17033
1.21436
1.24801
1.27254
1.28909
1.29868
1.30216
1.3003
1.29374
1.28302
1.26864
1.25101
1.2305
1.20741
1.18204
1.15463
1.12539
1.09451
1.06215
1.02845
0.993527
0.957488
0.920422
0.882403
0.843497
0.803758
0.763234
0.721962
0.679976
0.637302
0.593961
0.549969
0.505346
0.460078
0.414224
0.367666
0.320662
0.272644
0.224819
0.174555
0.127476
0.0715495
0.0325596
-12.5565
-12.6493
-12.7444
-12.842
-12.9417
-13.0428
-13.1443
-13.2446
-13.3415
-13.4322
-13.5132
-13.5802
-13.6285
-13.6529
-13.6481
-13.6085
-13.5291
-13.4054
-13.2338
-13.0116
-12.7376
-12.4119
-12.0359
-11.6124
-11.1453
-10.6398
-10.1014
-9.53664
-8.952
-8.3542
-7.74976
-7.14486
-6.5452
-5.95586
-5.38127
-4.82516
-4.29058
-3.77996
-3.29511
-2.83735
-2.40755
-2.00618
-1.63336
-1.28892
-0.972405
-0.683078
-0.419953
-0.181779
0.0329479
0.225901
0.398774
0.55308
0.689975
0.810222
0.914332
1.00285
1.07658
1.13668
1.18451
1.22152
1.24904
1.26829
1.28031
1.28599
1.2861
1.2813
1.27217
1.25919
1.24281
1.22338
1.20127
1.17675
1.15008
1.12149
1.09118
1.05931
1.02604
0.991488
0.955768
0.918975
0.881189
0.842482
0.802912
0.76253
0.721378
0.679493
0.636902
0.593632
0.549697
0.505122
0.459896
0.414072
0.367549
0.320554
0.272577
0.22472
0.174537
0.127313
0.0715862
0.0322589
-12.5254
-12.6086
-12.6927
-12.7775
-12.8627
-12.9475
-13.0309
-13.1114
-13.1868
-13.2547
-13.312
-13.3551
-13.3799
-13.3821
-13.3571
-13.3005
-13.208
-13.0758
-12.9009
-12.6811
-12.4153
-12.1034
-11.7467
-11.3474
-10.9087
-10.4347
-9.9304
-9.40102
-8.85226
-8.28987
-7.71954
-7.14671
-6.57646
-6.01337
-5.46149
-4.92433
-4.40481
-3.90538
-3.42802
-2.97429
-2.54543
-2.14233
-1.76559
-1.41553
-1.09215
-0.795161
-0.523943
-0.277545
-0.0546776
0.146214
0.326789
0.488559
0.632644
0.759683
0.870014
0.964038
1.04253
1.1067
1.15803
1.19808
1.22829
1.24994
1.26411
1.27174
1.27363
1.27044
1.26276
1.25108
1.23585
1.21745
1.19624
1.1725
1.14653
1.11854
1.08875
1.05733
1.02444
0.990222
0.954784
0.918229
0.880645
0.842106
0.802676
0.76241
0.721354
0.679545
0.637017
0.593796
0.549901
0.505354
0.460153
0.414342
0.367839
0.320837
0.272893
0.224978
0.174885
0.127461
0.0719573
0.032117
-12.4798
-12.5535
-12.6268
-12.6994
-12.7711
-12.8409
-12.9078
-12.9704
-13.0268
-13.0748
-13.1116
-13.1342
-13.1391
-13.1227
-13.0812
-13.0107
-12.9079
-12.7695
-12.5931
-12.3767
-12.1194
-11.8211
-11.4828
-11.1062
-10.6939
-10.2495
-9.77687
-9.28056
-8.76536
-8.23619
-7.69797
-7.15542
-6.61302
-6.07485
-5.54454
-5.02533
-4.51998
-4.03094
-3.56028
-3.10984
-2.68118
-2.27563
-1.89429
-1.53798
-1.20721
-0.90213
-0.62252
-0.367751
-0.13676
0.0719056
0.259918
0.428845
0.579791
0.713246
0.829322
0.928266
1.01087
1.07848
1.13277
1.17545
1.20805
1.23189
1.24809
1.25757
1.26114
1.25947
1.25314
1.24267
1.22852
1.21107
1.1907
1.16771
1.14239
1.11498
1.08569
1.05472
1.02222
0.988339
0.953192
0.916889
0.87952
0.841165
0.801892
0.761759
0.720815
0.679102
0.636653
0.593499
0.54966
0.50516
0.460002
0.41422
0.367756
0.32076
0.272874
0.224901
0.174948
0.127274
0.0721439
0.0316405
-12.4516
-12.5151
-12.5771
-12.6372
-12.6951
-12.75
-12.8008
-12.8462
-12.8846
-12.914
-12.9319
-12.9359
-12.9229
-12.89
-12.8338
-12.7513
-12.6396
-12.496
-12.3185
-12.1054
-11.8561
-11.5703
-11.2487
-10.8929
-10.5049
-10.0875
-9.64412
-9.17841
-8.6944
-8.19624
-7.6881
-7.17404
-6.65791
-6.14325
-5.63328
-5.13087
-4.63861
-4.15884
-3.69375
-3.24538
-2.81568
-2.40647
-2.01941
-1.65591
-1.31703
-1.00342
-0.715232
-0.452117
-0.213127
0.00321874
0.198727
0.375074
0.533287
0.673544
0.795556
0.899334
0.985717
1.0563
1.11302
1.15777
1.19221
1.21772
1.23546
1.24638
1.25129
1.25087
1.24569
1.23627
1.22305
1.20644
1.18679
1.16444
1.13968
1.11275
1.08389
1.05328
1.02109
0.987473
0.952551
0.916437
0.879226
0.841002
0.801837
0.761792
0.720919
0.679262
0.636858
0.593737
0.549926
0.505444
0.460302
0.414525
0.36808
0.321065
0.273229
0.225162
0.175373
0.127354
0.0726923
0.0312086
-12.4035
-12.4574
-12.5087
-12.5573
-12.6028
-12.6444
-12.6809
-12.7113
-12.7341
-12.7475
-12.7495
-12.7379
-12.7102
-12.6637
-12.5958
-12.5041
-12.3859
-12.2392
-12.0622
-11.8537
-11.6129
-11.3397
-11.0347
-10.699
-10.3343
-9.9428
-9.52726
-9.09067
-8.63633
-8.16769
-7.68822
-7.20134
-6.71031
-6.21812
-5.72753
-5.24102
-4.76092
-4.28946
-3.82892
-3.38155
-2.94968
-2.53561
-2.14161
-1.76975
-1.42169
-1.09863
-0.801206
-0.529382
-0.282367
-0.0586128
0.143924
0.327141
0.492033
0.63842
0.765552
0.873222
0.96244
1.03516
1.09367
1.14008
1.17614
1.20324
1.22251
1.23488
1.24111
1.24189
1.23779
1.22932
1.21695
1.20109
1.18213
1.16039
1.13616
1.10972
1.08128
1.05105
1.01919
0.985867
0.9512
0.915305
0.878285
0.840224
0.801199
0.761272
0.7205
0.678928
0.636596
0.593537
0.549778
0.505339
0.460239
0.414489
0.368088
0.32107
0.273317
0.225153
0.175605
0.127151
0.0732063
0.0303852
-12.3844
-12.4274
-12.4672
-12.5034
-12.5357
-12.5633
-12.5853
-12.6007
-12.6081
-12.606
-12.5928
-12.5665
-12.525
-12.4661
-12.3877
-12.2876
-12.1637
-12.0144
-11.8382
-11.634
-11.4012
-11.1398
-10.8502
-10.5332
-10.1901
-9.82275
-9.43321
-9.02388
-8.59738
-8.15649
-7.70405
-7.24285
-6.77556
-6.30462
-5.83227
-5.36052
-4.89132
-4.42673
-3.96901
-3.52066
-3.08449
-2.66343
-2.26055
-1.87872
-1.52032
-1.18716
-0.880283
-0.599792
-0.344778
-0.113376
0.0968351
0.287912
0.460559
0.613904
0.746515
0.857911
0.949399
1.02345
1.08285
1.12999
1.16674
1.19455
1.21455
1.22768
1.23471
1.23628
1.23295
1.22519
1.21346
1.19817
1.17969
1.15838
1.13453
1.10842
1.08027
1.05028
1.01863
0.98548
0.950958
0.915185
0.878263
0.840282
0.80132
0.761443
0.720709
0.679166
0.636856
0.593811
0.550063
0.505629
0.460537
0.414782
0.368399
0.321349
0.273671
0.225362
0.176109
0.127064
0.0740988
0.0293175
-12.3376
-12.3711
-12.4008
-12.4265
-12.4476
-12.4634
-12.4732
-12.476
-12.4706
-12.4559
-12.4303
-12.3922
-12.3398
-12.2714
-12.1851
-12.0792
-11.9519
-11.8019
-11.628
-11.4293
-11.2055
-10.9564
-10.6822
-10.3837
-10.0618
-9.7178
-9.35336
-8.97029
-8.57064
-8.15663
-7.7305
-7.29452
-6.85076
-6.40109
-5.94709
-5.49017
-5.03179
-4.57375
-4.11826
-3.66791
-3.22588
-2.79568
-2.38141
-1.98696
-1.61556
-1.26979
-0.951306
-0.660554
-0.396698
-0.157643
0.0593813
0.256614
0.434661
0.592403
0.728225
0.841721
0.934612
1.00963
1.06986
1.11784
1.15556
1.18442
1.20549
1.21964
1.22759
1.22998
1.22734
1.22021
1.20904
1.19426
1.17626
1.15538
1.13192
1.10616
1.07833
1.04863
1.01725
0.984327
0.95001
0.914415
0.877648
0.8398
0.800952
0.761173
0.720521
0.679049
0.636798
0.593804
0.550101
0.505702
0.460647
0.414912
0.368576
0.321511
0.273947
0.225482
0.176636
0.126843
0.0752891
0.0277458
-12.3322
-12.354
-12.372
-12.3852
-12.3932
-12.3958
-12.3921
-12.3813
-12.3626
-12.3348
-12.2967
-12.2469
-12.184
-12.1065
-12.0127
-11.9011
-11.7705
-11.6197
-11.4478
-11.254
-11.0382
-10.8003
-10.5405
-10.2593
-9.95743
-9.63588
-9.29574
-8.93835
-8.56518
-8.17787
-7.77814
-7.36769
-6.94807
-6.52046
-6.08565
-5.64409
-5.19626
-4.74335
-4.28747
-3.83148
-3.37936
-2.93553
-2.50547
-2.09439
-1.70685
-1.34643
-1.01504
-0.712891
-0.43868
-0.190009
0.0358571
0.240762
0.424796
0.586543
0.724594
0.839005
0.932268
1.00726
1.0674
1.11528
1.15294
1.18174
1.2028
1.21707
1.22528
1.22801
1.22572
1.21891
1.20801
1.19345
1.17563
1.1549
1.13158
1.10595
1.07823
1.04863
1.01732
0.984456
0.950185
0.914624
0.877881
0.840049
0.80121
0.761434
0.720781
0.679304
0.637048
0.594047
0.550337
0.505929
0.460873
0.415123
0.368807
0.321698
0.274245
0.225575
0.177228
0.126466
0.0769315
0.0252911
-12.291
-12.3045
-12.3143
-12.3183
-12.3164
-12.3085
-12.2941
-12.2725
-12.2429
-12.2045
-12.1563
-12.0971
-12.0256
-11.9406
-11.8407
-11.7248
-11.5918
-11.4409
-11.2714
-11.083
-10.8755
-10.649
-10.4037
-10.1403
-9.85909
-9.56086
-9.24634
-8.91638
-8.57197
-8.21419
-7.84422
-7.46314
-7.07175
-6.6703
-6.25841
-5.83525
-5.40018
-4.95377
-4.49717
-4.03323
-3.56596
-3.10122
-2.64765
-2.21195
-1.79989
-1.41682
-1.06584
-0.747799
-0.461818
-0.205557
0.0241576
0.229711
0.412289
0.572156
0.70928
0.823787
0.918988
0.99603
1.05808
1.10739
1.14626
1.1761
1.1981
1.21311
1.22182
1.2249
1.22287
1.21631
1.20566
1.19137
1.17381
1.15332
1.13022
1.10479
1.07727
1.04785
1.01671
0.984
0.949866
0.914426
0.877788
0.840046
0.801284
0.761572
0.720975
0.679543
0.637326
0.594355
0.550673
0.506286
0.461254
0.41551
0.369237
0.322091
0.274784
0.225879
0.178178
0.126196
0.0795051
0.022018
-12.2952
-12.298
-12.2954
-12.2851
-12.2689
-12.2468
-12.2178
-12.1817
-12.1382
-12.0866
-12.0261
-11.9557
-11.8743
-11.7807
-11.6739
-11.5529
-11.4169
-11.2654
-11.0981
-10.9151
-10.7166
-10.5029
-10.2745
-10.0317
-9.7747
-9.50372
-9.21875
-8.91985
-8.60719
-8.28121
-7.94264
-7.59231
-7.23079
-6.85762
-6.4709
-6.06705
-5.6427
-5.19758
-4.73442
-4.25543
-3.76627
-3.27206
-2.78563
-2.31782
-1.87784
-1.47167
-1.10232
-0.770032
-0.472853
-0.208035
0.0270214
0.2349
0.417681
0.576669
0.712884
0.828089
0.922519
0.999807
1.06203
1.11172
1.15049
1.17996
1.20135
1.21586
1.22435
1.22717
1.22489
1.21813
1.20726
1.19278
1.17505
1.15442
1.13122
1.10571
1.07812
1.04863
1.01742
0.984645
0.950442
0.914936
0.878234
0.840433
0.801616
0.761854
0.721212
0.679741
0.637489
0.594489
0.550784
0.506376
0.461336
0.415575
0.369325
0.322134
0.27497
0.225825
0.178846
0.125498
0.0828464
0.016381
-12.2526
-12.2613
-12.2528
-12.2285
-12.1986
-12.1632
-12.1208
-12.0716
-12.0157
-11.9526
-11.8816
-11.802
-11.7128
-11.613
-11.5019
-11.3785
-11.2423
-11.093
-10.9307
-10.7555
-10.5678
-10.3681
-10.1568
-9.93407
-9.7
-9.45427
-9.19637
-8.92569
-8.64168
-8.34414
-8.03321
-7.70935
-7.37279
-7.02262
-6.65648
-6.26974
-5.85815
-5.41863
-4.94998
-4.45791
-3.94501
-3.4238
-2.90644
-2.40712
-1.93783
-1.5068
-1.11848
-0.773769
-0.470726
-0.205472
0.0268524
0.231161
0.411377
0.569813
0.707339
0.824401
0.921511
1.00076
1.06431
1.11458
1.15363
1.18329
1.20478
1.21898
1.22673
1.22892
1.22602
1.21882
1.20778
1.19328
1.17553
1.15488
1.13166
1.10615
1.07858
1.04913
1.01797
0.985242
0.951084
0.915617
0.878949
0.841175
0.802378
0.76263
0.721997
0.680531
0.63828
0.595277
0.551569
0.507152
0.46211
0.416329
0.370101
0.322847
0.275827
0.22639
0.180235
0.125245
0.0881294
0.00997889
-12.2452
-12.258
-12.2458
-12.2104
-12.1684
-12.1209
-12.067
-12.0075
-11.9428
-11.8727
-11.7966
-11.7136
-11.6224
-11.5217
-11.4104
-11.2875
-11.1528
-11.0061
-10.8479
-10.6787
-10.4991
-10.3098
-10.111
-9.90247
-9.6834
-9.4526
-9.20856
-8.94988
-8.67562
-8.38573
-8.08121
-7.76397
-7.43576
-7.0959
-6.74021
-6.35741
-5.94033
-5.4959
-5.02538
-4.52538
-4.00339
-3.47095
-2.94239
-2.43293
-1.95523
-1.5178
-1.12446
-0.774935
-0.466173
-0.194022
0.0455271
0.255795
0.439263
0.597695
0.732604
0.845656
0.938731
1.01432
1.07493
1.12292
1.16026
1.18862
1.20927
1.22309
1.23087
1.23312
1.23042
1.22322
1.21154
1.19651
1.17825
1.15715
1.13356
1.10773
1.07985
1.05012
1.01869
0.985705
0.951315
0.915639
0.878784
0.840844
0.801901
0.762025
0.72128
0.679717
0.637383
0.594309
0.550541
0.506071
0.460992
0.415169
0.368936
0.321622
0.274697
0.225021
0.179444
0.123182
0.0883403
0.00737771
-12.3513
-12.3141
-12.2773
-12.2358
-12.1887
-12.1369
-12.08
-12.0181
-11.9509
-11.8781
-11.7992
-11.7133
-11.6195
-11.5166
-11.4037
-11.28
-11.145
-10.9985
-10.8406
-10.6716
-10.4919
-10.3021
-10.1022
-9.89238
-9.67203
-9.44035
-9.19623
-8.9385
-8.66624
-8.37902
-8.07706
-7.76111
-7.43201
-7.08904
-6.73002
-6.35051
-5.94196
-5.50202
-5.03227
-4.53371
-4.0134
-3.48269
-2.95569
-2.44683
-1.96833
-1.52874
-1.13256
-0.780599
-0.470982
-0.200161
0.0361466
0.242265
0.421981
0.578139
0.71267
0.826985
0.922442
1.0008
1.06407
1.11434
1.1535
1.18316
1.20459
1.21867
1.22627
1.22833
1.22548
1.21788
1.20674
1.19191
1.1739
1.153
1.12956
1.10386
1.0761
1.04649
1.01518
0.982324
0.948052
0.912487
0.875735
0.837891
0.799037
0.759244
0.718575
0.677082
0.634814
0.591799
0.548088
0.503667
0.458643
0.412852
0.366689
0.319358
0.272594
0.222706
0.177633
0.120636
0.0860056
0.00827307
-20.6779
-20.4895
-20.6483
-21.2671
-22.0205
-22.5293
-22.7226
-22.7414
-22.6701
-22.613
-22.7024
-22.9053
-23.3568
-24.2915
-25.8906
-28.0845
-30.5694
-32.8978
-34.6221
-35.4386
-35.2312
-33.9675
-31.6548
-28.3844
-24.4594
-19.9929
-15.0182
-9.56436
-3.80253
1.85437
6.80903
10.5371
12.8372
13.8586
13.9268
13.4025
12.5826
11.664
10.7575
9.91297
9.14637
8.4597
7.8185
7.20945
6.65008
6.14136
5.67821
5.25469
4.8647
4.50384
4.16982
3.8619
3.58004
3.32424
3.094
2.8882
2.70503
2.54223
2.39729
2.26769
2.15107
2.04537
1.94886
1.86012
1.77803
1.70168
1.6303
1.56328
1.50006
1.44016
1.38315
1.32863
1.27626
1.22571
1.17669
1.12895
1.08225
1.03638
0.991151
0.946411
0.902015
0.857837
0.813767
0.769711
0.725586
0.681317
0.636846
0.592108
0.547082
0.501674
0.455969
0.409692
0.363336
0.315814
0.269344
0.219278
0.175243
0.117501
0.0857384
0.0033747
-21.3481
-21.3481
-21.892
-22.7473
-23.5444
-24.0155
-24.0112
-23.5131
-22.8694
-22.4077
-22.4622
-23.0444
-24.0319
-25.8816
-28.805
-32.5804
-36.5791
-40.01
-42.1791
-42.672
-41.3905
-38.615
-34.9736
-31.0153
-26.8637
-22.5284
-17.8578
-12.6764
-6.97516
-1.09267
4.28183
8.47387
11.1931
12.5485
12.8753
12.5635
11.9194
11.1417
10.3402
9.56693
8.83973
8.1562
7.53538
6.98429
6.48314
6.01953
5.58845
5.18779
4.81464
4.4667
4.14319
3.84431
3.57057
3.32216
3.09846
2.89797
2.71869
2.55833
2.41462
2.28533
2.16843
2.06209
1.96476
1.87513
1.79211
1.71485
1.6426
1.57476
1.5108
1.45023
1.39263
1.3376
1.28478
1.23384
1.18449
1.13645
1.0895
1.0434
0.997977
0.953059
0.908501
0.864173
0.819966
0.77578
0.731532
0.687145
0.64256
0.597712
0.552577
0.50707
0.461248
0.414896
0.368384
0.320872
0.274074
0.224337
0.179447
0.122744
0.0908177
0.00283622
-22.018
-22.3018
-23.1788
-24.1462
-24.9243
-25.346
-25.3084
-24.906
-24.3409
-24.3301
-25.0245
-26.9166
-30.0932
-34.304
-38.9945
-43.4943
-47.1381
-49.3821
-49.8864
-48.6106
-45.856
-42.0749
-37.7053
-33.2507
-29.0329
-25.059
-21.0352
-16.5153
-11.2021
-5.26733
0.512823
5.26388
8.51891
10.309
11.0013
11.0116
10.6556
10.1298
9.54159
8.94441
8.36301
7.8076
7.28209
6.78364
6.31111
5.86949
5.46018
5.08009
4.7269
4.39896
4.09512
3.81443
3.55617
3.31965
3.10405
2.90828
2.73104
2.57085
2.42611
2.2952
2.17647
2.0684
1.96958
1.87876
1.79487
1.71698
1.64431
1.57618
1.512
1.45126
1.3935
1.33833
1.28536
1.23429
1.1848
1.13663
1.08955
1.04333
0.997806
0.952798
0.908163
0.863773
0.819516
0.775294
0.731021
0.68662
0.64203
0.597186
0.552058
0.506568
0.460757
0.414439
0.367908
0.320486
0.273501
0.224174
0.178168
0.123784
0.0852482
0.0109417
-22.1552
-22.6751
-23.5612
-24.5296
-25.2653
-25.691
-25.7659
-25.6493
-25.7243
-26.5073
-28.5549
-32.1294
-36.9312
-42.3389
-47.6956
-52.4443
-56.0776
-58.1012
-58.1102
-56.004
-52.0162
-46.7216
-40.9576
-35.5055
-30.8291
-26.8956
-23.2826
-19.3535
-14.5444
-8.81413
-2.87457
2.22953
5.86031
8.00962
9.0492
9.39347
9.34436
9.08384
8.71249
8.28507
7.83225
7.37171
6.91682
6.47678
6.05609
5.65742
5.28185
4.92958
4.60054
4.29403
4.00893
3.74451
3.50026
3.27562
3.06996
2.88241
2.7119
2.55714
2.41671
2.28912
2.17294
2.06677
1.96937
1.8796
1.79648
1.71916
1.6469
1.57905
1.51505
1.45442
1.3967
1.34152
1.2885
1.23733
1.18773
1.13944
1.09221
1.04586
1.00018
0.955025
0.910242
0.865708
0.82131
0.77695
0.732545
0.688016
0.643301
0.598339
0.553094
0.507496
0.461564
0.415154
0.368469
0.321011
0.273706
0.22462
0.177453
0.12488
0.079977
0.019419
-21.5712
-22.1594
-22.871
-23.843
-24.5218
-24.9821
-25.211
-25.4712
-26.2149
-28.0968
-31.6295
-36.748
-42.8863
-49.3942
-55.7729
-61.5564
-66.0869
-68.5546
-68.2848
-65.1646
-59.6239
-52.5601
-45.0479
-38.196
-32.6951
-28.4692
-24.9512
-21.3329
-16.8667
-11.3426
-5.42724
-0.234338
3.54375
5.90152
7.20387
7.83327
8.05674
8.0345
7.86027
7.59144
7.26532
6.9071
6.53438
6.15888
5.78848
5.42943
5.08632
4.76167
4.45667
4.17151
3.90574
3.65886
3.43034
3.2195
3.02557
2.84768
2.68486
2.53602
2.40002
2.27572
2.16193
2.05756
1.96154
1.8729
1.79073
1.71424
1.6427
1.57549
1.51205
1.45189
1.39458
1.33973
1.28698
1.23604
1.18662
1.13846
1.09135
1.04507
0.99946
0.95435
0.909603
0.865095
0.820717
0.776373
0.73198
0.687461
0.642755
0.597801
0.55256
0.50697
0.461035
0.41464
0.367917
0.32052
0.273032
0.224254
0.176269
0.125255
0.0768217
0.0239622
-20.4252
-20.8751
-21.4521
-22.2532
-22.847
-23.2715
-23.5853
-24.1589
-25.569
-28.518
-33.3336
-39.7036
-46.9564
-54.5292
-62.067
-69.0773
-74.6126
-77.493
-76.9193
-72.9331
-66.1988
-57.7698
-48.9003
-40.8964
-34.6065
-30.0032
-26.3745
-22.7673
-18.3537
-12.8994
-7.08958
-2.01113
1.71843
4.14658
5.61951
6.46501
6.90407
7.07305
7.05883
6.92054
6.70023
6.42794
6.12541
5.8082
5.48728
5.17058
4.8637
4.57022
4.29228
4.03086
3.7861
3.55773
3.34533
3.1484
2.96637
2.79859
2.64432
2.50269
2.37274
2.25347
2.14386
2.04294
1.94976
1.86346
1.78323
1.70835
1.63816
1.57207
1.50956
1.45018
1.39349
1.33915
1.28682
1.23621
1.18704
1.13908
1.09211
1.04594
1.0004
0.955343
0.910623
0.866125
0.821743
0.777384
0.732966
0.688416
0.643672
0.598676
0.553388
0.507751
0.461756
0.415317
0.368502
0.321097
0.273402
0.224808
0.176132
0.126222
0.0751814
0.0271726
-18.9291
-19.208
-19.6216
-20.227
-20.6331
-20.9185
-21.2013
-21.9653
-23.8842
-27.632
-33.3638
-40.6042
-48.6494
-57.0326
-65.4733
-73.3982
-79.6223
-82.7686
-82.0056
-77.4989
-70.0727
-60.9637
-51.4223
-42.8401
-36.1626
-31.35
-27.56
-23.7631
-19.1838
-13.7057
-8.0696
-3.25207
0.299398
2.70447
4.27312
5.26785
5.8642
6.17788
6.29003
6.26039
6.13334
5.94139
5.70815
5.45056
5.18075
4.90772
4.63809
4.3765
4.126
3.88832
3.66428
3.45408
3.2576
3.07456
2.90455
2.74706
2.60149
2.46712
2.34319
2.22885
2.12328
2.02565
1.93518
1.85111
1.77275
1.69944
1.63058
1.56563
1.50411
1.44556
1.38959
1.33585
1.28403
1.23384
1.18502
1.13734
1.09061
1.04464
0.999259
0.954325
0.909707
0.86529
0.820973
0.776666
0.732289
0.68777
0.643051
0.598075
0.552799
0.507174
0.461179
0.414752
0.367912
0.320545
0.272735
0.224328
0.17521
0.126133
0.0736009
0.0287286
-17.3313
-17.528
-17.7552
-18.1423
-18.3082
-18.3604
-18.4976
-19.2954
-21.4803
-25.6785
-31.9235
-39.6587
-48.1626
-56.9929
-65.8754
-74.1827
-80.6598
-83.8881
-83.0917
-78.4776
-70.9997
-61.8601
-52.3297
-43.8057
-37.2088
-32.3788
-28.398
-24.2928
-19.4458
-13.9488
-8.58091
-4.12001
-0.806377
1.52996
3.14433
4.23593
4.94281
5.36464
5.57712
5.63844
5.59264
5.47245
5.30201
5.09905
4.87669
4.64478
4.41073
4.17995
3.95617
3.74179
3.53814
3.34582
3.165
2.9956
2.83742
2.69013
2.55332
2.42647
2.30896
2.2001
2.09919
2.00552
1.9184
1.83717
1.76121
1.68993
1.62279
1.55929
1.49899
1.44148
1.38638
1.33337
1.28216
1.23248
1.18408
1.13675
1.0903
1.04455
0.999352
0.954562
0.910057
0.865727
0.821475
0.777214
0.732867
0.688368
0.643656
0.598679
0.553394
0.507756
0.461736
0.415292
0.368401
0.321036
0.273106
0.224811
0.175328
0.126832
0.0731414
0.0302424
-15.8514
-16.0087
-16.0929
-16.2587
-16.1648
-15.9289
-15.8342
-16.5202
-18.7391
-23.0613
-29.4763
-37.3948
-46.0653
-54.9957
-63.869
-72.0511
-78.3628
-81.5013
-80.8241
-76.5185
-69.4818
-60.8457
-51.8739
-43.9189
-37.738
-33.0019
-28.8059
-24.3382
-19.2394
-13.8271
-8.82725
-4.75981
-1.68766
0.565513
2.19301
3.34253
4.125
4.62788
4.92096
5.059
5.08405
5.02797
4.91472
4.76234
4.58444
4.39145
4.19133
3.99007
3.79197
3.59994
3.4158
3.24054
3.07465
2.9183
2.77147
2.63403
2.50572
2.38615
2.27484
2.17126
2.0748
1.98489
1.90093
1.82236
1.74864
1.67926
1.61374
1.55161
1.49248
1.43596
1.38172
1.32944
1.27884
1.22967
1.18171
1.13474
1.08859
1.04309
0.998099
0.953478
0.90911
0.864892
0.82073
0.776541
0.732251
0.687796
0.643119
0.59817
0.552903
0.507281
0.461265
0.414831
0.367925
0.320585
0.272586
0.2244
0.174682
0.126623
0.0722588
0.0307658
-14.5621
-14.7332
-14.7266
-14.6823
-14.3333
-13.797
-13.4312
-13.9209
-15.9904
-20.1974
-26.5244
-34.3739
-42.9757
-51.7702
-60.3631
-68.1313
-74.0499
-77.0362
-76.5648
-72.77
-66.4383
-58.6194
-50.5574
-43.4742
-37.8437
-33.1917
-28.7391
-23.9263
-18.7023
-13.5227
-8.95213
-5.25769
-2.39908
-0.229101
1.39069
2.57169
3.40606
3.97095
4.32948
4.53199
4.61783
4.61752
4.55457
4.44708
4.30897
4.15108
3.98179
3.80756
3.63315
3.4619
3.29602
3.13683
2.98508
2.84113
2.70516
2.57718
2.45708
2.34462
2.23946
2.14117
2.04928
1.96329
1.88268
1.80699
1.73573
1.66845
1.60471
1.54412
1.48629
1.43088
1.37757
1.32608
1.27616
1.22755
1.18006
1.13349
1.08767
1.04245
0.99768
0.953244
0.909026
0.864928
0.820861
0.776747
0.732515
0.688103
0.643457
0.598528
0.553272
0.507655
0.461635
0.415198
0.368267
0.320933
0.272867
0.22475
0.174838
0.127091
0.0721728
0.0315713
-13.48
-13.7255
-13.6769
-13.4507
-12.8592
-12.0395
-11.407
-11.6587
-13.492
-17.4494
-23.5108
-31.1083
-39.4789
-47.9993
-56.1918
-63.4497
-68.9159
-71.7286
-71.4652
-68.2163
-62.6736
-55.8261
-48.8561
-42.7281
-37.5869
-32.9343
-28.2067
-23.1601
-18.0014
-13.1784
-9.03498
-5.65803
-2.97767
-0.887441
0.71143
1.90671
2.77668
3.38905
3.80021
4.05599
4.19311
4.24067
4.22159
4.15383
4.05142
3.92538
3.78438
3.63517
3.48283
3.33104
3.1823
3.03822
2.89975
2.76748
2.64175
2.5227
2.41038
2.30467
2.20534
2.11208
2.0245
1.9422
1.86475
1.79175
1.72277
1.65744
1.59537
1.53619
1.47957
1.42519
1.37277
1.32203
1.27275
1.22468
1.17765
1.13146
1.08596
1.04101
0.996462
0.95221
0.908144
0.86417
0.820204
0.776171
0.732004
0.687643
0.643037
0.59814
0.552907
0.507306
0.461294
0.414868
0.36793
0.320612
0.272506
0.224453
0.174413
0.126903
0.071654
0.0317373
-12.6086
-12.97
-12.9025
-12.5189
-11.6958
-10.6349
-9.78388
-9.82249
-11.424
-15.0808
-20.7736
-27.9902
-36.001
-44.1468
-51.8873
-58.6331
-63.6667
-66.3049
-66.2211
-63.5012
-58.7685
-52.9637
-47.1136
-41.8152
-36.9873
-32.2394
-27.2892
-22.1991
-17.2868
-12.8714
-9.10209
-5.98095
-3.44947
-1.43523
0.135372
1.33425
2.22835
2.8768
3.32986
3.62934
3.80946
3.89793
3.91691
3.88404
3.81328
3.71571
3.60016
3.47359
3.34132
3.20731
3.07431
2.94416
2.81801
2.69662
2.58045
2.4698
2.36482
2.26551
2.17175
2.08333
1.99994
1.92126
1.84694
1.77663
1.70997
1.64663
1.58626
1.52855
1.47318
1.41988
1.36837
1.31842
1.26979
1.22229
1.17572
1.12993
1.08477
1.04009
0.995777
0.951718
0.907811
0.863967
0.820106
0.776157
0.732057
0.687749
0.643183
0.598316
0.553103
0.507517
0.46151
0.415089
0.368141
0.320831
0.272688
0.224679
0.174533
0.127198
0.0716682
0.0321919
-12.0417
-12.4305
-12.3714
-11.8633
-10.8396
-9.5863
-8.56463
-8.44934
-9.86888
-13.2387
-18.5299
-25.2878
-32.839
-40.526
-47.7799
-54.0331
-58.6721
-61.1558
-61.2377
-59.0292
-55.1136
-50.3467
-45.4759
-40.7552
-36.0508
-31.1708
-26.1405
-21.208
-16.6492
-12.6189
-9.15437
-6.23918
-3.83554
-1.89316
-0.354175
0.841461
1.75109
2.42644
2.91256
3.2477
3.4638
3.58714
3.63906
3.63675
3.594
3.52187
3.42925
3.32321
3.20929
3.09162
2.97315
2.8559
2.7412
2.62992
2.52267
2.41986
2.32175
2.22844
2.1399
2.05602
1.97656
1.90128
1.82989
1.76209
1.69759
1.6361
1.57732
1.52096
1.46675
1.41444
1.36378
1.31454
1.26653
1.21955
1.17343
1.12801
1.08316
1.03875
0.994654
0.950778
0.907023
0.863305
0.819545
0.775679
0.731646
0.687391
0.642867
0.598033
0.552844
0.507277
0.46128
0.414869
0.367919
0.320621
0.272454
0.224485
0.174266
0.127065
0.0713605
0.0322414
-11.9598
-12.3257
-12.1361
-11.455
-10.2373
-8.79573
-7.68363
-7.53494
-8.85671
-11.988
-16.8865
-23.1531
-30.1834
-37.3525
-44.0956
-49.8757
-54.1597
-56.5184
-56.773
-55.0727
-51.9546
-48.0952
-43.9159
-39.4959
-34.786
-29.8521
-24.9358
-20.3054
-16.1162
-12.4106
-9.19003
-6.44507
-4.15338
-2.27777
-0.771246
0.416683
1.33541
2.03055
2.5427
2.907
3.15326
3.30635
3.38676
3.41118
3.39316
3.34366
3.27156
3.18402
3.08669
2.98386
2.87864
2.77319
2.669
2.56704
2.46804
2.3725
2.28078
2.19307
2.10943
2.02982
1.95408
1.88203
1.81344
1.74806
1.68566
1.62597
1.56874
1.51372
1.46066
1.40933
1.35951
1.311
1.2636
1.21714
1.17146
1.12642
1.08188
1.03773
0.993863
0.950172
0.906571
0.862979
0.819322
0.77554
0.731575
0.687374
0.642892
0.598091
0.552927
0.507376
0.46139
0.414988
0.368035
0.320746
0.272559
0.224618
0.174339
0.127242
0.0713872
0.0325032
-12.3062
-12.4162
-12.0903
-11.2489
-9.83588
-8.34543
-7.16732
-7.0125
-8.30569
-11.2817
-15.8464
-21.638
-28.1283
-34.751
-40.9742
-46.3023
-50.2713
-52.5374
-52.9834
-51.7915
-49.3922
-46.178
-42.3398
-37.9722
-33.2432
-28.4311
-23.8085
-19.5407
-15.6801
-12.2352
-9.21178
-6.61045
-4.41708
-2.60243
-1.12776
0.0497205
0.972937
1.68247
2.21512
2.60328
2.87479
3.05324
3.15825
3.20601
3.20977
3.18035
3.1266
3.05569
2.97337
2.88403
2.79091
2.69629
2.60176
2.5084
2.41702
2.32821
2.24242
2.15991
2.08083
2.0052
1.93293
1.86389
1.79791
1.7348
1.67434
1.61632
1.56053
1.50675
1.45475
1.40433
1.35529
1.30744
1.26061
1.21463
1.16936
1.12467
1.08042
1.03652
0.992856
0.949338
0.905881
0.862407
0.818848
0.775144
0.731244
0.687095
0.642653
0.597885
0.552745
0.507214
0.461239
0.414847
0.367895
0.320616
0.272415
0.2245
0.174178
0.12716
0.0712065
0.0325196
)
;

boundaryField
{
    outlet
    {
        type            fixedValue;
        value           uniform 0;
    }
    inlet
    {
        type            zeroGradient;
    }
    lowerWall
    {
        type            zeroGradient;
    }
    upperWall
    {
        type            zeroGradient;
    }
    frontAndBack
    {
        type            empty;
    }
}


// ************************************************************************* //
