/*--------------------------------*- C++ -*----------------------------------*\
| =========                 |                                                 |
| \\      /  F ield         | OpenFOAM: The Open Source CFD Toolbox           |
|  \\    /   O peration     | Version:  2.1.1                                 |
|   \\  /    A nd           | Web:      www.OpenFOAM.org                      |
|    \\/     M anipulation  |                                                 |
\*---------------------------------------------------------------------------*/
FoamFile
{
    version     2.0;
    format      ascii;
    class       volScalarField;
    location    "0.12";
    object      nuSgs;
}
// * * * * * * * * * * * * * * * * * * * * * * * * * * * * * * * * * * * * * //

dimensions      [0 2 -1 0 0 0 0];

internalField   nonuniform List<scalar> 
6820
(
0.000556014
0.000457433
0.00036821
0.000306251
0.000269116
0.000243561
0.000224773
0.000210424
0.000198853
0.000189153
0.000180812
0.000173498
0.00016699
0.000161134
0.000155819
0.000150961
0.000146494
0.000142372
0.000138554
0.000135009
0.000131714
0.000128648
0.0001258
0.000123154
0.000120698
0.000118426
0.00011633
0.00011441
0.000112653
0.00011108
0.000109652
0.000108275
0.000106807
0.00010349
0.000170644
0.000223624
0.000240003
0.00023527
0.000224937
0.000213275
0.000202026
0.00019183
0.000182703
0.000174527
0.000167166
0.000160498
0.000154421
0.000148849
0.000143715
0.00013896
0.000134538
0.000130408
0.000126537
0.000122896
0.000119464
0.000116218
0.000113142
0.000110222
0.000107448
0.000104814
0.000102303
9.99282e-05
9.7634e-05
9.55902e-05
9.33884e-05
9.26756e-05
3.6776e-05
2.84856e-05
4.55774e-05
8.22208e-05
0.000107836
0.000123418
0.000131845
0.000135705
0.000136823
0.000136268
0.000134679
0.000132451
0.000129833
0.000126986
0.000124018
0.000120998
0.000117974
0.000114976
0.000112025
0.000109133
0.000106309
0.000103555
0.000100872
9.82574e-05
9.57145e-05
9.3236e-05
9.08192e-05
8.84621e-05
8.61678e-05
8.39199e-05
8.17587e-05
7.95592e-05
7.76251e-05
2.07365e-05
2.86929e-05
2.65808e-05
1.51341e-05
3.67726e-06
1.37263e-05
2.55061e-05
3.52852e-05
4.31649e-05
4.9419e-05
5.4322e-05
5.81167e-05
6.10042e-05
6.31414e-05
6.46598e-05
6.56686e-05
6.62568e-05
6.64975e-05
6.64507e-05
6.61653e-05
6.56813e-05
6.50309e-05
6.42419e-05
6.33364e-05
6.23308e-05
6.12354e-05
6.00562e-05
5.88012e-05
5.74825e-05
5.61028e-05
5.46843e-05
5.32248e-05
5.18293e-05
1.44176e-05
1.75964e-05
2.26145e-05
2.43077e-05
2.3987e-05
2.20277e-05
1.91694e-05
1.59505e-05
1.26026e-05
9.27477e-06
6.07492e-06
3.08652e-06
7.51948e-07
2.49457e-06
4.76716e-06
6.82838e-06
8.65811e-06
1.02616e-05
1.16497e-05
1.28353e-05
1.38313e-05
1.46508e-05
1.53061e-05
1.58082e-05
1.61678e-05
1.63981e-05
1.65119e-05
1.6514e-05
1.64138e-05
1.62156e-05
1.59295e-05
1.55587e-05
1.5107e-05
1.09161e-05
1.2511e-05
1.38398e-05
1.43429e-05
1.51167e-05
1.57437e-05
1.61107e-05
1.6312e-05
1.63526e-05
1.6238e-05
1.59925e-05
1.56398e-05
1.52041e-05
1.47011e-05
1.41495e-05
1.3567e-05
1.29691e-05
1.23691e-05
1.1778e-05
1.12048e-05
1.06566e-05
1.01392e-05
9.65683e-06
9.21222e-06
8.80769e-06
8.44394e-06
8.11574e-06
7.82349e-06
7.56652e-06
7.34694e-06
7.1649e-06
7.02977e-06
6.95622e-06
8.23868e-06
9.44105e-06
1.02691e-05
1.00688e-05
9.87686e-06
9.69364e-06
9.50289e-06
9.40766e-06
9.39737e-06
9.42817e-06
9.47332e-06
9.5153e-06
9.54247e-06
9.5526e-06
9.54388e-06
9.51548e-06
9.46779e-06
9.40201e-06
9.3198e-06
9.22303e-06
9.1137e-06
8.99368e-06
8.86501e-06
8.7284e-06
8.58805e-06
8.44489e-06
8.3041e-06
8.16763e-06
8.03748e-06
7.91727e-06
7.81015e-06
7.72842e-06
7.6884e-06
6.35314e-06
7.42133e-06
8.23908e-06
8.10603e-06
7.7966e-06
7.45704e-06
7.07938e-06
6.75541e-06
6.50409e-06
6.30468e-06
6.14439e-06
6.0143e-06
5.90562e-06
5.81178e-06
5.72856e-06
5.653e-06
5.58279e-06
5.51619e-06
5.45193e-06
5.38914e-06
5.32724e-06
5.26599e-06
5.20525e-06
5.1458e-06
5.08738e-06
5.03169e-06
4.97997e-06
4.93319e-06
4.89331e-06
4.86384e-06
4.8489e-06
4.85772e-06
4.90411e-06
4.99101e-06
5.87009e-06
6.56554e-06
6.56454e-06
6.39886e-06
6.19263e-06
5.91107e-06
5.62715e-06
5.37964e-06
5.16493e-06
4.97831e-06
4.81643e-06
4.67453e-06
4.54853e-06
4.43568e-06
4.33391e-06
4.24165e-06
4.1577e-06
4.0812e-06
4.01154e-06
3.94825e-06
3.89107e-06
3.83972e-06
3.79437e-06
3.75454e-06
3.72087e-06
3.69385e-06
3.67404e-06
3.66299e-06
3.66357e-06
3.67928e-06
3.71577e-06
3.78347e-06
3.98383e-06
4.71706e-06
5.33284e-06
5.41094e-06
5.31226e-06
5.16639e-06
4.95219e-06
4.72546e-06
4.52435e-06
4.34819e-06
4.19258e-06
4.05545e-06
3.93383e-06
3.82488e-06
3.72665e-06
3.63782e-06
3.55733e-06
3.48443e-06
3.41852e-06
3.35915e-06
3.30601e-06
3.25887e-06
3.21761e-06
3.18215e-06
3.1526e-06
3.12918e-06
3.11214e-06
3.10211e-06
3.10036e-06
3.10895e-06
3.13037e-06
3.16727e-06
3.22685e-06
3.22282e-06
3.84255e-06
4.38946e-06
4.51047e-06
4.46144e-06
4.36548e-06
4.20826e-06
4.02749e-06
3.85836e-06
3.70547e-06
3.56762e-06
3.44491e-06
3.3361e-06
3.2392e-06
3.15267e-06
3.0753e-06
3.00609e-06
2.94422e-06
2.88904e-06
2.84007e-06
2.79694e-06
2.7594e-06
2.72729e-06
2.70056e-06
2.6792e-06
2.66334e-06
2.65329e-06
2.64958e-06
2.653e-06
2.66475e-06
2.68616e-06
2.71781e-06
2.76455e-06
2.63488e-06
3.16497e-06
3.66061e-06
3.8179e-06
3.81548e-06
3.75876e-06
3.64168e-06
3.49338e-06
3.34741e-06
3.21248e-06
3.0893e-06
2.97876e-06
2.88046e-06
2.79302e-06
2.71518e-06
2.64597e-06
2.5845e-06
2.53008e-06
2.48211e-06
2.44013e-06
2.40376e-06
2.37272e-06
2.34676e-06
2.32577e-06
2.30967e-06
2.29848e-06
2.29232e-06
2.29138e-06
2.29597e-06
2.30655e-06
2.32355e-06
2.34632e-06
2.37799e-06
2.1704e-06
2.63207e-06
3.0897e-06
3.27282e-06
3.30645e-06
3.28061e-06
3.1974e-06
3.07994e-06
2.9576e-06
2.84064e-06
2.73122e-06
2.63114e-06
2.54102e-06
2.46037e-06
2.38844e-06
2.32458e-06
2.26812e-06
2.21844e-06
2.17501e-06
2.13735e-06
2.10505e-06
2.07776e-06
2.0552e-06
2.03714e-06
2.0234e-06
2.01385e-06
2.00839e-06
2.00697e-06
2.00954e-06
2.01603e-06
2.02626e-06
2.03892e-06
2.05605e-06
1.79579e-06
2.20636e-06
2.63563e-06
2.83895e-06
2.90373e-06
2.90524e-06
2.85053e-06
2.75872e-06
2.65568e-06
2.55304e-06
2.45461e-06
2.36305e-06
2.27974e-06
2.20475e-06
2.13769e-06
2.07809e-06
2.02541e-06
1.97912e-06
1.93871e-06
1.90371e-06
1.87371e-06
1.84833e-06
1.82725e-06
1.81015e-06
1.79676e-06
1.78682e-06
1.78007e-06
1.77624e-06
1.77499e-06
1.77586e-06
1.77827e-06
1.78065e-06
1.78429e-06
1.48759e-06
1.86166e-06
2.27051e-06
2.49017e-06
2.58085e-06
2.60508e-06
2.57352e-06
2.50333e-06
2.41745e-06
2.328e-06
2.23982e-06
2.15607e-06
2.07864e-06
2.00811e-06
1.94448e-06
1.88753e-06
1.83691e-06
1.79221e-06
1.753e-06
1.71885e-06
1.68934e-06
1.66409e-06
1.64271e-06
1.62485e-06
1.61014e-06
1.59822e-06
1.58869e-06
1.58111e-06
1.57495e-06
1.56955e-06
1.56413e-06
1.5571e-06
1.54928e-06
1.2292e-06
1.5793e-06
1.97413e-06
2.20733e-06
2.31992e-06
2.36402e-06
2.35243e-06
2.30101e-06
2.23011e-06
2.15189e-06
2.07206e-06
1.99438e-06
1.92122e-06
1.85368e-06
1.79211e-06
1.73651e-06
1.68672e-06
1.6424e-06
1.60319e-06
1.56868e-06
1.53847e-06
1.51217e-06
1.48935e-06
1.46961e-06
1.45253e-06
1.43767e-06
1.42454e-06
1.41259e-06
1.4012e-06
1.3896e-06
1.37694e-06
1.36173e-06
1.34448e-06
1.00863e-06
1.34595e-06
1.73223e-06
1.97699e-06
2.10819e-06
2.16954e-06
2.17487e-06
2.13929e-06
2.08119e-06
2.01261e-06
1.93992e-06
1.86733e-06
1.79759e-06
1.73217e-06
1.67171e-06
1.61645e-06
1.56636e-06
1.52124e-06
1.48081e-06
1.44472e-06
1.4126e-06
1.38406e-06
1.35869e-06
1.33606e-06
1.31572e-06
1.29718e-06
1.27992e-06
1.26333e-06
1.24676e-06
1.22941e-06
1.21045e-06
1.18857e-06
1.16407e-06
8.17287e-07
1.1523e-06
1.53468e-06
1.78946e-06
1.93648e-06
2.01286e-06
2.03281e-06
2.0109e-06
1.96394e-06
1.90367e-06
1.83691e-06
1.76825e-06
1.70078e-06
1.63631e-06
1.57581e-06
1.51974e-06
1.46824e-06
1.42125e-06
1.37857e-06
1.33993e-06
1.30498e-06
1.27337e-06
1.24469e-06
1.21852e-06
1.19438e-06
1.1718e-06
1.15022e-06
1.12905e-06
1.10761e-06
1.08518e-06
1.06098e-06
1.03389e-06
1.00408e-06
6.49233e-07
9.92261e-07
1.37451e-06
1.63795e-06
1.79838e-06
1.88782e-06
1.92035e-06
1.91008e-06
1.87258e-06
1.81924e-06
1.75721e-06
1.69142e-06
1.62527e-06
1.56086e-06
1.49944e-06
1.44166e-06
1.38786e-06
1.33809e-06
1.29225e-06
1.25016e-06
1.21154e-06
1.17607e-06
1.14339e-06
1.1131e-06
1.08476e-06
1.0579e-06
1.03199e-06
1.00648e-06
9.80737e-07
9.54094e-07
9.25855e-07
8.95086e-07
8.61879e-07
5.01283e-07
8.62595e-07
1.24718e-06
1.51788e-06
1.68948e-06
1.79012e-06
1.83345e-06
1.8331e-06
1.80363e-06
1.7561e-06
1.69784e-06
1.63405e-06
1.56839e-06
1.50323e-06
1.44007e-06
1.37979e-06
1.32286e-06
1.2695e-06
1.21972e-06
1.17343e-06
1.13042e-06
1.09044e-06
1.05318e-06
1.0183e-06
9.85401e-07
9.54058e-07
9.23797e-07
8.94111e-07
8.64443e-07
8.34215e-07
8.02824e-07
7.69521e-07
7.3438e-07
3.74533e-07
7.62764e-07
1.15011e-06
1.42632e-06
1.60694e-06
1.71702e-06
1.7695e-06
1.77745e-06
1.75463e-06
1.71169e-06
1.65611e-06
1.59331e-06
1.52716e-06
1.46032e-06
1.39449e-06
1.33078e-06
1.26984e-06
1.21202e-06
1.15747e-06
1.1062e-06
1.05809e-06
1.01299e-06
9.70662e-07
9.30826e-07
8.93165e-07
8.57319e-07
8.22887e-07
7.89439e-07
7.56497e-07
7.23576e-07
6.90151e-07
6.55628e-07
6.20027e-07
2.79531e-07
6.94618e-07
1.08223e-06
1.36172e-06
1.5492e-06
1.667e-06
1.72712e-06
1.74202e-06
1.7247e-06
1.68551e-06
1.63195e-06
1.56961e-06
1.50257e-06
1.43369e-06
1.36488e-06
1.29741e-06
1.2321e-06
1.16944e-06
1.10969e-06
1.05297e-06
9.99281e-07
9.48536e-07
9.00604e-07
8.55299e-07
8.12393e-07
7.71621e-07
7.3268e-07
6.95239e-07
6.58921e-07
6.23357e-07
5.88119e-07
5.52784e-07
5.17385e-07
2.4414e-07
6.6147e-07
1.04361e-06
1.32355e-06
1.51564e-06
1.63938e-06
1.70555e-06
1.72585e-06
1.71261e-06
1.67582e-06
1.623e-06
1.55988e-06
1.49073e-06
1.41862e-06
1.34568e-06
1.27339e-06
1.20272e-06
1.13432e-06
1.06858e-06
1.00572e-06
9.45858e-07
8.89002e-07
8.35115e-07
7.84111e-07
7.35862e-07
6.90207e-07
6.46948e-07
6.05861e-07
5.66673e-07
5.2912e-07
4.92843e-07
4.57542e-07
4.23186e-07
2.89188e-07
6.66192e-07
1.03503e-06
1.31221e-06
1.50674e-06
1.63494e-06
1.70607e-06
1.731e-06
1.72142e-06
1.68699e-06
1.63514e-06
1.57166e-06
1.50095e-06
1.42621e-06
1.34973e-06
1.27313e-06
1.19754e-06
1.1237e-06
1.05214e-06
9.83179e-07
9.17024e-07
8.53795e-07
7.93548e-07
7.36296e-07
6.8202e-07
6.30673e-07
5.82177e-07
5.36443e-07
4.9333e-07
4.52731e-07
4.14409e-07
3.78315e-07
3.44345e-07
3.91504e-07
7.09288e-07
1.05754e-06
1.32865e-06
1.52327e-06
1.65389e-06
1.72794e-06
1.75529e-06
1.74704e-06
1.71256e-06
1.65929e-06
1.59316e-06
1.51874e-06
1.43946e-06
1.35779e-06
1.27553e-06
1.19393e-06
1.11388e-06
1.03598e-06
9.60641e-07
8.88145e-07
8.18674e-07
7.52351e-07
6.89258e-07
6.2945e-07
5.72962e-07
5.1981e-07
4.70004e-07
4.23511e-07
3.80335e-07
3.40318e-07
3.03558e-07
2.69834e-07
5.25487e-07
7.88821e-07
1.11222e-06
1.37484e-06
1.56821e-06
1.70096e-06
1.77851e-06
1.8096e-06
1.8046e-06
1.77244e-06
1.72033e-06
1.65412e-06
1.57843e-06
1.49678e-06
1.4118e-06
1.32543e-06
1.2391e-06
1.15383e-06
1.07038e-06
9.89255e-07
9.10854e-07
8.35444e-07
7.63229e-07
6.94362e-07
6.28962e-07
5.67134e-07
5.08962e-07
4.54536e-07
4.03912e-07
3.57232e-07
3.14424e-07
2.75995e-07
2.41216e-07
6.82608e-07
9.03095e-07
1.20104e-06
1.45295e-06
1.64218e-06
1.77329e-06
1.84956e-06
1.87884e-06
1.87122e-06
1.83563e-06
1.77942e-06
1.70861e-06
1.62801e-06
1.54125e-06
1.45109e-06
1.35953e-06
1.26807e-06
1.17778e-06
1.08945e-06
1.00364e-06
9.20758e-07
8.41128e-07
7.6498e-07
6.92506e-07
6.23862e-07
5.5919e-07
4.98614e-07
4.42262e-07
3.90223e-07
3.42657e-07
2.99497e-07
2.61242e-07
2.2692e-07
8.62573e-07
1.05049e-06
1.3253e-06
1.56753e-06
1.75547e-06
1.89028e-06
1.97258e-06
2.00835e-06
2.00653e-06
1.97529e-06
1.92159e-06
1.85142e-06
1.76975e-06
1.68048e-06
1.58669e-06
1.49069e-06
1.39427e-06
1.29876e-06
1.20513e-06
1.11412e-06
1.02628e-06
9.42007e-07
8.61624e-07
7.85373e-07
7.13454e-07
6.46039e-07
5.83267e-07
5.25273e-07
4.7213e-07
4.23985e-07
3.80666e-07
3.42786e-07
3.08392e-07
1.07106e-06
1.23696e-06
1.49262e-06
1.72184e-06
1.89932e-06
2.02428e-06
2.09657e-06
2.12268e-06
2.11228e-06
2.07389e-06
2.01448e-06
1.93985e-06
1.85472e-06
1.76272e-06
1.6667e-06
1.56881e-06
1.47074e-06
1.37375e-06
1.27882e-06
1.18672e-06
1.09803e-06
1.01319e-06
9.32571e-07
8.5645e-07
7.85051e-07
7.18544e-07
6.57048e-07
6.00642e-07
5.49317e-07
5.03062e-07
4.61584e-07
4.25124e-07
3.91896e-07
1.31256e-06
1.45908e-06
1.70123e-06
1.93009e-06
2.11914e-06
2.26238e-06
2.35339e-06
2.39474e-06
2.39458e-06
2.36124e-06
2.30225e-06
2.22442e-06
2.13349e-06
2.03407e-06
1.92974e-06
1.82324e-06
1.71663e-06
1.61147e-06
1.50887e-06
1.40968e-06
1.31449e-06
1.22376e-06
1.13778e-06
1.05677e-06
9.80873e-07
9.10165e-07
8.44654e-07
7.84305e-07
7.28985e-07
6.78592e-07
6.32684e-07
5.916e-07
5.52806e-07
1.60781e-06
1.75179e-06
1.98147e-06
2.1835e-06
2.33768e-06
2.44665e-06
2.50973e-06
2.53233e-06
2.52267e-06
2.48717e-06
2.4309e-06
2.35849e-06
2.27408e-06
2.18118e-06
2.08274e-06
1.98124e-06
1.87872e-06
1.77682e-06
1.67684e-06
1.57976e-06
1.48635e-06
1.39717e-06
1.31258e-06
1.23284e-06
1.15808e-06
1.08831e-06
1.02349e-06
9.63496e-07
9.08127e-07
8.57182e-07
8.10249e-07
7.67458e-07
7.26866e-07
1.94902e-06
2.06978e-06
2.31146e-06
2.56453e-06
2.78744e-06
2.95775e-06
3.06039e-06
3.09965e-06
3.08883e-06
3.04032e-06
2.96433e-06
2.86942e-06
2.76228e-06
2.64785e-06
2.5297e-06
2.41044e-06
2.29193e-06
2.17554e-06
2.06225e-06
1.95277e-06
1.84761e-06
1.74711e-06
1.65149e-06
1.56086e-06
1.47525e-06
1.3946e-06
1.31883e-06
1.24777e-06
1.18121e-06
1.11902e-06
1.06077e-06
1.00684e-06
9.54675e-07
2.43056e-06
2.5841e-06
2.773e-06
2.90222e-06
3.00283e-06
3.09599e-06
3.17118e-06
3.22003e-06
3.24023e-06
3.23078e-06
3.19293e-06
3.13053e-06
3.04842e-06
2.95142e-06
2.8439e-06
2.72968e-06
2.6119e-06
2.49304e-06
2.37502e-06
2.25927e-06
2.14681e-06
2.03835e-06
1.93435e-06
1.83503e-06
1.7405e-06
1.65073e-06
1.56561e-06
1.48497e-06
1.40863e-06
1.33647e-06
1.26821e-06
1.20427e-06
1.14272e-06
2.90739e-06
3.01351e-06
3.39138e-06
3.79192e-06
4.09354e-06
4.27355e-06
4.34071e-06
4.32579e-06
4.25847e-06
4.15679e-06
4.03185e-06
3.89156e-06
3.74142e-06
3.58529e-06
3.42618e-06
3.26663e-06
3.10877e-06
2.95437e-06
2.80487e-06
2.66135e-06
2.52461e-06
2.39516e-06
2.27323e-06
2.15888e-06
2.05196e-06
1.9522e-06
1.85924e-06
1.77265e-06
1.692e-06
1.61697e-06
1.54708e-06
1.48305e-06
1.42216e-06
3.94689e-06
4.04939e-06
3.95364e-06
3.8661e-06
3.95702e-06
4.15831e-06
4.34629e-06
4.46998e-06
4.5252e-06
4.52148e-06
4.47532e-06
4.40489e-06
4.32487e-06
4.24533e-06
4.17236e-06
4.10895e-06
4.0558e-06
4.01226e-06
3.97701e-06
3.94845e-06
3.92502e-06
3.90532e-06
3.88813e-06
3.87246e-06
3.85746e-06
3.84243e-06
3.82675e-06
3.8099e-06
3.79151e-06
3.7714e-06
3.74954e-06
3.72742e-06
3.70333e-06
4.40532e-06
4.96361e-06
5.92513e-06
6.39503e-06
6.49619e-06
6.4579e-06
6.43692e-06
6.54014e-06
6.79768e-06
7.17659e-06
7.6254e-06
8.09802e-06
8.5594e-06
8.98609e-06
9.36464e-06
9.68884e-06
9.95729e-06
1.01716e-05
1.03353e-05
1.04526e-05
1.05284e-05
1.05674e-05
1.05741e-05
1.05525e-05
1.05064e-05
1.04388e-05
1.03523e-05
1.0249e-05
1.01307e-05
9.99844e-06
9.85393e-06
9.69923e-06
9.53591e-06
7.59623e-06
5.84961e-06
4.61131e-06
6.1786e-06
8.90788e-06
1.16221e-05
1.3959e-05
1.58563e-05
1.73116e-05
1.83385e-05
1.89733e-05
1.92636e-05
1.92589e-05
1.90088e-05
1.85603e-05
1.79565e-05
1.72351e-05
1.64288e-05
1.55647e-05
1.46653e-05
1.37485e-05
1.28284e-05
1.19161e-05
1.10196e-05
1.01448e-05
9.29543e-06
8.47386e-06
7.68048e-06
6.91507e-06
6.174e-06
5.45792e-06
4.75454e-06
4.07902e-06
8.59088e-06
1.47064e-05
1.87925e-05
2.11805e-05
2.22502e-05
2.17522e-05
1.98633e-05
1.70402e-05
1.37633e-05
1.06879e-05
8.89258e-06
9.46344e-06
1.20174e-05
1.5426e-05
1.90294e-05
2.25415e-05
2.58373e-05
2.88633e-05
3.16004e-05
3.40484e-05
3.62174e-05
3.81228e-05
3.97831e-05
4.12176e-05
4.24457e-05
4.34861e-05
4.43569e-05
4.50758e-05
4.56599e-05
4.61308e-05
4.6504e-05
4.68387e-05
4.71244e-05
3.46784e-05
3.7251e-05
4.67112e-05
6.18771e-05
7.76327e-05
9.30856e-05
0.000107531
0.000120259
0.000131081
0.000140041
0.000147249
0.000152868
0.000157087
0.000160091
0.000162056
0.00016314
0.000163485
0.000163215
0.000162437
0.000161242
0.000159708
0.000157899
0.000155871
0.000153668
0.000151329
0.000148885
0.00014636
0.000143773
0.000141141
0.00013847
0.000135761
0.000133105
0.000130515
0.000608471
0.00058251
0.000556845
0.000530316
0.000504224
0.000478892
0.000454361
0.000430905
0.000408708
0.000387827
0.00036828
0.000350053
0.000333099
0.000317351
0.000302731
0.000289156
0.000276541
0.000264805
0.000253869
0.000243659
0.000234108
0.000225154
0.000216741
0.000208817
0.000201339
0.000194264
0.000187556
0.000181178
0.000175093
0.000169279
0.000163606
0.000158607
0.000154051
9.40104e-05
8.78499e-05
8.29343e-05
8.04377e-05
8.0405e-05
8.31534e-05
8.81306e-05
9.47461e-05
0.000102088
0.000108687
0.000111917
9.99957e-05
7.33009e-05
6.10719e-05
5.81483e-05
5.26716e-05
4.48631e-05
3.59972e-05
2.67137e-05
1.79166e-05
1.03301e-05
1.07591e-05
1.88348e-05
1.70897e-05
1.65679e-05
2.54598e-05
3.77704e-05
4.58571e-05
4.58462e-05
4.19839e-05
3.86073e-05
3.67855e-05
3.70928e-05
3.84906e-05
4.03042e-05
4.27822e-05
4.25721e-05
3.98598e-05
3.67069e-05
3.38229e-05
3.09078e-05
2.74133e-05
2.29623e-05
1.74832e-05
1.10242e-05
4.37496e-06
1.46174e-06
6.82751e-06
1.58998e-05
2.99338e-05
4.18382e-05
4.45613e-05
3.94097e-05
3.21881e-05
2.64992e-05
2.24659e-05
1.92953e-05
1.66953e-05
1.46918e-05
1.32666e-05
1.2279e-05
1.15916e-05
1.11537e-05
1.09428e-05
1.10963e-05
1.23508e-05
1.52887e-05
2.16077e-05
3.41926e-05
4.66499e-05
5.21241e-05
5.0696e-05
4.49888e-05
3.67209e-05
2.68348e-05
1.60969e-05
4.56746e-06
1.00208e-05
2.87279e-05
4.63837e-05
5.48738e-05
5.14225e-05
4.0408e-05
2.82425e-05
1.88826e-05
1.30375e-05
9.55987e-06
7.20828e-06
5.40851e-06
4.00847e-06
2.94222e-06
2.13265e-06
1.51155e-06
1.04385e-06
7.06443e-07
5.00018e-07
4.165e-07
4.06261e-07
5.13753e-07
4.82254e-07
0.000119187
0.000113868
0.000107098
0.000100574
9.47415e-05
9.04545e-05
8.88082e-05
9.00193e-05
9.32248e-05
9.7273e-05
0.000102477
0.00010859
9.88213e-05
7.1486e-05
5.61221e-05
5.26031e-05
4.70876e-05
3.88903e-05
3.00034e-05
2.19086e-05
1.59822e-05
1.82639e-05
1.80585e-05
1.03145e-05
1.58998e-05
2.74104e-05
4.05872e-05
4.61572e-05
4.41063e-05
4.00162e-05
3.71171e-05
3.55654e-05
3.5532e-05
3.70881e-05
3.87806e-05
4.14182e-05
4.25128e-05
4.02959e-05
3.68599e-05
3.35968e-05
3.03832e-05
2.67318e-05
2.22921e-05
1.69667e-05
1.09721e-05
5.40588e-06
2.00817e-06
8.19323e-06
2.08344e-05
3.61532e-05
4.53481e-05
4.46085e-05
3.79857e-05
3.10946e-05
2.60598e-05
2.2358e-05
1.93324e-05
1.68415e-05
1.49249e-05
1.35473e-05
1.2573e-05
1.18798e-05
1.14416e-05
1.12469e-05
1.13807e-05
1.25204e-05
1.53921e-05
2.11082e-05
3.33422e-05
4.69835e-05
5.38123e-05
5.29451e-05
4.71757e-05
3.85991e-05
2.83228e-05
1.73272e-05
6.66222e-06
1.27772e-05
3.22258e-05
4.99126e-05
5.70701e-05
5.19061e-05
3.98459e-05
2.75619e-05
1.86294e-05
1.31956e-05
9.84057e-06
7.43658e-06
5.56946e-06
4.13284e-06
3.04426e-06
2.2112e-06
1.56523e-06
1.07582e-06
7.20958e-07
5.02759e-07
4.14052e-07
4.08686e-07
5.21278e-07
5.00606e-07
0.000101229
0.000100446
9.70169e-05
9.12104e-05
8.41203e-05
7.73593e-05
7.27486e-05
7.14164e-05
7.30327e-05
7.64883e-05
8.0891e-05
8.74467e-05
9.55364e-05
8.92105e-05
6.6251e-05
4.92382e-05
4.42432e-05
4.00122e-05
3.38361e-05
2.70882e-05
2.24793e-05
1.91161e-05
7.65703e-06
7.74122e-06
1.68143e-05
3.18666e-05
4.36572e-05
4.55149e-05
4.18429e-05
3.79425e-05
3.5504e-05
3.4222e-05
3.38961e-05
3.51323e-05
3.69556e-05
3.95009e-05
4.19917e-05
4.10897e-05
3.75581e-05
3.37007e-05
3.00638e-05
2.62132e-05
2.17892e-05
1.66765e-05
1.12816e-05
6.37483e-06
4.17387e-06
1.3073e-05
2.84896e-05
4.24599e-05
4.74638e-05
4.34947e-05
3.61707e-05
2.99604e-05
2.55752e-05
2.21961e-05
1.93522e-05
1.69991e-05
1.51752e-05
1.38385e-05
1.28689e-05
1.21621e-05
1.1713e-05
1.15313e-05
1.16413e-05
1.26081e-05
1.53379e-05
2.05203e-05
3.20873e-05
4.68296e-05
5.5377e-05
5.54445e-05
4.98344e-05
4.11025e-05
3.06634e-05
1.99268e-05
1.128e-05
1.77424e-05
3.72128e-05
5.42186e-05
5.93853e-05
5.21647e-05
3.90509e-05
2.68126e-05
1.84442e-05
1.34301e-05
1.01572e-05
7.6866e-06
5.75791e-06
4.28803e-06
3.17178e-06
2.30712e-06
1.63021e-06
1.11473e-06
7.38254e-07
5.02961e-07
4.03523e-07
4.02725e-07
5.22583e-07
5.16513e-07
6.72509e-05
6.58879e-05
6.24455e-05
5.70187e-05
5.02547e-05
4.38293e-05
3.99979e-05
3.97264e-05
4.18215e-05
4.50888e-05
4.98105e-05
5.64746e-05
6.6846e-05
7.76421e-05
7.62748e-05
6.03609e-05
4.32192e-05
3.35978e-05
2.81032e-05
2.24216e-05
1.61606e-05
7.83364e-06
8.62204e-06
9.83931e-06
2.18555e-05
3.8599e-05
4.53358e-05
4.33739e-05
3.90728e-05
3.57794e-05
3.37778e-05
3.27032e-05
3.23327e-05
3.31139e-05
3.48777e-05
3.71833e-05
4.05135e-05
4.17834e-05
3.91976e-05
3.47991e-05
3.03823e-05
2.60975e-05
2.15721e-05
1.6676e-05
1.19108e-05
7.99713e-06
9.84939e-06
2.21433e-05
3.76531e-05
4.75076e-05
4.7602e-05
4.12513e-05
3.4134e-05
2.88697e-05
2.50884e-05
2.20048e-05
1.9354e-05
1.71511e-05
1.5424e-05
1.41272e-05
1.31601e-05
1.24384e-05
1.19731e-05
1.18039e-05
1.19149e-05
1.27081e-05
1.52015e-05
1.99117e-05
3.0497e-05
4.61145e-05
5.67625e-05
5.82654e-05
5.31135e-05
4.43837e-05
3.39752e-05
2.38646e-05
1.73138e-05
2.46972e-05
4.37276e-05
5.90556e-05
6.14242e-05
5.18784e-05
3.78993e-05
2.60388e-05
1.84082e-05
1.37771e-05
1.05152e-05
7.95548e-06
5.96893e-06
4.46706e-06
3.31637e-06
2.41144e-06
1.69727e-06
1.15269e-06
7.53951e-07
5.03224e-07
3.97082e-07
4.04267e-07
5.32318e-07
5.38932e-07
1.93407e-05
1.80485e-05
1.52603e-05
1.1097e-05
7.01841e-06
7.72273e-06
1.2187e-05
1.58229e-05
1.75174e-05
1.81575e-05
1.98131e-05
2.44128e-05
3.22264e-05
4.34992e-05
5.52538e-05
5.92945e-05
5.27375e-05
4.12458e-05
3.04433e-05
2.28652e-05
2.02693e-05
1.93831e-05
1.15426e-05
1.36105e-05
3.32233e-05
4.38638e-05
4.41107e-05
4.00068e-05
3.61768e-05
3.35961e-05
3.19258e-05
3.09829e-05
3.06849e-05
3.11692e-05
3.26606e-05
3.47042e-05
3.79594e-05
4.1266e-05
4.11762e-05
3.75355e-05
3.24963e-05
2.74427e-05
2.25701e-05
1.79435e-05
1.41953e-05
1.33141e-05
2.02692e-05
3.37884e-05
4.58039e-05
4.97353e-05
4.55737e-05
3.83131e-05
3.2163e-05
2.78669e-05
2.45901e-05
2.17816e-05
1.93354e-05
1.72891e-05
1.56568e-05
1.43952e-05
1.34268e-05
1.26888e-05
1.22029e-05
1.20358e-05
1.21603e-05
1.28165e-05
1.50097e-05
1.93046e-05
2.864e-05
4.46403e-05
5.76521e-05
6.12249e-05
5.70079e-05
4.85524e-05
3.84395e-05
2.92666e-05
2.47874e-05
3.33238e-05
5.13937e-05
6.39506e-05
6.28043e-05
5.08842e-05
3.64185e-05
2.53221e-05
1.85278e-05
1.41888e-05
1.08764e-05
8.22675e-06
6.19655e-06
4.66617e-06
3.47607e-06
2.52579e-06
1.77204e-06
1.19709e-06
7.74243e-07
5.04558e-07
3.87078e-07
4.02379e-07
5.40333e-07
5.6313e-07
9.45155e-06
1.05658e-05
1.23208e-05
1.43864e-05
1.63401e-05
1.76552e-05
1.77791e-05
1.63908e-05
1.35992e-05
1.01064e-05
7.62363e-06
9.77603e-06
1.57661e-05
2.1666e-05
2.68908e-05
3.30324e-05
3.75506e-05
3.74977e-05
3.38011e-05
2.90936e-05
2.21584e-05
9.27003e-06
1.13478e-05
3.11511e-05
4.25288e-05
4.3957e-05
4.02855e-05
3.62826e-05
3.34117e-05
3.14054e-05
3.00004e-05
2.91839e-05
2.89933e-05
2.9378e-05
3.05244e-05
3.22727e-05
3.48882e-05
3.89011e-05
4.17579e-05
4.09454e-05
3.70799e-05
3.20313e-05
2.71227e-05
2.32074e-05
2.15554e-05
2.46321e-05
3.37566e-05
4.45533e-05
5.03677e-05
4.85247e-05
4.19617e-05
3.52596e-05
3.0414e-05
2.69485e-05
2.4086e-05
2.15398e-05
1.93009e-05
1.74079e-05
1.58641e-05
1.4634e-05
1.36641e-05
1.29124e-05
1.24055e-05
1.22304e-05
1.23696e-05
1.29267e-05
1.4785e-05
1.86951e-05
2.66597e-05
4.23002e-05
5.76783e-05
6.40335e-05
6.14664e-05
5.37577e-05
4.42975e-05
3.62858e-05
3.38667e-05
4.34674e-05
5.97299e-05
6.83171e-05
6.3093e-05
4.90259e-05
3.46672e-05
2.47515e-05
1.88044e-05
1.46387e-05
1.12336e-05
8.50718e-06
6.44727e-06
4.88595e-06
3.64727e-06
2.64424e-06
1.84641e-06
1.23847e-06
7.89891e-07
5.00897e-07
3.75132e-07
4.03628e-07
5.54327e-07
5.92867e-07
1.04045e-05
1.1243e-05
1.23852e-05
1.35184e-05
1.42824e-05
1.43808e-05
1.3662e-05
1.22073e-05
1.03477e-05
8.67828e-06
8.06601e-06
9.28164e-06
1.30203e-05
1.8828e-05
2.36833e-05
2.48802e-05
2.3043e-05
2.01772e-05
1.67988e-05
1.22191e-05
1.09733e-05
2.15717e-05
3.46341e-05
4.231e-05
4.29022e-05
3.94822e-05
3.57078e-05
3.29122e-05
3.08477e-05
2.9236e-05
2.80687e-05
2.73953e-05
2.72836e-05
2.76748e-05
2.85758e-05
3.00101e-05
3.19679e-05
3.5304e-05
3.96538e-05
4.23255e-05
4.1843e-05
3.90544e-05
3.57013e-05
3.3433e-05
3.39378e-05
3.84492e-05
4.55068e-05
5.05371e-05
4.99438e-05
4.44654e-05
3.778e-05
3.25601e-05
2.89415e-05
2.61037e-05
2.35786e-05
2.12811e-05
1.92449e-05
1.74974e-05
1.60365e-05
1.48378e-05
1.38699e-05
1.31095e-05
1.25836e-05
1.23905e-05
1.25381e-05
1.30299e-05
1.45521e-05
1.8058e-05
2.4726e-05
3.91334e-05
5.64636e-05
6.6236e-05
6.62484e-05
6.0003e-05
5.16579e-05
4.50309e-05
4.46031e-05
5.46519e-05
6.78583e-05
7.13406e-05
6.18484e-05
4.62667e-05
3.28133e-05
2.44128e-05
1.91985e-05
1.5085e-05
1.1578e-05
8.80373e-06
6.72668e-06
5.12869e-06
3.83289e-06
2.77287e-06
1.92953e-06
1.2879e-06
8.1202e-07
5.0018e-07
3.61015e-07
4.02581e-07
5.67203e-07
6.23603e-07
6.74883e-06
7.39622e-06
8.22697e-06
9.04844e-06
9.64365e-06
9.85318e-06
9.62342e-06
9.04643e-06
8.37351e-06
7.99284e-06
8.36471e-06
9.67437e-06
1.18484e-05
1.54114e-05
2.07135e-05
2.60286e-05
2.91616e-05
2.98871e-05
2.98072e-05
3.11092e-05
3.46881e-05
3.90839e-05
4.1351e-05
4.02756e-05
3.72226e-05
3.41717e-05
3.18584e-05
3.00247e-05
2.84317e-05
2.71127e-05
2.61691e-05
2.56398e-05
2.55722e-05
2.59732e-05
2.6762e-05
2.7955e-05
2.94742e-05
3.17363e-05
3.55421e-05
3.99753e-05
4.29887e-05
4.38609e-05
4.34761e-05
4.34111e-05
4.4926e-05
4.80254e-05
5.05913e-05
4.98641e-05
4.53281e-05
3.92193e-05
3.4037e-05
3.04166e-05
2.76967e-05
2.52985e-05
2.30597e-05
2.10018e-05
1.91606e-05
1.75506e-05
1.617e-05
1.50066e-05
1.4047e-05
1.32836e-05
1.27412e-05
1.25196e-05
1.26619e-05
1.31151e-05
1.43381e-05
1.73788e-05
2.29648e-05
3.53541e-05
5.36708e-05
6.71496e-05
7.07572e-05
6.69431e-05
6.03346e-05
5.53544e-05
5.66074e-05
6.59319e-05
7.45918e-05
7.21529e-05
5.87677e-05
4.27506e-05
3.10824e-05
2.43215e-05
1.9636e-05
1.5496e-05
1.19167e-05
9.12974e-06
7.03972e-06
5.3936e-06
4.03059e-06
2.90834e-06
2.0165e-06
1.33848e-06
8.32311e-07
4.94869e-07
3.43259e-07
4.038e-07
5.85742e-07
6.5992e-07
5.24223e-06
5.74796e-06
6.36477e-06
6.96815e-06
7.41566e-06
7.60003e-06
7.48067e-06
7.12296e-06
6.73339e-06
6.65593e-06
7.24134e-06
8.63947e-06
1.07059e-05
1.32537e-05
1.65374e-05
2.08466e-05
2.55282e-05
2.94758e-05
3.24218e-05
3.46988e-05
3.6262e-05
3.65617e-05
3.54434e-05
3.35542e-05
3.17142e-05
3.01832e-05
2.87848e-05
2.74042e-05
2.61191e-05
2.50599e-05
2.43121e-05
2.39033e-05
2.38653e-05
2.42427e-05
2.498e-05
2.6037e-05
2.73446e-05
2.89111e-05
3.13648e-05
3.51664e-05
3.94305e-05
4.28688e-05
4.51178e-05
4.67724e-05
4.82218e-05
4.89773e-05
4.77971e-05
4.4127e-05
3.90993e-05
3.45305e-05
3.12129e-05
2.87496e-05
2.658e-05
2.44986e-05
2.25227e-05
2.06977e-05
1.90432e-05
1.75654e-05
1.62668e-05
1.51459e-05
1.42019e-05
1.34394e-05
1.28818e-05
1.26218e-05
1.27376e-05
1.31652e-05
1.4155e-05
1.66782e-05
2.14081e-05
3.13709e-05
4.91893e-05
6.59791e-05
7.39897e-05
7.37045e-05
6.95943e-05
6.65123e-05
6.8764e-05
7.57687e-05
7.84988e-05
6.99868e-05
5.38285e-05
3.88498e-05
2.96933e-05
2.44131e-05
2.00413e-05
1.58639e-05
1.22704e-05
9.49973e-06
7.39e-06
5.68126e-06
4.24298e-06
3.05571e-06
2.11423e-06
1.39826e-06
8.59271e-07
4.92084e-07
3.2277e-07
4.03837e-07
6.04788e-07
6.98334e-07
4.45599e-06
4.83441e-06
5.2715e-06
5.68338e-06
5.97187e-06
6.06225e-06
5.93183e-06
5.64475e-06
5.38441e-06
5.44636e-06
6.10738e-06
7.43674e-06
9.33059e-06
1.16115e-05
1.4133e-05
1.69461e-05
2.01047e-05
2.33249e-05
2.61146e-05
2.8135e-05
2.92375e-05
2.94974e-05
2.92121e-05
2.86646e-05
2.79554e-05
2.7067e-05
2.60236e-05
2.49322e-05
2.39197e-05
2.30846e-05
2.24923e-05
2.21773e-05
2.21702e-05
2.25146e-05
2.31998e-05
2.41712e-05
2.53873e-05
2.67193e-05
2.82843e-05
3.06038e-05
3.3853e-05
3.73854e-05
4.04002e-05
4.25149e-05
4.34922e-05
4.29081e-05
4.06041e-05
3.72033e-05
3.38457e-05
3.12198e-05
2.91859e-05
2.73374e-05
2.54933e-05
2.36814e-05
2.19642e-05
2.03667e-05
1.88926e-05
1.75461e-05
1.63344e-05
1.52635e-05
1.43407e-05
1.35801e-05
1.30059e-05
1.26986e-05
1.27625e-05
1.31614e-05
1.39912e-05
1.60093e-05
2.00086e-05
2.76741e-05
4.33401e-05
6.20974e-05
7.46561e-05
7.88018e-05
7.79416e-05
7.68835e-05
7.91064e-05
8.21617e-05
7.82012e-05
6.44747e-05
4.74504e-05
3.51113e-05
2.87345e-05
2.4565e-05
2.03718e-05
1.62139e-05
1.26702e-05
9.92638e-06
7.77899e-06
5.99131e-06
4.47047e-06
3.21488e-06
2.22086e-06
1.46307e-06
8.86739e-07
4.84968e-07
2.9634e-07
4.05741e-07
6.29635e-07
7.42817e-07
3.7981e-06
4.07586e-06
4.37777e-06
4.64512e-06
4.80994e-06
4.82214e-06
4.67366e-06
4.42936e-06
4.25927e-06
4.42383e-06
5.13221e-06
6.39496e-06
8.09439e-06
1.01085e-05
1.23194e-05
1.46199e-05
1.69491e-05
1.92438e-05
2.13196e-05
2.3004e-05
2.42281e-05
2.49932e-05
2.53258e-05
2.52685e-05
2.48809e-05
2.42444e-05
2.34586e-05
2.26268e-05
2.1842e-05
2.11837e-05
2.07153e-05
2.04769e-05
2.05006e-05
2.08213e-05
2.1446e-05
2.23385e-05
2.34709e-05
2.47609e-05
2.60825e-05
2.75389e-05
2.94059e-05
3.16538e-05
3.3843e-05
3.54255e-05
3.60265e-05
3.54493e-05
3.39551e-05
3.21412e-05
3.04788e-05
2.90057e-05
2.75347e-05
2.59771e-05
2.43877e-05
2.2846e-05
2.13869e-05
2.00108e-05
1.87138e-05
1.75008e-05
1.63815e-05
1.53662e-05
1.44676e-05
1.37065e-05
1.31111e-05
1.27494e-05
1.27367e-05
1.30872e-05
1.38136e-05
1.54187e-05
1.87235e-05
2.46021e-05
3.69488e-05
5.54529e-05
7.15766e-05
8.03646e-05
8.31885e-05
8.40237e-05
8.50992e-05
8.31001e-05
7.28464e-05
5.59657e-05
4.05404e-05
3.20441e-05
2.81158e-05
2.46751e-05
2.06466e-05
1.65991e-05
1.31476e-05
1.04179e-05
8.20754e-06
6.32587e-06
4.71699e-06
3.39071e-06
2.34143e-06
1.53807e-06
9.20455e-07
4.79288e-07
2.65237e-07
4.08133e-07
6.57347e-07
7.911e-07
3.24452e-06
3.44114e-06
3.63967e-06
3.79841e-06
3.87078e-06
3.82424e-06
3.66081e-06
3.44632e-06
3.34133e-06
3.57548e-06
4.29626e-06
5.47051e-06
6.98841e-06
8.75159e-06
1.06797e-05
1.26885e-05
1.46883e-05
1.65994e-05
1.83488e-05
1.98503e-05
2.10237e-05
2.18201e-05
2.22397e-05
2.23166e-05
2.21064e-05
2.16794e-05
2.11134e-05
2.04876e-05
1.98799e-05
1.93623e-05
1.89953e-05
1.88201e-05
1.88683e-05
1.91728e-05
1.97427e-05
2.05589e-05
2.15947e-05
2.28189e-05
2.41299e-05
2.54141e-05
2.66875e-05
2.80058e-05
2.92669e-05
3.02287e-05
3.06752e-05
3.05474e-05
2.99975e-05
2.92217e-05
2.82936e-05
2.71911e-05
2.59287e-05
2.45912e-05
2.3268e-05
2.20021e-05
2.07949e-05
1.96344e-05
1.85141e-05
1.74376e-05
1.64146e-05
1.54577e-05
1.45834e-05
1.38175e-05
1.31936e-05
1.27714e-05
1.26627e-05
1.29338e-05
1.35831e-05
1.49052e-05
1.75764e-05
2.21942e-05
3.11078e-05
4.69295e-05
6.43558e-05
7.68168e-05
8.30522e-05
8.53213e-05
8.4399e-05
7.73445e-05
6.27078e-05
4.5739e-05
3.42728e-05
2.98352e-05
2.76577e-05
2.4727e-05
2.09391e-05
1.70791e-05
1.37246e-05
1.09776e-05
8.67697e-06
6.68869e-06
4.98635e-06
3.58553e-06
2.47594e-06
1.62122e-06
9.56997e-07
4.70869e-07
2.26581e-07
4.14284e-07
6.92417e-07
8.46554e-07
2.78299e-06
2.91607e-06
3.0373e-06
3.11607e-06
3.11969e-06
3.02686e-06
2.84583e-06
2.64315e-06
2.57579e-06
2.85286e-06
3.57013e-06
4.66165e-06
6.02306e-06
7.57192e-06
9.24542e-06
1.09831e-05
1.27193e-05
1.43869e-05
1.59186e-05
1.72427e-05
1.83032e-05
1.90687e-05
1.95312e-05
1.97065e-05
1.96346e-05
1.93695e-05
1.8971e-05
1.85036e-05
1.80349e-05
1.76296e-05
1.73435e-05
1.72179e-05
1.72839e-05
1.75734e-05
1.80978e-05
1.88466e-05
1.97953e-05
2.09168e-05
2.21672e-05
2.34497e-05
2.4659e-05
2.57453e-05
2.66782e-05
2.73987e-05
2.78198e-05
2.79051e-05
2.76705e-05
2.71427e-05
2.6354e-05
2.53702e-05
2.42897e-05
2.32019e-05
2.21552e-05
2.11567e-05
2.0192e-05
1.92433e-05
1.83002e-05
1.73623e-05
1.64376e-05
1.55395e-05
1.46878e-05
1.39121e-05
1.3251e-05
1.27617e-05
1.25448e-05
1.27028e-05
1.3269e-05
1.44149e-05
1.66073e-05
2.03182e-05
2.66086e-05
3.82879e-05
5.4044e-05
6.78929e-05
7.62867e-05
7.91794e-05
7.60292e-05
6.5407e-05
4.96225e-05
3.57979e-05
2.95096e-05
2.82916e-05
2.72477e-05
2.47957e-05
2.13405e-05
1.76976e-05
1.4411e-05
1.16071e-05
9.19133e-06
7.0859e-06
5.28452e-06
3.80377e-06
2.62758e-06
1.7155e-06
1.00016e-06
4.64762e-07
1.8268e-07
4.25419e-07
7.34271e-07
9.08424e-07
2.39323e-06
2.47555e-06
2.53754e-06
2.55612e-06
2.508e-06
2.37951e-06
2.18278e-06
1.98561e-06
1.94653e-06
2.25719e-06
2.96038e-06
3.96489e-06
5.18013e-06
6.54236e-06
8.0016e-06
9.50977e-06
1.10172e-05
1.24694e-05
1.38102e-05
1.49876e-05
1.59561e-05
1.66851e-05
1.71648e-05
1.74062e-05
1.74355e-05
1.72897e-05
1.70157e-05
1.66688e-05
1.6308e-05
1.59903e-05
1.57668e-05
1.56785e-05
1.57561e-05
1.60302e-05
1.65155e-05
1.72062e-05
1.80825e-05
1.91126e-05
2.02596e-05
2.14692e-05
2.26531e-05
2.37219e-05
2.46201e-05
2.53014e-05
2.57059e-05
2.57977e-05
2.55755e-05
2.50734e-05
2.43615e-05
2.35328e-05
2.26744e-05
2.18427e-05
2.10578e-05
2.03118e-05
1.95817e-05
1.88426e-05
1.8077e-05
1.72787e-05
1.64528e-05
1.56131e-05
1.47817e-05
1.3991e-05
1.32838e-05
1.27191e-05
1.23863e-05
1.24041e-05
1.28589e-05
1.38796e-05
1.5779e-05
1.88656e-05
2.35393e-05
3.13575e-05
4.3179e-05
5.54824e-05
6.39347e-05
6.64199e-05
6.16713e-05
5.02024e-05
3.66972e-05
2.79799e-05
2.62804e-05
2.71079e-05
2.69023e-05
2.49894e-05
2.19164e-05
1.84722e-05
1.52072e-05
1.23083e-05
9.75789e-06
7.52484e-06
5.61679e-06
4.04786e-06
2.79668e-06
1.82015e-06
1.04867e-06
4.60076e-07
1.35355e-07
4.4635e-07
7.87291e-07
9.79947e-07
2.05811e-06
2.10114e-06
2.11924e-06
2.09456e-06
2.00988e-06
1.85589e-06
1.64611e-06
1.4495e-06
1.43295e-06
1.77279e-06
2.45575e-06
3.376e-06
4.45845e-06
5.65547e-06
6.92866e-06
8.24118e-06
9.5531e-06
1.08208e-05
1.20004e-05
1.3049e-05
1.39299e-05
1.46179e-05
1.51014e-05
1.53823e-05
1.54766e-05
1.54133e-05
1.52314e-05
1.49766e-05
1.46989e-05
1.44482e-05
1.42715e-05
1.42091e-05
1.42926e-05
1.45505e-05
1.50004e-05
1.56403e-05
1.64543e-05
1.74117e-05
1.84706e-05
1.95819e-05
2.06791e-05
2.16897e-05
2.25463e-05
2.31881e-05
2.35596e-05
2.36361e-05
2.3432e-05
2.29985e-05
2.2414e-05
2.17636e-05
2.11176e-05
2.05177e-05
1.99736e-05
1.94679e-05
1.89674e-05
1.84365e-05
1.78484e-05
1.71904e-05
1.64637e-05
1.56816e-05
1.48681e-05
1.40576e-05
1.32956e-05
1.26446e-05
1.21892e-05
1.20493e-05
1.23577e-05
1.32556e-05
1.49811e-05
1.77227e-05
2.15355e-05
2.68912e-05
3.45862e-05
4.33354e-05
4.97926e-05
5.1078e-05
4.59936e-05
3.62598e-05
2.68048e-05
2.27877e-05
2.4e-05
2.61155e-05
2.67058e-05
2.5387e-05
2.26916e-05
1.9401e-05
1.6111e-05
1.30867e-05
1.03856e-05
8.01349e-06
5.9881e-06
4.32037e-06
2.98481e-06
1.93671e-06
1.10465e-06
4.61153e-07
1.01433e-07
4.80912e-07
8.53357e-07
1.06244e-06
1.76793e-06
1.78049e-06
1.76595e-06
1.71019e-06
1.59988e-06
1.42802e-06
1.20768e-06
1.00992e-06
1.021e-06
1.3946e-06
2.05187e-06
2.88778e-06
3.847e-06
4.89609e-06
6.00674e-06
7.15004e-06
8.29369e-06
9.40314e-06
1.04428e-05
1.1378e-05
1.21781e-05
1.28198e-05
1.32902e-05
1.35884e-05
1.37252e-05
1.37218e-05
1.36085e-05
1.34226e-05
1.32069e-05
1.30057e-05
1.28622e-05
1.28159e-05
1.28994e-05
1.31402e-05
1.35574e-05
1.4152e-05
1.49113e-05
1.58067e-05
1.67967e-05
1.78288e-05
1.88421e-05
1.97757e-05
2.0566e-05
2.11525e-05
2.1491e-05
2.15667e-05
2.13999e-05
2.10445e-05
2.05764e-05
2.00767e-05
1.96118e-05
1.92191e-05
1.89005e-05
1.86272e-05
1.83528e-05
1.80292e-05
1.76192e-05
1.71023e-05
1.64756e-05
1.57508e-05
1.49526e-05
1.41171e-05
1.32918e-05
1.25423e-05
1.1954e-05
1.16459e-05
1.178e-05
1.25342e-05
1.41222e-05
1.66989e-05
2.01586e-05
2.43822e-05
2.94528e-05
3.48418e-05
3.86521e-05
3.86976e-05
3.42428e-05
2.69676e-05
2.06947e-05
1.93067e-05
2.21105e-05
2.52975e-05
2.67341e-05
2.60185e-05
2.36616e-05
2.04761e-05
1.71233e-05
1.39518e-05
1.10837e-05
8.55844e-06
6.40193e-06
4.62271e-06
3.19236e-06
2.06488e-06
1.16738e-06
4.6895e-07
1.19044e-07
5.34753e-07
9.37303e-07
1.16001e-06
1.51488e-06
1.50493e-06
1.46767e-06
1.39171e-06
1.26616e-06
1.08456e-06
8.57128e-07
6.56282e-07
7.05159e-07
1.11291e-06
1.73421e-06
2.48469e-06
3.32974e-06
4.24658e-06
5.21414e-06
6.20951e-06
7.20716e-06
8.17911e-06
9.09611e-06
9.92941e-06
1.0653e-05
1.12463e-05
1.16966e-05
1.20003e-05
1.21631e-05
1.22003e-05
1.21358e-05
1.20004e-05
1.18301e-05
1.16642e-05
1.15424e-05
1.15034e-05
1.15811e-05
1.18032e-05
1.21894e-05
1.27436e-05
1.34548e-05
1.42964e-05
1.52278e-05
1.61963e-05
1.71453e-05
1.80156e-05
1.8746e-05
1.9283e-05
1.95911e-05
1.96614e-05
1.95177e-05
1.92159e-05
1.88338e-05
1.84547e-05
1.81463e-05
1.79432e-05
1.78391e-05
1.77924e-05
1.77419e-05
1.76259e-05
1.73954e-05
1.70215e-05
1.64959e-05
1.58279e-05
1.50423e-05
1.41763e-05
1.32791e-05
1.24184e-05
1.16834e-05
1.11968e-05
1.11392e-05
1.17285e-05
1.31798e-05
1.56394e-05
1.89959e-05
2.28862e-05
2.69095e-05
3.05211e-05
3.2629e-05
3.20036e-05
2.82022e-05
2.22412e-05
1.69246e-05
1.63699e-05
2.03809e-05
2.47136e-05
2.70269e-05
2.68823e-05
2.48165e-05
2.16958e-05
1.82521e-05
1.49139e-05
1.18606e-05
9.16493e-06
6.86129e-06
4.95677e-06
3.42057e-06
2.20542e-06
1.23758e-06
4.86782e-07
1.9254e-07
6.1217e-07
1.04316e-06
1.27669e-06
1.29284e-06
1.26654e-06
1.21397e-06
1.12585e-06
9.92821e-07
8.07942e-07
5.76011e-07
3.69524e-07
4.8625e-07
9.22787e-07
1.49611e-06
2.16064e-06
2.89855e-06
3.69536e-06
4.53535e-06
5.40039e-06
6.26984e-06
7.12083e-06
7.9291e-06
8.67051e-06
9.3228e-06
9.86764e-06
1.02925e-05
1.05921e-05
1.07689e-05
1.08335e-05
1.08039e-05
1.07048e-05
1.05665e-05
1.0424e-05
1.03142e-05
1.02749e-05
1.03412e-05
1.05426e-05
1.08993e-05
1.14172e-05
1.2086e-05
1.28809e-05
1.37613e-05
1.4677e-05
1.55732e-05
1.63898e-05
1.70687e-05
1.75619e-05
1.78391e-05
1.7896e-05
1.77601e-05
1.74908e-05
1.71708e-05
1.68889e-05
1.6717e-05
1.66889e-05
1.67904e-05
1.69663e-05
1.71396e-05
1.7233e-05
1.71848e-05
1.69566e-05
1.65336e-05
1.59223e-05
1.51465e-05
1.42443e-05
1.32662e-05
1.22818e-05
1.13841e-05
1.07042e-05
1.0442e-05
1.08543e-05
1.21725e-05
1.45185e-05
1.78038e-05
2.16492e-05
2.54672e-05
2.85708e-05
3.01361e-05
2.93425e-05
2.57211e-05
1.97303e-05
1.3768e-05
1.34033e-05
1.88678e-05
2.44357e-05
2.75949e-05
2.79706e-05
2.61549e-05
2.30671e-05
1.95099e-05
1.59824e-05
1.27232e-05
9.83779e-06
7.36959e-06
5.32506e-06
3.67111e-06
2.35929e-06
1.31618e-06
5.19135e-07
3.00451e-07
7.17371e-07
1.17579e-06
1.41778e-06
1.09813e-06
1.06135e-06
1.0005e-06
9.08104e-07
7.76029e-07
5.96601e-07
3.66925e-07
1.48186e-07
3.74242e-07
8.0455e-07
1.3152e-06
1.89394e-06
2.5325e-06
3.22112e-06
3.9478e-06
4.6981e-06
5.45509e-06
6.19978e-06
6.91194e-06
7.57122e-06
8.1584e-06
8.65701e-06
9.05492e-06
9.34551e-06
9.52848e-06
9.6103e-06
9.60421e-06
9.52997e-06
9.41322e-06
9.28466e-06
9.17888e-06
9.13278e-06
9.18267e-06
9.36031e-06
9.68793e-06
1.01732e-05
1.08057e-05
1.15604e-05
1.23979e-05
1.32693e-05
1.41189e-05
1.48878e-05
1.55212e-05
1.59746e-05
1.62208e-05
1.62584e-05
1.61178e-05
1.58626e-05
1.55824e-05
1.5375e-05
1.53204e-05
1.54542e-05
1.57549e-05
1.61524e-05
1.65517e-05
1.68584e-05
1.69969e-05
1.69181e-05
1.66004e-05
1.60461e-05
1.52777e-05
1.43337e-05
1.32661e-05
1.21457e-05
1.10685e-05
1.0176e-05
9.69277e-06
9.92074e-06
1.11215e-05
1.33798e-05
1.65786e-05
2.03784e-05
2.41925e-05
2.72768e-05
2.8825e-05
2.80265e-05
2.42924e-05
1.77661e-05
1.05375e-05
1.04323e-05
1.77415e-05
2.45095e-05
2.84384e-05
2.92836e-05
2.76841e-05
2.46027e-05
2.09083e-05
1.71669e-05
1.36793e-05
1.05834e-05
7.93256e-06
5.73281e-06
3.9489e-06
2.53147e-06
1.40929e-06
5.77125e-07
4.3777e-07
8.53311e-07
1.33928e-06
1.58801e-06
9.2567e-07
8.82506e-07
8.18248e-07
7.2714e-07
6.02515e-07
4.3733e-07
2.24929e-07
4.39031e-08
3.64281e-07
7.45711e-07
1.18578e-06
1.68178e-06
2.22881e-06
2.81976e-06
3.44521e-06
4.09343e-06
4.75055e-06
5.40087e-06
6.02741e-06
6.61274e-06
7.14009e-06
7.59456e-06
7.96442e-06
8.24216e-06
8.42537e-06
8.51726e-06
8.52696e-06
8.46966e-06
8.36657e-06
8.24472e-06
8.13639e-06
8.07792e-06
8.10693e-06
8.25789e-06
8.55578e-06
9.01027e-06
9.61221e-06
1.03349e-05
1.11386e-05
1.19734e-05
1.27834e-05
1.35119e-05
1.41061e-05
1.4523e-05
1.4737e-05
1.4748e-05
1.45887e-05
1.43274e-05
1.4063e-05
1.39066e-05
1.39509e-05
1.42364e-05
1.47338e-05
1.53555e-05
1.59862e-05
1.65129e-05
1.68447e-05
1.69211e-05
1.67124e-05
1.62163e-05
1.54533e-05
1.4462e-05
1.32961e-05
1.20277e-05
1.07542e-05
9.62632e-06
8.89788e-06
8.9307e-06
1.00341e-05
1.22523e-05
1.53959e-05
1.91247e-05
2.29063e-05
2.60347e-05
2.76685e-05
2.69356e-05
2.31449e-05
1.61728e-05
7.42214e-06
7.82097e-06
1.71606e-05
2.4964e-05
2.95723e-05
3.08432e-05
2.94268e-05
2.63247e-05
2.24633e-05
1.84816e-05
1.47415e-05
1.14136e-05
8.56145e-06
6.19111e-06
4.26527e-06
2.73424e-06
1.53216e-06
6.8231e-07
6.10361e-07
1.02111e-06
1.5348e-06
1.78902e-06
7.73447e-07
7.28271e-07
6.6583e-07
5.82154e-07
4.72737e-07
3.34427e-07
1.76699e-07
1.58146e-07
3.93704e-07
7.08211e-07
1.07752e-06
1.49672e-06
1.96143e-06
2.46589e-06
3.00246e-06
3.56158e-06
4.13178e-06
4.69993e-06
5.25164e-06
5.77197e-06
6.24617e-06
6.66065e-06
7.004e-06
7.26802e-06
7.44846e-06
7.54576e-06
7.56557e-06
7.51916e-06
7.4238e-06
7.30306e-06
7.18692e-06
7.11116e-06
7.11494e-06
7.23585e-06
7.50249e-06
7.927e-06
8.50115e-06
9.19765e-06
9.97474e-06
1.07811e-05
1.15607e-05
1.22573e-05
1.28183e-05
1.32013e-05
1.33809e-05
1.33572e-05
1.31644e-05
1.28763e-05
1.26032e-05
1.24747e-05
1.2602e-05
1.30332e-05
1.37297e-05
1.45833e-05
1.54551e-05
1.6212e-05
1.67467e-05
1.6986e-05
1.68911e-05
1.64545e-05
1.56944e-05
1.46502e-05
1.33773e-05
1.19494e-05
1.0464e-05
9.07682e-06
8.07088e-06
7.88869e-06
8.91527e-06
1.11453e-05
1.42913e-05
1.79815e-05
2.17369e-05
2.49119e-05
2.66724e-05
2.61111e-05
2.24381e-05
1.53146e-05
5.33881e-06
6.37673e-06
1.726e-05
2.58868e-05
3.11166e-05
3.27721e-05
3.14813e-05
2.83e-05
2.42193e-05
1.9958e-05
1.59351e-05
1.23511e-05
9.27853e-06
6.72295e-06
4.64497e-06
2.99528e-06
1.71696e-06
8.64927e-07
8.26487e-07
1.21908e-06
1.75889e-06
2.0153e-06
6.38042e-07
5.92874e-07
5.34802e-07
4.61959e-07
3.73081e-07
2.73025e-07
1.97561e-07
2.51212e-07
4.35789e-07
6.89844e-07
9.94803e-07
1.34485e-06
1.73594e-06
2.16337e-06
2.62103e-06
3.10115e-06
3.59431e-06
4.08953e-06
4.57463e-06
5.03667e-06
5.46258e-06
5.83992e-06
6.15772e-06
6.40729e-06
6.58297e-06
6.68287e-06
6.70952e-06
6.67054e-06
6.57942e-06
6.4563e-06
6.32877e-06
6.23196e-06
6.20669e-06
6.29434e-06
6.52797e-06
6.92291e-06
7.47169e-06
8.14573e-06
8.90117e-06
9.68523e-06
1.0441e-05
1.11115e-05
1.16439e-05
1.19951e-05
1.21386e-05
1.20733e-05
1.18338e-05
1.14989e-05
1.11929e-05
1.10696e-05
1.12664e-05
1.18425e-05
1.27477e-05
1.38475e-05
1.49761e-05
1.59777e-05
1.67267e-05
1.71364e-05
1.71585e-05
1.67804e-05
1.60188e-05
1.49143e-05
1.35254e-05
1.19273e-05
1.02164e-05
8.54738e-06
7.22444e-06
6.79363e-06
7.76461e-06
1.00586e-05
1.32574e-05
1.69587e-05
2.07359e-05
2.40023e-05
2.59617e-05
2.56892e-05
2.23345e-05
1.55262e-05
6.04578e-06
7.12797e-06
1.83221e-05
2.76918e-05
3.35454e-05
3.54852e-05
3.41575e-05
3.07224e-05
2.62906e-05
2.16656e-05
1.73091e-05
1.34373e-05
1.01237e-05
7.36946e-06
5.13184e-06
3.36229e-06
2.01512e-06
1.16112e-06
1.10019e-06
1.44149e-06
1.99938e-06
2.24899e-06
5.15576e-07
4.73299e-07
4.22872e-07
3.6445e-07
3.00044e-07
2.41108e-07
2.24586e-07
2.96034e-07
4.46477e-07
6.51924e-07
9.02037e-07
1.19255e-06
1.52036e-06
1.88184e-06
2.27216e-06
2.68505e-06
3.11274e-06
3.54607e-06
3.97465e-06
4.38723e-06
4.77217e-06
5.11797e-06
5.41395e-06
5.65099e-06
5.82221e-06
5.92375e-06
5.95543e-06
5.92167e-06
5.83242e-06
5.70442e-06
5.56261e-06
5.44115e-06
5.38255e-06
5.43264e-06
5.63027e-06
5.99498e-06
6.52012e-06
7.17517e-06
7.91356e-06
8.68025e-06
9.41697e-06
1.00659e-05
1.05734e-05
1.08949e-05
1.10015e-05
1.08893e-05
1.0591e-05
1.01889e-05
9.82325e-06
9.67982e-06
9.93418e-06
1.06626e-05
1.17968e-05
1.31666e-05
1.45724e-05
1.58326e-05
1.68035e-05
1.7385e-05
1.75213e-05
1.71958e-05
1.64246e-05
1.52509e-05
1.37374e-05
1.19609e-05
1.00156e-05
8.04776e-06
6.36566e-06
5.63868e-06
6.58882e-06
9.01049e-06
1.23024e-05
1.60537e-05
1.98995e-05
2.33183e-05
2.55634e-05
2.57173e-05
2.29568e-05
1.69678e-05
9.12652e-06
1.03153e-05
2.13269e-05
3.15377e-05
3.79654e-05
3.99113e-05
3.81285e-05
3.40172e-05
2.8916e-05
2.37333e-05
1.89415e-05
1.47329e-05
1.11554e-05
8.19271e-06
5.79294e-06
3.90572e-06
2.49173e-06
1.60644e-06
1.45228e-06
1.68424e-06
2.23735e-06
2.45483e-06
4.12517e-07
3.72537e-07
3.29656e-07
2.86412e-07
2.48036e-07
2.28403e-07
2.50347e-07
3.26642e-07
4.51792e-07
6.18085e-07
8.21598e-07
1.06037e-06
1.33265e-06
1.63601e-06
1.96689e-06
2.32041e-06
2.69029e-06
3.06889e-06
3.44737e-06
3.81592e-06
4.16412e-06
4.48139e-06
4.75747e-06
4.98302e-06
5.15022e-06
5.25347e-06
5.29019e-06
5.26168e-06
5.17439e-06
5.04144e-06
4.88469e-06
4.73676e-06
4.64154e-06
4.64999e-06
4.80836e-06
5.14193e-06
5.64508e-06
6.28451e-06
7.00995e-06
7.76368e-06
8.48588e-06
9.11771e-06
9.60422e-06
9.89853e-06
9.9681e-06
9.80397e-06
9.43393e-06
8.94063e-06
8.4811e-06
8.28634e-06
8.59176e-06
9.49629e-06
1.08952e-05
1.25633e-05
1.42603e-05
1.57806e-05
1.69659e-05
1.77081e-05
1.79465e-05
1.76623e-05
1.68716e-05
1.56203e-05
1.39757e-05
1.20166e-05
9.83439e-06
7.55941e-06
5.47484e-06
4.38145e-06
5.38902e-06
8.03169e-06
1.14536e-05
1.52816e-05
1.92328e-05
2.2873e-05
2.55129e-05
2.62834e-05
2.44191e-05
1.95136e-05
1.36301e-05
1.66165e-05
2.81086e-05
3.90732e-05
4.57682e-05
4.72736e-05
4.43913e-05
3.88844e-05
3.25038e-05
2.63652e-05
2.09328e-05
1.63025e-05
1.24344e-05
9.25933e-06
6.70072e-06
4.69806e-06
3.2062e-06
2.23971e-06
1.91923e-06
1.95765e-06
2.45797e-06
2.58862e-06
3.15517e-07
2.78713e-07
2.43638e-07
2.14468e-07
1.96996e-07
2.01103e-07
2.36627e-07
3.06571e-07
4.09288e-07
5.43385e-07
7.08574e-07
9.04838e-07
1.1317e-06
1.38776e-06
1.67051e-06
1.97613e-06
2.29953e-06
2.63432e-06
2.97294e-06
3.30679e-06
3.62647e-06
3.9221e-06
4.18372e-06
4.40174e-06
4.56753e-06
4.67407e-06
4.71666e-06
4.69387e-06
4.60883e-06
4.47098e-06
4.29861e-06
4.1219e-06
3.98542e-06
3.94574e-06
4.05887e-06
4.35841e-06
4.84028e-06
5.46715e-06
6.18376e-06
6.92897e-06
7.64113e-06
8.26021e-06
8.72967e-06
8.99963e-06
9.03239e-06
8.81115e-06
8.35453e-06
7.74092e-06
7.14561e-06
6.86662e-06
7.23446e-06
8.36348e-06
1.00669e-05
1.2043e-05
1.40176e-05
1.57741e-05
1.71502e-05
1.80344e-05
1.83625e-05
1.81122e-05
1.72975e-05
1.59664e-05
1.41896e-05
1.20493e-05
9.63522e-06
7.05672e-06
4.53071e-06
2.9546e-06
4.23702e-06
7.23486e-06
1.08172e-05
1.47428e-05
1.88415e-05
2.27798e-05
2.59324e-05
2.75227e-05
2.67319e-05
2.31368e-05
2.06698e-05
2.72795e-05
3.93739e-05
5.0235e-05
5.67645e-05
5.77403e-05
5.35349e-05
4.60397e-05
3.75985e-05
2.98487e-05
2.33892e-05
1.81753e-05
1.39778e-05
1.05985e-05
7.89545e-06
5.77878e-06
4.18393e-06
3.08321e-06
2.54256e-06
2.30488e-06
2.67313e-06
2.61456e-06
2.76575e-07
2.4081e-07
2.11333e-07
1.93021e-07
1.89509e-07
2.0403e-07
2.38737e-07
2.94873e-07
3.73807e-07
4.77353e-07
6.07346e-07
7.65136e-07
9.51243e-07
1.16515e-06
1.4052e-06
1.66851e-06
1.95096e-06
2.24722e-06
2.5508e-06
2.85415e-06
3.14881e-06
3.42565e-06
3.6751e-06
3.88757e-06
4.05384e-06
4.16564e-06
4.21635e-06
4.20196e-06
4.12228e-06
3.98287e-06
3.79777e-06
3.59357e-06
3.41391e-06
3.32064e-06
3.38201e-06
3.6438e-06
4.10462e-06
4.72141e-06
5.43222e-06
6.17188e-06
6.87686e-06
7.48595e-06
7.94076e-06
8.18787e-06
8.18327e-06
7.90048e-06
7.34571e-06
6.58805e-06
5.81974e-06
5.43193e-06
5.89527e-06
7.2971e-06
9.30663e-06
1.15578e-05
1.3774e-05
1.57454e-05
1.73088e-05
1.83431e-05
1.87723e-05
1.85637e-05
1.77277e-05
1.63144e-05
1.44035e-05
1.20857e-05
9.45398e-06
6.59942e-06
3.63127e-06
1.26984e-06
3.41109e-06
6.82369e-06
1.05439e-05
1.45624e-05
1.88432e-05
2.31351e-05
2.69003e-05
2.94416e-05
2.9797e-05
2.87426e-05
3.19095e-05
4.10326e-05
5.14175e-05
6.04281e-05
6.67356e-05
6.83604e-05
6.41918e-05
5.53267e-05
4.45594e-05
3.45129e-05
2.6429e-05
2.03175e-05
1.56986e-05
1.2125e-05
9.30852e-06
7.09243e-06
5.38051e-06
4.11585e-06
3.33542e-06
2.78653e-06
2.94826e-06
2.57173e-06
2.59839e-07
2.28195e-07
2.03289e-07
1.88264e-07
1.83333e-07
1.88323e-07
2.04355e-07
2.34527e-07
2.83402e-07
3.55489e-07
4.54014e-07
5.80687e-07
7.35959e-07
9.19246e-07
1.129e-06
1.36267e-06
1.61672e-06
1.88655e-06
2.16648e-06
2.44982e-06
2.72885e-06
2.99501e-06
3.23904e-06
3.45127e-06
3.62203e-06
3.74209e-06
3.80333e-06
3.79958e-06
3.72778e-06
3.58974e-06
3.39488e-06
3.16471e-06
2.93941e-06
2.78385e-06
2.78076e-06
2.99478e-06
3.43046e-06
4.03675e-06
4.74249e-06
5.47755e-06
6.17661e-06
6.77763e-06
7.22099e-06
7.45069e-06
7.4179e-06
7.08815e-06
6.45518e-06
5.5713e-06
4.62307e-06
4.08792e-06
4.63506e-06
6.29373e-06
8.57363e-06
1.10944e-05
1.35978e-05
1.58689e-05
1.77158e-05
1.89808e-05
1.95589e-05
1.9403e-05
1.85259e-05
1.69938e-05
1.49101e-05
1.23896e-05
9.54872e-06
6.49183e-06
3.31042e-06
6.07534e-07
3.50152e-06
7.00331e-06
1.07364e-05
1.48035e-05
1.92423e-05
2.38544e-05
2.82394e-05
3.1677e-05
3.38842e-05
3.7982e-05
4.52045e-05
5.15028e-05
5.61375e-05
6.16042e-05
6.83658e-05
7.32301e-05
7.23625e-05
6.47312e-05
5.28433e-05
4.04662e-05
3.01808e-05
2.26647e-05
1.73954e-05
1.35973e-05
1.07078e-05
8.43025e-06
6.61755e-06
5.20109e-06
4.21284e-06
3.39629e-06
3.34831e-06
2.59163e-06
3.6735e-07
3.37546e-07
3.1267e-07
2.93231e-07
2.77726e-07
2.64583e-07
2.5334e-07
2.45993e-07
2.48749e-07
2.7208e-07
3.26094e-07
4.15059e-07
5.38032e-07
6.92298e-07
8.74925e-07
1.08284e-06
1.31254e-06
1.55984e-06
1.81971e-06
2.08617e-06
2.35228e-06
2.61013e-06
2.85094e-06
3.06524e-06
3.24317e-06
3.37481e-06
3.45083e-06
3.46318e-06
3.40614e-06
3.27782e-06
3.08267e-06
2.83571e-06
2.57012e-06
2.34833e-06
2.26608e-06
2.41627e-06
2.8181e-06
3.41108e-06
4.11165e-06
4.84421e-06
5.54257e-06
6.14564e-06
6.59516e-06
6.83608e-06
6.81907e-06
6.50526e-06
5.87454e-06
4.94428e-06
3.83055e-06
2.98598e-06
3.45545e-06
5.40164e-06
8.10877e-06
1.11586e-05
1.42616e-05
1.71336e-05
1.9498e-05
2.11276e-05
2.18793e-05
2.17055e-05
2.06502e-05
1.88363e-05
1.64137e-05
1.35557e-05
1.04277e-05
7.19267e-06
4.09213e-06
2.29123e-06
4.19421e-06
7.40061e-06
1.09836e-05
1.49773e-05
1.94166e-05
2.42057e-05
2.90862e-05
3.37568e-05
4.01954e-05
4.8792e-05
5.32655e-05
5.10657e-05
4.72646e-05
4.87068e-05
5.71281e-05
6.77459e-05
7.36448e-05
7.09022e-05
6.06209e-05
4.71391e-05
3.46421e-05
2.51929e-05
1.88278e-05
1.46295e-05
1.1671e-05
9.39812e-06
7.55526e-06
6.05784e-06
4.95854e-06
4.00545e-06
3.89929e-06
2.90675e-06
4.80976e-07
4.55598e-07
4.31904e-07
4.09634e-07
3.86601e-07
3.60166e-07
3.27745e-07
2.87193e-07
2.37924e-07
1.84468e-07
1.48946e-07
1.79534e-07
2.81471e-07
4.26464e-07
6.01448e-07
8.01162e-07
1.02209e-06
1.26068e-06
1.51272e-06
1.77312e-06
2.03575e-06
2.2934e-06
2.53785e-06
2.75991e-06
2.94967e-06
3.09681e-06
3.19106e-06
3.22279e-06
3.18389e-06
3.06902e-06
2.87758e-06
2.61728e-06
2.31124e-06
2.01227e-06
1.82344e-06
1.88184e-06
2.24379e-06
2.83465e-06
3.54873e-06
4.30259e-06
5.03053e-06
5.67466e-06
6.18021e-06
6.49386e-06
6.56323e-06
6.33588e-06
5.75801e-06
4.77651e-06
3.36644e-06
1.80554e-06
2.51535e-06
5.59588e-06
9.46356e-06
1.36989e-05
1.79285e-05
2.17535e-05
2.48047e-05
2.68056e-05
2.76055e-05
2.71873e-05
2.56573e-05
2.32018e-05
2.00617e-05
1.64953e-05
1.27394e-05
9.00638e-06
5.55029e-06
3.13721e-06
3.90401e-06
6.70507e-06
1.00381e-05
1.37915e-05
1.80141e-05
2.28609e-05
2.85178e-05
3.64281e-05
4.73166e-05
5.46614e-05
5.24723e-05
4.18315e-05
2.89146e-05
2.5532e-05
3.74856e-05
5.43797e-05
6.75979e-05
7.1702e-05
6.56909e-05
5.3195e-05
3.93805e-05
2.78719e-05
1.98699e-05
1.48538e-05
1.16868e-05
9.467e-06
7.73941e-06
6.37123e-06
5.46125e-06
4.72573e-06
4.97206e-06
4.16926e-06
6.86631e-07
6.57697e-07
6.29531e-07
6.01356e-07
5.7124e-07
5.36923e-07
4.9595e-07
4.45695e-07
3.83508e-07
3.0689e-07
2.13653e-07
1.02343e-07
3.5579e-08
1.8498e-07
3.58712e-07
5.53346e-07
7.67476e-07
9.98977e-07
1.24481e-06
1.50088e-06
1.76196e-06
2.02158e-06
2.27195e-06
2.50401e-06
2.70753e-06
2.87135e-06
2.98378e-06
3.03317e-06
3.00872e-06
2.90151e-06
2.70607e-06
2.42294e-06
2.06419e-06
1.66798e-06
1.33943e-06
1.30014e-06
1.68644e-06
2.3535e-06
3.14536e-06
3.9733e-06
4.77537e-06
5.49542e-06
6.0748e-06
6.4474e-06
6.53434e-06
6.23805e-06
5.43811e-06
3.99593e-06
1.79624e-06
1.53802e-06
5.54143e-06
1.04074e-05
1.58053e-05
2.13294e-05
2.65311e-05
3.09959e-05
3.43901e-05
3.64828e-05
3.71243e-05
3.63326e-05
3.41928e-05
3.09141e-05
2.6802e-05
2.21985e-05
1.74318e-05
1.27725e-05
8.42296e-06
4.55261e-06
1.79873e-06
3.22169e-06
6.23284e-06
9.62376e-06
1.36484e-05
1.91087e-05
2.7367e-05
3.91119e-05
5.08676e-05
5.78069e-05
5.50854e-05
4.20962e-05
2.19124e-05
1.50574e-06
2.41135e-05
4.44648e-05
6.0702e-05
6.92448e-05
6.76e-05
5.74577e-05
4.35783e-05
3.0468e-05
2.05097e-05
1.40689e-05
1.0345e-05
8.26389e-06
7.09402e-06
6.58811e-06
6.81384e-06
7.16707e-06
8.38202e-06
8.28338e-06
9.17102e-07
8.92123e-07
8.66218e-07
8.39012e-07
8.08941e-07
7.74229e-07
7.33052e-07
6.8362e-07
6.24436e-07
5.54724e-07
4.75319e-07
3.90947e-07
3.16535e-07
2.8858e-07
3.47395e-07
4.83346e-07
6.66854e-07
8.80887e-07
1.11636e-06
1.36662e-06
1.62517e-06
1.88469e-06
2.13669e-06
2.3713e-06
2.57733e-06
2.74256e-06
2.85408e-06
2.89891e-06
2.86466e-06
2.74045e-06
2.51779e-06
2.19191e-06
1.76404e-06
1.24861e-06
7.16999e-07
6.12786e-07
1.22993e-06
2.04666e-06
2.91044e-06
3.75947e-06
4.53603e-06
5.17326e-06
5.59031e-06
5.69044e-06
5.36562e-06
4.52617e-06
3.25991e-06
2.77818e-06
5.19396e-06
9.41311e-06
1.45394e-05
2.00854e-05
2.56055e-05
3.07237e-05
3.51955e-05
3.89078e-05
4.18161e-05
4.38178e-05
4.47389e-05
4.43529e-05
4.25063e-05
3.92466e-05
3.48188e-05
2.96223e-05
2.41137e-05
1.87161e-05
1.37656e-05
9.49201e-06
6.01032e-06
3.31034e-06
1.76923e-06
3.49217e-06
7.66478e-06
1.51524e-05
2.62714e-05
4.04962e-05
6.0184e-05
7.48342e-05
7.25844e-05
5.77061e-05
3.76719e-05
2.38551e-05
3.28817e-05
4.91775e-05
6.24679e-05
6.99096e-05
6.92177e-05
6.04288e-05
4.68176e-05
3.26364e-05
2.08025e-05
1.24422e-05
7.70435e-06
6.4803e-06
7.58423e-06
9.50259e-06
1.17658e-05
1.3564e-05
1.58703e-05
1.64877e-05
1.20474e-06
1.17216e-06
1.13855e-06
1.10309e-06
1.0645e-06
1.02155e-06
9.72965e-07
9.1758e-07
8.54624e-07
7.84125e-07
7.07602e-07
6.29417e-07
5.59199e-07
5.14845e-07
5.20613e-07
5.92262e-07
7.24962e-07
9.03328e-07
1.11325e-06
1.34394e-06
1.58636e-06
1.83188e-06
2.07139e-06
2.295e-06
2.49199e-06
2.65094e-06
2.76015e-06
2.80807e-06
2.78398e-06
2.6786e-06
2.48491e-06
2.19891e-06
1.82071e-06
1.35609e-06
8.21296e-07
3.00292e-07
5.44655e-07
1.17241e-06
1.78955e-06
2.32666e-06
2.7252e-06
2.93793e-06
2.96891e-06
2.98521e-06
3.4668e-06
4.92931e-06
7.4122e-06
1.06768e-05
1.44027e-05
1.81988e-05
2.16461e-05
2.44011e-05
2.63175e-05
2.75306e-05
2.84437e-05
2.95924e-05
3.13876e-05
3.38698e-05
3.66302e-05
3.88743e-05
3.99285e-05
3.9305e-05
3.69176e-05
3.30661e-05
2.83041e-05
2.32821e-05
1.86165e-05
1.47838e-05
1.19883e-05
9.95823e-06
7.95819e-06
5.22776e-06
4.28158e-06
1.32581e-05
2.9302e-05
5.86017e-05
9.19682e-05
0.00010419
9.5262e-05
7.81093e-05
6.2563e-05
5.48391e-05
5.84212e-05
6.79089e-05
7.5881e-05
7.89138e-05
7.52982e-05
6.49926e-05
5.02925e-05
3.46892e-05
2.09738e-05
1.05845e-05
5.40149e-06
7.94714e-06
1.24171e-05
1.66044e-05
2.05064e-05
2.33639e-05
2.65578e-05
2.73422e-05
1.44335e-06
1.40442e-06
1.36407e-06
1.32158e-06
1.27596e-06
1.22662e-06
1.17306e-06
1.11505e-06
1.05303e-06
9.88403e-07
9.24029e-07
8.64961e-07
8.19159e-07
7.97478e-07
8.11675e-07
8.70197e-07
9.74781e-07
1.12119e-06
1.3025e-06
1.51166e-06
1.74229e-06
1.9886e-06
2.24501e-06
2.50582e-06
2.76493e-06
3.01574e-06
3.2511e-06
3.46358e-06
3.64581e-06
3.79121e-06
3.89493e-06
3.9552e-06
3.9748e-06
3.96278e-06
3.93609e-06
3.92083e-06
3.95234e-06
4.07341e-06
4.33066e-06
4.77029e-06
5.4355e-06
6.36197e-06
7.56536e-06
9.02244e-06
1.06475e-05
1.2273e-05
1.36443e-05
1.44411e-05
1.43447e-05
1.31575e-05
1.09792e-05
8.47252e-06
7.18968e-06
8.36076e-06
1.07329e-05
1.28596e-05
1.43346e-05
1.54728e-05
1.72018e-05
1.99293e-05
2.29712e-05
2.52587e-05
2.59638e-05
2.48134e-05
2.20687e-05
1.83508e-05
1.44457e-05
1.1122e-05
8.80972e-06
7.04492e-06
4.50264e-06
1.41782e-06
1.14356e-05
2.92581e-05
6.02736e-05
0.000103824
0.000131919
0.000130991
0.000116728
0.000101339
9.40458e-05
9.18479e-05
9.20711e-05
9.47379e-05
9.71022e-05
9.56666e-05
8.8116e-05
7.44234e-05
5.68817e-05
3.87581e-05
2.27266e-05
1.06218e-05
7.38448e-06
1.31795e-05
1.94985e-05
2.4978e-05
2.9686e-05
3.26574e-05
3.58719e-05
3.53325e-05
1.82265e-06
1.81045e-06
1.80249e-06
1.79716e-06
1.79464e-06
1.79564e-06
1.80057e-06
1.8102e-06
1.82603e-06
1.8501e-06
1.88518e-06
1.93489e-06
2.00379e-06
2.09736e-06
2.22178e-06
2.38365e-06
2.58952e-06
2.84543e-06
3.15638e-06
3.52594e-06
3.95585e-06
4.44561e-06
4.99223e-06
5.58992e-06
6.22999e-06
6.90091e-06
7.58865e-06
8.27736e-06
8.9503e-06
9.59102e-06
1.01848e-05
1.07193e-05
1.11862e-05
1.15814e-05
1.19056e-05
1.21628e-05
1.23586e-05
1.24959e-05
1.25694e-05
1.25566e-05
1.24076e-05
1.20331e-05
1.13026e-05
1.00704e-05
8.31089e-06
6.70427e-06
7.88498e-06
1.33664e-05
2.17598e-05
3.20179e-05
4.32387e-05
5.43632e-05
6.42899e-05
7.21433e-05
7.74778e-05
8.02705e-05
8.0702e-05
7.90155e-05
7.55145e-05
7.05781e-05
6.4779e-05
5.86191e-05
5.23723e-05
4.61132e-05
3.98957e-05
3.3924e-05
2.85999e-05
2.44626e-05
2.20815e-05
2.20282e-05
2.51932e-05
3.34009e-05
4.85539e-05
7.33087e-05
0.000112559
0.00015078
0.000158891
0.000150199
0.000136243
0.000125408
0.000122923
0.000121961
0.00012135
0.000121434
0.000120724
0.000116477
0.000106149
8.94296e-05
6.87344e-05
4.76607e-05
2.92931e-05
1.62543e-05
1.29273e-05
1.80325e-05
2.45107e-05
2.98293e-05
3.318e-05
3.33117e-05
3.34579e-05
2.75137e-05
4.93733e-06
5.11712e-06
5.30825e-06
5.50651e-06
5.71347e-06
5.93159e-06
6.16217e-06
6.40674e-06
6.66733e-06
6.9461e-06
7.24534e-06
7.56763e-06
7.91573e-06
8.29255e-06
8.70098e-06
9.14366e-06
9.62269e-06
1.01392e-05
1.06929e-05
1.12816e-05
1.19005e-05
1.25423e-05
1.31961e-05
1.38479e-05
1.44805e-05
1.50736e-05
1.56044e-05
1.60483e-05
1.6379e-05
1.65694e-05
1.65917e-05
1.64178e-05
1.6018e-05
1.53601e-05
1.44073e-05
1.31152e-05
1.14289e-05
9.282e-06
6.60767e-06
3.46797e-06
2.5336e-06
7.20354e-06
1.37182e-05
2.17988e-05
3.157e-05
4.31017e-05
5.63028e-05
7.08455e-05
8.61136e-05
0.000101188
0.000114922
0.00012618
0.000134214
0.000138958
0.000140997
0.000141194
0.000140198
0.00013831
0.00013532
0.000131127
0.000125761
0.000119339
0.000112081
0.000104328
9.65264e-05
8.91973e-05
8.28824e-05
7.8104e-05
7.53832e-05
7.53345e-05
7.8823e-05
8.68476e-05
0.000100637
0.000124484
0.000157349
0.000171821
0.000165013
0.000161137
0.000151832
0.000142478
0.000138261
0.000135803
0.00013714
0.00014028
0.000141262
0.000137262
0.000126248
0.000108125
8.54736e-05
6.2243e-05
4.20618e-05
2.76691e-05
2.10286e-05
2.17112e-05
2.42718e-05
2.39496e-05
1.93369e-05
1.16387e-05
6.49173e-06
1.72642e-05
1.25472e-05
1.27835e-05
1.30052e-05
1.32073e-05
1.33933e-05
1.35618e-05
1.37102e-05
1.38369e-05
1.39396e-05
1.40153e-05
1.40604e-05
1.40705e-05
1.40411e-05
1.39668e-05
1.38417e-05
1.36592e-05
1.3412e-05
1.30922e-05
1.2691e-05
1.2199e-05
1.16059e-05
1.09007e-05
1.00716e-05
9.10651e-06
7.9929e-06
6.71915e-06
5.27799e-06
3.68215e-06
2.07296e-06
1.66784e-06
3.54816e-06
6.20157e-06
9.31175e-06
1.28763e-05
1.69441e-05
2.15843e-05
2.68805e-05
3.2927e-05
3.98248e-05
4.76737e-05
5.6561e-05
6.65468e-05
7.76518e-05
8.98352e-05
0.000102962
0.000116759
0.000130759
0.000144263
0.000156365
0.000166095
0.000172708
0.000175994
0.000176428
0.000175007
0.00017287
0.000170945
0.000169721
0.000169229
0.000169081
0.000168702
0.000167576
0.000165361
0.000161857
0.000157154
0.000151646
0.000145924
0.000140622
0.000136282
0.000133293
0.000131953
0.000132709
0.000136327
0.000144339
0.00015833
0.000165002
0.000152823
0.000152372
0.000161992
0.000158699
0.000147358
0.000138988
0.0001352
0.000139267
0.000148341
0.000154992
0.000154408
0.000144887
0.000127038
0.000103967
8.00578e-05
5.91175e-05
4.33406e-05
3.35635e-05
2.85896e-05
2.64846e-05
3.1683e-05
4.572e-05
6.39612e-05
7.86785e-05
9.65138e-05
4.50242e-06
3.61705e-06
2.62855e-06
1.55053e-06
4.78022e-07
9.62066e-07
2.26459e-06
3.68452e-06
5.20786e-06
6.83873e-06
8.58372e-06
1.045e-05
1.24448e-05
1.45751e-05
1.68472e-05
1.92665e-05
2.18374e-05
2.45628e-05
2.74439e-05
3.04807e-05
3.36711e-05
3.70119e-05
4.04988e-05
4.4127e-05
4.7892e-05
5.17908e-05
5.58226e-05
5.99906e-05
6.43025e-05
6.87717e-05
7.34185e-05
7.82709e-05
8.33641e-05
8.87397e-05
9.44442e-05
0.000100526
0.00010703
0.000113992
0.000121431
0.000129333
0.000137643
0.000146248
0.000154967
0.000163546
0.000171628
0.000178721
0.000184212
0.000187517
0.000188391
0.00018714
0.000184491
0.000181272
0.000178212
0.000175844
0.000174444
0.000174099
0.00017482
0.000176494
0.000179067
0.000182284
0.000185388
0.000187763
0.000188869
0.000188473
0.00018673
0.000184082
0.000181062
0.000178091
0.000175393
0.000172942
0.000170281
0.000166299
0.000159534
0.000145324
0.000118676
0.000105475
0.000127632
0.000155923
0.000155892
0.000141792
0.000129277
0.000121922
0.000128844
0.000146097
0.000160857
0.000166163
0.000160249
0.000144289
0.000121903
9.79687e-05
7.73953e-05
6.3826e-05
5.96973e-05
6.80906e-05
8.88114e-05
0.000114369
0.000137309
0.000154339
0.000164879
0.000171609
6.34493e-05
6.60659e-05
6.87925e-05
7.16164e-05
7.44975e-05
7.74314e-05
8.04215e-05
8.34696e-05
8.65785e-05
8.97514e-05
9.29907e-05
9.62979e-05
9.96729e-05
0.000103114
0.000106618
0.00011018
0.000113791
0.000117443
0.000121124
0.000124821
0.00012852
0.000132205
0.000135863
0.000139478
0.000143039
0.000146538
0.000149967
0.000153326
0.000156616
0.000159845
0.000163024
0.000166165
0.000169282
0.000172388
0.000175487
0.000178577
0.000181635
0.000184614
0.000187437
0.000189979
0.000192037
0.00019332
0.000193473
0.000192155
0.000189137
0.000184411
0.000178276
0.00017134
0.000164461
0.000158592
0.000154513
0.000152624
0.00015284
0.000154685
0.000157614
0.000161219
0.000165233
0.000169461
0.000173851
0.000178717
0.000183841
0.000188586
0.000192317
0.00019454
0.000195108
0.000194172
0.000191916
0.000188323
0.000183016
0.000174989
0.000162496
0.000143336
0.000115653
8.30054e-05
6.08857e-05
5.95093e-05
0.000108294
0.000156526
0.000158514
0.000131666
0.000109888
9.92322e-05
0.000109349
0.000135673
0.000158809
0.00017004
0.000168362
0.0001561
0.000138249
0.000121559
0.000113071
0.000119017
0.000140681
0.000169112
0.000193562
0.000209072
0.000216175
0.000217443
0.000216607
0.00021257
0.000170823
0.000172841
0.000174867
0.000176814
0.000178699
0.000180525
0.000182297
0.000184017
0.000185689
0.000187312
0.000188886
0.000190409
0.000191877
0.000193286
0.000194632
0.000195908
0.000197109
0.000198229
0.000199261
0.000200199
0.000201038
0.000201772
0.000202398
0.000202914
0.000203316
0.000203603
0.00020377
0.000203812
0.00020372
0.00020348
0.000203068
0.00020245
0.000201582
0.0002004
0.000198829
0.000196772
0.00019412
0.000190751
0.000186533
0.00018134
0.000175077
0.000167711
0.0001593
0.00015002
0.000140167
0.000130103
0.000120224
0.00011106
0.000103353
9.78237e-05
9.47665e-05
9.38602e-05
9.43859e-05
9.57365e-05
9.78854e-05
0.000101441
0.000106997
0.000114357
0.000122644
0.000130833
0.000138838
0.000146009
0.000151504
0.000154621
0.00015503
0.000152828
0.000148335
0.0001418
0.000133191
0.00012225
0.000108897
9.46075e-05
8.4482e-05
7.99067e-05
6.89674e-05
6.66984e-05
0.000104799
0.000157352
0.000177609
0.000142246
8.13983e-05
4.37477e-05
7.35776e-05
0.000120352
0.00015719
0.000178197
0.000186486
0.000188212
0.000191218
0.000202191
0.000221907
0.000244821
0.00026152
0.000267497
0.00026415
0.000255759
0.000246609
0.000238932
0.000234475
0.000230855
0.000198697
0.000197746
0.000197308
0.000196832
0.000196317
0.00019575
0.000195115
0.000194407
0.000193619
0.000192739
0.000191755
0.000190657
0.000189432
0.000188071
0.000186563
0.000184902
0.00018308
0.000181095
0.000178945
0.000176631
0.000174158
0.000171533
0.000168764
0.000165862
0.000162841
0.000159713
0.000156487
0.000153174
0.000149774
0.000146286
0.000142699
0.000138994
0.000135145
0.00013112
0.000126883
0.000122391
0.000117605
0.000112495
0.000107067
0.000101353
9.53686e-05
8.90703e-05
8.23808e-05
7.5256e-05
6.77523e-05
6.00555e-05
5.23189e-05
4.44206e-05
3.6103e-05
2.79136e-05
2.37871e-05
3.09494e-05
4.81909e-05
7.0271e-05
9.36956e-05
0.000115639
0.000133722
0.000146224
0.000151966
0.000150554
0.000142223
0.00012756
0.000107891
8.54309e-05
6.34881e-05
4.74615e-05
4.45177e-05
5.45983e-05
7.05703e-05
8.89239e-05
0.000110044
0.000136084
0.000168792
0.000207048
0.000242852
0.000259781
0.000245843
0.000200261
0.000159063
0.000190087
0.000250655
0.000288508
0.000287356
0.000247221
0.000181507
0.000130131
0.000156682
0.000231107
0.000301123
0.00034962
0.000373947
0.000376288
0.00036249
0.000339642
0.000314257
0.00029034
0.000270535
0.000254212
0.000244155
0.000235675
3.2159e-05
1.95925e-05
3.11704e-05
4.67683e-05
5.51356e-05
5.71229e-05
5.6958e-05
5.60665e-05
5.52032e-05
5.58419e-05
5.78879e-05
6.14055e-05
6.80607e-05
7.53073e-05
8.52631e-05
0.000100536
0.000120368
0.000141029
0.000158326
0.000169632
0.000174597
0.0001732
0.000165757
0.000153482
0.000138897
0.00012623
0.00012074
0.000125607
0.000138825
0.00015476
0.000166575
0.000169607
0.000163739
0.000154687
0.000146932
0.000137245
0.000124769
0.000122905
0.00014904
0.000201643
0.0002672
0.000334538
0.00039609
0.000446678
0.000482721
0.000501826
0.000503073
0.000487205
0.000455016
0.000408582
0.000350749
0.000287613
0.00022896
0.000188203
0.000176721
0.000191907
0.000220347
0.000251591
0.000280418
0.000303086
0.000316792
0.000322606
0.000325587
0.000330771
0.000338246
0.000343593
0.00034345
0.000337829
0.00032592
0.000303006
0.000265022
0.0002206
0.000199165
0.000224014
0.000273537
0.000314011
0.00032629
0.000305043
0.000254499
0.000195767
0.000172008
0.000208417
0.000267363
0.000317199
0.000349495
0.000365153
0.000367889
0.000362967
0.000354862
0.000346307
0.000338465
0.000331637
0.000325962
0.000321346
0.000318035
0.000315453
0.00031449
0.000312826
0.000314346
0.000312041
1.99999e-05
4.85203e-05
5.34967e-05
5.25213e-05
4.87896e-05
4.38297e-05
4.10232e-05
4.39793e-05
5.20205e-05
6.29071e-05
7.54394e-05
8.191e-05
7.74459e-05
7.46904e-05
8.37517e-05
9.62704e-05
0.000104397
0.000109573
0.000113688
0.000119066
0.000127758
0.000140378
0.000154727
0.000167554
0.000175632
0.000176646
0.000169021
0.000152129
0.000126542
9.43955e-05
5.96219e-05
2.43192e-05
9.77982e-06
4.05869e-05
7.37674e-05
0.000113628
0.000157919
0.000198037
0.000225648
0.000235633
0.000227192
0.000203039
0.000168251
0.000128991
9.21915e-05
6.85114e-05
7.26328e-05
0.000101966
0.000139915
0.000174309
0.000199411
0.000210562
0.000206261
0.000189618
0.000166766
0.000142999
0.000121384
0.000103534
9.07466e-05
8.45655e-05
8.45594e-05
8.82454e-05
9.41337e-05
0.000100738
0.000106995
0.000112274
0.000113815
0.000111142
0.000113149
0.0001348
0.000177147
0.000216841
0.00023062
0.000212018
0.00016875
0.00011725
9.38683e-05
0.000130268
0.000184976
0.000222589
0.000233816
0.00022366
0.000204399
0.000190277
0.000190005
0.0002015
0.000217458
0.000231909
0.000243058
0.000251008
0.000256437
0.000260121
0.000262562
0.000264225
0.000265161
0.000265923
0.000266116
0.000266607
0.000267007
0.000266471
4.62025e-05
7.76886e-05
6.03572e-05
4.39918e-05
3.74216e-05
3.58981e-05
3.74271e-05
4.21094e-05
4.95302e-05
5.94828e-05
7.2483e-05
8.26669e-05
8.59042e-05
9.83664e-05
0.000118198
0.000127163
0.000126469
0.000121815
0.000116056
0.000112848
0.000114852
0.000122408
0.000133773
0.000146168
0.000156727
0.00016284
0.000162675
0.000155179
0.00013941
0.00011536
8.43791e-05
4.96401e-05
2.46346e-05
4.93474e-05
9.25271e-05
0.00013432
0.00016376
0.000176578
0.000173616
0.000157798
0.000134359
0.000108174
8.14461e-05
5.36005e-05
2.27971e-05
1.26361e-05
5.05914e-05
8.92125e-05
0.000125974
0.000159153
0.000185782
0.000200907
0.000199968
0.000183651
0.000157962
0.000130354
0.000106084
8.70268e-05
7.21025e-05
5.90627e-05
4.63339e-05
3.47272e-05
2.76215e-05
2.66262e-05
2.60234e-05
2.49745e-05
4.43681e-05
7.61432e-05
0.00010992
0.000150243
0.000191219
0.000213573
0.000208848
0.000183739
0.000142956
9.34495e-05
7.42125e-05
0.000119343
0.000175272
0.000212862
0.000222334
0.00020599
0.000173305
0.000135989
0.00010385
8.25824e-05
7.41796e-05
7.80927e-05
8.98396e-05
0.000104322
0.000118846
0.000132358
0.000144471
0.000155111
0.000164184
0.000171906
0.00017808
0.00018352
0.000187385
0.000191663
8.33775e-05
7.4863e-05
3.87381e-05
2.61073e-05
2.75532e-05
2.87478e-05
2.97442e-05
3.29716e-05
4.07403e-05
5.15685e-05
6.34398e-05
7.41901e-05
8.61014e-05
0.000108716
0.000127034
0.000127507
0.000117979
0.000104054
8.91849e-05
7.73061e-05
7.20152e-05
7.47281e-05
8.40106e-05
9.69524e-05
0.000110808
0.000122564
0.0001289
0.000128127
0.000120062
0.000104222
8.07016e-05
4.90311e-05
9.67807e-06
3.75078e-05
8.1267e-05
0.000112701
0.000125792
0.000123717
0.000112343
9.81404e-05
8.54784e-05
7.41181e-05
6.11366e-05
4.55543e-05
3.40746e-05
4.25696e-05
6.6471e-05
9.31363e-05
0.000118306
0.000142456
0.000165446
0.000182845
0.000187511
0.000176281
0.000152589
0.000123929
9.75085e-05
7.69835e-05
6.25086e-05
5.18445e-05
4.19129e-05
3.09859e-05
2.04264e-05
1.42506e-05
1.38356e-05
1.28485e-05
2.36548e-05
6.13894e-05
0.000107609
0.000150338
0.000179829
0.000188377
0.00017922
0.000156473
0.000115594
5.71273e-05
3.414e-05
9.68097e-05
0.000156063
0.000196571
0.000210498
0.000197359
0.000165003
0.000124649
8.63229e-05
5.61213e-05
3.63775e-05
2.58167e-05
2.04204e-05
1.79944e-05
1.87008e-05
2.25012e-05
2.84231e-05
3.55946e-05
4.33698e-05
5.14554e-05
5.91556e-05
6.70907e-05
7.28796e-05
8.15608e-05
0.000114206
5.37122e-05
1.52065e-05
1.75572e-05
2.16392e-05
2.38391e-05
2.61889e-05
3.01402e-05
3.77973e-05
4.81237e-05
5.64733e-05
6.33399e-05
7.8416e-05
0.000102447
0.000114459
0.000108056
9.36423e-05
7.64198e-05
5.92739e-05
4.41061e-05
3.33965e-05
3.25937e-05
4.1771e-05
5.51844e-05
7.06397e-05
8.72285e-05
0.000100895
0.00010672
0.000105017
9.65509e-05
8.19157e-05
6.25512e-05
4.57804e-05
5.26696e-05
7.56527e-05
9.20563e-05
9.61166e-05
9.19403e-05
8.55537e-05
8.07125e-05
7.68318e-05
7.11392e-05
6.31004e-05
5.66619e-05
5.64406e-05
6.44547e-05
8.01415e-05
9.85148e-05
0.000114393
0.000128683
0.000144555
0.000159708
0.000166935
0.000160357
0.000140671
0.000114264
8.85994e-05
6.82819e-05
5.41076e-05
4.42261e-05
3.57869e-05
2.67556e-05
1.76217e-05
1.17001e-05
1.20554e-05
1.69651e-05
2.74678e-05
5.7249e-05
0.000100992
0.000140246
0.000161843
0.000164715
0.000155203
0.00013235
9.107e-05
3.83027e-05
3.20684e-05
8.68966e-05
0.000138923
0.000176971
0.000193121
0.000183944
0.000155452
0.00011838
8.25034e-05
5.33779e-05
3.26074e-05
1.95063e-05
1.29902e-05
1.11202e-05
1.12374e-05
1.17919e-05
1.22605e-05
1.23683e-05
1.19305e-05
1.07033e-05
8.94037e-06
6.19704e-06
4.72084e-06
3.53809e-06
0.000125662
3.07685e-05
2.44183e-06
9.48027e-06
1.38093e-05
1.87592e-05
2.23189e-05
2.59162e-05
3.32244e-05
4.3211e-05
4.90222e-05
5.12601e-05
6.5444e-05
8.71151e-05
9.36893e-05
8.38567e-05
6.90508e-05
5.39599e-05
3.99684e-05
2.60557e-05
1.09129e-05
9.62753e-06
2.62471e-05
4.10443e-05
5.4038e-05
6.91101e-05
8.68568e-05
9.97183e-05
0.000103733
0.000101013
9.45676e-05
8.61529e-05
7.99259e-05
8.08627e-05
8.74751e-05
9.1825e-05
9.0924e-05
8.74573e-05
8.44895e-05
8.24752e-05
7.96484e-05
7.45501e-05
6.91e-05
6.6016e-05
6.53088e-05
6.96972e-05
8.17419e-05
9.61845e-05
0.000107068
0.000115091
0.000125289
0.000137586
0.000145276
0.000141399
0.000125071
0.000101628
7.81529e-05
5.94934e-05
4.68591e-05
3.87364e-05
3.25256e-05
2.59831e-05
1.87634e-05
1.36173e-05
1.35392e-05
1.9789e-05
3.28208e-05
5.75719e-05
9.44219e-05
0.000127644
0.000143975
0.000144426
0.000134176
0.000111667
7.78956e-05
5.03966e-05
5.53501e-05
8.75028e-05
0.000126596
0.000159681
0.00017592
0.00016965
0.000144478
0.000110234
7.65912e-05
4.94864e-05
3.07564e-05
1.94624e-05
1.33844e-05
1.0172e-05
8.16294e-06
6.66741e-06
5.78258e-06
5.95203e-06
7.20137e-06
8.89088e-06
1.07061e-05
1.19096e-05
1.32338e-05
1.36732e-05
0.000122412
2.32747e-05
1.11859e-05
4.80671e-06
3.98673e-06
1.19182e-05
1.7618e-05
2.18231e-05
2.806e-05
3.73681e-05
4.25201e-05
4.24218e-05
5.39584e-05
7.22287e-05
7.53301e-05
6.4661e-05
5.1713e-05
4.08627e-05
3.25109e-05
2.4067e-05
1.47313e-05
1.58701e-05
3.05589e-05
4.6036e-05
5.7332e-05
6.74955e-05
8.25507e-05
9.94051e-05
0.000108497
0.000109611
0.000106956
0.000104466
0.00010234
0.000101663
0.000101523
9.96033e-05
9.55509e-05
9.12883e-05
8.81947e-05
8.57435e-05
8.22536e-05
7.71882e-05
7.27041e-05
6.97498e-05
6.82423e-05
7.07666e-05
7.90968e-05
8.93531e-05
9.61471e-05
0.000100164
0.000106755
0.000117042
0.000124712
0.000122491
0.000108776
8.82422e-05
6.75445e-05
5.12915e-05
4.0628e-05
3.40776e-05
2.92989e-05
2.44592e-05
1.90949e-05
1.52056e-05
1.55021e-05
2.18575e-05
3.62487e-05
5.8822e-05
8.90804e-05
0.00011599
0.000128489
0.000127372
0.000116559
9.61583e-05
7.30458e-05
6.08805e-05
6.59307e-05
8.57252e-05
0.000114376
0.000142614
0.000158334
0.000154223
0.000132231
0.00010115
7.0333e-05
4.56442e-05
2.88226e-05
1.88449e-05
1.35179e-05
1.06473e-05
8.7451e-06
7.12651e-06
5.59679e-06
4.19007e-06
3.04422e-06
2.43352e-06
2.73829e-06
3.40403e-06
4.5035e-06
5.54117e-06
0.000108923
3.10416e-05
2.27115e-05
1.60414e-05
1.07717e-05
1.13685e-05
1.69839e-05
2.30565e-05
2.93791e-05
3.78674e-05
4.38295e-05
4.43451e-05
5.16303e-05
6.53392e-05
6.62589e-05
5.56306e-05
4.43283e-05
3.6583e-05
3.19943e-05
2.8159e-05
2.56136e-05
2.71508e-05
3.65226e-05
5.08604e-05
6.22822e-05
7.00667e-05
8.15002e-05
9.83454e-05
0.000110502
0.000114162
0.000112178
0.000111429
0.000111782
0.000110926
0.000108324
0.000103646
9.7844e-05
9.26633e-05
8.8979e-05
8.59925e-05
8.20399e-05
7.69814e-05
7.23785e-05
6.92447e-05
6.80195e-05
6.90556e-05
7.35277e-05
7.94215e-05
8.27969e-05
8.46086e-05
8.97455e-05
9.90823e-05
0.000106883
0.000105759
9.38182e-05
7.56891e-05
5.77908e-05
4.4192e-05
3.5602e-05
3.05447e-05
2.70236e-05
2.35813e-05
1.97592e-05
1.69184e-05
1.734e-05
2.25341e-05
3.65321e-05
5.83134e-05
8.41704e-05
0.000105987
0.000115561
0.000113277
0.000102426
8.52615e-05
6.94019e-05
6.24446e-05
6.56174e-05
7.90037e-05
0.00010142
0.00012595
0.000141165
0.00013882
0.000119671
9.16069e-05
6.34676e-05
4.09579e-05
2.5904e-05
1.73001e-05
1.28153e-05
1.02663e-05
8.39853e-06
6.74637e-06
5.23831e-06
3.94391e-06
2.91934e-06
2.17928e-06
1.73456e-06
1.39818e-06
1.55976e-06
1.35484e-06
9.13827e-05
4.29311e-05
3.49646e-05
2.81782e-05
2.25975e-05
1.91982e-05
2.20904e-05
3.00203e-05
3.86102e-05
4.75652e-05
5.44292e-05
5.58768e-05
5.9083e-05
6.75635e-05
6.69492e-05
5.63214e-05
4.49794e-05
3.74391e-05
3.30633e-05
3.04058e-05
2.9042e-05
3.11825e-05
3.91448e-05
5.21479e-05
6.30877e-05
6.95439e-05
7.90258e-05
9.49499e-05
0.000108107
0.000112245
0.000110527
0.000108416
0.000110215
0.000110526
0.000107561
0.000102087
9.56647e-05
9.011e-05
8.62263e-05
8.31074e-05
7.90803e-05
7.39167e-05
6.89131e-05
6.56373e-05
6.37351e-05
6.27636e-05
6.39958e-05
6.65652e-05
6.80111e-05
6.94416e-05
7.47386e-05
8.43865e-05
9.2796e-05
9.22291e-05
8.11651e-05
6.48556e-05
4.95838e-05
3.85746e-05
3.18069e-05
2.77985e-05
2.50041e-05
2.2374e-05
1.95511e-05
1.7405e-05
1.79911e-05
2.25325e-05
3.52653e-05
5.62012e-05
7.92916e-05
9.74214e-05
0.000104766
0.000101678
9.1266e-05
7.6747e-05
6.42004e-05
5.82358e-05
5.94233e-05
6.89991e-05
8.76195e-05
0.000109917
0.000124943
0.000124012
0.000107229
8.19274e-05
5.64977e-05
3.63087e-05
2.30267e-05
1.55971e-05
1.17034e-05
9.34322e-06
7.50893e-06
5.8785e-06
4.42083e-06
3.20412e-06
2.28479e-06
1.68173e-06
1.38073e-06
1.17734e-06
1.30345e-06
1.00031e-06
7.43091e-05
5.3658e-05
4.55881e-05
3.78511e-05
3.11703e-05
2.63712e-05
2.8186e-05
3.75643e-05
4.91931e-05
5.99142e-05
6.74912e-05
6.91504e-05
6.97832e-05
7.40436e-05
7.22119e-05
6.15253e-05
4.9058e-05
3.96973e-05
3.36727e-05
2.95532e-05
2.62944e-05
2.78406e-05
3.64425e-05
4.99271e-05
6.05637e-05
6.56594e-05
7.38958e-05
8.92285e-05
0.000102527
0.000105724
0.000103332
9.99157e-05
0.00010113
0.000103491
0.000101648
9.65059e-05
9.02084e-05
8.47173e-05
8.08941e-05
7.78508e-05
7.39324e-05
6.86786e-05
6.33841e-05
5.95521e-05
5.63693e-05
5.3319e-05
5.1763e-05
5.22796e-05
5.34335e-05
5.5907e-05
6.25057e-05
7.34946e-05
8.25644e-05
8.16502e-05
7.06317e-05
5.5804e-05
4.30277e-05
3.43181e-05
2.89354e-05
2.55927e-05
2.32465e-05
2.11813e-05
1.9107e-05
1.75315e-05
1.81479e-05
2.19807e-05
3.27625e-05
5.2553e-05
7.41023e-05
8.98732e-05
9.56319e-05
9.20862e-05
8.22908e-05
6.93238e-05
5.78338e-05
5.12688e-05
5.04071e-05
5.75192e-05
7.40812e-05
9.52631e-05
0.000110348
0.000110463
9.55276e-05
7.2635e-05
4.97692e-05
3.18563e-05
2.02961e-05
1.39417e-05
1.05265e-05
8.28814e-06
6.476e-06
4.89739e-06
3.54347e-06
2.45652e-06
1.66608e-06
1.18483e-06
1.00735e-06
9.1837e-07
1.11158e-06
9.14134e-07
6.0909e-05
5.86558e-05
5.19874e-05
4.26556e-05
3.20389e-05
2.44985e-05
2.96355e-05
4.37959e-05
5.795e-05
6.98077e-05
7.79416e-05
7.96705e-05
7.88887e-05
8.01443e-05
7.72541e-05
6.67682e-05
5.33059e-05
4.17039e-05
3.33936e-05
2.70873e-05
2.2131e-05
2.25813e-05
3.1426e-05
4.53496e-05
5.53719e-05
5.93546e-05
6.7306e-05
8.22849e-05
9.47314e-05
9.67979e-05
9.28161e-05
8.90725e-05
8.89187e-05
9.25928e-05
9.28486e-05
8.88004e-05
8.30246e-05
7.77917e-05
7.40735e-05
7.11268e-05
6.73669e-05
6.21317e-05
5.65562e-05
5.18169e-05
4.71432e-05
4.20899e-05
3.85122e-05
3.85401e-05
4.07273e-05
4.49707e-05
5.35749e-05
6.64499e-05
7.53753e-05
7.29738e-05
6.15688e-05
4.82911e-05
3.79186e-05
3.10624e-05
2.66023e-05
2.3639e-05
2.15429e-05
1.98259e-05
1.82424e-05
1.7054e-05
1.762e-05
2.10437e-05
2.99187e-05
4.79972e-05
6.85561e-05
8.30039e-05
8.77745e-05
8.40679e-05
7.48584e-05
6.27138e-05
5.12554e-05
4.33759e-05
4.0508e-05
4.59713e-05
6.16639e-05
8.25825e-05
9.78084e-05
9.84932e-05
8.48295e-05
6.39459e-05
4.34629e-05
2.77953e-05
1.79412e-05
1.25574e-05
9.49921e-06
7.33894e-06
5.57109e-06
4.09018e-06
2.88103e-06
1.9467e-06
1.2817e-06
8.89813e-07
7.74222e-07
7.42837e-07
9.564e-07
8.14279e-07
4.88388e-05
5.46298e-05
5.24273e-05
4.44626e-05
3.05702e-05
1.11729e-05
1.40457e-05
4.0032e-05
6.27519e-05
7.7073e-05
8.42585e-05
8.60616e-05
8.4652e-05
8.37485e-05
7.99153e-05
6.99567e-05
5.63224e-05
4.31448e-05
3.25836e-05
2.41635e-05
1.77954e-05
1.72823e-05
2.63822e-05
4.03156e-05
4.87458e-05
5.16428e-05
6.03332e-05
7.52248e-05
8.60223e-05
8.66304e-05
8.12873e-05
7.75254e-05
7.67757e-05
8.04041e-05
8.27237e-05
8.02912e-05
7.52924e-05
7.03597e-05
6.66867e-05
6.37661e-05
6.01565e-05
5.50429e-05
4.91626e-05
4.33607e-05
3.71462e-05
3.03055e-05
2.57752e-05
2.6916e-05
3.07978e-05
3.69999e-05
4.81945e-05
6.25618e-05
6.97881e-05
6.50761e-05
5.34773e-05
4.2058e-05
3.38585e-05
2.83401e-05
2.44709e-05
2.17734e-05
1.98803e-05
1.84385e-05
1.7237e-05
1.63744e-05
1.68413e-05
1.98325e-05
2.69711e-05
4.29255e-05
6.26854e-05
7.65797e-05
8.09032e-05
7.72649e-05
6.85721e-05
5.69349e-05
4.51641e-05
3.56992e-05
3.077e-05
3.51834e-05
5.10498e-05
7.2292e-05
8.7491e-05
8.81756e-05
7.52453e-05
5.60348e-05
3.77629e-05
2.42364e-05
1.59641e-05
1.14064e-05
8.62942e-06
6.55416e-06
4.86542e-06
3.50294e-06
2.43375e-06
1.63036e-06
1.06468e-06
7.34986e-07
6.45093e-07
6.3855e-07
8.49314e-07
7.44375e-07
3.79604e-05
4.15284e-05
5.26878e-05
5.93939e-05
6.11313e-05
5.99435e-05
5.70392e-05
5.58444e-05
6.29606e-05
7.80921e-05
8.79271e-05
8.83787e-05
8.65673e-05
8.44077e-05
7.98175e-05
7.05134e-05
5.75466e-05
4.38958e-05
3.17676e-05
2.14062e-05
1.30076e-05
1.13242e-05
2.1936e-05
3.56179e-05
4.13094e-05
4.37232e-05
5.40442e-05
6.8639e-05
7.71978e-05
7.60866e-05
7.01531e-05
6.64732e-05
6.60809e-05
6.88493e-05
7.24181e-05
7.17188e-05
6.77068e-05
6.312e-05
5.94368e-05
5.64617e-05
5.29746e-05
4.80699e-05
4.20038e-05
3.52971e-05
2.76999e-05
1.93525e-05
1.50183e-05
1.83001e-05
2.37894e-05
3.20887e-05
4.61803e-05
6.04217e-05
6.43912e-05
5.73424e-05
4.62356e-05
3.68905e-05
3.04464e-05
2.58381e-05
2.24029e-05
1.99599e-05
1.82655e-05
1.70405e-05
1.61086e-05
1.54744e-05
1.58316e-05
1.84319e-05
2.4228e-05
3.78005e-05
5.66187e-05
7.04477e-05
7.48027e-05
7.1429e-05
6.32337e-05
5.2053e-05
4.00134e-05
2.90034e-05
2.18218e-05
2.57134e-05
4.27492e-05
6.45338e-05
7.92604e-05
7.93397e-05
6.67026e-05
4.8918e-05
3.27098e-05
2.11918e-05
1.4336e-05
1.04523e-05
7.89733e-06
5.91982e-06
4.33796e-06
3.10347e-06
2.16107e-06
1.46351e-06
9.72759e-07
6.84519e-07
5.9506e-07
5.85626e-07
7.68547e-07
6.80529e-07
3.51814e-05
3.32137e-05
5.31517e-05
6.96194e-05
8.26884e-05
9.30645e-05
0.00010105
0.000104843
0.000101462
9.20623e-05
8.62757e-05
8.7682e-05
8.51261e-05
8.18458e-05
7.70147e-05
6.86419e-05
5.69407e-05
4.38527e-05
3.12235e-05
1.95069e-05
8.84555e-06
5.34177e-06
1.9526e-05
3.13734e-05
3.32342e-05
3.6811e-05
4.9077e-05
6.2768e-05
6.85849e-05
6.58099e-05
6.00968e-05
5.67413e-05
5.69092e-05
5.88247e-05
6.25712e-05
6.34887e-05
6.05628e-05
5.63867e-05
5.26914e-05
4.96127e-05
4.62208e-05
4.16056e-05
3.56282e-05
2.85029e-05
2.01075e-05
1.07264e-05
7.36764e-06
1.26835e-05
1.94524e-05
3.03799e-05
4.65817e-05
5.84021e-05
5.83634e-05
4.97683e-05
3.99242e-05
3.25621e-05
2.73994e-05
2.34411e-05
2.0399e-05
1.82312e-05
1.67416e-05
1.5699e-05
1.49687e-05
1.45127e-05
1.47694e-05
1.69317e-05
2.16906e-05
3.28957e-05
5.05019e-05
6.44948e-05
6.92475e-05
6.6292e-05
5.85999e-05
4.79228e-05
3.58409e-05
2.36631e-05
1.40954e-05
1.81223e-05
3.71132e-05
5.91458e-05
7.27466e-05
7.16872e-05
5.90662e-05
4.25819e-05
2.833e-05
1.8656e-05
1.29994e-05
9.63513e-06
7.26472e-06
5.40398e-06
3.94492e-06
2.82934e-06
1.98464e-06
1.35806e-06
9.13021e-07
6.47449e-07
5.54268e-07
5.42628e-07
7.01295e-07
6.32926e-07
6.58091e-05
5.85056e-05
6.3476e-05
7.13824e-05
8.13791e-05
9.33238e-05
0.000106225
0.000118568
0.000126937
0.000126825
0.000112072
8.82008e-05
8.03714e-05
7.74426e-05
7.22717e-05
6.46975e-05
5.46449e-05
4.30192e-05
3.10485e-05
1.94351e-05
8.85557e-06
5.65032e-06
2.01052e-05
2.65502e-05
2.50576e-05
3.19525e-05
4.56137e-05
5.75319e-05
6.02959e-05
5.63065e-05
5.14134e-05
4.86826e-05
4.91228e-05
5.06218e-05
5.36124e-05
5.58981e-05
5.42845e-05
5.05982e-05
4.69063e-05
4.36822e-05
4.03313e-05
3.60451e-05
3.04452e-05
2.35315e-05
1.5268e-05
5.90381e-06
3.10143e-06
9.3839e-06
1.75973e-05
3.15782e-05
4.77201e-05
5.5366e-05
5.17255e-05
4.27704e-05
3.46237e-05
2.88753e-05
2.46105e-05
2.1177e-05
1.85194e-05
1.66303e-05
1.53335e-05
1.44367e-05
1.38446e-05
1.35171e-05
1.37157e-05
1.54656e-05
1.94075e-05
2.84223e-05
4.45378e-05
5.87848e-05
6.42855e-05
6.19632e-05
5.48481e-05
4.47647e-05
3.29291e-05
2.03062e-05
8.33888e-06
1.31129e-05
3.40443e-05
5.56174e-05
6.74812e-05
6.49712e-05
5.22786e-05
3.70475e-05
2.46324e-05
1.65856e-05
1.18899e-05
8.91462e-06
6.70543e-06
4.97053e-06
3.63258e-06
2.61784e-06
1.84737e-06
1.27279e-06
8.62792e-07
6.16362e-07
5.2306e-07
5.0971e-07
6.45896e-07
5.91404e-07
)
;

boundaryField
{
    outlet
    {
        type            zeroGradient;
    }
    inlet
    {
        type            zeroGradient;
    }
    lowerWall
    {
        type            zeroGradient;
    }
    upperWall
    {
        type            zeroGradient;
    }
    frontAndBack
    {
        type            empty;
    }
}


// ************************************************************************* //
