/*--------------------------------*- C++ -*----------------------------------*\
| =========                 |                                                 |
| \\      /  F ield         | OpenFOAM: The Open Source CFD Toolbox           |
|  \\    /   O peration     | Version:  2.1.1                                 |
|   \\  /    A nd           | Web:      www.OpenFOAM.org                      |
|    \\/     M anipulation  |                                                 |
\*---------------------------------------------------------------------------*/
FoamFile
{
    version     2.0;
    format      ascii;
    class       volScalarField;
    location    "0.01";
    object      epsilon;
}
// * * * * * * * * * * * * * * * * * * * * * * * * * * * * * * * * * * * * * //

dimensions      [0 2 -3 0 0 0 0];

internalField   nonuniform List<scalar> 
6820
(
151.446
203.146
260.729
321.772
383.703
443.951
500.291
551.079
595.333
632.687
663.288
687.655
706.554
720.884
731.602
739.65
745.904
751.188
755.959
760.305
764.33
768.052
771.457
774.539
777.331
779.911
782.399
784.937
787.667
790.782
793.938
799.639
792.638
11.7449
21.4002
29.8857
38.4927
47.3261
56.12
64.6238
72.6226
79.9392
86.4451
92.0591
96.7395
100.475
103.276
105.176
106.231
106.534
106.239
105.621
104.966
104.437
104.059
103.796
103.601
103.416
103.17
102.78
102.167
101.265
99.9973
98.3967
95.9798
94.03
5.83765
7.51934
9.21337
10.8204
12.336
13.769
15.1149
16.3693
17.5294
18.5941
19.5637
20.4404
21.2274
21.9288
22.5483
23.0898
23.5583
23.9579
24.3095
24.6656
24.9577
25.1799
25.3671
25.5444
25.7163
25.8659
25.9602
25.9591
25.8267
25.5363
25.0833
24.436
23.6949
5.24212
5.56004
6.00512
6.4957
6.99062
7.47085
7.92749
8.35647
8.75635
9.12715
9.46985
9.78595
10.0772
10.3453
10.5911
10.8147
11.0158
11.1975
11.3596
11.5002
11.6288
11.7576
11.8982
12.0558
12.2265
12.3959
12.5419
12.6397
12.6682
12.614
12.4764
12.2559
11.9868
5.17348
5.18684
5.26837
5.39822
5.55727
5.73119
5.91013
6.08773
6.26
6.42455
6.58005
6.72589
6.86187
6.98792
7.10372
7.20902
7.30367
7.38703
7.46171
7.53292
7.60841
7.69681
7.80478
7.9341
8.07959
8.2292
8.36611
8.47246
8.53364
8.5412
8.49551
8.40122
8.27663
5.16876
5.12119
5.09584
5.09467
5.11531
5.15314
5.20313
5.26091
5.32302
5.38689
5.45066
5.51305
5.57317
5.63026
5.68362
5.73226
5.77556
5.81406
5.85033
5.88922
5.93743
6.00193
6.08756
6.19485
6.31874
6.44883
6.57137
6.67227
6.74032
6.7694
6.76013
6.71755
6.6541
5.16886
5.11167
5.06118
5.01974
4.98862
4.96787
4.95657
4.95325
4.95631
4.96418
4.97556
4.98934
5.00467
5.02069
5.0364
5.05085
5.06349
5.07489
5.08746
5.10569
5.13555
5.18306
5.25218
5.34298
5.45066
5.56598
5.67707
5.77195
5.84126
5.88002
5.88874
5.8722
5.83989
5.169
5.11059
5.05512
5.00344
4.95638
4.91452
4.8781
4.84702
4.82091
4.79925
4.78151
4.76713
4.75558
4.7462
4.7382
4.73074
4.72336
4.71667
4.71297
4.71648
4.73281
4.76748
4.82406
4.90251
4.99834
5.10312
5.20609
5.29651
5.36593
5.40985
5.42851
5.42622
5.41079
5.16903
5.11051
5.0543
5.00056
4.94949
4.90134
4.85634
4.8146
4.77616
4.74095
4.70888
4.67978
4.65345
4.62953
4.60745
4.58655
4.56652
4.54801
4.53331
4.52654
4.53311
4.55835
4.60573
4.67527
4.76281
4.86047
4.95814
5.04573
5.11521
5.16215
5.18644
5.19185
5.18516
5.16903
5.11051
5.05419
5.00007
4.94815
4.89844
4.85101
4.80587
4.76308
4.72264
4.68457
4.64887
4.6155
4.58428
4.5548
4.52656
4.49932
4.47381
4.45232
4.43893
4.43901
4.45785
4.49896
4.56254
4.64469
4.73788
4.83241
4.91844
4.98805
5.03669
5.06384
5.0728
5.06966
5.16903
5.11051
5.05417
4.99999
4.94791
4.89787
4.84983
4.80377
4.75966
4.71749
4.67727
4.63904
4.6028
4.56843
4.53558
4.50383
4.47299
4.44382
4.4186
4.40141
4.39759
4.4125
4.44976
4.50972
4.5887
4.67941
4.77231
4.85762
4.92735
4.97672
5.00483
5.01459
5.01157
5.16903
5.1105
5.05416
4.99997
4.94784
4.89772
4.84954
4.80324
4.75878
4.7161
4.6752
4.63612
4.59885
4.56328
4.52909
4.49586
4.46344
4.43257
4.40551
4.38632
4.38038
4.39309
4.42818
4.48616
4.5635
4.65301
4.7452
4.83023
4.89992
4.94925
4.97699
4.98571
4.98069
5.16903
5.1105
5.05416
4.99995
4.94781
4.89766
4.84943
4.80306
4.75848
4.71565
4.67454
4.63517
4.59755
4.56155
4.52686
4.49306
4.45999
4.42837
4.40043
4.38024
4.37317
4.38468
4.41861
4.47557
4.55213
4.64114
4.73306
4.8179
4.8873
4.93595
4.96239
4.96894
4.9607
5.16903
5.1105
5.05415
4.99994
4.94778
4.89761
4.84936
4.80295
4.75832
4.71541
4.67421
4.63473
4.59696
4.56078
4.52588
4.49184
4.45848
4.4265
4.39811
4.37735
4.36963
4.38045
4.41372
4.47014
4.54632
4.6351
4.72684
4.81138
4.88015
4.92761
4.9521
4.95581
4.9437
5.16903
5.1105
5.05415
4.99993
4.94776
4.89757
4.84929
4.80285
4.75818
4.71523
4.67396
4.6344
4.59654
4.56025
4.52523
4.49105
4.45751
4.4253
4.39661
4.37547
4.36729
4.37764
4.41048
4.46655
4.5425
4.63108
4.72255
4.80658
4.87436
4.92021
4.94232
4.94277
4.92653
5.16903
5.1105
5.05415
4.99992
4.94774
4.89754
4.84924
4.80276
4.75806
4.71506
4.67374
4.63411
4.59616
4.55978
4.52466
4.49036
4.45668
4.42427
4.39533
4.37388
4.36533
4.3753
4.4078
4.46359
4.53931
4.62765
4.7187
4.80197
4.86847
4.91237
4.93178
4.92876
4.90831
5.16903
5.1105
5.05415
4.99992
4.94773
4.89751
4.84918
4.80269
4.75794
4.7149
4.67352
4.63383
4.5958
4.55934
4.52411
4.4897
4.45587
4.42328
4.39411
4.37237
4.36351
4.37315
4.40535
4.4609
4.53637
4.62438
4.71486
4.79716
4.86213
4.90383
4.92033
4.91374
4.88913
5.16903
5.11051
5.05415
4.99991
4.94772
4.89748
4.84914
4.80261
4.75783
4.71475
4.67332
4.63356
4.59546
4.5589
4.52358
4.48904
4.45508
4.42231
4.39292
4.37091
4.36176
4.37111
4.40305
4.45837
4.53358
4.62119
4.71099
4.79216
4.85541
4.89474
4.90822
4.89805
4.86939
5.16903
5.11051
5.05415
4.99991
4.94771
4.89746
4.8491
4.80255
4.75774
4.71461
4.67313
4.6333
4.59513
4.55849
4.52306
4.48841
4.4543
4.42136
4.39175
4.3695
4.36008
4.36918
4.4009
4.456
4.53095
4.61812
4.70715
4.78708
4.8485
4.88536
4.89579
4.88208
4.84955
5.16903
5.11051
5.05416
4.99991
4.9477
4.89745
4.84907
4.80249
4.75765
4.71448
4.67295
4.63306
4.59481
4.55808
4.52256
4.48778
4.45354
4.42043
4.39062
4.36813
4.35848
4.36736
4.39889
4.4538
4.52849
4.6152
4.70342
4.78204
4.84157
4.87594
4.88335
4.86622
4.83003
5.16903
5.11052
5.05416
4.99992
4.9477
4.89743
4.84903
4.80244
4.75756
4.71435
4.67278
4.63283
4.59451
4.5577
4.52207
4.48718
4.4528
4.41952
4.38952
4.36682
4.35695
4.36565
4.39702
4.45176
4.5262
4.61245
4.69985
4.77715
4.83479
4.8667
4.87118
4.8508
4.81119
5.16904
5.11052
5.05417
4.99992
4.9477
4.89742
4.84901
4.80239
4.75748
4.71424
4.67261
4.63261
4.59422
4.55733
4.52161
4.48661
4.45209
4.41865
4.38846
4.36557
4.35551
4.36405
4.39528
4.44989
4.5241
4.60989
4.69648
4.77247
4.82826
4.85781
4.8595
4.83607
4.79332
5.16904
5.11052
5.05417
4.99992
4.94769
4.89741
4.84898
4.80234
4.75741
4.71413
4.67246
4.63241
4.59395
4.55697
4.52116
4.48605
4.4514
4.41782
4.38746
4.36438
4.35415
4.36255
4.39367
4.44816
4.52216
4.60752
4.69331
4.76805
4.82208
4.84939
4.84847
4.82223
4.77662
5.16904
5.11053
5.05417
4.99992
4.94769
4.8974
4.84896
4.8023
4.75734
4.71403
4.67232
4.63221
4.59369
4.55664
4.52074
4.48553
4.45076
4.41703
4.3865
4.36326
4.35287
4.36114
4.39217
4.44656
4.52036
4.60532
4.69037
4.76393
4.8163
4.84153
4.83822
4.80942
4.76126
5.16904
5.11053
5.05418
4.99993
4.94769
4.89739
4.84893
4.80225
4.75727
4.71393
4.67218
4.63202
4.59344
4.55632
4.52034
4.48503
4.45014
4.41627
4.3856
4.3622
4.35167
4.35983
4.39077
4.44506
4.51868
4.60326
4.68762
4.7601
4.81096
4.8343
4.82882
4.79773
4.74731
5.16904
5.11053
5.05418
4.99993
4.94769
4.89737
4.84891
4.80221
4.75721
4.71383
4.67205
4.63184
4.59321
4.55602
4.51996
4.48456
4.44956
4.41557
4.38475
4.3612
4.35054
4.35859
4.38945
4.44365
4.5171
4.60134
4.68507
4.75656
4.80607
4.82771
4.82032
4.78722
4.73482
5.16904
5.11054
5.05418
4.99993
4.94768
4.89736
4.84889
4.80217
4.75715
4.71375
4.67192
4.63168
4.59299
4.55574
4.5196
4.48412
4.44902
4.41491
4.38395
4.36026
4.34947
4.35742
4.3882
4.44231
4.51559
4.59951
4.68268
4.75331
4.80162
4.82179
4.81272
4.77789
4.7238
5.16904
5.11054
5.05418
4.99993
4.94768
4.89735
4.84886
4.80213
4.75709
4.71366
4.6718
4.63151
4.59278
4.55547
4.51927
4.4837
4.44851
4.41429
4.38321
4.35939
4.34848
4.35631
4.387
4.44101
4.51414
4.59777
4.68045
4.75032
4.7976
4.81651
4.80603
4.76972
4.71421
5.16904
5.11054
5.05419
4.99993
4.94767
4.89734
4.84884
4.8021
4.75703
4.71358
4.67169
4.63137
4.59258
4.55522
4.51896
4.48332
4.44804
4.41372
4.38253
4.35858
4.34754
4.35526
4.38584
4.43974
4.51271
4.59608
4.67834
4.74757
4.79399
4.81184
4.80018
4.76266
4.70597
5.16904
5.11054
5.05418
4.99992
4.94766
4.89731
4.8488
4.80205
4.75697
4.71349
4.67157
4.63121
4.59239
4.55498
4.51866
4.48295
4.4476
4.41319
4.38189
4.35783
4.34666
4.35426
4.38472
4.43851
4.51133
4.59446
4.67635
4.74505
4.79077
4.80776
4.79515
4.75664
4.699
5.16904
5.11054
5.05419
4.99993
4.94767
4.89733
4.84881
4.80204
4.75695
4.71345
4.67151
4.63112
4.59225
4.5548
4.51843
4.48266
4.44724
4.41275
4.38135
4.35717
4.34587
4.35334
4.38367
4.43731
4.50997
4.59288
4.67446
4.74272
4.78787
4.80419
4.79082
4.75154
4.69316
5.16904
5.11053
5.05416
4.99989
4.94763
4.89727
4.84875
4.80198
4.75687
4.71336
4.6714
4.63098
4.59209
4.5546
4.51818
4.48238
4.44691
4.41235
4.38087
4.35659
4.34518
4.35253
4.38273
4.43625
4.50875
4.59146
4.67277
4.74067
4.78536
4.80112
4.78715
4.74726
4.68829
5.16905
5.11056
5.05423
5
4.94776
4.89743
4.84892
4.80215
4.75704
4.71351
4.67154
4.63111
4.59219
4.55467
4.51823
4.48239
4.44688
4.41227
4.38073
4.35637
4.34486
4.35209
4.38216
4.43553
4.50786
4.59037
4.67141
4.73897
4.78325
4.79855
4.78409
4.7437
4.68427
5.16903
5.11051
5.05417
4.99994
4.94772
4.89742
4.84894
4.8022
4.75712
4.71363
4.67169
4.6313
4.59243
4.55496
4.51858
4.48281
4.44738
4.41286
4.38141
4.35714
4.34572
4.35304
4.3832
4.43662
4.50897
4.59142
4.67231
4.73961
4.78353
4.79837
4.78338
4.74244
4.68247
5.16907
5.11073
5.0546
5.00055
4.94849
4.89832
4.84999
4.80342
4.75855
4.71533
4.67371
4.63369
4.59525
4.55828
4.52245
4.48728
4.45249
4.41866
4.38792
4.3644
4.35374
4.36181
4.39272
4.44685
4.51982
4.60279
4.68403
4.75149
4.79533
4.80986
4.79433
4.75263
4.69172
5.16906
5.11074
5.05483
5.00132
4.95007
4.90099
4.85402
4.80909
4.76614
4.72511
4.68595
4.64862
4.6131
4.57922
4.54663
4.51481
4.48346
4.45312
4.42591
4.40594
4.39887
4.41058
4.44517
4.50301
4.57966
4.6661
4.75043
4.82031
4.86567
4.8806
4.86425
4.82052
4.7565
5.16944
5.11382
5.06225
5.01462
4.97093
4.93111
4.89494
4.86215
4.83241
4.80539
4.7808
4.75839
4.73792
4.71909
4.70141
4.68426
4.66722
4.65077
4.63699
4.63004
4.63571
4.6601
4.70758
4.7787
4.86899
4.96907
5.06627
5.14727
5.20085
5.22021
5.20397
5.15614
5.08431
5.17813
5.16255
5.16642
5.1856
5.21582
5.25406
5.29797
5.34578
5.39622
5.44833
5.50144
5.55511
5.60908
5.66309
5.71676
5.76953
5.82101
5.87165
5.92364
5.98143
6.05147
6.14078
6.25464
6.39397
6.55361
6.72215
6.88363
7.02078
7.11877
7.16844
7.16793
7.12291
7.04374
5.63876
6.43274
7.15117
7.84587
8.53654
9.21712
9.88228
10.5307
11.1632
11.7817
12.3889
12.9873
13.5794
14.1671
14.751
15.3309
15.9057
16.4742
17.0362
17.5932
18.1475
18.7008
19.2517
19.7935
20.3135
20.7941
21.2158
21.561
21.8188
21.987
22.0733
22.0946
22.069
44.7795
48.3126
51.8878
55.4675
59.0325
62.5707
66.071
69.523
72.917
76.2441
79.4965
82.6673
85.7504
88.7396
91.6287
94.4113
97.0832
99.6449
102.103
104.466
106.739
108.909
110.941
112.778
114.348
115.579
116.421
116.856
116.905
116.621
116.078
115.362
114.54
831.741
901.62
999.886
1087.18
1085.12
946.708
683.132
371.059
134.404
37.8719
27.0903
36.0459
45.1347
51.9586
56.7147
59.647
60.8045
60.1724
57.7567
53.6338
48.0183
41.3314
34.2062
27.3764
21.4713
16.83
13.4511
11.0966
9.4586
8.28302
7.407
6.73828
6.22186
5.8192
5.50105
5.24585
5.03854
4.86877
4.72913
4.61404
4.51914
4.44095
4.37664
4.3239
4.28079
4.24571
4.2173
4.19443
4.17612
4.16159
4.15015
4.14123
4.13436
4.12914
4.12526
4.12243
4.12045
4.11913
4.11831
4.11788
4.11774
4.11782
4.11805
4.11838
4.11878
4.1192
4.11964
4.12008
4.12049
4.12088
4.12124
4.12155
4.12183
4.12207
4.12228
4.12244
4.12257
4.12267
4.12273
4.12276
4.12277
4.12276
4.12272
4.12266
4.12259
4.1225
4.12239
4.12228
4.12215
4.12202
4.12188
4.12173
4.12158
4.12142
4.12126
4.12109
4.12094
4.12067
4.121
4.11828
85.3275
79.5844
81.5041
88.0323
89.2954
72.4848
39.7877
17.3347
14.5881
20.4662
26.9277
33.0792
38.6861
43.402
47.0643
49.5638
50.7816
50.6173
49.0134
45.9842
41.6673
36.3784
30.617
24.9802
19.9994
15.9877
12.9864
10.8358
9.30337
8.18576
7.346
6.70216
6.20329
5.81317
5.50421
5.25596
5.05395
4.88807
4.75111
4.63764
4.54346
4.46525
4.40035
4.34657
4.30211
4.26547
4.23538
4.21078
4.19075
4.17453
4.16147
4.15102
4.14271
4.13617
4.13107
4.12712
4.12412
4.12187
4.12021
4.11903
4.11821
4.11767
4.11735
4.11719
4.11714
4.11717
4.11726
4.11738
4.11751
4.11765
4.11778
4.1179
4.118
4.11808
4.11814
4.11818
4.1182
4.11819
4.11817
4.11813
4.11807
4.11799
4.1179
4.11779
4.11768
4.11755
4.11741
4.11727
4.11712
4.11696
4.1168
4.11663
4.11646
4.11629
4.11612
4.11594
4.11578
4.1155
4.11582
4.1131
22.2754
20.7284
19.6147
18.7058
17.489
15.941
15.1347
15.5967
17.077
19.8138
23.6524
27.9629
32.1517
35.8385
38.8239
40.9839
42.2037
42.3751
41.4132
39.2869
36.0668
31.9746
27.3916
22.7953
18.6306
15.184
12.5292
10.5712
9.14176
8.08211
7.27866
6.65944
6.1777
5.7997
5.49967
5.25831
5.06173
4.90012
4.76638
4.6552
4.56251
4.48509
4.42037
4.3663
4.32117
4.28357
4.25232
4.22641
4.205
4.18736
4.17288
4.16104
4.1514
4.14358
4.13728
4.13221
4.12816
4.12494
4.1224
4.1204
4.11884
4.11762
4.11668
4.11596
4.11541
4.11499
4.11467
4.11441
4.11422
4.11405
4.11392
4.1138
4.11369
4.11358
4.11347
4.11336
4.11324
4.11311
4.11298
4.11285
4.1127
4.11255
4.11239
4.11223
4.11206
4.11189
4.11171
4.11153
4.11135
4.11117
4.11098
4.11079
4.1106
4.11041
4.11022
4.11003
4.10986
4.10957
4.10989
4.10716
11.5599
11.0339
10.5948
10.3263
10.2822
10.5345
11.1978
12.4088
14.2846
16.8552
19.9877
23.3848
26.6858
29.6197
32.0449
33.876
35.0283
35.4061
34.9155
33.4951
31.1629
28.062
24.4741
20.773
17.3262
14.3903
12.0598
10.2898
8.96526
7.96639
7.20118
6.6076
6.14347
5.77781
5.48678
5.25233
5.06129
4.90415
4.77399
4.6656
4.57499
4.49902
4.43521
4.38157
4.33647
4.29858
4.26677
4.24011
4.2178
4.19917
4.18364
4.17072
4.16
4.15112
4.14378
4.13773
4.13274
4.12863
4.12526
4.12249
4.12021
4.11834
4.1168
4.11552
4.11447
4.11358
4.11284
4.11221
4.11167
4.1112
4.11079
4.11042
4.11008
4.10977
4.10948
4.10921
4.10895
4.1087
4.10845
4.10821
4.10798
4.10775
4.10752
4.1073
4.10707
4.10685
4.10663
4.10641
4.1062
4.10598
4.10577
4.10556
4.10535
4.10514
4.10494
4.10473
4.10455
4.10425
4.10455
4.10182
8.09155
7.87345
7.73812
7.76015
7.98183
8.45179
9.25025
10.4757
12.1936
14.3947
16.9652
19.6799
22.2876
24.611
26.5605
28.0849
29.1284
29.6137
29.4501
28.5603
26.9248
24.6248
21.8598
18.9161
16.0916
13.6119
11.5818
9.99362
8.77508
7.8395
7.11445
6.54763
6.10173
5.74868
5.4667
5.23913
5.05354
4.90086
4.77435
4.66894
4.5807
4.50658
4.44415
4.39147
4.34696
4.30935
4.27755
4.25068
4.22799
4.20883
4.19269
4.17908
4.16763
4.15799
4.14989
4.14308
4.13736
4.13255
4.1285
4.12509
4.12221
4.11978
4.11771
4.11595
4.11445
4.11316
4.11204
4.11107
4.11022
4.10947
4.1088
4.1082
4.10766
4.10716
4.10671
4.10628
4.10589
4.10552
4.10517
4.10483
4.10452
4.10421
4.10392
4.10363
4.10336
4.10309
4.10283
4.10258
4.10233
4.10209
4.10185
4.10162
4.10139
4.10116
4.10095
4.10073
4.10053
4.10022
4.10052
4.09777
6.56346
6.46445
6.42841
6.5216
6.79861
7.308
8.09939
9.21811
10.6924
12.5069
14.5687
16.7129
18.765
20.603
22.1671
23.4276
24.3497
24.8754
24.9246
24.417
23.3104
21.6408
19.5419
17.2272
14.934
12.8563
11.101
9.6865
8.57366
7.70315
7.01989
6.48092
6.05388
5.7138
5.44101
5.22025
5.03998
4.89159
4.76861
4.66613
4.58032
4.50818
4.44735
4.39592
4.35235
4.3154
4.28402
4.25737
4.23472
4.21547
4.19911
4.1852
4.17337
4.16331
4.15475
4.14747
4.14127
4.13598
4.13146
4.12759
4.12428
4.12143
4.11898
4.11685
4.11501
4.1134
4.11199
4.11075
4.10965
4.10868
4.1078
4.10702
4.10631
4.10566
4.10507
4.10452
4.10402
4.10355
4.10311
4.1027
4.10232
4.10195
4.1016
4.10127
4.10095
4.10064
4.10035
4.10007
4.09979
4.09953
4.09927
4.09902
4.09878
4.09854
4.09831
4.09808
4.09788
4.09756
4.09785
4.09509
5.79513
5.75622
5.77314
5.89808
6.17561
6.64425
7.34187
8.29987
9.52863
11.0012
12.6409
14.3299
15.9476
17.4092
18.6729
19.7192
20.526
21.051
21.2284
20.9839
20.2655
19.0784
17.507
15.7055
13.859
12.1306
10.6235
9.37272
8.36373
7.55918
6.91895
6.40878
6.00128
5.67458
5.41117
5.19725
5.02219
4.87792
4.75829
4.65857
4.57507
4.50487
4.44565
4.39555
4.35307
4.31697
4.28626
4.26009
4.23777
4.21873
4.20245
4.18854
4.17663
4.16644
4.1577
4.1502
4.14376
4.13822
4.13344
4.12931
4.12573
4.12263
4.11993
4.11757
4.11551
4.11369
4.11209
4.11067
4.1094
4.10827
4.10726
4.10634
4.10552
4.10476
4.10408
4.10345
4.10287
4.10233
4.10183
4.10136
4.10092
4.10051
4.10013
4.09976
4.09941
4.09908
4.09876
4.09846
4.09816
4.09788
4.09761
4.09735
4.09709
4.09685
4.09661
4.09637
4.09616
4.09584
4.09612
4.09335
5.38944
5.3797
5.41826
5.54594
5.80003
6.21214
6.80927
7.60933
8.61235
9.79168
11.0885
12.4197
13.7024
14.8764
15.91
16.7877
17.493
17.9948
18.2414
18.1694
17.726
16.8987
15.7359
14.3457
12.8691
11.4405
10.1549
9.05644
8.14805
7.40941
6.81296
6.33236
5.94501
5.63216
5.37842
5.17145
5.00157
4.86131
4.74486
4.64774
4.56638
4.49798
4.44028
4.39146
4.35006
4.31486
4.28489
4.25933
4.23749
4.21881
4.20282
4.1891
4.17732
4.16719
4.15847
4.15095
4.14446
4.13884
4.13397
4.12974
4.12606
4.12284
4.12003
4.11755
4.11538
4.11345
4.11175
4.11023
4.10887
4.10766
4.10656
4.10558
4.10468
4.10387
4.10313
4.10245
4.10182
4.10124
4.10071
4.10021
4.09974
4.0993
4.09889
4.0985
4.09814
4.09779
4.09746
4.09714
4.09684
4.09655
4.09627
4.096
4.09574
4.09548
4.09524
4.095
4.09478
4.09446
4.09474
4.09196
5.17478
5.17723
5.22142
5.33968
5.56188
5.91256
6.41063
7.06637
7.87573
8.81541
9.84164
10.8966
11.9229
12.8775
13.7345
14.4794
15.0979
15.5657
15.8429
15.8781
15.6233
15.0576
14.2052
13.1392
11.9648
10.7903
9.7
8.7416
7.9293
7.25558
6.70313
6.2526
5.88594
5.58738
5.34363
5.14381
4.97919
4.8429
4.72956
4.63489
4.55554
4.4888
4.43249
4.38486
4.34446
4.31013
4.28089
4.25594
4.23463
4.21638
4.20074
4.18731
4.17577
4.16582
4.15724
4.14983
4.14341
4.13784
4.133
4.12878
4.12509
4.12186
4.11903
4.11653
4.11432
4.11237
4.11063
4.10908
4.10769
4.10645
4.10532
4.10431
4.10339
4.10255
4.10179
4.10108
4.10044
4.09984
4.09929
4.09878
4.0983
4.09785
4.09743
4.09703
4.09666
4.0963
4.09596
4.09564
4.09533
4.09504
4.09475
4.09448
4.09422
4.09396
4.09372
4.09347
4.09326
4.09293
4.09321
4.09043
5.06263
5.06693
5.10682
5.20848
5.39588
5.68797
6.09781
6.63067
7.28092
8.02985
8.84585
9.68885
10.519
11.3044
12.0237
12.6622
13.2063
13.636
13.9201
14.0178
13.8888
13.5093
12.8887
12.0747
11.1443
10.1829
9.263
8.43173
7.71001
7.09935
6.59057
6.17033
5.82472
5.54085
5.30744
5.115
4.95578
4.82352
4.71325
4.62099
4.54356
4.47838
4.42336
4.37681
4.33733
4.30379
4.27523
4.25087
4.23006
4.21224
4.19698
4.18387
4.17259
4.16288
4.1545
4.14725
4.14096
4.13551
4.13076
4.12662
4.12299
4.11981
4.11702
4.11455
4.11237
4.11043
4.10871
4.10717
4.10579
4.10455
4.10343
4.10242
4.1015
4.10066
4.0999
4.0992
4.09855
4.09795
4.0974
4.09689
4.0964
4.09596
4.09553
4.09514
4.09476
4.0944
4.09406
4.09374
4.09343
4.09314
4.09285
4.09258
4.09231
4.09206
4.09181
4.09157
4.09135
4.09102
4.09131
4.08853
5.00323
5.0033
5.03342
5.11552
5.26906
5.50865
5.84322
6.27505
6.79839
7.39867
8.05317
8.73395
9.41284
10.0659
10.675
11.2262
11.7059
12.0967
12.3739
12.5054
12.4581
12.2093
11.7597
11.1397
10.4043
9.61991
8.84714
8.12998
7.49251
6.94229
6.47631
6.08624
5.76188
5.49301
5.27024
5.08544
4.93177
4.80365
4.6965
4.60666
4.53111
4.46744
4.41365
4.36812
4.32949
4.29667
4.26873
4.24491
4.22457
4.20716
4.19225
4.17946
4.16846
4.15899
4.15081
4.14375
4.13763
4.13231
4.12769
4.12365
4.12012
4.11702
4.1143
4.11189
4.10976
4.10787
4.10619
4.10469
4.10334
4.10212
4.10103
4.10004
4.09913
4.09831
4.09756
4.09687
4.09623
4.09564
4.0951
4.09459
4.09411
4.09367
4.09325
4.09286
4.09248
4.09213
4.09179
4.09147
4.09116
4.09087
4.09059
4.09031
4.09005
4.08979
4.08955
4.0893
4.08909
4.08876
4.08904
4.08626
4.96832
4.96097
4.97889
5.0411
5.16382
5.35847
5.63108
5.9821
6.40603
6.89151
7.42207
7.97792
8.53882
9.08652
9.60574
10.0834
10.5065
10.8597
11.1226
11.2698
11.2744
11.1166
10.7925
10.3206
9.74018
9.10165
8.4548
7.83898
7.27893
6.7859
6.36135
6.00102
5.69791
5.44421
5.23231
5.05537
4.90745
4.78358
4.67964
4.59224
4.5186
4.45643
4.40384
4.35929
4.32148
4.28934
4.26198
4.23866
4.21875
4.20172
4.18715
4.17465
4.16391
4.15467
4.1467
4.13982
4.13387
4.1287
4.1242
4.12029
4.11686
4.11385
4.11121
4.10888
4.10682
4.10499
4.10335
4.1019
4.10059
4.09941
4.09835
4.09738
4.09651
4.09571
4.09497
4.0943
4.09368
4.0931
4.09257
4.09207
4.0916
4.09117
4.09075
4.09036
4.09
4.08965
4.08931
4.089
4.08869
4.0884
4.08812
4.08785
4.08758
4.08733
4.08708
4.08684
4.08662
4.0863
4.08658
4.0838
4.94292
4.92685
4.93211
4.97578
5.07173
5.22905
5.45172
5.73893
6.0855
6.48235
6.91727
7.37597
7.84362
8.30615
8.75079
9.16572
9.53888
9.85647
10.1014
10.2532
10.2903
10.1955
9.96327
9.60444
9.14646
8.62747
8.08755
7.56083
7.07111
6.63153
6.24663
5.91529
5.63322
5.39474
5.19388
5.02496
4.88295
4.76346
4.66282
4.57793
4.50622
4.44557
4.39419
4.35061
4.31359
4.28211
4.25531
4.23246
4.21296
4.19629
4.18203
4.16981
4.15932
4.1503
4.14253
4.13583
4.13003
4.12501
4.12064
4.11684
4.11352
4.11061
4.10805
4.10579
4.1038
4.10203
4.10045
4.09905
4.09778
4.09664
4.09562
4.09468
4.09383
4.09306
4.09235
4.09169
4.09109
4.09053
4.09001
4.08952
4.08906
4.08863
4.08823
4.08785
4.08749
4.08714
4.08681
4.0865
4.08619
4.0859
4.08562
4.08535
4.08509
4.08484
4.08459
4.08435
4.08414
4.08381
4.08409
4.08131
4.92
4.89503
4.88828
4.91551
4.98889
5.11577
5.29859
5.53563
5.8219
6.1499
6.5103
6.89256
7.28561
7.67851
8.06068
8.42168
8.75059
9.03512
9.26074
9.41062
9.46723
9.41618
9.25128
8.97863
8.6173
8.19586
7.74615
7.2971
6.87061
6.48043
6.13304
5.82968
5.56824
5.3449
5.15512
4.99436
4.85837
4.74338
4.64612
4.5638
4.49408
4.43497
4.38481
4.3422
4.30598
4.27515
4.24889
4.22651
4.2074
4.19108
4.17711
4.16515
4.1549
4.14609
4.13851
4.13197
4.12633
4.12144
4.1172
4.11351
4.11029
4.10747
4.105
4.10282
4.10089
4.09918
4.09766
4.0963
4.09508
4.09399
4.09299
4.09209
4.09127
4.09052
4.08983
4.0892
4.08861
4.08806
4.08756
4.08708
4.08663
4.08621
4.08582
4.08544
4.08509
4.08475
4.08442
4.08411
4.08381
4.08352
4.08324
4.08298
4.08272
4.08246
4.08222
4.08197
4.08176
4.08143
4.08172
4.07893
4.89685
4.86339
4.84578
4.85884
4.91352
5.01578
5.16687
5.36435
5.6033
5.87731
6.179
6.50039
6.83314
7.16866
7.49821
7.81273
8.10252
8.35671
8.56287
8.70697
8.77467
8.75389
8.63857
8.43179
8.14673
7.80468
7.43069
7.04883
6.67867
6.33367
6.02141
5.74477
5.50337
5.29494
5.11622
4.96367
4.83379
4.72338
4.62957
4.54989
4.48219
4.42466
4.37574
4.33412
4.29869
4.26852
4.2428
4.22087
4.20215
4.18615
4.17248
4.16077
4.15074
4.14213
4.13473
4.12836
4.12286
4.1181
4.11398
4.1104
4.10727
4.10454
4.10215
4.10004
4.09818
4.09653
4.09507
4.09375
4.09258
4.09152
4.09056
4.08969
4.0889
4.08817
4.0875
4.08689
4.08632
4.08579
4.08529
4.08483
4.08439
4.08398
4.08359
4.08322
4.08287
4.08254
4.08222
4.08191
4.08161
4.08133
4.08105
4.08078
4.08052
4.08027
4.08003
4.07978
4.07957
4.07924
4.07953
4.07673
4.87285
4.83154
4.80435
4.8054
4.84468
4.92707
5.05282
5.21891
5.42041
5.65161
5.90652
6.17897
6.46254
6.75047
7.03555
7.31001
7.56533
7.792
7.97931
8.11551
8.1887
8.18877
8.11005
7.95375
7.72894
7.45139
7.14068
6.8166
6.4962
6.19217
5.91249
5.66112
5.43901
5.24514
5.07736
4.933
4.80927
4.7035
4.61321
4.53621
4.47057
4.41464
4.36698
4.32636
4.29174
4.26222
4.23704
4.21555
4.19721
4.18155
4.16815
4.15669
4.14688
4.13846
4.13123
4.12501
4.11965
4.11502
4.11101
4.10753
4.1045
4.10186
4.09954
4.0975
4.0957
4.09411
4.09269
4.09143
4.09029
4.08927
4.08835
4.08751
4.08674
4.08604
4.08539
4.08479
4.08424
4.08372
4.08324
4.08279
4.08236
4.08196
4.08158
4.08121
4.08087
4.08054
4.08022
4.07991
4.07962
4.07934
4.07906
4.0788
4.07854
4.07829
4.07804
4.0778
4.07759
4.07726
4.07754
4.07475
4.84818
4.79974
4.76421
4.75518
4.78182
4.84813
4.95354
5.09451
5.26607
5.46299
5.68025
5.91296
6.15613
6.4044
6.65181
6.89175
7.11681
7.31871
7.48825
7.61548
7.69048
7.70473
7.65308
7.53558
7.35841
7.13323
6.87525
6.60058
6.32386
6.05664
5.80691
5.57924
5.37554
5.19577
5.03871
4.90247
4.78489
4.68378
4.59704
4.52275
4.45922
4.40491
4.35853
4.31892
4.2851
4.25624
4.23159
4.21056
4.19259
4.17724
4.16412
4.1529
4.1433
4.13506
4.128
4.12193
4.1167
4.11219
4.10829
4.10491
4.10197
4.0994
4.09716
4.09519
4.09345
4.09191
4.09054
4.08932
4.08823
4.08724
4.08635
4.08553
4.08479
4.08411
4.08349
4.08291
4.08237
4.08187
4.0814
4.08095
4.08054
4.08014
4.07977
4.07941
4.07907
4.07874
4.07843
4.07813
4.07784
4.07755
4.07728
4.07702
4.07676
4.07651
4.07626
4.07602
4.07581
4.07548
4.07576
4.07296
4.8233
4.76847
4.72573
4.70823
4.72451
4.77777
4.86675
4.98745
5.13484
5.30403
5.49069
5.69086
5.90063
6.1157
6.33115
6.54136
6.73995
6.91972
7.07278
7.19067
7.26506
7.28874
7.25709
7.16949
7.03004
6.84736
6.63322
6.40064
6.162
5.92766
5.70523
5.49961
5.31331
5.14708
5.00045
4.8722
4.76071
4.66426
4.58108
4.50954
4.44811
4.39545
4.35036
4.31177
4.27876
4.25055
4.22645
4.20585
4.18826
4.17323
4.16038
4.14939
4.13998
4.13193
4.12502
4.11909
4.11399
4.1096
4.1058
4.10251
4.09966
4.09717
4.095
4.09309
4.09141
4.08992
4.0886
4.08742
4.08636
4.08541
4.08454
4.08376
4.08304
4.08238
4.08177
4.08121
4.08069
4.0802
4.07974
4.07931
4.0789
4.07851
4.07814
4.07779
4.07746
4.07713
4.07682
4.07652
4.07624
4.07596
4.07568
4.07542
4.07516
4.07491
4.07467
4.07443
4.07421
4.07389
4.07417
4.07137
4.79871
4.73817
4.68922
4.66466
4.67242
4.71503
4.79063
4.89484
5.02254
5.16909
5.33066
5.504
5.68598
5.87314
6.06142
6.24605
6.42152
6.58163
6.71959
6.82822
6.90046
6.93017
6.91327
6.8487
6.73917
6.59098
6.41322
6.21636
6.01078
5.80559
5.60789
5.42261
5.25265
5.09933
4.96276
4.8423
4.73683
4.64499
4.56537
4.49657
4.43727
4.38626
4.34246
4.30489
4.27271
4.24515
4.22158
4.20143
4.1842
4.16947
4.15688
4.14612
4.13691
4.12903
4.12228
4.11649
4.11151
4.10722
4.10352
4.10032
4.09755
4.09513
4.09302
4.09118
4.08955
4.08811
4.08683
4.08569
4.08467
4.08375
4.08291
4.08215
4.08146
4.08082
4.08023
4.07968
4.07918
4.0787
4.07825
4.07783
4.07743
4.07705
4.07669
4.07634
4.07601
4.07569
4.07538
4.07509
4.0748
4.07452
4.07425
4.07399
4.07374
4.07349
4.07324
4.073
4.07279
4.07246
4.07275
4.06994
4.77483
4.70923
4.65497
4.6245
4.62525
4.65912
4.72375
4.81442
4.92594
5.05385
5.19469
5.34574
5.50447
5.66809
5.83322
5.9958
6.15113
6.29385
6.41812
6.51782
6.58695
6.62028
6.61418
6.56739
6.48159
6.36139
6.21379
6.04716
5.87016
5.69069
5.51524
5.34859
5.19385
5.05274
4.92582
4.81291
4.71331
4.62602
4.54993
4.48386
4.42668
4.37733
4.33483
4.29828
4.26691
4.24001
4.21697
4.19725
4.18038
4.16596
4.15362
4.14308
4.13407
4.12635
4.11974
4.11408
4.10922
4.10504
4.10143
4.09832
4.09562
4.09327
4.09123
4.08943
4.08786
4.08646
4.08523
4.08413
4.08314
4.08225
4.08144
4.0807
4.08003
4.07941
4.07884
4.07831
4.07781
4.07735
4.07691
4.0765
4.0761
4.07573
4.07538
4.07503
4.07471
4.07439
4.07409
4.0738
4.07351
4.07324
4.07297
4.07271
4.07245
4.0722
4.07196
4.07172
4.0715
4.07117
4.07146
4.06865
4.75204
4.68198
4.62317
4.58777
4.58272
4.60939
4.66495
4.74441
4.84251
4.95493
5.07851
5.21093
5.35012
5.4938
5.63915
5.78275
5.92054
6.04791
6.15985
6.25112
6.31661
6.35184
6.35358
6.3205
6.25354
6.15607
6.03344
5.89234
5.73995
5.58306
5.42751
5.27782
5.13718
5.00752
4.88978
4.78413
4.69024
4.60741
4.53479
4.47143
4.41636
4.36866
4.32745
4.29193
4.26137
4.23512
4.2126
4.19331
4.17679
4.16266
4.15058
4.14025
4.13142
4.12387
4.1174
4.11186
4.10711
4.10303
4.09951
4.09648
4.09385
4.09157
4.08958
4.08784
4.08631
4.08497
4.08377
4.0827
4.08174
4.08088
4.0801
4.07939
4.07874
4.07813
4.07758
4.07706
4.07658
4.07612
4.0757
4.07529
4.07491
4.07454
4.07419
4.07386
4.07353
4.07322
4.07292
4.07263
4.07235
4.07207
4.07181
4.07155
4.07129
4.07104
4.0708
4.07056
4.07035
4.07002
4.07031
4.06749
4.73061
4.65664
4.59397
4.55444
4.54457
4.56526
4.61327
4.68335
4.77024
4.8697
4.97881
5.09555
5.21822
5.34495
5.47339
5.60061
5.72314
5.83701
5.9379
6.02133
6.08292
6.11883
6.1262
6.10366
6.05167
5.97265
5.87068
5.75111
5.61985
5.4827
5.34485
5.21052
5.08283
4.96386
4.85479
4.75609
4.6677
4.58922
4.52
4.4593
4.40632
4.36025
4.32032
4.28581
4.25606
4.23045
4.20845
4.18958
4.17342
4.15958
4.14774
4.13761
4.12896
4.12156
4.11523
4.10981
4.10516
4.10117
4.09774
4.09478
4.09222
4.09001
4.08807
4.08639
4.0849
4.08359
4.08243
4.0814
4.08047
4.07964
4.07888
4.07819
4.07756
4.07697
4.07643
4.07593
4.07546
4.07502
4.0746
4.0742
4.07382
4.07346
4.07312
4.07279
4.07247
4.07216
4.07186
4.07157
4.07129
4.07102
4.07076
4.0705
4.07024
4.07
4.06975
4.06951
4.0693
4.06897
4.06926
4.06644
4.71075
4.63338
4.56742
4.52444
4.51056
4.52624
4.56789
4.63008
4.70751
4.79604
4.89293
4.99641
5.10506
5.21734
5.33126
5.44434
5.55359
5.65559
5.74662
5.82284
5.88048
5.91623
5.92755
5.9131
5.87301
5.80896
5.72409
5.62264
5.50946
5.38951
5.26735
5.14684
5.03099
4.92193
4.821
4.72889
4.64578
4.57149
4.50559
4.4475
4.39656
4.3521
4.31345
4.27994
4.25098
4.22601
4.20452
4.18606
4.17024
4.15668
4.14508
4.13515
4.12667
4.11941
4.11321
4.10791
4.10336
4.09946
4.09611
4.09322
4.09073
4.08857
4.08669
4.08505
4.08361
4.08234
4.08121
4.08021
4.07931
4.0785
4.07777
4.0771
4.07648
4.07592
4.07539
4.0749
4.07444
4.07401
4.0736
4.07321
4.07284
4.07248
4.07214
4.07182
4.0715
4.0712
4.0709
4.07062
4.07034
4.07007
4.0698
4.06954
4.06929
4.06905
4.0688
4.06856
4.06835
4.06802
4.06831
4.06549
4.69258
4.61229
4.54353
4.49766
4.48041
4.49186
4.52812
4.58362
4.65301
4.73225
4.81877
4.91097
5.00766
5.10757
5.20901
5.30986
5.40755
5.49914
5.5814
5.65103
5.70479
5.7398
5.75383
5.74557
5.71492
5.66303
5.5923
5.50607
5.40836
5.30334
5.19501
5.08688
4.98179
4.88186
4.78853
4.70264
4.62456
4.55429
4.49159
4.43604
4.38711
4.34423
4.30682
4.2743
4.24612
4.22177
4.20079
4.18274
4.16724
4.15396
4.14258
4.13285
4.12453
4.11742
4.11134
4.10614
4.10169
4.09788
4.0946
4.09178
4.08935
4.08724
4.08541
4.08382
4.08242
4.08119
4.08009
4.07912
4.07825
4.07746
4.07675
4.0761
4.0755
4.07495
4.07444
4.07396
4.07351
4.07308
4.07268
4.0723
4.07194
4.07159
4.07125
4.07093
4.07062
4.07032
4.07003
4.06974
4.06947
4.0692
4.06893
4.06868
4.06843
4.06818
4.06794
4.0677
4.06749
4.06715
4.06745
4.06462
4.6762
4.59339
4.52228
4.47397
4.45387
4.46172
4.49338
4.54313
4.60564
4.67695
4.7546
4.83716
4.92361
5.01289
5.10358
5.19385
5.28148
5.36392
5.43841
5.50206
5.5521
5.58601
5.6018
5.59826
5.5751
5.53309
5.47403
5.40059
5.31605
5.22396
5.12779
5.0307
4.93534
4.84377
4.75748
4.67742
4.6041
4.53768
4.47806
4.42496
4.37797
4.33664
4.30044
4.26889
4.24147
4.21774
4.19725
4.17959
4.16442
4.1514
4.14025
4.1307
4.12254
4.11557
4.1096
4.10451
4.10015
4.09641
4.09321
4.09045
4.08808
4.08602
4.08424
4.08269
4.08132
4.08012
4.07906
4.07812
4.07727
4.07651
4.07581
4.07518
4.0746
4.07406
4.07356
4.0731
4.07266
4.07224
4.07185
4.07147
4.07111
4.07077
4.07044
4.07012
4.06981
4.06952
4.06923
4.06894
4.06867
4.0684
4.06814
4.06788
4.06763
4.06739
4.06715
4.06691
4.06669
4.06636
4.06666
4.06383
4.66162
4.57667
4.50357
4.45321
4.43068
4.43543
4.46312
4.50792
4.5645
4.62899
4.69902
4.7733
4.85095
4.93108
5.01248
5.09358
5.17245
5.24688
5.31447
5.37273
5.41925
5.45183
5.46871
5.46873
5.4515
5.41751
5.3681
5.30538
5.23206
5.15112
5.06559
4.97831
4.8917
4.80775
4.72795
4.65332
4.58447
4.5217
4.46502
4.41428
4.36918
4.32933
4.29433
4.26371
4.23705
4.21391
4.19389
4.17662
4.16176
4.149
4.13806
4.1287
4.12068
4.11384
4.10799
4.10299
4.09871
4.09505
4.09192
4.08922
4.0869
4.08489
4.08315
4.08164
4.08031
4.07915
4.07811
4.0772
4.07637
4.07563
4.07495
4.07434
4.07377
4.07325
4.07276
4.0723
4.07187
4.07147
4.07108
4.07071
4.07036
4.07002
4.0697
4.06938
4.06908
4.06878
4.06849
4.06821
4.06794
4.06767
4.06741
4.06716
4.06691
4.06666
4.06642
4.06618
4.06597
4.06564
4.06593
4.06311
4.64881
4.56206
4.48729
4.43518
4.41057
4.41265
4.43688
4.47738
4.52883
4.58742
4.65088
4.71801
4.78808
4.8603
4.93366
5.0068
5.07803
5.14544
5.20694
5.26036
5.3036
5.33473
5.35219
5.35488
5.34235
5.31486
5.27342
5.21969
5.15588
5.08455
5.00831
4.92968
4.85091
4.77387
4.70001
4.63041
4.56575
4.50641
4.45253
4.40404
4.36074
4.32234
4.28847
4.25877
4.23283
4.21027
4.19071
4.17382
4.15926
4.14675
4.13601
4.12682
4.11895
4.11223
4.10648
4.10158
4.09738
4.09379
4.09072
4.08808
4.08581
4.08385
4.08215
4.08067
4.07938
4.07824
4.07724
4.07634
4.07554
4.07482
4.07416
4.07356
4.07301
4.0725
4.07202
4.07157
4.07115
4.07075
4.07038
4.07001
4.06967
4.06933
4.06901
4.0687
4.0684
4.0681
4.06782
4.06754
4.06727
4.067
4.06674
4.06649
4.06624
4.066
4.06576
4.06552
4.06531
4.06498
4.06527
4.06244
4.63773
4.54947
4.47329
4.4197
4.39329
4.39304
4.41425
4.451
4.49798
4.55144
4.60921
4.67016
4.73366
4.79905
4.86544
4.93166
4.99624
5.05751
5.11362
5.16271
5.20292
5.23257
5.25024
5.25491
5.2461
5.22389
5.18901
5.14279
5.08706
5.02397
4.9558
4.88479
4.813
4.74218
4.67374
4.60876
4.54799
4.49187
4.44062
4.39427
4.35269
4.31566
4.2829
4.25407
4.22883
4.20682
4.18772
4.17118
4.15691
4.14464
4.1341
4.12507
4.11734
4.11073
4.10508
4.10026
4.09614
4.09262
4.08961
4.08702
4.0848
4.08288
4.08122
4.07978
4.07852
4.07741
4.07643
4.07556
4.07477
4.07407
4.07343
4.07284
4.07231
4.07181
4.07134
4.0709
4.07049
4.0701
4.06972
4.06937
4.06903
4.0687
4.06838
4.06807
4.06777
4.06748
4.0672
4.06692
4.06665
4.06639
4.06613
4.06588
4.06563
4.06538
4.06514
4.06491
4.06469
4.06436
4.06466
4.06183
4.62827
4.53876
4.46141
4.40656
4.37859
4.37629
4.39485
4.42831
4.47139
4.52039
4.57321
4.62881
4.68662
4.74608
4.80643
4.86664
4.92542
4.98131
5.03269
5.07791
5.11536
5.14353
5.16116
5.1673
5.16142
5.14348
5.11401
5.07406
5.02515
4.9691
4.90791
4.84358
4.77797
4.71272
4.64919
4.58844
4.53125
4.47812
4.42933
4.38499
4.34504
4.30932
4.2776
4.24961
4.22504
4.20357
4.18489
4.1687
4.15471
4.14266
4.13231
4.12343
4.11583
4.10933
4.10378
4.09904
4.095
4.09154
4.08858
4.08604
4.08386
4.08198
4.08036
4.07895
4.07772
4.07663
4.07568
4.07483
4.07407
4.07338
4.07275
4.07218
4.07165
4.07117
4.07071
4.07028
4.06988
4.06949
4.06912
4.06877
4.06844
4.06811
4.0678
4.06749
4.06719
4.06691
4.06663
4.06635
4.06608
4.06582
4.06556
4.06531
4.06506
4.06482
4.06458
4.06434
4.06413
4.0638
4.06409
4.06126
4.62031
4.52979
4.45147
4.39554
4.36621
4.36211
4.37836
4.40893
4.4486
4.49371
4.54223
4.59318
4.64605
4.70037
4.75548
4.81047
4.86421
4.9154
4.96261
5.0044
5.03933
5.06608
5.0835
5.0907
5.08712
5.07265
5.04762
5.01289
4.96971
4.91966
4.86448
4.80597
4.74581
4.68553
4.62641
4.5695
4.51558
4.46521
4.41871
4.37624
4.33782
4.30333
4.27261
4.24541
4.22147
4.2005
4.18223
4.16637
4.15264
4.14081
4.13063
4.1219
4.11443
4.10803
4.10257
4.09791
4.09393
4.09053
4.08762
4.08513
4.083
4.08116
4.07956
4.07818
4.07698
4.07592
4.07499
4.07415
4.07341
4.07274
4.07213
4.07157
4.07106
4.07058
4.07013
4.06971
4.06931
4.06893
4.06857
4.06823
4.06789
4.06757
4.06726
4.06696
4.06667
4.06638
4.0661
4.06583
4.06556
4.0653
4.06504
4.06479
4.06454
4.0643
4.06406
4.06382
4.06361
4.06328
4.06357
4.06075
4.61368
4.52236
4.44325
4.38641
4.35591
4.35025
4.36446
4.39251
4.42919
4.47091
4.51568
4.56258
4.61116
4.66102
4.71157
4.76202
4.81135
4.8584
4.90193
4.94065
4.97329
4.99868
5.01577
5.02372
5.02196
5.01028
4.9889
4.9585
4.92013
4.87518
4.82518
4.77173
4.71636
4.66049
4.60533
4.55189
4.50096
4.45312
4.40873
4.36801
4.33101
4.29768
4.26789
4.24144
4.2181
4.19762
4.17973
4.16418
4.15071
4.13908
4.12907
4.12048
4.11312
4.10683
4.10145
4.09686
4.09295
4.0896
4.08675
4.0843
4.08221
4.0804
4.07884
4.07749
4.07631
4.07528
4.07436
4.07355
4.07283
4.07217
4.07157
4.07103
4.07052
4.07006
4.06962
4.0692
4.06881
4.06844
4.06809
4.06775
4.06742
4.0671
4.06679
4.06649
4.0662
4.06592
4.06564
4.06537
4.0651
4.06484
4.06459
4.06433
4.06409
4.06385
4.06361
4.06337
4.06316
4.06283
4.06312
4.06029
4.6082
4.51625
4.43649
4.37889
4.34738
4.34035
4.35277
4.37859
4.41262
4.45134
4.49279
4.53612
4.5809
4.62681
4.67332
4.71973
4.76512
4.80846
4.84864
4.88453
4.91502
4.93907
4.95574
4.96421
4.9639
4.95452
4.93617
4.90939
4.87511
4.83454
4.78904
4.74005
4.68896
4.63707
4.5855
4.53525
4.48709
4.4416
4.3992
4.36012
4.32447
4.29225
4.26335
4.23763
4.21487
4.19486
4.17736
4.16211
4.14889
4.13747
4.12764
4.11919
4.11195
4.10576
4.10047
4.09596
4.09211
4.08883
4.08603
4.08363
4.08157
4.07981
4.07828
4.07696
4.07581
4.0748
4.07391
4.07312
4.07241
4.07177
4.07119
4.07066
4.07017
4.06971
4.06928
4.06888
4.06849
4.06813
4.06778
4.06744
4.06712
4.06681
4.0665
4.06621
4.06592
4.06564
4.06536
4.06509
4.06483
4.06457
4.06431
4.06406
4.06382
4.06358
4.06334
4.0631
4.06289
4.06256
4.06285
4.06003
4.6037
4.51124
4.43094
4.37268
4.34024
4.33193
4.34264
4.36634
4.39786
4.43371
4.472
4.5119
4.55306
4.59518
4.63782
4.68033
4.72191
4.76165
4.79856
4.83167
4.86003
4.88275
4.89896
4.90787
4.90885
4.9015
4.88584
4.86228
4.83166
4.79504
4.75368
4.70884
4.66177
4.61365
4.56555
4.51839
4.47294
4.4298
4.38939
4.35199
4.31774
4.28668
4.25874
4.23381
4.2117
4.19223
4.17516
4.16029
4.14737
4.13621
4.12659
4.11833
4.11125
4.10519
4.10003
4.09562
4.09186
4.08866
4.08593
4.0836
4.08161
4.07989
4.07842
4.07714
4.07603
4.07505
4.0742
4.07343
4.07275
4.07214
4.07158
4.07106
4.07059
4.07015
4.06973
4.06934
4.06897
4.06861
4.06827
4.06795
4.06763
4.06732
4.06702
4.06673
4.06645
4.06617
4.0659
4.06563
4.06537
4.06512
4.06487
4.06462
4.06437
4.06413
4.0639
4.06366
4.06345
4.06313
4.06342
4.0606
4.6013
4.50815
4.42709
4.36788
4.3342
4.32425
4.33289
4.35406
4.38263
4.41517
4.44983
4.48585
4.52292
4.56082
4.59917
4.63745
4.67495
4.71089
4.74445
4.77482
4.80123
4.82289
4.83901
4.84875
4.85135
4.84631
4.83351
4.8133
4.7864
4.75381
4.71664
4.67603
4.6331
4.58889
4.54441
4.50053
4.458
4.41744
4.37928
4.34383
4.31126
4.28164
4.25493
4.23104
4.20983
4.19112
4.17471
4.1604
4.14797
4.13723
4.12798
4.12004
4.11325
4.10745
4.1025
4.0983
4.09472
4.09168
4.0891
4.08689
4.08502
4.08341
4.08203
4.08084
4.0798
4.0789
4.07811
4.0774
4.07677
4.0762
4.07569
4.07521
4.07477
4.07436
4.07398
4.07361
4.07326
4.07293
4.07261
4.0723
4.072
4.07171
4.07142
4.07114
4.07087
4.0706
4.07034
4.07008
4.06983
4.06958
4.06934
4.0691
4.06886
4.06862
4.06839
4.06816
4.06796
4.06764
4.06793
4.06516
4.60928
4.51445
4.4314
4.36986
4.33344
4.3203
4.32527
4.34232
4.36636
4.39403
4.42357
4.45432
4.48608
4.51876
4.55212
4.58576
4.61915
4.65166
4.68261
4.71134
4.73719
4.75942
4.77714
4.78937
4.79514
4.79375
4.78494
4.76898
4.74655
4.71857
4.68605
4.65
4.61143
4.57132
4.53062
4.49021
4.45084
4.41313
4.37755
4.34442
4.31395
4.2862
4.26119
4.23882
4.21898
4.2015
4.18621
4.17289
4.16137
4.15144
4.14292
4.13564
4.12945
4.12419
4.11973
4.11597
4.11279
4.11011
4.10785
4.10595
4.10433
4.10297
4.10181
4.10082
4.09997
4.09923
4.09858
4.09801
4.09751
4.09705
4.09664
4.09625
4.0959
4.09556
4.09525
4.09495
4.09466
4.09438
4.0941
4.09384
4.09358
4.09332
4.09307
4.09283
4.09259
4.09235
4.09211
4.09188
4.09165
4.09142
4.0912
4.09098
4.09076
4.09054
4.09033
4.09011
4.08992
4.08962
4.0899
4.08729
4.66953
4.5686
4.47884
4.41033
4.36693
4.34691
4.34511
4.35551
4.37304
4.39441
4.41799
4.44329
4.47028
4.49905
4.52954
4.56147
4.59441
4.62776
4.66084
4.69294
4.72324
4.75081
4.77448
4.79295
4.805
4.80972
4.80674
4.79627
4.77895
4.75565
4.72731
4.69492
4.6595
4.62209
4.58372
4.54535
4.50783
4.47183
4.43788
4.40635
4.37744
4.35125
4.32778
4.30695
4.28861
4.2726
4.25873
4.24679
4.23658
4.2279
4.22056
4.21439
4.20923
4.20494
4.20138
4.19845
4.19604
4.19407
4.19246
4.19116
4.1901
4.18924
4.18854
4.18797
4.1875
4.18712
4.1868
4.18652
4.18629
4.18608
4.18589
4.18571
4.18554
4.18538
4.18522
4.18507
4.18491
4.18476
4.1846
4.18444
4.18428
4.18411
4.18395
4.18378
4.18361
4.18344
4.18327
4.1831
4.18293
4.18276
4.18259
4.18241
4.18224
4.18207
4.18191
4.18173
4.18158
4.18134
4.18157
4.17941
4.98535
4.86866
4.76287
4.6799
4.62477
4.59611
4.58861
4.59582
4.61231
4.63453
4.66079
4.6906
4.72399
4.761
4.80145
4.84486
4.89044
4.93722
4.98401
5.02956
5.07252
5.11146
5.14489
5.17136
5.18963
5.19887
5.19878
5.18959
5.17191
5.14666
5.11492
5.0779
5.03694
4.99341
4.94868
4.90399
4.86042
4.81884
4.77989
4.74401
4.71144
4.68228
4.65649
4.63394
4.61444
4.59773
4.58357
4.57168
4.56179
4.55365
4.54701
4.54166
4.5374
4.53405
4.53147
4.52952
4.52808
4.52705
4.52635
4.52591
4.52568
4.5256
4.52564
4.52575
4.52593
4.52614
4.52637
4.52661
4.52685
4.52708
4.5273
4.5275
4.52768
4.52784
4.52799
4.52811
4.52821
4.52829
4.52835
4.5284
4.52843
4.52844
4.52845
4.52844
4.52842
4.52839
4.52835
4.52831
4.52826
4.5282
4.52814
4.52808
4.52801
4.52793
4.52786
4.52778
4.52771
4.52759
4.52772
4.52654
6.93079
6.79772
6.68162
6.59921
6.55736
6.55387
6.58099
6.62941
6.69112
6.76068
6.83502
6.91251
6.9921
7.07268
7.15279
7.23065
7.30423
7.37133
7.42976
7.47753
7.51299
7.53504
7.54313
7.53714
7.51721
7.48359
7.4367
7.3772
7.30616
7.22514
7.13607
7.04116
6.9427
6.84295
6.74395
6.64751
6.55512
6.46793
6.38675
6.3121
6.24423
6.18317
6.12875
6.08069
6.03859
6.00201
5.97046
5.94343
5.92045
5.90103
5.88474
5.87116
5.85991
5.85068
5.84314
5.83704
5.83215
5.82827
5.82522
5.82286
5.82106
5.81971
5.81873
5.81805
5.8176
5.81733
5.8172
5.81717
5.81723
5.81734
5.8175
5.81768
5.81788
5.81809
5.8183
5.81851
5.81871
5.81891
5.8191
5.81928
5.81945
5.81961
5.81976
5.8199
5.82003
5.82015
5.82026
5.82037
5.82047
5.82056
5.82065
5.82074
5.82081
5.82089
5.82095
5.82102
5.82106
5.82116
5.82101
5.82164
22.0242
21.9795
21.967
22.0026
22.0885
22.2157
22.3696
22.5345
22.697
22.847
22.9773
23.0825
23.1583
23.2008
23.2063
23.1716
23.0942
22.9725
22.8062
22.5967
22.3469
22.0611
21.7435
21.398
21.0278
20.6357
20.225
19.7996
19.3643
18.9239
18.4835
18.0475
17.6201
17.2046
16.804
16.4205
16.0559
15.7114
15.3875
15.0844
14.802
14.5399
14.2973
14.0735
13.8675
13.6784
13.505
13.3464
13.2015
13.0694
12.9489
12.8394
12.7397
12.6493
12.5672
12.4928
12.4255
12.3645
12.3095
12.2597
12.2149
12.1744
12.138
12.1053
12.0759
12.0495
12.0259
12.0047
11.9858
11.9689
11.9539
11.9405
11.9286
11.9181
11.9087
11.9005
11.8932
11.8869
11.8813
11.8764
11.8721
11.8684
11.8652
11.8624
11.86
11.858
11.8562
11.8548
11.8536
11.8526
11.8518
11.8511
11.8506
11.8503
11.85
11.8499
11.8501
11.8504
11.8508
11.858
113.586
112.511
111.467
110.454
109.456
108.448
107.409
106.326
105.194
104.013
102.785
101.515
100.207
98.8654
97.4979
96.1112
94.7135
93.3135
91.9207
90.5441
89.1905
87.8633
86.5623
85.285
84.0295
82.797
81.5918
80.4197
79.2862
78.195
77.1479
76.1458
75.1889
74.277
73.4103
72.5885
71.8112
71.0778
70.3875
69.7392
69.1318
68.5639
68.034
67.5407
67.0823
66.6572
66.2637
65.9001
65.5648
65.256
64.9721
64.7116
64.4729
64.2545
64.0551
63.8732
63.7075
63.557
63.4203
63.2965
63.1844
63.0832
62.992
62.9099
62.8361
62.7699
62.7108
62.6579
62.6108
62.569
62.5319
62.4991
62.4703
62.4449
62.4227
62.4033
62.3865
62.372
62.3596
62.349
62.34
62.3325
62.3263
62.3212
62.3172
62.3141
62.3117
62.3101
62.309
62.3086
62.3085
62.3089
62.3096
62.3106
62.3119
62.3134
62.3147
62.3178
62.313
62.3435
14.7074
16.4464
26.0462
38.4895
54.5126
74.995
99.9134
128.322
158.519
188.356
212.159
226.516
229.495
221.197
203.754
180.703
155.838
131.784
110.233
91.9548
76.9986
65.0658
55.7717
48.7354
43.5788
39.9197
37.3936
35.6881
34.5634
33.8491
33.4296
33.2258
33.1823
33.2584
33.4228
33.6513
33.9247
34.2278
34.5488
34.8785
35.2097
35.5371
35.8566
36.1652
36.461
36.7426
37.009
37.26
37.4955
37.7155
37.9205
38.1109
38.2874
38.4505
38.601
38.7395
38.8668
38.9836
39.0906
39.1884
39.2778
39.3592
39.4334
39.5009
39.5622
39.6178
39.6683
39.7139
39.7553
39.7926
39.8263
39.8568
39.8842
39.9089
39.9312
39.9513
39.9694
39.9856
40.0003
40.0134
40.0253
40.036
40.0457
40.0544
40.0623
40.0694
40.0759
40.0817
40.0871
40.092
40.0965
40.1006
40.1043
40.1078
40.1111
40.1141
40.1168
40.1202
40.119
40.1378
39.0674
33.5186
49.1279
69.3646
95.5409
127.956
165.567
206.359
247.646
286.321
316.617
334.447
336.925
322.975
293.877
253.233
206.603
160.342
119.5
86.8434
62.7524
45.9407
34.5062
26.7155
21.316
17.5125
14.8153
12.9001
11.5324
10.5414
9.80906
9.25874
8.84188
8.52665
8.29062
8.1169
7.99225
7.90614
7.85019
7.81772
7.80336
7.80284
7.81273
7.83029
7.85336
7.8802
7.90945
7.94007
7.97121
8.00226
8.03273
8.06228
8.09066
8.1177
8.14328
8.16735
8.18989
8.2109
8.2304
8.24845
8.2651
8.28042
8.29448
8.30735
8.31911
8.32982
8.33957
8.34843
8.35646
8.36372
8.3703
8.37623
8.38158
8.3864
8.39074
8.39463
8.39813
8.40128
8.4041
8.40663
8.40889
8.41092
8.41275
8.41438
8.41585
8.41716
8.41835
8.41941
8.42037
8.42124
8.42202
8.42274
8.42339
8.42398
8.42453
8.42505
8.42552
8.42609
8.42615
8.43003
114.921
77.1401
114.285
166.986
231.206
303.219
378.072
450.697
516.121
569.4
606.622
624.077
619.033
590.693
540.58
472.424
392.236
308.121
228.579
160.688
108.38
71.7368
47.9431
33.1649
24.0463
18.2744
14.4815
11.9157
10.147
8.90144
7.99557
7.31225
6.78149
6.3624
6.02946
5.76477
5.55453
5.3878
5.25585
5.15176
5.07001
5.00621
4.95681
4.91897
4.89038
4.86918
4.85384
4.84315
4.83611
4.83191
4.82992
4.82961
4.83055
4.83241
4.83494
4.8379
4.84115
4.84454
4.84798
4.8514
4.85473
4.85794
4.86099
4.86387
4.86657
4.86909
4.87141
4.87355
4.87551
4.87729
4.87892
4.88038
4.88171
4.8829
4.88396
4.88491
4.88576
4.88651
4.88717
4.88775
4.88827
4.88872
4.88911
4.88945
4.88974
4.88999
4.89021
4.89039
4.89054
4.89067
4.89078
4.89086
4.89093
4.89099
4.89103
4.89107
4.8911
4.8911
4.89123
4.89079
263.29
160.4
225.914
316.344
415.655
514.665
605.992
684.804
748.372
794.84
823.072
830.182
813.784
774.19
713.784
635.546
543.339
442.827
341.394
247.415
168.455
108.882
68.4991
43.491
28.8608
20.406
15.3706
12.2156
10.1483
8.74665
7.76049
7.03469
6.47717
6.03655
5.68374
5.40018
5.17203
4.98827
4.84004
4.7203
4.6235
4.54525
4.48203
4.43102
4.38994
4.35692
4.33046
4.30934
4.29254
4.27926
4.26881
4.26065
4.25434
4.2495
4.24585
4.24313
4.24116
4.23976
4.23882
4.23823
4.23789
4.23776
4.23776
4.23787
4.23804
4.23826
4.2385
4.23874
4.23898
4.23921
4.23942
4.23961
4.23977
4.23991
4.24002
4.24011
4.24018
4.24022
4.24024
4.24024
4.24022
4.24019
4.24014
4.24007
4.24
4.23991
4.23982
4.23971
4.2396
4.23949
4.23937
4.23924
4.23911
4.23898
4.23884
4.2387
4.23858
4.23837
4.2386
4.23664
487.07
271.919
350.218
459.507
570.362
670.088
751.71
813.188
856.034
882.816
894.764
888.833
861.525
814.831
753.445
679.888
595.23
501.361
402.345
304.565
215.747
142.871
89.5647
54.806
34.2107
22.6835
16.2678
12.5428
10.2369
8.72646
7.69066
6.94634
6.38525
5.94608
5.59519
5.31272
5.08488
4.90085
4.75187
4.63094
4.53257
4.45245
4.38712
4.33384
4.29039
4.25497
4.22611
4.20262
4.18352
4.16801
4.15544
4.14527
4.13705
4.13043
4.1251
4.12082
4.11739
4.11465
4.11246
4.11072
4.10933
4.10823
4.10734
4.10663
4.10606
4.10559
4.10521
4.10488
4.10461
4.10436
4.10414
4.10394
4.10375
4.10356
4.10338
4.1032
4.10302
4.10284
4.10265
4.10247
4.10228
4.10209
4.10189
4.1017
4.1015
4.1013
4.1011
4.1009
4.1007
4.1005
4.1003
4.1001
4.0999
4.0997
4.0995
4.0993
4.09912
4.09883
4.09911
4.09655
743.511
384.277
451.913
558.678
661.886
745.862
804.227
837.404
851.072
852.948
847.278
829.659
794.795
746.025
690.377
630.081
563.187
487.884
405.11
318.859
235.42
161.927
104.065
63.7738
38.811
24.6663
16.9808
12.7382
10.2438
8.66218
7.59685
6.84426
6.28796
5.85973
5.52081
5.24895
5.02984
4.85284
4.70951
4.59308
4.49826
4.42088
4.35765
4.30596
4.26368
4.2291
4.20082
4.17772
4.15885
4.14346
4.13091
4.1207
4.11239
4.10564
4.10016
4.09572
4.09212
4.08921
4.08685
4.08494
4.08339
4.08212
4.08109
4.08024
4.07954
4.07895
4.07845
4.07802
4.07764
4.0773
4.077
4.07672
4.07645
4.0762
4.07596
4.07572
4.07549
4.07526
4.07503
4.0748
4.07457
4.07435
4.07412
4.07389
4.07367
4.07344
4.07321
4.07299
4.07277
4.07254
4.07232
4.0721
4.07188
4.07166
4.07145
4.07123
4.07104
4.07073
4.07102
4.06828
971.542
479.233
520.673
612.581
699.972
764.101
798.558
805.618
795.291
780.531
758.659
719.522
670.357
620.192
573.842
530.484
484.47
430.899
368.597
299.922
229.694
164.097
109.107
68.3455
41.7002
26.0694
17.507
12.8667
10.2224
8.58441
7.49271
6.72897
6.17416
5.75608
5.43097
5.17298
4.96621
4.7997
4.66512
4.55595
4.4671
4.39462
4.33539
4.28696
4.24734
4.21494
4.18846
4.16683
4.14917
4.13478
4.12307
4.11354
4.10582
4.09955
4.09449
4.09039
4.08709
4.08443
4.08228
4.08055
4.07916
4.07803
4.07711
4.07637
4.07575
4.07524
4.0748
4.07443
4.0741
4.07381
4.07355
4.0733
4.07306
4.07284
4.07261
4.0724
4.07218
4.07197
4.07175
4.07153
4.07132
4.0711
4.07088
4.07066
4.07044
4.07022
4.06999
4.06977
4.06955
4.06933
4.06911
4.06889
4.06867
4.06846
4.06824
4.06802
4.06783
4.06752
4.06782
4.06504
1126.32
555.112
567.161
642.282
715.944
767.379
790.82
791.553
786.022
786.204
755.026
660.669
556.006
486.268
446.063
419.131
392.258
357.968
314.298
262.957
207.713
153.53
105.699
68.2659
42.4827
26.6936
17.8144
12.9728
10.2355
8.55172
7.42851
6.64243
6.07689
5.65891
5.34084
5.0929
4.89672
4.7402
4.61464
4.5134
4.43141
4.36478
4.31051
4.26626
4.23016
4.20071
4.17671
4.15718
4.14129
4.12841
4.11797
4.10954
4.10275
4.09729
4.09293
4.08944
4.08666
4.08446
4.08271
4.08134
4.08025
4.0794
4.07872
4.07819
4.07776
4.07742
4.07713
4.07689
4.07668
4.0765
4.07632
4.07616
4.076
4.07584
4.07568
4.07551
4.07534
4.07517
4.07499
4.07481
4.07462
4.07443
4.07424
4.07404
4.07384
4.07364
4.07343
4.07322
4.07301
4.07281
4.0726
4.07239
4.07218
4.07197
4.07177
4.07155
4.07137
4.07106
4.07137
4.0686
1201.75
632.904
608.687
674.551
744.619
797.466
829.39
849.291
876.325
908.016
868.025
694.566
491.08
374.21
332.66
319.168
307.195
287.19
257.67
220.448
178.595
135.916
96.6542
64.5138
41.3184
26.481
17.8438
13.0333
10.2868
8.58417
7.4345
6.62063
6.03345
5.60297
5.28027
5.03285
4.84007
4.68841
4.56834
4.47273
4.39618
4.33462
4.28495
4.2448
4.21231
4.18603
4.16478
4.14763
4.13382
4.12272
4.11384
4.10677
4.10116
4.09673
4.09326
4.09056
4.08847
4.08687
4.08567
4.08477
4.0841
4.08362
4.08328
4.08303
4.08287
4.08276
4.08268
4.08262
4.08258
4.08254
4.0825
4.08246
4.0824
4.08233
4.08226
4.08217
4.08207
4.08196
4.08183
4.0817
4.08156
4.08141
4.08125
4.08108
4.08091
4.08073
4.08055
4.08037
4.08018
4.07999
4.0798
4.07961
4.07941
4.07922
4.07902
4.07882
4.07865
4.07836
4.07867
4.07593
1198.59
722.418
666.947
730.234
808.285
874.99
927.348
974.347
1029.91
1071.92
986.319
720.362
434.611
282.933
242.909
240.061
237.888
226.886
206.902
180.062
148.858
116.091
84.9726
58.5662
38.7417
25.539
17.5655
12.9932
10.3278
8.64737
7.49241
6.66042
6.05242
5.60422
5.26865
5.0128
4.81505
4.661
4.54045
4.44573
4.37099
4.31177
4.26472
4.22727
4.19743
4.17366
4.15476
4.13977
4.12792
4.11859
4.1113
4.10565
4.1013
4.09801
4.09554
4.09374
4.09245
4.09157
4.091
4.09067
4.09051
4.09048
4.09054
4.09066
4.09082
4.09099
4.09118
4.09135
4.09152
4.09166
4.09179
4.09189
4.09197
4.09202
4.09205
4.09206
4.09204
4.09201
4.09196
4.09188
4.0918
4.0917
4.09158
4.09146
4.09132
4.09118
4.09103
4.09087
4.09071
4.09054
4.09037
4.0902
4.09002
4.08984
4.08966
4.08948
4.08932
4.08904
4.08935
4.08664
1119.58
819.753
761.4
823.258
913.07
997.409
1069.97
1137.34
1207.25
1218.86
1025.24
653.911
337.414
200.185
176.553
182.307
184.976
178.7
164.762
145.267
122.082
97.1909
72.9636
51.8169
35.4186
24.1031
17.0201
12.8231
10.3094
8.69059
7.55782
6.72766
6.11121
5.65068
5.30252
5.03537
4.82811
4.66651
4.54029
4.44162
4.36437
4.30384
4.25636
4.21913
4.18998
4.16719
4.14946
4.13572
4.12515
4.11709
4.11103
4.10654
4.10329
4.10101
4.09948
4.09854
4.09804
4.09788
4.09797
4.09822
4.0986
4.09906
4.09956
4.10008
4.10059
4.10109
4.10156
4.102
4.1024
4.10275
4.10307
4.10334
4.10357
4.10376
4.10391
4.10403
4.10411
4.10416
4.10419
4.10419
4.10417
4.10412
4.10406
4.10398
4.10388
4.10378
4.10366
4.10353
4.1034
4.10326
4.10311
4.10295
4.1028
4.10264
4.10247
4.1023
4.10215
4.10189
4.10221
4.09952
975.013
913.994
905.797
969.572
1065.12
1160.69
1245.75
1325.65
1383.94
1287.45
928.564
488.754
214.79
132.634
131.351
141.691
145.321
141.16
131.145
116.886
99.625
80.7412
61.9924
45.2555
31.9276
22.4429
16.3024
12.5382
10.2142
8.68294
7.59411
6.78523
6.17613
5.71455
5.3608
5.08594
4.87028
4.70043
4.56667
4.46146
4.37883
4.31404
4.26334
4.22379
4.19305
4.16929
4.15105
4.13716
4.12671
4.11896
4.11333
4.10937
4.10669
4.10501
4.10409
4.10374
4.10382
4.10421
4.10481
4.10556
4.10639
4.10727
4.10816
4.10903
4.10987
4.11067
4.11141
4.11209
4.11271
4.11327
4.11377
4.1142
4.11458
4.11491
4.11518
4.1154
4.11558
4.11572
4.11582
4.11589
4.11592
4.11593
4.11592
4.11588
4.11583
4.11576
4.11567
4.11557
4.11546
4.11534
4.11521
4.11507
4.11493
4.11478
4.11463
4.11448
4.11434
4.11408
4.11442
4.11172
780.756
981.415
1112.85
1206.33
1299.89
1389.71
1471.58
1537.88
1488.3
1169.9
668.639
273.893
112.937
91.1411
102.912
112.595
115.188
112.112
104.887
94.4436
81.541
67.1609
52.6321
39.4152
28.6503
20.7778
15.5172
12.1811
10.0553
8.62168
7.58805
6.81267
6.22289
5.77077
5.41997
5.14394
4.92454
4.74943
4.60968
4.49836
4.40989
4.3398
4.28448
4.241
4.20703
4.18066
4.16037
4.14491
4.13329
4.1247
4.1185
4.11417
4.1113
4.10955
4.10865
4.1084
4.10863
4.1092
4.11001
4.11097
4.11202
4.11312
4.11422
4.1153
4.11634
4.11732
4.11824
4.11908
4.11985
4.12054
4.12117
4.12171
4.1222
4.12261
4.12297
4.12327
4.12352
4.12372
4.12387
4.12399
4.12407
4.12412
4.12414
4.12413
4.1241
4.12405
4.12399
4.12391
4.12381
4.12371
4.12359
4.12346
4.12333
4.12319
4.12305
4.1229
4.12277
4.12252
4.12286
4.12015
581.859
1096.8
1477.39
1651.45
1723.38
1755.96
1766.3
1661.84
1320.3
785.832
324.405
104.899
62.2666
71.8142
83.9757
90.3938
91.8888
89.7311
84.6204
76.9834
67.293
56.2759
44.957
34.4813
25.773
19.2427
14.7458
11.7974
9.85859
8.52119
7.54505
6.80767
6.24299
5.80663
5.46502
5.19359
4.97552
4.79937
4.65692
4.54183
4.44906
4.37448
4.31476
4.26716
4.22943
4.19972
4.17652
4.15856
4.14482
4.13446
4.1268
4.12128
4.11744
4.11491
4.11339
4.11265
4.1125
4.11278
4.11337
4.11417
4.1151
4.11612
4.11717
4.11821
4.11924
4.12021
4.12113
4.12199
4.12278
4.12349
4.12413
4.1247
4.12521
4.12564
4.12602
4.12634
4.1266
4.12682
4.12699
4.12711
4.12721
4.12727
4.12729
4.1273
4.12727
4.12723
4.12717
4.12709
4.127
4.1269
4.12678
4.12666
4.12653
4.12639
4.12625
4.1261
4.12597
4.12571
4.12606
4.12334
265.069
1861.43
2542.02
2588.71
2389.11
2112.95
1752.33
1271.71
723.49
287.492
81.4121
40.9485
49.5209
61.3095
68.8442
72.7452
73.8665
72.5764
69.0544
63.4818
56.1732
47.6792
38.7982
30.4361
23.3456
17.8982
14.0363
11.4213
9.64906
8.40015
7.47843
6.77823
6.23947
5.82092
5.49133
5.22783
5.0146
4.84084
4.69885
4.58277
4.48796
4.41067
4.34785
4.29699
4.256
4.22315
4.197
4.17634
4.16015
4.1476
4.138
4.13077
4.12544
4.12162
4.119
4.1173
4.11632
4.11589
4.11586
4.11614
4.11663
4.11726
4.11799
4.11875
4.11953
4.1203
4.12105
4.12175
4.1224
4.123
4.12354
4.12403
4.12445
4.12483
4.12514
4.12541
4.12563
4.12581
4.12594
4.12604
4.12611
4.12614
4.12615
4.12613
4.12609
4.12604
4.12596
4.12587
4.12577
4.12566
4.12553
4.1254
4.12526
4.12512
4.12497
4.12481
4.12468
4.12442
4.12476
4.12203
)
;

boundaryField
{
    outlet
    {
        type            zeroGradient;
    }
    inlet
    {
        type            fixedValue;
        value           uniform 5.199;
    }
    lowerWall
    {
        type            epsilonWallFunction;
        Cmu             0.09;
        kappa           0.41;
        E               9.8;
        value           nonuniform List<scalar> 
148
(
151.446
203.146
260.729
321.772
383.703
443.951
500.291
551.079
595.333
632.687
663.288
687.655
706.554
720.884
731.602
739.65
745.904
751.188
755.959
760.305
764.33
768.052
771.457
774.539
777.331
779.911
782.399
784.937
787.667
790.782
793.938
799.639
792.638
14.7074
39.0674
114.921
263.29
487.07
743.511
971.542
1126.32
1201.75
1198.59
1119.58
975.013
780.756
581.859
265.069
14.7074
16.4464
26.0462
38.4895
54.5126
74.995
99.9134
128.322
158.519
188.356
212.159
226.516
229.495
221.197
203.754
180.703
155.838
131.784
110.233
91.9548
76.9986
65.0658
55.7717
48.7354
43.5788
39.9197
37.3936
35.6881
34.5634
33.8491
33.4296
33.2258
33.1823
33.2584
33.4228
33.6513
33.9247
34.2278
34.5488
34.8785
35.2097
35.5371
35.8566
36.1652
36.461
36.7426
37.009
37.26
37.4955
37.7155
37.9205
38.1109
38.2874
38.4505
38.601
38.7395
38.8668
38.9836
39.0906
39.1884
39.2778
39.3592
39.4334
39.5009
39.5622
39.6178
39.6683
39.7139
39.7553
39.7926
39.8263
39.8568
39.8842
39.9089
39.9312
39.9513
39.9694
39.9856
40.0003
40.0134
40.0253
40.036
40.0457
40.0544
40.0623
40.0694
40.0759
40.0817
40.0871
40.092
40.0965
40.1006
40.1043
40.1078
40.1111
40.1141
40.1168
40.1202
40.119
40.1378
)
;
    }
    upperWall
    {
        type            epsilonWallFunction;
        Cmu             0.09;
        kappa           0.41;
        E               9.8;
        value           nonuniform List<scalar> 
133
(
44.7795
48.3126
51.8878
55.4675
59.0325
62.5707
66.071
69.523
72.917
76.2441
79.4965
82.6673
85.7504
88.7396
91.6287
94.4113
97.0832
99.6449
102.103
104.466
106.739
108.909
110.941
112.778
114.348
115.579
116.421
116.856
116.905
116.621
116.078
115.362
114.54
113.586
112.511
111.467
110.454
109.456
108.448
107.409
106.326
105.194
104.013
102.785
101.515
100.207
98.8654
97.4979
96.1112
94.7135
93.3135
91.9207
90.5441
89.1905
87.8633
86.5623
85.285
84.0295
82.797
81.5918
80.4197
79.2862
78.195
77.1479
76.1458
75.1889
74.277
73.4103
72.5885
71.8112
71.0778
70.3875
69.7392
69.1318
68.5639
68.034
67.5407
67.0823
66.6572
66.2637
65.9001
65.5648
65.256
64.9721
64.7116
64.4729
64.2545
64.0551
63.8732
63.7075
63.557
63.4203
63.2965
63.1844
63.0832
62.992
62.9099
62.8361
62.7699
62.7108
62.6579
62.6108
62.569
62.5319
62.4991
62.4703
62.4449
62.4227
62.4033
62.3865
62.372
62.3596
62.349
62.34
62.3325
62.3263
62.3212
62.3172
62.3141
62.3117
62.3101
62.309
62.3086
62.3085
62.3089
62.3096
62.3106
62.3119
62.3134
62.3147
62.3178
62.313
62.3435
)
;
    }
    frontAndBack
    {
        type            empty;
    }
}


// ************************************************************************* //
