/*--------------------------------*- C++ -*----------------------------------*\
| =========                 |                                                 |
| \\      /  F ield         | OpenFOAM: The Open Source CFD Toolbox           |
|  \\    /   O peration     | Version:  2.1.1                                 |
|   \\  /    A nd           | Web:      www.OpenFOAM.org                      |
|    \\/     M anipulation  |                                                 |
\*---------------------------------------------------------------------------*/
FoamFile
{
    version     2.0;
    format      ascii;
    class       volScalarField;
    location    "0.15";
    object      epsilon;
}
// * * * * * * * * * * * * * * * * * * * * * * * * * * * * * * * * * * * * * //

dimensions      [0 2 -3 0 0 0 0];

internalField   nonuniform List<scalar> 
6820
(
151.448
203.151
260.735
321.761
383.629
443.726
499.768
550.044
593.501
629.695
658.696
680.942
697.11
707.997
714.428
717.2
717.042
714.597
710.413
704.95
698.584
691.619
684.296
676.801
669.278
661.836
654.551
647.494
640.617
634.33
626.756
626.876
591.644
11.7448
21.4173
29.9437
38.6241
47.5795
56.556
65.3167
73.6603
81.4247
88.5012
94.8352
100.419
105.284
109.486
113.096
116.192
118.852
121.147
123.144
124.899
126.462
127.874
129.169
130.376
131.518
132.615
133.688
134.758
135.851
137.035
138.33
140.2
142.341
5.83781
7.51679
9.2066
10.8093
12.3198
13.7473
15.0883
16.3391
17.498
18.5649
19.5415
20.4315
21.24
21.9736
22.6395
23.2454
23.7988
24.3072
24.7773
25.2157
25.6279
26.0189
26.3933
26.7546
27.1062
27.4508
27.7907
28.1281
28.4645
28.8027
29.1447
29.4875
29.8788
5.2423
5.56004
6.00443
6.49346
6.98569
7.46189
7.91299
8.33467
8.72526
9.08461
9.41347
9.71319
9.98545
10.2322
10.4554
10.6571
10.8393
11.0039
11.1529
11.2879
11.4105
11.5224
11.6248
11.719
11.8062
11.8873
11.9631
12.0344
12.1015
12.165
12.2243
12.28
12.3294
5.17349
5.18677
5.26821
5.39776
5.55637
5.72968
5.90779
6.08428
6.25512
6.41787
6.57116
6.71428
6.84698
6.96934
7.08163
7.18426
7.27772
7.36257
7.43939
7.50876
7.57127
7.6275
7.678
7.72329
7.76388
7.80022
7.83275
7.86185
7.88789
7.91118
7.93195
7.95047
7.9668
5.16878
5.12131
5.09602
5.09482
5.11536
5.15307
5.20299
5.26075
5.32292
5.38692
5.45089
5.51348
5.5738
5.63122
5.68535
5.73597
5.78299
5.82639
5.86623
5.90261
5.93567
5.96558
5.99252
6.01666
6.03819
6.05731
6.07421
6.08905
6.10203
6.11331
6.12306
6.13139
6.13849
5.16887
5.11169
5.06116
5.01963
4.9884
4.96754
4.95615
4.95279
4.95587
4.96386
4.97542
4.98944
5.00501
5.02141
5.03807
5.05456
5.07057
5.08584
5.10023
5.1136
5.12589
5.13706
5.14711
5.15603
5.16386
5.17064
5.1764
5.18122
5.18514
5.18823
5.19055
5.19215
5.19311
5.16902
5.11063
5.05514
5.00339
4.95619
4.91413
4.87746
4.8461
4.81972
4.7978
4.77979
4.76509
4.75315
4.74346
4.73558
4.72912
4.72375
4.7192
4.71525
4.7117
4.70842
4.70529
4.7022
4.69909
4.69589
4.69258
4.68913
4.68551
4.68172
4.67775
4.67362
4.66931
4.66485
5.16904
5.11054
5.05431
5.00049
4.94927
4.9009
4.85558
4.81345
4.77455
4.73881
4.70609
4.67622
4.64894
4.62403
4.60123
4.58031
4.56104
4.54321
4.52665
4.51118
4.49667
4.48298
4.47
4.45764
4.44582
4.43447
4.42353
4.41295
4.40268
4.39271
4.38298
4.37349
4.36421
5.16904
5.11054
5.0542
5.00002
4.94795
4.89803
4.85027
4.80471
4.76137
4.72027
4.68138
4.64464
4.61
4.57734
4.54657
4.51757
4.49022
4.4644
4.43999
4.41687
4.39495
4.37413
4.35431
4.3354
4.31734
4.30006
4.28349
4.26757
4.25226
4.23752
4.2233
4.20957
4.19629
5.16904
5.11053
5.05418
4.99994
4.94772
4.89747
4.84913
4.80264
4.75799
4.71513
4.67404
4.63469
4.59703
4.56101
4.52658
4.49369
4.46226
4.43224
4.40354
4.37611
4.34987
4.32476
4.30071
4.27766
4.25555
4.23433
4.21394
4.19434
4.17549
4.15733
4.13983
4.12296
4.10667
5.16904
5.11052
5.05417
4.99991
4.94767
4.89735
4.84888
4.80218
4.75719
4.71384
4.67209
4.63188
4.59316
4.55589
4.52003
4.48553
4.45233
4.42039
4.38967
4.36012
4.33168
4.30432
4.27798
4.25263
4.22821
4.20468
4.18201
4.16015
4.13907
4.11873
4.0991
4.08015
4.06184
5.16904
5.11052
5.05416
4.99989
4.94764
4.89731
4.8488
4.80206
4.75698
4.71351
4.67158
4.63112
4.59209
4.55442
4.51807
4.48298
4.44912
4.41643
4.38488
4.35442
4.32502
4.29663
4.26921
4.24273
4.21715
4.19244
4.16856
4.14549
4.12318
4.10161
4.08076
4.06059
4.04107
5.16903
5.11051
5.05415
4.99988
4.94762
4.89728
4.84876
4.802
4.7569
4.71339
4.67141
4.63089
4.59177
4.55398
4.51748
4.48221
4.44813
4.41518
4.38333
4.35253
4.32275
4.29395
4.26608
4.23912
4.21303
4.18779
4.16335
4.13969
4.11679
4.09461
4.07313
4.05233
4.03217
5.16903
5.11051
5.05414
4.99987
4.9476
4.89725
4.84873
4.80195
4.75684
4.71333
4.67133
4.63079
4.59163
4.55381
4.51726
4.48194
4.44778
4.41475
4.3828
4.35189
4.32198
4.29302
4.26499
4.23785
4.21156
4.1861
4.16143
4.13753
4.11437
4.09192
4.07015
4.04905
4.02859
5.16903
5.11051
5.05413
4.99986
4.94758
4.89723
4.8487
4.80192
4.7568
4.71327
4.67126
4.63071
4.59154
4.5537
4.51714
4.48179
4.44761
4.41455
4.38257
4.35162
4.32166
4.29265
4.26456
4.23735
4.21099
4.18545
4.16069
4.13669
4.11343
4.09087
4.06898
4.04776
4.02716
5.16903
5.1105
5.05413
4.99985
4.94757
4.89721
4.84867
4.80188
4.75676
4.71322
4.6712
4.63064
4.59146
4.55361
4.51704
4.48168
4.44749
4.41442
4.38242
4.35145
4.32147
4.29244
4.26433
4.23709
4.2107
4.18513
4.16034
4.1363
4.11299
4.09038
4.06845
4.04717
4.02652
5.16903
5.1105
5.05412
4.99984
4.94756
4.89719
4.84865
4.80185
4.75672
4.71318
4.67115
4.63058
4.59139
4.55354
4.51695
4.48158
4.44738
4.4143
4.38229
4.35131
4.32132
4.29228
4.26415
4.2369
4.2105
4.18491
4.1601
4.13604
4.11271
4.09008
4.06812
4.04682
4.02614
5.16903
5.1105
5.05412
4.99983
4.94755
4.89718
4.84863
4.80183
4.75669
4.71314
4.67111
4.63052
4.59133
4.55346
4.51687
4.48149
4.44728
4.41419
4.38217
4.35118
4.32118
4.29213
4.264
4.23673
4.21032
4.18471
4.15989
4.13582
4.11248
4.08983
4.06786
4.04654
4.02584
5.16903
5.1105
5.05412
4.99982
4.94754
4.89716
4.84861
4.8018
4.75666
4.7131
4.67106
4.63047
4.59127
4.5534
4.5168
4.48141
4.44719
4.41409
4.38207
4.35107
4.32106
4.292
4.26385
4.23658
4.21015
4.18454
4.1597
4.13562
4.11227
4.08961
4.06763
4.04629
4.02558
5.16903
5.1105
5.05411
4.99982
4.94753
4.89715
4.8486
4.80178
4.75663
4.71307
4.67102
4.63043
4.59122
4.55334
4.51673
4.48134
4.44711
4.414
4.38197
4.35096
4.32094
4.29187
4.26371
4.23643
4.21
4.18437
4.15953
4.13544
4.11207
4.0894
4.0674
4.04606
4.02533
5.16903
5.11049
5.05411
4.99981
4.94752
4.89714
4.84858
4.80177
4.75661
4.71304
4.67099
4.63039
4.59117
4.55329
4.51667
4.48127
4.44703
4.41392
4.38187
4.35086
4.32083
4.29175
4.26359
4.2363
4.20985
4.18422
4.15936
4.13526
4.11188
4.0892
4.06719
4.04583
4.0251
5.16903
5.11049
5.05411
4.99981
4.94752
4.89713
4.84857
4.80175
4.75659
4.71302
4.67096
4.63035
4.59113
4.55324
4.51661
4.48121
4.44696
4.41384
4.38179
4.35077
4.32073
4.29164
4.26347
4.23617
4.20972
4.18407
4.15921
4.13509
4.1117
4.08901
4.06699
4.04562
4.02487
5.16903
5.11049
5.0541
4.99981
4.94751
4.89712
4.84856
4.80174
4.75657
4.71299
4.67093
4.63032
4.59109
4.55319
4.51656
4.48115
4.4469
4.41377
4.38171
4.35068
4.32064
4.29154
4.26336
4.23605
4.20959
4.18394
4.15906
4.13494
4.11154
4.08884
4.06681
4.04543
4.02466
5.16903
5.11049
5.0541
4.9998
4.94751
4.89712
4.84855
4.80172
4.75656
4.71298
4.67091
4.63029
4.59106
4.55316
4.51652
4.4811
4.44685
4.41371
4.38164
4.3506
4.32055
4.29145
4.26326
4.23594
4.20947
4.18381
4.15893
4.13479
4.11138
4.08867
4.06663
4.04524
4.02447
5.16903
5.11049
5.0541
4.9998
4.9475
4.89711
4.84854
4.80171
4.75654
4.71296
4.67089
4.63027
4.59103
4.55312
4.51648
4.48106
4.4468
4.41365
4.38158
4.35054
4.32048
4.29137
4.26317
4.23585
4.20937
4.18369
4.1588
4.13466
4.11124
4.08852
4.06647
4.04507
4.02429
5.16903
5.11049
5.0541
4.9998
4.9475
4.89711
4.84854
4.8017
4.75653
4.71294
4.67087
4.63025
4.59101
4.55309
4.51645
4.48101
4.44675
4.4136
4.38152
4.35047
4.32041
4.29129
4.26309
4.23575
4.20927
4.18359
4.15869
4.13454
4.11111
4.08838
4.06632
4.04491
4.02412
5.16903
5.11049
5.0541
4.9998
4.9475
4.89711
4.84853
4.8017
4.75653
4.71294
4.67086
4.63023
4.59099
4.55307
4.51642
4.48099
4.44672
4.41356
4.38148
4.35042
4.32035
4.29123
4.26302
4.23568
4.20918
4.1835
4.15859
4.13443
4.111
4.08826
4.06619
4.04477
4.02397
5.16903
5.11049
5.0541
4.9998
4.9475
4.8971
4.84853
4.80169
4.75651
4.71292
4.67084
4.63021
4.59096
4.55304
4.51639
4.48095
4.44668
4.41352
4.38143
4.35037
4.3203
4.29117
4.26295
4.23561
4.2091
4.18341
4.1585
4.13433
4.11089
4.08815
4.06607
4.04464
4.02383
5.16903
5.11049
5.0541
4.9998
4.9475
4.89711
4.84854
4.8017
4.75653
4.71294
4.67086
4.63023
4.59098
4.55306
4.5164
4.48096
4.44668
4.41352
4.38142
4.35036
4.32028
4.29114
4.26292
4.23557
4.20906
4.18336
4.15844
4.13427
4.11082
4.08807
4.06599
4.04455
4.02374
5.16903
5.11049
5.0541
4.9998
4.9475
4.8971
4.84853
4.80169
4.75651
4.71291
4.67083
4.6302
4.59095
4.55303
4.51637
4.48093
4.44665
4.41349
4.38139
4.35033
4.32025
4.29111
4.26289
4.23554
4.20903
4.18333
4.15841
4.13424
4.11079
4.08803
4.06595
4.04451
4.02369
5.16903
5.11049
5.0541
4.99981
4.94752
4.89714
4.84858
4.80176
4.75659
4.71301
4.67094
4.63031
4.59106
4.55314
4.51648
4.48104
4.44676
4.4136
4.3815
4.35044
4.32036
4.29122
4.263
4.23566
4.20915
4.18346
4.15855
4.13438
4.11094
4.0882
4.06613
4.04471
4.02391
5.16903
5.11051
5.05414
4.99985
4.94756
4.89718
4.84861
4.80178
4.75661
4.71303
4.67096
4.63034
4.5911
4.5532
4.51656
4.48115
4.4469
4.41377
4.38171
4.35069
4.32065
4.29157
4.26341
4.23612
4.20969
4.18406
4.15922
4.13514
4.11179
4.08913
4.06716
4.04583
4.02513
5.16903
5.1105
5.05415
4.99992
4.9477
4.89739
4.8489
4.80214
4.75704
4.71352
4.67152
4.63097
4.59182
4.55401
4.51749
4.4822
4.4481
4.41514
4.38327
4.35246
4.32265
4.29382
4.26593
4.23893
4.2128
4.1875
4.163
4.13927
4.11629
4.09401
4.07243
4.05151
4.03122
5.16905
5.11063
5.0544
5.00025
4.94809
4.89785
4.84947
4.80288
4.75802
4.71483
4.67323
4.63319
4.59463
4.55749
4.52173
4.48729
4.45411
4.42215
4.39135
4.36166
4.33305
4.30545
4.27884
4.25317
4.22839
4.20448
4.18139
4.1591
4.13755
4.11674
4.09661
4.07715
4.05833
5.16908
5.11079
5.05488
5.00137
4.95017
4.90121
4.85441
4.80973
4.76711
4.7265
4.68782
4.651
4.61596
4.58261
4.55086
4.52064
4.49185
4.46442
4.43826
4.41329
4.38946
4.36668
4.3449
4.32405
4.30408
4.28494
4.26657
4.24894
4.23199
4.21569
4.20001
4.1849
4.17033
5.16939
5.11358
5.06201
5.01464
4.97149
4.93249
4.89748
4.86616
4.83825
4.8134
4.7913
4.77164
4.75413
4.73853
4.72459
4.71211
4.70089
4.69078
4.68164
4.67332
4.66573
4.65876
4.65233
4.64636
4.6408
4.63557
4.63063
4.62595
4.62147
4.61718
4.61305
4.60904
4.60514
5.17808
5.16328
5.1695
5.19119
5.22437
5.26602
5.31375
5.36568
5.42038
5.47677
5.53401
5.59143
5.64855
5.70497
5.76039
5.81461
5.86745
5.91881
5.9686
6.01679
6.06333
6.10824
6.15152
6.19319
6.23327
6.27181
6.30884
6.3444
6.37855
6.41133
6.44279
6.47299
6.50198
5.63861
6.43045
7.14591
7.82576
8.49491
9.14737
9.77724
10.3822
10.9621
11.5177
12.0506
12.5622
13.054
13.5276
13.9841
14.4247
14.8503
15.2618
15.6601
16.0457
16.4193
16.7815
17.1327
17.4734
17.804
18.125
18.4367
18.7394
19.0335
19.3194
19.5973
19.8675
20.1304
44.7794
48.3124
51.8864
55.4656
59.0311
62.5709
66.0744
69.5318
72.9345
76.2746
79.5453
82.7407
85.8559
88.8869
91.8306
94.6847
97.4472
100.117
102.695
105.179
107.571
109.871
112.081
114.202
116.235
118.184
120.049
121.834
123.54
125.169
126.725
128.21
129.627
704.953
837.447
942.059
1022.47
1084.01
1126.82
1149.12
1149.93
1130.71
1095.41
1049.24
997.502
944.577
893.477
845.843
802.242
762.566
726.394
693.243
662.695
634.442
608.264
583.995
561.484
540.575
521.095
502.858
485.672
469.347
453.7
438.566
423.795
409.255
394.829
380.417
365.933
351.307
336.48
321.413
306.079
290.471
274.599
258.493
242.204
225.8
209.371
193.024
176.88
161.073
145.744
131.032
117.075
103.994
91.8945
80.8548
70.9243
62.1204
54.4289
47.807
42.188
37.4885
33.6153
30.4724
27.967
26.013
24.5341
23.4636
22.7438
22.3242
22.1588
22.2035
22.4132
22.7402
23.1328
23.536
23.8926
24.1457
24.2422
24.1357
23.7898
23.1801
22.2966
21.1441
19.743
18.129
16.352
14.4748
12.5694
10.7122
8.9766
7.42497
6.09995
5.0192
4.1755
3.54248
3.0831
2.75942
2.53447
2.38866
2.25675
147.291
154.314
164.726
179.715
200.167
226.742
259.589
297.992
340.323
384.214
426.854
465.411
497.483
521.457
536.7
543.525
542.988
536.572
525.88
512.393
497.319
481.543
465.645
449.958
434.64
419.736
405.23
391.075
377.211
363.579
350.117
336.765
323.467
310.17
296.825
283.389
269.831
256.13
242.276
228.277
214.153
199.943
185.702
171.499
157.422
143.567
130.044
116.969
104.456
92.6183
81.5585
71.3622
62.0941
53.7928
46.4689
40.105
34.6577
30.0623
26.2393
23.1008
20.5573
18.5235
16.9217
15.6849
14.7569
14.092
13.6543
13.4154
13.3524
13.4458
13.6767
14.0244
14.4643
14.966
15.4925
16.0012
16.4455
16.7781
16.9542
16.9362
16.6964
16.2201
15.5072
14.5732
13.4488
12.1785
10.8185
9.43208
8.08419
6.83422
5.72873
4.79581
4.04313
3.46042
3.02553
2.71065
2.48919
2.33522
2.23624
2.14693
30.2511
30.6773
31.3259
32.3802
34.0264
36.344
39.4876
43.7663
49.5178
57.0761
66.7169
78.5973
92.6966
108.775
126.366
144.805
163.301
181.025
197.21
211.235
222.688
231.375
237.312
240.674
241.743
240.848
238.322
234.467
229.541
223.747
217.241
210.137
202.52
194.449
185.976
177.14
167.984
158.551
148.888
139.053
129.107
119.123
109.181
99.3674
89.7742
80.4953
71.6235
63.2464
55.4417
48.273
41.7862
36.0062
30.936
26.5568
22.8308
19.7049
17.1158
14.9957
13.2768
11.896
10.7966
9.93047
9.25792
8.74726
8.37404
8.11998
7.97194
7.92085
7.96059
8.08682
8.29554
8.58155
8.93659
9.3476
9.79532
10.2536
10.6901
11.068
11.3491
11.4979
11.4854
11.2927
10.9134
10.3557
9.64161
8.80608
7.89404
6.95597
6.04226
5.19708
4.45304
3.82807
3.32547
2.93677
2.64648
2.43592
2.28783
2.18472
2.11926
2.06029
12.3821
12.4529
12.5422
12.6559
12.8083
13.0202
13.3075
13.6809
14.1733
14.8298
15.7038
16.8565
18.3546
20.268
22.6651
25.6057
29.131
33.2524
37.9403
43.118
48.6613
54.4051
60.1567
65.713
70.8781
75.4796
79.3796
82.4808
84.7276
86.102
86.6179
86.3128
85.2413
83.4687
81.066
78.1077
74.6696
70.8284
66.6613
62.2464
57.6626
52.9885
48.3023
43.6799
39.1932
34.9077
30.8802
27.1565
23.7695
20.7385
18.0685
15.7515
13.7686
12.0923
10.6902
9.52758
8.57026
7.78637
7.14758
6.62956
6.21205
5.87858
5.61615
5.41474
5.26695
5.16764
5.11358
5.1032
5.13624
5.21335
5.33557
5.50357
5.71666
5.97156
6.26109
6.573
6.88943
7.18724
7.43958
7.61859
7.69879
7.66066
7.49376
7.19876
6.78806
6.28485
5.72059
5.13109
4.55187
4.01347
3.53792
3.13714
2.8135
2.56199
2.37329
2.23585
2.1392
2.07178
2.0298
1.99195
7.98339
8.00106
8.01804
8.0346
8.05211
8.07323
8.10206
8.14028
8.19097
8.25918
8.35142
8.47549
8.64037
8.85599
9.13296
9.4822
9.91439
10.4393
11.0651
11.7974
12.6379
13.5841
14.6278
15.754
16.941
18.16
19.3764
20.551
21.6426
22.6107
23.4179
24.0324
24.43
24.5952
24.5216
24.212
23.6775
22.9371
22.0159
20.9442
19.7554
18.4848
17.1681
15.8392
14.5295
13.2659
12.0706
10.96
9.94476
9.03031
8.21728
7.50252
6.88016
6.34259
5.88129
5.48756
5.15297
4.86971
4.63077
4.43005
4.26233
4.12329
4.00949
3.91827
3.84775
3.79676
3.76484
3.75217
3.75953
3.7882
3.83977
3.91587
4.01771
4.14548
4.2975
4.46936
4.65317
4.83713
5.00589
5.1417
5.22653
5.24462
5.18524
5.0448
4.82792
4.54725
4.22178
3.87408
3.52696
3.20028
2.90864
2.66041
2.45809
2.29951
2.17977
2.09212
2.03059
1.98756
1.9616
1.93796
6.14507
6.15037
6.15351
6.15479
6.15448
6.15294
6.15081
6.14861
6.14703
6.14694
6.14944
6.15585
6.16773
6.18685
6.21521
6.25488
6.30798
6.37653
6.46227
6.56657
6.69027
6.83352
6.99571
7.17527
7.36965
7.57519
7.78714
7.99972
8.20624
8.39935
8.57141
8.7148
8.82243
8.88815
8.90714
8.87624
8.79419
8.66174
8.48156
8.25812
7.99741
7.70651
7.39319
7.06548
6.73117
6.39749
6.07079
5.75634
5.45824
5.17941
4.92169
4.68594
4.47219
4.27987
4.10795
3.95506
3.81967
3.7002
3.59506
3.50277
3.42196
3.35147
3.29032
3.23778
3.19335
3.15682
3.12824
3.10797
3.09664
3.09519
3.10474
3.12656
3.16183
3.21141
3.27536
3.35252
3.43992
3.53237
3.62234
3.70026
3.75546
3.77761
3.7585
3.69364
3.58346
3.43351
3.25372
3.05686
2.85641
2.66456
2.49073
2.34078
2.21713
2.11925
2.04485
1.99011
1.95187
1.925
1.90959
1.89507
5.19335
5.1924
5.19004
5.18625
5.18102
5.17438
5.16646
5.15739
5.1474
5.13672
5.12557
5.11422
5.10297
5.09218
5.08226
5.0737
5.067
5.06271
5.06133
5.06333
5.06907
5.07875
5.0924
5.10982
5.13057
5.15394
5.17896
5.2044
5.2288
5.25054
5.26785
5.27895
5.28208
5.27562
5.2582
5.22874
5.18658
5.13144
5.06356
4.98359
4.89261
4.79207
4.68368
4.56937
4.45113
4.33095
4.21072
4.09217
3.97678
3.86577
3.76011
3.66044
3.56718
3.48049
3.40033
3.3265
3.25867
3.19644
3.13935
3.08692
3.03869
2.99426
2.95326
2.91544
2.88063
2.84878
2.82
2.79452
2.77273
2.75518
2.74257
2.73571
2.73542
2.74245
2.75726
2.77978
2.8091
2.84319
2.87873
2.91108
2.93467
2.94362
2.93273
2.89845
2.83976
2.75856
2.65945
2.549
2.43465
2.32347
2.22124
2.13187
2.05731
1.99771
1.95214
1.91845
1.89509
1.8785
1.86971
1.86067
4.65939
4.65259
4.64501
4.63656
4.62724
4.61704
4.606
4.59412
4.58141
4.56793
4.5537
4.53878
4.52321
4.50704
4.49035
4.47322
4.45576
4.4381
4.42038
4.40275
4.38535
4.36831
4.35169
4.33554
4.31982
4.30442
4.28915
4.27375
4.25788
4.2411
4.22298
4.20301
4.18069
4.15554
4.12715
4.09516
4.05932
4.0195
3.97572
3.9281
3.87693
3.8226
3.76563
3.7066
3.64614
3.58493
3.52361
3.4628
3.40308
3.3449
3.28868
3.23469
3.18312
3.13407
3.08753
3.04343
3.00162
2.96193
2.92412
2.88798
2.85327
2.81978
2.78732
2.75576
2.72501
2.69505
2.66593
2.63778
2.61082
2.58537
2.56183
2.54069
2.52248
2.50774
2.49691
2.49023
2.48759
2.48835
2.49118
2.49406
2.49434
2.48901
2.47516
2.45053
2.41402
2.36602
2.30845
2.24447
2.17792
2.11268
2.0521
1.99858
1.9535
1.91714
1.88919
1.86839
1.8541
1.84371
1.8388
1.83269
4.35359
4.34136
4.32881
4.31587
4.30251
4.28869
4.27438
4.25956
4.24425
4.22843
4.2121
4.19525
4.17788
4.15997
4.14151
4.12248
4.10289
4.08274
4.06204
4.04083
4.01913
3.99699
3.97445
3.95153
3.92826
3.90464
3.88066
3.8563
3.83147
3.80611
3.7801
3.75334
3.72568
3.69702
3.66723
3.63623
3.60394
3.57033
3.53544
3.4993
3.46204
3.4238
3.38478
3.34521
3.30532
3.26537
3.22562
3.18631
3.14765
3.10983
3.07299
3.03722
3.00256
2.96903
2.93658
2.90511
2.87453
2.84468
2.81542
2.78657
2.758
2.72954
2.70107
2.6725
2.64375
2.61481
2.58569
2.55646
2.52725
2.49825
2.46968
2.44186
2.41511
2.3898
2.36629
2.34486
2.32566
2.3086
2.29329
2.27897
2.26451
2.24855
2.22962
2.20649
2.17839
2.14528
2.10788
2.0676
2.02634
1.9861
1.94869
1.91548
1.88732
1.86442
1.84671
1.83337
1.82426
1.8173
1.81442
1.80951
4.18131
4.1644
4.14742
4.13032
4.11309
4.09567
4.07806
4.06024
4.04218
4.02389
4.00533
3.9865
3.96738
3.94793
3.92813
3.90796
3.8874
3.86641
3.84498
3.8231
3.80075
3.77795
3.75468
3.73096
3.70681
3.68222
3.65722
3.63181
3.606
3.57979
3.55317
3.52614
3.49868
3.47079
3.44247
3.4137
3.3845
3.35488
3.32489
3.29457
3.26398
3.23321
3.20235
3.1715
3.14077
3.11026
3.08009
3.05034
3.02109
2.9924
2.9643
2.93679
2.90987
2.88348
2.85754
2.83197
2.80666
2.78147
2.75628
2.73096
2.70538
2.67943
2.65299
2.626
2.59839
2.57014
2.54126
2.51178
2.48179
2.4514
2.42077
2.39008
2.35958
2.32951
2.30013
2.27172
2.24447
2.21851
2.19382
2.17023
2.14736
2.12469
2.1016
2.07752
2.05204
2.02507
1.99687
1.96805
1.93948
1.91215
1.88698
1.86466
1.84568
1.8301
1.81794
1.80857
1.80211
1.79678
1.79473
1.78988
4.08835
4.06777
4.04725
4.02675
4.00626
3.98576
3.96523
3.94465
3.92401
3.9033
3.88251
3.86163
3.84064
3.81952
3.79824
3.7768
3.75516
3.73329
3.71119
3.68881
3.66615
3.6432
3.61993
3.59636
3.57247
3.54827
3.52377
3.49897
3.47389
3.44854
3.42295
3.39712
3.37107
3.34484
3.31843
3.29188
3.26522
3.23848
3.2117
3.18492
3.1582
3.13158
3.10512
3.07886
3.05287
3.0272
3.00187
2.97692
2.95238
2.92823
2.90448
2.88108
2.85799
2.83513
2.81244
2.7898
2.76711
2.74426
2.72113
2.69761
2.67358
2.64895
2.62362
2.59754
2.57065
2.54294
2.51439
2.48504
2.45495
2.42419
2.39289
2.36119
2.32926
2.29728
2.26548
2.23407
2.20325
2.17321
2.14408
2.11592
2.0887
2.0623
2.03655
2.01126
1.98628
1.96158
1.93727
1.91362
1.89103
1.86995
1.8508
1.83392
1.81952
1.80757
1.79809
1.79055
1.78517
1.78034
1.77836
1.77289
4.04123
4.01809
3.99502
3.97203
3.9491
3.92623
3.90339
3.88059
3.85782
3.83508
3.81236
3.78965
3.76694
3.74422
3.72149
3.69872
3.67591
3.65302
3.63005
3.60698
3.5838
3.56048
3.53702
3.51342
3.48965
3.46573
3.44166
3.41743
3.39306
3.36857
3.34396
3.31925
3.29447
3.26964
3.24478
3.21993
3.19511
3.17036
3.14572
3.1212
3.09686
3.07273
3.04884
3.02521
3.00189
2.97888
2.95619
2.93384
2.9118
2.89006
2.86859
2.84733
2.82623
2.8052
2.78417
2.76304
2.7417
2.72006
2.698
2.67542
2.65223
2.62833
2.60366
2.57814
2.55175
2.52445
2.49625
2.46718
2.43727
2.4066
2.37527
2.3434
2.31112
2.27859
2.24599
2.21352
2.18136
2.1497
2.11872
2.08858
2.05937
2.03116
2.004
1.97787
1.9528
1.92882
1.906
1.88449
1.86447
1.84613
1.82967
1.81519
1.80279
1.79236
1.78389
1.77691
1.77169
1.7667
1.76434
1.75785
4.01907
3.99432
3.96964
3.94503
3.92048
3.89599
3.87156
3.84718
3.82286
3.7986
3.7744
3.75026
3.72618
3.70214
3.67816
3.65423
3.63032
3.60645
3.58259
3.55875
3.5349
3.51104
3.48717
3.46327
3.43935
3.41539
3.39141
3.3674
3.34337
3.31933
3.2953
3.27128
3.24729
3.22335
3.19949
3.17572
3.15207
3.12857
3.10524
3.08212
3.05921
3.03655
3.01416
2.99206
2.97024
2.94873
2.9275
2.90656
2.88588
2.86543
2.84516
2.82502
2.80495
2.78486
2.76468
2.74432
2.72367
2.70264
2.68114
2.65907
2.63633
2.61286
2.58857
2.56343
2.53739
2.51044
2.48257
2.45381
2.4242
2.3938
2.36271
2.33102
2.29887
2.26639
2.23374
2.2011
2.16864
2.13654
2.105
2.07418
2.04425
2.01534
1.98757
1.96103
1.93582
1.91201
1.88969
1.86894
1.84986
1.83254
1.81705
1.80341
1.79162
1.78155
1.77319
1.76606
1.76048
1.75494
1.75197
1.74427
4.00942
3.98379
3.95819
3.93264
3.90713
3.88167
3.85625
3.83088
3.80556
3.7803
3.7551
3.72997
3.70491
3.67992
3.65501
3.63017
3.60541
3.58072
3.5561
3.53155
3.50706
3.48264
3.45827
3.43396
3.40971
3.38552
3.36138
3.33731
3.31331
3.28939
3.26555
3.24181
3.21818
3.19468
3.17132
3.14812
3.1251
3.10228
3.07968
3.05731
3.03519
3.01334
2.99177
2.97048
2.94947
2.92875
2.90829
2.88808
2.86809
2.84828
2.82861
2.80902
2.78944
2.7698
2.75002
2.73001
2.70969
2.68895
2.66772
2.6459
2.62341
2.60018
2.57615
2.55126
2.52549
2.49882
2.47125
2.4428
2.41352
2.38346
2.3527
2.32135
2.28952
2.25734
2.22496
2.19253
2.16023
2.12823
2.09671
2.06585
2.03581
2.00676
1.97885
1.9522
1.92693
1.90315
1.88094
1.86037
1.84151
1.8244
1.80907
1.79548
1.78362
1.77333
1.76458
1.75696
1.75074
1.74448
1.74077
1.73177
4.00547
3.97941
3.95335
3.92731
3.9013
3.8753
3.84934
3.8234
3.79751
3.77166
3.74586
3.72011
3.69444
3.66883
3.64329
3.61784
3.59247
3.56719
3.542
3.5169
3.49189
3.46698
3.44217
3.41746
3.39285
3.36834
3.34395
3.31968
3.29553
3.27151
3.24763
3.22391
3.20035
3.17697
3.15377
3.13078
3.10801
3.08548
3.06318
3.04115
3.01939
2.9979
2.9767
2.95577
2.93513
2.91475
2.89463
2.87473
2.85503
2.83549
2.81605
2.79666
2.77727
2.75778
2.73814
2.71826
2.69805
2.67742
2.6563
2.63459
2.61222
2.58913
2.56526
2.54056
2.515
2.48857
2.46127
2.43312
2.40416
2.37445
2.34407
2.3131
2.28166
2.24988
2.21789
2.18583
2.15388
2.12219
2.09095
2.06031
2.03045
2.00152
1.9737
1.9471
1.92186
1.89808
1.87585
1.85525
1.83631
1.81906
1.80352
1.78963
1.77737
1.76658
1.75723
1.74893
1.74195
1.73489
1.73042
1.72012
4.00388
3.97762
3.95135
3.92508
3.89881
3.87256
3.84632
3.8201
3.7939
3.76773
3.7416
3.71551
3.68948
3.6635
3.63759
3.61176
3.586
3.56033
3.53475
3.50927
3.48388
3.4586
3.43344
3.40839
3.38347
3.35867
3.33401
3.3095
3.28514
3.26094
3.23691
3.21306
3.18941
3.16597
3.14274
3.11974
3.09699
3.07448
3.05225
3.03028
3.0086
2.9872
2.96608
2.94525
2.92469
2.90439
2.88433
2.86449
2.84483
2.82532
2.8059
2.78652
2.76712
2.74763
2.72797
2.70807
2.68785
2.66722
2.64611
2.62443
2.60212
2.57911
2.55534
2.53078
2.5054
2.47917
2.45212
2.42425
2.3956
2.36624
2.33622
2.30565
2.27463
2.24326
2.2117
2.18007
2.14853
2.11724
2.08636
2.05606
2.02649
1.99781
1.97017
1.9437
1.91853
1.89476
1.87248
1.85175
1.83262
1.8151
1.7992
1.78486
1.77206
1.76065
1.75062
1.74157
1.73381
1.72593
1.72068
1.70914
4.00317
3.97681
3.95045
3.92407
3.8977
3.87132
3.84495
3.81858
3.79223
3.7659
3.7396
3.71333
3.68711
3.66093
3.6348
3.60874
3.58275
3.55684
3.53101
3.50527
3.47963
3.4541
3.42868
3.40338
3.3782
3.35317
3.32827
3.30354
3.27896
3.25456
3.23035
3.20633
3.18252
3.15892
3.13556
3.11244
3.08958
3.06698
3.04465
3.0226
3.00083
2.97936
2.95817
2.93726
2.91662
2.89624
2.87609
2.85616
2.8364
2.81678
2.79726
2.77776
2.75825
2.73865
2.71889
2.6989
2.67859
2.6579
2.63674
2.61505
2.59275
2.56978
2.54609
2.52164
2.4964
2.47037
2.44354
2.41593
2.38758
2.35855
2.3289
2.29871
2.2681
2.23716
2.20603
2.17483
2.14373
2.11285
2.08237
2.05243
2.02318
1.99478
1.96736
1.94106
1.91598
1.89223
1.86988
1.84901
1.82964
1.81179
1.79547
1.78064
1.76726
1.75519
1.74445
1.73464
1.72609
1.7174
1.71141
1.69868
4.00275
3.97636
3.94994
3.92352
3.89708
3.87065
3.84421
3.81777
3.79135
3.76493
3.73854
3.71217
3.68584
3.65955
3.6333
3.60711
3.58097
3.55491
3.52892
3.50302
3.47721
3.4515
3.4259
3.40041
3.37505
3.34982
3.32474
3.29981
3.27505
3.25046
3.22606
3.20186
3.17787
3.1541
3.13057
3.10728
3.08425
3.06149
3.039
3.01679
2.99486
2.97322
2.95187
2.9308
2.90999
2.88944
2.86912
2.84901
2.82908
2.80928
2.78958
2.76991
2.75023
2.73047
2.71056
2.69043
2.67001
2.64921
2.62798
2.60624
2.58393
2.56098
2.53734
2.51299
2.48788
2.46202
2.4354
2.40804
2.37998
2.35126
2.32196
2.29215
2.26192
2.2314
2.20069
2.16992
2.13924
2.10878
2.07869
2.04911
2.0202
1.99208
1.96489
1.93875
1.91376
1.89003
1.86762
1.84659
1.82697
1.80879
1.79204
1.77669
1.76271
1.74999
1.73854
1.72799
1.71866
1.7092
1.7025
1.68866
4.00243
3.97601
3.94957
3.92311
3.89665
3.87017
3.8437
3.81722
3.79075
3.76429
3.73784
3.71141
3.68501
3.65865
3.63232
3.60604
3.57982
3.55366
3.52756
3.50155
3.47562
3.44978
3.42404
3.39841
3.37291
3.34753
3.32229
3.2972
3.27228
3.24752
3.22295
3.19858
3.17442
3.15047
3.12676
3.10329
3.08008
3.05713
3.03445
3.01205
2.98993
2.96809
2.94654
2.92526
2.90424
2.88348
2.86295
2.84263
2.82248
2.80247
2.78256
2.76269
2.74281
2.72286
2.70277
2.68249
2.66192
2.64102
2.6197
2.5979
2.57556
2.55261
2.52902
2.50475
2.47977
2.45406
2.42764
2.40051
2.37272
2.34431
2.31533
2.28588
2.25604
2.22591
2.19561
2.16526
2.13499
2.10493
2.07522
2.046
2.0174
1.98955
1.96258
1.9366
1.9117
1.88798
1.86549
1.8443
1.82443
1.80591
1.78873
1.77287
1.7583
1.74494
1.73278
1.72151
1.71144
1.70123
1.69386
1.679
4.00215
3.97571
3.94924
3.92276
3.89627
3.86977
3.84326
3.81676
3.79025
3.76375
3.73727
3.7108
3.68435
3.65794
3.63155
3.60521
3.57892
3.55268
3.52651
3.5004
3.47438
3.44844
3.4226
3.39686
3.37123
3.34573
3.32036
3.29513
3.27006
3.24516
3.22044
3.19591
3.17158
3.14747
3.12358
3.09993
3.07654
3.0534
3.03052
3.00792
2.9856
2.96355
2.94178
2.92029
2.89905
2.87807
2.85731
2.83676
2.81638
2.79615
2.77601
2.75592
2.73584
2.71569
2.69542
2.67497
2.65426
2.63324
2.61182
2.58996
2.56758
2.54464
2.52108
2.49688
2.47201
2.44646
2.42022
2.39332
2.36578
2.33766
2.309
2.2799
2.25042
2.22067
2.19076
2.16081
2.13093
2.10125
2.0719
2.04302
2.01472
1.98714
1.96038
1.93454
1.90972
1.886
1.86343
1.84207
1.82195
1.80308
1.78547
1.7691
1.75396
1.73995
1.72712
1.71513
1.70434
1.69343
1.68541
1.6696
4.00189
3.97543
3.94894
3.92244
3.89592
3.8694
3.84287
3.81633
3.7898
3.76327
3.73675
3.71024
3.68376
3.6573
3.63087
3.60447
3.57812
3.55182
3.52558
3.4994
3.4733
3.44727
3.42134
3.3955
3.36977
3.34416
3.31867
3.29333
3.26813
3.2431
3.21823
3.19356
3.16908
3.1448
3.12075
3.09693
3.07336
3.05003
3.02697
3.00417
2.98165
2.95939
2.93741
2.9157
2.89424
2.87303
2.85204
2.83126
2.81066
2.7902
2.76984
2.74953
2.72924
2.7089
2.68845
2.66783
2.64698
2.62583
2.60432
2.58239
2.55997
2.53703
2.5135
2.48937
2.4646
2.43919
2.41313
2.38644
2.35915
2.3313
2.30295
2.27418
2.24505
2.21567
2.18614
2.15656
2.12705
2.09774
2.06874
2.04018
2.01217
1.98483
1.95826
1.93255
1.9078
1.88406
1.86141
1.83987
1.81949
1.80027
1.78223
1.76535
1.74963
1.73498
1.72147
1.70879
1.6973
1.6857
1.67708
1.6604
4.00164
3.97516
3.94865
3.92213
3.8956
3.86905
3.84249
3.81593
3.78937
3.76281
3.73626
3.70972
3.6832
3.6567
3.63022
3.60378
3.57738
3.55102
3.52472
3.49847
3.4723
3.44619
3.42018
3.39425
3.36843
3.34272
3.31713
3.29167
3.26636
3.2412
3.2162
3.19139
3.16677
3.14235
3.11814
3.09416
3.07041
3.04691
3.02367
3.00068
2.97796
2.9555
2.93332
2.91139
2.88972
2.86829
2.84708
2.82608
2.80525
2.78456
2.76399
2.74347
2.72298
2.70244
2.68182
2.66104
2.64004
2.61878
2.59717
2.57517
2.55272
2.52977
2.50628
2.48221
2.45754
2.43226
2.40637
2.37988
2.35283
2.32525
2.29719
2.26873
2.23994
2.21091
2.18174
2.15252
2.12338
2.09442
2.06575
2.03749
2.00975
1.98263
1.95624
1.93065
1.90594
1.88218
1.85942
1.8377
1.81704
1.79746
1.77897
1.76156
1.74525
1.72996
1.71576
1.70238
1.6902
1.67794
1.66874
1.6513
4.0014
3.97491
3.94838
3.92184
3.89528
3.86872
3.84214
3.81555
3.78896
3.76238
3.7358
3.70922
3.68266
3.65612
3.62961
3.60312
3.57667
3.55026
3.5239
3.49759
3.47135
3.44518
3.41908
3.39308
3.36717
3.34136
3.31567
3.29011
3.26469
3.23941
3.2143
3.18936
3.1646
3.14004
3.11569
3.09155
3.06765
3.04398
3.02056
2.99739
2.97449
2.95184
2.92945
2.90732
2.88544
2.8638
2.84238
2.82116
2.80012
2.77923
2.75844
2.73773
2.71703
2.69631
2.67552
2.65458
2.63345
2.61207
2.59038
2.56831
2.54583
2.52287
2.49941
2.4754
2.45082
2.42567
2.39995
2.37366
2.34683
2.31951
2.29174
2.26359
2.23513
2.20644
2.17761
2.14875
2.11995
2.09132
2.06296
2.03499
2.0075
1.98059
1.95435
1.92886
1.90418
1.88038
1.85749
1.83555
1.81459
1.79462
1.77566
1.75769
1.74075
1.72479
1.70987
1.69578
1.68291
1.67002
1.66028
1.64221
4.00118
3.97467
3.94813
3.92157
3.89499
3.8684
3.8418
3.81519
3.78858
3.76196
3.73535
3.70875
3.68216
3.65558
3.62902
3.60249
3.576
3.54954
3.52312
3.49676
3.47045
3.44421
3.41805
3.39196
3.36597
3.34008
3.3143
3.28864
3.26312
3.23773
3.2125
3.18744
3.16256
3.13786
3.11337
3.08909
3.06504
3.04121
3.01763
2.99429
2.97121
2.94838
2.9258
2.90348
2.88141
2.85956
2.83794
2.81652
2.79527
2.77418
2.75319
2.73228
2.7114
2.69051
2.66955
2.64847
2.62721
2.60572
2.58394
2.56182
2.5393
2.51635
2.49291
2.46897
2.44449
2.41947
2.39391
2.36781
2.34122
2.31415
2.28666
2.25881
2.23066
2.2023
2.17382
2.14529
2.11682
2.08851
2.06046
2.03276
2.0055
1.97878
1.95267
1.92725
1.90257
1.87868
1.85563
1.83343
1.81212
1.7917
1.7722
1.75362
1.73599
1.71929
1.70363
1.68881
1.67526
1.66178
1.65158
1.63311
4.00097
3.97444
3.94788
3.92131
3.89471
3.8681
3.84148
3.81485
3.78821
3.76157
3.73493
3.7083
3.68167
3.65506
3.62847
3.6019
3.57536
3.54885
3.52238
3.49596
3.4696
3.4433
3.41706
3.39091
3.36484
3.33887
3.313
3.28725
3.26163
3.23615
3.21081
3.18564
3.16063
3.13582
3.11119
3.08678
3.06258
3.0386
3.01487
2.99137
2.96812
2.94512
2.92237
2.89986
2.8776
2.85557
2.83376
2.81214
2.7907
2.76941
2.74824
2.72715
2.7061
2.68504
2.66393
2.64272
2.62134
2.59975
2.5779
2.55573
2.53319
2.51024
2.48685
2.46297
2.4386
2.41372
2.38832
2.36243
2.33606
2.30925
2.28204
2.25449
2.22666
2.19863
2.17048
2.14228
2.11414
2.08613
2.05836
2.0309
2.00385
1.97729
1.95127
1.92588
1.90114
1.87712
1.85383
1.8313
1.80955
1.78859
1.76845
1.74915
1.73074
1.71323
1.69678
1.68123
1.66707
1.65314
1.64264
1.62422
4.00078
3.97423
3.94766
3.92107
3.89445
3.86782
3.84118
3.81453
3.78787
3.7612
3.73453
3.70787
3.68122
3.65457
3.62794
3.60133
3.57475
3.5482
3.52169
3.49522
3.4688
3.44244
3.41614
3.38992
3.36378
3.33773
3.31179
3.28595
3.26024
3.23466
3.20922
3.18394
3.15883
3.1339
3.10915
3.08461
3.06027
3.03616
3.01228
2.98863
2.96523
2.94206
2.91915
2.89648
2.87404
2.85183
2.82984
2.80805
2.78643
2.76497
2.74362
2.72237
2.70116
2.67995
2.65871
2.63737
2.6159
2.59423
2.57232
2.55012
2.52758
2.50466
2.48132
2.45753
2.43328
2.40855
2.38335
2.35767
2.33154
2.305
2.27808
2.25084
2.22333
2.19562
2.16779
2.13992
2.11208
2.08435
2.05683
2.02959
2.0027
1.97624
1.95025
1.9248
1.89993
1.87566
1.85202
1.82902
1.80668
1.78503
1.76411
1.74394
1.72464
1.70627
1.68904
1.67289
1.65833
1.64432
1.63391
1.61642
4.0006
3.97404
3.94745
3.92084
3.89421
3.86756
3.8409
3.81423
3.78754
3.76085
3.73416
3.70747
3.68079
3.65411
3.62745
3.60081
3.57419
3.54759
3.52104
3.49452
3.46805
3.44163
3.41528
3.389
3.36279
3.33667
3.31065
3.28474
3.25895
3.23328
3.20775
3.18237
3.15716
3.13211
3.10726
3.0826
3.05814
3.0339
3.00988
2.9861
2.96255
2.93924
2.91618
2.89335
2.87076
2.84839
2.82624
2.80429
2.78252
2.7609
2.7394
2.71801
2.69666
2.67534
2.65399
2.63256
2.61102
2.58931
2.56737
2.54517
2.52267
2.49981
2.47656
2.4529
2.42881
2.40427
2.37927
2.35384
2.32798
2.30172
2.2751
2.24817
2.22098
2.19359
2.16607
2.13849
2.11092
2.08344
2.05611
2.02901
2.0022
1.97574
1.94967
1.92403
1.89885
1.87416
1.84996
1.82628
1.80315
1.78059
1.75869
1.73754
1.71732
1.69818
1.68043
1.66411
1.64981
1.63656
1.62711
1.61226
4.00044
3.97386
3.94726
3.92064
3.89399
3.86733
3.84065
3.81395
3.78725
3.76054
3.73382
3.70711
3.6804
3.65369
3.627
3.60032
3.57367
3.54704
3.52044
3.49388
3.46736
3.4409
3.41449
3.38815
3.36189
3.33571
3.30962
3.28364
3.25777
3.23202
3.20641
3.18095
3.15564
3.1305
3.10555
3.08078
3.05622
3.03187
3.00774
2.98383
2.96016
2.93673
2.91354
2.89058
2.86786
2.84536
2.82308
2.801
2.77911
2.75737
2.73577
2.71428
2.69285
2.67145
2.65005
2.62859
2.60703
2.58533
2.56343
2.54129
2.51888
2.49614
2.47305
2.44956
2.42567
2.40136
2.37662
2.35146
2.32588
2.29992
2.27361
2.24698
2.22009
2.19298
2.16573
2.13838
2.111
2.08367
2.05642
2.02933
2.00243
1.97579
1.94942
1.92335
1.89761
1.8722
1.84716
1.82251
1.79831
1.77465
1.75169
1.72964
1.70881
1.6895
1.67216
1.65695
1.64449
1.63389
1.62723
1.61821
4.00029
3.97371
3.94709
3.92046
3.8938
3.86712
3.84042
3.81371
3.78699
3.76026
3.73352
3.70679
3.68005
3.65332
3.6266
3.5999
3.57321
3.54655
3.51992
3.49332
3.46676
3.44026
3.41381
3.38742
3.36111
3.33488
3.30874
3.2827
3.25677
3.23096
3.20528
3.17975
3.15437
3.12916
3.10413
3.07929
3.05464
3.03021
3.006
2.98201
2.95825
2.93474
2.91146
2.88842
2.86562
2.84305
2.8207
2.79855
2.7766
2.75482
2.73319
2.71167
2.69024
2.66886
2.64749
2.62609
2.60461
2.58301
2.56125
2.53927
2.51703
2.49449
2.47162
2.44838
2.42474
2.4007
2.37624
2.35136
2.32606
2.30038
2.27433
2.24795
2.22128
2.19436
2.16725
2.13999
2.11264
2.08525
2.05786
2.03052
2.00325
1.9761
1.94908
1.92221
1.89551
1.86902
1.8428
1.81692
1.79155
1.76692
1.74335
1.72128
1.70122
1.6837
1.66933
1.65832
1.65126
1.64724
1.64702
1.6496
4.00019
3.97359
3.94697
3.92032
3.89365
3.86696
3.84025
3.81353
3.78679
3.76005
3.7333
3.70654
3.67979
3.65305
3.62631
3.59959
3.57288
3.5462
3.51954
3.49293
3.46635
3.43982
3.41334
3.38693
3.36059
3.33433
3.30817
3.2821
3.25614
3.2303
3.2046
3.17904
3.15363
3.1284
3.10334
3.07847
3.05381
3.02936
3.00513
2.98113
2.95737
2.93385
2.91058
2.88755
2.86477
2.84223
2.81992
2.79784
2.77596
2.75426
2.73273
2.71133
2.69004
2.66881
2.64762
2.62641
2.60515
2.58378
2.56225
2.54053
2.51856
2.4963
2.4737
2.45073
2.42737
2.40358
2.37936
2.35469
2.32959
2.30406
2.27813
2.25183
2.22517
2.19821
2.17098
2.14352
2.11587
2.08806
2.06012
2.03209
2.004
1.97586
1.94771
1.91959
1.89157
1.86375
1.83632
1.80953
1.78378
1.75958
1.73762
1.71866
1.70355
1.69306
1.6879
1.6882
1.69418
1.70471
1.71807
1.74266
4.00014
3.97355
3.94692
3.92027
3.8936
3.86691
3.8402
3.81348
3.78675
3.76001
3.73326
3.70652
3.67977
3.65304
3.62631
3.5996
3.5729
3.54624
3.5196
3.493
3.46644
3.43994
3.41349
3.38711
3.36081
3.33458
3.30846
3.28244
3.25653
3.23075
3.20511
3.17961
3.15429
3.12913
3.10417
3.0794
3.05484
3.03051
3.00641
2.98255
2.95894
2.93559
2.9125
2.88967
2.8671
2.84479
2.82273
2.8009
2.77929
2.75789
2.73666
2.71559
2.69462
2.67374
2.65289
2.63203
2.6111
2.59007
2.56887
2.54745
2.52576
2.50375
2.48137
2.45858
2.43534
2.41164
2.38744
2.36275
2.33756
2.31187
2.28571
2.25909
2.23203
2.20458
2.17674
2.14856
2.12005
2.09126
2.06221
2.03293
2.00348
1.97392
1.94436
1.91495
1.88592
1.85764
1.8306
1.80549
1.78321
1.76485
1.75167
1.74498
1.74604
1.7558
1.77481
1.80267
1.83856
1.88049
1.9221
1.98805
4.00038
3.97381
3.94722
3.9206
3.89397
3.86732
3.84066
3.81399
3.78731
3.76063
3.73396
3.70729
3.68062
3.65398
3.62735
3.60074
3.57416
3.54761
3.5211
3.49464
3.46824
3.44189
3.41562
3.38942
3.36331
3.33729
3.31138
3.28559
3.25993
3.23441
3.20904
3.18384
3.15882
3.13398
3.10936
3.08495
3.06077
3.03683
3.01314
2.98972
2.96656
2.94368
2.92107
2.89874
2.87668
2.8549
2.83337
2.81208
2.79102
2.77015
2.74945
2.72889
2.70841
2.68798
2.66755
2.64706
2.62645
2.60567
2.58465
2.56334
2.54167
2.5196
2.49707
2.47403
2.45047
2.42634
2.40163
2.37633
2.35044
2.32396
2.29692
2.26932
2.24118
2.21254
2.18343
2.15388
2.12394
2.09366
2.06315
2.03252
2.00195
1.9717
1.94215
1.91382
1.88745
1.86405
1.84493
1.83173
1.82639
1.83115
1.8483
1.88003
1.92807
1.99323
2.07504
2.17107
2.27732
2.3887
2.49014
2.63198
4.00172
3.97531
3.94887
3.92243
3.89599
3.86954
3.8431
3.81667
3.79025
3.76384
3.73745
3.71108
3.68474
3.65843
3.63216
3.60594
3.57976
3.55363
3.52757
3.50158
3.47566
3.44982
3.42407
3.39843
3.37289
3.34747
3.32218
3.29704
3.27204
3.24721
3.22256
3.19809
3.17382
3.14977
3.12594
3.10235
3.079
3.05591
3.03308
3.01052
2.98824
2.96623
2.94449
2.92301
2.90179
2.88081
2.86006
2.83949
2.81909
2.79881
2.77862
2.75847
2.7383
2.71805
2.69767
2.6771
2.65626
2.63511
2.61357
2.59159
2.56912
2.54611
2.52252
2.49831
2.47347
2.44799
2.42184
2.39504
2.3676
2.33953
2.31086
2.28164
2.25192
2.22177
2.19129
2.16062
2.12995
2.09952
2.0697
2.04098
2.01403
1.98977
1.96944
1.95473
1.94778
1.95137
1.96886
2.00427
2.06205
2.14688
2.26312
2.41411
2.60113
2.82227
3.07153
3.3381
3.60764
3.86459
4.0814
4.33079
4.0083
3.98247
3.95666
3.93088
3.90514
3.87942
3.85375
3.82813
3.80255
3.77702
3.75155
3.72613
3.70078
3.6755
3.65029
3.62516
3.60011
3.57514
3.55027
3.52549
3.50082
3.47625
3.45181
3.42749
3.4033
3.37925
3.35535
3.3316
3.30802
3.28461
3.26139
3.23836
3.21552
3.19289
3.17047
3.14827
3.12629
3.10452
3.08297
3.06163
3.0405
3.01956
2.99879
2.97817
2.95767
2.93727
2.91693
2.89659
2.87622
2.85577
2.83518
2.8144
2.79336
2.77202
2.75032
2.72821
2.70565
2.68259
2.65901
2.63488
2.61018
2.58491
2.55906
2.53264
2.50568
2.47819
2.45021
2.42181
2.39307
2.36408
2.335
2.30602
2.2774
2.24948
2.22274
2.19778
2.17541
2.15669
2.14304
2.13633
2.13904
2.1544
2.1866
2.24095
2.32401
2.44363
2.60872
2.82876
3.11286
3.46835
3.8989
4.40229
4.96837
5.57752
6.20095
6.8027
7.3461
7.79466
8.12833
8.36222
4.03712
4.01328
3.98952
3.96586
3.94228
3.9188
3.89541
3.87212
3.84892
3.82581
3.8028
3.77988
3.75706
3.73433
3.71169
3.68915
3.6667
3.64435
3.62209
3.59992
3.57785
3.55587
3.53399
3.5122
3.49051
3.46891
3.44741
3.42601
3.4047
3.38348
3.36235
3.34131
3.32034
3.29945
3.27861
3.25783
3.23708
3.21634
3.1956
3.17482
3.15399
3.13307
3.11202
3.09082
3.06942
3.04778
3.02587
3.00365
2.98109
2.95817
2.93486
2.91116
2.88707
2.86259
2.83775
2.81259
2.78715
2.76149
2.73568
2.70979
2.68391
2.65814
2.63261
2.60745
2.58283
2.55897
2.53613
2.51469
2.4951
2.47796
2.46407
2.45442
2.4503
2.45337
2.46572
2.49006
2.52983
2.58945
2.67455
2.79227
2.95148
3.16301
3.43964
3.79585
4.24708
4.80838
5.49231
6.30611
7.24851
8.3067
9.45426
10.6508
11.8435
12.9713
13.9712
14.7849
15.3759
15.7023
15.8393
15.5135
4.15398
4.13566
4.11746
4.09937
4.08139
4.0635
4.0457
4.02796
4.01029
3.99267
3.97509
3.95754
3.94
3.92246
3.90491
3.88734
3.86973
3.85208
3.83436
3.81657
3.79868
3.7807
3.76259
3.74434
3.72595
3.70739
3.68864
3.66969
3.65051
3.6311
3.61142
3.59146
3.57121
3.55063
3.52971
3.50843
3.48678
3.46475
3.44233
3.41952
3.39633
3.37279
3.34891
3.32475
3.30037
3.27586
3.25131
3.22686
3.20265
3.17886
3.15568
3.13335
3.1121
3.09219
3.07392
3.05758
3.0435
3.03202
3.02353
3.01843
3.01722
3.02045
3.0288
3.04311
3.06441
3.094
3.1335
3.18493
3.2508
3.33422
3.43899
3.56975
3.73215
3.93301
4.18062
4.48489
4.85769
5.31291
5.86648
6.5359
7.33934
8.29401
9.41378
10.7062
12.1691
13.7872
15.5301
17.3507
19.187
20.9656
22.6079
24.0385
25.1932
26.0239
26.5061
26.6317
26.4373
25.9063
25.2837
23.778
4.6007
4.59563
4.59046
4.58516
4.57971
4.57407
4.56821
4.5621
4.55572
4.54903
4.542
4.53461
4.52683
4.51862
4.50996
4.50082
4.49118
4.48101
4.4703
4.45901
4.44713
4.43465
4.42156
4.40785
4.39352
4.37858
4.36305
4.34696
4.33033
4.31324
4.29574
4.27793
4.25992
4.24185
4.22387
4.2062
4.18906
4.17273
4.15753
4.14383
4.13205
4.12266
4.11621
4.11329
4.11455
4.12071
4.13255
4.1509
4.17667
4.2108
4.25428
4.30815
4.3735
4.45149
4.54332
4.65029
4.77381
4.91543
5.07693
5.26034
5.46804
5.70284
5.96811
6.26782
6.60671
6.99034
7.4252
7.91877
8.47953
9.11705
9.84187
10.6655
11.6002
12.6587
13.854
15.1983
16.7021
18.3722
20.2099
22.2079
24.3474
26.5953
28.9028
31.2055
33.4259
35.4794
37.282
38.7592
39.855
40.5377
40.8027
40.6693
40.1764
39.3703
38.3051
37.0191
35.589
33.9724
32.5124
29.9454
6.53431
6.57027
6.60567
6.64049
6.6747
6.7083
6.74128
6.77365
6.80543
6.83662
6.86727
6.8974
6.92709
6.95638
6.98538
7.01417
7.04288
7.07165
7.10066
7.13011
7.16021
7.19124
7.22351
7.25735
7.29316
7.33138
7.37253
7.41715
7.46588
7.51944
7.57858
7.6442
7.71724
7.79876
7.88992
7.99199
8.10636
8.23454
8.37818
8.53904
8.71903
8.92021
9.14478
9.39508
9.67359
9.98295
10.3259
10.7055
11.1246
11.5866
12.0947
12.6524
13.2634
13.9316
14.6609
15.4558
16.3207
17.2606
18.2807
19.3867
20.5847
21.881
23.2823
24.7954
26.4266
28.1818
30.0658
32.0816
34.2294
36.5062
38.9045
41.4115
44.0079
46.667
49.3538
52.024
54.6233
57.0879
59.3455
61.3188
62.931
64.1132
64.8129
65.0009
64.676
63.8652
62.619
61.004
59.0947
56.9654
54.6858
52.3179
49.9157
47.5185
45.159
42.8377
40.6004
38.3517
36.4468
33.413
20.4283
20.7656
21.1042
21.4443
21.786
22.1294
22.4746
22.822
23.1717
23.5241
23.8793
24.2379
24.6001
24.9664
25.3374
25.7136
26.0955
26.4837
26.8791
27.2824
27.6943
28.1158
28.5477
28.9911
29.447
29.9165
30.4009
30.9013
31.4191
31.9558
32.5128
33.0918
33.6945
34.3228
34.9786
35.6642
36.3818
37.1341
37.9238
38.7539
39.628
40.5497
41.523
42.5526
43.6436
44.8013
46.032
47.3423
48.7396
50.2318
51.8273
53.5351
55.3645
57.325
59.426
61.6764
64.0843
66.6561
69.3961
72.3056
75.3821
78.6179
81.9995
85.5063
89.1094
92.7705
96.4413
100.062
103.563
106.862
109.868
112.483
114.606
116.14
116.997
117.109
116.439
114.981
112.772
109.882
106.414
102.488
98.2327
93.7665
89.1947
84.6031
80.0583
75.6109
71.3006
67.1602
63.2191
59.5039
56.0377
52.8331
49.8949
47.1924
44.733
42.3701
40.4402
37.4523
131.195
132.924
134.607
136.242
137.824
139.351
140.821
142.23
143.575
144.855
146.067
147.208
148.275
149.267
150.18
151.012
151.762
152.426
153.002
153.488
153.882
154.182
154.384
154.487
154.489
154.386
154.177
153.859
153.43
152.887
152.229
151.451
150.553
149.531
148.385
147.111
145.709
144.176
142.512
140.716
138.789
136.731
134.544
132.23
129.793
127.238
124.571
121.8
118.935
115.987
112.969
109.897
106.787
103.659
100.533
97.4327
94.3816
91.4051
88.5293
85.7809
83.187
80.7743
78.5695
76.5983
74.8857
73.4556
72.3299
71.5287
71.0682
70.9593
71.2048
71.795
72.7039
73.884
75.2637
76.7464
78.2162
79.5467
80.6162
81.3234
81.6003
81.4208
80.7996
79.786
78.4514
76.8766
75.1399
73.3088
71.4363
69.5607
67.7098
65.9052
64.1717
62.5295
61.0078
59.5979
58.3423
57.084
56.1395
54.4089
1.70995
1.55562
2.06634
2.209
2.11603
1.88802
1.65194
1.94328
3.96712
7.34998
11.4131
15.9253
20.7583
25.8112
31.0053
36.2813
41.5978
46.9303
52.2708
57.6256
63.0128
68.4581
73.9914
79.6426
85.4394
91.4046
97.5547
103.899
110.44
117.171
124.081
131.149
138.349
145.649
153.009
160.394
167.771
175.125
182.464
189.802
197.001
204.038
210.869
217.449
223.728
229.65
235.16
240.205
244.728
248.677
252.002
254.659
256.606
257.81
258.245
257.894
256.75
254.818
252.114
248.664
244.51
239.707
234.337
228.576
222.952
219.017
215.68
212.113
208.217
204.03
199.606
194.998
190.26
185.436
180.569
175.692
170.833
166.013
161.243
156.53
151.876
147.275
142.718
138.195
133.69
129.188
124.675
120.137
115.564
110.949
106.292
101.599
96.8871
92.1802
87.5168
82.9398
78.5164
74.2181
70.6386
65.0712
5.46387
3.64535
3.08642
2.93006
3.09231
3.7755
5.24073
7.50683
10.361
13.4586
16.6059
19.7345
22.8322
25.917
29.0164
32.1542
35.3449
38.5955
41.9083
45.285
48.7288
52.2452
55.842
59.5276
63.3105
67.1974
71.1927
75.2981
79.5114
83.8273
88.2371
92.7288
97.288
101.898
106.544
111.209
115.887
120.58
125.302
130.045
134.743
139.363
143.883
148.275
152.508
156.55
160.369
163.93
167.201
170.148
172.739
174.945
176.737
178.09
178.985
179.406
179.342
178.791
177.756
176.246
174.282
171.889
169.106
165.996
162.676
159.334
155.924
152.381
148.699
144.904
141.027
137.1
133.15
129.199
125.263
121.354
117.477
113.632
109.817
106.025
102.247
98.4729
94.6917
90.8932
87.0684
83.2103
79.3146
75.3799
71.4095
67.4089
63.3913
59.369
55.3699
51.4068
47.5343
43.7414
40.1513
36.6028
33.6943
29.1514
9.47283
5.47265
4.7528
4.69618
5.26003
6.5736
8.59305
11.0245
13.5702
16.1082
18.6437
21.2165
23.8753
26.6612
29.5968
32.6842
35.9096
39.2519
42.6904
46.2094
49.8012
53.4658
57.209
61.041
64.9736
69.0185
73.1861
77.4847
81.9199
86.4941
91.2074
96.0571
101.039
106.145
111.368
116.697
122.117
127.608
133.134
138.681
144.218
149.712
155.128
160.424
165.559
170.49
175.172
179.561
183.612
187.281
190.524
193.303
195.579
197.322
198.505
199.108
199.12
198.538
197.367
195.624
193.334
190.53
187.257
183.573
179.551
175.278
170.801
166.155
161.378
156.51
151.595
146.669
141.765
136.908
132.117
127.401
122.766
118.21
113.727
109.308
104.94
100.609
96.2996
91.9975
87.69
83.3662
79.0184
74.6426
70.2394
65.8132
61.3761
56.9418
52.5383
48.1845
43.9338
39.7898
35.8654
32.0396
28.8467
24.1372
12.7337
7.21543
6.51051
6.59691
7.30794
8.6516
10.492
12.5826
14.7563
16.9816
19.2928
21.7333
24.3401
27.1366
30.1304
33.3151
36.675
40.1908
43.8445
47.6234
51.5211
55.5384
59.6819
63.9626
68.3944
72.9918
77.7691
82.7386
87.9103
93.2911
98.8845
104.69
110.705
116.921
123.325
129.9
136.621
143.456
150.369
157.324
164.277
171.183
177.991
184.648
191.094
197.272
203.119
208.574
213.576
218.066
221.987
225.288
227.924
229.856
231.055
231.503
231.191
230.123
228.318
225.804
222.622
218.825
214.475
209.641
204.403
198.845
193.041
187.06
180.964
174.811
168.652
162.533
156.49
150.551
144.733
139.047
133.495
128.075
122.776
117.584
112.483
107.452
102.474
97.5276
92.5956
87.6625
82.7167
77.7506
72.7626
67.7567
62.7457
57.7468
52.7922
47.9102
43.1601
38.5626
34.2292
30.0729
26.5915
21.6987
14.9028
8.4614
7.79225
7.9777
8.69462
9.88765
11.4519
13.2424
15.1688
17.2123
19.3926
21.7404
24.2856
27.052
30.0537
33.2948
36.7706
40.4711
44.3849
48.502
52.8166
57.3286
62.0434
66.9712
72.1256
77.5217
83.1749
89.099
95.3054
101.802
108.591
115.671
123.035
130.669
138.552
146.657
154.947
163.378
171.896
180.448
188.976
197.416
205.703
213.761
221.517
228.89
235.802
242.172
247.925
252.986
257.288
260.773
263.389
265.099
265.877
265.713
264.611
262.592
259.693
255.964
251.472
246.292
240.51
234.219
227.515
220.496
213.253
205.872
198.43
190.994
183.621
176.357
169.238
162.288
155.524
148.95
142.565
136.358
130.316
124.419
118.644
112.968
107.366
101.813
96.2883
90.7723
85.2507
79.7145
74.1618
68.5984
63.0404
57.5117
52.0521
46.7019
41.5295
36.5741
31.9477
27.5949
23.9719
19.1073
16.3006
9.1147
8.48557
8.74807
9.46245
10.5422
11.9185
13.5117
15.2681
17.1721
19.2368
21.4912
23.9705
26.7085
29.7324
33.0604
36.7008
40.6542
44.9166
49.4823
54.3474
59.5114
64.9781
70.7553
76.8541
83.2868
90.0661
97.2024
104.703
112.572
120.805
129.394
138.323
147.566
157.091
166.857
176.812
186.894
197.031
207.149
217.168
227.008
236.58
245.793
254.552
262.761
270.325
277.151
283.151
288.244
292.36
295.438
297.434
298.319
298.081
296.729
294.289
290.807
286.35
280.996
274.842
267.993
260.562
252.662
244.411
235.918
227.288
218.613
209.974
201.437
193.056
184.873
176.914
169.196
161.725
154.498
147.504
140.727
134.143
127.728
121.454
115.292
109.213
103.19
97.1978
91.2172
85.2329
79.2371
73.2306
67.2237
61.2394
55.311
49.4884
43.8265
38.4039
33.278
28.5594
24.2211
20.6586
16.1007
17.1511
9.40004
8.76024
9.0798
9.82076
10.866
12.1581
13.6488
15.3071
17.1271
19.1275
21.3443
23.8228
26.61
29.7479
33.2697
37.1984
41.547
46.3211
51.5214
57.1469
63.1965
69.6711
76.573
83.906
91.6741
99.8802
108.524
117.602
127.104
137.015
147.309
157.956
168.913
180.132
191.553
203.102
214.694
226.24
237.643
248.804
259.622
269.991
279.805
288.955
297.334
304.839
311.372
316.844
321.178
324.309
326.192
326.797
326.118
324.169
320.988
316.636
311.192
304.757
297.446
289.387
280.715
271.565
262.074
252.369
242.569
232.779
223.088
213.569
204.277
195.254
186.524
178.1
169.984
162.166
154.63
147.356
140.315
133.478
126.813
120.288
113.869
107.527
101.232
94.9605
88.6931
82.4179
76.131
69.8393
63.5611
57.3289
51.1879
45.2007
39.4371
33.986
28.92
24.344
20.2518
16.9579
12.963
17.3222
9.38569
8.77245
9.1675
9.98304
11.0799
12.3991
13.9052
15.5828
17.4392
19.5046
21.8275
24.4664
27.4833
30.9368
34.877
39.343
44.362
49.9501
56.1144
62.8547
70.1662
78.0408
86.468
95.4351
104.927
114.927
125.412
136.355
147.726
159.484
171.583
183.968
196.581
209.345
222.177
234.981
247.656
260.092
272.178
283.799
294.841
305.188
314.727
323.346
330.938
337.402
342.651
346.606
349.208
350.413
350.202
348.575
345.561
341.212
335.604
328.839
321.036
312.335
302.887
292.848
282.378
271.633
260.756
249.88
239.118
228.565
218.294
208.358
198.79
189.608
180.813
172.394
164.333
156.601
149.168
141.999
135.055
128.3
121.697
115.209
108.802
102.445
96.1124
89.782
83.4393
77.0781
70.702
64.3268
57.9818
51.7117
45.5757
39.6497
34.0178
28.7768
24.0082
19.8044
16.167
13.3166
10.055
17.2184
9.28507
8.72686
9.24033
10.2083
11.4772
12.9833
14.6963
16.6101
18.7445
21.1434
23.8703
27.0005
30.614
34.7878
39.5897
45.0744
51.2805
58.2297
65.9277
74.3652
83.5207
93.3628
103.852
114.944
126.588
138.732
151.32
164.292
177.585
191.131
204.861
218.697
232.548
246.32
259.912
273.217
286.124
298.516
310.275
321.285
331.431
340.6
348.685
355.585
361.206
365.468
368.301
369.657
369.505
367.838
364.672
360.051
354.046
346.753
338.295
328.814
318.472
307.444
295.908
284.047
272.032
260.025
248.169
236.584
225.367
214.587
204.29
194.498
185.213
176.42
168.089
160.184
152.659
145.469
138.564
131.895
125.418
119.086
112.86
106.703
100.581
94.4662
88.3367
82.1769
75.9797
69.7477
63.4951
57.2494
51.053
44.9647
39.0582
33.4223
28.1522
23.3473
19.0883
15.4457
12.4121
10.1121
7.63422
16.7979
9.14073
8.77159
9.55561
10.8771
12.5825
14.6101
16.9332
19.5524
22.4969
25.8237
29.6111
33.951
38.939
44.6654
51.207
58.6202
66.9369
76.1629
86.2774
97.2355
108.972
121.409
134.457
148.021
162.006
176.317
190.86
205.547
220.291
235.001
249.582
263.941
277.982
291.609
304.72
317.213
328.983
339.923
349.927
358.89
366.713
373.3
378.564
382.428
384.826
385.707
385.037
382.803
379.017
373.712
366.953
358.829
349.457
338.98
327.562
315.384
302.641
289.532
276.256
263
249.939
237.222
224.975
213.294
202.242
191.856
182.142
173.085
164.649
156.782
149.425
142.509
135.968
129.734
123.741
117.931
112.25
106.649
101.086
95.525
89.9368
84.299
78.5962
72.8218
66.9787
61.081
55.1556
49.2439
43.4027
37.7052
32.2388
27.102
22.3948
18.2109
14.6173
11.6522
9.2849
7.55564
5.79522
16.4403
9.13448
9.24684
10.7082
12.9402
15.8198
19.2996
23.3512
27.9607
33.1392
38.9264
45.3852
52.5915
60.6217
69.5406
79.3909
90.1857
101.905
114.499
127.883
141.948
156.569
171.615
186.951
202.445
217.978
233.439
248.725
263.735
278.378
292.569
306.229
319.279
331.643
343.243
353.999
363.831
372.655
380.387
386.947
392.252
396.23
398.812
399.942
399.572
397.673
394.229
389.249
382.761
374.819
365.505
354.926
343.217
330.538
317.067
303.003
288.554
273.93
259.341
244.984
231.036
217.653
204.958
193.042
181.963
171.743
162.376
153.828
146.043
138.947
132.458
126.484
120.934
115.72
110.757
105.969
101.288
96.6539
92.0179
87.3382
82.5826
77.7271
72.7568
67.6654
62.4571
57.1464
51.7606
46.3406
40.9423
35.6369
30.5106
25.6606
21.1894
17.1926
13.7468
10.8924
8.629
6.89772
5.67879
4.49474
15.8831
9.6007
11.1256
14.7492
20.0643
27.027
35.516
45.3034
56.1121
67.6956
79.8813
92.5675
105.708
119.289
133.305
147.743
162.568
177.726
193.148
208.729
224.35
239.895
255.267
270.345
285.026
299.219
312.848
325.851
338.174
349.766
360.581
370.572
379.694
387.898
395.134
401.35
406.487
410.489
413.296
414.851
415.098
413.991
411.49
407.567
402.209
395.42
387.223
377.663
366.809
354.758
341.629
327.568
312.745
297.348
281.582
265.659
249.793
234.194
219.057
204.555
190.837
178.018
166.177
155.36
145.577
136.805
128.996
122.076
115.956
110.535
105.705
101.357
97.3819
93.6788
90.1539
86.7234
83.3147
79.8665
76.329
72.6636
68.8425
64.8484
60.6746
56.3248
51.8142
47.17
42.4328
37.6571
32.9124
28.2823
23.862
19.7522
16.0504
12.8365
10.1597
8.02598
6.39975
5.20277
4.3859
3.61816
15.4285
12.3015
20.616
35.178
55.918
81.4309
109.402
137.619
164.517
189.276
211.677
231.815
249.958
266.436
281.56
295.597
308.748
321.173
333.026
344.309
355.018
365.146
374.668
383.588
391.9
399.589
406.635
413.014
418.701
423.67
427.89
431.328
433.949
435.711
436.573
436.488
435.41
433.29
430.081
425.74
420.23
413.522
405.599
396.457
386.111
374.593
361.957
348.283
333.671
318.247
302.162
285.587
268.709
251.729
234.855
218.291
202.237
186.873
172.357
158.819
146.354
135.021
124.847
115.822
107.907
101.039
95.1336
90.0931
85.8087
82.1665
79.0504
76.3459
73.9425
71.7364
69.6325
67.546
65.4035
63.1443
60.7199
58.0945
55.2447
52.1592
48.8387
45.2962
41.557
37.6599
33.6572
29.6153
25.6142
21.7452
18.1059
14.7921
11.8859
9.44216
7.47774
5.96803
4.85604
4.0611
3.53049
3.04145
14.8328
39.3754
110.904
201.226
290.874
368.761
430.107
474.759
505.076
524.292
535.578
541.103
542.619
541.471
538.638
534.816
530.491
525.981
521.438
517.024
512.826
508.864
505.113
501.528
498.05
494.614
491.153
487.596
483.873
479.912
475.644
470.997
465.901
460.287
454.09
447.245
439.692
431.377
422.25
412.272
401.413
389.655
376.995
363.45
349.054
333.862
317.953
301.428
284.411
267.049
249.504
231.955
214.591
197.601
181.172
165.479
150.677
136.896
124.234
112.756
102.491
93.435
85.5543
78.79
73.0638
68.2838
64.3498
61.157
58.599
56.5698
54.9649
53.6821
52.6228
51.693
50.805
49.8787
48.844
47.6417
46.2247
44.5588
42.6231
40.4099
37.9252
35.1884
32.2327
29.1053
25.8672
22.5925
19.3666
16.2817
13.4296
10.8921
8.72846
6.96525
5.59245
4.56805
3.83182
3.31483
2.97444
2.66388
16.793
521.651
934.376
1167
1259.26
1264.91
1225.89
1168.53
1106.84
1046.96
990.81
938.856
890.991
847.005
806.736
770.05
736.784
706.714
679.555
654.99
632.705
612.408
593.831
576.739
560.921
546.186
532.356
519.262
506.743
494.644
482.82
471.136
459.469
447.706
435.747
423.505
410.901
397.872
384.365
370.342
355.778
340.667
325.021
308.87
292.267
275.286
258.024
240.596
223.138
205.799
188.742
172.133
156.137
140.912
126.598
113.315
101.152
90.1682
80.3868
71.7995
64.3678
58.0292
52.703
48.2977
44.7168
41.864
39.6462
37.9754
36.7683
35.9461
35.4323
35.1519
35.0301
34.9925
34.9659
34.8805
34.6717
34.2826
33.6666
32.7891
31.6286
30.1778
28.4441
26.4494
24.2306
21.839
19.3392
16.8074
14.3273
11.9845
9.85777
8.0086
6.47222
5.25273
4.32575
3.64721
3.16638
2.83153
2.61297
2.41461
)
;

boundaryField
{
    outlet
    {
        type            zeroGradient;
    }
    inlet
    {
        type            fixedValue;
        value           uniform 5.199;
    }
    lowerWall
    {
        type            epsilonWallFunction;
        Cmu             0.09;
        kappa           0.41;
        E               9.8;
        value           nonuniform List<scalar> 
148
(
151.448
203.151
260.735
321.761
383.629
443.726
499.768
550.044
593.501
629.695
658.696
680.942
697.11
707.997
714.428
717.2
717.042
714.597
710.413
704.95
698.584
691.619
684.296
676.801
669.278
661.836
654.551
647.494
640.617
634.33
626.756
626.876
591.644
1.70995
5.46387
9.47283
12.7337
14.9028
16.3006
17.1511
17.3222
17.2184
16.7979
16.4403
15.8831
15.4285
14.8328
16.793
1.70995
1.55562
2.06634
2.209
2.11603
1.88802
1.65194
1.94328
3.96712
7.34998
11.4131
15.9253
20.7583
25.8112
31.0053
36.2813
41.5978
46.9303
52.2708
57.6256
63.0128
68.4581
73.9914
79.6426
85.4394
91.4046
97.5547
103.899
110.44
117.171
124.081
131.149
138.349
145.649
153.009
160.394
167.771
175.125
182.464
189.802
197.001
204.038
210.869
217.449
223.728
229.65
235.16
240.205
244.728
248.677
252.002
254.659
256.606
257.81
258.245
257.894
256.75
254.818
252.114
248.664
244.51
239.707
234.337
228.576
222.952
219.017
215.68
212.113
208.217
204.03
199.606
194.998
190.26
185.436
180.569
175.692
170.833
166.013
161.243
156.53
151.876
147.275
142.718
138.195
133.69
129.188
124.675
120.137
115.564
110.949
106.292
101.599
96.8871
92.1802
87.5168
82.9398
78.5164
74.2181
70.6386
65.0712
)
;
    }
    upperWall
    {
        type            epsilonWallFunction;
        Cmu             0.09;
        kappa           0.41;
        E               9.8;
        value           nonuniform List<scalar> 
133
(
44.7794
48.3124
51.8864
55.4656
59.0311
62.5709
66.0744
69.5318
72.9345
76.2746
79.5453
82.7407
85.8559
88.8869
91.8306
94.6847
97.4472
100.117
102.695
105.179
107.571
109.871
112.081
114.202
116.235
118.184
120.049
121.834
123.54
125.169
126.725
128.21
129.627
131.195
132.924
134.607
136.242
137.824
139.351
140.821
142.23
143.575
144.855
146.067
147.208
148.275
149.267
150.18
151.012
151.762
152.426
153.002
153.488
153.882
154.182
154.384
154.487
154.489
154.386
154.177
153.859
153.43
152.887
152.229
151.451
150.553
149.531
148.385
147.111
145.709
144.176
142.512
140.716
138.789
136.731
134.544
132.23
129.793
127.238
124.571
121.8
118.935
115.987
112.969
109.897
106.787
103.659
100.533
97.4327
94.3816
91.4051
88.5293
85.7809
83.187
80.7743
78.5695
76.5983
74.8857
73.4556
72.3299
71.5287
71.0682
70.9593
71.2048
71.795
72.7039
73.884
75.2637
76.7464
78.2162
79.5467
80.6162
81.3234
81.6003
81.4208
80.7996
79.786
78.4514
76.8766
75.1399
73.3088
71.4363
69.5607
67.7098
65.9052
64.1717
62.5295
61.0078
59.5979
58.3423
57.084
56.1395
54.4089
)
;
    }
    frontAndBack
    {
        type            empty;
    }
}


// ************************************************************************* //
