/*--------------------------------*- C++ -*----------------------------------*\
| =========                 |                                                 |
| \\      /  F ield         | OpenFOAM: The Open Source CFD Toolbox           |
|  \\    /   O peration     | Version:  2.1.1                                 |
|   \\  /    A nd           | Web:      www.OpenFOAM.org                      |
|    \\/     M anipulation  |                                                 |
\*---------------------------------------------------------------------------*/
FoamFile
{
    version     2.0;
    format      ascii;
    class       volScalarField;
    location    "0.145";
    object      epsilon;
}
// * * * * * * * * * * * * * * * * * * * * * * * * * * * * * * * * * * * * * //

dimensions      [0 2 -3 0 0 0 0];

internalField   nonuniform List<scalar> 
6820
(
151.448
203.151
260.735
321.761
383.629
443.727
499.769
550.047
593.504
629.701
658.705
680.955
697.128
708.019
714.456
717.235
717.084
714.647
710.471
705.018
698.662
691.708
684.396
676.913
669.404
661.976
654.706
647.665
640.806
634.537
626.986
627.121
591.958
11.7448
21.4173
29.9435
38.6238
47.5789
56.5551
65.3153
73.6583
81.4219
88.4976
94.8306
100.414
105.277
109.478
113.087
116.181
118.839
121.132
123.126
124.879
126.439
127.848
129.14
130.343
131.48
132.572
133.639
134.702
135.787
136.962
138.247
140.099
142.237
5.83781
7.5168
9.20662
10.8093
12.3198
13.7474
15.0884
16.3392
17.4981
18.565
19.5416
20.4315
21.24
21.9735
22.6394
23.2452
23.7985
24.3067
24.7767
25.2148
25.6267
26.0174
26.3914
26.7523
27.1034
27.4474
27.7866
28.1232
28.4587
28.7958
29.1365
29.4777
29.8666
5.2423
5.56004
6.00443
6.49346
6.9857
7.46191
7.91302
8.33471
8.72533
9.0847
9.41358
9.71333
9.98562
10.2324
10.4556
10.6574
10.8396
11.0043
11.1533
11.2883
11.411
11.5229
11.6253
11.7196
11.8068
11.888
11.9638
12.0352
12.1024
12.1659
12.2253
12.2811
12.3306
5.17349
5.18677
5.26821
5.39776
5.55638
5.72968
5.90779
6.08429
6.25513
6.41789
6.57118
6.71429
6.847
6.96937
7.08166
7.18429
7.27776
7.36262
7.43944
7.50882
7.57134
7.62757
7.67808
7.72337
7.76396
7.8003
7.83283
7.86194
7.88799
7.91128
7.93206
7.95058
7.96693
5.16878
5.12131
5.09602
5.09482
5.11536
5.15307
5.20299
5.26075
5.32292
5.38692
5.45088
5.51348
5.57379
5.63121
5.68534
5.73596
5.78297
5.82636
5.86619
5.90257
5.93563
5.96553
5.99245
6.01658
6.03811
6.05721
6.07409
6.08892
6.10188
6.11313
6.12286
6.13116
6.13823
5.16887
5.11169
5.06116
5.01963
4.9884
4.96754
4.95615
4.95279
4.95587
4.96385
4.97542
4.98944
5.00501
5.0214
5.03806
5.05455
5.07055
5.08582
5.10019
5.11356
5.12584
5.13701
5.14704
5.15595
5.16377
5.17053
5.17629
5.18108
5.18499
5.18805
5.19035
5.19192
5.19286
5.16902
5.11063
5.05514
5.00339
4.95619
4.91413
4.87746
4.8461
4.81972
4.7978
4.77979
4.76509
4.75315
4.74346
4.73557
4.72911
4.72374
4.71919
4.71523
4.71168
4.7084
4.70526
4.70216
4.69904
4.69584
4.69252
4.68905
4.68542
4.68162
4.67764
4.67349
4.66916
4.66468
5.16904
5.11054
5.05431
5.00049
4.94927
4.9009
4.85558
4.81345
4.77455
4.73881
4.7061
4.67622
4.64895
4.62403
4.60123
4.58031
4.56104
4.54321
4.52665
4.51118
4.49666
4.48297
4.46999
4.45763
4.4458
4.43445
4.4235
4.41291
4.40264
4.39265
4.38292
4.37342
4.36413
5.16904
5.11054
5.0542
5.00002
4.94795
4.89803
4.85027
4.80471
4.76138
4.72027
4.68138
4.64465
4.61
4.57735
4.54658
4.51758
4.49023
4.46441
4.43999
4.41688
4.39496
4.37414
4.35431
4.33541
4.31735
4.30006
4.28349
4.26757
4.25226
4.23752
4.22329
4.20956
4.19627
5.16904
5.11053
5.05418
4.99994
4.94772
4.89747
4.84913
4.80264
4.75799
4.71514
4.67405
4.63469
4.59703
4.56102
4.52659
4.4937
4.46227
4.43225
4.40355
4.37612
4.34988
4.32477
4.30073
4.27768
4.25557
4.23435
4.21397
4.19437
4.17551
4.15735
4.13986
4.12299
4.1067
5.16904
5.11052
5.05417
4.99991
4.94767
4.89735
4.84888
4.80218
4.75719
4.71384
4.67209
4.63188
4.59317
4.5559
4.52004
4.48554
4.45234
4.42041
4.38969
4.36014
4.3317
4.30434
4.27801
4.25265
4.22824
4.20471
4.18204
4.16019
4.13911
4.11878
4.09915
4.0802
4.06189
5.16904
5.11052
5.05416
4.99989
4.94764
4.89731
4.84881
4.80206
4.75698
4.71351
4.67158
4.63113
4.59209
4.55442
4.51807
4.48299
4.44913
4.41645
4.3849
4.35444
4.32504
4.29665
4.26923
4.24276
4.21718
4.19247
4.1686
4.14553
4.12323
4.10166
4.08081
4.06065
4.04113
5.16903
5.11051
5.05415
4.99988
4.94762
4.89728
4.84876
4.802
4.7569
4.7134
4.67142
4.6309
4.59177
4.55399
4.51749
4.48222
4.44814
4.41519
4.38334
4.35255
4.32277
4.29397
4.26611
4.23915
4.21307
4.18782
4.16339
4.13974
4.11684
4.09467
4.07319
4.05239
4.03224
5.16903
5.11051
5.05414
4.99987
4.9476
4.89725
4.84873
4.80195
4.75685
4.71333
4.67133
4.63079
4.59164
4.55382
4.51727
4.48194
4.44779
4.41476
4.38282
4.35191
4.322
4.29304
4.26502
4.23788
4.21159
4.18613
4.16147
4.13757
4.11441
4.09197
4.07021
4.04911
4.02866
5.16903
5.11051
5.05413
4.99986
4.94758
4.89723
4.8487
4.80192
4.7568
4.71327
4.67127
4.63071
4.59154
4.55371
4.51714
4.4818
4.44762
4.41457
4.38258
4.35163
4.32168
4.29267
4.26458
4.23738
4.21102
4.18548
4.16073
4.13673
4.11347
4.09091
4.06903
4.04781
4.02722
5.16903
5.1105
5.05413
4.99985
4.94757
4.89721
4.84867
4.80188
4.75676
4.71322
4.67121
4.63064
4.59147
4.55362
4.51704
4.48169
4.4475
4.41443
4.38243
4.35146
4.32149
4.29246
4.26435
4.23712
4.21073
4.18516
4.16037
4.13633
4.11303
4.09042
4.0685
4.04722
4.02658
5.16903
5.1105
5.05412
4.99984
4.94756
4.89719
4.84865
4.80185
4.75672
4.71318
4.67115
4.63058
4.5914
4.55354
4.51696
4.48159
4.44739
4.41431
4.3823
4.35132
4.32133
4.2923
4.26417
4.23692
4.21052
4.18493
4.16012
4.13607
4.11274
4.09012
4.06817
4.04687
4.02619
5.16903
5.1105
5.05412
4.99983
4.94755
4.89718
4.84863
4.80183
4.75669
4.71314
4.67111
4.63053
4.59133
4.55347
4.51687
4.4815
4.44729
4.4142
4.38218
4.35119
4.3212
4.29215
4.26401
4.23675
4.21034
4.18474
4.15992
4.13585
4.11251
4.08987
4.0679
4.04658
4.02589
5.16903
5.1105
5.05412
4.99982
4.94754
4.89716
4.84861
4.8018
4.75666
4.7131
4.67106
4.63048
4.59128
4.5534
4.5168
4.48142
4.4472
4.4141
4.38207
4.35108
4.32107
4.29201
4.26386
4.2366
4.21017
4.18456
4.15973
4.13565
4.1123
4.08964
4.06766
4.04633
4.02562
5.16903
5.1105
5.05411
4.99982
4.94753
4.89715
4.8486
4.80178
4.75663
4.71307
4.67103
4.63043
4.59122
4.55334
4.51673
4.48134
4.44711
4.41401
4.38197
4.35097
4.32095
4.29188
4.26373
4.23645
4.21001
4.18439
4.15955
4.13546
4.11209
4.08943
4.06743
4.04609
4.02537
5.16903
5.11049
5.05411
4.99981
4.94752
4.89714
4.84858
4.80177
4.75661
4.71304
4.67099
4.63039
4.59118
4.55329
4.51667
4.48127
4.44704
4.41392
4.38188
4.35087
4.32084
4.29176
4.2636
4.23631
4.20986
4.18423
4.15938
4.13528
4.1119
4.08922
4.06722
4.04586
4.02513
5.16903
5.11049
5.05411
4.99981
4.94752
4.89713
4.84857
4.80175
4.75659
4.71302
4.67096
4.63035
4.59113
4.55324
4.51662
4.48121
4.44697
4.41384
4.38179
4.35077
4.32074
4.29165
4.26348
4.23618
4.20973
4.18408
4.15922
4.13511
4.11172
4.08903
4.06701
4.04565
4.0249
5.16903
5.11049
5.0541
4.99981
4.94751
4.89712
4.84856
4.80174
4.75657
4.713
4.67093
4.63032
4.5911
4.5532
4.51657
4.48115
4.4469
4.41377
4.38172
4.35069
4.32064
4.29155
4.26337
4.23606
4.2096
4.18394
4.15907
4.13495
4.11155
4.08885
4.06682
4.04544
4.02468
5.16903
5.11049
5.0541
4.9998
4.94751
4.89712
4.84855
4.80172
4.75656
4.71298
4.67091
4.63029
4.59106
4.55316
4.51652
4.4811
4.44685
4.41371
4.38164
4.35061
4.32056
4.29145
4.26326
4.23595
4.20948
4.18381
4.15893
4.1348
4.11139
4.08868
4.06664
4.04525
4.02448
5.16903
5.11049
5.0541
4.9998
4.9475
4.89711
4.84854
4.80171
4.75654
4.71296
4.67089
4.63027
4.59103
4.55312
4.51648
4.48106
4.4468
4.41365
4.38158
4.35054
4.32048
4.29137
4.26317
4.23585
4.20937
4.1837
4.15881
4.13467
4.11125
4.08853
4.06648
4.04508
4.0243
5.16903
5.11049
5.0541
4.9998
4.9475
4.89711
4.84854
4.8017
4.75653
4.71294
4.67087
4.63025
4.59101
4.55309
4.51644
4.48101
4.44675
4.4136
4.38152
4.35047
4.32041
4.29129
4.26309
4.23575
4.20927
4.18359
4.15869
4.13454
4.11111
4.08838
4.06632
4.04491
4.02412
5.16903
5.11049
5.0541
4.9998
4.9475
4.89711
4.84853
4.8017
4.75653
4.71294
4.67086
4.63023
4.59099
4.55307
4.51642
4.48099
4.44672
4.41356
4.38148
4.35042
4.32035
4.29123
4.26302
4.23568
4.20918
4.1835
4.15859
4.13443
4.111
4.08826
4.06619
4.04477
4.02397
5.16903
5.11049
5.0541
4.9998
4.9475
4.8971
4.84853
4.80169
4.75651
4.71292
4.67084
4.63021
4.59096
4.55304
4.51639
4.48095
4.44668
4.41352
4.38143
4.35037
4.32029
4.29116
4.26295
4.2356
4.2091
4.18341
4.15849
4.13433
4.11089
4.08814
4.06606
4.04464
4.02383
5.16903
5.11049
5.0541
4.9998
4.9475
4.89711
4.84853
4.8017
4.75653
4.71293
4.67086
4.63023
4.59098
4.55305
4.5164
4.48095
4.44668
4.41351
4.38142
4.35035
4.32027
4.29114
4.26291
4.23557
4.20906
4.18336
4.15844
4.13426
4.11082
4.08806
4.06598
4.04454
4.02373
5.16903
5.11049
5.0541
4.9998
4.9475
4.8971
4.84853
4.80169
4.75651
4.71291
4.67083
4.6302
4.59095
4.55303
4.51637
4.48093
4.44665
4.41348
4.38139
4.35032
4.32024
4.29111
4.26288
4.23553
4.20902
4.18332
4.1584
4.13422
4.11077
4.08802
4.06593
4.0445
4.02368
5.16903
5.11049
5.0541
4.99981
4.94752
4.89714
4.84858
4.80176
4.75659
4.71301
4.67093
4.63031
4.59106
4.55314
4.51648
4.48103
4.44676
4.41359
4.3815
4.35043
4.32035
4.29122
4.26299
4.23565
4.20914
4.18345
4.15853
4.13437
4.11093
4.08819
4.06612
4.04469
4.02389
5.16903
5.11051
5.05414
4.99985
4.94756
4.89718
4.84861
4.80178
4.75661
4.71302
4.67096
4.63034
4.5911
4.5532
4.51656
4.48114
4.44689
4.41376
4.3817
4.35068
4.32065
4.29157
4.2634
4.23611
4.20967
4.18405
4.15921
4.13513
4.11177
4.08912
4.06714
4.04581
4.02511
5.16903
5.1105
5.05415
4.99992
4.9477
4.89739
4.8489
4.80214
4.75704
4.71352
4.67152
4.63097
4.59182
4.55401
4.51749
4.4822
4.44809
4.41513
4.38326
4.35245
4.32264
4.29381
4.26591
4.23892
4.21278
4.18748
4.16298
4.13925
4.11626
4.09399
4.0724
4.05148
4.03119
5.16905
5.11063
5.0544
5.00025
4.94809
4.89786
4.84947
4.80288
4.75802
4.71482
4.67323
4.63319
4.59462
4.55749
4.52173
4.48728
4.4541
4.42214
4.39134
4.36165
4.33303
4.30544
4.27882
4.25315
4.22837
4.20446
4.18137
4.15907
4.13752
4.1167
4.09658
4.07712
4.05829
5.16908
5.11079
5.05488
5.00137
4.95017
4.9012
4.85441
4.80973
4.76711
4.72649
4.68781
4.65099
4.61595
4.58259
4.55085
4.52062
4.49183
4.46439
4.43823
4.41326
4.38942
4.36664
4.34486
4.32401
4.30403
4.28488
4.26651
4.24887
4.23192
4.21562
4.19993
4.18481
4.17024
5.16939
5.11358
5.06201
5.01464
4.97149
4.93249
4.89747
4.86615
4.83823
4.81338
4.79127
4.77161
4.75409
4.73848
4.72453
4.71204
4.70082
4.6907
4.68154
4.67322
4.66561
4.65863
4.65218
4.6462
4.64061
4.63537
4.63042
4.62571
4.62122
4.61691
4.61275
4.60872
4.6048
5.17808
5.16328
5.1695
5.19117
5.22435
5.26599
5.31371
5.36563
5.42032
5.4767
5.53392
5.59134
5.64844
5.70484
5.76026
5.81446
5.86729
5.91863
5.96841
6.01658
6.06311
6.10801
6.15127
6.19292
6.23299
6.27151
6.30852
6.34407
6.37821
6.41097
6.44242
6.4726
6.50158
5.63861
6.43045
7.14592
7.82581
8.49501
9.14754
9.77749
10.3825
10.9625
11.5183
12.0513
12.5631
13.0551
13.5289
13.9857
14.4265
14.8524
15.2643
15.6629
16.049
16.423
16.7856
17.1373
17.4786
17.8098
18.1314
18.4437
18.7471
19.042
19.3286
19.6073
19.8784
20.1422
44.7794
48.3124
51.8864
55.4656
59.0311
62.5709
66.0744
69.5318
72.9345
76.2745
79.5451
82.7405
85.8556
88.8866
91.8302
94.6841
97.4465
100.116
102.693
105.177
107.569
109.869
112.078
114.199
116.232
118.18
120.045
121.829
123.534
125.163
126.718
128.202
129.618
705.072
837.176
941.705
1022.53
1084.78
1128.41
1151.42
1152.7
1133.7
1098.38
1052.04
1000.04
946.814
895.421
847.512
803.658
763.75
727.366
694.021
663.301
634.9
608.596
584.219
561.615
540.618
521.049
502.711
485.405
468.933
453.108
437.758
422.729
407.887
393.115
378.312
363.396
348.299
332.971
317.38
301.51
285.368
268.98
252.393
235.674
218.915
202.221
185.719
169.544
153.843
138.761
124.438
111.003
98.5646
87.204
76.974
67.8938
59.951
53.1036
47.286
42.4152
38.398
35.1378
32.5399
30.5151
28.9814
27.8643
27.0957
26.6113
26.3491
26.247
26.242
26.2698
26.2663
26.1694
25.9225
25.4773
24.797
23.859
22.657
21.2018
19.522
17.6632
15.6865
13.6652
11.6795
9.80896
8.12325
6.67262
5.48115
4.5456
3.84062
3.32802
2.96633
2.71737
2.54982
2.43924
2.36846
2.32389
2.29926
2.28458
147.12
154.088
164.454
179.428
199.915
226.647
259.758
298.51
341.251
385.568
428.592
467.433
499.641
523.586
538.641
545.155
544.227
537.389
526.28
512.402
496.975
480.881
464.696
448.744
433.175
418.028
403.281
388.882
374.768
360.874
347.136
333.49
319.878
306.245
292.545
278.739
264.799
250.71
236.475
222.11
207.649
193.144
178.665
164.298
150.141
136.305
122.909
110.073
97.9126
86.5347
76.0292
66.4643
57.882
50.2956
43.6898
38.0228
33.2315
29.2374
25.9534
23.2904
21.1629
19.4927
18.2113
17.2602
16.5904
16.1609
15.9364
15.8845
15.9738
16.1706
16.438
16.7345
17.0144
17.2298
17.3333
17.2813
17.0385
16.5808
15.8983
14.9975
13.9012
12.6485
11.2921
9.89416
8.52096
7.23485
6.08663
5.10902
4.31388
3.69399
3.2287
2.89081
2.65242
2.48852
2.37872
2.30692
2.26195
2.23441
2.22055
2.21437
30.2367
30.6634
31.3148
32.372
34.0287
36.3239
39.457
43.7401
49.5174
57.1273
66.8477
78.8332
93.0541
109.254
126.944
145.435
163.913
181.532
197.52
211.263
222.362
230.646
236.154
239.082
239.726
238.426
235.52
231.31
226.049
219.938
213.129
205.732
197.831
189.486
180.748
171.661
162.27
152.626
142.783
132.805
122.765
112.743
102.827
93.1115
83.6925
74.6663
66.1239
58.1469
50.803
44.1416
38.1913
32.9582
28.4261
24.5595
21.3068
18.606
16.3898
14.591
13.1461
11.9981
11.0985
10.4067
9.89031
9.52384
9.28769
9.16674
9.14892
9.22366
9.38015
9.60561
9.88362
10.1929
10.5066
10.7931
11.0176
11.1451
11.1441
10.9903
10.6704
10.1841
9.54541
8.78223
7.93388
7.04714
6.17071
5.34901
4.61647
3.99386
3.48771
3.09256
2.79511
2.57845
2.42538
2.32034
2.25055
2.20562
2.17845
2.16252
2.15587
2.15485
12.3837
12.4554
12.5461
12.6618
12.8174
13.0338
13.3172
13.6857
14.1742
14.8284
15.7025
16.8581
18.362
20.2833
22.6891
25.6365
29.1624
33.2721
37.929
43.0485
48.4991
54.11
59.6858
65.024
69.9331
74.2477
77.8392
80.6205
82.5459
83.6062
83.8225
83.2384
81.9126
79.9137
77.3157
74.1955
70.6314
66.7028
62.4898
58.0732
53.5337
48.9518
44.4056
39.9696
35.7123
31.6937
27.9629
24.5564
21.4965
18.7916
16.4365
14.4146
12.7005
11.2632
10.0691
9.08461
8.27826
7.62185
7.09112
6.66577
6.32935
6.06884
5.87423
5.7381
5.65516
5.62182
5.63566
5.69485
5.79743
5.94035
6.11844
6.32335
6.54265
6.75948
6.953
7.09988
7.17674
7.16322
7.04523
6.81761
6.48563
6.06512
5.58075
5.06298
4.54373
4.05199
3.61012
3.23178
2.92185
2.67806
2.49332
2.35817
2.26264
2.19744
2.15476
2.12798
2.11273
2.10444
2.10238
2.10411
7.98356
8.00132
8.01844
8.0352
8.053
8.07467
8.10378
8.1414
8.19122
8.25845
8.34973
8.47292
8.63699
8.85181
9.12781
9.47556
9.90521
10.4258
11.0443
11.765
12.5882
13.5094
14.5184
15.5986
16.7267
17.8729
19.0024
20.0768
21.0567
21.9041
22.5853
23.0726
23.3462
23.3948
23.2164
22.8174
22.2125
21.4229
20.4758
19.4021
18.2353
17.0099
15.7593
14.515
13.3046
12.1512
11.0724
10.0805
9.18229
8.37996
7.67169
7.05276
6.51654
6.05531
5.66096
5.32556
5.04166
4.80256
4.60238
4.43612
4.29966
4.18973
4.10386
4.04034
3.99811
3.97671
3.97616
3.99674
4.03876
4.10213
4.18584
4.28739
4.40207
4.52249
4.63838
4.73699
4.80421
4.82633
4.79223
4.69555
4.53619
4.32092
4.06267
3.77862
3.48757
3.20709
2.95121
2.72912
2.54496
2.39859
2.28687
2.20486
2.14708
2.10808
2.0832
2.06827
2.06066
2.05709
2.05772
2.06049
6.14475
6.15
6.15307
6.15427
6.1539
6.15236
6.15017
6.14786
6.14609
6.14575
6.14793
6.15397
6.16539
6.18397
6.21165
6.25046
6.30242
6.36941
6.45301
6.55436
6.67403
6.81187
6.96689
7.13721
7.3199
7.51101
7.70558
7.89769
8.08072
8.24757
8.39103
8.50415
8.58069
8.6155
8.60488
8.54683
8.44122
8.28977
8.09597
7.86487
7.6027
7.31653
7.01381
6.70198
6.38806
6.07835
5.77822
5.49196
5.22274
4.97269
4.74296
4.53389
4.34518
4.17601
4.02524
3.89152
3.77341
3.66948
3.57836
3.49882
3.42979
3.37044
3.32013
3.27849
3.24539
3.22095
3.2055
3.19954
3.20362
3.21821
3.24343
3.2788
3.32282
3.37265
3.42388
3.47046
3.50513
3.52014
3.50847
3.46511
3.3882
3.27972
3.14537
2.99378
2.83502
2.67908
2.53436
2.40684
2.29974
2.21379
2.14782
2.0994
2.06557
2.0432
2.02956
2.02197
2.01896
2.01803
2.02
2.02261
5.19305
5.19205
5.18963
5.18577
5.18046
5.17376
5.16572
5.15655
5.14645
5.13564
5.12435
5.11283
5.10137
5.09031
5.08007
5.0711
5.06388
5.05893
5.05672
5.05766
5.06204
5.07002
5.08153
5.09631
5.11384
5.13334
5.15378
5.1739
5.19224
5.2072
5.2171
5.22027
5.21511
5.20024
5.1745
5.13709
5.08763
5.02613
4.95305
4.86926
4.776
4.67481
4.56742
4.4557
4.34154
4.22675
4.11303
4.00185
3.89446
3.79184
3.6947
3.60349
3.51844
3.43955
3.36668
3.29956
3.23782
3.18105
3.12884
3.08076
3.03647
2.99567
2.95816
2.92384
2.89273
2.86497
2.84081
2.82061
2.8048
2.79382
2.78799
2.78742
2.79181
2.80022
2.81095
2.82143
2.8283
2.82769
2.81576
2.78939
2.74685
2.68827
2.61585
2.53351
2.4463
2.35954
2.27798
2.20526
2.14358
2.09375
2.05543
2.02744
2.00821
1.99591
1.98895
1.98559
1.98504
1.9853
1.98767
1.98933
4.65919
4.65236
4.64473
4.63623
4.62684
4.61659
4.60547
4.59351
4.58073
4.56716
4.55285
4.53783
4.52214
4.50585
4.48899
4.47166
4.45396
4.43599
4.41789
4.3998
4.38183
4.3641
4.34666
4.32952
4.31264
4.29588
4.27904
4.26184
4.24394
4.22494
4.20438
4.1818
4.15676
4.12883
4.09765
4.06296
4.02459
3.9825
3.93677
3.88764
3.83543
3.7806
3.72367
3.66525
3.60595
3.5464
3.4872
3.42888
3.37193
3.31673
3.26357
3.21264
3.16404
3.11777
3.07378
3.03193
2.99205
2.95393
2.91736
2.88214
2.84808
2.81502
2.78287
2.75158
2.72116
2.6917
2.66337
2.63639
2.61105
2.58767
2.56655
2.54793
2.5319
2.51829
2.50656
2.49578
2.48455
2.47114
2.45371
2.43058
2.40062
2.36357
2.32014
2.27202
2.22159
2.17151
2.12433
2.08208
2.04609
2.01697
1.99462
1.97846
1.96762
1.96101
1.95769
1.95645
1.95691
1.9574
1.95954
1.95975
4.35349
4.34124
4.32867
4.3157
4.3023
4.28844
4.27408
4.25921
4.24384
4.22797
4.21158
4.19468
4.17725
4.15927
4.14073
4.1216
4.10189
4.08159
4.06072
4.0393
4.01735
3.9949
3.972
3.94866
3.92491
3.90075
3.87615
3.85109
3.8255
3.7993
3.7724
3.74468
3.71604
3.68638
3.6556
3.62363
3.59045
3.55605
3.52048
3.48384
3.44626
3.40791
3.369
3.32975
3.2904
3.2512
3.21236
3.17411
3.13661
3.1
3.06436
3.02974
2.99613
2.9635
2.93174
2.90076
2.8704
2.84053
2.81098
2.78161
2.75229
2.72291
2.69339
2.66371
2.63386
2.6039
2.57393
2.54409
2.51458
2.48564
2.45749
2.43039
2.40453
2.38
2.35677
2.33459
2.31301
2.29139
2.26896
2.24497
2.21886
2.19038
2.15978
2.12773
2.09533
2.06382
2.03449
2.00837
1.98621
1.96831
1.95464
1.94486
1.93845
1.9347
1.93302
1.93253
1.93308
1.93317
1.93467
1.93314
4.18129
4.16436
4.14737
4.13026
4.113
4.09557
4.07793
4.06008
4.04199
4.02367
4.00509
3.98623
3.96707
3.94759
3.92776
3.90755
3.88694
3.86589
3.84439
3.82242
3.79997
3.77704
3.75363
3.72974
3.70539
3.68059
3.65535
3.62967
3.60358
3.57706
3.55012
3.52275
3.49496
3.46674
3.4381
3.40904
3.37959
3.34978
3.31965
3.28926
3.2587
3.22804
3.19738
3.16682
3.13646
3.10641
3.07674
3.04753
3.01883
2.99066
2.96302
2.9359
2.90923
2.88294
2.85693
2.83108
2.80528
2.77938
2.75327
2.72681
2.69992
2.67249
2.64446
2.61582
2.58655
2.55669
2.52632
2.49553
2.46448
2.43333
2.40229
2.37157
2.34136
2.31187
2.28321
2.25545
2.22855
2.20236
2.17668
2.15127
2.12591
2.10054
2.07524
2.05033
2.02627
2.00363
1.98302
1.96492
1.94967
1.93739
1.92802
1.9213
1.91687
1.91422
1.91296
1.91237
1.91243
1.91173
1.91236
1.90895
4.08838
4.0678
4.04727
4.02677
4.00627
3.98576
3.96521
3.94462
3.92397
3.90325
3.88245
3.86156
3.84057
3.81944
3.79816
3.77672
3.75507
3.7332
3.71108
3.68868
3.666
3.64302
3.61972
3.5961
3.57216
3.5479
3.52333
3.49846
3.47331
3.44789
3.42222
3.39632
3.37021
3.34393
3.31749
3.29094
3.26429
3.2376
3.21091
3.18426
3.15771
3.1313
3.10508
3.07911
3.05343
3.02808
3.00308
2.97845
2.95418
2.93025
2.90663
2.88326
2.86007
2.83697
2.81385
2.7906
2.76712
2.74327
2.71896
2.69407
2.66851
2.64221
2.61513
2.58722
2.55851
2.529
2.49877
2.46789
2.43649
2.40472
2.37273
2.34072
2.30888
2.27742
2.24652
2.21634
2.18702
2.15864
2.13123
2.10481
2.07939
2.055
2.03173
2.00973
1.98925
1.97052
1.95381
1.93932
1.92716
1.91733
1.90973
1.90413
1.90025
1.89767
1.89609
1.89489
1.89413
1.89243
1.89207
1.88674
4.04129
4.01814
3.99508
3.97209
3.94917
3.92629
3.90345
3.88066
3.85789
3.83515
3.81243
3.78972
3.76702
3.74432
3.7216
3.69885
3.67606
3.6532
3.63025
3.60721
3.58405
3.56076
3.53732
3.51374
3.49
3.4661
3.44205
3.41786
3.39352
3.36906
3.3445
3.31985
3.29513
3.27038
3.24562
3.22089
3.19621
3.17161
3.14714
3.12283
3.09872
3.07483
3.05119
3.02783
3.00477
2.98202
2.95957
2.93741
2.91551
2.89384
2.87234
2.85094
2.82957
2.80813
2.78653
2.76465
2.74239
2.71965
2.69632
2.67231
2.64754
2.62195
2.59549
2.56815
2.53993
2.51084
2.48096
2.45034
2.41911
2.38739
2.35533
2.32309
2.29087
2.25887
2.22727
2.19628
2.16609
2.13685
2.10872
2.08181
2.05624
2.03211
2.00953
1.98861
1.96947
1.95224
1.93701
1.92386
1.91278
1.9037
1.8965
1.89095
1.88681
1.88371
1.88141
1.87933
1.87758
1.87479
1.8734
1.8662
4.01913
3.99439
3.96972
3.94512
3.92057
3.89609
3.87166
3.84729
3.82298
3.79873
3.77455
3.75042
3.72635
3.70235
3.67839
3.65449
3.63062
3.60679
3.58298
3.55918
3.53539
3.51159
3.48777
3.46394
3.44008
3.4162
3.39229
3.36836
3.34443
3.32048
3.29655
3.27265
3.24879
3.22499
3.20128
3.17768
3.15422
3.13092
3.10781
3.08491
3.06225
3.03984
3.01769
2.99583
2.97424
2.95294
2.93189
2.91107
2.89045
2.86999
2.84961
2.82925
2.80883
2.78826
2.76744
2.74628
2.72468
2.70253
2.67975
2.65625
2.63197
2.60684
2.58083
2.55393
2.52613
2.49746
2.46798
2.43776
2.40689
2.37549
2.34372
2.31171
2.27966
2.24774
2.21615
2.1851
2.15477
2.12537
2.09707
2.07005
2.04443
2.02037
1.99798
1.97736
1.95859
1.94175
1.92687
1.91396
1.90295
1.89376
1.88625
1.8802
1.87539
1.87148
1.86826
1.86518
1.86238
1.85847
1.85605
1.84706
4.00949
3.98387
3.95828
3.93274
3.90724
3.88178
3.85637
3.83101
3.8057
3.78046
3.75528
3.73017
3.70513
3.68018
3.6553
3.6305
3.60578
3.58114
3.55658
3.53209
3.50767
3.48332
3.45904
3.43481
3.41065
3.38656
3.36252
3.33856
3.31468
3.29088
3.26718
3.24359
3.22012
3.19678
3.17361
3.1506
3.12779
3.10518
3.08281
3.06067
3.03879
3.01718
2.99584
2.97477
2.95397
2.93341
2.91309
2.89296
2.87299
2.85312
2.83329
2.81344
2.79348
2.77333
2.75289
2.73209
2.71081
2.68898
2.6665
2.64331
2.61933
2.59452
2.56885
2.54229
2.51486
2.48658
2.4575
2.42769
2.39725
2.36628
2.33492
2.30332
2.27164
2.24007
2.20879
2.17799
2.14787
2.11862
2.09044
2.06348
2.03793
2.0139
1.99154
1.97092
1.95213
1.93521
1.92017
1.90699
1.8956
1.8859
1.87774
1.87093
1.86526
1.86041
1.85618
1.85207
1.8482
1.84321
1.8398
1.82913
4.00554
3.97948
3.95344
3.92741
3.9014
3.87542
3.84946
3.82354
3.79766
3.77183
3.74605
3.72033
3.69468
3.6691
3.64361
3.6182
3.59288
3.56765
3.54252
3.51749
3.49255
3.46772
3.443
3.41838
3.39387
3.36948
3.3452
3.32105
3.29703
3.27316
3.24943
3.22587
3.20248
3.17928
3.15628
3.13349
3.11093
3.08861
3.06654
3.04474
3.0232
3.00194
2.98096
2.96024
2.93977
2.91954
2.89952
2.87968
2.85997
2.84034
2.82072
2.80106
2.78127
2.76128
2.74099
2.72033
2.69919
2.67751
2.65519
2.63217
2.6084
2.58381
2.55839
2.53212
2.50501
2.47708
2.44838
2.41898
2.38897
2.35845
2.32755
2.29641
2.26519
2.23405
2.20318
2.17276
2.14297
2.11401
2.08605
2.05927
2.03383
2.00985
1.98746
1.96675
1.94778
1.93059
1.91519
1.90153
1.88956
1.87918
1.87024
1.86257
1.85596
1.85013
1.84489
1.83975
1.83486
1.82883
1.82449
1.81226
4.00395
3.97769
3.95143
3.92517
3.89892
3.87267
3.84644
3.82023
3.79405
3.7679
3.74179
3.71573
3.68972
3.66378
3.63791
3.61211
3.58641
3.56079
3.53527
3.50985
3.48454
3.45935
3.43427
3.40932
3.3845
3.35981
3.33528
3.31089
3.28667
3.26261
3.23874
3.21506
3.19158
3.16832
3.14528
3.12249
3.09994
3.07765
3.05564
3.03389
3.01243
2.99124
2.97033
2.94968
2.92928
2.90911
2.88914
2.86934
2.84966
2.83004
2.81044
2.79078
2.77099
2.751
2.73072
2.71007
2.68896
2.66732
2.64508
2.62217
2.59852
2.57411
2.54889
2.52287
2.49604
2.46843
2.44009
2.41108
2.38148
2.3514
2.32096
2.29028
2.25952
2.22885
2.19841
2.16841
2.139
2.11036
2.08268
2.0561
2.03078
2.00686
1.98443
1.96359
1.94439
1.92687
1.91102
1.89682
1.88421
1.87308
1.86332
1.85476
1.84721
1.84041
1.83419
1.82806
1.82219
1.81519
1.80998
1.79632
4.00323
3.97688
3.95052
3.92416
3.89779
3.87142
3.84506
3.81871
3.79238
3.76607
3.73978
3.71354
3.68734
3.66119
3.6351
3.60908
3.58314
3.55728
3.5315
3.50583
3.48026
3.45481
3.42948
3.40427
3.3792
3.35427
3.3295
3.30488
3.28045
3.25619
3.23213
3.20827
3.18463
3.16122
3.13805
3.11512
3.09246
3.07007
3.04795
3.02611
3.00456
2.98328
2.96228
2.94154
2.92106
2.90079
2.88072
2.86082
2.84103
2.82131
2.8016
2.78183
2.76194
2.74186
2.7215
2.70079
2.67965
2.65801
2.63579
2.61293
2.58938
2.56509
2.54005
2.51424
2.48766
2.46035
2.43234
2.4037
2.3745
2.34484
2.31484
2.28461
2.25431
2.22409
2.19409
2.16449
2.13546
2.10716
2.07975
2.05338
2.0282
2.00432
1.98185
1.96087
1.94142
1.92355
1.90724
1.89248
1.87921
1.86734
1.85676
1.84732
1.83885
1.83111
1.82394
1.81689
1.8101
1.80219
1.79618
1.78123
4.00281
3.97642
3.95001
3.92359
3.89717
3.87074
3.84431
3.81789
3.79148
3.76508
3.73871
3.71237
3.68606
3.65979
3.63358
3.60742
3.58133
3.55532
3.52939
3.50354
3.4778
3.45216
3.42664
3.40125
3.37598
3.35086
3.32589
3.30108
3.27645
3.252
3.22775
3.20371
3.17988
3.15629
3.13294
3.10984
3.087
3.06444
3.04215
3.02014
2.99842
2.97697
2.9558
2.93488
2.91422
2.89377
2.87353
2.85344
2.83347
2.81357
2.79369
2.77376
2.75372
2.7335
2.71302
2.69222
2.67101
2.64932
2.62709
2.60426
2.58077
2.5566
2.5317
2.50608
2.47974
2.4527
2.425
2.39671
2.36788
2.33863
2.30904
2.27925
2.24939
2.2196
2.19002
2.16082
2.13216
2.10418
2.07703
2.05087
2.02581
2.00197
1.97945
1.95832
1.93863
1.9204
1.90364
1.88832
1.8744
1.8618
1.85042
1.84013
1.83078
1.82214
1.81407
1.80613
1.79849
1.78974
1.783
1.76689
4.00249
3.97607
3.94963
3.92318
3.89672
3.87026
3.84379
3.81733
3.79087
3.76442
3.73799
3.71159
3.68521
3.65887
3.63258
3.60633
3.58015
3.55403
3.52799
3.50203
3.47616
3.45039
3.42473
3.39918
3.37377
3.34849
3.32336
3.29839
3.27358
3.24896
3.22453
3.20031
3.1763
3.15252
3.12899
3.1057
3.08267
3.05991
3.03742
3.01521
2.99328
2.97163
2.95024
2.92912
2.90823
2.88757
2.86711
2.8468
2.82662
2.80651
2.78643
2.76631
2.74609
2.72571
2.70509
2.68417
2.66287
2.64112
2.61887
2.59605
2.57261
2.54853
2.52377
2.49832
2.4722
2.44541
2.41801
2.39004
2.36157
2.33269
2.30351
2.27413
2.24469
2.21531
2.18613
2.15731
2.12899
2.10131
2.07442
2.04844
2.0235
1.9997
1.97713
1.95584
1.9359
1.91732
1.90011
1.88425
1.86969
1.85638
1.84423
1.83312
1.82292
1.81343
1.80451
1.79574
1.7873
1.77778
1.77038
1.75324
4.0022
3.97576
3.9493
3.92283
3.89634
3.86985
3.84335
3.81685
3.79036
3.76388
3.73741
3.71096
3.68453
3.65814
3.63178
3.60547
3.57922
3.55302
3.52689
3.50084
3.47487
3.449
3.42322
3.39756
3.37202
3.34661
3.32134
3.29622
3.27127
3.24649
3.2219
3.19751
3.17333
3.14938
3.12566
3.10218
3.07896
3.056
3.03331
3.01089
2.98875
2.96687
2.94526
2.92391
2.9028
2.88191
2.86121
2.84068
2.82027
2.79994
2.77965
2.75933
2.73892
2.71837
2.6976
2.67655
2.65516
2.63334
2.61105
2.58824
2.56484
2.54084
2.5162
2.49092
2.46499
2.43845
2.41132
2.38366
2.35553
2.32701
2.29821
2.26922
2.24017
2.21119
2.18239
2.15393
2.12593
2.09854
2.07188
2.04608
2.02124
1.99746
1.97482
1.95339
1.9332
1.91427
1.89662
1.88022
1.86505
1.85105
1.83815
1.82624
1.81523
1.80491
1.79518
1.78563
1.77645
1.76623
1.75824
1.7402
4.00193
3.97547
3.94899
3.92249
3.89599
3.86947
3.84295
3.81642
3.7899
3.76338
3.73688
3.71039
3.68392
3.65748
3.63107
3.60471
3.57839
3.55213
3.52593
3.4998
3.47374
3.44778
3.42191
3.39614
3.37049
3.34496
3.31957
3.29432
3.26924
3.24432
3.21958
3.19504
3.1707
3.14657
3.12268
3.09902
3.07561
3.05246
3.02957
3.00694
2.98459
2.9625
2.94067
2.91909
2.89775
2.87663
2.85571
2.83494
2.81431
2.79376
2.77325
2.75273
2.73214
2.71142
2.6905
2.66932
2.64783
2.62594
2.60362
2.5808
2.55744
2.53351
2.50898
2.48385
2.45811
2.4318
2.40493
2.37756
2.34975
2.32157
2.29313
2.26452
2.23584
2.20722
2.17879
2.15066
2.12297
2.09585
2.06941
2.04376
2.01901
1.99525
1.97254
1.95095
1.93051
1.91124
1.89315
1.87623
1.86045
1.84577
1.83213
1.81945
1.80764
1.79652
1.78602
1.77573
1.76586
1.75501
1.74649
1.72769
4.00167
3.9752
3.9487
3.92218
3.89565
3.86911
3.84256
3.81601
3.78946
3.76291
3.73637
3.70985
3.68334
3.65686
3.63041
3.60399
3.57762
3.55129
3.52503
3.49882
3.4727
3.44665
3.42069
3.39483
3.36908
3.34344
3.31794
3.29258
3.26736
3.24231
3.21744
3.19275
3.16826
3.14398
3.11992
3.09609
3.0725
3.04917
3.02608
3.00326
2.9807
2.9584
2.93636
2.91457
2.89301
2.87166
2.85051
2.82953
2.80867
2.78791
2.7672
2.74648
2.7257
2.70482
2.68375
2.66245
2.64086
2.61891
2.59654
2.57372
2.55039
2.52653
2.5021
2.47711
2.45155
2.42545
2.39883
2.37173
2.34423
2.31638
2.28828
2.26002
2.2317
2.20343
2.17534
2.14753
2.12013
2.09326
2.06702
2.04152
2.01685
1.99309
1.9703
1.94854
1.92785
1.90823
1.8897
1.87225
1.85586
1.8405
1.82613
1.81267
1.80007
1.78817
1.77691
1.76592
1.75543
1.744
1.73503
1.71564
4.00143
3.97494
3.94842
3.92188
3.89533
3.86877
3.84219
3.81562
3.78904
3.76246
3.73589
3.70933
3.68279
3.65626
3.62977
3.60331
3.57688
3.5505
3.52417
3.49791
3.47171
3.44558
3.41954
3.39359
3.36775
3.34202
3.31641
3.29094
3.26561
3.24044
3.21543
3.19061
3.16597
3.14154
3.11733
3.09334
3.06958
3.04607
3.02281
2.9998
2.97704
2.95454
2.9323
2.91029
2.88852
2.86696
2.8456
2.8244
2.80334
2.78237
2.76146
2.74055
2.7196
2.69856
2.67735
2.65594
2.63424
2.61223
2.58982
2.56699
2.54369
2.51989
2.49557
2.47071
2.44532
2.41942
2.39303
2.3662
2.33899
2.31145
2.28368
2.25576
2.22778
2.19985
2.17208
2.14458
2.11745
2.09081
2.06476
2.03939
2.01478
1.99101
1.96813
1.9462
1.92523
1.90525
1.88626
1.86827
1.85125
1.83519
1.82005
1.8058
1.7924
1.77971
1.76772
1.75606
1.74499
1.73308
1.72375
1.70396
4.0012
3.97469
3.94815
3.9216
3.89503
3.86844
3.84185
3.81524
3.78864
3.76203
3.73543
3.70884
3.68226
3.6557
3.62916
3.60265
3.57618
3.54975
3.52336
3.49703
3.47077
3.44457
3.41845
3.39243
3.3665
3.34067
3.31497
3.28939
3.26395
3.23866
3.21354
3.18858
3.16382
3.13925
3.11489
3.09074
3.06683
3.04315
3.01972
2.99653
2.97359
2.9509
2.92846
2.90626
2.88429
2.86253
2.84096
2.81956
2.79829
2.77713
2.75603
2.73495
2.71383
2.69264
2.6713
2.64977
2.62799
2.60591
2.58347
2.56064
2.53736
2.51362
2.4894
2.46467
2.43945
2.41374
2.38758
2.36101
2.33408
2.30684
2.27939
2.25179
2.22414
2.19654
2.16908
2.14186
2.115
2.08858
2.0627
2.03744
2.01288
1.98907
1.96608
1.94394
1.92267
1.90229
1.88281
1.86422
1.84651
1.82969
1.81374
1.79865
1.7844
1.77092
1.7582
1.74593
1.73437
1.72212
1.71257
1.69269
4.00099
3.97446
3.94791
3.92133
3.89474
3.86813
3.84152
3.81489
3.78826
3.76163
3.735
3.70837
3.68176
3.65516
3.62858
3.60203
3.57551
3.54903
3.52259
3.4962
3.46988
3.44361
3.41743
3.39132
3.36531
3.3394
3.3136
3.28793
3.26239
3.23699
3.21175
3.18668
3.16179
3.13709
3.11259
3.0883
3.06424
3.0404
3.0168
2.99345
2.97034
2.94747
2.92485
2.90246
2.8803
2.85835
2.83659
2.815
2.79354
2.7722
2.75092
2.72967
2.7084
2.68707
2.66561
2.64397
2.62211
2.59997
2.57751
2.55468
2.53144
2.50777
2.48364
2.45905
2.43399
2.40848
2.38255
2.35624
2.32958
2.30265
2.27551
2.24823
2.2209
2.19361
2.16645
2.13952
2.1129
2.08668
2.06095
2.03578
2.01123
1.98736
1.9642
1.9418
1.92017
1.89931
1.87924
1.85995
1.84146
1.82376
1.8069
1.79088
1.77575
1.76146
1.74808
1.73531
1.72345
1.71109
1.70157
1.6821
4.00079
3.97424
3.94767
3.92108
3.89447
3.86785
3.84121
3.81456
3.7879
3.76124
3.73459
3.70793
3.68129
3.65465
3.62804
3.60145
3.57488
3.54835
3.52187
3.49542
3.46904
3.44271
3.41646
3.39028
3.3642
3.33821
3.31232
3.28656
3.26092
3.23543
3.21008
3.1849
3.15989
3.13506
3.11044
3.08602
3.06181
3.03783
3.01408
2.99057
2.9673
2.94426
2.92147
2.89891
2.87657
2.85444
2.8325
2.81073
2.78911
2.7676
2.74616
2.72476
2.70335
2.68189
2.66032
2.6386
2.61667
2.5945
2.57202
2.54921
2.52602
2.50243
2.47841
2.45397
2.42909
2.40379
2.3781
2.35205
2.32568
2.29905
2.27222
2.24527
2.21826
2.19128
2.16441
2.13773
2.11133
2.08529
2.05966
2.03453
2.00993
1.98591
1.96251
1.93974
1.91761
1.89613
1.87531
1.85515
1.83569
1.81696
1.79905
1.78203
1.766
1.751
1.73714
1.72418
1.7124
1.70041
1.6914
1.67318
4.0006
3.97404
3.94746
3.92085
3.89422
3.86758
3.84092
3.81425
3.78757
3.76089
3.7342
3.70752
3.68084
3.65418
3.62753
3.6009
3.5743
3.54772
3.52119
3.4947
3.46825
3.44187
3.41556
3.38932
3.36316
3.33709
3.31113
3.28528
3.25956
3.23397
3.20853
3.18324
3.15812
3.13319
3.10844
3.0839
3.05956
3.03545
3.01156
2.9879
2.96448
2.9413
2.91835
2.89563
2.87313
2.85084
2.82875
2.80682
2.78505
2.76339
2.74181
2.72028
2.69876
2.6772
2.65555
2.63377
2.61181
2.58963
2.56717
2.54441
2.5213
2.49782
2.47395
2.44968
2.42501
2.39995
2.37452
2.34876
2.32269
2.29637
2.26986
2.24322
2.21653
2.18984
2.16323
2.13677
2.11054
2.0846
2.059
2.0338
2.00903
1.98472
1.96089
1.93754
1.91469
1.89233
1.87049
1.8492
1.82854
1.8086
1.78955
1.77155
1.75482
1.73948
1.7257
1.71325
1.70241
1.69174
1.68413
1.66858
4.00044
3.97386
3.94726
3.92064
3.894
3.86733
3.84066
3.81396
3.78727
3.76056
3.73385
3.70714
3.68044
3.65374
3.62706
3.6004
3.57375
3.54714
3.52056
3.49403
3.46754
3.4411
3.41473
3.38843
3.36221
3.33608
3.31005
3.28412
3.25832
3.23265
3.20712
3.18174
3.15653
3.13149
3.10664
3.08198
3.05754
3.0333
3.0093
2.98552
2.96197
2.93866
2.91558
2.89272
2.87009
2.84768
2.82545
2.80341
2.78151
2.75975
2.73807
2.71646
2.69487
2.67326
2.65158
2.6298
2.60786
2.58572
2.56334
2.54068
2.51771
2.4944
2.47073
2.44668
2.42226
2.39748
2.37234
2.34688
2.32112
2.29512
2.26892
2.24258
2.21615
2.1897
2.16328
2.13696
2.11078
2.0848
2.05905
2.03357
2.00838
1.9835
1.95891
1.93464
1.91068
1.88706
1.86384
1.84112
1.81906
1.79788
1.77789
1.75941
1.74278
1.7282
1.71588
1.70556
1.6974
1.68986
1.68527
1.67471
4.00029
3.9737
3.94709
3.92045
3.89379
3.86712
3.84042
3.81371
3.78699
3.76027
3.73354
3.70681
3.68008
3.65336
3.62665
3.59995
3.57328
3.54663
3.52002
3.49344
3.46691
3.44043
3.41401
3.38766
3.36139
3.3352
3.30911
3.28313
3.25726
3.23152
3.20592
3.18047
3.15518
3.13007
3.10513
3.0804
3.05587
3.03155
3.00745
2.98358
2.95995
2.93655
2.91338
2.89044
2.86773
2.84524
2.82295
2.80085
2.7789
2.7571
2.73541
2.71379
2.69222
2.67064
2.64903
2.62733
2.6055
2.5835
2.56129
2.53882
2.51607
2.493
2.46959
2.44582
2.4217
2.39721
2.37238
2.34722
2.32176
2.29603
2.27008
2.24395
2.21767
2.19131
2.16491
2.1385
2.11212
2.0858
2.05956
2.03341
2.00736
1.9814
1.95555
1.92982
1.90425
1.87894
1.85405
1.82983
1.80664
1.78492
1.76518
1.74795
1.73368
1.72264
1.71492
1.71008
1.708
1.70687
1.70808
1.70611
4.00018
3.97358
3.94696
3.92031
3.89364
3.86695
3.84024
3.81352
3.78679
3.76005
3.7333
3.70655
3.67981
3.65307
3.62634
3.59962
3.57293
3.54626
3.51962
3.49302
3.46647
3.43996
3.41352
3.38714
3.36084
3.33462
3.3085
3.28248
3.25659
3.23081
3.20518
3.1797
3.15438
3.12923
3.10427
3.07951
3.05495
3.03061
3.00649
2.98261
2.95897
2.93556
2.9124
2.88948
2.86679
2.84434
2.82209
2.80005
2.77819
2.75648
2.7349
2.71342
2.692
2.6706
2.64919
2.62771
2.60612
2.58438
2.56244
2.54027
2.51781
2.49504
2.47194
2.44847
2.42463
2.40041
2.37582
2.35087
2.32557
2.29995
2.27405
2.24788
2.22148
2.19487
2.16809
2.14115
2.11407
2.08686
2.05951
2.03202
2.00441
1.9767
1.94892
1.92119
1.89368
1.86668
1.8406
1.81602
1.79361
1.77418
1.75851
1.74731
1.74105
1.73982
1.74334
1.75065
1.76099
1.77203
1.78372
1.79561
4.00013
3.97353
3.94691
3.92026
3.89359
3.8669
3.84019
3.81347
3.78674
3.76
3.73326
3.70651
3.67977
3.65304
3.62632
3.59962
3.57293
3.54628
3.51966
3.49307
3.46654
3.44006
3.41364
3.38729
3.36102
3.33484
3.30875
3.28278
3.25693
3.23121
3.20564
3.18022
3.15498
3.12991
3.10504
3.08037
3.05592
3.0317
3.00771
2.98397
2.96048
2.93724
2.91426
2.89154
2.86907
2.84684
2.82485
2.80308
2.7815
2.76009
2.73883
2.71769
2.69661
2.67557
2.65452
2.6334
2.61217
2.59079
2.56919
2.54733
2.52517
2.50266
2.47977
2.45647
2.43274
2.40857
2.38395
2.35888
2.33338
2.30745
2.2811
2.25436
2.22723
2.19972
2.17183
2.14357
2.11495
2.08595
2.0566
2.02694
1.99704
1.96703
1.93716
1.90779
1.87945
1.85289
1.82904
1.80903
1.79409
1.78544
1.78415
1.79089
1.80582
1.82831
1.85709
1.88994
1.92479
1.95819
1.98812
2.02076
4.00036
3.97379
3.9472
3.92058
3.89395
3.8673
3.84064
3.81397
3.78729
3.76062
3.73394
3.70727
3.68061
3.65397
3.62735
3.60074
3.57417
3.54764
3.52115
3.4947
3.46831
3.44199
3.41574
3.38957
3.36349
3.33752
3.31165
3.28591
3.2603
3.23484
3.20955
3.18442
3.15948
3.13473
3.1102
3.08589
3.06182
3.03799
3.01442
2.99111
2.96807
2.94531
2.92282
2.9006
2.87864
2.85695
2.83549
2.81426
2.79323
2.77236
2.75163
2.731
2.71042
2.68983
2.66919
2.64845
2.62753
2.60638
2.58495
2.56317
2.541
2.51838
2.49527
2.47164
2.44746
2.42271
2.39738
2.37146
2.34494
2.31783
2.29013
2.26182
2.23293
2.20345
2.17338
2.14275
2.11162
2.08005
2.0482
2.01629
1.98471
1.95398
1.92489
1.89848
1.87614
1.85952
1.85057
1.85136
1.86392
1.88997
1.93058
1.98584
2.05452
2.13384
2.21972
2.30679
2.39
2.46341
2.5231
2.58013
4.0017
3.97528
3.94885
3.92241
3.89596
3.86952
3.84308
3.81664
3.79022
3.76381
3.73742
3.71106
3.68472
3.65842
3.63215
3.60593
3.57976
3.55365
3.5276
3.50162
3.47572
3.4499
3.42418
3.39857
3.37307
3.34769
3.32245
3.29735
3.27241
3.24764
3.22306
3.19867
3.17448
3.15052
3.12679
3.1033
3.08006
3.05708
3.03437
3.01193
2.98976
2.96787
2.94624
2.92487
2.90374
2.88284
2.86214
2.84162
2.82123
2.80093
2.78068
2.76043
2.74011
2.71967
2.69904
2.67815
2.65694
2.63535
2.6133
2.59075
2.56763
2.54389
2.51951
2.49443
2.46864
2.44212
2.41484
2.3868
2.35801
2.32846
2.29818
2.26718
2.23554
2.20332
2.17068
2.13782
2.10507
2.07287
2.04191
2.01311
1.98776
1.96759
1.95481
1.95221
1.96311
1.99128
2.04073
2.11535
2.21841
2.3518
2.5152
2.70524
2.91499
3.13409
3.34988
3.54884
3.7195
3.85111
3.94352
3.99127
4.00827
3.98244
3.95663
3.93085
3.9051
3.87939
3.85372
3.82809
3.80251
3.77699
3.75151
3.7261
3.70076
3.67548
3.65027
3.62515
3.60011
3.57515
3.55029
3.52553
3.50088
3.47634
3.45192
3.42763
3.40348
3.37947
3.35561
3.33192
3.3084
3.28505
3.2619
3.23894
3.21619
3.19364
3.17131
3.1492
3.12732
3.10565
3.0842
3.06296
3.04191
3.02105
3.00036
2.9798
2.95935
2.93897
2.91862
2.89825
2.87782
2.85726
2.83652
2.81554
2.79425
2.77259
2.7505
2.72793
2.70482
2.68112
2.65678
2.63177
2.60606
2.57962
2.55244
2.5245
2.49581
2.46639
2.43627
2.4055
2.37419
2.34247
2.31054
2.27871
2.24736
2.21708
2.18864
2.16307
2.14181
2.12674
2.1204
2.12609
2.14804
2.1916
2.26324
2.37056
2.52191
2.7258
2.98985
3.31938
3.71563
4.17385
4.68163
5.21823
5.75565
6.26191
6.70556
7.06025
7.30983
7.44076
7.48583
7.33207
4.03708
4.01324
3.98948
3.96581
3.94223
3.91875
3.89536
3.87206
3.84886
3.82575
3.80274
3.77983
3.757
3.73428
3.71165
3.68911
3.66667
3.64432
3.62207
3.59992
3.57786
3.5559
3.53404
3.51227
3.49061
3.46904
3.44757
3.4262
3.40493
3.38375
3.36266
3.34166
3.32074
3.29988
3.27909
3.25834
3.23762
3.2169
3.19617
3.1754
3.15456
3.13361
3.11252
3.09125
3.06976
3.04801
3.02596
3.00357
2.9808
2.95763
2.93403
2.90999
2.88548
2.86052
2.83511
2.80926
2.78301
2.75638
2.72941
2.70216
2.6747
2.64711
2.6195
2.59202
2.56487
2.53834
2.51281
2.48881
2.46704
2.44843
2.43423
2.42605
2.42597
2.43672
2.4618
2.50575
2.57439
2.67513
2.81721
3.01184
3.27223
3.61317
4.05018
4.598
5.26827
6.06657
6.98923
8.02052
9.13104
10.2778
11.4064
12.4556
13.3651
14.0843
14.5794
14.8348
14.8615
14.6561
14.3537
13.5239
4.15389
4.13556
4.11735
4.09925
4.08126
4.06336
4.04554
4.0278
4.01012
3.99248
3.97489
3.95732
3.93976
3.92221
3.90464
3.88705
3.86943
3.85175
3.834
3.81618
3.79827
3.78025
3.76211
3.74383
3.72539
3.70678
3.68798
3.66897
3.64973
3.63025
3.6105
3.59045
3.5701
3.54942
3.5284
3.507
3.48523
3.46307
3.44052
3.41758
3.39426
3.37059
3.34659
3.32232
3.29785
3.27325
3.24865
3.22415
3.19991
3.17611
3.15292
3.13058
3.1093
3.08935
3.071
3.05455
3.04031
3.02866
3.02001
3.01484
3.01375
3.01746
3.0269
3.04325
3.06799
3.10304
3.15084
3.21443
3.29767
3.40531
3.54325
3.71872
3.94058
4.21959
4.56871
5.00335
5.54129
6.20232
7.00716
7.97555
9.12346
10.4595
11.981
13.6704
15.4927
17.3951
19.3087
21.1535
22.8453
24.304
25.4611
26.2671
26.6985
26.7586
26.4776
25.8947
25.0803
24.0325
23.0217
21.1136
4.60033
4.59522
4.59002
4.58468
4.57918
4.57349
4.56758
4.56141
4.55496
4.5482
4.5411
4.53363
4.52575
4.51745
4.50868
4.49943
4.48967
4.47938
4.46852
4.45709
4.44506
4.43242
4.41917
4.40529
4.39079
4.37569
4.36
4.34375
4.32698
4.30977
4.29217
4.2743
4.25627
4.23824
4.22037
4.20288
4.18603
4.1701
4.15543
4.1424
4.13147
4.12312
4.11791
4.11646
4.11945
4.1276
4.14174
4.16272
4.19148
4.22901
4.27636
4.33467
4.40516
4.48914
4.58806
4.70354
4.83739
4.99173
5.16902
5.37217
5.60466
5.87065
6.17511
6.52398
6.92425
7.38415
7.91321
8.52236
9.22397
10.0318
10.961
12.0277
13.2487
14.6406
16.2184
17.9934
19.9706
22.1449
24.4974
26.9917
29.5718
32.1621
34.6706
36.9959
39.0369
40.7048
41.9332
42.6863
42.9607
42.7816
42.1938
41.2526
40.02
38.5581
36.9332
35.1879
33.3969
31.5063
29.8541
27.1162
6.5339
6.56985
6.60524
6.64004
6.67425
6.70785
6.74085
6.77324
6.80504
6.83628
6.86698
6.89719
6.92698
6.9564
6.98556
7.01455
7.04351
7.0726
7.10198
7.13188
7.16252
7.1942
7.22723
7.26198
7.29885
7.33831
7.3809
7.42719
7.47786
7.53362
7.59529
7.66378
7.74008
7.82528
7.92059
8.02731
8.14688
8.28085
8.43092
8.59891
8.7868
8.99671
9.23091
9.49186
9.78216
10.1046
10.4622
10.8581
11.2958
11.7789
12.3113
12.8973
13.5416
14.2493
15.0259
15.8777
16.8116
17.8353
18.9572
20.1868
21.5341
23.01
24.6257
26.3924
28.3208
30.4201
32.697
35.1546
37.7908
40.5972
43.557
46.6436
49.8193
53.033
56.2198
59.2998
62.1794
64.7553
66.9212
68.5781
69.6467
70.0786
69.8642
69.0342
67.6544
65.8151
63.6185
61.1666
58.553
55.8562
53.1365
50.4339
47.7757
45.1811
42.674
40.2483
37.9524
35.6849
33.7937
30.806
20.4412
20.7798
21.1199
21.4616
21.805
22.1503
22.4977
22.8473
23.1995
23.5545
23.9127
24.2745
24.6401
25.0102
25.3852
25.7657
26.1523
26.5457
26.9465
27.3556
27.7737
28.2018
28.6408
29.0917
29.5556
30.0335
30.5268
31.0366
31.5644
32.1115
32.6794
33.2699
33.8847
34.5256
35.1947
35.8942
36.6265
37.3943
38.2006
39.0484
39.9414
40.8836
41.8795
42.9339
44.0524
45.2412
46.5073
47.8582
49.3026
50.8498
52.5102
54.2948
56.2157
58.2856
60.5176
62.9253
65.5218
68.3194
71.3289
74.5585
78.0124
81.6892
85.5798
89.6655
93.9143
98.2791
102.694
107.072
111.304
115.26
118.79
121.736
123.94
125.26
125.587
124.864
123.091
120.335
116.718
112.404
107.577
102.418
97.0888
91.7251
86.4304
81.2808
76.3317
71.6247
67.1928
63.062
59.2497
55.7569
52.5662
49.6361
46.9359
44.4218
42.1211
39.8998
38.1049
35.2915
131.185
132.912
134.594
136.227
137.807
139.332
140.798
142.205
143.547
144.823
146.031
147.167
148.23
149.215
150.122
150.948
151.69
152.345
152.912
153.388
153.771
154.058
154.246
154.335
154.32
154.199
153.971
153.632
153.18
152.613
151.927
151.121
150.193
149.139
147.958
146.649
145.208
143.636
141.931
140.092
138.121
136.018
133.785
131.425
128.941
126.339
123.626
120.81
117.9
114.907
111.845
108.729
105.575
102.402
99.231
96.0832
92.9826
89.9544
87.0255
84.2241
81.5801
79.1253
76.8931
74.9193
73.2414
71.8985
70.9299
70.3731
70.2593
70.6077
71.4174
72.6586
74.2637
76.1238
78.0915
79.9933
81.6513
82.9087
83.6523
83.8268
83.4371
82.5384
81.2201
79.5869
77.7422
75.7764
73.7599
71.7433
69.7629
67.8487
66.0326
64.3473
62.8165
61.4139
60.1076
58.8584
57.7012
56.5431
55.6614
54.0944
1.89694
1.73072
2.3009
2.45979
2.35278
2.09187
1.80861
2.07522
4.293
8.09362
12.6637
17.7249
23.126
28.7498
34.5049
40.3219
46.1513
51.9632
57.7464
63.5068
69.2635
75.045
80.8846
86.8162
92.871
99.0747
105.446
111.996
118.729
125.639
132.714
139.933
147.267
154.684
162.153
169.64
177.125
184.603
192.088
199.512
206.792
213.897
220.781
227.393
233.677
239.577
245.035
249.991
254.39
258.177
261.301
263.717
265.384
266.273
266.36
265.633
264.093
261.752
258.633
254.773
250.224
245.05
239.345
233.343
227.845
224.063
220.45
216.564
212.378
207.934
203.286
198.484
193.57
188.582
183.55
178.496
173.437
168.38
163.328
158.277
153.222
148.152
143.055
137.919
132.733
127.489
122.183
116.816
111.4
105.956
100.515
95.1208
89.8271
84.6958
79.7896
75.1741
70.9046
66.9692
63.7869
59.2262
6.05066
4.05725
3.42362
3.2273
3.37344
4.08766
5.67872
8.18156
11.3599
14.8159
18.3178
21.7841
25.1996
28.5847
31.9703
35.3818
38.8341
42.3326
45.8781
49.4708
53.1132
56.8108
60.5721
64.4066
68.3238
72.3318
76.436
80.6385
84.9379
89.3293
93.8043
98.3512
102.956
107.605
112.282
116.98
121.7
126.452
131.239
136.016
140.736
145.374
149.904
154.297
158.521
162.543
166.328
169.843
173.053
175.923
178.423
180.521
182.189
183.405
184.15
184.41
184.178
183.455
182.248
180.573
178.452
175.917
173.01
169.802
166.431
163.055
159.594
155.998
152.268
148.424
144.49
140.49
136.441
132.355
128.241
124.101
119.937
115.744
111.517
107.251
102.938
98.5737
94.1538
89.6772
85.1457
80.5649
75.945
71.3006
66.6525
62.0262
57.4545
52.9729
48.6267
44.4531
40.5085
36.8091
33.4354
30.2915
27.7768
24.177
10.5057
6.06474
5.24043
5.14005
5.7196
7.13716
9.35986
12.0587
14.8867
17.6969
20.4921
23.3157
26.2218
29.2557
32.4414
35.7791
39.2513
42.8321
46.4966
50.2262
54.0116
57.8523
61.755
65.7309
69.7931
73.955
78.2283
82.6225
87.1443
91.7974
96.5826
101.498
106.541
111.704
116.979
122.356
127.817
133.335
138.884
144.446
149.988
155.475
160.871
166.134
171.221
176.09
180.695
184.991
188.932
192.475
195.576
198.198
200.304
201.865
202.858
203.267
203.085
202.313
200.965
199.059
196.625
193.704
190.342
186.598
182.549
178.274
173.814
169.197
164.455
159.623
154.73
149.805
144.867
139.932
135.007
130.095
125.194
120.297
115.397
110.484
105.548
100.58
95.5712
90.5184
85.4204
80.2809
75.109
69.9196
64.7351
59.5842
54.5046
49.5385
44.7383
40.1511
35.839
31.8298
28.2004
24.8763
22.2036
18.5954
14.1061
7.98072
7.1732
7.23056
7.97685
9.4348
11.4607
13.7731
16.1744
18.6226
21.1541
23.8163
26.6497
29.6797
32.9136
36.343
39.9484
43.7068
47.5963
51.601
55.7124
59.9301
64.2601
68.7139
73.3056
78.051
82.965
88.061
93.3498
98.8389
104.532
110.431
116.53
122.821
129.291
135.92
142.681
149.539
156.463
163.411
170.342
177.207
183.955
190.53
196.872
202.923
208.621
213.903
218.709
222.981
226.665
229.712
232.082
233.74
234.663
234.838
234.266
232.957
230.935
228.238
224.911
221.011
216.601
211.751
206.538
201.04
195.324
189.449
183.466
177.422
171.354
165.296
159.27
153.29
147.366
141.497
135.679
129.902
124.155
118.422
112.689
106.942
101.169
95.3624
89.5173
83.6364
77.729
71.8128
65.9149
60.0724
54.3329
48.7517
43.3944
38.3229
33.609
29.2923
25.4442
22.0056
19.2644
15.7688
16.4807
9.35159
8.59058
8.76556
9.52626
10.8204
12.535
14.504
16.6192
18.8548
21.2302
23.7784
26.5322
29.5177
32.7499
36.2319
39.9569
43.9116
48.0806
52.4504
57.0119
61.7624
66.7056
71.8505
77.2103
82.8002
88.6356
94.7307
101.097
107.742
114.669
121.876
129.355
137.089
145.058
153.229
161.565
170.017
178.534
187.061
195.539
203.904
212.085
220.006
227.592
234.761
241.435
247.535
252.985
257.715
261.662
264.772
267.002
268.323
268.718
268.186
266.744
264.421
261.263
257.33
252.692
247.428
241.624
235.37
228.754
221.865
214.784
207.582
200.322
193.055
185.822
178.655
171.575
164.594
157.716
150.938
144.248
137.634
131.077
124.559
118.059
111.559
105.045
98.5043
91.9335
85.3355
78.7226
72.1185
65.5589
59.0923
52.7806
46.6947
40.9153
35.5191
30.5851
26.16
22.3021
18.9578
16.3425
13.1923
17.9728
10.0665
9.36149
9.63212
10.3988
11.5706
13.0733
14.8156
16.7333
18.805
21.0431
23.4785
26.1498
29.094
32.3406
35.9081
39.8036
44.0249
48.5643
53.412
58.5599
64.004
69.745
75.7884
82.1434
88.8215
95.8343
103.192
110.901
118.964
127.378
136.132
145.209
154.581
164.213
174.063
184.073
194.177
204.304
214.379
224.321
234.046
243.462
252.477
260.993
268.913
276.144
282.593
288.175
292.817
296.452
299.032
300.521
300.903
300.181
298.375
295.527
291.696
286.956
281.397
275.118
268.224
260.825
253.029
244.938
236.649
228.251
219.816
211.407
203.074
194.851
186.764
178.826
171.041
163.405
155.907
148.528
141.25
134.048
126.898
119.777
112.665
105.543
98.4027
91.24
84.0624
76.889
69.7528
62.7017
55.7987
49.1216
42.7582
36.803
31.3436
26.4598
22.1952
18.5843
15.5665
13.2708
10.6639
18.8896
10.3755
9.66916
10.0132
10.8182
11.957
13.3662
14.9907
16.793
18.7637
20.9213
23.3045
25.9628
28.9472
32.3029
36.0648
40.2553
44.8854
49.9572
55.4673
61.4099
67.7795
74.5728
81.7886
89.4277
97.4918
105.982
114.896
124.229
133.97
144.101
154.596
165.422
176.534
187.881
199.397
211.004
222.614
234.135
245.47
256.517
267.172
277.327
286.872
295.698
303.697
310.766
316.813
321.754
325.519
328.055
329.328
329.325
328.055
325.551
321.867
317.079
311.281
304.585
297.112
288.99
280.351
271.321
262.023
252.567
243.05
233.555
224.15
214.886
205.799
196.912
188.234
179.765
171.496
163.412
155.49
147.705
140.029
132.435
124.893
117.38
109.873
102.358
94.8254
87.2796
79.7348
72.2206
64.7823
57.483
50.402
43.6338
37.281
31.4478
26.2245
21.681
17.8431
14.7095
12.1994
10.3545
8.38086
19.0638
10.3572
9.68771
10.1235
11.0191
12.2209
13.6623
15.302
17.12
19.1218
21.3387
23.8223
26.6362
29.8473
33.5179
37.7008
42.4355
47.7478
53.6508
60.1474
67.2326
74.8966
83.126
91.9058
101.219
111.048
121.372
132.165
143.401
155.043
167.051
179.375
191.961
204.743
217.64
230.564
243.416
256.088
268.47
280.447
291.902
302.717
312.776
321.962
330.163
337.273
343.197
347.851
351.167
353.096
353.611
352.708
350.409
346.761
341.836
335.732
328.566
320.471
311.596
302.091
292.111
281.805
271.31
260.75
250.232
239.841
229.646
219.694
210.014
200.62
191.513
182.681
174.105
165.76
157.615
149.637
141.793
134.047
126.369
118.729
111.101
103.467
95.8163
88.148
80.4735
72.819
65.2272
57.7592
50.4945
43.5295
36.9733
30.9384
25.5301
20.8286
16.8787
13.673
11.1648
9.24667
7.8897
6.51729
18.9304
10.2426
9.64177
10.2159
11.2873
12.6847
14.335
16.2003
18.2698
20.5618
23.1215
26.0162
29.3264
33.1374
37.5308
42.5776
48.3338
54.8372
62.1074
70.1462
78.9397
88.4612
98.6741
109.534
120.991
132.992
145.479
158.394
171.675
185.253
199.06
213.025
227.059
241.071
254.96
268.62
281.94
294.803
307.088
318.675
329.445
339.281
348.069
355.701
362.078
367.111
370.724
372.861
373.484
372.579
370.159
366.261
360.953
354.328
346.507
337.63
327.857
317.361
306.317
294.902
283.284
271.618
260.037
248.656
237.56
226.813
216.454
206.498
196.946
187.779
178.97
170.481
162.272
154.298
146.514
138.877
131.345
123.879
116.445
109.017
101.572
94.0965
86.5888
79.0579
71.5276
64.0384
56.6489
49.4373
42.5
35.9481
29.9003
24.4698
19.7491
15.7919
12.6021
10.1281
8.27964
6.9295
6.009
5.12198
18.4468
10.081
9.69668
10.5763
12.0435
13.9248
16.1458
18.6691
21.4873
24.6259
28.1416
32.1161
36.6458
41.8323
47.7711
54.5429
62.207
70.7965
80.3167
90.7448
102.033
114.112
126.899
140.301
154.218
168.55
183.199
198.064
213.054
228.079
243.04
257.836
272.37
286.541
300.245
313.377
325.828
337.488
348.246
357.992
366.621
374.031
380.129
384.83
388.061
389.765
389.9
388.449
385.416
380.833
374.759
367.281
358.517
348.609
337.721
326.036
313.749
301.058
288.159
275.237
262.459
249.97
237.885
226.29
215.241
204.763
194.858
185.502
176.657
168.271
160.284
152.633
145.254
138.084
131.066
124.147
117.28
110.425
103.55
96.6307
89.6525
82.6114
75.5159
68.3886
61.2683
54.2118
47.2951
40.6132
34.2768
28.4064
23.1201
18.5177
14.6623
11.5648
9.18021
7.41534
6.15354
5.26786
4.68226
4.13966
18.0211
10.0706
10.2258
11.8577
14.3273
17.487
21.2675
25.619
30.51
35.9407
41.9465
48.5927
55.9617
64.139
73.1992
83.1944
94.1462
106.042
118.835
132.444
146.76
161.656
176.998
192.644
208.457
224.313
240.092
255.684
270.979
285.88
300.295
314.137
327.322
339.766
351.385
362.094
371.805
380.432
387.886
394.085
398.948
402.401
404.383
404.841
403.738
401.057
396.798
390.987
383.677
374.947
364.906
353.688
341.456
328.393
314.699
300.586
286.268
271.953
257.838
244.097
230.879
218.299
206.438
195.344
185.028
175.473
166.636
158.455
150.851
143.739
137.031
130.639
124.479
118.474
112.557
106.669
100.76
94.7926
88.7384
82.5806
76.3139
69.9461
63.4991
57.0107
50.5361
44.1493
37.9424
32.0243
26.5141
21.531
17.1788
13.5268
10.5943
8.34326
6.68745
5.51243
4.70185
4.1493
3.79217
3.47226
17.3636
10.5727
12.2914
16.2888
22.0854
29.5807
38.5886
48.8234
59.9707
71.7721
84.063
96.7637
109.856
123.356
137.284
151.65
166.436
181.602
197.085
212.782
228.571
244.338
259.968
275.333
290.319
304.823
318.759
332.056
344.646
356.471
367.475
377.605
386.806
395.024
402.203
408.284
413.206
416.908
419.33
420.415
420.11
418.373
415.173
410.492
404.332
396.712
387.676
377.293
365.658
352.895
339.152
324.603
309.443
293.88
278.134
262.423
246.96
231.942
217.541
203.902
191.133
179.307
168.458
158.584
149.652
141.601
134.346
127.79
121.825
116.339
111.221
106.367
101.68
97.0741
92.4754
87.823
83.0691
78.1788
73.1309
67.9171
62.5436
57.0308
51.4153
45.7505
40.1075
34.5755
29.2592
24.2743
19.7379
15.7543
12.397
9.69273
7.61383
6.08495
5.00269
4.25837
3.75719
3.42193
3.20902
3.02502
16.7894
13.4904
22.5415
38.1514
59.9767
86.3847
114.924
143.359
170.173
194.634
216.604
236.258
253.924
269.971
284.742
298.515
311.5
323.866
335.748
347.14
358.028
368.384
378.181
387.404
396.032
404.034
411.378
418.029
423.95
429.105
433.456
436.961
439.58
441.266
441.972
441.65
440.25
437.723
434.025
429.115
422.962
415.547
406.864
396.925
385.761
373.426
359.999
345.583
330.308
314.327
297.818
280.974
264.004
247.122
230.54
214.461
199.069
184.525
170.956
158.454
147.075
136.834
127.714
119.666
112.615
106.463
101.101
96.4081
92.2605
88.5344
85.1105
81.8775
78.7344
75.5927
72.378
69.0303
65.5048
61.772
57.8176
53.6428
49.2644
44.7154
40.0459
35.323
30.6307
26.0684
21.7459
17.7755
14.2591
11.2721
8.84853
6.97303
5.5858
4.59919
3.91887
3.45974
3.15504
2.9538
2.8283
2.72478
16.0549
41.906
116.017
208.397
299.051
376.992
437.744
481.484
510.8
529.078
539.502
544.289
545.206
543.596
540.431
536.396
531.968
527.44
522.964
518.688
514.683
510.953
507.458
504.139
500.925
497.738
494.499
491.128
487.545
483.671
479.428
474.739
469.53
463.729
457.266
450.076
442.102
433.289
423.594
412.984
401.438
388.951
375.536
361.226
346.077
330.167
313.599
296.502
279.025
261.337
243.623
226.079
208.903
192.287
176.411
161.437
147.495
134.684
123.07
112.679
103.502
95.501
88.6097
82.7415
77.7947
73.6573
70.2113
67.3363
64.9121
62.8215
60.9521
59.1988
57.4658
55.6688
53.7369
51.6134
49.2573
46.6437
43.7642
40.6272
37.2584
33.7004
30.013
26.2727
22.5705
19.0077
15.6891
12.7117
10.1508
8.0472
6.39888
5.16455
4.27642
3.65765
3.23697
2.95584
2.77114
2.65061
2.57729
2.52074
17.4176
529.595
944.973
1176.83
1267.18
1271.03
1230.71
1172.5
1110.27
1049.99
993.482
941.193
893.005
848.722
808.2
771.318
737.919
707.778
680.599
656.061
633.84
613.63
595.156
578.172
562.458
547.812
534.049
520.989
508.464
496.311
484.379
472.529
460.633
448.578
436.261
423.598
410.512
396.945
382.851
368.2
352.983
337.205
320.896
304.107
286.912
269.408
251.713
233.966
216.322
198.948
182.018
165.703
150.165
135.552
121.985
109.559
98.3327
88.3315
79.5463
71.9381
65.4426
59.9767
55.4454
51.7469
48.7772
46.4333
44.6143
43.2221
42.1607
41.3368
40.6594
40.0414
39.4006
38.6625
37.7623
36.6478
35.2806
33.6384
31.7155
29.524
27.0936
24.4715
21.7218
18.923
16.1646
13.5407
11.1405
9.03736
7.27717
5.87141
4.79814
4.01114
3.45322
3.06816
2.80805
2.63529
2.52305
2.45092
2.40872
2.37934
)
;

boundaryField
{
    outlet
    {
        type            zeroGradient;
    }
    inlet
    {
        type            fixedValue;
        value           uniform 5.199;
    }
    lowerWall
    {
        type            epsilonWallFunction;
        Cmu             0.09;
        kappa           0.41;
        E               9.8;
        value           nonuniform List<scalar> 
148
(
151.448
203.151
260.735
321.761
383.629
443.727
499.769
550.047
593.504
629.701
658.705
680.955
697.128
708.019
714.456
717.235
717.084
714.647
710.471
705.018
698.662
691.708
684.396
676.913
669.404
661.976
654.706
647.665
640.806
634.537
626.986
627.121
591.958
1.89694
6.05066
10.5057
14.1061
16.4807
17.9728
18.8896
19.0638
18.9304
18.4468
18.0211
17.3636
16.7894
16.0549
17.4176
1.89694
1.73072
2.3009
2.45979
2.35278
2.09187
1.80861
2.07522
4.293
8.09362
12.6637
17.7249
23.126
28.7498
34.5049
40.3219
46.1513
51.9632
57.7464
63.5068
69.2635
75.045
80.8846
86.8162
92.871
99.0747
105.446
111.996
118.729
125.639
132.714
139.933
147.267
154.684
162.153
169.64
177.125
184.603
192.088
199.512
206.792
213.897
220.781
227.393
233.677
239.577
245.035
249.991
254.39
258.177
261.301
263.717
265.384
266.273
266.36
265.633
264.093
261.752
258.633
254.773
250.224
245.05
239.345
233.343
227.845
224.063
220.45
216.564
212.378
207.934
203.286
198.484
193.57
188.582
183.55
178.496
173.437
168.38
163.328
158.277
153.222
148.152
143.055
137.919
132.733
127.489
122.183
116.816
111.4
105.956
100.515
95.1208
89.8271
84.6958
79.7896
75.1741
70.9046
66.9692
63.7869
59.2262
)
;
    }
    upperWall
    {
        type            epsilonWallFunction;
        Cmu             0.09;
        kappa           0.41;
        E               9.8;
        value           nonuniform List<scalar> 
133
(
44.7794
48.3124
51.8864
55.4656
59.0311
62.5709
66.0744
69.5318
72.9345
76.2745
79.5451
82.7405
85.8556
88.8866
91.8302
94.6841
97.4465
100.116
102.693
105.177
107.569
109.869
112.078
114.199
116.232
118.18
120.045
121.829
123.534
125.163
126.718
128.202
129.618
131.185
132.912
134.594
136.227
137.807
139.332
140.798
142.205
143.547
144.823
146.031
147.167
148.23
149.215
150.122
150.948
151.69
152.345
152.912
153.388
153.771
154.058
154.246
154.335
154.32
154.199
153.971
153.632
153.18
152.613
151.927
151.121
150.193
149.139
147.958
146.649
145.208
143.636
141.931
140.092
138.121
136.018
133.785
131.425
128.941
126.339
123.626
120.81
117.9
114.907
111.845
108.729
105.575
102.402
99.231
96.0832
92.9826
89.9544
87.0255
84.2241
81.5801
79.1253
76.8931
74.9193
73.2414
71.8985
70.9299
70.3731
70.2593
70.6077
71.4174
72.6586
74.2637
76.1238
78.0915
79.9933
81.6513
82.9087
83.6523
83.8268
83.4371
82.5384
81.2201
79.5869
77.7422
75.7764
73.7599
71.7433
69.7629
67.8487
66.0326
64.3473
62.8165
61.4139
60.1076
58.8584
57.7012
56.5431
55.6614
54.0944
)
;
    }
    frontAndBack
    {
        type            empty;
    }
}


// ************************************************************************* //
