/*--------------------------------*- C++ -*----------------------------------*\
| =========                 |                                                 |
| \\      /  F ield         | OpenFOAM: The Open Source CFD Toolbox           |
|  \\    /   O peration     | Version:  2.1.1                                 |
|   \\  /    A nd           | Web:      www.OpenFOAM.org                      |
|    \\/     M anipulation  |                                                 |
\*---------------------------------------------------------------------------*/
FoamFile
{
    version     2.0;
    format      ascii;
    class       volScalarField;
    location    "0.145";
    object      k;
}
// * * * * * * * * * * * * * * * * * * * * * * * * * * * * * * * * * * * * * //

dimensions      [0 2 -2 0 0 0 0];

internalField   nonuniform List<scalar> 
6820
(
0.288909
0.351398
0.415005
0.477466
0.53686
0.591558
0.640373
0.682632
0.71813
0.747039
0.769805
0.787044
0.799457
0.807762
0.81265
0.814756
0.814642
0.812795
0.809626
0.805477
0.800629
0.795308
0.789693
0.783926
0.778118
0.772351
0.766685
0.761178
0.755794
0.750857
0.744888
0.744995
0.716879
0.265532
0.269396
0.270523
0.27134
0.272558
0.274213
0.276223
0.278472
0.280851
0.283273
0.285683
0.288049
0.290363
0.29263
0.294863
0.297082
0.299305
0.301551
0.303837
0.306174
0.308572
0.311037
0.313572
0.316179
0.318856
0.321603
0.324422
0.327319
0.330306
0.333441
0.336738
0.340682
0.344788
0.262038
0.264254
0.263596
0.261557
0.259001
0.256319
0.253627
0.250939
0.248241
0.245525
0.242795
0.240062
0.237346
0.234668
0.232052
0.229518
0.227085
0.224768
0.22258
0.22053
0.218624
0.216866
0.215257
0.213798
0.212486
0.211318
0.210291
0.209402
0.208646
0.208026
0.207527
0.20718
0.20692
0.259885
0.260272
0.259797
0.258535
0.256829
0.254891
0.252833
0.25071
0.248547
0.246359
0.244153
0.241936
0.239715
0.237497
0.235289
0.2331
0.230936
0.228805
0.226713
0.224665
0.222668
0.220725
0.218839
0.217014
0.215251
0.213551
0.211915
0.210343
0.208834
0.207388
0.206002
0.204679
0.203406
0.259299
0.258404
0.2576
0.256567
0.255295
0.25385
0.252292
0.250662
0.248985
0.247278
0.245552
0.243816
0.242076
0.240337
0.238604
0.23688
0.23517
0.233477
0.231804
0.230155
0.228531
0.226936
0.225371
0.223838
0.222338
0.220873
0.219443
0.218049
0.216691
0.21537
0.214085
0.212837
0.211627
0.259224
0.257848
0.256623
0.255437
0.254227
0.25297
0.251663
0.250313
0.24893
0.247523
0.246102
0.244672
0.243238
0.241807
0.24038
0.238961
0.237552
0.236157
0.234776
0.233413
0.232067
0.230742
0.229437
0.228155
0.226896
0.22566
0.224449
0.223263
0.222102
0.220967
0.219859
0.218777
0.217723
0.259217
0.257715
0.256309
0.25498
0.253698
0.252442
0.251196
0.249951
0.248704
0.247455
0.246205
0.244956
0.243711
0.242471
0.241239
0.240016
0.238804
0.237604
0.236418
0.235247
0.234092
0.232954
0.231833
0.23073
0.229646
0.228581
0.227536
0.22651
0.225505
0.22452
0.223556
0.222614
0.221694
0.259218
0.25769
0.256225
0.254822
0.253477
0.252181
0.250924
0.249696
0.248492
0.247307
0.246137
0.244982
0.24384
0.242712
0.241597
0.240496
0.239408
0.238335
0.237277
0.236235
0.235208
0.234197
0.233203
0.232226
0.231265
0.230322
0.229396
0.228487
0.227597
0.226724
0.225869
0.225033
0.224215
0.259218
0.257686
0.256207
0.25478
0.253405
0.25208
0.2508
0.24956
0.248357
0.247186
0.246043
0.244926
0.243832
0.242759
0.241707
0.240674
0.239659
0.238663
0.237685
0.236724
0.23578
0.234853
0.233944
0.233052
0.232176
0.231317
0.230475
0.22965
0.228841
0.228049
0.227274
0.226515
0.225773
0.259218
0.257686
0.256203
0.254769
0.253384
0.252045
0.250751
0.2495
0.248289
0.247115
0.245975
0.244867
0.243789
0.242739
0.241714
0.240714
0.239737
0.238782
0.237848
0.236935
0.236041
0.235166
0.23431
0.233472
0.232651
0.231848
0.231062
0.230293
0.229541
0.228805
0.228085
0.227382
0.226694
0.259218
0.257686
0.256202
0.254767
0.253378
0.252035
0.250735
0.249477
0.24826
0.247081
0.245938
0.24483
0.243755
0.24271
0.241695
0.240707
0.239746
0.23881
0.237897
0.237008
0.23614
0.235294
0.234468
0.233661
0.232874
0.232105
0.231354
0.23062
0.229904
0.229204
0.228521
0.227854
0.227203
0.259218
0.257685
0.256201
0.254766
0.253376
0.252031
0.250729
0.249469
0.248248
0.247066
0.245921
0.24481
0.243734
0.242689
0.241676
0.240691
0.239735
0.238805
0.237901
0.237022
0.236167
0.235334
0.234522
0.233732
0.232962
0.232212
0.23148
0.230767
0.230072
0.229394
0.228733
0.228089
0.22746
0.259218
0.257685
0.256201
0.254765
0.253375
0.25203
0.250727
0.249465
0.248244
0.24706
0.245913
0.244801
0.243723
0.242677
0.241663
0.240678
0.239723
0.238795
0.237894
0.237018
0.236166
0.235339
0.234534
0.233751
0.232989
0.232247
0.231525
0.230822
0.230138
0.229472
0.228823
0.228191
0.227575
0.259218
0.257685
0.256201
0.254764
0.253374
0.252028
0.250725
0.249463
0.248241
0.247057
0.245909
0.244796
0.243717
0.24267
0.241655
0.24067
0.239714
0.238786
0.237885
0.23701
0.236159
0.235333
0.23453
0.23375
0.232991
0.232253
0.231535
0.230836
0.230157
0.229496
0.228852
0.228226
0.227616
0.259218
0.257685
0.2562
0.254764
0.253374
0.252028
0.250724
0.249462
0.248239
0.247054
0.245906
0.244792
0.243713
0.242666
0.24165
0.240664
0.239708
0.238779
0.237878
0.237002
0.236152
0.235326
0.234523
0.233743
0.232985
0.232248
0.231531
0.230834
0.230156
0.229497
0.228856
0.228232
0.227625
0.259218
0.257685
0.2562
0.254764
0.253373
0.252027
0.250723
0.249461
0.248238
0.247052
0.245904
0.24479
0.24371
0.242662
0.241646
0.24066
0.239703
0.238774
0.237872
0.236996
0.236146
0.235319
0.234516
0.233736
0.232978
0.232241
0.231524
0.230827
0.23015
0.229491
0.22885
0.228227
0.22762
0.259218
0.257685
0.2562
0.254763
0.253373
0.252026
0.250722
0.24946
0.248236
0.247051
0.245902
0.244788
0.243707
0.242659
0.241643
0.240656
0.239699
0.23877
0.237867
0.236991
0.23614
0.235313
0.23451
0.233729
0.232971
0.232233
0.231516
0.23082
0.230142
0.229483
0.228842
0.228218
0.227611
0.259218
0.257684
0.2562
0.254763
0.253372
0.252026
0.250722
0.249459
0.248235
0.247049
0.2459
0.244786
0.243705
0.242657
0.24164
0.240653
0.239695
0.238766
0.237863
0.236986
0.236135
0.235308
0.234504
0.233723
0.232964
0.232227
0.231509
0.230812
0.230134
0.229474
0.228833
0.228209
0.227602
0.259218
0.257684
0.2562
0.254763
0.253372
0.252025
0.250721
0.249458
0.248234
0.247048
0.245898
0.244784
0.243703
0.242654
0.241637
0.24065
0.239692
0.238762
0.237859
0.236982
0.23613
0.235303
0.234499
0.233718
0.232958
0.23222
0.231502
0.230805
0.230126
0.229466
0.228824
0.2282
0.227592
0.259218
0.257684
0.2562
0.254762
0.253371
0.252025
0.25072
0.249457
0.248233
0.247047
0.245897
0.244782
0.243701
0.242652
0.241635
0.240647
0.239689
0.238759
0.237856
0.236978
0.236126
0.235298
0.234494
0.233712
0.232953
0.232214
0.231496
0.230798
0.230119
0.229458
0.228816
0.228191
0.227583
0.259218
0.257684
0.256199
0.254762
0.253371
0.252024
0.25072
0.249456
0.248232
0.247046
0.245896
0.244781
0.243699
0.24265
0.241633
0.240645
0.239686
0.238756
0.237852
0.236975
0.236122
0.235294
0.234489
0.233707
0.232947
0.232208
0.23149
0.230791
0.230112
0.229451
0.228808
0.228183
0.227574
0.259218
0.257684
0.256199
0.254762
0.253371
0.252024
0.250719
0.249456
0.248231
0.247045
0.245895
0.244779
0.243698
0.242649
0.241631
0.240643
0.239684
0.238753
0.237849
0.236971
0.236119
0.23529
0.234485
0.233703
0.232942
0.232203
0.231484
0.230785
0.230105
0.229444
0.228801
0.228175
0.227566
0.259218
0.257684
0.256199
0.254762
0.253371
0.252024
0.250719
0.249455
0.248231
0.247044
0.245894
0.244778
0.243696
0.242647
0.241629
0.240641
0.239682
0.23875
0.237846
0.236968
0.236115
0.235286
0.234481
0.233698
0.232938
0.232198
0.231479
0.230779
0.230099
0.229438
0.228794
0.228168
0.227558
0.259218
0.257684
0.256199
0.254762
0.253371
0.252023
0.250719
0.249455
0.24823
0.247043
0.245893
0.244777
0.243695
0.242646
0.241627
0.240639
0.23968
0.238748
0.237844
0.236965
0.236112
0.235283
0.234477
0.233694
0.232933
0.232193
0.231474
0.230774
0.230094
0.229431
0.228787
0.228161
0.227551
0.259218
0.257684
0.256199
0.254762
0.25337
0.252023
0.250718
0.249454
0.24823
0.247043
0.245892
0.244776
0.243694
0.242644
0.241626
0.240637
0.239678
0.238746
0.237841
0.236963
0.236109
0.23528
0.234474
0.233691
0.232929
0.232189
0.231469
0.230769
0.230088
0.229426
0.228781
0.228154
0.227544
0.259218
0.257684
0.256199
0.254762
0.25337
0.252023
0.250718
0.249454
0.248229
0.247042
0.245891
0.244775
0.243693
0.242643
0.241624
0.240636
0.239676
0.238744
0.237839
0.23696
0.236107
0.235277
0.234471
0.233687
0.232926
0.232185
0.231465
0.230765
0.230083
0.22942
0.228776
0.228148
0.227537
0.259218
0.257684
0.256199
0.254762
0.25337
0.252023
0.250718
0.249454
0.248229
0.247042
0.245891
0.244775
0.243692
0.242642
0.241623
0.240634
0.239674
0.238742
0.237837
0.236958
0.236104
0.235275
0.234468
0.233684
0.232922
0.232181
0.231461
0.23076
0.230079
0.229416
0.22877
0.228142
0.227531
0.259218
0.257684
0.256199
0.254762
0.25337
0.252023
0.250718
0.249454
0.248229
0.247041
0.24589
0.244774
0.243692
0.242642
0.241623
0.240634
0.239673
0.238741
0.237836
0.236957
0.236102
0.235272
0.234466
0.233682
0.23292
0.232178
0.231458
0.230757
0.230075
0.229411
0.228766
0.228138
0.227526
0.259218
0.257684
0.256199
0.254762
0.25337
0.252023
0.250718
0.249453
0.248228
0.247041
0.24589
0.244774
0.243691
0.242641
0.241622
0.240632
0.239672
0.23874
0.237834
0.236955
0.236101
0.23527
0.234464
0.233679
0.232917
0.232176
0.231455
0.230753
0.230071
0.229407
0.228762
0.228133
0.227521
0.259218
0.257684
0.256199
0.254762
0.25337
0.252023
0.250718
0.249454
0.248229
0.247041
0.24589
0.244774
0.243691
0.242641
0.241622
0.240633
0.239672
0.23874
0.237834
0.236955
0.2361
0.23527
0.234463
0.233678
0.232916
0.232174
0.231453
0.230751
0.230069
0.229405
0.228759
0.22813
0.227518
0.259218
0.257684
0.256199
0.254762
0.25337
0.252023
0.250718
0.249453
0.248228
0.247041
0.24589
0.244774
0.243691
0.242641
0.241621
0.240632
0.239672
0.238739
0.237834
0.236954
0.236099
0.235269
0.234462
0.233677
0.232915
0.232173
0.231451
0.23075
0.230067
0.229403
0.228757
0.228128
0.227515
0.259218
0.257684
0.256199
0.254762
0.253371
0.252024
0.25072
0.249456
0.248231
0.247044
0.245893
0.244777
0.243695
0.242644
0.241625
0.240636
0.239675
0.238743
0.237837
0.236957
0.236102
0.235272
0.234464
0.23368
0.232917
0.232175
0.231453
0.230751
0.230068
0.229404
0.228757
0.228127
0.227515
0.259218
0.257685
0.2562
0.254764
0.253373
0.252026
0.250721
0.249457
0.248232
0.247045
0.245895
0.244779
0.243697
0.242646
0.241627
0.240638
0.239678
0.238746
0.23784
0.236961
0.236106
0.235275
0.234467
0.233682
0.232919
0.232177
0.231454
0.230752
0.230068
0.229403
0.228755
0.228125
0.227511
0.259218
0.257685
0.256201
0.254766
0.253378
0.252033
0.250731
0.249469
0.248246
0.24706
0.24591
0.244795
0.243713
0.242662
0.241643
0.240654
0.239693
0.238759
0.237853
0.236972
0.236116
0.235283
0.234474
0.233687
0.232922
0.232177
0.231452
0.230747
0.23006
0.229392
0.228741
0.228107
0.227489
0.259219
0.257689
0.25621
0.254777
0.25339
0.252046
0.250744
0.249482
0.248259
0.247074
0.245924
0.244809
0.243726
0.242675
0.241655
0.240664
0.2397
0.238764
0.237854
0.236969
0.236107
0.23527
0.234454
0.23366
0.232888
0.232135
0.231402
0.230688
0.229992
0.229314
0.228653
0.228009
0.227381
0.25922
0.257694
0.256221
0.254799
0.253423
0.252089
0.250795
0.249539
0.248318
0.247131
0.245978
0.244857
0.243767
0.242706
0.241673
0.240669
0.23969
0.238738
0.23781
0.236906
0.236025
0.235166
0.234329
0.233512
0.232717
0.23194
0.231183
0.230444
0.229724
0.22902
0.228334
0.227664
0.22701
0.259229
0.257738
0.256292
0.254882
0.253509
0.252172
0.250871
0.249603
0.248368
0.247162
0.245985
0.244837
0.243715
0.24262
0.241551
0.240508
0.239489
0.238493
0.237522
0.236573
0.235646
0.234741
0.233857
0.232994
0.232151
0.231327
0.230522
0.229736
0.228968
0.228218
0.227484
0.226768
0.226068
0.259265
0.257822
0.256453
0.255125
0.253804
0.252483
0.251163
0.249854
0.248561
0.24729
0.246044
0.244827
0.243638
0.242479
0.241348
0.240246
0.239172
0.238125
0.237103
0.236107
0.235135
0.234186
0.23326
0.232356
0.231473
0.230611
0.229769
0.228946
0.228143
0.227358
0.226591
0.225842
0.22511
0.259599
0.258632
0.257578
0.256541
0.255587
0.254714
0.253905
0.253151
0.252444
0.251783
0.251165
0.250591
0.250059
0.249569
0.249119
0.248708
0.248335
0.247998
0.247695
0.247424
0.247184
0.246973
0.246789
0.246631
0.246497
0.246385
0.246295
0.246224
0.246172
0.246138
0.24612
0.246118
0.24613
0.266719
0.280569
0.294241
0.307622
0.320668
0.333362
0.345692
0.357649
0.369224
0.380412
0.39121
0.401618
0.411636
0.421268
0.430518
0.439392
0.447897
0.456042
0.463834
0.471284
0.478401
0.485196
0.491679
0.497862
0.503754
0.509367
0.514711
0.519797
0.524636
0.529238
0.533613
0.53777
0.541724
0.844255
1.0136
1.1858
1.36257
1.54089
1.71061
1.8602
1.98102
2.06987
2.12902
2.16423
2.18256
2.19052
2.19293
2.19277
2.19152
2.18971
2.18748
2.18494
2.18229
2.17984
2.17792
2.1768
2.17657
2.17722
2.17853
2.1802
2.18182
2.18293
2.18301
2.18155
2.17799
2.17182
2.1625
2.14952
2.13241
2.11071
2.08404
2.05205
2.01448
1.97115
1.92201
1.86709
1.80657
1.7408
1.67024
1.59553
1.51748
1.43702
1.3552
1.27318
1.19216
1.11335
1.03791
0.966889
0.901179
0.841483
0.78828
0.741828
0.702174
0.66919
0.642612
0.622078
0.607166
0.597416
0.592337
0.591403
0.594036
0.599584
0.6073
0.616335
0.625739
0.634484
0.641502
0.645735
0.646196
0.64203
0.632569
0.617385
0.596336
0.5696
0.537702
0.501526
0.462304
0.42157
0.381058
0.342534
0.30757
0.277322
0.252365
0.232689
0.217819
0.207027
0.199505
0.194514
0.191412
0.189727
0.189054
0.18909
0.190337
0.353352
0.366645
0.386815
0.416953
0.460069
0.518908
0.595158
0.688692
0.797179
0.916197
1.03977
1.16128
1.2746
1.375
1.45977
1.5283
1.5817
1.62221
1.6525
1.67514
1.6923
1.70557
1.71602
1.72429
1.73074
1.73551
1.73863
1.74003
1.73959
1.73712
1.7324
1.72514
1.71502
1.7017
1.68483
1.6641
1.63918
1.60984
1.57586
1.53714
1.49366
1.44549
1.39284
1.33605
1.27559
1.21208
1.14624
1.07896
1.01117
0.943905
0.878189
0.81503
0.755351
0.699944
0.649425
0.604213
0.56452
0.530363
0.501597
0.477955
0.459099
0.444659
0.434269
0.427589
0.424309
0.424146
0.426823
0.432043
0.439457
0.448628
0.45901
0.469928
0.480592
0.490118
0.497577
0.502061
0.502748
0.498975
0.490302
0.476563
0.45791
0.434832
0.408158
0.379022
0.348791
0.318937
0.290863
0.265721
0.244258
0.22676
0.213103
0.202881
0.19555
0.190536
0.187326
0.185468
0.184636
0.184536
0.184934
0.186444
0.206532
0.206277
0.206658
0.208075
0.210981
0.215784
0.2232
0.234232
0.250055
0.27193
0.301068
0.338418
0.384437
0.438877
0.50069
0.568069
0.63864
0.709758
0.778848
0.843706
0.902712
0.95491
0.999965
1.03803
1.06959
1.09527
1.11571
1.13148
1.14303
1.15066
1.15456
1.15479
1.15136
1.14422
1.13329
1.11849
1.09976
1.07707
1.05045
1.01999
0.985878
0.948372
0.907844
0.864764
0.819704
0.773323
0.726354
0.679576
0.633777
0.589717
0.548088
0.509471
0.474303
0.442865
0.415272
0.391488
0.371358
0.354639
0.341043
0.330271
0.322039
0.316099
0.312247
0.310325
0.310219
0.311846
0.315138
0.320021
0.326392
0.33408
0.342824
0.352243
0.361828
0.370945
0.378872
0.384844
0.388127
0.388089
0.384277
0.376482
0.364774
0.349536
0.331444
0.311427
0.290576
0.270021
0.25079
0.233673
0.219145
0.207364
0.198221
0.191436
0.186645
0.183466
0.181556
0.180599
0.18038
0.18068
0.181322
0.182972
0.201994
0.20049
0.199086
0.197785
0.196621
0.195663
0.194973
0.19465
0.194839
0.195734
0.197576
0.200653
0.2053
0.21189
0.220811
0.23244
0.247092
0.264969
0.286098
0.310296
0.337148
0.366033
0.396168
0.426687
0.456712
0.485432
0.512147
0.536298
0.557475
0.575401
0.589913
0.600928
0.608428
0.612433
0.612997
0.610199
0.604146
0.594981
0.582883
0.568083
0.550861
0.531557
0.510563
0.488318
0.465301
0.442008
0.418931
0.396537
0.37524
0.35538
0.337209
0.320882
0.306461
0.293925
0.28319
0.274131
0.266599
0.26044
0.255509
0.251678
0.248842
0.246922
0.245864
0.24564
0.246245
0.24769
0.249999
0.253196
0.257291
0.26226
0.268022
0.274417
0.281184
0.287952
0.294249
0.299526
0.303213
0.304779
0.303801
0.300035
0.293461
0.284305
0.273034
0.260309
0.246906
0.233619
0.221153
0.210042
0.200609
0.192969
0.187072
0.182749
0.179778
0.177913
0.17693
0.176612
0.176816
0.177384
0.178179
0.179877
0.210268
0.208761
0.207279
0.205813
0.204365
0.202946
0.201572
0.20026
0.19903
0.197913
0.196946
0.196175
0.195657
0.195455
0.195642
0.196295
0.197499
0.199336
0.20189
0.205234
0.209425
0.214496
0.220447
0.227238
0.234782
0.242944
0.251544
0.260365
0.269165
0.277689
0.285685
0.292917
0.299179
0.304296
0.308139
0.310623
0.311708
0.311401
0.309753
0.306858
0.302845
0.297877
0.292141
0.285837
0.279174
0.272352
0.265558
0.258954
0.252673
0.246814
0.241443
0.236597
0.232287
0.228503
0.225221
0.222411
0.220036
0.21806
0.216452
0.215185
0.214239
0.213606
0.213284
0.213285
0.21363
0.214348
0.215478
0.21706
0.21913
0.221711
0.224799
0.228348
0.232249
0.236325
0.240315
0.243893
0.246685
0.248311
0.24844
0.246845
0.243441
0.238324
0.231757
0.22415
0.216001
0.207825
0.200089
0.193153
0.18725
0.182478
0.178832
0.176224
0.174521
0.17357
0.173227
0.173343
0.173827
0.174558
0.175434
0.177112
0.216528
0.215175
0.213821
0.21247
0.211124
0.20978
0.208443
0.207117
0.205806
0.204519
0.203266
0.20206
0.200915
0.199848
0.19888
0.198029
0.197318
0.19677
0.196406
0.196246
0.196308
0.196607
0.197153
0.19795
0.198996
0.200279
0.201778
0.203463
0.205295
0.207224
0.209194
0.211145
0.213014
0.214739
0.216264
0.217538
0.218522
0.219188
0.219523
0.219525
0.219208
0.218597
0.217726
0.216639
0.215382
0.214005
0.212554
0.211075
0.209605
0.208177
0.206816
0.20554
0.204359
0.20328
0.202302
0.201423
0.200637
0.19994
0.199326
0.19879
0.198334
0.197959
0.197673
0.19749
0.197427
0.197511
0.197769
0.198235
0.198943
0.19992
0.201185
0.202735
0.204536
0.206514
0.208546
0.21046
0.212043
0.213064
0.2133
0.212579
0.210807
0.207999
0.204281
0.199878
0.195083
0.190212
0.185561
0.18137
0.177805
0.174949
0.172816
0.171364
0.170518
0.170181
0.170262
0.170656
0.171307
0.172122
0.173027
0.174632
0.220647
0.21946
0.218264
0.217062
0.215853
0.214637
0.213414
0.212189
0.210964
0.209743
0.20853
0.20733
0.206147
0.20499
0.203864
0.202777
0.201739
0.200758
0.199843
0.199002
0.198245
0.197578
0.197008
0.196538
0.196172
0.195909
0.195747
0.195681
0.195702
0.195801
0.195965
0.196178
0.196424
0.196686
0.196947
0.197189
0.197398
0.197561
0.197668
0.197711
0.197686
0.197594
0.197437
0.19722
0.196952
0.196641
0.196297
0.195929
0.195548
0.195159
0.194771
0.194385
0.194006
0.193632
0.193263
0.192896
0.192527
0.192154
0.191773
0.191383
0.190982
0.190574
0.190164
0.189759
0.189373
0.18902
0.188721
0.1885
0.188379
0.188385
0.188537
0.188848
0.189313
0.18991
0.190586
0.191262
0.191829
0.192159
0.192122
0.191605
0.190534
0.188895
0.186737
0.184176
0.181373
0.178512
0.175774
0.173313
0.17124
0.16962
0.16847
0.167771
0.16748
0.167534
0.167877
0.168433
0.169169
0.170009
0.170902
0.172399
0.223284
0.222224
0.221153
0.220072
0.218981
0.217882
0.216776
0.215664
0.214547
0.213427
0.212305
0.211186
0.210071
0.208963
0.207867
0.206785
0.205721
0.204681
0.203669
0.202689
0.201746
0.200845
0.199989
0.199183
0.19843
0.197731
0.197089
0.196503
0.195973
0.195497
0.195073
0.194696
0.194362
0.194066
0.193803
0.193565
0.193349
0.193148
0.192958
0.192774
0.192592
0.192412
0.19223
0.192046
0.19186
0.191671
0.191479
0.191286
0.19109
0.190891
0.190687
0.190476
0.190255
0.19002
0.189767
0.18949
0.189185
0.188847
0.188472
0.188057
0.187599
0.187099
0.186557
0.18598
0.185372
0.184745
0.184111
0.183484
0.182884
0.182327
0.181832
0.181414
0.181081
0.180833
0.180653
0.180511
0.180356
0.180127
0.179755
0.179175
0.178339
0.17723
0.175865
0.174298
0.172616
0.170922
0.169321
0.167906
0.16675
0.165895
0.165356
0.165123
0.16517
0.165456
0.165943
0.166576
0.167337
0.168159
0.169012
0.170378
0.224928
0.223965
0.222993
0.22201
0.221017
0.220016
0.219005
0.217987
0.216962
0.215931
0.214897
0.213861
0.212825
0.21179
0.210758
0.209731
0.208712
0.207704
0.206707
0.205726
0.204763
0.203821
0.202903
0.202011
0.201149
0.200318
0.199521
0.19876
0.198036
0.197349
0.1967
0.196089
0.195514
0.194977
0.194473
0.194003
0.193564
0.193154
0.192772
0.192414
0.19208
0.191766
0.191472
0.191195
0.190934
0.190686
0.19045
0.190222
0.19
0.18978
0.189558
0.18933
0.18909
0.188833
0.188553
0.188244
0.1879
0.187515
0.187085
0.186604
0.186071
0.185482
0.184838
0.18414
0.183392
0.182599
0.181769
0.180913
0.180043
0.179172
0.178315
0.177486
0.176697
0.175957
0.175265
0.174616
0.173993
0.17337
0.172717
0.172002
0.1712
0.170299
0.169305
0.168244
0.167161
0.166112
0.165155
0.164344
0.163723
0.163316
0.163133
0.163168
0.163402
0.163806
0.164356
0.165006
0.165748
0.166523
0.167316
0.168536
0.22591
0.225019
0.224118
0.223208
0.222289
0.221361
0.220425
0.219481
0.218531
0.217575
0.216615
0.21565
0.214684
0.213716
0.212748
0.211781
0.210817
0.209858
0.208904
0.207959
0.207022
0.206097
0.205185
0.204288
0.203409
0.202549
0.20171
0.200894
0.200103
0.199338
0.198601
0.197893
0.197214
0.196565
0.195947
0.195358
0.1948
0.194271
0.193772
0.1933
0.192856
0.192438
0.192045
0.191675
0.191325
0.190995
0.19068
0.190378
0.190085
0.189797
0.189509
0.189217
0.188914
0.188594
0.188251
0.18788
0.187473
0.187026
0.186531
0.185986
0.185385
0.184726
0.184008
0.183231
0.182395
0.181505
0.180566
0.179584
0.178569
0.177531
0.17648
0.175431
0.174394
0.173381
0.1724
0.171456
0.170549
0.169673
0.168819
0.167977
0.167138
0.166296
0.165457
0.164633
0.163849
0.163133
0.162518
0.162032
0.1617
0.161534
0.161539
0.161708
0.162027
0.162473
0.163028
0.163655
0.164351
0.165059
0.16578
0.166848
0.226462
0.225619
0.224768
0.22391
0.223044
0.222171
0.221291
0.220403
0.219509
0.21861
0.217706
0.216798
0.215887
0.214974
0.214059
0.213145
0.212231
0.211318
0.210408
0.209503
0.208602
0.207708
0.206821
0.205944
0.205078
0.204224
0.203384
0.20256
0.201753
0.200965
0.200197
0.199451
0.198728
0.198028
0.197354
0.196704
0.196081
0.195485
0.194915
0.194371
0.193854
0.193362
0.192894
0.19245
0.192026
0.191623
0.191235
0.190861
0.190498
0.19014
0.189783
0.189422
0.189052
0.188667
0.188261
0.187828
0.187361
0.186854
0.186304
0.185704
0.18505
0.18434
0.18357
0.182742
0.181854
0.180909
0.179911
0.178864
0.177775
0.176653
0.175506
0.174346
0.173184
0.17203
0.170897
0.169793
0.168726
0.167701
0.166719
0.165783
0.164893
0.164051
0.163262
0.162535
0.161884
0.161323
0.160871
0.160542
0.160347
0.160292
0.160377
0.160594
0.160931
0.161369
0.161893
0.162471
0.163102
0.163733
0.164375
0.165289
0.226745
0.225934
0.225116
0.224292
0.223462
0.222626
0.221784
0.220936
0.220082
0.219224
0.218362
0.217495
0.216626
0.215754
0.214881
0.214007
0.213132
0.212258
0.211385
0.210514
0.209646
0.208782
0.207924
0.207071
0.206225
0.205388
0.20456
0.203744
0.20294
0.20215
0.201376
0.200617
0.199877
0.199156
0.198454
0.197774
0.197116
0.19648
0.195868
0.195279
0.194712
0.194169
0.193648
0.193149
0.192669
0.192207
0.191761
0.191328
0.190905
0.190487
0.190071
0.189651
0.189223
0.188782
0.18832
0.187834
0.187316
0.186762
0.186166
0.185524
0.18483
0.184083
0.18328
0.18242
0.181502
0.180527
0.179499
0.178422
0.1773
0.17614
0.174952
0.173743
0.172524
0.171306
0.1701
0.168918
0.16777
0.166664
0.16561
0.164614
0.163683
0.162822
0.162039
0.16134
0.160735
0.160234
0.159844
0.159573
0.159426
0.159404
0.159503
0.159715
0.16003
0.160428
0.160899
0.161411
0.161968
0.162515
0.163076
0.163839
0.226875
0.226082
0.225284
0.224481
0.223673
0.22286
0.222042
0.22122
0.220393
0.219562
0.218728
0.21789
0.21705
0.216207
0.215363
0.214518
0.213672
0.212826
0.211981
0.211137
0.210295
0.209456
0.20862
0.207788
0.206962
0.206142
0.205329
0.204524
0.203729
0.202944
0.202171
0.201412
0.200666
0.199936
0.199223
0.198527
0.197849
0.19719
0.196551
0.195933
0.195334
0.194756
0.194197
0.193658
0.193136
0.192631
0.192139
0.19166
0.191189
0.190723
0.190259
0.189792
0.189318
0.18883
0.188325
0.187796
0.187239
0.186647
0.186017
0.185343
0.184622
0.18385
0.183025
0.182145
0.181211
0.180223
0.179182
0.178094
0.176961
0.17579
0.174589
0.173364
0.172126
0.170886
0.169653
0.168439
0.167255
0.166113
0.165022
0.163993
0.163034
0.162154
0.161361
0.160661
0.160061
0.159569
0.159188
0.158923
0.158774
0.15874
0.158816
0.158992
0.159259
0.159601
0.160005
0.160444
0.160922
0.161383
0.161864
0.162481
0.226924
0.22614
0.225352
0.224561
0.223765
0.222965
0.222162
0.221354
0.220544
0.219729
0.218912
0.218093
0.217271
0.216447
0.215622
0.214796
0.213969
0.213143
0.212317
0.211491
0.210667
0.209846
0.209026
0.208211
0.207399
0.206592
0.205791
0.204996
0.204209
0.203431
0.202662
0.201904
0.201158
0.200425
0.199705
0.199
0.198311
0.197638
0.196982
0.196344
0.195723
0.19512
0.194535
0.193966
0.193413
0.192875
0.192349
0.191834
0.191327
0.190824
0.190323
0.189819
0.189308
0.188785
0.188245
0.187684
0.187096
0.186476
0.18582
0.185124
0.184383
0.183595
0.182756
0.181866
0.180925
0.179932
0.17889
0.177802
0.176671
0.175502
0.174303
0.173081
0.171845
0.170603
0.169367
0.168146
0.166954
0.1658
0.164695
0.163651
0.162677
0.161782
0.160975
0.160262
0.15965
0.159144
0.158746
0.158459
0.158282
0.158212
0.158244
0.158368
0.158575
0.158849
0.159182
0.159544
0.159942
0.160317
0.16072
0.1612
0.226936
0.226156
0.225372
0.224586
0.223796
0.223003
0.222207
0.221407
0.220605
0.2198
0.218992
0.218183
0.217371
0.216558
0.215744
0.214929
0.214114
0.213299
0.212484
0.211671
0.210858
0.210047
0.209238
0.208433
0.20763
0.206832
0.206039
0.205251
0.20447
0.203696
0.20293
0.202174
0.201427
0.200692
0.199968
0.199258
0.19856
0.197878
0.19721
0.196557
0.19592
0.195299
0.194694
0.194103
0.193527
0.192963
0.192411
0.191869
0.191334
0.190803
0.190272
0.18974
0.1892
0.18865
0.188084
0.187498
0.186886
0.186246
0.185571
0.184859
0.184105
0.183306
0.182461
0.181567
0.180624
0.179633
0.178595
0.177512
0.17639
0.175231
0.174043
0.172832
0.171607
0.170376
0.169149
0.167936
0.166747
0.165595
0.16449
0.163441
0.16246
0.161556
0.160736
0.160007
0.159376
0.158846
0.15842
0.158098
0.157881
0.157763
0.15774
0.157803
0.157944
0.158148
0.158405
0.158691
0.159009
0.159304
0.159632
0.159983
0.226932
0.226153
0.225371
0.224587
0.223799
0.223009
0.222215
0.221419
0.22062
0.21982
0.219017
0.218212
0.217405
0.216598
0.215789
0.21498
0.21417
0.213361
0.212552
0.211744
0.210937
0.210131
0.209328
0.208527
0.20773
0.206936
0.206146
0.205362
0.204583
0.203811
0.203046
0.202289
0.201542
0.200804
0.200076
0.19936
0.198657
0.197966
0.197288
0.196624
0.195975
0.195339
0.194718
0.19411
0.193515
0.192932
0.192359
0.191796
0.191238
0.190684
0.190131
0.189576
0.189014
0.188442
0.187856
0.187251
0.186622
0.185966
0.185278
0.184555
0.183792
0.182987
0.182139
0.181244
0.180304
0.179318
0.178287
0.177215
0.176104
0.174959
0.173786
0.172591
0.171382
0.170167
0.168955
0.167755
0.166578
0.165435
0.164335
0.163289
0.162306
0.161395
0.160564
0.15982
0.159167
0.15861
0.15815
0.157789
0.157525
0.157354
0.157272
0.157272
0.157344
0.157476
0.157659
0.157869
0.158112
0.158329
0.158587
0.15882
0.226923
0.226144
0.225363
0.224578
0.223791
0.223001
0.222208
0.221413
0.220615
0.219816
0.219014
0.218211
0.217406
0.2166
0.215793
0.214986
0.214178
0.213371
0.212564
0.211757
0.210952
0.210148
0.209346
0.208547
0.207751
0.206958
0.206169
0.205384
0.204605
0.203832
0.203066
0.202307
0.201556
0.200814
0.200082
0.199361
0.19865
0.197952
0.197265
0.196592
0.195931
0.195283
0.194649
0.194026
0.193416
0.192817
0.192227
0.191645
0.19107
0.190498
0.189926
0.189353
0.188773
0.188184
0.187581
0.186961
0.186319
0.185651
0.184953
0.184222
0.183454
0.182646
0.181797
0.180905
0.179969
0.17899
0.177969
0.176908
0.175811
0.174682
0.173526
0.172349
0.171157
0.16996
0.168766
0.167582
0.16642
0.165289
0.164198
0.163157
0.162174
0.161259
0.160418
0.159658
0.158984
0.158398
0.157904
0.1575
0.157188
0.156962
0.15682
0.156754
0.156758
0.156818
0.156929
0.157067
0.157237
0.157382
0.157575
0.157702
0.226913
0.226134
0.225351
0.224566
0.223779
0.222988
0.222195
0.2214
0.220602
0.219802
0.219001
0.218197
0.217392
0.216586
0.215779
0.214971
0.214163
0.213355
0.212548
0.211741
0.210935
0.21013
0.209327
0.208527
0.207729
0.206934
0.206143
0.205357
0.204575
0.203799
0.203029
0.202267
0.201511
0.200765
0.200027
0.199299
0.198582
0.197875
0.19718
0.196497
0.195826
0.195167
0.19452
0.193885
0.193261
0.192648
0.192043
0.191446
0.190855
0.190267
0.18968
0.189091
0.188497
0.187893
0.187277
0.186645
0.185992
0.185314
0.184609
0.183872
0.183101
0.182292
0.181444
0.180555
0.179625
0.178654
0.177644
0.176596
0.175513
0.1744
0.173261
0.172102
0.170929
0.169751
0.168574
0.167408
0.166261
0.165143
0.164062
0.163026
0.162045
0.161127
0.160276
0.159501
0.158804
0.158189
0.157659
0.157213
0.156851
0.15657
0.156367
0.156236
0.156172
0.156163
0.156204
0.156272
0.156375
0.156453
0.156588
0.156619
0.226903
0.226123
0.22534
0.224554
0.223766
0.222974
0.222181
0.221384
0.220586
0.219785
0.218983
0.218178
0.217373
0.216565
0.215757
0.214948
0.214139
0.213329
0.212519
0.21171
0.210902
0.210095
0.20929
0.208487
0.207686
0.206888
0.206094
0.205304
0.204518
0.203738
0.202963
0.202195
0.201435
0.200682
0.199938
0.199203
0.198478
0.197763
0.197059
0.196367
0.195686
0.195016
0.194358
0.193711
0.193075
0.192448
0.19183
0.19122
0.190615
0.190013
0.189412
0.188809
0.188202
0.187586
0.186958
0.186315
0.185653
0.184968
0.184257
0.183516
0.182742
0.181933
0.181087
0.180202
0.179279
0.178317
0.177317
0.176281
0.175213
0.174115
0.172993
0.171852
0.170698
0.169538
0.168379
0.16723
0.166097
0.164991
0.163919
0.162889
0.161909
0.160986
0.160126
0.159334
0.158615
0.15797
0.157403
0.156913
0.156501
0.156164
0.1559
0.155706
0.155575
0.155499
0.155473
0.155477
0.155518
0.155535
0.155617
0.155566
0.226893
0.226112
0.225329
0.224542
0.223753
0.222961
0.222166
0.221369
0.220569
0.219768
0.218964
0.218158
0.217351
0.216542
0.215733
0.214922
0.21411
0.213298
0.212487
0.211675
0.210864
0.210054
0.209246
0.208439
0.207634
0.206833
0.206034
0.205239
0.204449
0.203664
0.202884
0.20211
0.201344
0.200584
0.199833
0.199091
0.198358
0.197635
0.196922
0.19622
0.195529
0.194849
0.19418
0.193521
0.192873
0.192235
0.191604
0.190981
0.190363
0.189749
0.189135
0.18852
0.187901
0.187274
0.186636
0.185983
0.185313
0.184621
0.183905
0.18316
0.182384
0.181576
0.180732
0.179852
0.178935
0.177981
0.176991
0.175968
0.174913
0.173831
0.172725
0.171601
0.170464
0.169321
0.168179
0.167044
0.165926
0.16483
0.163766
0.16274
0.16176
0.160831
0.15996
0.15915
0.158406
0.15773
0.157125
0.15659
0.156127
0.155734
0.155409
0.155151
0.154956
0.154815
0.154727
0.154671
0.154655
0.154619
0.154657
0.154536
0.226884
0.226102
0.225318
0.224531
0.22374
0.222947
0.222152
0.221354
0.220553
0.21975
0.218945
0.218138
0.21733
0.216519
0.215708
0.214895
0.214081
0.213267
0.212453
0.211638
0.210825
0.210011
0.209199
0.208389
0.20758
0.206775
0.205972
0.205172
0.204377
0.203586
0.2028
0.202021
0.201248
0.200481
0.199723
0.198973
0.198232
0.197501
0.196779
0.196068
0.195367
0.194677
0.193997
0.193328
0.192668
0.192018
0.191376
0.19074
0.19011
0.189484
0.188859
0.188232
0.187602
0.186964
0.186316
0.185655
0.184978
0.18428
0.183558
0.18281
0.182033
0.181225
0.180384
0.179508
0.178597
0.177651
0.176671
0.175659
0.174617
0.173548
0.172457
0.171348
0.170227
0.169099
0.167972
0.166851
0.165743
0.164657
0.163598
0.162574
0.161591
0.160654
0.159768
0.158938
0.158168
0.157458
0.156813
0.156232
0.155716
0.155266
0.154881
0.154561
0.154303
0.154102
0.153956
0.153845
0.153781
0.153701
0.153701
0.153525
0.226875
0.226093
0.225308
0.224519
0.223728
0.222935
0.222138
0.221339
0.220537
0.219733
0.218927
0.218119
0.217309
0.216497
0.215683
0.214869
0.214053
0.213237
0.21242
0.211602
0.210786
0.209969
0.209154
0.20834
0.207527
0.206717
0.20591
0.205105
0.204305
0.203509
0.202717
0.201932
0.201152
0.200379
0.199614
0.198856
0.198108
0.197368
0.196637
0.195917
0.195207
0.194506
0.193817
0.193137
0.192466
0.191805
0.191151
0.190504
0.189863
0.189225
0.188588
0.187951
0.18731
0.186662
0.186006
0.185336
0.184651
0.183947
0.183221
0.18247
0.181692
0.180884
0.180044
0.179171
0.178266
0.177327
0.176355
0.175353
0.174322
0.173266
0.172188
0.171093
0.169985
0.16887
0.167755
0.166644
0.165546
0.164465
0.163409
0.162383
0.161394
0.160445
0.159543
0.158689
0.157888
0.157143
0.156454
0.155824
0.155255
0.154748
0.154303
0.153922
0.153605
0.153348
0.15315
0.152993
0.152889
0.152773
0.152745
0.152528
0.226867
0.226084
0.225298
0.224509
0.223717
0.222923
0.222125
0.221325
0.220522
0.219717
0.21891
0.2181
0.217289
0.216475
0.21566
0.214843
0.214026
0.213207
0.212388
0.211568
0.210748
0.209929
0.20911
0.208292
0.207476
0.206662
0.20585
0.205041
0.204235
0.203434
0.202637
0.201846
0.20106
0.20028
0.199508
0.198743
0.197987
0.197239
0.1965
0.195771
0.195051
0.194342
0.193642
0.192952
0.192271
0.191599
0.190934
0.190276
0.189624
0.188975
0.188328
0.18768
0.187028
0.186372
0.185706
0.185029
0.184337
0.183627
0.182896
0.182141
0.181361
0.180552
0.179713
0.178843
0.177942
0.177008
0.176044
0.17505
0.174028
0.172982
0.171915
0.17083
0.169733
0.168628
0.167521
0.166418
0.165324
0.164246
0.163188
0.162157
0.161157
0.160193
0.159268
0.158387
0.157553
0.156767
0.156032
0.155352
0.154727
0.154162
0.153659
0.153221
0.15285
0.152543
0.152301
0.152108
0.151973
0.151832
0.151786
0.151542
0.226859
0.226075
0.225289
0.224499
0.223707
0.222911
0.222113
0.221312
0.220508
0.219702
0.218893
0.218082
0.217269
0.216454
0.215638
0.214819
0.214
0.213179
0.212357
0.211535
0.210712
0.20989
0.209068
0.208247
0.207427
0.206609
0.205793
0.204979
0.204169
0.203363
0.202561
0.201764
0.200972
0.200186
0.199407
0.198636
0.197872
0.197116
0.196369
0.195632
0.194903
0.194184
0.193475
0.192775
0.192084
0.191402
0.190727
0.190059
0.189395
0.188736
0.188078
0.18742
0.186759
0.186093
0.185418
0.184733
0.184033
0.183317
0.182581
0.181822
0.181039
0.180229
0.17939
0.178521
0.177621
0.176691
0.175731
0.174743
0.173728
0.172689
0.171629
0.170551
0.169461
0.168362
0.16726
0.16616
0.165066
0.163985
0.16292
0.161878
0.160863
0.159878
0.158927
0.158013
0.15714
0.15631
0.155527
0.154793
0.154114
0.153492
0.152934
0.152443
0.152024
0.151676
0.151402
0.151182
0.151029
0.150874
0.150819
0.150562
0.226851
0.226067
0.22528
0.22449
0.223697
0.2229
0.222101
0.221299
0.220495
0.219687
0.218878
0.218065
0.217251
0.216435
0.215616
0.214796
0.213975
0.213152
0.212328
0.211504
0.210678
0.209853
0.209028
0.208204
0.207381
0.206559
0.205739
0.204922
0.204107
0.203296
0.202489
0.201686
0.200889
0.200097
0.199312
0.198534
0.197763
0.197
0.196245
0.1955
0.194763
0.194035
0.193317
0.192608
0.191907
0.191215
0.19053
0.189851
0.189178
0.188508
0.18784
0.187171
0.1865
0.185824
0.185141
0.184447
0.18374
0.183016
0.182274
0.18151
0.180722
0.179908
0.179067
0.178197
0.177297
0.176367
0.175409
0.174423
0.173411
0.172374
0.171317
0.170243
0.169154
0.168057
0.166954
0.16585
0.164751
0.163661
0.162584
0.161525
0.160488
0.159475
0.158492
0.157541
0.156625
0.155748
0.154913
0.154126
0.153392
0.152718
0.15211
0.151575
0.151119
0.150742
0.150446
0.150214
0.150054
0.149896
0.149842
0.149583
0.226844
0.22606
0.225272
0.224481
0.223687
0.22289
0.22209
0.221287
0.220482
0.219674
0.218863
0.21805
0.217234
0.216416
0.215596
0.214775
0.213951
0.213127
0.212301
0.211474
0.210647
0.209819
0.208991
0.208164
0.207337
0.206512
0.205689
0.204867
0.204048
0.203233
0.202421
0.201613
0.200811
0.200013
0.199222
0.198438
0.19766
0.19689
0.196129
0.195375
0.19463
0.193894
0.193167
0.192449
0.191739
0.191037
0.190342
0.189653
0.188969
0.188289
0.18761
0.186931
0.18625
0.185564
0.18487
0.184166
0.18345
0.182718
0.181967
0.181196
0.180401
0.179581
0.178734
0.177859
0.176955
0.176022
0.175061
0.174072
0.173057
0.172019
0.170959
0.169882
0.168789
0.167686
0.166576
0.165463
0.164351
0.163245
0.162149
0.161066
0.16
0.158954
0.157933
0.156939
0.155976
0.155049
0.154163
0.153324
0.152541
0.15182
0.151172
0.150605
0.150125
0.149733
0.149431
0.149199
0.149045
0.148895
0.14885
0.148599
0.226838
0.226053
0.225265
0.224473
0.223678
0.222881
0.22208
0.221276
0.22047
0.219661
0.218849
0.218035
0.217218
0.216399
0.215578
0.214754
0.21393
0.213103
0.212275
0.211446
0.210617
0.209787
0.208956
0.208126
0.207297
0.206468
0.205641
0.204816
0.203994
0.203174
0.202358
0.201545
0.200737
0.199935
0.199138
0.198347
0.197564
0.196787
0.196018
0.195257
0.194505
0.19376
0.193025
0.192297
0.191578
0.190866
0.190161
0.189461
0.188766
0.188075
0.187384
0.186694
0.186001
0.185303
0.184597
0.183881
0.183153
0.182409
0.181647
0.180864
0.180059
0.179228
0.178371
0.177486
0.176573
0.175631
0.174661
0.173663
0.17264
0.171592
0.170523
0.169434
0.16833
0.167214
0.166089
0.164958
0.163827
0.162697
0.161573
0.160459
0.159358
0.158273
0.157209
0.156169
0.155157
0.154181
0.153247
0.152363
0.151538
0.150783
0.15011
0.149526
0.14904
0.14865
0.148358
0.148142
0.148006
0.147873
0.147846
0.147614
0.226832
0.226047
0.225258
0.224466
0.223671
0.222872
0.222071
0.221266
0.220459
0.219649
0.218836
0.218021
0.217203
0.216383
0.21556
0.214736
0.213909
0.213081
0.212252
0.211421
0.210589
0.209757
0.208924
0.208091
0.207259
0.206428
0.205597
0.204769
0.203942
0.203119
0.202298
0.201481
0.200668
0.199861
0.199058
0.198262
0.197471
0.196688
0.195912
0.195143
0.194383
0.19363
0.192885
0.192148
0.191418
0.190695
0.189978
0.189267
0.18856
0.187855
0.187151
0.186446
0.185738
0.185025
0.184304
0.183573
0.182828
0.182068
0.181289
0.18049
0.179668
0.17882
0.177946
0.177045
0.176115
0.175156
0.174169
0.173154
0.172113
0.171048
0.169961
0.168853
0.167729
0.166591
0.165442
0.164286
0.163126
0.161965
0.160807
0.159655
0.158513
0.157385
0.156275
0.155188
0.154131
0.153111
0.152137
0.151219
0.150369
0.149598
0.148919
0.148341
0.14787
0.147504
0.147241
0.147057
0.146955
0.146856
0.146858
0.146667
0.226827
0.226041
0.225252
0.224459
0.223663
0.222865
0.222062
0.221257
0.220449
0.219639
0.218825
0.218009
0.21719
0.216368
0.215545
0.214719
0.213891
0.213061
0.21223
0.211397
0.210564
0.209729
0.208894
0.208059
0.207224
0.206389
0.205556
0.204724
0.203893
0.203065
0.20224
0.201419
0.200601
0.199788
0.198979
0.198176
0.197379
0.196588
0.195804
0.195027
0.194257
0.193494
0.192738
0.191989
0.191247
0.190511
0.18978
0.189054
0.18833
0.187609
0.186887
0.186163
0.185436
0.184702
0.18396
0.183206
0.182439
0.181655
0.180852
0.180028
0.179181
0.178308
0.177408
0.176481
0.175524
0.174539
0.173525
0.172484
0.171416
0.170324
0.169208
0.168073
0.166919
0.16575
0.164569
0.163379
0.162183
0.160985
0.159787
0.158593
0.157408
0.156236
0.155082
0.153954
0.15286
0.151809
0.150812
0.149881
0.14903
0.148272
0.147618
0.147076
0.146652
0.146342
0.146139
0.146018
0.145981
0.145947
0.146008
0.145906
0.226824
0.226037
0.225247
0.224454
0.223658
0.222858
0.222056
0.22125
0.220441
0.219629
0.218815
0.217998
0.217178
0.216355
0.21553
0.214703
0.213873
0.213042
0.212209
0.211375
0.210539
0.209702
0.208864
0.208026
0.207188
0.20635
0.205513
0.204677
0.203842
0.203009
0.202179
0.201352
0.200528
0.199708
0.198892
0.198081
0.197275
0.196474
0.19568
0.194891
0.194109
0.193333
0.192562
0.191798
0.191039
0.190285
0.189535
0.188788
0.188042
0.187297
0.18655
0.1858
0.185045
0.184282
0.183509
0.182724
0.181924
0.181106
0.180269
0.179409
0.178526
0.177616
0.176679
0.175715
0.174721
0.173698
0.172647
0.171569
0.170463
0.169334
0.168181
0.167008
0.165816
0.164609
0.163389
0.162159
0.160922
0.159682
0.158442
0.157207
0.155981
0.154771
0.153584
0.15243
0.151318
0.150261
0.149272
0.148365
0.147556
0.146858
0.146281
0.145834
0.145518
0.145328
0.145256
0.145272
0.145376
0.145486
0.145674
0.145776
0.226821
0.226034
0.225244
0.22445
0.223653
0.222853
0.222049
0.221243
0.220433
0.219621
0.218805
0.217987
0.217165
0.216341
0.215515
0.214686
0.213854
0.213021
0.212186
0.211348
0.210509
0.209669
0.208828
0.207986
0.207144
0.206301
0.205458
0.204617
0.203776
0.202936
0.202098
0.201262
0.200429
0.199599
0.198772
0.197949
0.19713
0.196316
0.195506
0.194701
0.1939
0.193104
0.192313
0.191526
0.190743
0.189962
0.189184
0.188406
0.187629
0.186849
0.186067
0.185279
0.184484
0.18368
0.182864
0.182034
0.181188
0.180323
0.179438
0.178529
0.177596
0.176637
0.175651
0.174637
0.173594
0.172522
0.171423
0.170297
0.169145
0.167969
0.166771
0.165554
0.164318
0.163067
0.161804
0.160532
0.159254
0.157974
0.156697
0.155428
0.154175
0.152946
0.151751
0.150602
0.149515
0.148504
0.147587
0.14678
0.146102
0.145567
0.145187
0.144969
0.144915
0.145016
0.145259
0.145606
0.146044
0.146491
0.146969
0.147505
0.226819
0.226032
0.225241
0.224446
0.223648
0.222847
0.222043
0.221235
0.220423
0.219609
0.218792
0.217971
0.217147
0.216321
0.215491
0.214659
0.213824
0.212986
0.212147
0.211305
0.21046
0.209615
0.208767
0.207918
0.207068
0.206217
0.205365
0.204513
0.203661
0.20281
0.201959
0.201109
0.200261
0.199414
0.198569
0.197727
0.196887
0.19605
0.195216
0.194384
0.193555
0.192729
0.191905
0.191083
0.190263
0.189443
0.188623
0.187801
0.186977
0.186149
0.185315
0.184474
0.183623
0.182762
0.181887
0.180997
0.180089
0.179163
0.178214
0.177243
0.176247
0.175226
0.174178
0.173102
0.171999
0.17087
0.169713
0.168532
0.167326
0.166098
0.16485
0.163584
0.162302
0.161008
0.159704
0.158394
0.157083
0.155777
0.154482
0.153207
0.151964
0.150764
0.149625
0.148565
0.147606
0.14677
0.146083
0.14557
0.145259
0.145171
0.145326
0.145732
0.146388
0.14727
0.148341
0.149533
0.150793
0.152013
0.15312
0.154473
0.226815
0.226025
0.225232
0.224436
0.223635
0.222831
0.222023
0.221212
0.220397
0.219579
0.218756
0.217931
0.217101
0.216269
0.215432
0.214593
0.21375
0.212904
0.212055
0.211203
0.210347
0.20949
0.208629
0.207766
0.206901
0.206034
0.205165
0.204294
0.203422
0.202549
0.201675
0.200801
0.199926
0.199051
0.198176
0.197301
0.196427
0.195553
0.19468
0.193807
0.192934
0.192061
0.191188
0.190314
0.189439
0.188562
0.187681
0.186797
0.185908
0.185012
0.184108
0.183195
0.182271
0.181335
0.180384
0.179417
0.178432
0.177429
0.176404
0.175357
0.174287
0.173192
0.172073
0.170928
0.169759
0.168564
0.167346
0.166105
0.164843
0.163562
0.162264
0.160953
0.159632
0.158305
0.156977
0.155655
0.154346
0.153063
0.151816
0.150624
0.149506
0.148488
0.1476
0.146877
0.146362
0.146102
0.14615
0.146561
0.147393
0.148692
0.150485
0.15277
0.155495
0.158558
0.161813
0.165072
0.168165
0.170905
0.17311
0.175449
0.226788
0.225993
0.225194
0.224391
0.223583
0.222771
0.221955
0.221134
0.220309
0.21948
0.218646
0.217808
0.216965
0.216118
0.215266
0.21441
0.21355
0.212685
0.211816
0.210942
0.210065
0.209183
0.208297
0.207407
0.206514
0.205616
0.204716
0.203811
0.202904
0.201993
0.20108
0.200163
0.199244
0.198323
0.197399
0.196473
0.195545
0.194614
0.193681
0.192746
0.191808
0.190867
0.189924
0.188976
0.188025
0.187068
0.186106
0.185138
0.184163
0.183179
0.182187
0.181183
0.180168
0.179141
0.178099
0.177042
0.175968
0.174876
0.173765
0.172634
0.171482
0.170308
0.169112
0.167894
0.166655
0.165395
0.164115
0.162819
0.161508
0.160188
0.158862
0.157538
0.156223
0.154926
0.153661
0.152442
0.151291
0.150233
0.1493
0.148534
0.147988
0.147725
0.147827
0.148388
0.149524
0.151358
0.154021
0.157632
0.162277
0.167978
0.174663
0.18214
0.190096
0.198122
0.205771
0.212605
0.218299
0.222569
0.225432
0.226929
0.226667
0.225857
0.225041
0.22422
0.223394
0.222562
0.221725
0.220882
0.220033
0.219179
0.218318
0.217452
0.216581
0.215703
0.214819
0.21393
0.213034
0.212133
0.211225
0.210312
0.209392
0.208466
0.207535
0.206598
0.205654
0.204705
0.203751
0.20279
0.201824
0.200853
0.199876
0.198894
0.197907
0.196915
0.195918
0.194915
0.193908
0.192895
0.191878
0.190855
0.189828
0.188794
0.187756
0.186711
0.18566
0.184603
0.183539
0.182467
0.181388
0.1803
0.179204
0.178097
0.176981
0.175853
0.174713
0.173561
0.172394
0.171214
0.170018
0.168806
0.167579
0.166336
0.165078
0.163807
0.162525
0.161238
0.159949
0.158668
0.157405
0.156171
0.154985
0.153865
0.152837
0.151935
0.1512
0.150684
0.150454
0.150596
0.15122
0.152457
0.154472
0.157454
0.161618
0.167188
0.174379
0.183359
0.194212
0.206887
0.221164
0.236625
0.252664
0.268525
0.283394
0.296508
0.307264
0.315249
0.320379
0.322462
0.322587
0.31768
0.226266
0.22542
0.224567
0.223707
0.22284
0.221967
0.221086
0.220198
0.219302
0.218399
0.217489
0.216571
0.215646
0.214713
0.213772
0.212823
0.211866
0.210902
0.20993
0.208949
0.207961
0.206964
0.20596
0.204947
0.203926
0.202898
0.201861
0.200817
0.199764
0.198704
0.197636
0.196561
0.195478
0.194388
0.19329
0.192186
0.191074
0.189956
0.188832
0.187701
0.186565
0.185422
0.184274
0.183121
0.181962
0.180799
0.179632
0.17846
0.177284
0.176105
0.174923
0.173737
0.172549
0.171358
0.170165
0.168972
0.167779
0.166588
0.165403
0.164227
0.163065
0.161926
0.16082
0.15976
0.158763
0.157853
0.157057
0.15641
0.155956
0.155748
0.155852
0.156349
0.157335
0.158931
0.16128
0.164555
0.168961
0.174731
0.182124
0.19141
0.202842
0.216627
0.232873
0.251546
0.272424
0.295069
0.318833
0.342895
0.366328
0.388184
0.407577
0.423767
0.436247
0.444763
0.449361
0.450197
0.447829
0.442097
0.435509
0.419892
0.22527
0.224361
0.223445
0.222519
0.221585
0.220642
0.21969
0.218728
0.217758
0.216779
0.21579
0.214791
0.213784
0.212767
0.21174
0.210703
0.209657
0.208602
0.207537
0.206462
0.205378
0.204284
0.203181
0.202069
0.200948
0.199819
0.198681
0.197536
0.196382
0.195222
0.194055
0.192883
0.191706
0.190525
0.18934
0.188154
0.186967
0.185781
0.184598
0.183419
0.182246
0.181082
0.179929
0.17879
0.177667
0.176566
0.175488
0.174439
0.173424
0.172448
0.171518
0.170641
0.169827
0.169086
0.168431
0.167878
0.167444
0.167153
0.167031
0.16711
0.16743
0.168036
0.168984
0.170337
0.172171
0.174574
0.177646
0.181502
0.186272
0.192103
0.199157
0.207615
0.217668
0.229519
0.243366
0.259389
0.277725
0.29843
0.321445
0.346554
0.373357
0.401261
0.429498
0.45718
0.483376
0.507214
0.527971
0.545144
0.558466
0.567885
0.573494
0.575464
0.574042
0.569523
0.56233
0.552728
0.54142
0.527787
0.515102
0.491237
0.224276
0.223328
0.222371
0.221405
0.220432
0.21945
0.218461
0.217463
0.216459
0.215448
0.21443
0.213406
0.212376
0.211342
0.210303
0.209261
0.208217
0.207171
0.206125
0.20508
0.204038
0.203001
0.201969
0.200946
0.199933
0.198934
0.19795
0.196986
0.196044
0.19513
0.194246
0.193398
0.192592
0.191833
0.191128
0.190484
0.18991
0.189414
0.189008
0.188701
0.188506
0.188438
0.188512
0.188744
0.189154
0.189764
0.190596
0.191676
0.193034
0.1947
0.196712
0.199107
0.20193
0.205228
0.209055
0.213471
0.21854
0.224335
0.230935
0.238425
0.2469
0.256458
0.267202
0.279239
0.292673
0.307603
0.324114
0.342275
0.362125
0.383666
0.40685
0.431571
0.457644
0.484796
0.512648
0.540709
0.568371
0.594932
0.619633
0.641729
0.660564
0.675653
0.686735
0.693793
0.697029
0.696803
0.693562
0.687769
0.679857
0.670199
0.659076
0.64666
0.633075
0.618442
0.603046
0.586952
0.570706
0.553212
0.538073
0.511466
0.246163
0.246223
0.246308
0.24642
0.246561
0.246732
0.246934
0.247169
0.24744
0.247747
0.248094
0.248483
0.248917
0.249398
0.249929
0.250515
0.251159
0.251865
0.252638
0.253482
0.254402
0.255404
0.256494
0.257678
0.258963
0.260358
0.261869
0.263505
0.265277
0.267193
0.269266
0.271507
0.273929
0.276546
0.279373
0.282428
0.285728
0.289294
0.293147
0.297311
0.301813
0.306681
0.311947
0.317645
0.323814
0.330494
0.337731
0.345574
0.354075
0.363292
0.373285
0.38412
0.395862
0.408584
0.422354
0.437244
0.45332
0.470644
0.489268
0.509228
0.530544
0.553204
0.577164
0.602333
0.628564
0.655643
0.683276
0.711078
0.738569
0.765176
0.790237
0.813035
0.83283
0.848921
0.860714
0.867789
0.869965
0.867324
0.860207
0.849166
0.834882
0.818074
0.799426
0.779523
0.758842
0.737748
0.716522
0.695391
0.674565
0.654246
0.634621
0.615789
0.597721
0.580248
0.563278
0.54644
0.530256
0.513455
0.499728
0.475777
0.546082
0.550865
0.555502
0.559984
0.564306
0.568462
0.572445
0.576249
0.579871
0.583303
0.586541
0.58958
0.592414
0.595038
0.597447
0.599635
0.601598
0.60333
0.604827
0.606082
0.607089
0.607845
0.608341
0.608573
0.608534
0.608218
0.607618
0.606727
0.605537
0.604041
0.602232
0.600102
0.597642
0.594844
0.591701
0.588205
0.584348
0.580123
0.575524
0.570545
0.565182
0.559432
0.553293
0.546768
0.53986
0.532575
0.524925
0.516924
0.50859
0.499949
0.49103
0.481869
0.472508
0.462996
0.45339
0.443754
0.434159
0.424685
0.415419
0.40646
0.397912
0.389893
0.382528
0.375955
0.37032
0.365776
0.362476
0.360565
0.36016
0.361329
0.364061
0.368241
0.373619
0.37981
0.386312
0.392553
0.397963
0.402051
0.404471
0.405058
0.403827
0.400948
0.396689
0.391372
0.385316
0.378804
0.372061
0.365254
0.358503
0.351915
0.345603
0.33969
0.334271
0.329271
0.324583
0.320068
0.315857
0.311612
0.308362
0.302542
0.0247425
0.0378281
0.0457362
0.0478183
0.0464217
0.0429238
0.038959
0.0427069
0.069331
0.105794
0.142577
0.178397
0.213008
0.246274
0.278133
0.308576
0.337646
0.365433
0.392073
0.417738
0.442623
0.466931
0.490859
0.514582
0.538248
0.561968
0.585821
0.609848
0.634061
0.658442
0.682946
0.707502
0.732023
0.756414
0.78058
0.804439
0.82794
0.851092
0.87395
0.896336
0.918019
0.938936
0.958984
0.978044
0.995991
1.01269
1.02802
1.04185
1.05405
1.06449
1.07307
1.07968
1.08424
1.08667
1.08692
1.08495
1.08076
1.07438
1.06583
1.05521
1.04262
1.02821
1.01219
0.995203
0.979502
0.968635
0.958201
0.946915
0.934677
0.921599
0.907818
0.893466
0.87866
0.863504
0.848078
0.832445
0.816646
0.800702
0.784615
0.76837
0.751937
0.735276
0.718336
0.701066
0.68341
0.665322
0.646767
0.627726
0.608212
0.588271
0.567995
0.547523
0.527048
0.506805
0.487055
0.468094
0.450196
0.43337
0.419516
0.399237
0.0536145
0.0900415
0.103627
0.10482
0.103294
0.110173
0.132872
0.16962
0.214603
0.262439
0.31184
0.362832
0.415378
0.469296
0.524234
0.579701
0.635153
0.690093
0.744156
0.797151
0.849071
0.900056
0.950351
1.00026
1.05008
1.1001
1.15056
1.20164
1.25344
1.30603
1.35938
1.41343
1.46805
1.52307
1.57825
1.63331
1.68791
1.74163
1.79416
1.84566
1.89633
1.94601
1.99447
2.04148
2.08676
2.13003
2.171
2.20938
2.24487
2.27718
2.30604
2.33118
2.35235
2.36934
2.38196
2.39006
2.39355
2.39239
2.38659
2.37622
2.36142
2.34239
2.3194
2.29283
2.2633
2.23147
2.19734
2.16101
2.12274
2.08281
2.0415
1.99905
1.95565
1.91145
1.86655
1.82097
1.77472
1.72774
1.67997
1.63129
1.5816
1.53075
1.47864
1.42515
1.37023
1.31381
1.25592
1.19664
1.13611
1.07458
1.01241
0.95003
0.888058
0.827033
0.767872
0.710869
0.657529
0.606329
0.564416
0.502447
0.077451
0.1417
0.158017
0.163249
0.171256
0.191967
0.228444
0.275637
0.328077
0.383973
0.443329
0.506001
0.571511
0.639166
0.708154
0.777635
0.846841
0.915167
0.982222
1.04784
1.11208
1.17512
1.23728
1.2989
1.36032
1.42186
1.48378
1.54629
1.6095
1.67348
1.73825
1.80376
1.86993
1.93663
2.00372
2.07103
2.13838
2.20558
2.27242
2.33857
2.40376
2.46768
2.52996
2.59023
2.64812
2.70324
2.75522
2.80367
2.84822
2.88852
2.92421
2.95499
2.98058
3.00073
3.01525
3.02399
3.02689
3.02392
3.01516
3.00071
2.98079
2.95565
2.92563
2.89113
2.85265
2.81069
2.76563
2.71777
2.66749
2.6151
2.56093
2.50524
2.44825
2.3901
2.33088
2.27063
2.20932
2.14687
2.08318
2.01811
1.95152
1.88324
1.81315
1.74113
1.66711
1.59109
1.51315
1.43344
1.35226
1.27002
1.1873
1.10479
1.02338
0.943916
0.86758
0.794968
0.727678
0.664448
0.612287
0.539733
0.094265
0.18284
0.208951
0.221522
0.236344
0.262332
0.301459
0.350232
0.405176
0.464815
0.52852
0.59566
0.665538
0.737459
0.810751
0.884782
0.958983
1.03289
1.10619
1.1787
1.25043
1.3215
1.39213
1.4626
1.53321
1.60426
1.67598
1.74858
1.8222
1.89692
1.97276
2.04968
2.12758
2.20633
2.28575
2.36559
2.44559
2.52544
2.60475
2.6831
2.76009
2.83529
2.90826
2.97853
3.04563
3.1091
3.16847
3.22328
3.27311
3.31754
3.35622
3.38881
3.41504
3.4347
3.44763
3.45375
3.45306
3.44565
3.43165
3.41132
3.38494
3.35287
3.31554
3.27339
3.22693
3.17666
3.12302
3.06644
3.00729
2.94592
2.88264
2.81768
2.75122
2.6834
2.61425
2.54377
2.47189
2.3985
2.32346
2.24659
2.16772
2.08665
2.00325
1.9174
1.82904
1.73822
1.64508
1.54989
1.4531
1.35533
1.25738
1.16024
1.06511
0.973171
0.885866
0.804092
0.729456
0.661005
0.604945
0.531216
0.104569
0.211327
0.247087
0.267499
0.287827
0.316056
0.354752
0.402418
0.456722
0.516016
0.579261
0.645741
0.714949
0.786487
0.859995
0.935092
1.01138
1.08847
1.16603
1.24383
1.32174
1.39977
1.47803
1.5567
1.63599
1.71615
1.79738
1.87985
1.96368
2.04893
2.13558
2.22356
2.31273
2.40288
2.49375
2.58501
2.67629
2.7671
2.85695
2.94533
3.03176
3.1157
3.19661
3.27394
3.34714
3.41564
3.47893
3.53649
3.58786
3.63261
3.67038
3.70087
3.72387
3.73922
3.74689
3.7469
3.7394
3.7246
3.70281
3.67442
3.63985
3.59961
3.55421
3.50417
3.45004
3.39233
3.33152
3.26801
3.20217
3.1343
3.06463
2.99333
2.92051
2.84621
2.77039
2.69299
2.61386
2.53284
2.44974
2.36433
2.27641
2.18577
2.09226
1.99578
1.89631
1.79395
1.68895
1.58172
1.47287
1.36327
1.254
1.14636
1.04189
0.942129
0.84876
0.762941
0.686199
0.617795
0.562766
0.494318
0.110791
0.22635
0.270396
0.298095
0.323671
0.354116
0.392312
0.438049
0.489882
0.546407
0.606678
0.670176
0.736668
0.806048
0.87821
0.952968
1.03005
1.10913
1.18986
1.27195
1.3552
1.4395
1.52484
1.61128
1.69894
1.78795
1.87844
1.97051
2.0642
2.15951
2.25634
2.35456
2.45395
2.55421
2.65498
2.75583
2.85627
2.95571
3.05354
3.14917
3.24199
3.33138
3.41672
3.49738
3.57274
3.64219
3.70517
3.76115
3.80966
3.85032
3.8828
3.90689
3.92247
3.92953
3.92816
3.91859
3.90112
3.87617
3.84424
3.80589
3.76174
3.7124
3.65853
3.60071
3.53954
3.47552
3.40909
3.34063
3.2704
3.19861
3.12537
3.05072
2.97464
2.89705
2.81781
2.73672
2.65358
2.56813
2.48012
2.38928
2.29539
2.19822
2.09764
1.99357
1.88606
1.7753
1.66166
1.54573
1.42836
1.31066
1.19403
1.08013
0.970829
0.868001
0.773524
0.688701
0.614825
0.551182
0.501321
0.442851
0.114528
0.232862
0.28229
0.315767
0.346122
0.379162
0.417496
0.461517
0.510512
0.563597
0.620185
0.680062
0.743271
0.809959
0.880234
0.954091
1.03138
1.11186
1.19521
1.28112
1.3693
1.45955
1.55173
1.64577
1.74165
1.83934
1.93886
2.04017
2.1432
2.24782
2.35385
2.46104
2.56906
2.67752
2.78595
2.89382
3.00051
3.10535
3.20766
3.30675
3.40193
3.49251
3.57782
3.65717
3.72992
3.79546
3.85323
3.90273
3.94354
3.97536
3.99796
4.01126
4.01528
4.01021
3.99633
3.97406
3.94395
3.90664
3.86284
3.81332
3.75885
3.70023
3.63818
3.57338
3.50641
3.43775
3.36778
3.29675
3.22481
3.15199
3.07825
3.00344
2.92738
2.84982
2.77046
2.689
2.60512
2.51846
2.42873
2.3356
2.23883
2.1382
2.03361
1.92504
1.81264
1.69671
1.5778
1.4567
1.33453
1.21269
1.09295
0.977301
0.867947
0.767016
0.67645
0.597485
0.530954
0.475894
0.434197
0.388268
0.115232
0.232522
0.285822
0.323853
0.358388
0.394229
0.433482
0.476687
0.523606
0.573863
0.627292
0.684019
0.744369
0.808728
0.877413
0.950596
1.02827
1.11029
1.19638
1.28621
1.37945
1.47577
1.57489
1.67657
1.78058
1.88674
1.99485
2.10472
2.2161
2.32872
2.44227
2.55636
2.67056
2.78436
2.8972
3.00844
3.1174
3.22337
3.3256
3.42335
3.5159
3.60252
3.68253
3.75526
3.82007
3.8764
3.92375
3.96169
3.98993
4.00826
4.01662
4.01511
4.00394
3.98351
3.95433
3.91708
3.87254
3.82158
3.76513
3.70416
3.63963
3.57243
3.50338
3.43317
3.36236
3.29137
3.22045
3.14969
3.07905
3.00837
2.93737
2.86573
2.79303
2.71883
2.64269
2.56415
2.48275
2.39808
2.30974
2.21742
2.12083
2.0198
1.91428
1.80433
1.69023
1.57244
1.45172
1.32912
1.20604
1.08425
0.965837
0.853154
0.748642
0.654527
0.572584
0.503664
0.44787
0.403743
0.371615
0.338443
0.114694
0.229965
0.285001
0.326176
0.364129
0.402799
0.443752
0.487414
0.533751
0.582729
0.634539
0.689623
0.748573
0.812006
0.880436
0.954204
1.03344
1.11808
1.20787
1.30247
1.40144
1.50432
1.61062
1.71988
1.83166
1.94554
2.0611
2.17794
2.29564
2.41378
2.53189
2.64948
2.76601
2.88089
2.99349
3.10317
3.20921
3.31088
3.40745
3.49819
3.58237
3.6593
3.72833
3.78885
3.8403
3.88218
3.91412
3.93582
3.94712
3.948
3.93857
3.91914
3.89015
3.85223
3.80615
3.75282
3.69326
3.62857
3.5599
3.48838
3.41509
3.34102
3.26702
3.19377
3.12175
3.05125
2.98237
2.91499
2.84885
2.78355
2.71858
2.65335
2.58725
2.51962
2.44984
2.3773
2.30143
2.22172
2.13775
2.04914
1.95566
1.85717
1.75369
1.64542
1.53277
1.41644
1.2974
1.17702
1.05702
0.939514
0.826936
0.721886
0.626883
0.543979
0.474432
0.418363
0.374968
0.34224
0.319376
0.297277
0.112734
0.224588
0.281233
0.32519
0.366498
0.408544
0.452476
0.498528
0.546693
0.597118
0.650225
0.706683
0.76728
0.832795
0.903874
0.980955
1.06423
1.15364
1.24891
1.34957
1.45504
1.56464
1.67767
1.79342
1.91123
2.03044
2.15045
2.2707
2.39062
2.50968
2.62731
2.74296
2.85607
2.96604
3.07227
3.17412
3.27092
3.36201
3.44669
3.52429
3.59415
3.65565
3.70822
3.75134
3.78457
3.80753
3.81998
3.82179
3.81297
3.7937
3.76429
3.72528
3.67734
3.62133
3.55827
3.48928
3.41562
3.33857
3.25944
3.17948
3.09985
3.02158
2.9455
2.8722
2.80207
2.73522
2.67154
2.6107
2.55219
2.49535
2.43941
2.38356
2.32693
2.26869
2.20803
2.14419
2.07652
2.00441
1.92741
1.84515
1.75742
1.66416
1.5655
1.46178
1.35362
1.24194
1.12802
1.01351
0.900499
0.79142
0.688953
0.59577
0.514167
0.445634
0.390571
0.348167
0.316817
0.294222
0.279061
0.265423
0.110994
0.220003
0.27734
0.324352
0.370104
0.41759
0.467636
0.520227
0.575204
0.632646
0.692946
0.756749
0.824809
0.897849
0.976448
1.06096
1.15148
1.24783
1.34961
1.45619
1.56682
1.68069
1.79694
1.91472
2.03327
2.15185
2.2698
2.38646
2.50128
2.6137
2.72321
2.82928
2.93141
3.02906
3.12168
3.20871
3.28958
3.36367
3.4304
3.48917
3.53941
3.58061
3.61229
3.63404
3.64555
3.6466
3.63708
3.61705
3.5867
3.54639
3.49668
3.4383
3.37214
3.29929
3.22095
3.13846
3.05323
2.96667
2.8802
2.79511
2.71259
2.63361
2.55893
2.48902
2.42409
2.36407
2.30864
2.25722
2.20907
2.16327
2.11884
2.07471
2.02983
1.98318
1.93378
1.88078
1.82341
1.76102
1.69314
1.61942
1.5397
1.45401
1.36263
1.26608
1.1652
1.06117
0.955572
0.85039
0.748008
0.651091
0.562365
0.484251
0.418435
0.365499
0.324841
0.294882
0.273636
0.258935
0.249458
0.241694
0.10828
0.214847
0.275886
0.330309
0.387029
0.448861
0.515936
0.587308
0.66183
0.738694
0.817574
0.898549
0.981955
1.06822
1.15772
1.2507
1.34721
1.44711
1.55008
1.65559
1.76298
1.87163
1.98085
2.08991
2.19813
2.30491
2.40972
2.51206
2.61145
2.70742
2.79954
2.88735
2.97039
3.04819
3.12028
3.18616
3.2453
3.29718
3.3413
3.37712
3.40419
3.42206
3.43036
3.42881
3.41722
3.3955
3.36372
3.32209
3.27099
3.21098
3.1428
3.06738
2.98579
2.89931
2.80929
2.7172
2.62454
2.53278
2.44333
2.35749
2.27633
2.20072
2.13128
2.06829
2.01178
1.96148
1.91684
1.87709
1.84127
1.80828
1.77693
1.74599
1.71424
1.6805
1.6437
1.60288
1.55719
1.50598
1.44875
1.3852
1.31524
1.23904
1.15701
1.06988
0.978733
0.885018
0.790608
0.697767
0.609069
0.52719
0.454582
0.393034
0.343309
0.305002
0.276765
0.256721
0.243003
0.233871
0.228256
0.224317
0.105883
0.218925
0.296823
0.381603
0.480207
0.591243
0.708975
0.827393
0.942216
1.05129
1.15418
1.25142
1.3441
1.43344
1.5206
1.60652
1.69191
1.77729
1.86296
1.94882
2.03468
2.12027
2.20526
2.28939
2.37227
2.45352
2.53273
2.60947
2.6833
2.7538
2.82051
2.88297
2.94074
2.99334
3.04029
3.08111
3.1153
3.14238
3.16187
3.17331
3.1763
3.17049
3.1556
3.13144
3.09795
3.05518
3.00336
2.94285
2.87421
2.79815
2.7156
2.62763
2.53548
2.44052
2.34422
2.24807
2.15357
2.06215
1.97514
1.89366
1.81865
1.75075
1.69036
1.63756
1.59217
1.55372
1.52152
1.49463
1.47199
1.45237
1.43447
1.41698
1.39857
1.37799
1.35408
1.32582
1.29233
1.25295
1.20718
1.15479
1.09578
1.03043
0.959327
0.883403
0.803969
0.722731
0.641784
0.563536
0.490531
0.425148
0.36921
0.323623
0.288226
0.261944
0.243196
0.230278
0.221724
0.216282
0.213167
0.211622
0.102775
0.284436
0.482275
0.708069
0.936465
1.14656
1.3275
1.47743
1.59962
1.69938
1.78208
1.85187
1.91229
1.9662
2.01584
2.06291
2.10867
2.15394
2.1992
2.2449
2.29123
2.3382
2.38565
2.43336
2.48102
2.52827
2.57466
2.61974
2.66301
2.70394
2.74201
2.77669
2.80743
2.83371
2.85499
2.87075
2.8805
2.88375
2.88004
2.86896
2.85017
2.82338
2.78841
2.74518
2.69375
2.63431
2.56723
2.49301
2.41238
2.3262
2.23552
2.14155
2.0456
1.94908
1.85345
1.76016
1.67058
1.58597
1.50742
1.43581
1.37176
1.31565
1.26759
1.22744
1.19482
1.16915
1.14964
1.13534
1.12518
1.11794
1.11235
1.1071
1.10086
1.09237
1.08045
1.06405
1.04228
1.01448
0.980195
0.939223
0.891658
0.837902
0.778699
0.71516
0.648784
0.581438
0.515301
0.452704
0.395878
0.346608
0.305912
0.273882
0.249788
0.232383
0.220272
0.212148
0.206977
0.203904
0.20237
0.202282
0.108542
0.852645
1.49098
1.90639
2.14471
2.26868
2.32779
2.35394
2.36484
2.36879
2.36905
2.36724
2.36429
2.36106
2.35837
2.35696
2.35733
2.35978
2.3644
2.37117
2.38002
2.39081
2.4034
2.41754
2.43294
2.44923
2.46596
2.48262
2.49864
2.51345
2.52643
2.53699
2.54451
2.54842
2.54816
2.54318
2.53298
2.51709
2.4951
2.46664
2.43144
2.38931
2.34017
2.28407
2.22118
2.15186
2.07659
1.99606
1.91111
1.82272
1.73204
1.64032
1.54888
1.45907
1.37222
1.28957
1.21225
1.14116
1.07704
1.02036
0.971363
0.93008
0.896334
0.869783
0.849942
0.836203
0.827846
0.824046
0.823873
0.826297
0.830204
0.83441
0.837701
0.838875
0.836789
0.830409
0.81886
0.80147
0.777808
0.747722
0.711366
0.669236
0.622184
0.571436
0.518577
0.465489
0.414229
0.36681
0.324922
0.289658
0.261356
0.239646
0.223669
0.212353
0.204654
0.199652
0.196655
0.195085
0.194541
0.195319
)
;

boundaryField
{
    outlet
    {
        type            zeroGradient;
    }
    inlet
    {
        type            fixedValue;
        value           uniform 0.26;
    }
    lowerWall
    {
        type            kqRWallFunction;
        value           nonuniform List<scalar> 
148
(
0.288909
0.351398
0.415005
0.477466
0.53686
0.591558
0.640373
0.682632
0.71813
0.747039
0.769805
0.787044
0.799457
0.807762
0.81265
0.814756
0.814642
0.812795
0.809626
0.805477
0.800629
0.795308
0.789693
0.783926
0.778118
0.772351
0.766685
0.761178
0.755794
0.750857
0.744888
0.744995
0.716879
0.0247425
0.0536145
0.077451
0.094265
0.104569
0.110791
0.114528
0.115232
0.114694
0.112734
0.110994
0.10828
0.105883
0.102775
0.108542
0.0247425
0.0378281
0.0457362
0.0478183
0.0464217
0.0429238
0.038959
0.0427069
0.069331
0.105794
0.142577
0.178397
0.213008
0.246274
0.278133
0.308576
0.337646
0.365433
0.392073
0.417738
0.442623
0.466931
0.490859
0.514582
0.538248
0.561968
0.585821
0.609848
0.634061
0.658442
0.682946
0.707502
0.732023
0.756414
0.78058
0.804439
0.82794
0.851092
0.87395
0.896336
0.918019
0.938936
0.958984
0.978044
0.995991
1.01269
1.02802
1.04185
1.05405
1.06449
1.07307
1.07968
1.08424
1.08667
1.08692
1.08495
1.08076
1.07438
1.06583
1.05521
1.04262
1.02821
1.01219
0.995203
0.979502
0.968635
0.958201
0.946915
0.934677
0.921599
0.907818
0.893466
0.87866
0.863504
0.848078
0.832445
0.816646
0.800702
0.784615
0.76837
0.751937
0.735276
0.718336
0.701066
0.68341
0.665322
0.646767
0.627726
0.608212
0.588271
0.567995
0.547523
0.527048
0.506805
0.487055
0.468094
0.450196
0.43337
0.419516
0.399237
)
;
    }
    upperWall
    {
        type            kqRWallFunction;
        value           nonuniform List<scalar> 
133
(
0.266719
0.280569
0.294241
0.307622
0.320668
0.333362
0.345692
0.357649
0.369224
0.380412
0.39121
0.401618
0.411636
0.421268
0.430518
0.439392
0.447897
0.456042
0.463834
0.471284
0.478401
0.485196
0.491679
0.497862
0.503754
0.509367
0.514711
0.519797
0.524636
0.529238
0.533613
0.53777
0.541724
0.546082
0.550865
0.555502
0.559984
0.564306
0.568462
0.572445
0.576249
0.579871
0.583303
0.586541
0.58958
0.592414
0.595038
0.597447
0.599635
0.601598
0.60333
0.604827
0.606082
0.607089
0.607845
0.608341
0.608573
0.608534
0.608218
0.607618
0.606727
0.605537
0.604041
0.602232
0.600102
0.597642
0.594844
0.591701
0.588205
0.584348
0.580123
0.575524
0.570545
0.565182
0.559432
0.553293
0.546768
0.53986
0.532575
0.524925
0.516924
0.50859
0.499949
0.49103
0.481869
0.472508
0.462996
0.45339
0.443754
0.434159
0.424685
0.415419
0.40646
0.397912
0.389893
0.382528
0.375955
0.37032
0.365776
0.362476
0.360565
0.36016
0.361329
0.364061
0.368241
0.373619
0.37981
0.386312
0.392553
0.397963
0.402051
0.404471
0.405058
0.403827
0.400948
0.396689
0.391372
0.385316
0.378804
0.372061
0.365254
0.358503
0.351915
0.345603
0.33969
0.334271
0.329271
0.324583
0.320068
0.315857
0.311612
0.308362
0.302542
)
;
    }
    frontAndBack
    {
        type            empty;
    }
}


// ************************************************************************* //
