/*--------------------------------*- C++ -*----------------------------------*\
| =========                 |                                                 |
| \\      /  F ield         | OpenFOAM: The Open Source CFD Toolbox           |
|  \\    /   O peration     | Version:  2.1.1                                 |
|   \\  /    A nd           | Web:      www.OpenFOAM.org                      |
|    \\/     M anipulation  |                                                 |
\*---------------------------------------------------------------------------*/
FoamFile
{
    version     2.0;
    format      ascii;
    class       volScalarField;
    location    "0.145";
    object      p;
}
// * * * * * * * * * * * * * * * * * * * * * * * * * * * * * * * * * * * * * //

dimensions      [0 2 -2 0 0 0 0];

internalField   nonuniform List<scalar> 
6820
(
13.5334
-4.30197
-7.30966
-7.49575
-7.66667
-7.59054
-7.52992
-7.53714
-7.57772
-7.63633
-7.70438
-7.77651
-7.85015
-7.92403
-7.99739
-8.06973
-8.14065
-8.2098
-8.27684
-8.34147
-8.40339
-8.46228
-8.51785
-8.56979
-8.6178
-8.66158
-8.7009
-8.73524
-8.76531
-8.78806
-8.8128
-8.81222
-8.86838
6.85219
-4.12083
-6.99847
-7.29756
-7.54841
-7.56833
-7.54424
-7.56263
-7.60496
-7.66064
-7.72476
-7.7933
-7.86396
-7.93552
-8.00716
-8.07825
-8.1483
-8.21686
-8.28353
-8.34796
-8.40979
-8.4687
-8.52436
-8.57646
-8.62468
-8.6687
-8.70829
-8.74298
-8.77309
-8.7968
-8.81987
-8.82712
-8.87337
4.13742
-2.69059
-5.9781
-6.7351
-7.20166
-7.39638
-7.45108
-7.50231
-7.56408
-7.63218
-7.70504
-7.78028
-7.85607
-7.93143
-8.00578
-8.07878
-8.15016
-8.21964
-8.28697
-8.35188
-8.41411
-8.47337
-8.5294
-8.58191
-8.63063
-8.67524
-8.7155
-8.75093
-8.78158
-8.8055
-8.82446
-8.82438
-8.80809
2.15187
-2.46354
-5.55668
-6.41508
-6.88551
-7.15939
-7.28435
-7.37982
-7.47283
-7.56166
-7.64776
-7.73205
-7.81461
-7.89547
-7.9745
-8.05154
-8.12646
-8.19913
-8.26937
-8.33699
-8.40181
-8.46361
-8.52218
-8.57731
-8.62876
-8.67631
-8.7197
-8.75854
-8.79253
-8.82008
-8.84024
-8.84485
-8.82555
0.516091
-2.56431
-5.16533
-6.068
-6.57427
-6.92751
-7.12276
-7.258
-7.37579
-7.48162
-7.57975
-7.67339
-7.76327
-7.84979
-7.93353
-8.01465
-8.09317
-8.16906
-8.24226
-8.31269
-8.38026
-8.44485
-8.50636
-8.56466
-8.61963
-8.67113
-8.71901
-8.76299
-8.80274
-8.83712
-8.86478
-8.88172
-8.88129
-0.706875
-2.7456
-4.91488
-5.85831
-6.38374
-6.7642
-6.99453
-7.15277
-7.2869
-7.40578
-7.51384
-7.61507
-7.71127
-7.80324
-7.89146
-7.97636
-8.0582
-8.13711
-8.21318
-8.28642
-8.35684
-8.42442
-8.48915
-8.55102
-8.61002
-8.66613
-8.71937
-8.76964
-8.81687
-8.86058
-8.90037
-8.93518
-8.96523
-1.65794
-3.03239
-4.79799
-5.7042
-6.21735
-6.60616
-6.8668
-7.05071
-7.2031
-7.33575
-7.45398
-7.56281
-7.66495
-7.76165
-7.85383
-7.94219
-8.02714
-8.10893
-8.18772
-8.26361
-8.3367
-8.40706
-8.47475
-8.53987
-8.60251
-8.66278
-8.72084
-8.77681
-8.8309
-8.88321
-8.93412
-8.98419
-9.03576
-2.40432
-3.33896
-4.74727
-5.58897
-6.09066
-6.4812
-6.76074
-6.96212
-7.12679
-7.26925
-7.39546
-7.51071
-7.61818
-7.7195
-7.81574
-7.9077
-7.9959
-8.08066
-8.16226
-8.2409
-8.31674
-8.38995
-8.46069
-8.52914
-8.59549
-8.66001
-8.72297
-8.78472
-8.84573
-8.90655
-8.96819
-9.03201
-9.10124
-2.99697
-3.64303
-4.75792
-5.51946
-5.99881
-6.37785
-6.66396
-6.87714
-7.0521
-7.20368
-7.33782
-7.45962
-7.57255
-7.67852
-7.77878
-7.87426
-7.96561
-8.05331
-8.13769
-8.21905
-8.29763
-8.37368
-8.44743
-8.51916
-8.58916
-8.65778
-8.72547
-8.79275
-8.8603
-8.92902
-9.00027
-9.0758
-9.15901
-3.47375
-3.92897
-4.80647
-5.47944
-5.92991
-6.29324
-6.58041
-6.80176
-6.98454
-7.14313
-7.28353
-7.41072
-7.52828
-7.63831
-7.74221
-7.84099
-7.9354
-8.02595
-8.11308
-8.19714
-8.27844
-8.3573
-8.43403
-8.50898
-8.58253
-8.65515
-8.72738
-8.7999
-8.87356
-8.94945
-9.02912
-9.11442
-9.20861
-3.86156
-4.18909
-4.87912
-5.46507
-5.88324
-6.22745
-6.50948
-6.73392
-6.92139
-7.08502
-7.23059
-7.36263
-7.48458
-7.5986
-7.70612
-7.8082
-7.90565
-7.99907
-8.08894
-8.17568
-8.25968
-8.3413
-8.42093
-8.49899
-8.57594
-8.65231
-8.72875
-8.80603
-8.8851
-8.96713
-9.05373
-9.14669
-9.24893
-4.18004
-4.42102
-4.96498
-5.46949
-5.85288
-6.17581
-6.44894
-6.67331
-6.86357
-7.03092
-7.18067
-7.31681
-7.44259
-7.56015
-7.67095
-7.77607
-7.87637
-7.9725
-8.06499
-8.1543
-8.24088
-8.32514
-8.40753
-8.48851
-8.56861
-8.64843
-8.72865
-8.8101
-8.89379
-8.98089
-9.07294
-9.17157
-9.27931
-4.44353
-4.62485
-5.05595
-5.48738
-5.83575
-6.1368
-6.39865
-6.6201
-6.81099
-6.98042
-7.13311
-7.27254
-7.40162
-7.52239
-7.63626
-7.74431
-7.84739
-7.94617
-8.04122
-8.13306
-8.22214
-8.30894
-8.39394
-8.47765
-8.56064
-8.64353
-8.72705
-8.81204
-8.89948
-8.99051
-9.08652
-9.18894
-9.29988
-4.66258
-4.80202
-5.14638
-5.51413
-5.82847
-6.10762
-6.3567
-6.57313
-6.76303
-6.93339
-7.08818
-7.23029
-7.36224
-7.4859
-7.60258
-7.71334
-7.81902
-7.9203
-8.01777
-8.11196
-8.20338
-8.29252
-8.3799
-8.46605
-8.55156
-8.63708
-8.72333
-8.81112
-8.9014
-8.99521
-9.09376
-9.19825
-9.31041
-4.84503
-4.95453
-5.23235
-5.54581
-5.82819
-6.08619
-6.32194
-6.53201
-6.71965
-6.88989
-7.04589
-7.19
-7.32431
-7.45047
-7.56969
-7.68296
-7.79107
-7.89471
-7.99448
-8.0909
-8.18451
-8.27582
-8.36536
-8.45367
-8.54135
-8.62904
-8.71744
-8.80734
-8.89957
-8.99507
-9.09488
-9.19995
-9.31165
-4.99674
-5.08444
-5.31123
-5.5792
-5.8324
-6.07043
-6.29288
-6.49573
-6.68016
-6.84948
-7.00603
-7.15162
-7.2879
-7.41627
-7.53781
-7.65339
-7.76378
-7.86962
-7.97151
-8.06999
-8.16558
-8.2588
-8.3502
-8.44032
-8.52974
-8.61909
-8.70903
-8.80027
-8.89357
-8.98972
-9.08959
-9.19393
-9.30376
-5.12212
-5.1937
-5.3813
-5.61168
-5.83886
-6.05846
-6.26815
-6.46348
-6.64413
-6.81197
-6.96857
-7.11518
-7.25307
-7.38335
-7.50696
-7.62465
-7.73713
-7.84501
-7.94886
-8.04921
-8.14658
-8.24149
-8.33447
-8.42607
-8.51683
-8.60735
-8.69824
-8.79014
-8.88372
-8.97963
-9.07856
-9.18108
-9.28792
-5.22445
-5.28398
-5.44147
-5.64114
-5.84561
-6.04859
-6.24639
-6.43428
-6.61088
-6.7769
-6.93318
-7.08049
-7.21971
-7.35168
-7.47715
-7.59678
-7.71118
-7.82093
-7.92655
-8.02856
-8.12746
-8.22378
-8.31802
-8.41069
-8.50234
-8.59351
-8.68475
-8.77663
-8.86972
-8.96455
-9.06165
-9.16144
-9.26444
-5.30622
-5.35665
-5.49099
-5.66587
-5.85093
-6.03926
-6.22633
-6.40721
-6.5798
-6.7439
-6.89969
-7.04751
-7.18788
-7.32137
-7.44856
-7.56998
-7.68616
-7.79762
-7.90485
-8.00833
-8.10856
-8.20603
-8.30123
-8.39465
-8.48678
-8.57814
-8.66922
-8.7605
-8.85246
-8.94553
-9.04012
-9.13649
-9.23499
-5.36921
-5.41276
-5.52936
-5.68447
-5.85331
-6.02906
-6.20673
-6.38132
-6.55019
-6.71245
-6.86774
-7.01598
-7.15738
-7.29227
-7.42103
-7.54409
-7.66189
-7.77487
-7.8835
-7.98822
-8.08951
-8.18782
-8.28363
-8.37739
-8.46958
-8.56064
-8.65101
-8.74112
-8.83135
-8.92206
-9.01352
-9.10594
-9.1995
-5.41469
-5.45304
-5.55616
-5.69577
-5.85142
-6.0167
-6.18648
-6.35571
-6.52142
-6.68215
-6.83712
-6.98589
-7.12837
-7.26466
-7.39499
-7.51965
-7.639
-7.75343
-7.86333
-7.96915
-8.0713
-8.17023
-8.26639
-8.36019
-8.45208
-8.54246
-8.63172
-8.72021
-8.80827
-8.89616
-8.98409
-9.07217
-9.16051
-5.44344
-5.47794
-5.57098
-5.69874
-5.84403
-6.00099
-6.16448
-6.32946
-6.49271
-6.6524
-6.80733
-6.95677
-7.10038
-7.23807
-7.36989
-7.49605
-7.6168
-7.73248
-7.84344
-7.95009
-8.05282
-8.15205
-8.2482
-8.34166
-8.43284
-8.5221
-8.60979
-8.69622
-8.78166
-8.86632
-8.95036
-9.03385
-9.11682
-5.45585
-5.48756
-5.57333
-5.69243
-5.83003
-5.98083
-6.13977
-6.30184
-6.46364
-6.62302
-6.77848
-6.92903
-7.07411
-7.21344
-7.34694
-7.47471
-7.59693
-7.71388
-7.82587
-7.93327
-8.03646
-8.13583
-8.23176
-8.32465
-8.41485
-8.50271
-8.58853
-8.6726
-8.75514
-8.83633
-8.91627
-8.99501
-9.07254
-5.4519
-5.48174
-5.5626
-5.67586
-5.8083
-5.9551
-6.11127
-6.27181
-6.43319
-6.593
-6.74951
-6.90151
-7.04825
-7.18929
-7.32447
-7.45377
-7.57731
-7.69534
-7.80813
-7.91601
-8.01936
-8.11853
-8.21391
-8.30585
-8.3947
-8.48078
-8.56438
-8.64574
-8.72507
-8.80252
-8.87819
-8.95213
-9.0243
-5.43119
-5.45996
-5.53804
-5.64806
-5.77788
-5.92297
-6.07842
-6.23921
-6.40166
-6.56316
-6.72176
-6.87607
-7.02517
-7.1685
-7.30579
-7.43695
-7.56206
-7.68132
-7.79497
-7.90335
-8.00681
-8.10569
-8.20037
-8.2912
-8.37852
-8.46263
-8.5438
-8.62227
-8.69823
-8.77183
-8.84315
-8.91222
-8.97902
-5.3929
-5.42133
-5.49858
-5.60783
-5.73741
-5.88298
-6.0396
-6.20217
-6.36687
-6.53094
-6.69227
-6.84931
-7.00103
-7.14678
-7.28619
-7.41916
-7.54571
-7.66601
-7.78031
-7.88892
-7.99219
-8.09048
-8.18414
-8.27353
-8.35898
-8.4408
-8.51925
-8.59457
-8.66695
-8.73655
-8.80345
-8.86775
-8.92944
-5.33576
-5.36461
-5.44304
-5.55416
-5.68631
-5.83517
-5.99568
-6.16255
-6.33179
-6.50042
-6.66617
-6.82736
-6.98286
-7.13194
-7.27421
-7.40951
-7.53787
-7.65947
-7.77455
-7.88345
-7.98652
-8.08413
-8.17666
-8.26447
-8.3479
-8.42726
-8.50284
-8.57488
-8.64358
-8.70909
-8.77153
-8.83098
-8.88743
-5.25791
-5.28791
-5.36947
-5.48489
-5.62197
-5.77621
-5.94238
-6.11498
-6.28983
-6.46386
-6.63465
-6.80045
-6.96005
-7.11268
-7.25791
-7.39559
-7.52573
-7.64853
-7.76425
-7.87324
-7.97588
-8.07257
-8.1637
-8.24964
-8.33078
-8.40743
-8.4799
-8.54846
-8.61332
-8.67468
-8.73269
-8.78749
-8.83914
-5.1569
-5.18906
-5.27648
-5.39993
-5.5461
-5.71011
-5.88626
-6.0686
-6.25261
-6.43501
-6.61331
-6.78566
-6.95085
-7.10813
-7.25711
-7.39769
-7.52994
-7.6541
-7.7705
-7.87954
-7.98164
-8.07724
-8.16677
-8.25066
-8.32929
-8.40302
-8.47219
-8.53708
-8.59794
-8.65499
-8.7084
-8.7583
-8.80474
-5.02917
-5.06423
-5.15955
-5.29321
-5.45016
-5.62521
-5.81242
-6.00543
-6.1995
-6.39119
-6.57787
-6.75761
-6.92916
-7.09176
-7.24505
-7.38895
-7.5236
-7.64931
-7.76647
-7.87554
-7.97701
-8.07137
-8.15912
-8.24073
-8.31664
-8.38725
-8.45293
-8.51402
-8.57081
-8.62357
-8.67251
-8.71788
-8.7598
-4.87059
-4.91097
-5.02004
-5.17172
-5.34787
-5.54223
-5.7479
-5.95772
-6.16662
-6.37115
-6.56872
-6.75754
-6.9365
-7.105
-7.26283
-7.41006
-7.54697
-7.67397
-7.79155
-7.90029
-8.00073
-8.09346
-8.17903
-8.25795
-8.33073
-8.39782
-8.45963
-8.51652
-8.56884
-8.61688
-8.66087
-8.70105
-8.73753
-4.67371
-4.71883
-4.84189
-5.01083
-5.20472
-5.41767
-5.64231
-5.87047
-6.09648
-6.31653
-6.5278
-6.72837
-6.91711
-7.09354
-7.25755
-7.40938
-7.54946
-7.67837
-7.79677
-7.90536
-8.00484
-8.0959
-8.17919
-8.25532
-8.32485
-8.38832
-8.44619
-8.49889
-8.54682
-8.59033
-8.62975
-8.66542
-8.69755
-4.43338
-4.49313
-4.64896
-4.85594
-5.08561
-5.33098
-5.584
-5.83615
-6.08216
-6.3188
-6.54367
-6.75522
-6.9527
-7.13589
-7.30493
-7.46025
-7.60248
-7.73235
-7.85066
-7.95824
-8.05591
-8.14444
-8.22459
-8.29706
-8.36247
-8.42143
-8.47445
-8.52201
-8.56456
-8.60249
-8.63615
-8.66585
-8.69184
-4.12743
-4.18961
-4.36545
-4.5991
-4.85942
-5.13983
-5.42878
-5.71455
-5.99073
-6.2536
-6.50049
-6.72996
-6.94159
-7.13561
-7.31259
-7.47341
-7.6191
-7.75074
-7.86944
-7.97628
-8.07229
-8.15843
-8.23558
-8.30457
-8.3661
-8.42085
-8.4694
-8.51229
-8.55002
-8.58307
-8.61186
-8.63688
-8.65849
-3.76618
-3.88364
-4.14497
-4.44981
-4.76123
-5.08224
-5.40411
-5.71631
-6.01434
-6.2956
-6.55785
-6.79996
-7.02176
-7.22359
-7.40622
-7.57066
-7.71815
-7.84997
-7.96744
-8.07183
-8.16436
-8.24618
-8.31833
-8.38174
-8.43725
-8.48562
-8.5275
-8.56349
-8.59411
-8.61986
-8.64122
-8.65865
-8.67266
-3.237
-3.32828
-3.62725
-3.99983
-4.3921
-4.79669
-5.1931
-5.56752
-5.91634
-6.23763
-6.53036
-6.79505
-7.03311
-7.24624
-7.43632
-7.60529
-7.75504
-7.8874
-8.00409
-8.10669
-8.19667
-8.27533
-8.34384
-8.40326
-8.45448
-8.4983
-8.53538
-8.56634
-8.5917
-8.61199
-8.62773
-8.63963
-8.6484
-2.74191
-3.06451
-3.53297
-3.95283
-4.36438
-4.79485
-5.21602
-5.61443
-5.98848
-6.33452
-6.64957
-6.9332
-7.18627
-7.41027
-7.60723
-7.77944
-7.92929
-8.05913
-8.17116
-8.26745
-8.34986
-8.42005
-8.47949
-8.52943
-8.57095
-8.60496
-8.63218
-8.6532
-8.66844
-8.67832
-8.68303
-8.6834
-8.67953
-1.43927
-1.76125
-2.53496
-3.23564
-3.87355
-4.48183
-5.02848
-5.51329
-5.94662
-6.33232
-6.67378
-6.97531
-7.24075
-7.47343
-7.67649
-7.85282
-8.00513
-8.13597
-8.24772
-8.34257
-8.42254
-8.48944
-8.54487
-8.59023
-8.62668
-8.65522
-8.67655
-8.69118
-8.69927
-8.70095
-8.69538
-8.68385
-8.66164
-1.42686
-2.17208
-2.77725
-3.24532
-3.84679
-4.48215
-5.07481
-5.62734
-6.13355
-6.58293
-6.97457
-7.31198
-7.59937
-7.84162
-8.04401
-8.21175
-8.34967
-8.46213
-8.55301
-8.62569
-8.68306
-8.72763
-8.76148
-8.78638
-8.80379
-8.81484
-8.82039
-8.82086
-8.81618
-8.80541
-8.78578
-8.75421
-8.69699
4.82452
0.216365
-1.56834
-2.41998
-3.4235
-4.30133
-5.00406
-5.61457
-6.14923
-6.60848
-7.00134
-7.33606
-7.61904
-7.85651
-8.05441
-8.21813
-8.35253
-8.46194
-8.55016
-8.62051
-8.67584
-8.71859
-8.75086
-8.7744
-8.79071
-8.80101
-8.80641
-8.80758
-8.80565
-8.80008
-8.79371
-8.78123
-8.77443
-8.67125
-8.55289
-8.58978
-8.59774
-8.70822
-9.10268
-10.0785
-11.9858
-15.109
-19.441
-24.421
-28.8856
-31.6225
-32.1173
-30.3741
-26.2517
-19.5761
-11.3026
-3.49502
2.26298
5.57433
6.66598
5.67696
2.78407
-1.7044
-7.44598
-13.9813
-20.7925
-27.4033
-33.4447
-38.6164
-42.5904
-44.93
-45.209
-43.1331
-38.9618
-33.5546
-27.9082
-22.5482
-17.522
-12.7549
-8.32015
-4.43834
-1.27873
1.15519
2.97195
4.30415
5.26751
5.95312
6.42769
6.73675
6.90897
6.95702
6.88052
6.65533
6.23744
5.27215
2.81268
-2.33493
-10.4872
-20.5985
-30.9421
-39.5535
-44.7835
-45.7686
-42.2426
-34.4011
-23.9189
-13.7725
-6.26653
-1.58687
1.19443
2.89555
3.97281
4.66216
5.09809
5.36653
5.52535
5.61305
5.65418
5.66288
5.64521
5.60117
5.52487
5.40236
5.209
4.90423
4.40352
3.49336
1.60916
-2.17093
-8.32594
-15.8833
-22.4722
-25.2801
-23.3423
-17.1111
-10.6681
-3.40882
-2.73484
-8.75158
-8.58241
-8.57283
-8.57266
-8.71147
-9.18595
-10.2591
-12.2135
-15.2486
-19.2974
-23.8271
-27.8359
-30.2752
-30.5792
-28.6497
-24.4449
-18.1196
-10.7275
-3.94421
1.07409
4.02666
5.05274
4.27813
1.74886
-2.26578
-7.42989
-13.3557
-19.5998
-25.7371
-31.3948
-36.2392
-39.9249
-42.037
-42.223
-40.3014
-36.5798
-31.794
-26.6923
-21.681
-16.8649
-12.2812
-8.06268
-4.39854
-1.40217
0.938564
2.7153
4.03917
5.01089
5.71252
6.2056
6.53278
6.72134
6.78325
6.71762
6.49793
6.08732
5.20944
3.00052
-1.69551
-9.28239
-18.8445
-28.7137
-36.9766
-42.0307
-43.0261
-39.7021
-32.2668
-22.3974
-12.9363
-5.96565
-1.58114
1.08096
2.74989
3.82962
4.53379
4.98842
5.27609
5.45302
5.55684
5.61164
5.63136
5.62206
5.58376
5.51065
5.38898
5.19426
4.88697
4.38823
3.50695
1.73972
-1.75252
-7.42838
-14.4179
-20.5412
-23.1933
-21.5003
-15.7965
-9.96625
-3.08115
-2.77608
-8.70164
-8.61531
-8.63835
-8.70158
-8.91083
-9.45289
-10.5712
-12.5113
-15.4084
-19.1358
-23.1897
-26.6782
-28.6632
-28.622
-26.4731
-22.3336
-16.5855
-10.1934
-4.40376
-0.0575983
2.57324
3.51682
2.88857
0.702868
-2.86018
-7.50188
-12.8614
-18.5354
-24.1443
-29.3455
-33.8065
-37.1749
-39.0702
-39.2192
-37.5306
-34.2957
-30.083
-25.4469
-20.7422
-16.1451
-11.7824
-7.8081
-4.36612
-1.528
0.722377
2.45835
3.77161
4.74933
5.46499
5.97505
6.31927
6.5233
6.5986
6.54382
6.33149
5.92467
5.11572
3.14183
-1.09042
-8.05883
-16.9985
-26.3296
-34.2023
-39.0603
-40.062
-36.9516
-29.9662
-20.7788
-12.0645
-5.65908
-1.57738
0.964264
2.60031
3.68185
4.40054
4.87406
5.18144
5.37712
5.49771
5.5668
5.59807
5.59765
5.5656
5.49618
5.37588
5.18054
4.87173
4.37577
3.52231
1.86782
-1.34076
-6.53518
-12.9476
-18.5984
-21.0962
-19.6529
-14.4867
-9.26766
-2.77255
-2.79706
-8.77433
-8.74492
-8.78512
-8.89682
-9.17789
-9.79521
-10.9472
-12.8168
-15.4787
-18.7817
-22.2447
-25.0836
-26.5251
-26.1476
-23.9424
-20.1402
-15.1682
-9.77783
-4.87183
-1.10935
1.23251
2.10159
1.57073
-0.327733
-3.4728
-7.62265
-12.453
-17.5887
-22.6729
-27.3891
-31.4303
-34.4695
-36.1828
-36.3572
-34.9404
-32.1539
-28.41
-24.1509
-19.73
-15.3847
-11.2851
-7.57036
-4.34375
-1.6545
0.508844
2.20271
3.50253
4.48351
5.211
5.73638
6.09646
6.31511
6.40317
6.35904
6.15553
5.75214
4.99817
3.24547
-0.517472
-6.82432
-15.0754
-23.8088
-31.2526
-35.8969
-36.9035
-34.0245
-27.5398
-19.1016
-11.1818
-5.35583
-1.57627
0.84581
2.44798
3.53006
4.26265
4.75511
5.08267
5.29774
5.43581
5.51989
5.56336
5.57241
5.54708
5.48187
5.3636
5.16854
4.85938
4.36738
3.54157
1.99599
-0.935627
-5.6537
-11.491
-16.6726
-19.0224
-17.8323
-13.2057
-8.58533
-2.48775
-2.79737
-8.87286
-8.89481
-8.98477
-9.16825
-9.52148
-10.1754
-11.2835
-12.9767
-15.2861
-18.0383
-20.7982
-22.9644
-23.9451
-23.4299
-21.4385
-18.1799
-14.0074
-9.4938
-5.3333
-2.07819
-0.00705686
0.789585
0.337645
-1.31855
-4.08291
-7.76471
-12.093
-16.7305
-21.3346
-25.5979
-29.2368
-31.9717
-33.5393
-33.756
-32.5667
-30.1199
-26.7308
-22.7935
-18.6682
-14.616
-10.8062
-7.35125
-4.32888
-1.78031
0.298108
1.94841
3.23216
4.21375
4.95079
5.48968
5.8643
6.09663
6.19681
6.16313
5.96961
5.57151
4.86073
3.31164
0.0107068
-5.60863
-13.1159
-21.1949
-28.1686
-32.5767
-33.5842
-30.9584
-25.0282
-17.4007
-10.3081
-5.06331
-1.57984
0.724869
2.29237
3.37379
4.11976
4.63129
4.97957
5.21474
5.37104
5.47082
5.52713
5.54626
5.52826
5.46785
5.3523
5.15847
4.85022
4.36353
3.56525
2.1236
-0.542482
-4.79861
-10.0734
-14.7958
-17.0039
-16.0654
-11.9708
-7.92806
-2.22862
-2.77864
-9.00245
-9.07647
-9.21725
-9.45521
-9.85112
-10.5031
-11.5195
-12.9815
-14.8839
-17.0719
-19.2171
-20.8605
-21.5609
-21.0692
-19.3695
-16.6194
-13.1156
-9.31911
-5.78534
-2.97818
-1.16092
-0.439564
-0.818827
-2.26318
-4.68398
-7.92562
-11.7679
-15.926
-20.0859
-23.9482
-27.2407
-29.7177
-31.1546
-31.3792
-30.3279
-28.1131
-25.012
-21.3927
-17.5984
-13.8715
-10.3583
-7.15174
-4.31991
-1.90427
0.0909952
1.69622
2.96122
3.94062
4.68482
5.23532
5.62305
5.86812
5.97975
5.95625
5.77346
5.38366
4.70539
3.33442
0.471826
-4.45383
-11.1733
-18.5422
-25.0008
-29.1467
-30.1529
-27.8079
-22.487
-15.7196
-9.46591
-4.7885
-1.589
0.601739
2.13366
3.21304
3.97177
4.50251
4.87209
5.12813
5.30349
5.41977
5.48966
5.51953
5.50944
5.45444
5.34232
5.15067
4.84462
4.36455
3.59334
2.24902
-0.167507
-3.98405
-8.71784
-12.9975
-15.0719
-14.3797
-10.8
-7.30481
-1.99661
-2.74285
-9.10306
-9.21212
-9.388
-9.66116
-10.0797
-10.714
-11.6368
-12.8933
-14.4632
-16.2239
-17.913
-19.1708
-19.66
-19.1779
-17.7043
-15.3669
-12.4127
-9.21515
-6.21918
-3.80996
-2.22715
-1.58382
-1.9011
-3.15723
-5.27231
-8.11025
-11.4875
-15.1693
-18.8873
-22.3656
-25.3432
-27.5809
-28.8714
-29.0596
-28.0929
-26.0792
-23.2741
-20.0056
-16.5701
-13.174
-9.94442
-6.96865
-4.31436
-2.02542
-0.112133
1.4465
2.69015
3.66463
4.41352
4.97364
5.37299
5.6298
5.75224
5.73859
5.56695
5.18887
4.53632
3.31403
0.851647
-3.39742
-9.30365
-15.9143
-21.8132
-25.6703
-26.6747
-24.6412
-19.9797
-14.102
-8.67464
-4.53653
-1.60448
0.476225
1.97152
3.04743
3.81838
4.36854
4.76006
5.03784
5.23315
5.36679
5.45103
5.49234
5.49084
5.44191
5.33398
5.14552
4.843
4.3709
3.62634
2.37197
0.185731
-3.22061
-7.44406
-11.3047
-13.2547
-12.7984
-9.70727
-6.722
-1.79161
-2.69292
-9.19268
-9.33102
-9.53411
-9.82896
-10.2532
-10.8577
-11.6906
-12.7749
-14.0804
-15.4934
-16.8064
-17.7493
-18.0676
-17.6016
-16.3268
-14.3424
-11.8532
-9.16285
-6.62898
-4.57035
-3.20089
-2.63441
-2.90288
-3.99279
-5.83778
-8.31537
-11.2656
-14.4889
-17.7589
-20.8359
-23.482
-25.464
-26.5929
-26.7401
-25.8711
-24.0863
-21.6054
-18.7006
-15.6166
-12.5303
-9.56152
-6.7986
-4.31076
-2.14331
-0.310923
1.19973
2.41954
3.38634
4.13745
4.70517
5.11457
5.38208
5.51476
5.51062
5.35036
4.98692
4.35777
3.25496
1.14373
-2.47095
-7.5656
-13.3858
-18.6861
-22.2288
-23.2329
-21.5418
-17.5766
-12.5904
-7.95012
-4.31058
-1.6265
0.348212
1.80564
2.87664
3.6593
4.22918
4.64339
4.94384
5.16011
5.31206
5.41152
5.46504
5.47281
5.43064
5.32767
5.14341
4.84577
4.38304
3.66479
2.49272
0.515263
-2.51604
-6.26803
-9.73968
-11.5753
-11.3399
-8.7028
-6.1842
-1.61244
-2.6324
-9.26857
-9.4276
-9.64753
-9.95133
-10.3681
-10.9334
-11.6773
-12.6067
-13.685
-14.8167
-15.8397
-16.5464
-16.7401
-16.2946
-15.1884
-13.5025
-11.4064
-9.14605
-7.00866
-5.25769
-4.08132
-3.58856
-3.8186
-4.76324
-6.36919
-8.52905
-11.1
-13.9073
-16.7537
-19.4316
-21.7331
-23.4554
-24.4363
-24.561
-23.8058
-22.2544
-20.0836
-17.5123
-14.7438
-11.9357
-9.20433
-6.63885
-4.30817
-2.25766
-0.50516
0.956263
2.14986
3.10632
3.85719
4.43048
4.84836
5.12548
5.26786
5.27298
5.12417
4.77745
4.17284
3.164
1.34819
-1.69742
-6.01505
-11.0377
-15.7127
-18.92
-19.9277
-18.6033
-15.3476
-11.2198
-7.30198
-4.11158
-1.65501
0.217292
1.63547
2.70015
3.49413
4.08412
4.52188
4.84611
5.08445
5.25574
5.37138
5.43789
5.45569
5.42103
5.32382
5.14475
4.85335
4.40141
3.70925
2.61196
0.820683
-1.8746
-5.2001
-8.31768
-10.0496
-10.0159
-7.7921
-5.69345
-1.45679
-2.56538
-9.33161
-9.50513
-9.73499
-10.0396
-10.4405
-10.9618
-11.6205
-12.4134
-13.3039
-14.21
-15.0021
-15.5211
-15.6179
-15.1961
-14.2387
-12.8103
-11.049
-9.15359
-7.35609
-5.87405
-4.8709
-4.44778
-4.64722
-5.46549
-6.85969
-8.73818
-10.9751
-13.4162
-15.8878
-18.2075
-20.1959
-21.6842
-22.5302
-22.634
-21.9777
-20.627
-18.7207
-16.435
-13.9414
-11.3824
-8.86902
-6.48809
-4.30634
-2.36844
-0.694701
0.71644
1.88162
2.82521
3.57342
4.15027
4.57504
4.86068
5.01224
5.02655
4.88924
4.56049
3.98327
3.04963
1.47268
-1.08583
-4.69536
-8.94743
-12.9917
-15.853
-16.8685
-15.9195
-13.3523
-10.0123
-6.73295
-3.93849
-1.68991
0.0828122
1.46024
2.51736
3.32237
3.93301
4.39537
4.7446
5.00629
5.19809
5.33095
5.41131
5.43992
5.41353
5.3229
5.15003
4.86619
4.42646
3.76038
2.73088
1.10342
-1.29642
-4.24406
-7.04565
-8.68458
-8.83068
-6.97581
-5.24958
-1.32157
-2.49624
-9.38111
-9.56323
-9.79626
-10.0943
-10.4728
-10.9472
-11.5255
-12.1986
-12.9309
-13.6533
-14.2636
-14.6401
-14.6691
-14.2765
-13.4494
-12.2404
-10.7622
-9.17608
-7.66945
-6.4214
-5.57232
-5.21379
-5.38874
-6.09725
-7.30458
-8.93324
-10.8742
-12.9927
-15.1364
-17.1453
-18.8636
-20.1444
-20.8659
-20.9454
-20.3662
-19.1786
-17.4918
-15.4498
-13.1987
-10.8656
-8.55386
-6.34582
-4.30521
-2.47568
-0.879458
0.480543
1.61532
2.54363
3.28687
3.86528
4.29542
4.58848
4.74871
4.77232
4.64664
4.33665
3.78961
2.92026
1.53129
-0.6287
-3.62755
-7.17474
-10.6133
-13.1334
-14.1577
-13.5682
-11.6282
-8.97366
-6.23893
-3.7889
-1.73134
-0.056246
1.27898
2.32744
3.14341
3.77542
4.26361
4.6393
4.92577
5.13936
5.29058
5.38572
5.42598
5.40865
5.32543
5.15973
4.88472
4.45865
3.81884
2.85106
1.36645
-0.777727
-3.39692
-5.92177
-7.47831
-7.78116
-6.24999
-4.85044
-1.20329
-2.42939
-9.41713
-9.60311
-9.83422
-10.1208
-10.4734
-10.9011
-11.4056
-11.9747
-12.5754
-13.15
-13.6175
-13.8843
-13.8643
-13.502
-12.7887
-11.7675
-10.5301
-9.20663
-7.94852
-6.90307
-6.18982
-5.89017
-6.04547
-6.65851
-7.70123
-9.10847
-10.7863
-12.6181
-14.4712
-16.2059
-17.6853
-18.7821
-19.3922
-19.4465
-18.9277
-17.8742
-16.3738
-14.5445
-12.5102
-10.3833
-8.2581
-6.21184
-4.30481
-2.57945
-1.0594
0.24883
1.35142
2.26224
2.99831
3.57637
4.01039
4.30985
4.47824
4.5114
4.39773
4.10705
3.59213
2.78232
1.54144
-0.304057
-2.80417
-5.74611
-8.63801
-10.8393
-11.8666
-11.5912
-10.1816
-8.09295
-5.81079
-3.66002
-1.77994
-0.20126
1.09045
2.12938
2.95642
3.61079
4.12631
4.53017
4.84307
5.07989
5.25073
5.36167
5.41444
5.40697
5.33198
5.17439
4.90942
4.49838
3.8853
2.97427
1.61391
-0.311561
-2.64964
-4.93927
-6.42041
-6.85756
-5.60705
-4.49258
-1.09863
-2.36898
-9.44026
-9.62612
-9.85116
-10.1226
-10.447
-10.829
-11.2664
-11.7453
-12.2362
-12.6913
-13.0467
-13.2308
-13.1785
-12.8486
-12.2355
-11.3751
-10.3415
-9.24012
-8.19352
-7.32247
-6.72788
-6.48096
-6.62008
-7.15022
-8.04835
-9.26006
-10.7047
-12.2817
-13.876
-15.3664
-16.6331
-17.5667
-18.0774
-18.1057
-17.6348
-16.6946
-15.355
-13.7129
-11.8731
-9.93395
-7.9811
-6.08592
-4.30521
-2.67991
-1.23453
0.0215132
1.09039
1.9817
2.70855
3.28445
3.72094
4.02585
4.20194
4.24492
4.14399
3.8732
3.39155
2.63971
1.52008
-0.0809155
-2.19062
-4.64419
-7.0753
-8.99541
-10.0111
-9.98087
-8.9872
-7.34639
-5.43707
-3.54972
-1.83704
-0.353981
0.893122
1.92188
2.76038
3.43841
3.98311
4.41716
4.7584
5.0201
5.2119
5.33972
5.4059
5.40912
5.34318
5.19459
4.94076
4.54607
3.96035
3.10227
1.85051
0.111226
-1.98853
-4.07667
-5.494
-6.04539
-5.0371
-4.17205
-1.00487
-2.31855
-9.45081
-9.63342
-9.84936
-10.1033
-10.399
-10.7378
-11.115
-11.5167
-11.9167
-12.276
-12.5441
-12.6662
-12.5935
-12.2956
-11.7702
-11.0467
-10.1858
-9.27225
-8.40524
-7.68354
-7.19172
-6.99127
-7.11681
-7.57478
-8.34603
-9.38541
-10.6241
-11.9755
-13.3404
-14.6139
-15.6921
-16.4805
-16.9014
-16.9038
-16.4719
-15.6277
-14.4273
-12.9501
-11.2844
-9.51613
-7.72213
-5.96794
-4.30657
-2.77726
-1.40493
-0.201239
0.832654
1.70265
2.4184
2.99046
3.42812
3.73766
3.92109
3.97417
3.8869
3.63687
3.18928
2.49474
1.48051
0.0730604
-1.73547
-3.81152
-5.87633
-7.55947
-8.54368
-8.6825
-7.99621
-6.70485
-5.10746
-3.45735
-1.90459
-0.516536
0.685071
1.70329
2.55398
3.25738
3.83355
4.3002
4.67201
4.96049
5.1747
5.32057
5.40109
5.4158
5.35968
5.22092
4.97921
4.60207
4.04445
3.23664
2.08094
0.500635
-1.39763
-3.31643
-4.67855
-5.32775
-4.52968
-3.88536
-0.920463
-2.28082
-9.44997
-9.62688
-9.83155
-10.0667
-10.334
-10.6324
-10.9561
-11.2917
-11.6167
-11.8991
-12.0994
-12.1758
-12.0919
-11.8258
-11.3771
-10.7707
-10.0556
-9.30033
-8.58506
-7.99039
-7.5867
-7.42645
-7.54025
-7.93508
-8.59534
-9.48321
-10.5404
-11.6927
-12.855
-13.9366
-14.8479
-15.5071
-15.8476
-15.8252
-15.4246
-14.6622
-13.5826
-12.2507
-10.7411
-9.12826
-7.48061
-5.85785
-4.30914
-2.87179
-1.57073
-0.419311
0.578587
1.42573
2.12869
2.6954
3.13305
3.44649
3.63703
3.70055
3.62794
3.39985
2.9871
2.34934
1.43141
0.18457
-1.38625
-3.17052
-4.95017
-6.43676
-7.37168
-7.61506
-7.15388
-6.14273
-4.81543
-3.38379
-1.98508
-0.69148
0.463909
1.47151
2.33556
3.06659
3.67706
4.17921
4.58415
4.90161
5.13985
5.30501
5.4008
5.42776
5.38218
5.254
5.02527
4.66668
4.13792
3.37861
2.30938
0.86624
-0.86073
-2.6372
-3.95278
-4.68792
-4.07546
-3.63039
-0.845236
-2.25769
-9.43836
-9.60775
-9.79976
-10.0157
-10.2555
-10.517
-10.7937
-11.0733
-11.3366
-11.5578
-11.706
-11.7493
-11.6609
-11.4251
-11.0434
-10.5364
-9.94412
-9.32189
-8.73434
-8.24707
-7.91825
-7.7922
-7.89547
-8.235
-8.79807
-9.55306
-10.4508
-11.428
-12.4117
-13.3239
-14.0877
-14.6327
-14.9015
-14.8556
-14.4805
-13.788
-12.8136
-11.6102
-10.2406
-8.76901
-7.25607
-5.75571
-4.31321
-2.9638
-1.73211
-0.632643
0.328526
1.15152
1.84025
2.40026
2.83688
3.15363
3.35118
3.42556
3.36858
3.16378
2.78682
2.20539
1.37794
0.271592
-1.10214
-2.65092
-4.20078
-5.51992
-6.39618
-6.70463
-6.41874
-5.64444
-4.55849
-3.3309
-2.08138
-0.881893
0.226652
1.2239
2.10303
2.8646
3.51288
4.05405
4.49519
4.84408
5.10816
5.29391
5.4059
5.44584
5.41144
5.29448
5.07942
4.74019
4.24094
3.52893
2.53899
1.21608
-0.363607
-2.01976
-3.29764
-4.11178
-3.66773
-3.40682
-0.780353
-2.25051
-9.41753
-9.57815
-9.7567
-9.95345
-10.1674
-10.3954
-10.6312
-10.8635
-11.0763
-11.2488
-11.357
-11.3769
-11.2887
-11.0816
-10.758
-10.3355
-9.8465
-9.33563
-8.85499
-8.45783
-8.19194
-8.09435
-8.18778
-8.47866
-8.95675
-9.59552
-10.3535
-11.1771
-12.0039
-12.7673
-13.4013
-13.8455
-14.0505
-13.9828
-13.6287
-12.9964
-12.1138
-11.0243
-9.78031
-8.43712
-7.04807
-5.6616
-4.31912
-3.05369
-1.88931
-0.841239
0.0827427
0.88056
1.55384
2.10604
2.54078
2.86039
3.06497
3.15075
3.1104
2.93018
2.59005
2.06453
1.32305
0.343966
-0.858345
-2.20666
-3.56081
-4.7331
-5.55191
-5.90837
-5.76936
-5.20261
-4.33607
-3.30085
-2.19681
-1.09152
-0.0304268
0.957104
1.85372
2.6496
3.34007
3.92449
4.40553
4.78862
5.08055
5.28827
5.41739
5.47095
5.44824
5.343
5.14215
4.82285
4.35354
3.68795
2.77189
1.55625
0.104669
-1.44911
-2.69853
-3.58942
-3.30309
-3.21612
-0.728104
-2.26065
-9.38814
-9.53917
-9.70398
-9.88215
-10.072
-10.2701
-10.4704
-10.663
-10.8347
-10.9688
-11.0467
-11.0505
-10.9657
-10.7852
-10.512
-10.1609
-9.75829
-9.34022
-8.9486
-8.62648
-8.41289
-8.3385
-8.42243
-8.67042
-9.07411
-9.61136
-10.2473
-10.9365
-11.626
-12.2591
-12.7793
-13.135
-13.2837
-13.1962
-12.8596
-12.2794
-11.4774
-10.4889
-9.35784
-8.13139
-6.85626
-5.57566
-4.32728
-3.14188
-2.04263
-1.04517
-0.158566
0.613331
1.27021
1.81368
2.24588
2.56808
2.77984
2.87765
2.85497
2.70059
2.39821
1.92815
1.26853
0.406124
-0.643537
-1.81625
-2.99957
-4.04337
-4.8108
-5.2067
-5.19444
-4.81243
-4.1478
-3.29602
-2.33527
-1.32496
-0.311987
0.666912
1.58427
2.41929
3.15745
3.79029
4.31559
4.73609
5.05812
5.28924
5.43634
5.50404
5.49341
5.40022
5.21391
4.91488
4.47567
3.85563
3.00907
1.89069
0.551475
-0.915185
-2.14601
-3.11532
-2.981
-3.06115
-0.691793
-2.29001
-9.35213
-9.49314
-9.64432
-9.80479
-9.97255
-10.1441
-10.3138
-10.4733
-10.6115
-10.7153
-10.7705
-10.7636
-10.6842
-10.5279
-10.298
-10.007
-9.67647
-9.33536
-9.01737
-8.75718
-8.58651
-8.53049
-8.60504
-8.81503
-9.15364
-9.60236
-10.1319
-10.704
-11.2738
-11.7932
-12.2141
-12.4925
-12.5918
-12.4865
-12.1649
-11.63
-10.899
-10.0005
-8.97099
-7.85071
-6.68029
-5.49807
-4.3381
-3.22885
-2.19245
-1.24461
-0.395293
0.350217
0.989989
1.52408
1.95329
2.27797
2.49722
2.60777
2.60385
2.4765
2.21269
1.79754
1.21589
0.460676
-0.452447
-1.47067
-2.5049
-3.43661
-4.15734
-4.58582
-4.68446
-4.46933
-3.9934
-3.31922
-2.50146
-1.58788
-0.623887
0.347964
1.29039
2.1708
2.96344
3.65116
4.22581
4.68748
5.04209
5.29809
5.46396
5.54618
5.54781
5.46681
5.2952
5.01654
4.60733
4.03186
3.25096
2.22153
0.981323
-0.411877
-1.63457
-2.68672
-2.70275
-2.94594
-0.676
-2.34137
-9.30974
-9.44058
-9.5785
-9.72239
-9.87011
-10.0183
-10.1618
-10.2936
-10.4048
-10.4849
-10.5231
-10.5095
-10.4368
-10.3022
-10.1093
-9.86873
-9.59794
-9.32028
-9.06276
-8.85322
-8.71725
-8.67532
-8.74045
-8.9167
-9.19837
-9.57003
-10.0071
-10.4775
-10.9433
-11.364
-11.6986
-11.9098
-11.9661
-11.8454
-11.5369
-11.042
-10.3738
-9.55565
-8.61766
-7.59401
-6.51986
-5.429
-4.35205
-3.31514
-2.33921
-1.4398
-0.627435
0.0914971
0.713744
1.23804
1.66403
1.99127
2.21845
2.34255
2.35854
2.25934
2.03478
1.67391
1.16668
0.510257
-0.280348
-1.16233
-2.06577
-2.89876
-3.57686
-4.03289
-4.23044
-4.16892
-3.87284
-3.3738
-2.70112
-1.88735
-0.973522
-0.00652759
0.966696
1.90049
2.75626
3.50666
4.13678
4.64397
5.0339
5.31628
5.50157
5.59847
5.61229
5.54338
5.38636
5.12798
4.74844
4.21642
3.49778
2.5499
1.39731
0.0652867
-1.1601
-2.30207
-2.47106
-2.87609
-0.687225
-2.4186
-9.26358
-9.38435
-9.50958
-9.63808
-9.76773
-9.89539
-10.0166
-10.1254
-10.2146
-10.2761
-10.3018
-10.2842
-10.2184
-10.1031
-9.94159
-9.74293
-9.52135
-9.2956
-9.08728
-8.91866
-8.81028
-8.77863
-8.83424
-8.98037
-9.21222
-9.51687
-9.87383
-10.2561
-10.632
-10.9672
-11.2273
-11.3803
-11.3996
-11.2658
-10.9691
-10.5096
-9.89743
-9.1512
-8.29589
-7.36031
-6.37471
-5.3687
-4.36963
-3.40134
-2.48346
-1.6311
-0.855117
-0.16268
0.441898
0.956245
1.37903
1.7091
1.94481
2.08336
2.12043
2.05044
1.86569
1.55842
1.12236
0.557472
-0.122478
-0.883397
-1.67111
-2.41682
-3.05611
-3.5362
-3.82393
-3.90703
-3.78631
-3.46386
-2.94133
-2.23227
-1.37022
-0.405106
0.606529
1.60391
2.5337
3.35626
4.04925
4.60699
5.0352
5.34544
5.55063
5.66212
5.6878
5.63058
5.48783
5.24943
4.89913
4.40942
3.75012
2.8775
1.80278
0.520841
-0.718759
-1.9605
-2.29046
-2.85955
-0.735008
-2.52692
-9.21282
-9.32377
-9.43702
-9.55139
-9.66489
-9.77465
-9.87683
-9.96655
-10.0381
-10.0851
-10.1015
-10.0819
-10.023
-9.92442
-9.78938
-9.6254
-9.4441
-9.26051
-9.09187
-8.95592
-8.86903
-8.84439
-8.89041
-9.00959
-9.19785
-9.4444
-9.73211
-10.0385
-10.3369
-10.5986
-10.7945
-10.8977
-10.8854
-10.741
-10.4552
-10.0276
-9.46562
-8.78417
-8.00377
-7.14861
-6.24456
-5.3174
-4.39139
-3.48813
-2.62583
-1.81902
-1.07861
-0.412319
0.17472
0.679233
1.09906
1.43244
1.67744
1.83142
1.89075
1.85099
1.70655
1.45216
1.08429
0.604656
0.0253669
-0.626991
-1.31165
-1.97922
-2.5831
-3.08482
-3.45677
-3.67946
-3.73423
-3.59449
-3.23101
-2.63381
-1.82562
-0.85839
0.201684
1.27583
2.29318
3.19961
3.96426
4.57826
5.04797
5.38745
5.61275
5.73838
5.77518
5.7289
5.59976
5.38079
5.05914
4.61083
4.00855
3.20626
2.2013
0.959428
-0.306974
-1.66215
-2.16806
-2.90794
-0.834134
-2.67355
-9.16138
-9.26285
-9.36486
-9.46629
-9.56534
-9.65946
-9.7454
-9.81918
-9.87626
-9.91181
-9.92125
-9.90083
-9.84836
-9.76402
-9.65088
-9.51522
-9.36649
-9.21672
-9.07962
-8.96926
-8.89862
-8.87814
-8.91445
-9.00939
-9.15945
-9.35559
-9.58355
-9.82456
-10.0565
-10.2551
-10.3963
-10.4571
-10.4183
-10.2654
-9.9902
-9.59146
-9.07477
-8.4519
-7.73961
-6.95806
-6.12923
-5.27542
-4.41796
-3.57627
-2.76709
-2.00419
-1.29836
-0.657616
-0.08771
0.407358
0.824731
1.16212
1.41733
1.58785
1.6706
1.66206
1.55837
1.35612
1.05375
0.653943
0.166926
-0.387046
-0.978942
-1.57552
-2.14663
-2.66823
-3.12074
-3.48188
-3.71739
-3.7721
-3.58128
-3.10582
-2.35405
-1.37933
-0.257723
0.909984
2.03174
3.03645
3.88319
4.55994
5.07452
5.44443
5.68972
5.82864
5.87544
5.83901
5.72256
5.52228
5.22864
4.82099
4.27386
3.53823
2.59652
1.38574
0.0784899
-1.40871
-2.11506
-3.03926
-1.00846
-2.8681
-9.10638
-9.19884
-9.29039
-9.38008
-9.4663
-9.54684
-9.61897
-9.67948
-9.72482
-9.75132
-9.7556
-9.73505
-9.68835
-9.61604
-9.5209
-9.40821
-9.28561
-9.16272
-9.0504
-8.95975
-8.90102
-8.88239
-8.90901
-8.98217
-9.09882
-9.25138
-9.42801
-9.61311
-9.78824
-9.93332
-10.028
-10.0532
-9.99248
-9.83343
-9.56871
-9.19663
-8.72121
-8.15169
-7.50164
-6.78773
-6.0285
-5.24306
-4.45002
-3.66663
-2.90814
-2.18745
-1.51501
-0.898988
-0.345543
0.140744
0.556432
0.898769
1.16531
1.35358
1.46096
1.48467
1.42208
1.27124
1.03194
0.707281
0.30564
-0.15821
-0.665279
-1.1961
-1.73597
-2.27583
-2.80714
-3.3095
-3.73696
-4.00464
-4.00589
-3.66554
-2.9735
-1.98477
-0.784281
0.498288
1.74598
2.86677
3.80794
4.5547
5.11756
5.51877
5.78338
5.93417
5.98929
5.96108
5.85593
5.67332
5.40709
5.03965
4.54672
3.87557
2.9923
1.80468
0.44037
-1.20466
-2.14942
-3.28137
-1.29473
-3.12197
-9.05422
-9.13805
-9.21985
-9.29878
-9.37348
-9.44204
-9.50221
-9.55144
-9.58697
-9.60604
-9.6062
-9.58567
-9.54374
-9.48116
-9.40042
-9.3059
-9.20379
-9.10176
-9.00838
-8.93238
-8.88177
-8.86293
-8.87979
-8.93318
-9.02044
-9.13524
-9.26773
-9.405
-9.53179
-9.63142
-9.68697
-9.68243
-9.60394
-9.44088
-9.1867
-8.83947
-8.40195
-7.8813
-7.28841
-6.63692
-5.94231
-5.22076
-4.48835
-3.76023
-3.05009
-2.36985
-1.72949
-1.13714
-0.599226
-0.120777
0.294269
0.642735
0.92191
1.12932
1.2626
1.31959
1.2985
1.19842
1.02004
0.766585
0.444774
0.0645447
-0.363424
-0.831737
-1.3404
-1.89652
-2.50637
-3.15668
-3.79404
-4.30179
-4.52262
-4.33654
-3.70931
-2.69991
-1.39684
0.0291152
1.431
2.69037
3.74082
4.56573
5.18024
5.61315
5.89584
6.05652
6.11781
6.09582
6.00033
5.83416
5.59458
5.26702
4.82803
4.2206
3.39279
2.22147
0.780265
-1.05885
-2.29788
-3.67315
-1.74134
-3.44479
-8.99842
-9.07416
-9.14695
-9.21617
-9.28064
-9.33876
-9.38868
-9.4284
-9.45579
-9.4688
-9.46568
-9.44527
-9.40726
-9.3525
-9.28318
-9.20294
-9.11677
-9.03075
-8.95164
-8.88627
-8.84085
-8.8203
-8.82758
-8.86319
-8.92477
-9.00703
-9.10184
-9.19852
-9.28449
-9.34598
-9.36896
-9.34008
-9.24772
-9.0828
-8.83954
-8.51589
-8.11364
-7.63822
-7.09824
-6.50476
-5.87048
-5.20895
-4.53383
-3.85822
-3.19424
-2.55272
-1.94302
-1.3731
-0.849531
-0.377681
0.0380764
0.39415
0.687531
0.915632
1.07622
1.16751
1.1883
1.13841
1.0191
0.833589
0.587129
0.285784
-0.0666215
-0.473387
-0.948883
-1.5183
-2.20729
-3.01609
-3.88977
-4.67759
-5.15969
-5.1584
-4.60545
-3.54639
-2.12739
-0.517418
1.07813
2.50608
3.68439
4.59672
5.26604
5.7303
6.02894
6.19664
6.2611
6.24262
6.15458
6.00348
5.78998
5.50257
5.11832
4.57553
3.80249
2.64141
1.0981
-0.984536
-2.59305
-4.25683
-2.39946
-3.83612
-8.94982
-9.01774
-9.08204
-9.14221
-9.1973
-9.24596
-9.28672
-9.318
-9.3382
-9.3458
-9.33959
-9.31884
-9.28351
-9.23448
-9.17366
-9.10404
-9.02963
-8.95526
-8.88622
-8.82782
-8.78487
-8.76113
-8.75878
-8.77804
-8.81687
-8.87086
-8.93329
-8.99541
-9.04689
-9.0764
-9.07239
-9.0238
-8.92091
-8.75603
-8.5241
-8.22302
-7.85384
-7.4206
-6.92997
-6.39072
-5.81312
-5.20829
-4.58756
-3.96205
-3.34224
-2.73775
-2.15723
-1.60832
-1.09763
-0.630819
-0.212666
0.152808
0.462235
0.712815
0.90229
1.02903
1.0922
1.09208
1.03031
0.910047
0.735514
0.509968
0.231711
-0.112039
-0.55005
-1.12798
-1.89647
-2.87862
-4.02857
-5.15958
-5.97089
-6.20537
-5.74595
-4.63743
-3.03452
-1.1774
0.670374
2.3098
3.64084
4.65175
5.37884
5.87325
6.18482
6.35597
6.42016
6.40214
6.31907
6.18114
5.99275
5.74577
5.41776
4.9425
4.22641
3.06993
1.39371
-0.994119
-3.06086
-5.05849
-3.30408
-4.28071
-8.89592
-8.95656
-9.01304
-9.06504
-9.11177
-9.15213
-9.18491
-9.20893
-9.22297
-9.22594
-9.217
-9.19573
-9.16229
-9.1175
-9.06301
-9.00128
-8.93553
-8.86955
-8.80748
-8.75344
-8.71111
-8.68334
-8.67173
-8.6763
-8.69528
-8.72501
-8.75997
-8.79303
-8.81575
-8.8189
-8.793
-8.72897
-8.61875
-8.45588
-8.23594
-7.95692
-7.61927
-7.2259
-6.78183
-6.29388
-5.77009
-5.21932
-4.6507
-4.07334
-3.49599
-2.92697
-2.37407
-1.84451
-1.34487
-0.881097
-0.458395
-0.0812949
0.246364
0.521422
0.741426
0.904728
1.01067
1.0598
1.05412
0.996905
0.891901
0.740573
0.537104
0.260366
-0.1327
-0.710715
-1.55737
-2.73502
-4.22523
-5.80174
-7.04983
-7.597
-7.2555
-6.06536
-4.20665
-2.00871
0.179112
2.09303
3.61168
4.73535
5.52284
6.04474
6.36467
6.53427
6.59347
6.5719
6.49087
6.36432
6.20044
5.99468
5.7257
5.32398
4.67084
3.51491
1.67215
-1.08737
-3.70087
-6.06736
-4.45282
-4.74758
-8.85503
-8.90842
-8.95728
-9.00135
-9.04007
-9.0725
-9.09772
-9.11481
-9.12287
-9.12113
-9.10905
-9.08641
-9.05346
-9.01098
-8.96037
-8.90363
-8.84333
-8.78246
-8.72425
-8.67187
-8.62813
-8.59517
-8.57414
-8.56494
-8.56607
-8.57451
-8.58577
-8.59408
-8.5926
-8.57388
-8.53023
-8.45424
-8.3393
-8.18003
-7.97266
-7.71527
-7.40792
-7.05257
-6.65289
-6.21394
-5.74179
-5.24313
-4.72494
-4.19423
-3.65792
-3.12289
-2.59592
-2.08377
-1.59299
-1.12981
-0.699963
-0.308576
0.0399081
0.341817
0.59432
0.79555
0.944794
1.04274
1.09168
1.09532
1.05766
0.979686
0.853187
0.650421
0.314988
-0.24781
-1.16833
-2.57574
-4.50659
-6.67917
-8.50459
-9.45146
-9.24185
-7.93776
-5.74035
-3.08276
-0.434945
1.84267
3.59814
4.85346
5.70378
6.24889
6.57104
6.73316
6.78221
6.75271
6.6699
6.55187
6.41104
6.24733
6.04208
5.72457
5.14586
3.99102
1.95057
-1.24006
-4.47395
-7.22907
-5.80384
-5.19369
-8.80505
-8.85175
-8.8936
-8.93056
-8.96215
-8.9876
-9.00618
-9.01721
-9.02004
-9.01412
-8.99911
-8.97495
-8.94192
-8.90073
-8.85257
-8.79905
-8.74223
-8.68444
-8.62819
-8.57592
-8.52976
-8.49131
-8.4614
-8.43986
-8.42542
-8.41564
-8.4069
-8.39457
-8.37321
-8.33683
-8.27929
-8.19464
-8.07754
-7.92358
-7.72961
-7.49391
-7.21624
-6.89785
-6.54124
-6.14993
-5.72816
-5.28054
-4.81181
-4.32682
-3.83047
-3.328
-2.8251
-2.328
-1.84329
-1.37763
-0.93742
-0.528606
-0.156442
0.174691
0.461409
0.701478
0.894028
1.03985
1.14162
1.20385
1.23167
1.22721
1.18242
1.06601
0.810658
0.290847
-0.693781
-2.37836
-4.87802
-7.80886
-10.3318
-11.741
-11.6733
-10.2553
-7.66456
-4.44011
-1.2017
1.54849
3.60406
5.01485
5.92953
6.49047
6.80549
6.95133
6.98289
6.93991
6.85161
6.73992
6.6216
6.50233
6.36956
6.15394
5.66833
4.52187
2.2603
-1.40441
-5.31047
-8.45919
-7.2869
-5.56655
-8.77599
-8.81562
-8.85024
-8.8798
-8.90399
-8.9222
-8.93387
-8.93849
-8.93558
-8.9248
-8.90593
-8.87901
-8.84434
-8.80254
-8.75461
-8.70184
-8.64588
-8.58854
-8.53177
-8.47742
-8.42714
-8.38212
-8.34295
-8.30946
-8.28061
-8.25445
-8.22813
-8.19802
-8.15982
-8.10886
-8.0403
-7.94947
-7.83215
-7.68485
-7.50499
-7.29111
-7.04281
-6.76077
-6.4465
-6.10214
-5.73017
-5.33315
-4.91358
-4.47393
-4.01693
-3.54597
-3.06551
-2.58123
-2.09979
-1.62832
-1.17405
-0.743912
-0.344223
0.0196457
0.343442
0.624235
0.860707
1.05355
1.20592
1.32379
1.41499
1.4857
1.53231
1.52506
1.3892
0.957155
-0.0728047
-2.07515
-5.24735
-9.04057
-12.3001
-14.1774
-14.3653
-12.7955
-9.83853
-6.02352
-2.1077
1.21725
3.64209
5.23523
6.21422
6.78028
7.07591
7.19499
7.2007
7.13718
7.03764
6.92849
6.83169
6.7615
6.71663
6.62778
6.25905
5.13341
2.63764
-1.52136
-6.11976
-9.64762
-8.8032
-5.80194
-8.73142
-8.76469
-8.7928
-8.81591
-8.83371
-8.84569
-8.8514
-8.85049
-8.84262
-8.82754
-8.80518
-8.77559
-8.73909
-8.69621
-8.64777
-8.59482
-8.53865
-8.48067
-8.4224
-8.36526
-8.31049
-8.25899
-8.21121
-8.16698
-8.12552
-8.0853
-8.04414
-7.99925
-7.94735
-7.88487
-7.80815
-7.71364
-7.59815
-7.45903
-7.29432
-7.10281
-6.88407
-6.63833
-6.3663
-6.06894
-5.74714
-5.40146
-5.03207
-4.63882
-4.22185
-3.7823
-3.3231
-2.84933
-2.36787
-1.8866
-1.41385
-0.957916
-0.526497
-0.126233
0.237532
0.561034
0.842487
1.08257
1.28515
1.45838
1.61475
1.7683
1.92545
2.06378
2.10095
1.81054
0.76812
-1.55107
-5.44297
-10.1554
-14.1547
-16.4609
-16.79
-15.1771
-11.9437
-7.62531
-3.05
0.895373
3.74091
5.53855
6.57724
7.13165
7.38929
7.46552
7.43312
7.34131
7.22599
7.1173
7.04392
7.03263
7.09584
7.1591
6.9269
5.83532
3.10445
-1.53206
-6.78714
-10.6418
-10.209
-5.82506
-8.7181
-8.74395
-8.76469
-8.78032
-8.79065
-8.79532
-8.794
-8.78642
-8.77236
-8.75167
-8.72433
-8.69043
-8.65027
-8.60429
-8.55315
-8.4977
-8.43895
-8.37801
-8.31602
-8.2541
-8.19321
-8.13403
-8.07694
-8.02183
-7.96815
-7.91479
-7.86016
-7.80222
-7.7386
-7.66669
-7.58383
-7.48746
-7.3753
-7.24546
-7.09653
-6.92767
-6.73852
-6.52911
-6.29966
-6.05023
-5.78043
-5.48903
-5.1737
-4.83126
-4.45849
-4.05344
-3.61677
-3.15251
-2.66762
-2.17087
-1.67214
-1.18172
-0.709396
-0.263737
0.148146
0.520997
0.851987
1.14152
1.39469
1.62344
1.84815
2.09546
2.38576
2.7045
2.95547
2.84565
1.83978
-0.739427
-5.38281
-11.0792
-15.8313
-18.5287
-18.9373
-17.2137
-13.7322
-9.00672
-3.86297
0.672359
3.94945
5.95998
7.04855
7.57051
7.7682
7.78293
7.69722
7.56432
7.42424
7.31088
7.26129
7.31881
7.50617
7.73383
7.64213
6.59659
3.6532
-1.37986
-7.17507
-11.254
-11.3081
-5.56235
-8.68039
-8.70004
-8.71469
-8.72436
-8.72876
-8.72759
-8.7206
-8.70761
-8.68846
-8.6631
-8.63152
-8.59385
-8.55034
-8.50137
-8.44747
-8.38931
-8.32768
-8.26345
-8.1975
-8.13071
-8.06383
-7.99741
-7.93178
-7.86694
-7.80251
-7.73778
-7.67165
-7.60271
-7.52931
-7.44969
-7.36209
-7.26487
-7.15658
-7.03613
-6.90281
-6.75636
-6.59691
-6.4248
-6.24034
-6.04327
-5.83208
-5.60352
-5.35204
-5.07003
-4.74923
-4.38311
-3.96939
-3.5114
-3.0169
-2.49621
-1.96149
-1.42572
-0.901636
-0.400144
0.0695457
0.500695
0.889705
1.23643
1.54603
1.83332
2.12652
2.46361
2.87546
3.35651
3.81063
3.89155
3.00136
0.230636
-5.16426
-11.8276
-17.2553
-20.2387
-20.6578
-18.7761
-15.0473
-9.98459
-4.38755
0.646007
4.31521
6.525
7.64733
8.11207
8.22197
8.15008
7.99341
7.80833
7.63454
7.51063
7.4835
7.60746
7.90891
8.28233
8.31988
7.33503
4.25164
-1.01432
-7.15414
-11.3212
-11.914
-4.97062
-8.68539
-8.69678
-8.70364
-8.70518
-8.70142
-8.6923
-8.6776
-8.65715
-8.63091
-8.59885
-8.56101
-8.51748
-8.46847
-8.41428
-8.35533
-8.29213
-8.22529
-8.15547
-8.08336
-8.00965
-7.93494
-7.8597
-7.78424
-7.70866
-7.63279
-7.55624
-7.47838
-7.39839
-7.31525
-7.22789
-7.13536
-7.03688
-6.93197
-6.82053
-6.70293
-6.57996
-6.45273
-6.3224
-6.18955
-6.05386
-5.91315
-5.76167
-5.58945
-5.38257
-5.12545
-4.80457
-4.41325
-3.9542
-3.43732
-2.87601
-2.28643
-1.68572
-1.09073
-0.515259
0.0280758
0.529068
0.981185
1.38161
1.73381
2.05364
2.37576
2.75223
3.2318
3.81459
4.39616
4.63424
3.92637
1.0401
-4.86539
-12.2313
-18.0652
-21.1587
-21.5841
-19.6178
-15.7147
-10.4126
-4.50111
0.8935
4.86843
7.24
8.37791
8.76814
8.77017
8.59092
8.33914
8.07785
7.84899
7.69504
7.66977
7.83789
8.22563
8.70394
8.84639
7.94275
4.86065
-0.407352
-6.65213
-10.7747
-11.9033
-4.05673
-8.6563
-8.66254
-8.66472
-8.66096
-8.65147
-8.6366
-8.61611
-8.5899
-8.558
-8.52047
-8.47733
-8.42869
-8.37471
-8.31564
-8.25178
-8.18351
-8.11129
-8.03562
-7.95701
-7.87597
-7.79297
-7.70838
-7.6225
-7.53545
-7.44723
-7.35771
-7.2666
-7.17353
-7.07828
-6.98085
-6.88137
-6.78021
-6.67816
-6.57643
-6.47662
-6.38065
-6.29053
-6.20801
-6.13411
-6.06801
-6.00555
-5.93768
-5.84896
-5.71808
-5.52161
-5.23987
-4.86413
-4.39908
-3.85719
-3.25411
-2.60931
-1.94458
-1.28046
-0.635818
-0.0257597
0.53769
1.04481
1.48708
1.86095
2.18018
2.48534
2.83556
3.27609
3.8458
4.49823
4.84511
4.2172
1.45655
-4.41732
-11.9799
-17.9319
-21.0533
-21.5212
-19.5862
-15.637
-10.226
-4.16297
1.41863
5.56988
8.03883
9.16885
9.47213
9.35075
9.04735
8.68815
8.33885
8.04447
7.84956
7.80448
7.97243
8.38556
8.92022
9.12815
8.34305
5.4503
0.431722
-5.69346
-9.67228
-11.247
-2.89213
-8.67461
-8.67382
-8.66754
-8.6536
-8.6343
-8.60982
-8.57969
-8.54405
-8.50308
-8.45679
-8.40518
-8.34831
-8.28627
-8.21918
-8.14721
-8.07059
-7.9896
-7.90454
-7.81578
-7.72366
-7.62856
-7.53083
-7.43083
-7.32889
-7.22533
-7.12052
-7.01491
-6.9091
-6.80381
-6.69984
-6.59827
-6.50047
-6.4081
-6.323
-6.24716
-6.18256
-6.13103
-6.09393
-6.07184
-6.06376
-6.0657
-6.06781
-6.05129
-5.98787
-5.84501
-5.5939
-5.22258
-4.74213
-4.17268
-3.53356
-2.84817
-2.13862
-1.42705
-0.735359
-0.0822529
0.515831
1.04491
1.49554
1.86175
2.15274
2.41238
2.71795
3.13636
3.67594
4.20819
4.41661
3.77681
1.49014
-3.74186
-10.956
-16.8588
-20.0993
-20.6958
-18.845
-14.9206
-9.49776
-3.42456
2.17203
6.35334
8.83507
9.92807
10.1462
9.90862
9.47688
8.99751
8.54671
8.17081
7.9159
7.83784
8.01454
8.444
8.96798
9.16382
8.53824
5.98472
1.40558
-4.42364
-8.20832
-10.1414
-1.5392
-8.64751
-8.65613
-8.64783
-8.6243
-8.59592
-8.56293
-8.52402
-8.47963
-8.43019
-8.3757
-8.31614
-8.25157
-8.18202
-8.10755
-8.02825
-7.94426
-7.85577
-7.76303
-7.66634
-7.56605
-7.46261
-7.3565
-7.24827
-7.13853
-7.028
-6.91744
-6.80773
-6.69982
-6.5948
-6.49387
-6.39836
-6.30967
-6.22929
-6.1587
-6.09939
-6.05278
-6.02015
-6.00257
-6.00063
-6.01382
-6.03889
-6.06664
-6.07814
-6.04394
-5.92931
-5.70315
-5.35175
-4.886
-4.3241
-3.68752
-2.99859
-2.2818
-1.56185
-0.86008
-0.193946
0.42104
0.969653
1.4369
1.81075
2.09884
2.34982
2.63695
3.0172
3.47313
3.82496
3.74263
3.06031
1.34973
-2.78562
-9.19331
-14.9921
-18.4679
-19.2774
-17.5669
-13.7398
-8.41397
-2.48049
2.95704
7.02495
9.44049
10.4724
10.6082
10.2702
9.74318
9.18207
8.67053
8.26297
8.00068
7.91439
8.05935
8.44303
8.91361
9.06969
8.55932
6.36215
2.31257
-3.04992
-6.62947
-8.46794
-0.384869
-8.65829
-8.67336
-8.6639
-8.63235
-8.59503
-8.55324
-8.50609
-8.45432
-8.39835
-8.33813
-8.2736
-8.2047
-8.13139
-8.05365
-7.97147
-7.88493
-7.79415
-7.69932
-7.60073
-7.49871
-7.3937
-7.28622
-7.17686
-7.06628
-6.95525
-6.84456
-6.73513
-6.62795
-6.52408
-6.42468
-6.33098
-6.24426
-6.16582
-6.09698
-6.039
-5.99309
-5.96032
-5.94172
-5.93845
-5.95209
-5.98321
-6.02595
-6.06081
-6.05225
-5.95792
-5.73813
-5.37526
-4.89777
-4.33648
-3.70163
-3.01688
-2.30517
-1.58934
-0.8904
-0.226965
0.384185
0.929279
1.39811
1.7858
2.10548
2.40257
2.73924
3.13137
3.48341
3.61276
3.32944
2.61594
1.31727
-1.70642
-6.89277
-12.4235
-16.3382
-17.6255
-16.1586
-12.4518
-7.27133
-1.55053
3.6497
7.52165
9.806
10.7536
10.8371
10.4545
9.8745
9.26654
8.72177
8.2917
8.01528
7.93788
8.10781
8.47619
8.88909
8.96816
8.46282
6.58768
3.13878
-1.79114
-5.00819
-7.22289
0.731773
-8.76439
-8.72971
-8.69668
-8.65953
-8.61752
-8.57178
-8.52203
-8.46825
-8.41047
-8.3486
-8.28257
-8.21232
-8.13779
-8.05896
-7.97587
-7.88856
-7.79718
-7.70192
-7.60306
-7.50096
-7.39605
-7.28887
-7.18001
-7.07015
-6.96004
-6.85052
-6.74247
-6.63684
-6.53467
-6.43702
-6.34502
-6.25984
-6.18267
-6.11471
-6.05712
-6.011
-5.97726
-5.95656
-5.94907
-5.95397
-5.96814
-5.98349
-5.98332
-5.94145
-5.82659
-5.61161
-5.28329
-4.83851
-4.2908
-3.66932
-2.99638
-2.29575
-1.58972
-0.898359
-0.239396
0.370882
0.918895
1.39528
1.79853
2.14462
2.47288
2.82467
3.20163
3.51173
3.5753
3.2624
2.49253
1.05125
-1.82552
-6.41628
-11.1736
-14.6813
-16.0162
-14.8912
-11.5052
-6.52022
-1.02293
3.91818
7.57986
9.77323
10.7058
10.7985
10.4307
9.86522
9.2712
8.74588
8.33376
8.07388
8.0006
8.14852
8.47934
8.83697
8.85546
8.27405
6.37042
3.13383
-1.3441
-4.08304
-6.35886
1.27277
-11.5412
-11.5584
-11.5214
-11.3981
-11.4568
-11.7393
-12.1787
-12.6394
-13.0059
-13.224
-13.3171
-13.3147
-13.2295
-13.0814
-12.8866
-12.6579
-12.4086
-12.1578
-11.9247
-11.7204
-11.5634
-11.4708
-11.4485
-11.5287
-11.8022
-12.2976
-13.2163
-14.8229
-17.2592
-20.3302
-23.5689
-26.3723
-28.2131
-28.7467
-27.62
-24.6663
-20.2462
-14.9486
-9.3474
-3.9212
0.963378
5.04755
8.19016
10.3963
11.7925
12.5501
12.8557
12.8737
12.7246
12.4674
12.2125
11.8497
11.1852
10.3888
9.82597
9.64327
9.37022
8.31451
6.15424
2.6494
-2.20437
-7.82332
-13.048
-16.657
-17.7324
-15.8769
-11.6904
-6.55791
-1.74282
2.08169
4.7159
6.34547
7.25481
7.66016
7.6663
7.39888
7.01542
6.62269
6.28829
6.04441
5.88
5.77061
5.67917
5.60222
5.55345
5.52438
5.42072
5.04346
4.13663
2.37987
-0.715365
-5.59764
-11.851
-17.5701
-20.2796
-18.1544
-12.9462
-5.34622
-2.02113
2.65901
-11.6263
-11.6552
-11.7015
-11.8499
-12.1996
-12.6987
-13.2437
-13.7185
-14.0371
-14.1316
-14.0209
-13.754
-13.4344
-13.1154
-12.8175
-12.5396
-12.2756
-12.0234
-11.7853
-11.5717
-11.3995
-11.2803
-11.2393
-11.3425
-11.6195
-12.2592
-13.5237
-15.8505
-19.4414
-23.9155
-28.481
-32.2437
-34.4029
-34.4201
-32.3044
-28.4623
-23.3652
-17.536
-11.5194
-5.7476
-0.530334
3.88917
7.33966
9.78042
11.3378
12.1875
12.5484
12.6013
12.473
12.2431
11.875
11.357
10.758
10.197
10.0037
10.0567
9.76297
8.75018
6.67071
2.9081
-2.81521
-9.67735
-16.0784
-20.2472
-21.0517
-18.5835
-13.7638
-7.94333
-2.50337
1.77016
4.68982
6.44504
7.34743
7.64251
7.54024
7.26558
6.9583
6.66066
6.38199
6.14375
5.95819
5.81595
5.71073
5.63042
5.57047
5.53081
5.4574
5.12644
4.28705
2.68235
-0.334046
-5.59545
-12.8463
-19.6842
-22.7324
-20.1338
-14.3018
-5.94269
-2.18523
3.0005
-11.5173
-11.6141
-12.0359
-12.6111
-13.2603
-13.9291
-14.5676
-15.0745
-15.3494
-15.3306
-14.9909
-14.4641
-13.8527
-13.2788
-12.8056
-12.4331
-12.1309
-11.8676
-11.6259
-11.4005
-11.1893
-11.0216
-10.9943
-11.2349
-12.1133
-14.1346
-17.5715
-22.2084
-27.4487
-32.5885
-37.0193
-40.2532
-41.8545
-41.4532
-38.9228
-34.4799
-28.6329
-22.0842
-15.4775
-9.21042
-3.47691
1.53834
5.59597
8.54396
10.4233
11.4371
11.8653
11.9435
11.829
11.6084
11.3225
10.9399
10.3887
9.94141
9.88776
10.0223
9.83117
8.60999
5.50673
0.129092
-7.12956
-14.954
-21.7951
-26.0983
-26.7979
-23.8019
-17.9739
-10.9454
-4.40358
0.64635
4.01132
5.99021
7.01971
7.44353
7.49184
7.31002
7.01399
6.69741
6.41933
6.18402
5.99811
5.86026
5.75857
5.68519
5.64713
5.64238
5.60669
5.34164
4.55691
2.75326
-1.06181
-7.61047
-16.0934
-23.6976
-27.0688
-24.2492
-17.4462
-8.09293
-3.40535
2.9455
-11.519
-11.7145
-12.2553
-12.7706
-13.3763
-13.9703
-14.529
-14.9804
-15.2452
-15.2717
-15.0312
-14.5411
-13.9542
-13.3771
-12.8832
-12.4631
-12.0958
-11.7646
-11.4324
-11.1386
-10.8493
-10.627
-10.6505
-11.321
-13.2959
-17.0252
-22.2927
-28.3238
-34.3326
-39.8177
-44.4559
-47.8734
-49.5346
-48.9405
-45.9325
-40.7402
-33.9871
-26.5903
-19.3925
-12.7919
-6.777
-1.32405
3.34508
6.92131
9.27473
10.5818
11.1733
11.3413
11.2735
11.0693
10.7711
10.3972
9.92621
9.47845
9.30038
9.39028
9.15921
7.57215
3.37179
-3.5613
-12.2116
-21.2171
-29.0169
-33.8777
-34.539
-30.8265
-23.6657
-14.9883
-6.88636
-0.740911
3.24747
5.52457
6.67825
7.15158
7.23214
7.1056
6.88944
6.64159
6.38797
6.16461
5.99138
5.86375
5.7767
5.72617
5.70668
5.70385
5.67586
5.44787
4.67666
2.60268
-2.06822
-9.92867
-19.8052
-28.478
-32.2153
-29.0807
-21.0902
-10.5743
-4.83447
2.44929
-11.4127
-11.6865
-12.0981
-12.5304
-13.02
-13.5468
-14.0834
-14.5721
-14.9487
-15.1412
-15.0979
-14.8187
-14.3429
-13.7432
-13.1335
-12.5845
-12.1017
-11.6566
-11.2171
-10.6948
-10.1751
-9.77039
-9.83823
-11.0687
-14.2107
-19.4233
-25.9804
-32.8339
-39.322
-45.2076
-50.3324
-54.3314
-56.5141
-56.1469
-52.8943
-46.9366
-39.0839
-30.5902
-22.615
-15.6723
-9.57181
-3.97686
1.08589
5.19347
8.00356
9.6082
10.3714
10.645
10.653
10.5094
10.2706
9.95942
9.56636
9.16504
8.91002
8.78038
8.24943
6.06601
0.745601
-7.58048
-17.5422
-27.8331
-36.7512
-42.2447
-42.905
-38.5113
-30.0383
-19.6406
-9.74328
-2.39318
2.29661
4.91788
6.24299
6.83084
7.00982
6.96268
6.79851
6.58803
6.3718
6.17164
6.00079
5.86759
5.77214
5.71084
5.68126
5.67345
5.64517
5.42593
4.61537
2.22152
-3.24142
-12.2795
-23.3778
-33.0433
-37.1903
-33.6903
-24.6235
-13.0446
-6.14807
1.81768
-11.1986
-11.4385
-11.7404
-12.1433
-12.6298
-13.173
-13.758
-14.3431
-14.8684
-15.2586
-15.4453
-15.3621
-15.0077
-14.4512
-13.7684
-13.0046
-12.1844
-11.3133
-10.4008
-9.44067
-8.48433
-7.77587
-7.90908
-9.76287
-14.0041
-20.4428
-27.9767
-35.4703
-42.4553
-48.9153
-54.8001
-59.7059
-62.7106
-62.7745
-59.3946
-52.7557
-43.7926
-34.0976
-25.1135
-17.7663
-11.6436
-6.07853
-0.841727
3.62008
6.79356
8.66295
9.59605
9.98419
10.0787
10.004
9.81984
9.56244
9.23736
8.88169
8.57909
8.25762
7.37353
4.54933
-1.76347
-11.2693
-22.3537
-33.7738
-43.6459
-49.6284
-50.2737
-45.3823
-35.9177
-23.9268
-12.5709
-3.99552
1.38344
4.33649
5.82003
6.49915
6.74665
6.76165
6.6564
6.49503
6.31439
6.14056
5.99023
5.86699
5.77136
5.70249
5.65568
5.61771
5.55152
5.30121
4.42662
1.77393
-4.27374
-14.1697
-26.1628
-36.542
-40.9338
-37.1609
-27.2911
-14.9908
-7.01753
1.10919
-10.8277
-10.9995
-11.3063
-11.6958
-12.1818
-12.7456
-13.3878
-14.087
-14.8261
-15.5428
-16.1336
-16.4745
-16.4297
-15.9322
-15.0437
-13.8105
-12.2873
-10.5608
-8.7595
-6.98744
-5.35832
-4.33294
-4.66975
-7.24311
-12.5072
-19.9627
-28.2895
-36.343
-43.8053
-50.815
-57.3894
-63.0943
-66.7928
-67.2484
-63.918
-56.9693
-47.3238
-36.6838
-26.9605
-19.2253
-13.0803
-7.58936
-2.31813
2.3207
5.71314
7.76456
8.83517
9.33209
9.51831
9.52452
9.41224
9.22015
8.96144
8.65862
8.33839
7.8722
6.67225
3.30317
-3.75792
-14.1186
-26.0803
-38.3212
-48.8012
-55.0548
-55.6968
-50.5682
-40.4801
-27.5102
-14.9348
-5.38805
0.550029
3.77414
5.39704
6.17031
6.49641
6.57875
6.5277
6.40959
6.26503
6.11875
5.9843
5.86815
5.77163
5.6929
5.62578
5.55568
5.44488
5.14436
4.19626
1.37823
-4.99264
-15.3622
-27.8391
-38.6091
-43.0954
-39.1915
-28.8404
-16.2381
-7.41694
0.411936
-10.3599
-10.5315
-10.8203
-11.1956
-11.6724
-12.2503
-12.9578
-13.8126
-14.8358
-16.0369
-17.3516
-18.5536
-19.2693
-19.1004
-18.1079
-16.124
-13.2867
-9.9328
-6.51547
-3.41994
-1.06237
0.12346
-0.61481
-3.95591
-10.1161
-18.3753
-27.3293
-35.8552
-43.7025
-51.0916
-58.0841
-64.2214
-68.3142
-69.082
-65.9459
-59.0317
-49.1632
-38.0925
-28.0105
-20.1267
-14.0189
-8.60675
-3.3596
1.32702
4.80458
6.95289
8.12519
8.72118
8.99727
9.08323
9.04007
8.90753
8.7049
8.44837
8.1387
7.59002
6.16995
2.42796
-5.10362
-15.9928
-28.5146
-41.2431
-51.9928
-58.3365
-59.0007
-53.842
-43.5129
-29.977
-16.6298
-6.43939
-0.129614
3.27712
5.00267
5.8519
6.24302
6.38274
6.38159
6.30496
6.19333
6.07263
5.95771
5.85435
5.76235
5.67923
5.59696
5.4981
5.34288
4.98897
3.98006
1.09362
-5.35824
-15.8373
-28.4094
-39.2108
-43.6532
-39.7595
-29.2667
-16.7653
-7.40181
-0.246431
-9.88274
-10.0486
-10.327
-10.6793
-11.1315
-11.6976
-12.4508
-13.4956
-14.9752
-17.0145
-19.5788
-22.2548
-24.2837
-24.9492
-23.8022
-20.7849
-16.0415
-10.2225
-4.48762
0.291167
3.45493
4.67139
3.4571
-0.575707
-7.4138
-16.2124
-25.5789
-34.4374
-42.5474
-50.1256
-57.2432
-63.4597
-67.6426
-68.5942
-65.7221
-59.059
-49.3337
-38.3099
-28.302
-20.5482
-14.5635
-9.23032
-4.03769
0.600958
4.05311
6.22448
7.46403
8.14575
8.50604
8.66862
8.69369
8.61867
8.46596
8.24815
7.95917
7.37849
5.84299
1.9162
-5.81754
-16.9377
-29.7229
-42.6276
-53.4012
-59.7191
-60.42
-55.3598
-45.0494
-31.3256
-17.6255
-7.12917
-0.650246
2.84427
4.63573
5.54831
6.00009
6.19458
6.24034
6.20282
6.1235
6.02831
5.93161
5.83917
5.75124
5.66431
5.56868
5.44501
5.25136
4.85105
3.80435
0.935892
-5.39873
-15.6835
-28.0191
-38.5771
-42.8926
-39.1057
-28.7623
-16.6877
-7.08753
-0.836003
-9.4468
-9.61172
-9.87605
-10.1935
-10.6007
-11.1411
-11.9407
-13.2107
-15.2651
-18.3945
-22.5559
-26.9503
-30.1424
-31.1435
-29.69
-25.8847
-19.5896
-11.4157
-3.17282
3.29547
7.29423
8.45987
6.84241
2.301
-4.91576
-13.9376
-23.4656
-32.4902
-40.7307
-48.3348
-55.354
-61.3899
-65.4371
-66.4475
-63.8282
-57.5208
-48.1751
-37.5627
-27.9964
-20.5985
-14.7994
-9.54324
-4.43099
0.0846371
3.43173
5.5763
6.85858
7.61318
8.04908
8.28061
8.36716
8.34379
8.23368
8.04631
7.77982
7.206
5.64798
1.7066
-5.99413
-17.0873
-29.8828
-42.7211
-53.3509
-59.5717
-60.3196
-55.4378
-45.3167
-31.6875
-17.9868
-7.48592
-1.02045
2.4777
4.30173
5.26308
5.76652
6.009
6.09684
6.09493
6.04481
5.97273
5.89363
5.81351
5.73199
5.64446
5.53964
5.39642
5.17151
4.73506
3.67468
0.891437
-5.18076
-15.0462
-26.896
-37.0201
-41.1434
-37.5438
-27.5752
-16.1635
-6.58729
-1.34331
-9.12345
-9.26785
-9.49506
-9.75439
-10.0844
-10.5581
-11.3754
-12.8628
-15.4777
-19.588
-24.9985
-30.4559
-34.0302
-34.7751
-33.0212
-28.9387
-22.0139
-12.5345
-2.55411
5.29844
9.80601
10.9788
9.10995
4.32379
-2.94713
-11.8733
-21.305
-30.3088
-38.5413
-46.0486
-52.8387
-58.5555
-62.3456
-63.3199
-60.8969
-54.9545
-46.1177
-36.1693
-27.2972
-20.3843
-14.7919
-9.61324
-4.61548
-0.2843
2.90797
4.99856
6.30738
7.12232
7.62369
7.91563
8.05651
8.07951
8.00672
7.84422
7.59424
7.04953
5.53868
1.71762
-5.76124
-16.6177
-29.2196
-41.8205
-52.2001
-58.2858
-59.0856
-54.422
-44.5944
-31.2629
-17.8369
-7.57427
-1.26822
2.16802
3.99872
4.99746
5.54612
5.83212
5.9587
5.99012
5.968
5.91851
5.85642
5.78757
5.71179
5.62401
5.51184
5.35284
5.10312
4.64044
3.58618
0.933377
-4.78364
-14.083
-25.283
-34.854
-38.752
-35.3932
-25.9547
-15.3534
-5.9971
-1.76204
-8.92139
-9.03245
-9.20447
-9.37786
-9.60499
-9.99385
-10.8082
-12.4573
-15.4733
-20.1883
-26.2073
-32.0116
-35.5594
-36.0906
-34.1748
-30.0524
-22.9919
-13.0473
-2.42179
6.09732
10.8851
12.0631
10.0331
5.35526
-1.62916
-10.1864
-19.294
-28.0924
-36.1826
-43.5029
-50.0003
-55.3485
-58.834
-59.7091
-57.4126
-51.8063
-43.5549
-34.4367
-26.3904
-19.9911
-14.593
-9.5006
-4.66051
-0.558849
2.4571
4.48452
5.80985
6.67346
7.2297
7.57308
7.76038
7.82376
7.7831
7.64191
7.40154
6.89424
5.47583
1.87019
-5.24738
-15.7078
-27.9614
-40.2091
-50.2753
-56.2048
-57.0554
-52.6262
-43.1533
-30.2616
-17.3128
-7.46651
-1.42299
1.90663
3.72565
4.75219
5.33935
5.66363
5.82498
5.88672
5.89013
5.86125
5.81495
5.75737
5.68824
5.60187
5.48499
5.31411
5.04544
4.56494
3.53066
1.03344
-4.28026
-12.9344
-23.3941
-32.3496
-36.008
-32.9244
-24.111
-14.3927
-5.38647
-2.09422
-8.85121
-8.90991
-9.01199
-9.0835
-9.20259
-9.51596
-10.3331
-12.0931
-15.3101
-20.2408
-26.3699
-32.1045
-35.5353
-35.9832
-34.0754
-30.0261
-23.0051
-13.028
-2.42039
5.88147
10.5432
11.6787
9.878
5.47432
-0.97697
-8.92559
-17.5258
-25.9683
-33.8003
-40.8633
-47.0383
-52.0145
-55.1902
-55.9293
-53.6998
-48.4074
-40.8032
-32.6078
-25.4039
-19.4742
-14.248
-9.26468
-4.62708
-0.777756
2.06328
4.02857
5.36302
6.2644
6.86536
7.25191
7.4785
7.57667
7.56377
7.44176
7.20605
6.73363
5.43025
2.09652
-4.56736
-14.5178
-26.3111
-38.1279
-47.8445
-53.6055
-54.5025
-50.3109
-41.2291
-28.8756
-16.5446
-7.23147
-1.51264
1.68467
3.4802
4.52699
5.14696
5.5052
5.69809
5.78784
5.81527
5.80615
5.77516
5.72827
5.66533
5.58059
5.46032
5.28038
4.99746
4.50567
3.49954
1.16698
-3.72949
-11.7116
-21.3975
-29.7182
-33.1385
-30.3484
-22.2049
-13.3829
-4.80067
-2.34677
-8.75545
-8.78449
-8.8412
-8.85957
-8.93416
-9.22503
-10.0621
-11.8796
-15.1293
-19.9826
-25.8709
-31.2872
-34.5083
-34.9811
-33.1986
-29.2192
-22.2804
-12.6337
-2.67755
4.93931
9.22677
10.3055
8.79327
4.93067
-0.879558
-8.08882
-16.0364
-24.0016
-31.4853
-38.2392
-44.0793
-48.6978
-51.5706
-52.1542
-49.9593
-44.9932
-38.1017
-30.8509
-24.4097
-18.8651
-13.7928
-8.95693
-4.56147
-0.965865
1.71613
3.62501
4.96283
5.89244
6.52917
6.95161
7.2113
7.3391
7.35013
7.24528
7.01208
6.56629
5.38474
2.35006
-3.80753
-13.1748
-24.433
-35.7715
-45.1198
-50.7051
-51.6405
-47.6796
-39.0074
-27.2581
-15.6375
-6.92596
-1.5613
1.49354
3.2595
4.32088
4.96861
5.35673
5.57802
5.69334
5.74283
5.7519
5.73512
5.69858
5.64221
5.56003
5.43803
5.25167
4.95844
4.46028
3.48623
1.3162
-3.17321
-10.4943
-19.4151
-27.1122
-30.3057
-27.8125
-20.3453
-12.3917
-4.26661
-2.53086
-8.72527
-8.62079
-8.683
-8.68015
-8.74992
-9.07363
-9.97576
-11.8495
-15.0565
-19.6708
-25.1186
-30.061
-33.048
-33.5835
-31.8923
-27.8791
-21.0214
-11.9666
-3.05336
3.58885
7.354
8.48184
7.21132
3.90114
-1.18041
-7.61707
-14.8426
-22.2395
-29.3005
-35.7026
-41.1999
-45.4777
-48.0674
-48.4829
-46.3215
-41.731
-35.6127
-29.2591
-23.4439
-18.1888
-13.2614
-8.61739
-4.49153
-1.13658
1.40726
3.26694
4.60433
5.55466
6.21965
6.67156
6.95892
7.11159
7.14324
7.05396
6.82429
6.3958
5.32787
2.59096
-3.04331
-11.786
-22.4588
-33.2874
-42.2561
-47.6615
-48.627
-44.888
-36.6356
-25.5309
-14.6704
-6.58882
-1.58497
1.32665
3.0606
4.13255
4.80389
5.21834
5.46527
5.60405
5.67408
5.70033
5.69717
5.67056
5.62048
5.54106
5.41825
5.2274
4.92694
4.42596
3.48461
1.46736
-2.64041
-9.33526
-17.526
-24.6307
-27.6149
-25.4113
-18.6
-11.4608
-3.79616
-2.65926
)
;

boundaryField
{
    outlet
    {
        type            fixedValue;
        value           uniform 0;
    }
    inlet
    {
        type            zeroGradient;
    }
    lowerWall
    {
        type            zeroGradient;
    }
    upperWall
    {
        type            zeroGradient;
    }
    frontAndBack
    {
        type            empty;
    }
}


// ************************************************************************* //
