/*--------------------------------*- C++ -*----------------------------------*\
| =========                 |                                                 |
| \\      /  F ield         | OpenFOAM: The Open Source CFD Toolbox           |
|  \\    /   O peration     | Version:  2.1.1                                 |
|   \\  /    A nd           | Web:      www.OpenFOAM.org                      |
|    \\/     M anipulation  |                                                 |
\*---------------------------------------------------------------------------*/
FoamFile
{
    version     2.0;
    format      ascii;
    class       volScalarField;
    location    "0.075";
    object      nut;
}
// * * * * * * * * * * * * * * * * * * * * * * * * * * * * * * * * * * * * * //

dimensions      [0 2 -1 0 0 0 0];

internalField   nonuniform List<scalar> 
6820
(
4.96025e-05
5.47044e-05
5.94497e-05
6.37667e-05
6.76165e-05
7.09773e-05
7.38474e-05
7.62445e-05
7.8201e-05
7.97583e-05
8.09629e-05
8.18624e-05
8.25029e-05
8.29273e-05
8.31741e-05
8.32775e-05
8.32666e-05
8.31663e-05
8.29973e-05
8.27767e-05
8.25185e-05
8.22339e-05
8.1932e-05
8.16198e-05
8.13027e-05
8.0985e-05
8.06696e-05
8.03591e-05
8.00517e-05
7.9764e-05
7.94177e-05
7.93868e-05
7.78499e-05
0.000540296
0.000304967
0.00021995
0.000171545
0.000140505
0.00011964
0.000105114
9.47291e-05
8.71644e-05
8.15829e-05
7.74344e-05
7.43452e-05
7.20548e-05
7.03771e-05
6.91767e-05
6.83533e-05
6.78315e-05
6.75537e-05
6.74751e-05
6.75606e-05
6.77823e-05
6.81176e-05
6.85481e-05
6.90584e-05
6.96356e-05
7.02687e-05
7.09483e-05
7.16653e-05
7.24129e-05
7.31786e-05
7.39622e-05
7.47317e-05
7.54222e-05
0.00105857
0.000836091
0.000679245
0.000569622
0.000490063
0.000430127
0.000383713
0.000346867
0.000316966
0.000292249
0.0002715
0.000253857
0.000238693
0.00022554
0.000214042
0.000203924
0.000194967
0.000186998
0.000179877
0.000173488
0.000167737
0.000162543
0.000157841
0.000153573
0.00014969
0.000146151
0.000142921
0.000139966
0.000137259
0.00013478
0.000132484
0.000130433
0.000128262
0.00115953
0.00109653
0.00101167
0.000926426
0.000849824
0.000783639
0.000727091
0.00067877
0.00063726
0.000601337
0.000569998
0.000542441
0.000518025
0.000496239
0.000476678
0.000459011
0.000442973
0.000428346
0.000414949
0.000402632
0.000391268
0.00038075
0.000370988
0.000361903
0.000353427
0.000345503
0.00033808
0.000331118
0.000324581
0.00031844
0.000312683
0.000307291
0.000302291
0.00116966
0.00115863
0.00113363
0.00109757
0.00105569
0.00101221
0.000969678
0.000929422
0.000891982
0.000857482
0.000825833
0.000796843
0.000770285
0.000745926
0.000723545
0.000702939
0.000683924
0.000666335
0.000650029
0.000634876
0.000620764
0.000607593
0.000595272
0.000583724
0.000572878
0.000562671
0.000553047
0.000543957
0.000535355
0.000527203
0.000519469
0.000512124
0.000505156
0.00117006
0.00116839
0.00116306
0.00115261
0.00113713
0.00111767
0.00109554
0.00107191
0.00104771
0.00102359
0.000999982
0.000977162
0.000955284
0.000934428
0.00091462
0.000895853
0.000878099
0.000861316
0.000845456
0.000830466
0.000816295
0.000802889
0.000790198
0.000778173
0.000766766
0.000755934
0.000745635
0.00073583
0.00072648
0.000717551
0.000709012
0.000700836
0.000692995
0.00116996
0.00116938
0.00116821
0.00116569
0.00116123
0.00115458
0.00114584
0.00113527
0.00112327
0.00111022
0.00109647
0.00108231
0.00106799
0.00105368
0.00103952
0.00102562
0.00101205
0.000998863
0.000986085
0.000973736
0.000961824
0.00095035
0.000939307
0.000928687
0.000918475
0.000908656
0.000899214
0.00089013
0.000881385
0.00087296
0.000864838
0.000857001
0.000849431
0.00116994
0.0011694
0.00116883
0.00116803
0.00116674
0.00116472
0.0011618
0.0011579
0.00115304
0.00114728
0.00114073
0.00113352
0.00112579
0.00111766
0.00110924
0.00110063
0.00109191
0.00108316
0.00107443
0.00106576
0.0010572
0.00104877
0.0010405
0.00103239
0.00102447
0.00101673
0.00100919
0.00100184
0.000994672
0.000987696
0.000980903
0.000974288
0.000967845
0.00116994
0.00116939
0.00116886
0.00116832
0.0011677
0.00116692
0.00116588
0.00116449
0.00116268
0.00116043
0.00115771
0.00115454
0.00115096
0.00114699
0.00114269
0.00113811
0.00113329
0.00112827
0.00112311
0.00111783
0.00111248
0.00110708
0.00110166
0.00109623
0.00109083
0.00108546
0.00108014
0.00107488
0.00106968
0.00106455
0.00105949
0.00105452
0.00104962
0.00116994
0.00116938
0.00116885
0.00116833
0.00116782
0.00116729
0.00116671
0.00116605
0.00116526
0.00116432
0.00116319
0.00116185
0.00116029
0.00115852
0.00115652
0.00115433
0.00115194
0.00114938
0.00114666
0.0011438
0.00114082
0.00113774
0.00113458
0.00113135
0.00112806
0.00112474
0.00112138
0.00111801
0.00111462
0.00111123
0.00110785
0.00110448
0.00110113
0.00116994
0.00116938
0.00116884
0.00116832
0.00116782
0.00116732
0.00116683
0.00116634
0.00116582
0.00116527
0.00116466
0.00116399
0.00116324
0.00116239
0.00116145
0.0011604
0.00115926
0.001158
0.00115665
0.0011552
0.00115367
0.00115204
0.00115034
0.00114857
0.00114674
0.00114486
0.00114292
0.00114095
0.00113894
0.0011369
0.00113483
0.00113275
0.00113065
0.00116994
0.00116938
0.00116884
0.00116832
0.00116781
0.00116732
0.00116684
0.00116637
0.00116591
0.00116545
0.00116499
0.00116451
0.00116402
0.0011635
0.00116295
0.00116237
0.00116174
0.00116108
0.00116036
0.0011596
0.00115879
0.00115794
0.00115704
0.00115609
0.0011551
0.00115407
0.00115301
0.00115191
0.00115078
0.00114962
0.00114843
0.00114723
0.001146
0.00116994
0.00116938
0.00116884
0.00116832
0.00116781
0.00116732
0.00116684
0.00116637
0.00116591
0.00116547
0.00116504
0.00116461
0.00116419
0.00116376
0.00116334
0.00116291
0.00116247
0.00116202
0.00116156
0.00116108
0.00116059
0.00116008
0.00115955
0.00115899
0.00115842
0.00115783
0.00115723
0.0011566
0.00115595
0.00115529
0.00115461
0.00115392
0.00115321
0.00116994
0.00116938
0.00116884
0.00116832
0.00116781
0.00116731
0.00116683
0.00116636
0.00116591
0.00116547
0.00116504
0.00116462
0.00116421
0.00116381
0.00116342
0.00116303
0.00116265
0.00116227
0.00116189
0.00116151
0.00116113
0.00116075
0.00116037
0.00115998
0.00115959
0.0011592
0.00115879
0.00115839
0.00115797
0.00115755
0.00115713
0.0011567
0.00115626
0.00116994
0.00116938
0.00116884
0.00116832
0.00116781
0.00116731
0.00116683
0.00116636
0.00116591
0.00116546
0.00116503
0.00116462
0.00116421
0.00116381
0.00116342
0.00116305
0.00116268
0.00116232
0.00116196
0.00116161
0.00116127
0.00116094
0.0011606
0.00116028
0.00115995
0.00115963
0.00115931
0.00115899
0.00115867
0.00115836
0.00115804
0.00115773
0.00115742
0.00116994
0.00116938
0.00116884
0.00116831
0.0011678
0.00116731
0.00116683
0.00116636
0.0011659
0.00116546
0.00116503
0.00116461
0.0011642
0.00116381
0.00116342
0.00116304
0.00116268
0.00116232
0.00116197
0.00116163
0.0011613
0.00116097
0.00116066
0.00116035
0.00116004
0.00115974
0.00115945
0.00115916
0.00115888
0.00115861
0.00115833
0.00115807
0.00115781
0.00116994
0.00116938
0.00116884
0.00116831
0.0011678
0.00116731
0.00116683
0.00116636
0.0011659
0.00116546
0.00116503
0.00116461
0.0011642
0.0011638
0.00116341
0.00116304
0.00116267
0.00116231
0.00116197
0.00116163
0.0011613
0.00116098
0.00116066
0.00116036
0.00116006
0.00115977
0.00115948
0.00115921
0.00115894
0.00115867
0.00115842
0.00115816
0.00115792
0.00116994
0.00116938
0.00116884
0.00116831
0.0011678
0.00116731
0.00116682
0.00116635
0.0011659
0.00116545
0.00116502
0.0011646
0.00116419
0.0011638
0.00116341
0.00116303
0.00116267
0.00116231
0.00116196
0.00116162
0.00116129
0.00116097
0.00116066
0.00116035
0.00116006
0.00115977
0.00115948
0.00115921
0.00115894
0.00115868
0.00115843
0.00115819
0.00115795
0.00116994
0.00116938
0.00116884
0.00116831
0.0011678
0.00116731
0.00116682
0.00116635
0.0011659
0.00116545
0.00116502
0.0011646
0.00116419
0.00116379
0.00116341
0.00116303
0.00116266
0.0011623
0.00116196
0.00116162
0.00116129
0.00116097
0.00116065
0.00116035
0.00116005
0.00115976
0.00115948
0.00115921
0.00115894
0.00115868
0.00115843
0.00115819
0.00115795
0.00116994
0.00116938
0.00116884
0.00116831
0.0011678
0.0011673
0.00116682
0.00116635
0.00116589
0.00116545
0.00116502
0.0011646
0.00116419
0.00116379
0.0011634
0.00116302
0.00116266
0.0011623
0.00116195
0.00116161
0.00116128
0.00116096
0.00116065
0.00116034
0.00116004
0.00115976
0.00115947
0.0011592
0.00115893
0.00115868
0.00115842
0.00115818
0.00115794
0.00116994
0.00116938
0.00116884
0.00116831
0.0011678
0.0011673
0.00116682
0.00116635
0.00116589
0.00116545
0.00116502
0.0011646
0.00116419
0.00116379
0.0011634
0.00116302
0.00116265
0.0011623
0.00116195
0.00116161
0.00116128
0.00116095
0.00116064
0.00116034
0.00116004
0.00115975
0.00115947
0.00115919
0.00115893
0.00115867
0.00115842
0.00115817
0.00115794
0.00116994
0.00116938
0.00116884
0.00116831
0.0011678
0.0011673
0.00116682
0.00116635
0.00116589
0.00116545
0.00116501
0.00116459
0.00116418
0.00116378
0.0011634
0.00116302
0.00116265
0.00116229
0.00116194
0.0011616
0.00116127
0.00116095
0.00116064
0.00116033
0.00116003
0.00115974
0.00115946
0.00115919
0.00115892
0.00115866
0.00115841
0.00115817
0.00115793
0.00116994
0.00116938
0.00116884
0.00116831
0.0011678
0.0011673
0.00116682
0.00116635
0.00116589
0.00116545
0.00116501
0.00116459
0.00116418
0.00116378
0.00116339
0.00116302
0.00116265
0.00116229
0.00116194
0.0011616
0.00116127
0.00116095
0.00116063
0.00116033
0.00116003
0.00115974
0.00115946
0.00115918
0.00115892
0.00115866
0.0011584
0.00115816
0.00115792
0.00116994
0.00116938
0.00116884
0.00116831
0.0011678
0.0011673
0.00116682
0.00116635
0.00116589
0.00116544
0.00116501
0.00116459
0.00116418
0.00116378
0.00116339
0.00116301
0.00116264
0.00116229
0.00116194
0.0011616
0.00116126
0.00116094
0.00116063
0.00116032
0.00116002
0.00115973
0.00115945
0.00115918
0.00115891
0.00115865
0.0011584
0.00115815
0.00115791
0.00116994
0.00116938
0.00116884
0.00116831
0.0011678
0.0011673
0.00116682
0.00116635
0.00116589
0.00116544
0.00116501
0.00116459
0.00116418
0.00116378
0.00116339
0.00116301
0.00116264
0.00116228
0.00116193
0.00116159
0.00116126
0.00116094
0.00116062
0.00116032
0.00116002
0.00115973
0.00115945
0.00115917
0.0011589
0.00115864
0.00115839
0.00115814
0.0011579
0.00116994
0.00116938
0.00116884
0.00116831
0.0011678
0.0011673
0.00116682
0.00116635
0.00116589
0.00116544
0.00116501
0.00116459
0.00116418
0.00116378
0.00116339
0.00116301
0.00116264
0.00116228
0.00116193
0.00116159
0.00116126
0.00116093
0.00116062
0.00116031
0.00116001
0.00115972
0.00115944
0.00115916
0.0011589
0.00115864
0.00115838
0.00115813
0.00115789
0.00116994
0.00116938
0.00116884
0.00116831
0.0011678
0.0011673
0.00116682
0.00116635
0.00116589
0.00116544
0.00116501
0.00116459
0.00116418
0.00116378
0.00116339
0.00116301
0.00116264
0.00116228
0.00116193
0.00116159
0.00116125
0.00116093
0.00116062
0.00116031
0.00116001
0.00115972
0.00115944
0.00115916
0.00115889
0.00115863
0.00115837
0.00115813
0.00115788
0.00116994
0.00116938
0.00116884
0.00116831
0.0011678
0.0011673
0.00116682
0.00116635
0.00116589
0.00116544
0.00116501
0.00116459
0.00116417
0.00116377
0.00116338
0.00116301
0.00116264
0.00116228
0.00116193
0.00116158
0.00116125
0.00116093
0.00116061
0.00116031
0.00116001
0.00115971
0.00115943
0.00115915
0.00115888
0.00115862
0.00115837
0.00115812
0.00115788
0.00116994
0.00116938
0.00116884
0.00116831
0.0011678
0.0011673
0.00116682
0.00116634
0.00116589
0.00116544
0.00116501
0.00116458
0.00116417
0.00116377
0.00116338
0.001163
0.00116264
0.00116228
0.00116192
0.00116158
0.00116125
0.00116093
0.00116061
0.0011603
0.00116
0.00115971
0.00115943
0.00115915
0.00115888
0.00115862
0.00115836
0.00115811
0.00115787
0.00116994
0.00116938
0.00116884
0.00116831
0.0011678
0.0011673
0.00116682
0.00116635
0.00116589
0.00116544
0.00116501
0.00116459
0.00116418
0.00116378
0.00116339
0.00116301
0.00116264
0.00116228
0.00116193
0.00116158
0.00116125
0.00116093
0.00116061
0.0011603
0.00116
0.00115971
0.00115942
0.00115915
0.00115888
0.00115861
0.00115835
0.0011581
0.00115786
0.00116994
0.00116938
0.00116884
0.00116831
0.0011678
0.0011673
0.00116682
0.00116635
0.00116589
0.00116544
0.00116501
0.00116459
0.00116418
0.00116378
0.00116339
0.00116301
0.00116264
0.00116228
0.00116193
0.00116159
0.00116125
0.00116093
0.00116061
0.0011603
0.00116
0.00115971
0.00115942
0.00115914
0.00115887
0.0011586
0.00115835
0.00115809
0.00115785
0.00116994
0.00116938
0.00116884
0.00116831
0.0011678
0.00116731
0.00116682
0.00116635
0.0011659
0.00116545
0.00116502
0.0011646
0.00116419
0.00116379
0.0011634
0.00116302
0.00116265
0.00116228
0.00116193
0.00116159
0.00116125
0.00116093
0.00116061
0.00116029
0.00115999
0.00115969
0.0011594
0.00115911
0.00115883
0.00115856
0.00115829
0.00115803
0.00115778
0.00116994
0.00116938
0.00116884
0.00116831
0.0011678
0.00116731
0.00116683
0.00116636
0.0011659
0.00116546
0.00116503
0.0011646
0.00116419
0.00116379
0.0011634
0.00116301
0.00116264
0.00116227
0.00116191
0.00116155
0.0011612
0.00116086
0.00116052
0.00116019
0.00115986
0.00115954
0.00115922
0.00115891
0.0011586
0.00115829
0.00115798
0.00115768
0.00115739
0.00116994
0.00116938
0.00116884
0.00116833
0.00116782
0.00116733
0.00116685
0.00116639
0.00116593
0.00116548
0.00116503
0.00116459
0.00116416
0.00116373
0.00116331
0.00116288
0.00116246
0.00116204
0.00116162
0.00116119
0.00116076
0.00116033
0.0011599
0.00115947
0.00115903
0.00115859
0.00115814
0.00115769
0.00115724
0.00115679
0.00115633
0.00115587
0.00115541
0.00116994
0.00116939
0.00116886
0.00116835
0.00116784
0.00116733
0.00116683
0.00116632
0.00116581
0.00116528
0.00116473
0.00116417
0.00116358
0.00116297
0.00116233
0.00116166
0.00116096
0.00116024
0.00115948
0.0011587
0.00115789
0.00115706
0.0011562
0.00115531
0.00115441
0.00115348
0.00115254
0.00115158
0.0011506
0.00114961
0.00114861
0.0011476
0.00114658
0.00116995
0.0011694
0.00116886
0.00116828
0.00116765
0.00116694
0.00116612
0.00116519
0.00116413
0.00116294
0.00116161
0.00116016
0.00115858
0.00115687
0.00115505
0.00115312
0.00115109
0.00114897
0.00114678
0.00114451
0.00114218
0.00113979
0.00113736
0.0011349
0.0011324
0.00112988
0.00112735
0.0011248
0.00112225
0.0011197
0.00111716
0.00111462
0.0011121
0.00116996
0.00116916
0.00116786
0.00116595
0.00116343
0.00116029
0.00115655
0.00115226
0.00114745
0.0011422
0.00113656
0.0011306
0.00112438
0.00111796
0.00111139
0.00110472
0.00109797
0.0010912
0.00108443
0.00107769
0.001071
0.00106437
0.00105782
0.00105137
0.00104502
0.00103878
0.00103267
0.00102668
0.00102082
0.00101509
0.00100949
0.00100403
0.000998707
0.00116831
0.00115866
0.001145
0.00112843
0.00110968
0.00108945
0.0010684
0.00104705
0.00102577
0.00100484
0.000984449
0.00096471
0.000945697
0.000927448
0.000909974
0.000893271
0.000877324
0.000862108
0.000847597
0.000833759
0.000820563
0.000807976
0.000795968
0.000784508
0.000773565
0.000763113
0.000753125
0.000743574
0.000734438
0.000725694
0.000717321
0.000709299
0.000701606
0.00107567
0.000936197
0.000835614
0.000756917
0.000692145
0.000638421
0.000593538
0.000555667
0.000523372
0.000495547
0.000471344
0.000450112
0.000431344
0.00041464
0.000399686
0.000386225
0.000374052
0.000362996
0.000352916
0.000343694
0.000335231
0.000327441
0.000320252
0.000313601
0.000307433
0.000301701
0.000296365
0.000291386
0.000286732
0.000282376
0.000278291
0.000274455
0.000270845
0.000142979
0.000146644
0.000150174
0.000153551
0.000156773
0.000159846
0.000162776
0.000165567
0.000168225
0.000170755
0.000173161
0.00017545
0.000177625
0.000179692
0.000181655
0.000183518
0.000185286
0.000186964
0.000188556
0.000190066
0.000191497
0.000192854
0.00019414
0.000195358
0.000196513
0.000197607
0.000198643
0.000199624
0.000200554
0.000201434
0.000202268
0.000203057
0.000203804
9.04967e-05
0.000111821
0.00014217
0.000182368
0.000230813
0.000284116
0.000338296
0.000390475
0.000439965
0.000488249
0.000537719
0.00059018
0.000646059
0.000704728
0.000765421
0.000827928
0.000892621
0.000960174
0.0010312
0.0011059
0.00118408
0.00126525
0.00134876
0.00143364
0.00151861
0.00160194
0.00168159
0.00175525
0.00182049
0.00187482
0.00191575
0.00194079
0.00194749
0.00193347
0.00189649
0.00183449
0.00174581
0.00162951
0.001486
0.00131848
0.00113581
0.000957409
0.000819287
0.000774127
0.00086496
0.00105304
0.00123017
0.00135672
0.00145013
0.00152556
0.00158878
0.00164176
0.00168559
0.00172132
0.00175012
0.00177318
0.00179165
0.00180657
0.00181888
0.00182935
0.00183865
0.00184732
0.00185581
0.00186445
0.00187351
0.00188317
0.0018935
0.00190453
0.00191621
0.00192844
0.00194108
0.00195394
0.00196687
0.00197968
0.00199225
0.00200446
0.00201624
0.00202754
0.00203837
0.00204872
0.00205858
0.00206784
0.00207626
0.00208337
0.00208841
0.00209034
0.00208785
0.00207947
0.00206372
0.0020393
0.0020053
0.00196131
0.00190756
0.00184495
0.00177499
0.00169976
0.00162196
0.00154375
0.00147332
0.00137724
7.66841e-05
7.90283e-05
8.31244e-05
9.02294e-05
0.000102124
0.000120875
0.000148364
0.000185632
0.000232216
0.000285967
0.000343541
0.000401582
0.000457897
0.000512001
0.000564822
0.000617876
0.000672494
0.000729427
0.000788756
0.000850206
0.0009136
0.000978973
0.00104633
0.00111533
0.00118513
0.00125434
0.00132117
0.00138352
0.00143911
0.00148549
0.00152016
0.00154055
0.00154413
0.0015285
0.00149149
0.00143136
0.00134723
0.00123973
0.00111236
0.000973911
0.000842088
0.00074735
0.000731377
0.000824302
0.00099339
0.0011579
0.00128358
0.00137981
0.00145825
0.0015244
0.00158048
0.00162762
0.00166674
0.00169878
0.00172475
0.00174567
0.00176251
0.00177617
0.00178744
0.00179702
0.00180548
0.00181333
0.00182096
0.00182872
0.00183686
0.00184557
0.00185499
0.00186517
0.0018761
0.00188773
0.00189993
0.00191258
0.00192552
0.00193857
0.00195159
0.00196444
0.00197703
0.00198927
0.00200113
0.00201257
0.00202354
0.00203394
0.0020435
0.00205175
0.00205796
0.00206109
0.00205985
0.00205279
0.00203846
0.00201559
0.00198327
0.00194113
0.00188938
0.00182887
0.00176109
0.00168804
0.00161233
0.00153607
0.00146726
0.00137325
0.000126083
0.000124082
0.000122385
0.000120796
0.00011912
0.000117155
0.000115106
0.000114518
0.000118353
0.000129669
0.000150498
0.000181593
0.000222414
0.000271209
0.000325347
0.000381936
0.000438546
0.000493691
0.000546719
0.00059842
0.000650062
0.000702644
0.000756528
0.000811445
0.000866663
0.000921135
0.000973567
0.0010224
0.00106578
0.00110161
0.00112758
0.00114131
0.00114049
0.00112308
0.00108758
0.0010335
0.00096208
0.000877585
0.000789144
0.000713155
0.000674795
0.000703426
0.000810623
0.000962462
0.00110722
0.00122485
0.00131935
0.00139777
0.00146452
0.00152182
0.00157084
0.00161235
0.00164705
0.00167569
0.0016991
0.0017181
0.0017335
0.00174606
0.00175645
0.00176526
0.00177301
0.00178014
0.00178703
0.00179398
0.00180126
0.00180906
0.00181754
0.00182679
0.00183683
0.00184766
0.00185921
0.00187137
0.001884
0.00189697
0.00191011
0.0019233
0.0019364
0.00194932
0.00196197
0.00197431
0.00198625
0.00199766
0.00200827
0.00201762
0.00202498
0.00202934
0.00202943
0.00202383
0.00201111
0.00199002
0.00195966
0.00191967
0.00187023
0.00181215
0.00174685
0.00167625
0.00160286
0.00152873
0.00146168
0.00136976
0.000296842
0.000290936
0.000285464
0.000280764
0.000277402
0.000276087
0.000277134
0.000278987
0.000276327
0.00026187
0.000235131
0.000206044
0.000185291
0.000177324
0.000182128
0.000198255
0.000224
0.000257607
0.000297231
0.000340737
0.000386046
0.00043156
0.000476326
0.000519934
0.000562233
0.000603022
0.000641805
0.000677687
0.000709382
0.000735306
0.000753726
0.000762949
0.000761569
0.000748803
0.000724988
0.000692288
0.000655706
0.000624311
0.00061219
0.000637018
0.000711583
0.000828501
0.000959815
0.00108124
0.0011849
0.00127226
0.00134681
0.00141139
0.00146776
0.00151691
0.00155943
0.0015958
0.00162651
0.00165211
0.00167324
0.00169055
0.0017047
0.00171631
0.00172595
0.00173412
0.00174128
0.00174781
0.00175405
0.00176029
0.00176678
0.00177373
0.00178129
0.00178957
0.00179865
0.00180856
0.00181925
0.00183067
0.00184273
0.00185529
0.00186824
0.00188143
0.00189473
0.00190802
0.00192121
0.0019342
0.00194691
0.00195917
0.00197072
0.0019811
0.00198959
0.00199521
0.00199671
0.0019927
0.00198177
0.00196269
0.00193458
0.00189703
0.00185022
0.0017949
0.00173239
0.00166454
0.00159372
0.00152191
0.00145672
0.00136693
0.000497477
0.00048903
0.000480816
0.000472914
0.00046556
0.000459293
0.000455166
0.000454865
0.000460399
0.000472912
0.000490084
0.000502235
0.000493036
0.000454078
0.000396983
0.000341064
0.000297827
0.000269948
0.000255906
0.000253056
0.000259029
0.000271978
0.000290288
0.000312448
0.000337049
0.000362813
0.000388607
0.000413427
0.000436374
0.000456649
0.000473619
0.000486975
0.000497012
0.000505032
0.000513853
0.000528304
0.000555291
0.000602496
0.000674632
0.000768733
0.000874223
0.000979386
0.00107673
0.00116342
0.00123966
0.00130688
0.0013666
0.00141988
0.00146737
0.00150942
0.00154625
0.00157811
0.00160531
0.00162823
0.00164736
0.00166319
0.00167626
0.00168705
0.00169605
0.00170369
0.00171035
0.00171638
0.00172208
0.00172771
0.00173351
0.00173966
0.00174635
0.00175369
0.00176179
0.00177068
0.00178039
0.0017909
0.00180214
0.00181403
0.00182647
0.00183933
0.0018525
0.00186585
0.00187926
0.00189264
0.00190588
0.00191879
0.00193112
0.00194241
0.00195197
0.00195884
0.0019618
0.00195948
0.0019505
0.00193364
0.00190801
0.00187319
0.00182931
0.00177705
0.00171764
0.0016528
0.00158479
0.00151548
0.0014523
0.0013647
0.000684261
0.000674568
0.000665008
0.000655528
0.000646092
0.000636729
0.000627624
0.000619245
0.000612504
0.000608789
0.000609676
0.000616068
0.000626746
0.0006372
0.000640037
0.000627675
0.000597016
0.000551487
0.000502365
0.000460478
0.00042753
0.000403141
0.000386503
0.000376761
0.000373103
0.000374777
0.000381109
0.00039153
0.000405622
0.000423191
0.000444354
0.000469637
0.000500044
0.000537036
0.000582281
0.000637115
0.000701792
0.000774937
0.000853636
0.000934182
0.00101303
0.0010876
0.00115659
0.00121978
0.00127758
0.0013305
0.00137897
0.00142324
0.0014634
0.00149946
0.00153145
0.00155945
0.00158363
0.00160425
0.00162164
0.0016362
0.00164832
0.00165841
0.00166688
0.00167407
0.00168032
0.00168594
0.00169118
0.00169629
0.00170148
0.00170693
0.00171282
0.00171927
0.00172639
0.00173426
0.00174293
0.00175239
0.00176265
0.00177364
0.0017853
0.00179753
0.00181024
0.00182331
0.00183663
0.00185009
0.00186357
0.00187689
0.0018898
0.00190184
0.00191236
0.00192042
0.00192484
0.00192428
0.00191737
0.0019029
0.00187997
0.00184813
0.00180746
0.00175854
0.0017025
0.00164093
0.00157595
0.00150934
0.00144831
0.00136298
0.00084092
0.00083138
0.000821877
0.00081237
0.000802813
0.000793164
0.00078341
0.000773598
0.000763891
0.000754655
0.000746516
0.000740312
0.000736822
0.000736271
0.00073786
0.000739495
0.000738163
0.000730246
0.000715624
0.000696542
0.000675453
0.000654553
0.000635559
0.000619708
0.000607842
0.000600528
0.000598149
0.000600981
0.000609248
0.000623153
0.000642891
0.000668633
0.000700473
0.000738345
0.000781926
0.000830541
0.000883145
0.000938394
0.00099482
0.00105105
0.00110597
0.00115885
0.00120928
0.00125713
0.00130236
0.00134497
0.0013849
0.00142204
0.00145625
0.00148737
0.00151532
0.00154007
0.0015617
0.00158035
0.00159626
0.00160971
0.00162102
0.00163052
0.00163853
0.00164534
0.00165126
0.00165653
0.00166139
0.00166606
0.00167073
0.00167558
0.00168075
0.00168638
0.00169259
0.00169946
0.00170706
0.00171543
0.00172459
0.00173452
0.00174519
0.00175654
0.0017685
0.00178097
0.00179387
0.00180708
0.00182049
0.00183394
0.00184717
0.00185975
0.00187107
0.00188022
0.00188606
0.00188727
0.0018825
0.00187055
0.0018505
0.00182186
0.00178462
0.00173929
0.00168687
0.00162881
0.0015671
0.00150336
0.00144462
0.00136166
0.000960531
0.000952246
0.000943911
0.000935507
0.000927006
0.000918384
0.000909624
0.000900726
0.00089172
0.000882685
0.000873783
0.000865291
0.000857608
0.000851177
0.000846325
0.000843062
0.000840967
0.000839041
0.000836472
0.000832756
0.000827822
0.000821992
0.000815864
0.000810172
0.000805685
0.000803132
0.000803159
0.000806314
0.000813041
0.000823672
0.000838427
0.000857397
0.000880538
0.000907651
0.000938379
0.000972219
0.00100855
0.00104668
0.00108593
0.00112568
0.00116539
0.00120468
0.00124323
0.00128081
0.0013172
0.0013522
0.00138557
0.00141707
0.00144647
0.00147355
0.00149817
0.00152022
0.0015397
0.00155669
0.00157135
0.00158386
0.00159449
0.00160348
0.00161109
0.0016176
0.00162323
0.00162821
0.00163276
0.00163707
0.0016413
0.00164562
0.00165016
0.00165507
0.00166044
0.00166637
0.00167294
0.00168022
0.00168823
0.00169701
0.00170654
0.00171682
0.00172778
0.00173938
0.00175155
0.00176419
0.00177722
0.00179047
0.00180373
0.00181661
0.00182851
0.00183859
0.00184574
0.00184869
0.0018461
0.00183675
0.0018197
0.00179441
0.0017608
0.00171927
0.00167069
0.00161636
0.0015581
0.00149741
0.00144111
0.00136063
0.001044
0.00103757
0.00103102
0.00102435
0.00101756
0.00101064
0.00100357
0.000996372
0.00098905
0.000981639
0.000974196
0.000966815
0.00095964
0.000952869
0.000946743
0.000941486
0.000937245
0.000933995
0.0009316
0.00092987
0.000928627
0.000927768
0.000927298
0.000927339
0.000928111
0.000929907
0.000933057
0.000937896
0.000944737
0.000953844
0.000965421
0.000979587
0.000996378
0.00101573
0.00103751
0.00106147
0.00108733
0.00111477
0.00114344
0.00117302
0.0012032
0.0012337
0.00126426
0.00129463
0.00132457
0.00135381
0.00138208
0.00140912
0.00143465
0.00145845
0.00148033
0.00150014
0.00151784
0.00153345
0.00154704
0.00155877
0.00156881
0.00157736
0.00158465
0.00159089
0.00159629
0.00160104
0.00160533
0.00160932
0.00161319
0.00161705
0.00162106
0.00162532
0.00162995
0.00163503
0.00164065
0.00164688
0.00165377
0.00166137
0.00166969
0.00167876
0.00168856
0.00169907
0.00171024
0.00172202
0.00173435
0.00174709
0.00176007
0.00177294
0.00178517
0.00179596
0.00180427
0.00180885
0.00180839
0.00180166
0.00178768
0.00176585
0.00173602
0.00169845
0.00165389
0.00160347
0.00154884
0.00149137
0.00143765
0.00135979
0.00109724
0.00109272
0.00108807
0.00108328
0.00107836
0.00107331
0.00106812
0.0010628
0.00105738
0.00105186
0.0010463
0.00104072
0.0010352
0.00102982
0.0010247
0.00101997
0.00101576
0.0010122
0.00100938
0.00100734
0.00100609
0.00100562
0.00100594
0.00100706
0.00100902
0.00101191
0.00101584
0.00102094
0.00102736
0.00103524
0.0010447
0.00105584
0.00106871
0.00108333
0.00109965
0.0011176
0.00113705
0.00115787
0.00117989
0.00120291
0.00122677
0.00125125
0.00127615
0.00130126
0.00132634
0.00135116
0.00137544
0.00139893
0.00142137
0.0014425
0.00146213
0.00148009
0.00149631
0.00151075
0.00152345
0.00153451
0.00154406
0.00155225
0.00155926
0.00156528
0.00157048
0.00157503
0.00157911
0.00158285
0.0015864
0.00158989
0.00159343
0.00159715
0.00160112
0.00160545
0.00161021
0.00161547
0.0016213
0.00162775
0.00163487
0.00164268
0.00165122
0.00166049
0.00167047
0.00168115
0.00169249
0.00170442
0.0017168
0.00172935
0.00174161
0.00175285
0.00176209
0.00176814
0.0017697
0.00176554
0.00175464
0.00173633
0.00171035
0.00167686
0.00163644
0.00159008
0.00153924
0.00148513
0.00143413
0.00135901
0.00112819
0.00112529
0.00112227
0.00111913
0.00111587
0.00111249
0.001109
0.0011054
0.00110171
0.00109795
0.00109414
0.0010903
0.00108648
0.00108273
0.00107909
0.00107564
0.00107245
0.00106963
0.00106726
0.00106542
0.00106418
0.0010636
0.00106373
0.00106462
0.0010663
0.00106882
0.00107224
0.00107662
0.00108202
0.00108851
0.00109617
0.00110504
0.00111519
0.00112662
0.00113936
0.00115337
0.00116862
0.00118506
0.00120258
0.00122111
0.00124052
0.00126068
0.00128143
0.00130259
0.00132397
0.00134536
0.00136651
0.00138718
0.00140711
0.00142607
0.00144386
0.00146029
0.00147527
0.00148873
0.00150068
0.00151117
0.0015203
0.00152818
0.00153496
0.00154079
0.00154583
0.00155022
0.00155411
0.00155764
0.00156093
0.0015641
0.00156726
0.0015705
0.00157391
0.00157759
0.00158159
0.00158599
0.00159085
0.00159623
0.00160219
0.00160878
0.00161603
0.00162399
0.00163266
0.00164207
0.00165222
0.00166308
0.00167457
0.00168648
0.00169845
0.00170984
0.00171974
0.00172704
0.00173044
0.00172873
0.00172083
0.00170601
0.0016839
0.00165454
0.00161835
0.00157614
0.00152921
0.00147859
0.00143041
0.00135819
0.00114454
0.00114281
0.00114099
0.00113907
0.00113706
0.00113497
0.00113279
0.00113054
0.00112822
0.00112585
0.00112345
0.00112103
0.00111862
0.00111625
0.00111395
0.00111176
0.00110972
0.00110789
0.00110634
0.00110512
0.00110429
0.00110392
0.00110406
0.00110478
0.00110612
0.00110813
0.00111088
0.00111439
0.00111873
0.00112394
0.00113008
0.00113717
0.00114527
0.0011544
0.00116459
0.00117584
0.00118815
0.00120149
0.00121584
0.00123114
0.00124732
0.00126429
0.00128193
0.00130009
0.00131863
0.00133733
0.00135601
0.00137441
0.00139233
0.00140951
0.00142577
0.00144093
0.00145486
0.0014675
0.0014788
0.0014888
0.00149757
0.00150518
0.00151176
0.00151744
0.00152234
0.00152659
0.00153034
0.00153369
0.00153676
0.00153966
0.00154249
0.00154534
0.00154828
0.00155139
0.00155474
0.00155838
0.00156239
0.00156682
0.00157172
0.00157715
0.00158316
0.00158981
0.00159714
0.00160519
0.00161401
0.00162361
0.00163397
0.00164497
0.00165634
0.00166755
0.00167781
0.00168606
0.00169107
0.00169161
0.00168657
0.00167514
0.00165684
0.00163159
0.00159965
0.00156165
0.00151869
0.00147166
0.00142641
0.00135723
0.00115237
0.00115136
0.00115029
0.00114917
0.00114799
0.00114675
0.00114547
0.00114414
0.00114278
0.00114139
0.00113998
0.00113858
0.00113719
0.00113584
0.00113454
0.00113333
0.00113222
0.00113125
0.00113047
0.0011299
0.0011296
0.0011296
0.00112996
0.00113074
0.00113196
0.0011337
0.00113599
0.00113889
0.00114244
0.00114668
0.00115167
0.00115744
0.00116404
0.00117149
0.00117984
0.0011891
0.00119929
0.00121041
0.00122246
0.0012354
0.00124919
0.00126377
0.00127906
0.00129493
0.00131125
0.00132785
0.00134454
0.00136113
0.00137739
0.00139311
0.00140809
0.00142217
0.00143521
0.00144712
0.00145787
0.00146745
0.00147589
0.00148327
0.00148968
0.00149522
0.00150001
0.00150415
0.00150777
0.00151097
0.00151387
0.00151655
0.0015191
0.00152161
0.00152415
0.00152679
0.00152958
0.00153259
0.00153585
0.00153944
0.0015434
0.00154779
0.00155266
0.00155808
0.00156411
0.0015708
0.00157823
0.00158645
0.00159552
0.00160539
0.00161589
0.00162662
0.0016369
0.00164578
0.0016521
0.00165462
0.00165222
0.001644
0.00162939
0.00160816
0.00158042
0.00154662
0.00150767
0.00146427
0.00142204
0.00135602
0.00115574
0.00115513
0.00115449
0.00115382
0.00115311
0.00115238
0.00115163
0.00115086
0.00115008
0.0011493
0.00114852
0.00114776
0.00114703
0.00114634
0.00114571
0.00114514
0.00114467
0.00114431
0.00114409
0.00114403
0.00114416
0.00114451
0.00114513
0.00114604
0.0011473
0.00114893
0.00115099
0.00115351
0.00115655
0.00116015
0.00116436
0.00116921
0.00117475
0.00118102
0.00118807
0.00119591
0.00120458
0.00121409
0.00122445
0.00123565
0.00124766
0.00126044
0.00127392
0.00128801
0.00130259
0.00131751
0.00133261
0.00134771
0.00136259
0.00137708
0.00139098
0.00140413
0.00141639
0.00142768
0.00143793
0.00144712
0.00145528
0.00146246
0.00146871
0.00147413
0.00147882
0.00148287
0.00148639
0.00148947
0.00149221
0.00149471
0.00149703
0.00149926
0.00150147
0.00150371
0.00150603
0.00150849
0.00151114
0.00151401
0.00151716
0.00152064
0.0015245
0.00152881
0.00153363
0.00153903
0.0015451
0.00155193
0.00155962
0.00156821
0.00157763
0.00158761
0.0015976
0.00160678
0.00161406
0.00161825
0.00161819
0.00161294
0.0016018
0.00158442
0.00156076
0.00153108
0.00149612
0.00145638
0.0014172
0.00135447
0.00115705
0.00115663
0.0011562
0.00115575
0.00115529
0.00115482
0.00115435
0.00115388
0.00115342
0.00115296
0.00115253
0.00115213
0.00115177
0.00115146
0.00115121
0.00115102
0.00115093
0.00115093
0.00115105
0.00115131
0.00115172
0.00115231
0.00115311
0.00115414
0.00115543
0.00115703
0.00115896
0.00116127
0.00116399
0.00116718
0.00117086
0.00117509
0.00117991
0.00118537
0.00119149
0.00119833
0.0012059
0.00121424
0.00122336
0.00123326
0.00124392
0.00125532
0.0012674
0.00128008
0.00129326
0.00130682
0.0013206
0.00133444
0.00134817
0.0013616
0.00137456
0.0013869
0.00139848
0.0014092
0.001419
0.00142785
0.00143575
0.00144273
0.00144884
0.00145415
0.00145875
0.00146272
0.00146615
0.00146913
0.00147175
0.00147409
0.00147622
0.00147822
0.00148015
0.00148206
0.00148399
0.001486
0.00148812
0.0014904
0.00149287
0.00149558
0.00149857
0.00150191
0.00150566
0.00150989
0.0015147
0.0015202
0.00152652
0.00153378
0.00154198
0.001551
0.00156043
0.00156959
0.00157748
0.00158298
0.00158492
0.0015823
0.00157435
0.00156059
0.00154081
0.00151513
0.00148406
0.00144796
0.00141186
0.00135251
0.00115751
0.00115716
0.00115682
0.00115647
0.00115612
0.00115577
0.00115543
0.0011551
0.00115479
0.00115449
0.00115423
0.001154
0.00115382
0.00115369
0.00115362
0.00115363
0.00115371
0.00115389
0.00115418
0.00115459
0.00115514
0.00115585
0.00115673
0.00115781
0.00115911
0.00116066
0.0011625
0.00116466
0.00116716
0.00117006
0.00117339
0.00117719
0.0011815
0.00118637
0.00119183
0.00119794
0.00120471
0.00121217
0.00122035
0.00122925
0.00123887
0.00124918
0.00126013
0.00127167
0.0012837
0.00129611
0.00130878
0.00132156
0.00133428
0.00134679
0.00135892
0.00137053
0.00138149
0.0013917
0.00140109
0.00140961
0.00141726
0.00142406
0.00143004
0.00143525
0.00143977
0.00144367
0.00144702
0.00144992
0.00145243
0.00145464
0.00145662
0.00145842
0.00146011
0.00146175
0.00146336
0.001465
0.00146669
0.00146847
0.00147038
0.00147245
0.00147472
0.00147724
0.00148008
0.0014833
0.00148699
0.00149128
0.00149631
0.00150225
0.00150919
0.00151713
0.00152579
0.00153463
0.0015428
0.00154924
0.0015528
0.00155245
0.00154735
0.00153689
0.00152075
0.00149885
0.00147155
0.00143901
0.00140597
0.00135007
0.00115764
0.00115733
0.00115702
0.00115671
0.0011564
0.0011561
0.00115581
0.00115554
0.00115528
0.00115505
0.00115485
0.00115469
0.00115458
0.00115452
0.00115451
0.00115458
0.00115473
0.00115498
0.00115532
0.00115577
0.00115635
0.00115708
0.00115796
0.00115902
0.00116029
0.00116177
0.00116351
0.00116552
0.00116785
0.00117052
0.00117357
0.00117704
0.00118097
0.0011854
0.00119037
0.00119591
0.00120206
0.00120884
0.00121628
0.00122439
0.00123316
0.00124257
0.00125259
0.00126317
0.00127422
0.00128566
0.00129736
0.0013092
0.00132104
0.00133273
0.00134411
0.00135506
0.00136545
0.00137519
0.00138418
0.0013924
0.00139982
0.00140643
0.00141228
0.00141739
0.00142183
0.00142566
0.00142895
0.00143177
0.00143419
0.00143629
0.00143813
0.00143978
0.00144128
0.00144268
0.00144403
0.00144536
0.0014467
0.00144808
0.00144953
0.00145108
0.00145276
0.00145462
0.00145671
0.00145908
0.00146182
0.00146505
0.00146893
0.00147365
0.00147937
0.00148617
0.00149393
0.00150224
0.00151039
0.00151741
0.00152221
0.00152373
0.00152108
0.00151356
0.00150073
0.00148237
0.00145865
0.00142955
0.00139952
0.00134711
0.00115768
0.00115737
0.00115707
0.00115678
0.00115648
0.0011562
0.00115593
0.00115567
0.00115543
0.00115522
0.00115503
0.00115489
0.00115478
0.00115473
0.00115473
0.00115481
0.00115495
0.00115519
0.00115551
0.00115595
0.0011565
0.00115719
0.00115802
0.00115902
0.00116021
0.00116159
0.00116321
0.00116508
0.00116724
0.0011697
0.00117252
0.00117571
0.00117933
0.0011834
0.00118796
0.00119304
0.00119868
0.00120491
0.00121173
0.00121917
0.00122723
0.00123588
0.0012451
0.00125484
0.00126504
0.00127562
0.00128646
0.00129747
0.00130851
0.00131945
0.00133016
0.0013405
0.00135036
0.00135964
0.00136827
0.00137619
0.00138337
0.00138981
0.00139552
0.00140053
0.00140489
0.00140865
0.00141187
0.00141462
0.00141696
0.00141897
0.0014207
0.00142221
0.00142354
0.00142476
0.00142589
0.00142697
0.00142803
0.00142909
0.00143017
0.00143131
0.00143252
0.00143385
0.00143533
0.00143701
0.00143898
0.00144133
0.00144422
0.00144786
0.00145245
0.00145814
0.00146494
0.00147257
0.00148046
0.00148775
0.00149341
0.0014964
0.00149579
0.00149082
0.00148095
0.00146581
0.00144543
0.00141962
0.0013925
0.00134358
0.00115768
0.00115738
0.00115708
0.00115679
0.0011565
0.00115622
0.00115595
0.00115569
0.00115545
0.00115523
0.00115504
0.00115489
0.00115477
0.0011547
0.00115469
0.00115473
0.00115485
0.00115504
0.00115533
0.00115571
0.0011562
0.00115682
0.00115758
0.00115849
0.00115957
0.00116085
0.00116233
0.00116406
0.00116604
0.00116832
0.00117091
0.00117386
0.0011772
0.00118095
0.00118515
0.00118984
0.00119504
0.00120078
0.00120707
0.00121393
0.00122135
0.00122933
0.00123785
0.00124685
0.00125628
0.00126608
0.00127616
0.00128641
0.00129672
0.00130697
0.00131705
0.00132682
0.00133618
0.00134503
0.0013533
0.00136093
0.00136788
0.00137414
0.00137971
0.00138461
0.00138888
0.00139256
0.00139572
0.0013984
0.00140067
0.00140259
0.00140422
0.00140562
0.00140682
0.00140788
0.00140884
0.00140972
0.00141055
0.00141135
0.00141215
0.00141296
0.00141381
0.00141472
0.00141573
0.00141687
0.00141822
0.00141986
0.00142194
0.00142466
0.00142825
0.00143293
0.00143877
0.00144565
0.0014531
0.0014604
0.00146659
0.00147066
0.00147168
0.00146885
0.00146153
0.00144928
0.00143196
0.00140923
0.0013849
0.00133944
0.00115768
0.00115737
0.00115708
0.00115678
0.00115649
0.00115621
0.00115593
0.00115567
0.00115543
0.0011552
0.001155
0.00115483
0.00115469
0.0011546
0.00115455
0.00115456
0.00115464
0.00115478
0.00115501
0.00115533
0.00115575
0.00115629
0.00115696
0.00115778
0.00115875
0.0011599
0.00116126
0.00116283
0.00116465
0.00116674
0.00116913
0.00117185
0.00117492
0.00117839
0.00118227
0.0011866
0.0011914
0.0011967
0.00120251
0.00120885
0.00121571
0.00122308
0.00123095
0.00123928
0.00124802
0.00125711
0.00126648
0.00127603
0.00128567
0.00129529
0.00130477
0.001314
0.00132289
0.00133133
0.00133925
0.00134659
0.0013533
0.00135937
0.00136479
0.00136957
0.00137374
0.00137733
0.00138041
0.00138302
0.00138522
0.00138706
0.00138861
0.0013899
0.001391
0.00139194
0.00139276
0.00139348
0.00139413
0.00139474
0.00139531
0.00139588
0.00139645
0.00139704
0.00139769
0.00139842
0.00139929
0.00140037
0.0014018
0.00140377
0.00140652
0.00141028
0.00141523
0.00142133
0.00142824
0.00143534
0.00144178
0.00144659
0.00144885
0.00144774
0.00144259
0.00143286
0.00141829
0.00139841
0.00137672
0.00133467
0.00115767
0.00115737
0.00115707
0.00115677
0.00115648
0.00115619
0.00115592
0.00115565
0.00115539
0.00115516
0.00115494
0.00115476
0.0011546
0.00115448
0.0011544
0.00115437
0.0011544
0.0011545
0.00115467
0.00115493
0.00115528
0.00115574
0.00115632
0.00115704
0.0011579
0.00115894
0.00116016
0.00116159
0.00116325
0.00116516
0.00116735
0.00116985
0.00117269
0.00117588
0.00117947
0.00118347
0.0011879
0.0011928
0.00119817
0.00120402
0.00121036
0.00121718
0.00122446
0.00123217
0.00124028
0.00124872
0.00125743
0.00126633
0.00127534
0.00128436
0.00129328
0.00130201
0.00131044
0.00131848
0.00132605
0.0013331
0.00133956
0.00134542
0.00135067
0.00135531
0.00135936
0.00136286
0.00136585
0.00136838
0.0013705
0.00137227
0.00137374
0.00137496
0.00137597
0.00137682
0.00137753
0.00137814
0.00137866
0.00137912
0.00137953
0.00137991
0.00138027
0.00138063
0.001381
0.00138142
0.00138193
0.00138259
0.00138351
0.00138488
0.00138692
0.00138991
0.00139404
0.00139937
0.00140568
0.00141245
0.0014189
0.00142415
0.00142729
0.00142753
0.00142415
0.00141656
0.00140443
0.00138715
0.00136793
0.00132918
0.00115766
0.00115736
0.00115706
0.00115676
0.00115646
0.00115617
0.00115589
0.00115562
0.00115536
0.00115511
0.00115488
0.00115468
0.0011545
0.00115435
0.00115425
0.00115419
0.00115418
0.00115423
0.00115434
0.00115454
0.00115482
0.00115521
0.00115571
0.00115633
0.00115709
0.00115801
0.00115911
0.0011604
0.00116191
0.00116366
0.00116567
0.00116796
0.00117057
0.00117351
0.00117682
0.00118051
0.00118461
0.00118913
0.00119409
0.00119951
0.00120537
0.00121167
0.0012184
0.00122554
0.00123305
0.00124089
0.00124899
0.00125729
0.00126571
0.00127416
0.00128255
0.00129078
0.00129876
0.0013064
0.00131363
0.00132036
0.00132656
0.0013322
0.00133725
0.00134172
0.00134563
0.00134901
0.0013519
0.00135434
0.00135639
0.00135809
0.0013595
0.00136066
0.00136161
0.0013624
0.00136304
0.00136357
0.00136401
0.00136438
0.00136467
0.00136492
0.00136513
0.00136531
0.00136549
0.00136568
0.00136591
0.00136624
0.00136677
0.00136765
0.00136911
0.00137143
0.00137484
0.00137944
0.00138512
0.00139144
0.00139773
0.00140317
0.00140689
0.00140811
0.00140613
0.00140034
0.00139032
0.00137539
0.00135844
0.00132289
0.00115765
0.00115735
0.00115705
0.00115675
0.00115645
0.00115616
0.00115587
0.00115559
0.00115532
0.00115506
0.00115482
0.0011546
0.00115441
0.00115424
0.00115411
0.00115401
0.00115396
0.00115397
0.00115404
0.00115418
0.0011544
0.00115472
0.00115514
0.00115567
0.00115634
0.00115716
0.00115814
0.0011593
0.00116067
0.00116226
0.0011641
0.0011662
0.00116859
0.0011713
0.00117435
0.00117776
0.00118154
0.00118572
0.0011903
0.0011953
0.00120071
0.00120654
0.00121277
0.00121937
0.00122633
0.0012336
0.00124113
0.00124886
0.00125672
0.00126463
0.0012725
0.00128025
0.00128778
0.00129501
0.00130186
0.00130827
0.00131417
0.00131954
0.00132437
0.00132864
0.00133239
0.00133563
0.0013384
0.00134075
0.00134273
0.00134438
0.00134575
0.00134688
0.00134781
0.00134857
0.00134919
0.00134969
0.00135009
0.00135039
0.00135062
0.00135078
0.00135088
0.00135094
0.00135096
0.00135096
0.00135098
0.00135105
0.00135126
0.00135175
0.00135272
0.00135446
0.0013572
0.00136112
0.00136615
0.00137196
0.00137794
0.00138334
0.00138736
0.00138926
0.00138834
0.00138401
0.00137579
0.00136295
0.00134808
0.00131562
0.00115764
0.00115734
0.00115703
0.00115673
0.00115643
0.00115613
0.00115584
0.00115556
0.00115528
0.00115502
0.00115477
0.00115453
0.00115432
0.00115413
0.00115397
0.00115385
0.00115377
0.00115374
0.00115376
0.00115386
0.00115402
0.00115427
0.00115462
0.00115508
0.00115566
0.00115638
0.00115725
0.00115829
0.00115953
0.00116097
0.00116265
0.00116458
0.00116677
0.00116927
0.00117207
0.00117521
0.0011787
0.00118256
0.00118679
0.0011914
0.0011964
0.00120178
0.00120754
0.00121364
0.00122008
0.00122681
0.0012338
0.00124098
0.0012483
0.00125568
0.00126304
0.0012703
0.00127737
0.00128416
0.00129061
0.00129664
0.0013022
0.00130727
0.00131183
0.00131587
0.00131942
0.00132251
0.00132517
0.00132744
0.00132937
0.00133101
0.00133238
0.00133352
0.00133447
0.00133525
0.00133589
0.0013364
0.00133679
0.00133707
0.00133726
0.00133736
0.00133738
0.00133733
0.00133722
0.00133706
0.00133688
0.00133672
0.00133665
0.00133679
0.00133733
0.00133853
0.00134067
0.00134391
0.00134827
0.00135349
0.00135903
0.00136422
0.00136831
0.00137059
0.00137044
0.00136725
0.00136055
0.00134955
0.00133659
0.00130708
0.00115763
0.00115733
0.00115702
0.00115672
0.00115641
0.00115611
0.00115582
0.00115553
0.00115524
0.00115497
0.00115471
0.00115446
0.00115423
0.00115403
0.00115385
0.0011537
0.00115359
0.00115353
0.00115351
0.00115356
0.00115367
0.00115387
0.00115415
0.00115454
0.00115504
0.00115567
0.00115644
0.00115737
0.00115849
0.0011598
0.00116133
0.00116309
0.0011651
0.00116739
0.00116998
0.00117287
0.00117609
0.00117964
0.00118354
0.0011878
0.00119241
0.00119737
0.00120268
0.00120831
0.00121425
0.00122047
0.00122692
0.00123357
0.00124034
0.00124718
0.00125401
0.00126075
0.00126731
0.00127362
0.00127961
0.00128521
0.00129038
0.0012951
0.00129935
0.00130314
0.0013065
0.00130945
0.00131202
0.00131425
0.00131619
0.00131786
0.00131929
0.00132051
0.00132153
0.00132239
0.00132308
0.00132363
0.00132404
0.00132432
0.00132448
0.00132452
0.00132445
0.00132428
0.00132402
0.00132369
0.0013233
0.0013229
0.00132254
0.00132233
0.00132244
0.00132312
0.00132464
0.0013272
0.00133085
0.0013354
0.00134038
0.00134518
0.00134912
0.00135155
0.00135189
0.00134958
0.00134413
0.00133476
0.00132352
0.00129687
0.00115762
0.00115731
0.00115701
0.0011567
0.00115639
0.00115609
0.00115579
0.0011555
0.00115521
0.00115493
0.00115466
0.0011544
0.00115416
0.00115393
0.00115373
0.00115356
0.00115343
0.00115333
0.00115328
0.00115329
0.00115336
0.0011535
0.00115372
0.00115404
0.00115447
0.00115502
0.0011557
0.00115654
0.00115754
0.00115873
0.00116012
0.00116173
0.00116357
0.00116568
0.00116805
0.00117071
0.00117368
0.00117695
0.00118054
0.00118446
0.0011887
0.00119326
0.00119813
0.0012033
0.00120875
0.00121445
0.00122037
0.00122646
0.00123266
0.00123892
0.00124517
0.00125132
0.00125731
0.00126306
0.00126851
0.00127362
0.00127835
0.00128268
0.00128662
0.00129018
0.00129338
0.00129625
0.00129881
0.0013011
0.00130313
0.00130492
0.00130649
0.00130786
0.00130902
0.00130998
0.00131076
0.00131135
0.00131177
0.00131202
0.0013121
0.00131203
0.00131181
0.00131147
0.001311
0.00131042
0.00130977
0.00130906
0.00130835
0.00130774
0.00130738
0.0013075
0.00130837
0.0013102
0.00131308
0.00131685
0.00132114
0.00132539
0.00132898
0.00133134
0.00133193
0.00133025
0.00132585
0.0013179
0.00130825
0.00128438
0.00115761
0.0011573
0.00115699
0.00115668
0.00115638
0.00115607
0.00115577
0.00115547
0.00115517
0.00115488
0.0011546
0.00115433
0.00115408
0.00115384
0.00115363
0.00115344
0.00115328
0.00115315
0.00115307
0.00115304
0.00115307
0.00115316
0.00115334
0.0011536
0.00115396
0.00115443
0.00115503
0.00115578
0.00115668
0.00115775
0.00115901
0.00116048
0.00116217
0.0011641
0.00116628
0.00116872
0.00117144
0.00117444
0.00117773
0.00118132
0.00118519
0.00118935
0.00119378
0.00119848
0.00120342
0.00120857
0.0012139
0.00121937
0.00122493
0.00123052
0.00123608
0.00124154
0.00124686
0.00125196
0.00125682
0.00126139
0.00126567
0.00126965
0.00127335
0.00127677
0.00127994
0.00128288
0.00128558
0.00128806
0.00129032
0.00129235
0.00129414
0.0012957
0.00129701
0.00129808
0.00129889
0.00129947
0.0012998
0.00129991
0.00129981
0.0012995
0.00129901
0.00129834
0.00129753
0.00129658
0.00129553
0.0012944
0.00129323
0.00129212
0.0012912
0.00129069
0.00129083
0.00129185
0.00129385
0.00129675
0.00130021
0.00130375
0.00130681
0.00130889
0.00130954
0.00130829
0.00130473
0.00129807
0.00128989
0.00126877
0.0011576
0.00115729
0.00115698
0.00115667
0.00115636
0.00115605
0.00115574
0.00115544
0.00115514
0.00115484
0.00115455
0.00115428
0.00115401
0.00115376
0.00115353
0.00115332
0.00115314
0.00115299
0.00115288
0.00115282
0.00115281
0.00115286
0.00115298
0.00115319
0.00115349
0.00115389
0.00115442
0.00115507
0.00115588
0.00115684
0.00115798
0.00115932
0.00116085
0.00116261
0.0011646
0.00116682
0.0011693
0.00117202
0.001175
0.00117824
0.00118172
0.00118544
0.00118939
0.00119355
0.0011979
0.0012024
0.00120704
0.00121177
0.00121655
0.00122133
0.00122607
0.00123074
0.00123529
0.00123971
0.00124397
0.00124807
0.00125202
0.00125582
0.00125948
0.00126301
0.0012664
0.00126963
0.00127269
0.00127554
0.00127815
0.00128049
0.00128253
0.00128424
0.00128561
0.00128663
0.00128731
0.00128766
0.00128769
0.00128742
0.00128689
0.0012861
0.00128509
0.00128389
0.00128251
0.00128099
0.00127935
0.00127762
0.00127584
0.00127409
0.00127249
0.00127123
0.00127055
0.00127066
0.00127169
0.0012736
0.0012761
0.00127878
0.00128116
0.0012828
0.00128333
0.00128237
0.00127953
0.00127405
0.00126727
0.00124891
0.00115759
0.00115728
0.00115697
0.00115665
0.00115634
0.00115603
0.00115572
0.00115541
0.0011551
0.0011548
0.0011545
0.00115422
0.00115394
0.00115368
0.00115343
0.00115321
0.001153
0.00115283
0.00115269
0.0011526
0.00115255
0.00115256
0.00115264
0.0011528
0.00115303
0.00115337
0.00115382
0.00115439
0.0011551
0.00115595
0.00115697
0.00115815
0.00115953
0.0011611
0.00116288
0.00116486
0.00116706
0.00116947
0.00117208
0.0011749
0.00117791
0.0011811
0.00118444
0.00118793
0.00119152
0.00119521
0.00119896
0.00120276
0.00120658
0.00121041
0.00121424
0.00121807
0.0012219
0.00122574
0.00122962
0.00123355
0.00123752
0.00124154
0.00124558
0.00124961
0.00125357
0.00125739
0.00126099
0.00126431
0.00126726
0.0012698
0.00127187
0.00127345
0.00127454
0.00127514
0.00127526
0.00127495
0.00127425
0.00127319
0.00127181
0.00127017
0.00126829
0.00126622
0.00126399
0.00126163
0.00125917
0.00125664
0.00125407
0.00125154
0.00124913
0.00124702
0.00124543
0.00124456
0.00124455
0.00124538
0.00124683
0.00124855
0.00125014
0.00125124
0.00125155
0.00125079
0.0012486
0.00124426
0.00123886
0.00122333
0.00115758
0.00115727
0.00115695
0.00115664
0.00115632
0.001156
0.00115569
0.00115537
0.00115506
0.00115475
0.00115445
0.00115415
0.00115386
0.00115358
0.00115332
0.00115307
0.00115285
0.00115265
0.00115248
0.00115235
0.00115226
0.00115223
0.00115225
0.00115234
0.00115251
0.00115277
0.00115313
0.00115359
0.00115418
0.00115489
0.00115575
0.00115676
0.00115793
0.00115926
0.00116075
0.00116242
0.00116424
0.00116622
0.00116834
0.00117059
0.00117294
0.00117539
0.0011779
0.00118047
0.00118306
0.00118569
0.00118835
0.00119104
0.00119381
0.00119669
0.00119973
0.00120296
0.00120646
0.00121025
0.00121435
0.00121876
0.00122344
0.00122832
0.0012333
0.00123827
0.00124307
0.00124757
0.00125164
0.00125515
0.00125803
0.0012602
0.00126164
0.00126237
0.0012624
0.00126179
0.00126061
0.00125891
0.00125679
0.0012543
0.00125153
0.00124852
0.00124534
0.00124202
0.00123862
0.00123516
0.00123167
0.00122817
0.00122469
0.00122128
0.00121801
0.00121503
0.00121252
0.00121067
0.00120963
0.00120939
0.00120979
0.00121054
0.00121132
0.00121187
0.00121197
0.0012114
0.00120987
0.00120671
0.00120272
0.00119016
0.00115756
0.00115725
0.00115693
0.0011566
0.00115628
0.00115596
0.00115563
0.0011553
0.00115498
0.00115466
0.00115434
0.00115402
0.00115371
0.0011534
0.00115311
0.00115283
0.00115257
0.00115232
0.00115211
0.00115192
0.00115176
0.00115165
0.00115159
0.00115158
0.00115164
0.00115177
0.00115198
0.00115228
0.00115267
0.00115317
0.00115378
0.00115449
0.00115533
0.00115627
0.00115733
0.00115848
0.00115971
0.00116102
0.00116238
0.00116377
0.00116516
0.00116655
0.00116793
0.00116929
0.00117066
0.00117209
0.00117363
0.00117537
0.00117741
0.00117985
0.0011828
0.00118635
0.00119053
0.00119537
0.00120079
0.00120671
0.00121295
0.00121932
0.00122558
0.00123148
0.00123681
0.00124136
0.00124497
0.00124755
0.00124905
0.00124947
0.00124887
0.00124733
0.00124496
0.0012419
0.00123826
0.00123418
0.00122977
0.00122512
0.00122034
0.00121548
0.0012106
0.00120577
0.001201
0.00119632
0.00119174
0.00118728
0.00118293
0.00117873
0.00117472
0.00117101
0.00116775
0.00116511
0.00116321
0.00116207
0.00116158
0.00116152
0.00116164
0.00116177
0.00116179
0.00116155
0.00116081
0.00115894
0.00115648
0.00114708
0.00115748
0.00115715
0.00115681
0.00115647
0.00115612
0.00115577
0.00115541
0.00115505
0.00115469
0.00115433
0.00115396
0.00115359
0.00115322
0.00115285
0.00115248
0.00115212
0.00115176
0.00115141
0.00115107
0.00115076
0.00115046
0.00115018
0.00114993
0.00114972
0.00114955
0.00114942
0.00114933
0.0011493
0.00114932
0.0011494
0.00114953
0.00114972
0.00114995
0.00115021
0.0011505
0.00115079
0.00115108
0.00115134
0.00115155
0.00115172
0.00115183
0.00115192
0.00115203
0.00115222
0.0011526
0.00115331
0.00115449
0.00115631
0.00115894
0.00116251
0.0011671
0.00117274
0.00117934
0.00118675
0.00119471
0.00120289
0.00121091
0.0012184
0.00122497
0.00123033
0.00123422
0.00123651
0.00123713
0.00123612
0.0012336
0.00122974
0.00122475
0.00121884
0.00121225
0.00120519
0.00119785
0.00119039
0.00118294
0.00117561
0.00116848
0.00116161
0.00115505
0.00114881
0.00114289
0.00113728
0.00113196
0.00112692
0.00112212
0.00111758
0.00111329
0.00110933
0.00110579
0.00110281
0.0011005
0.0010989
0.00109794
0.00109745
0.00109729
0.00109736
0.00109764
0.00109804
0.00109835
0.00109799
0.00109721
0.0010912
0.00115704
0.00115664
0.00115623
0.00115581
0.00115538
0.00115493
0.00115447
0.00115399
0.00115351
0.001153
0.00115248
0.00115195
0.0011514
0.00115083
0.00115025
0.00114966
0.00114905
0.00114843
0.00114779
0.00114714
0.00114649
0.00114582
0.00114515
0.00114447
0.00114378
0.00114309
0.0011424
0.00114169
0.00114098
0.00114025
0.0011395
0.00113872
0.00113791
0.00113705
0.00113614
0.00113516
0.00113414
0.00113306
0.00113198
0.00113093
0.00113
0.00112931
0.00112899
0.00112924
0.00113026
0.00113227
0.00113547
0.00114002
0.00114603
0.00115349
0.00116225
0.00117204
0.00118245
0.00119296
0.00120297
0.00121188
0.00121912
0.00122425
0.00122692
0.00122699
0.00122443
0.00121941
0.0012122
0.00120313
0.00119264
0.00118112
0.00116899
0.0011566
0.00114425
0.00113219
0.0011206
0.00110961
0.0010993
0.00108973
0.00108091
0.00107289
0.0010656
0.00105898
0.00105298
0.00104751
0.00104253
0.00103797
0.00103378
0.0010299
0.00102632
0.00102305
0.00102015
0.00101771
0.00101582
0.00101453
0.00101382
0.00101361
0.00101383
0.00101447
0.00101557
0.0010171
0.00101887
0.00102033
0.00102145
0.00101902
0.00115487
0.00115423
0.00115356
0.00115285
0.00115212
0.00115135
0.00115055
0.00114971
0.00114883
0.00114791
0.00114694
0.00114594
0.00114489
0.00114379
0.00114264
0.00114145
0.0011402
0.00113891
0.00113756
0.00113615
0.00113469
0.00113317
0.00113159
0.00112996
0.00112826
0.00112649
0.00112467
0.00112277
0.00112082
0.00111879
0.00111671
0.00111458
0.00111241
0.00111023
0.00110808
0.00110601
0.0011041
0.00110246
0.00110122
0.00110054
0.00110064
0.00110174
0.00110409
0.00110792
0.00111343
0.00112077
0.00112996
0.00114086
0.00115316
0.00116635
0.00117973
0.00119244
0.00120356
0.00121218
0.00121751
0.00121897
0.00121623
0.00120927
0.0011983
0.00118378
0.00116637
0.00114681
0.0011259
0.0011044
0.00108296
0.00106217
0.00104242
0.00102403
0.00100717
0.000991931
0.000978312
0.000966282
0.000955773
0.000946738
0.000939108
0.000932685
0.000927297
0.000922792
0.000919037
0.000915912
0.000913315
0.000911151
0.000909336
0.000907797
0.000906479
0.000905359
0.000904452
0.000903814
0.000903522
0.000903644
0.000904217
0.000905254
0.000906778
0.000908842
0.000911521
0.000914799
0.000918487
0.000922052
0.000925199
0.00092635
0.00114538
0.00114396
0.00114248
0.00114092
0.0011393
0.00113761
0.00113584
0.001134
0.00113208
0.00113008
0.00112801
0.00112585
0.00112361
0.00112129
0.00111889
0.0011164
0.00111382
0.00111116
0.00110841
0.00110557
0.00110265
0.00109965
0.00109658
0.00109343
0.00109023
0.00108698
0.0010837
0.00108041
0.00107716
0.00107397
0.00107091
0.00106804
0.00106545
0.00106325
0.00106158
0.00106059
0.00106046
0.00106141
0.00106364
0.00106738
0.00107283
0.00108013
0.00108935
0.00110042
0.00111309
0.00112688
0.00114106
0.00115467
0.00116655
0.00117544
0.00118012
0.00117954
0.00117299
0.00116017
0.00114124
0.0011168
0.00108778
0.00105538
0.00102095
0.00098585
0.000951309
0.000918371
0.000887818
0.000860164
0.000835671
0.000814401
0.000796268
0.000781089
0.000768607
0.000758568
0.000750694
0.000744771
0.000740696
0.000738152
0.000736818
0.00073645
0.000736854
0.000737869
0.000739361
0.00074122
0.000743347
0.00074566
0.00074808
0.00075054
0.00075298
0.000755363
0.00075768
0.000759966
0.000762295
0.000764767
0.000767495
0.000770596
0.000774183
0.000778355
0.000783154
0.000788511
0.000794225
0.000799772
0.000804712
0.000808803
0.00110916
0.00110576
0.00110227
0.00109867
0.00109499
0.00109121
0.00108734
0.00108338
0.00107933
0.00107521
0.00107101
0.00106673
0.00106239
0.00105798
0.00105351
0.001049
0.00104445
0.00103987
0.00103528
0.00103069
0.00102612
0.00102161
0.00101717
0.00101285
0.00100869
0.00100474
0.00100106
0.000997715
0.000994796
0.000992387
0.000990587
0.000989502
0.000989234
0.000989881
0.000991519
0.000994184
0.000997848
0.00100239
0.00100755
0.00101291
0.00101785
0.00102152
0.0010229
0.00102086
0.00101428
0.00100228
0.000984311
0.000960361
0.000930906
0.000896848
0.000859358
0.000819723
0.000779236
0.000739097
0.000700344
0.000663861
0.000630384
0.000600473
0.000574481
0.000552549
0.000534623
0.000520507
0.000509896
0.000502415
0.000497666
0.000495256
0.000494817
0.000496019
0.000498544
0.000502224
0.000506884
0.000512284
0.000518176
0.000524384
0.000530772
0.000537236
0.000543693
0.000550083
0.000556362
0.000562497
0.000568461
0.000574229
0.000579777
0.000585074
0.000590091
0.000594802
0.000599203
0.000603324
0.000607249
0.000611116
0.000615104
0.000619411
0.000624204
0.00062958
0.00063552
0.000641837
0.000648241
0.000654225
0.000659517
0.000664251
0.000992654
0.000985796
0.000978913
0.000972012
0.000965102
0.000958193
0.000951294
0.000944414
0.000937563
0.000930754
0.000923996
0.000917305
0.000910692
0.000904173
0.000897763
0.000891481
0.000885344
0.000879371
0.000873582
0.000867998
0.000862639
0.000857522
0.000852664
0.000848073
0.000843749
0.00083968
0.000835833
0.000832144
0.000828515
0.000824789
0.000820744
0.000816068
0.000810342
0.000803031
0.000793481
0.000780947
0.000764656
0.000743912
0.000718251
0.000687598
0.0006524
0.000613659
0.000572835
0.00053164
0.00049177
0.000454673
0.000421398
0.000392556
0.000368366
0.000348747
0.000333427
0.000322036
0.000314175
0.000309456
0.000307531
0.000308099
0.000310878
0.000315588
0.000321939
0.000329627
0.000338337
0.000347766
0.00035763
0.000367675
0.000377679
0.000387435
0.0003969
0.000405988
0.00041459
0.000422608
0.000429976
0.000436675
0.000442712
0.000448116
0.000452927
0.00045719
0.000460955
0.000464273
0.000467193
0.000469763
0.000472024
0.000474006
0.000475731
0.00047721
0.000478443
0.000479428
0.000480176
0.000480724
0.000481161
0.00048163
0.00048232
0.000483419
0.000485066
0.000487289
0.000489996
0.000492948
0.000495904
0.000498324
0.000500486
0.000500724
0.000693022
0.000683475
0.000674069
0.000664805
0.00065568
0.000646691
0.000637836
0.000629108
0.000620503
0.000612012
0.000603628
0.000595338
0.000587129
0.000578983
0.000570881
0.000562798
0.000554702
0.000546558
0.000538325
0.000529951
0.000521379
0.000512542
0.000503366
0.000493769
0.000483662
0.000472953
0.000461552
0.000449376
0.000436359
0.000422461
0.000407683
0.000392079
0.000375766
0.000358935
0.000341851
0.000324848
0.00030831
0.000292653
0.000278291
0.00026561
0.000254946
0.000246563
0.000240654
0.000237336
0.000236657
0.000238603
0.000243112
0.000250076
0.000259351
0.000270769
0.00028414
0.000299252
0.000315882
0.000333766
0.000352545
0.00037179
0.000391035
0.000409803
0.000427646
0.000444168
0.000459028
0.000472123
0.000483416
0.000492829
0.000500349
0.000506056
0.000509951
0.000512156
0.00051288
0.000512339
0.000510731
0.000508229
0.000504978
0.0005011
0.000496695
0.000491847
0.000486625
0.00048109
0.000475292
0.000469273
0.000463065
0.000456696
0.000450184
0.000443542
0.00043678
0.00042991
0.000422958
0.000415973
0.000409037
0.000402261
0.000395764
0.000389649
0.00038396
0.000378671
0.0003737
0.000368904
0.000364241
0.000359281
0.000355186
0.000346724
0.000266896
0.000262599
0.00025846
0.000254473
0.000250631
0.000246928
0.000243359
0.000239916
0.000236597
0.000233395
0.000230308
0.000227332
0.000224465
0.000221706
0.000219056
0.000216514
0.000214085
0.000211772
0.000209581
0.000207521
0.000205602
0.000203837
0.000202241
0.000200833
0.000199635
0.000198673
0.000197975
0.000197577
0.000197519
0.000197844
0.000198605
0.00019986
0.000201676
0.000204128
0.000207302
0.000211292
0.000216204
0.000222154
0.000229265
0.00023767
0.000247501
0.000258888
0.000271949
0.000286779
0.000303436
0.00032193
0.000342204
0.000364121
0.000387444
0.000411826
0.000436793
0.000461749
0.000486041
0.00050874
0.000528725
0.000545459
0.000558749
0.000568646
0.000575368
0.000579237
0.000580663
0.000579842
0.000577021
0.000572592
0.000566918
0.000560286
0.000552908
0.000544931
0.000536465
0.000527593
0.00051838
0.000508881
0.000499144
0.000489211
0.000479118
0.000468898
0.000458578
0.00044818
0.000437719
0.00042721
0.000416661
0.000406081
0.000395477
0.00038486
0.000374244
0.000363651
0.000353114
0.000342677
0.000332392
0.000322311
0.000312471
0.000302894
0.000293583
0.000284536
0.000275769
0.000267291
0.000259205
0.000251234
0.000244656
0.000233591
0.000204626
0.000205523
0.00020639
0.000207224
0.000208025
0.000208792
0.000209524
0.00021022
0.000210879
0.000211499
0.000212081
0.000212621
0.00021312
0.000213574
0.000213983
0.000214344
0.000214656
0.000214914
0.000215117
0.00021526
0.00021534
0.000215352
0.000215292
0.000215153
0.000214928
0.000214611
0.000214191
0.000213661
0.000213008
0.00021222
0.000211283
0.000210182
0.000208899
0.000207417
0.000205714
0.00020377
0.000201565
0.000199079
0.000196299
0.000193217
0.000189838
0.000186186
0.000182313
0.000178306
0.000174298
0.000170469
0.000167044
0.000164271
0.000162387
0.000161564
0.000161862
0.000163201
0.000165313
0.000168045
0.000171279
0.000174535
0.000177399
0.000179635
0.000181162
0.000181999
0.000182225
0.000181933
0.000181215
0.000180165
0.00017887
0.000177404
0.00017583
0.0001742
0.00017255
0.000170909
0.0001693
0.000167738
0.000166234
0.000164795
0.000163428
0.000162133
0.000160912
0.000159763
0.000158683
0.000157669
0.00015672
0.000155833
0.000155008
0.000154246
0.000153546
0.000152909
0.000152336
0.000151825
0.000151374
0.00015098
0.000150638
0.000150343
0.00015009
0.000149871
0.000149682
0.000149514
0.000149363
0.000149215
0.000149091
0.000148871
5.52719e-05
0.000138021
0.000148724
0.000149246
0.00014419
0.000135146
0.000120663
0.000127754
0.000183567
0.000233498
0.000272893
0.000305286
0.000332648
0.000356118
0.000376399
0.000393948
0.000409086
0.000422069
0.000433127
0.000442482
0.000450352
0.000456945
0.00046245
0.000467038
0.000470853
0.000474011
0.000476601
0.000478695
0.000480346
0.000481598
0.000482489
0.000483058
0.000483352
0.000483437
0.000483357
0.000483023
0.000482467
0.000481694
0.000480704
0.000479485
0.000478016
0.000476262
0.00047417
0.000471665
0.000468642
0.000464968
0.000460485
0.000455033
0.000448517
0.000441061
0.000433269
0.00042645
0.000419645
0.000412127
0.000403945
0.000395296
0.000386366
0.000377318
0.000368302
0.000359454
0.000350891
0.000342699
0.000334933
0.000327621
0.000320771
0.000314369
0.000308396
0.000302822
0.000297617
0.00029275
0.000288192
0.000283917
0.000279906
0.000276139
0.000272602
0.000269282
0.000266171
0.000263259
0.000260535
0.000257989
0.000255605
0.000253365
0.000251245
0.000249212
0.000247226
0.000245242
0.00024321
0.000241079
0.000238797
0.000236321
0.000233616
0.00023066
0.000227428
0.000223923
0.000220268
0.000216706
0.000213512
0.000210901
0.000209043
0.000207417
8.16772e-05
0.00031073
0.000467802
0.000484676
0.000423581
0.00039272
0.000431272
0.000514964
0.000617374
0.000725244
0.000846609
0.000986317
0.0011446
0.00131826
0.0015016
0.00168762
0.00186928
0.0020406
0.00219735
0.00233722
0.00245958
0.00256512
0.00265537
0.00273231
0.002798
0.00285439
0.00290314
0.00294555
0.00298252
0.00301452
0.00304149
0.00306279
0.00307727
0.0030836
0.00308242
0.0030768
0.00306694
0.00305283
0.0030344
0.00301155
0.00298417
0.00295208
0.00291511
0.00287297
0.00282535
0.00277189
0.00271233
0.00264668
0.00257567
0.00250115
0.00242634
0.00235536
0.00229158
0.00223499
0.00218208
0.00212768
0.00206734
0.00199904
0.00192343
0.00184288
0.00176038
0.00167861
0.00159962
0.0015247
0.00145457
0.00138948
0.0013294
0.00127413
0.00122335
0.00117672
0.00113391
0.00109459
0.00105852
0.00102547
0.000995269
0.000967788
0.000942603
0.000919816
0.000899473
0.000881476
0.000865515
0.000851045
0.000837466
0.000824407
0.000811388
0.00079779
0.000782939
0.000766154
0.000746772
0.000724125
0.000697508
0.00066622
0.000629769
0.000588672
0.000545713
0.000503035
0.000461329
0.000420177
0.000383847
0.000331749
9.8071e-05
0.000532352
0.000704209
0.000716331
0.000688767
0.000711275
0.000802273
0.000938904
0.00110887
0.00131517
0.00155961
0.00183588
0.00213146
0.00243176
0.00272382
0.00299824
0.00324944
0.00347498
0.00367454
0.00384919
0.00400071
0.00413121
0.0042429
0.00433786
0.004418
0.00448494
0.00453997
0.00458409
0.00461796
0.00464198
0.00465631
0.00466104
0.0046564
0.00464319
0.0046205
0.00458791
0.00454492
0.00449089
0.00442518
0.00434714
0.00425618
0.00415175
0.00403342
0.00390092
0.00375425
0.00359386
0.00342101
0.00323824
0.00305064
0.00286744
0.00270296
0.00257527
0.00249927
0.00247714
0.00249455
0.00252733
0.0025528
0.00255756
0.00253825
0.00249798
0.0024424
0.00237714
0.00230676
0.00223459
0.00216288
0.00209312
0.00202617
0.00196255
0.00190246
0.00184595
0.00179298
0.00174345
0.00169726
0.00165435
0.00161465
0.00157815
0.00154477
0.0015145
0.00148733
0.00146311
0.00144153
0.0014223
0.00140495
0.0013888
0.00137306
0.00135677
0.00133887
0.00131822
0.00129368
0.00126414
0.00122854
0.00118594
0.00113576
0.00107828
0.00101498
0.000947887
0.000879102
0.00080918
0.000746767
0.000652743
0.000107977
0.000679726
0.000914352
0.00096914
0.000984727
0.00104556
0.00117283
0.00135768
0.0015926
0.00187146
0.00218268
0.00251068
0.00284033
0.00316009
0.00346274
0.00374441
0.00400338
0.00423909
0.00445166
0.00464168
0.00481
0.00495773
0.00508612
0.00519648
0.00529005
0.005368
0.00543131
0.00548077
0.00551697
0.00554029
0.00555097
0.00554908
0.00553473
0.00550761
0.00546697
0.00541206
0.00534208
0.00525615
0.00515335
0.00503277
0.00489353
0.00473483
0.00455599
0.00435648
0.00413603
0.00389498
0.00363465
0.00335803
0.00307138
0.00278711
0.002528
0.00232877
0.00222626
0.00223563
0.00233271
0.00246513
0.00258385
0.00266379
0.00270191
0.0027058
0.00268516
0.0026482
0.00260099
0.00254776
0.00249143
0.002434
0.00237683
0.00232084
0.00226661
0.0022145
0.00216475
0.00211747
0.00207277
0.00203072
0.00199141
0.00195493
0.00192137
0.00189078
0.00186319
0.00183853
0.00181664
0.00179721
0.00177978
0.00176365
0.00174795
0.00173159
0.00171332
0.00169179
0.00166563
0.00163356
0.00159445
0.00154749
0.00149233
0.0014293
0.00135953
0.00128477
0.00120732
0.00112809
0.00105713
0.000949659
0.000112613
0.00077559
0.00108346
0.00120197
0.00127008
0.00136752
0.00152399
0.00173902
0.00200222
0.00229968
0.00261622
0.0029383
0.00325588
0.00356256
0.00385463
0.00412993
0.00438709
0.00462519
0.00484361
0.00504205
0.00522056
0.00537942
0.0055192
0.00564059
0.00574435
0.00583122
0.0059019
0.00595693
0.00599672
0.00602151
0.00603137
0.00602625
0.00600583
0.00596952
0.00591651
0.00584594
0.00575682
0.0056481
0.00551865
0.0053674
0.00519327
0.00499529
0.00477257
0.00452448
0.0042507
0.00395149
0.00362811
0.00328367
0.0029251
0.00256747
0.00224129
0.00199712
0.00189215
0.00195134
0.0021322
0.00234564
0.00252144
0.00263761
0.00270173
0.00272832
0.00272959
0.00271401
0.00268721
0.00265298
0.00261397
0.00257208
0.0025287
0.00248483
0.0024412
0.00239833
0.00235659
0.00231626
0.00227756
0.00224069
0.00220583
0.00217318
0.0021429
0.00211512
0.00208994
0.00206736
0.00204727
0.00202942
0.00201335
0.0019984
0.00198365
0.00196797
0.00195001
0.00192832
0.00190141
0.00186789
0.00182663
0.00177687
0.00171841
0.0016517
0.00157793
0.00149887
0.00141701
0.00133354
0.00125885
0.0011474
0.000113953
0.000822767
0.00119919
0.00138497
0.00150984
0.00164485
0.00182136
0.00204371
0.00230298
0.00258626
0.00288143
0.0031791
0.00347284
0.00375854
0.00403352
0.00429588
0.0045441
0.00477689
0.0049932
0.00519223
0.00537346
0.00553668
0.00568188
0.00580925
0.00591911
0.0060118
0.00608764
0.00614691
0.00618973
0.00621613
0.00622596
0.00621889
0.00619436
0.00615163
0.00608978
0.00600779
0.00590456
0.00577889
0.00562957
0.00545538
0.00525515
0.00502782
0.00477247
0.00448848
0.00417557
0.00383413
0.00346565
0.00307386
0.0026677
0.00226828
0.00191927
0.00168951
0.00164721
0.00180106
0.00205974
0.00230129
0.00247139
0.00257588
0.00263537
0.00266592
0.00267738
0.00267562
0.00266432
0.00264605
0.00262269
0.00259568
0.00256619
0.0025351
0.00250314
0.00247085
0.00243866
0.00240692
0.00237592
0.00234592
0.0023172
0.00228999
0.00226452
0.00224098
0.00221953
0.0022002
0.00218295
0.00216756
0.00215362
0.00214047
0.00212722
0.00211269
0.00209551
0.00207414
0.00204705
0.00201277
0.00197016
0.0019185
0.00185767
0.00178823
0.00171146
0.00162929
0.00154435
0.00145815
0.00138106
0.00126811
0.000113546
0.00083268
0.00126363
0.00150854
0.00168477
0.00185331
0.00204257
0.00225992
0.00250121
0.00275836
0.00302349
0.00329053
0.00355524
0.00381469
0.00406677
0.00430974
0.00454207
0.00476238
0.00496938
0.00516198
0.00533932
0.00550076
0.00564586
0.00577438
0.00588621
0.0059813
0.00605962
0.00612108
0.00616555
0.00619275
0.00620228
0.00619358
0.00616591
0.00611834
0.00604984
0.00595927
0.0058454
0.00570697
0.00554268
0.00535126
0.00513152
0.00488241
0.00460305
0.00429288
0.00395177
0.0035803
0.00318045
0.00275751
0.0023255
0.00191816
0.00160016
0.00145829
0.00155024
0.0018172
0.00209718
0.00229416
0.00241366
0.00248568
0.00253064
0.00255889
0.00257549
0.00258316
0.00258365
0.00257829
0.00256817
0.00255427
0.0025374
0.0025183
0.00249757
0.00247571
0.00245314
0.00243023
0.0024073
0.00238465
0.00236257
0.00234136
0.00232127
0.00230254
0.00228535
0.00226979
0.00225586
0.00224337
0.00223195
0.00222098
0.00220956
0.00219653
0.00218048
0.00215986
0.00213305
0.0020986
0.00205533
0.00200255
0.0019402
0.00186891
0.00179009
0.00170576
0.00161871
0.00153069
0.00145197
0.00133856
0.000111324
0.000817173
0.00128451
0.00157414
0.0017899
0.00198396
0.00218073
0.00238885
0.00260834
0.00283585
0.00306753
0.0033002
0.00353152
0.00375976
0.00398346
0.00420127
0.00441182
0.00461373
0.00480564
0.00498626
0.00515446
0.00530927
0.00544989
0.00557569
0.00568616
0.00578086
0.0058594
0.00592136
0.00596627
0.00599361
0.00600271
0.0059928
0.00596293
0.00591205
0.00583899
0.0057425
0.00562127
0.00547397
0.00529928
0.00509592
0.00486271
0.00459862
0.00430286
0.00397493
0.00361484
0.00322349
0.002804
0.00236565
0.00193367
0.00156347
0.00134424
0.00136565
0.00161873
0.00192453
0.00213564
0.00225531
0.00232583
0.00237282
0.00240728
0.00243349
0.00245318
0.00246721
0.00247616
0.00248055
0.0024809
0.00247774
0.00247158
0.00246293
0.00245223
0.00243989
0.00242628
0.00241174
0.00239657
0.00238108
0.00236558
0.00235035
0.0023357
0.00232186
0.00230906
0.00229741
0.00228695
0.00227752
0.0022688
0.00226018
0.00225079
0.00223947
0.00222481
0.00220523
0.0021791
0.00214495
0.00210159
0.00204836
0.00198525
0.00191296
0.00183297
0.00174741
0.00165916
0.00157015
0.00149051
0.00137738
0.000107996
0.000788214
0.00127081
0.00158633
0.00182512
0.00203262
0.00222951
0.00242437
0.00261977
0.00281581
0.00301188
0.00320744
0.00340207
0.00359539
0.00378682
0.00397554
0.00416047
0.0043403
0.00451365
0.00467906
0.00483517
0.0049807
0.00511452
0.00523562
0.00534314
0.00543626
0.00551419
0.00557621
0.00562158
0.00564948
0.00565904
0.00564924
0.00561899
0.00556708
0.00549222
0.00539306
0.00526823
0.00511635
0.00493607
0.0047261
0.00448528
0.0042126
0.00390728
0.00356891
0.00319769
0.0027954
0.00236831
0.00193526
0.00154213
0.00127218
0.00122887
0.00145061
0.00177161
0.00199343
0.0021106
0.00217675
0.00222165
0.00225663
0.0022857
0.00231034
0.00233115
0.00234843
0.00236235
0.00237305
0.00238069
0.00238547
0.00238761
0.00238737
0.00238503
0.00238085
0.0023751
0.00236804
0.00235993
0.00235106
0.00234171
0.00233216
0.0023227
0.00231359
0.00230505
0.00229723
0.00229019
0.00228382
0.0022778
0.00227158
0.00226429
0.0022548
0.00224168
0.00222335
0.00219818
0.00216468
0.00212169
0.00206857
0.00200535
0.0019328
0.00185245
0.00176649
0.00167786
0.00158865
0.00150877
0.00139659
0.000103764
0.000747737
0.00122403
0.00154135
0.00178063
0.00198323
0.00216767
0.00234196
0.00250966
0.00267275
0.00283273
0.002991
0.00314874
0.00330681
0.00346556
0.00362475
0.00378367
0.00394115
0.00409578
0.00424596
0.00439009
0.00452659
0.00465401
0.004771
0.00487631
0.00496872
0.00504717
0.00511064
0.0051581
0.00518851
0.00520074
0.00519361
0.00516584
0.00511609
0.00504294
0.00494496
0.00482071
0.00466874
0.00448766
0.00427616
0.00403304
0.00375729
0.00344816
0.00310539
0.0027299
0.00232608
0.00190841
0.00151465
0.00121921
0.0011268
0.00130813
0.00163102
0.00186082
0.00197715
0.00204185
0.00208676
0.00212247
0.00215247
0.00217832
0.00220096
0.00222101
0.00223884
0.00225464
0.00226845
0.00228027
0.00229009
0.00229793
0.00230384
0.0023079
0.00231022
0.00231094
0.00231022
0.00230824
0.00230521
0.00230138
0.00229699
0.00229232
0.0022876
0.00228307
0.00227888
0.00227511
0.00227167
0.00226828
0.00226441
0.00225921
0.00225157
0.00224006
0.0022231
0.00219907
0.00216649
0.00212422
0.00207165
0.00200886
0.00193666
0.00185663
0.00177099
0.00168271
0.00159399
0.00151449
0.00140386
9.93607e-05
0.000699572
0.00113687
0.00141676
0.00162343
0.00179716
0.00195426
0.00210091
0.00223974
0.0023726
0.0025014
0.00262817
0.0027549
0.00288323
0.00301421
0.00314823
0.00328498
0.00342356
0.00356262
0.00370053
0.00383547
0.00396564
0.0040893
0.00420473
0.0043103
0.00440455
0.00448614
0.00455376
0.00460613
0.00464197
0.00465994
0.00465867
0.00463672
0.00459261
0.00452481
0.00443178
0.00431198
0.0041639
0.00398608
0.00377716
0.00353589
0.00326129
0.00295276
0.00261071
0.00223843
0.00184751
0.00146953
0.00116989
0.00104787
0.00118987
0.00150161
0.00173513
0.00185251
0.00191918
0.00196735
0.00200618
0.00203835
0.0020653
0.00208831
0.00210847
0.00212662
0.00214332
0.00215888
0.0021734
0.00218689
0.00219926
0.00221041
0.00222026
0.00222874
0.00223582
0.0022415
0.00224582
0.00224887
0.00225078
0.0022517
0.00225186
0.00225145
0.0022507
0.00224983
0.00224899
0.00224825
0.00224757
0.00224666
0.00224503
0.00224186
0.00223603
0.00222614
0.00221062
0.00218785
0.00215637
0.00211509
0.00206343
0.0020015
0.00193015
0.00185099
0.00176627
0.00167894
0.00159126
0.00151266
0.00140406
9.4929e-05
0.000624396
0.000969938
0.00116236
0.00130464
0.00143318
0.00155768
0.00167924
0.0017971
0.00191089
0.00202121
0.0021295
0.00223758
0.0023473
0.00246016
0.00257706
0.00269825
0.0028233
0.00295119
0.00308047
0.00320937
0.00333602
0.00345845
0.00357467
0.00368286
0.00378133
0.00386845
0.00394266
0.00400242
0.00404621
0.00407248
0.00407968
0.00406619
0.00403038
0.0039706
0.00388521
0.00377255
0.00363101
0.00345908
0.00325533
0.00301858
0.00274802
0.00244379
0.00210857
0.00175224
0.00140189
0.00111501
0.000982527
0.00109381
0.00138481
0.00161631
0.001736
0.00180709
0.00186066
0.00190443
0.00194033
0.00196961
0.00199367
0.00201389
0.00203147
0.00204735
0.0020622
0.00207643
0.00209027
0.00210377
0.00211687
0.00212947
0.00214141
0.00215254
0.00216274
0.0021719
0.00217996
0.00218689
0.00219274
0.0021976
0.00220158
0.00220485
0.00220759
0.00220997
0.00221214
0.00221417
0.00221601
0.00221742
0.00221789
0.00221664
0.00221256
0.00220427
0.0021902
0.00216876
0.00213854
0.00209844
0.00204796
0.00198724
0.00191715
0.0018393
0.00175596
0.00167005
0.00158386
0.00150655
0.00140032
9.06704e-05
0.000508132
0.000675197
0.000764386
0.000851453
0.000947628
0.00105108
0.00115813
0.00126553
0.00137119
0.00147438
0.00157552
0.00167582
0.00177679
0.00187991
0.00198634
0.00209682
0.00221151
0.00233002
0.0024514
0.00257429
0.00269696
0.00281751
0.00293397
0.0030444
0.00314685
0.00323945
0.00332036
0.00338779
0.00343996
0.00347508
0.00349137
0.00348706
0.00346033
0.00340941
0.00333248
0.00322782
0.00309371
0.00292861
0.00273116
0.00250044
0.00223651
0.00194185
0.00162541
0.00131124
0.00105026
0.000924138
0.00101684
0.00128223
0.00150548
0.0016278
0.00170467
0.00176447
0.00181387
0.00185431
0.00188692
0.00191311
0.00193434
0.00195199
0.00196721
0.00198093
0.00199383
0.0020064
0.00201893
0.00203155
0.00204428
0.00205705
0.00206971
0.00208211
0.00209406
0.00210539
0.00211597
0.00212569
0.00213451
0.00214244
0.00214951
0.00215584
0.00216153
0.00216672
0.00217154
0.00217604
0.00218016
0.00218367
0.00218609
0.00218663
0.00218421
0.00217747
0.00216486
0.00214482
0.00211594
0.0020772
0.00202812
0.00196888
0.00190036
0.00182419
0.00174259
0.00165845
0.00157405
0.00149831
0.00139466
8.6099e-05
0.000289237
0.000361377
0.00043334
0.000508432
0.000586043
0.000666632
0.000750495
0.000837071
0.000925237
0.00101406
0.00110324
0.00119297
0.00128379
0.0013764
0.00147151
0.00156983
0.00167186
0.00177775
0.00188716
0.00199934
0.00211312
0.0022269
0.00233886
0.00244699
0.00254925
0.00264357
0.00272784
0.00279998
0.00285791
0.0028996
0.00292301
0.00292615
0.00290701
0.00286363
0.00279407
0.00269649
0.00256917
0.00241064
0.00221993
0.00199716
0.00174492
0.00147189
0.00120015
0.000975182
0.00086932
0.000955726
0.00119463
0.00140412
0.00152842
0.00161134
0.00167722
0.00173201
0.00177707
0.00181345
0.00184249
0.00186566
0.00188435
0.00189979
0.00191303
0.0019249
0.00193607
0.00194703
0.00195811
0.00196951
0.00198132
0.00199352
0.00200603
0.0020187
0.00203135
0.00204381
0.00205588
0.00206742
0.00207831
0.00208849
0.00209794
0.00210669
0.0021148
0.00212235
0.00212943
0.00213607
0.0021422
0.0021476
0.00215179
0.002154
0.00215315
0.00214791
0.00213675
0.00211813
0.00209069
0.00205345
0.00200596
0.00194841
0.00188173
0.00180749
0.00172789
0.00164577
0.00156338
0.00148939
0.00138837
7.54626e-05
0.000181704
0.000291699
0.00036539
0.000418208
0.000463003
0.00050757
0.000555753
0.000608606
0.000665911
0.000727439
0.00079301
0.000862347
0.000935
0.00101052
0.00108871
0.00116978
0.0012541
0.00134209
0.001434
0.00152957
0.00162804
0.00172821
0.00182858
0.0019274
0.00202269
0.0021123
0.00219393
0.00226525
0.00232392
0.00236762
0.00239406
0.00240099
0.0023862
0.00234754
0.00228296
0.00219059
0.00206887
0.00191682
0.00173472
0.00152553
0.00129809
0.00107337
0.000892329
0.000817914
0.000908387
0.00112205
0.00131383
0.0014385
0.00152675
0.00159779
0.00165715
0.00170637
0.00174649
0.00177874
0.00180446
0.00182499
0.00184154
0.00185518
0.00186683
0.00187722
0.00188695
0.00189651
0.00190624
0.00191638
0.00192708
0.00193837
0.00195022
0.00196255
0.0019752
0.001988
0.00200076
0.00201332
0.0020255
0.00203722
0.00204837
0.00205894
0.00206894
0.00207839
0.00208734
0.0020958
0.00210368
0.00211074
0.00211652
0.00212026
0.00212089
0.00211709
0.00210737
0.00209021
0.00206429
0.00202866
0.00198291
0.00192725
0.00186259
0.00179048
0.00171308
0.00163313
0.00155287
0.0014807
0.00138228
)
;

boundaryField
{
    outlet
    {
        type            calculated;
        value           nonuniform List<scalar> 
55
(
0.00137724
0.00137325
0.00136976
0.00136693
0.0013647
0.00136298
0.00136166
0.00136063
0.00135979
0.00135901
0.00135819
0.00135723
0.00135602
0.00135447
0.00135251
0.00135007
0.00134711
0.00134358
0.00133944
0.00133467
0.00132918
0.00132289
0.00131562
0.00130708
0.00129687
0.00128438
0.00126877
0.00124891
0.00122333
0.00119016
0.00114708
0.0010912
0.00101902
0.00092635
0.000808803
0.000664251
0.000500724
0.000346724
0.000233591
0.000148871
0.000207417
0.000331749
0.000652743
0.000949659
0.0011474
0.00126811
0.00133856
0.00137738
0.00139659
0.00140386
0.00140406
0.00140032
0.00139466
0.00138837
0.00138228
)
;
    }
    inlet
    {
        type            calculated;
        value           uniform 0.00117023;
    }
    lowerWall
    {
        type            nutkWallFunction;
        Cmu             0.09;
        kappa           0.41;
        E               9.8;
        value           nonuniform List<scalar> 
148
(
3.87014e-07
1.22525e-06
1.99423e-06
2.68579e-06
3.2966e-06
3.82561e-06
4.27445e-06
4.64736e-06
4.95044e-06
5.1909e-06
5.37643e-06
5.51471e-06
5.61303e-06
5.67811e-06
5.71595e-06
5.73178e-06
5.7301e-06
5.71472e-06
5.68881e-06
5.65498e-06
5.61536e-06
5.57168e-06
5.52531e-06
5.47732e-06
5.42857e-06
5.37969e-06
5.33112e-06
5.2833e-06
5.2359e-06
5.19151e-06
5.13807e-06
5.13325e-06
4.8957e-06
1.33076e-06
5.50496e-06
7.99366e-06
9.46796e-06
1.01507e-05
1.03473e-05
1.02863e-05
9.95791e-06
9.46466e-06
8.83429e-06
8.17478e-06
7.50811e-06
6.86369e-06
6.16834e-06
4.53062e-06
1.33076e-06
1.38269e-05
1.5345e-05
1.54156e-05
1.4697e-05
1.34027e-05
1.13072e-05
1.23803e-05
2.02479e-05
2.69904e-05
3.2179e-05
3.63744e-05
3.98749e-05
4.28488e-05
4.5399e-05
4.75917e-05
4.94733e-05
5.10797e-05
5.24427e-05
5.35919e-05
5.45557e-05
5.53608e-05
5.60314e-05
5.65888e-05
5.7051e-05
5.74324e-05
5.77444e-05
5.79955e-05
5.81925e-05
5.83408e-05
5.84453e-05
5.85109e-05
5.85437e-05
5.85515e-05
5.85387e-05
5.84954e-05
5.84255e-05
5.83295e-05
5.82073e-05
5.80575e-05
5.78773e-05
5.76625e-05
5.74063e-05
5.70992e-05
5.67282e-05
5.62764e-05
5.57241e-05
5.50512e-05
5.42463e-05
5.33266e-05
5.23721e-05
5.15376e-05
5.06932e-05
4.97575e-05
4.87381e-05
4.76589e-05
4.65424e-05
4.54087e-05
4.42764e-05
4.31629e-05
4.20829e-05
4.10472e-05
4.00632e-05
3.91347e-05
3.82626e-05
3.74458e-05
3.66818e-05
3.59672e-05
3.52984e-05
3.46715e-05
3.40833e-05
3.35307e-05
3.30111e-05
3.25223e-05
3.20627e-05
3.16308e-05
3.12255e-05
3.08455e-05
3.04897e-05
3.01566e-05
2.98442e-05
2.95501e-05
2.9271e-05
2.90026e-05
2.87393e-05
2.84752e-05
2.82037e-05
2.79178e-05
2.76107e-05
2.72768e-05
2.69115e-05
2.65118e-05
2.60743e-05
2.56006e-05
2.5109e-05
2.46328e-05
2.42094e-05
2.38664e-05
2.36245e-05
2.34159e-05
)
;
    }
    upperWall
    {
        type            nutkWallFunction;
        Cmu             0.09;
        kappa           0.41;
        E               9.8;
        value           nonuniform List<scalar> 
133
(
1.45074e-05
1.50271e-05
1.5526e-05
1.60017e-05
1.64543e-05
1.68847e-05
1.72941e-05
1.76832e-05
1.80529e-05
1.84041e-05
1.87375e-05
1.9054e-05
1.93543e-05
1.96392e-05
1.99094e-05
2.01655e-05
2.04082e-05
2.06383e-05
2.08563e-05
2.10628e-05
2.12583e-05
2.14436e-05
2.1619e-05
2.17851e-05
2.19423e-05
2.20912e-05
2.22321e-05
2.23654e-05
2.24917e-05
2.26111e-05
2.27242e-05
2.28312e-05
2.29325e-05
2.30437e-05
2.31652e-05
2.32825e-05
2.33953e-05
2.35036e-05
2.36072e-05
2.3706e-05
2.37999e-05
2.38887e-05
2.39724e-05
2.40508e-05
2.41236e-05
2.41907e-05
2.42519e-05
2.43069e-05
2.43554e-05
2.43972e-05
2.44319e-05
2.44591e-05
2.44782e-05
2.44888e-05
2.44903e-05
2.4482e-05
2.4463e-05
2.44325e-05
2.43894e-05
2.43325e-05
2.42606e-05
2.41721e-05
2.40653e-05
2.39383e-05
2.37889e-05
2.36148e-05
2.34134e-05
2.31818e-05
2.29173e-05
2.26168e-05
2.22778e-05
2.1898e-05
2.14762e-05
2.10131e-05
2.05118e-05
1.99792e-05
1.94275e-05
1.88748e-05
1.83464e-05
1.78739e-05
1.74923e-05
1.72349e-05
1.71257e-05
1.71726e-05
1.73633e-05
1.76595e-05
1.80419e-05
1.84908e-05
1.89391e-05
1.93308e-05
1.96347e-05
1.98408e-05
1.99524e-05
1.99807e-05
1.99383e-05
1.98379e-05
1.96923e-05
1.9513e-05
1.93105e-05
1.90932e-05
1.88679e-05
1.86398e-05
1.84129e-05
1.81901e-05
1.79736e-05
1.77649e-05
1.75652e-05
1.73752e-05
1.71952e-05
1.70251e-05
1.68649e-05
1.67142e-05
1.65727e-05
1.644e-05
1.6316e-05
1.62006e-05
1.60939e-05
1.59959e-05
1.59069e-05
1.58268e-05
1.57554e-05
1.56925e-05
1.56376e-05
1.559e-05
1.55489e-05
1.55135e-05
1.54832e-05
1.54569e-05
1.54335e-05
1.54125e-05
1.53918e-05
1.53743e-05
1.53436e-05
)
;
    }
    frontAndBack
    {
        type            empty;
    }
}


// ************************************************************************* //
