/*--------------------------------*- C++ -*----------------------------------*\
| =========                 |                                                 |
| \\      /  F ield         | OpenFOAM: The Open Source CFD Toolbox           |
|  \\    /   O peration     | Version:  2.1.1                                 |
|   \\  /    A nd           | Web:      www.OpenFOAM.org                      |
|    \\/     M anipulation  |                                                 |
\*---------------------------------------------------------------------------*/
FoamFile
{
    version     2.0;
    format      ascii;
    class       volScalarField;
    location    "0.075";
    object      p;
}
// * * * * * * * * * * * * * * * * * * * * * * * * * * * * * * * * * * * * * //

dimensions      [0 2 -2 0 0 0 0];

internalField   nonuniform List<scalar> 
6820
(
-11.1644
-13.0106
-13.5855
-13.713
-13.8198
-13.8986
-13.9526
-13.9985
-14.0403
-14.0784
-14.1138
-14.1471
-14.1785
-14.2081
-14.2361
-14.2625
-14.2875
-14.3111
-14.3334
-14.3544
-14.3741
-14.3925
-14.4096
-14.4252
-14.4393
-14.4515
-14.4614
-14.4684
-14.4713
-14.4686
-14.4565
-14.4259
-14.3732
-15.1169
-14.5822
-14.1596
-13.9694
-13.9445
-13.9553
-13.9751
-14.0025
-14.034
-14.0666
-14.0992
-14.1312
-14.1623
-14.1923
-14.2209
-14.2481
-14.274
-14.2985
-14.3217
-14.3435
-14.3641
-14.3833
-14.4012
-14.4177
-14.4327
-14.446
-14.4574
-14.4666
-14.473
-14.4781
-14.4794
-14.5005
-14.5268
-13.4744
-13.1706
-13.457
-13.7019
-13.8066
-13.8816
-13.9402
-13.9889
-14.0323
-14.0716
-14.1078
-14.1415
-14.1731
-14.2028
-14.2308
-14.2572
-14.2822
-14.3058
-14.3281
-14.3492
-14.3691
-14.3877
-14.4052
-14.4215
-14.4363
-14.4498
-14.4616
-14.4718
-14.4802
-14.4877
-14.4944
-14.5069
-14.5205
-13.9814
-14.0157
-14.0127
-13.9533
-13.9453
-13.9655
-13.9914
-14.0197
-14.0499
-14.0805
-14.1107
-14.1403
-14.1692
-14.197
-14.2238
-14.2495
-14.2741
-14.2976
-14.32
-14.3413
-14.3615
-14.3807
-14.3987
-14.4156
-14.4314
-14.4459
-14.4592
-14.4713
-14.4824
-14.4937
-14.5052
-14.5243
-14.5454
-13.826
-13.726
-13.7701
-13.8358
-13.8885
-13.9347
-13.9749
-14.0118
-14.047
-14.0806
-14.1127
-14.1434
-14.1727
-14.2008
-14.2276
-14.2532
-14.2776
-14.3009
-14.323
-14.3441
-14.3642
-14.3832
-14.4012
-14.4183
-14.4343
-14.4494
-14.4635
-14.4769
-14.4898
-14.5032
-14.5175
-14.5363
-14.5572
-13.8811
-13.8644
-13.8895
-13.9123
-13.9344
-13.9634
-13.9944
-14.0256
-14.0567
-14.0874
-14.1172
-14.1462
-14.1742
-14.2012
-14.2271
-14.2521
-14.276
-14.2989
-14.3209
-14.3419
-14.362
-14.3812
-14.3995
-14.417
-14.4336
-14.4495
-14.4648
-14.4796
-14.4943
-14.5097
-14.5261
-14.5456
-14.5669
-13.8794
-13.8582
-13.874
-13.9025
-13.9324
-13.9649
-13.9974
-14.0289
-14.0599
-14.0901
-14.1196
-14.1481
-14.1757
-14.2023
-14.2279
-14.2526
-14.2763
-14.2991
-14.3209
-14.3419
-14.3621
-14.3814
-14.4
-14.4178
-14.435
-14.4516
-14.4678
-14.4839
-14.5
-14.5168
-14.5347
-14.5546
-14.5758
-13.8936
-13.8858
-13.901
-13.9253
-13.9503
-13.9782
-14.0073
-14.0366
-14.0658
-14.0946
-14.1229
-14.1505
-14.1773
-14.2032
-14.2283
-14.2525
-14.2759
-14.2984
-14.3201
-14.341
-14.3612
-14.3807
-14.3996
-14.4178
-14.4355
-14.4529
-14.47
-14.4871
-14.5044
-14.5225
-14.5415
-14.562
-14.5837
-13.9066
-13.9027
-13.9147
-13.936
-13.9598
-13.9863
-14.0142
-14.0424
-14.0705
-14.0984
-14.1258
-14.1526
-14.1787
-14.2041
-14.2287
-14.2526
-14.2756
-14.2979
-14.3195
-14.3404
-14.3607
-14.3803
-14.3994
-14.4181
-14.4363
-14.4543
-14.4722
-14.4902
-14.5086
-14.5277
-14.5477
-14.5688
-14.591
-13.9202
-13.9196
-13.9308
-13.9501
-13.972
-13.9964
-14.0224
-14.049
-14.0758
-14.1025
-14.129
-14.1549
-14.1803
-14.2051
-14.2292
-14.2526
-14.2753
-14.2974
-14.3189
-14.3397
-14.36
-14.3798
-14.3991
-14.4181
-14.4368
-14.4554
-14.474
-14.4929
-14.5121
-14.5321
-14.5529
-14.5747
-14.5975
-13.9339
-13.9348
-13.9451
-13.9624
-13.9827
-14.0055
-14.03
-14.0553
-14.0809
-14.1066
-14.1321
-14.1572
-14.1819
-14.2061
-14.2297
-14.2527
-14.2751
-14.297
-14.3183
-14.339
-14.3593
-14.3792
-14.3988
-14.4181
-14.4372
-14.4563
-14.4755
-14.4951
-14.5151
-14.5357
-14.5572
-14.5797
-14.6032
-13.9472
-13.9491
-13.9588
-13.9746
-13.9934
-14.0147
-14.0377
-14.0616
-14.0861
-14.1107
-14.1352
-14.1596
-14.1836
-14.2071
-14.2302
-14.2528
-14.2749
-14.2965
-14.3176
-14.3383
-14.3586
-14.3786
-14.3983
-14.4179
-14.4373
-14.4569
-14.4766
-14.4967
-14.5173
-14.5386
-14.5607
-14.5837
-14.6078
-13.9602
-13.9625
-13.9717
-13.9861
-14.0036
-14.0235
-14.0451
-14.0678
-14.0911
-14.1147
-14.1384
-14.1619
-14.1852
-14.2082
-14.2308
-14.2529
-14.2747
-14.296
-14.317
-14.3375
-14.3578
-14.3778
-14.3977
-14.4174
-14.4372
-14.4571
-14.4772
-14.4978
-14.5188
-14.5406
-14.5632
-14.5867
-14.6112
-13.9726
-13.9751
-13.9838
-13.9971
-14.0134
-14.032
-14.0524
-14.0739
-14.0961
-14.1187
-14.1415
-14.1643
-14.1869
-14.2092
-14.2313
-14.2531
-14.2744
-14.2955
-14.3162
-14.3367
-14.3569
-14.3769
-14.3969
-14.4168
-14.4367
-14.4569
-14.4773
-14.4982
-14.5196
-14.5417
-14.5646
-14.5885
-14.6133
-13.9844
-13.987
-13.9951
-14.0075
-14.0226
-14.0401
-14.0593
-14.0797
-14.1009
-14.1226
-14.1445
-14.1665
-14.1885
-14.2103
-14.2318
-14.2531
-14.2742
-14.2949
-14.3154
-14.3357
-14.3558
-14.3758
-14.3958
-14.4157
-14.4358
-14.4561
-14.4768
-14.4979
-14.5195
-14.5418
-14.5649
-14.5889
-14.614
-13.9955
-13.9981
-14.0058
-14.0173
-14.0314
-14.0478
-14.066
-14.0854
-14.1056
-14.1264
-14.1475
-14.1687
-14.19
-14.2112
-14.2322
-14.2531
-14.2738
-14.2942
-14.3145
-14.3346
-14.3546
-14.3745
-14.3944
-14.4144
-14.4345
-14.4549
-14.4756
-14.4968
-14.5185
-14.5409
-14.564
-14.588
-14.613
-14.006
-14.0084
-14.0157
-14.0264
-14.0397
-14.0551
-14.0723
-14.0907
-14.11
-14.1299
-14.1503
-14.1708
-14.1914
-14.212
-14.2326
-14.253
-14.2733
-14.2934
-14.3134
-14.3332
-14.353
-14.3728
-14.3926
-14.4125
-14.4326
-14.453
-14.4737
-14.4948
-14.5165
-14.5388
-14.5619
-14.5857
-14.6105
-14.0157
-14.018
-14.0249
-14.0349
-14.0474
-14.062
-14.0782
-14.0957
-14.1142
-14.1333
-14.1528
-14.1727
-14.1927
-14.2127
-14.2327
-14.2527
-14.2726
-14.2923
-14.312
-14.3316
-14.3512
-14.3708
-14.3905
-14.4102
-14.4302
-14.4504
-14.471
-14.492
-14.5135
-14.5356
-14.5584
-14.5818
-14.6062
-14.0247
-14.0269
-14.0333
-14.0428
-14.0546
-14.0683
-14.0837
-14.1004
-14.118
-14.1364
-14.1552
-14.1744
-14.1938
-14.2132
-14.2327
-14.2522
-14.2717
-14.2911
-14.3104
-14.3298
-14.3491
-14.3684
-14.3878
-14.4074
-14.4271
-14.4471
-14.4675
-14.4882
-14.5094
-14.5311
-14.5535
-14.5765
-14.6002
-14.0329
-14.035
-14.0411
-14.05
-14.0611
-14.0741
-14.0887
-14.1046
-14.1215
-14.1391
-14.1573
-14.1758
-14.1946
-14.2135
-14.2325
-14.2515
-14.2706
-14.2896
-14.3086
-14.3275
-14.3465
-14.3656
-14.3847
-14.404
-14.4234
-14.4431
-14.4631
-14.4834
-14.5042
-14.5254
-14.5472
-14.5695
-14.5925
-14.0403
-14.0423
-14.0481
-14.0565
-14.067
-14.0793
-14.0933
-14.1085
-14.1246
-14.1416
-14.1591
-14.177
-14.1952
-14.2135
-14.232
-14.2506
-14.2692
-14.2878
-14.3064
-14.325
-14.3436
-14.3623
-14.381
-14.3999
-14.419
-14.4383
-14.4578
-14.4777
-14.4979
-14.5185
-14.5395
-14.5611
-14.5832
-14.0469
-14.0488
-14.0543
-14.0622
-14.0722
-14.0839
-14.0972
-14.1118
-14.1273
-14.1436
-14.1604
-14.1778
-14.1954
-14.2133
-14.2313
-14.2493
-14.2675
-14.2856
-14.3038
-14.322
-14.3402
-14.3585
-14.3768
-14.3953
-14.4139
-14.4326
-14.4516
-14.4709
-14.4904
-14.5103
-14.5305
-14.5511
-14.5722
-14.0527
-14.0545
-14.0597
-14.0672
-14.0767
-14.0879
-14.1006
-14.1146
-14.1295
-14.1452
-14.1615
-14.1782
-14.1953
-14.2127
-14.2302
-14.2478
-14.2654
-14.2831
-14.3009
-14.3186
-14.3364
-14.3542
-14.372
-14.39
-14.408
-14.4262
-14.4446
-14.4631
-14.4819
-14.5009
-14.5202
-14.5398
-14.5596
-14.0576
-14.0593
-14.0642
-14.0714
-14.0805
-14.0912
-14.1033
-14.1167
-14.1311
-14.1462
-14.162
-14.1782
-14.1948
-14.2116
-14.2287
-14.2458
-14.263
-14.2802
-14.2975
-14.3147
-14.332
-14.3493
-14.3666
-14.384
-14.4014
-14.419
-14.4366
-14.4544
-14.4723
-14.4903
-14.5086
-14.527
-14.5457
-14.0617
-14.0633
-14.068
-14.0749
-14.0835
-14.0938
-14.1055
-14.1184
-14.1323
-14.1469
-14.1622
-14.1779
-14.194
-14.2104
-14.2269
-14.2436
-14.2603
-14.277
-14.2938
-14.3105
-14.3273
-14.344
-14.3607
-14.3775
-14.3942
-14.411
-14.4279
-14.4448
-14.4617
-14.4788
-14.4959
-14.5131
-14.5304
-14.0648
-14.0663
-14.0707
-14.0773
-14.0855
-14.0954
-14.1066
-14.1191
-14.1325
-14.1467
-14.1615
-14.1768
-14.1924
-14.2083
-14.2244
-14.2406
-14.2569
-14.2731
-14.2894
-14.3056
-14.3218
-14.338
-14.3541
-14.3701
-14.3862
-14.4022
-14.4182
-14.4342
-14.4501
-14.4661
-14.4821
-14.498
-14.5139
-14.0669
-14.0684
-14.0727
-14.0791
-14.0871
-14.0967
-14.1077
-14.1198
-14.1328
-14.1466
-14.161
-14.1759
-14.1911
-14.2065
-14.2222
-14.2379
-14.2536
-14.2694
-14.2851
-14.3007
-14.3163
-14.3318
-14.3473
-14.3626
-14.3778
-14.393
-14.4081
-14.4231
-14.438
-14.4528
-14.4675
-14.4821
-14.4966
-14.068
-14.0693
-14.0731
-14.079
-14.0866
-14.0958
-14.1064
-14.1181
-14.1308
-14.1443
-14.1584
-14.173
-14.1879
-14.203
-14.2183
-14.2336
-14.2489
-14.2642
-14.2794
-14.2946
-14.3096
-14.3245
-14.3393
-14.3539
-14.3684
-14.3827
-14.3969
-14.4109
-14.4247
-14.4384
-14.4518
-14.4651
-14.4781
-14.0684
-14.07
-14.0742
-14.0802
-14.0877
-14.0968
-14.1072
-14.1188
-14.1312
-14.1444
-14.1581
-14.1722
-14.1867
-14.2013
-14.216
-14.2308
-14.2456
-14.2603
-14.2749
-14.2894
-14.3038
-14.318
-14.332
-14.3458
-14.3594
-14.3727
-14.3859
-14.3988
-14.4115
-14.4239
-14.4361
-14.4479
-14.4595
-14.0668
-14.0674
-14.0703
-14.0752
-14.0821
-14.0908
-14.101
-14.1125
-14.1249
-14.1381
-14.1519
-14.166
-14.1804
-14.195
-14.2096
-14.2243
-14.2388
-14.2533
-14.2675
-14.2816
-14.2955
-14.3092
-14.3226
-14.3357
-14.3486
-14.3611
-14.3734
-14.3853
-14.397
-14.4083
-14.4192
-14.4297
-14.4399
-14.0665
-14.0691
-14.0736
-14.0796
-14.0869
-14.0956
-14.1056
-14.1166
-14.1285
-14.1411
-14.1541
-14.1676
-14.1813
-14.1951
-14.209
-14.2229
-14.2367
-14.2504
-14.2639
-14.2772
-14.2903
-14.3031
-14.3156
-14.3278
-14.3396
-14.3512
-14.3623
-14.3731
-14.3836
-14.3936
-14.4032
-14.4123
-14.421
-14.0586
-14.0565
-14.0568
-14.0605
-14.0673
-14.0763
-14.0872
-14.0993
-14.1123
-14.126
-14.1402
-14.1546
-14.1691
-14.1836
-14.198
-14.2123
-14.2263
-14.2401
-14.2537
-14.2669
-14.2798
-14.2923
-14.3044
-14.3161
-14.3274
-14.3383
-14.3488
-14.3587
-14.3682
-14.3772
-14.3857
-14.3937
-14.4012
-14.0668
-14.0733
-14.079
-14.0841
-14.0899
-14.0972
-14.106
-14.116
-14.127
-14.1386
-14.1509
-14.1634
-14.1763
-14.1892
-14.2022
-14.2151
-14.2278
-14.2404
-14.2528
-14.2648
-14.2766
-14.2879
-14.2989
-14.3095
-14.3197
-14.3294
-14.3387
-14.3474
-14.3556
-14.3633
-14.3705
-14.3771
-14.3831
-14.0347
-14.0211
-14.0161
-14.0214
-14.0315
-14.0442
-14.0584
-14.0736
-14.0893
-14.1053
-14.1212
-14.137
-14.1526
-14.1678
-14.1827
-14.1973
-14.2113
-14.225
-14.2381
-14.2508
-14.2629
-14.2746
-14.2857
-14.2962
-14.3062
-14.3156
-14.3244
-14.3327
-14.3402
-14.3472
-14.3535
-14.3592
-14.3642
-14.0889
-14.1093
-14.1139
-14.1094
-14.1067
-14.109
-14.1142
-14.1214
-14.13
-14.1397
-14.1503
-14.1614
-14.1729
-14.1846
-14.1964
-14.2081
-14.2197
-14.2311
-14.2422
-14.253
-14.2634
-14.2734
-14.283
-14.292
-14.3006
-14.3086
-14.3161
-14.3229
-14.3292
-14.3348
-14.3398
-14.3441
-14.3477
-13.966
-13.9164
-13.9046
-13.9304
-13.9588
-13.9833
-14.0072
-14.0305
-14.0527
-14.0738
-14.0938
-14.1128
-14.1308
-14.148
-14.1644
-14.1799
-14.1947
-14.2087
-14.222
-14.2346
-14.2465
-14.2576
-14.2681
-14.2778
-14.2868
-14.2951
-14.3026
-14.3095
-14.3155
-14.3208
-14.3253
-14.3291
-14.3321
-14.2145
-14.2495
-14.2187
-14.1763
-14.1476
-14.1365
-14.1337
-14.1346
-14.1384
-14.1446
-14.1524
-14.1613
-14.1708
-14.1808
-14.191
-14.2014
-14.2116
-14.2218
-14.2317
-14.2412
-14.2504
-14.2592
-14.2675
-14.2752
-14.2824
-14.289
-14.295
-14.3004
-14.3051
-14.309
-14.3123
-14.3149
-14.3167
-13.7223
-13.6025
-13.6649
-13.7664
-13.8404
-13.8925
-13.9363
-13.9747
-14.0081
-14.0375
-14.0638
-14.0877
-14.1094
-14.1294
-14.1479
-14.165
-14.1809
-14.1957
-14.2094
-14.2222
-14.234
-14.245
-14.255
-14.2642
-14.2725
-14.28
-14.2866
-14.2924
-14.2973
-14.3013
-14.3044
-14.3067
-14.3081
-14.9369
-14.598
-14.3343
-14.2174
-14.1672
-14.142
-14.127
-14.1209
-14.1211
-14.1253
-14.1319
-14.1402
-14.1496
-14.1597
-14.1701
-14.1807
-14.1912
-14.2015
-14.2115
-14.2212
-14.2305
-14.2392
-14.2474
-14.255
-14.2619
-14.2682
-14.2738
-14.2787
-14.2828
-14.2862
-14.2888
-14.2906
-14.2916
-12.4333
-13.1399
-13.5446
-13.697
-13.8018
-13.8843
-13.9439
-13.9889
-14.0255
-14.0559
-14.0818
-14.1043
-14.1244
-14.1426
-14.1592
-14.1745
-14.1887
-14.2018
-14.214
-14.2252
-14.2356
-14.2452
-14.2539
-14.2617
-14.2687
-14.2749
-14.2802
-14.2847
-14.2883
-14.291
-14.2928
-14.2938
-14.2938
-14.2142
-14.3391
-14.4162
-14.4326
-14.4423
-14.4758
-14.5667
-14.7293
-14.9636
-15.2543
-15.5968
-15.9727
-16.3669
-16.7643
-17.1523
-17.5201
-17.8607
-18.1682
-18.4401
-18.6767
-18.8797
-19.0514
-19.1939
-19.3096
-19.4001
-19.4667
-19.5101
-19.5301
-19.5259
-19.4956
-19.4364
-19.3445
-19.2149
-19.0415
-18.817
-18.5328
-18.1794
-17.7462
-17.2223
-16.5966
-15.8592
-15.0026
-14.0238
-12.9272
-11.7256
-10.4449
-9.12624
-7.81295
-6.54098
-5.34201
-4.24389
-3.26654
-2.41999
-1.70494
-1.1148
-0.638178
-0.261364
0.0299745
0.249624
0.410198
0.522851
0.59721
0.64143
0.662316
0.665472
0.655455
0.635927
0.609794
0.57933
0.546289
0.512001
0.477451
0.443354
0.410212
0.37836
0.348012
0.319291
0.292254
0.266911
0.243243
0.221215
0.20078
0.181892
0.164502
0.148558
0.133999
0.12075
0.108725
0.0977916
0.0878451
0.0786311
0.0701364
0.0617905
0.0541758
0.0455744
0.0390984
0.0281261
0.0258462
0.00596572
0.0204003
-14.8468
-14.8919
-14.7346
-14.59
-14.488
-14.4525
-14.4933
-14.6223
-14.8379
-15.1288
-15.48
-15.8686
-16.2735
-16.6761
-17.0617
-17.4213
-17.7492
-18.0438
-18.306
-18.5357
-18.7344
-18.9032
-19.0438
-19.1576
-19.2461
-19.3106
-19.3517
-19.3692
-19.3621
-19.3283
-19.2649
-19.1679
-19.0324
-18.852
-18.6196
-18.3266
-17.9636
-17.5206
-16.9868
-16.352
-15.607
-14.7463
-13.77
-12.6856
-11.5103
-10.2731
-9.00815
-7.74775
-6.52386
-5.36755
-4.30516
-3.35539
-2.52805
-1.82453
-1.23945
-0.762892
-0.382499
-0.0851283
0.142065
0.310985
0.432268
0.515181
0.567639
0.596295
0.606667
0.603271
0.589762
0.569061
0.54347
0.51478
0.484362
0.453247
0.42219
0.391733
0.362251
0.333991
0.307105
0.281679
0.257746
0.235309
0.214348
0.194834
0.176736
0.160016
0.144635
0.130548
0.117693
0.106002
0.0953587
0.0856716
0.0767051
0.0684447
0.0603505
0.0529549
0.044648
0.0382894
0.0277897
0.0251554
0.006635
0.0186097
-14.5514
-14.491
-14.4512
-14.4496
-14.4637
-14.506
-14.5934
-14.735
-14.932
-15.1806
-15.4761
-15.8086
-16.166
-16.5354
-16.9033
-17.2577
-17.5884
-17.8909
-18.1579
-18.3893
-18.5858
-18.7502
-18.8853
-18.9939
-19.0778
-19.1382
-19.1754
-19.1888
-19.1772
-19.1385
-19.0694
-18.966
-18.8232
-18.6347
-18.3931
-18.0903
-17.7168
-17.2627
-16.7179
-16.0733
-15.3223
-14.4631
-13.4987
-12.4386
-11.3016
-10.1125
-8.89776
-7.68626
-6.50858
-5.39378
-4.36625
-3.44355
-2.6353
-1.94349
-1.36385
-0.887791
-0.50426
-0.201243
0.0331882
0.210228
0.339995
0.431383
0.492056
0.528503
0.546145
0.54945
0.542057
0.526894
0.506288
0.482063
0.455629
0.428057
0.400143
0.37247
0.345449
0.319361
0.294389
0.270645
0.248187
0.227038
0.207199
0.188656
0.171391
0.15538
0.140598
0.127014
0.11458
0.103244
0.0929067
0.0834904
0.074778
0.0667538
0.0589119
0.0517289
0.0437164
0.0374605
0.0274466
0.0244246
0.00731305
0.0167673
-14.6107
-14.6686
-14.6722
-14.648
-14.6294
-14.6418
-14.7015
-14.8175
-14.9928
-15.2241
-15.5035
-15.8176
-16.1513
-16.4908
-16.8251
-17.1456
-17.4463
-17.7219
-17.9707
-18.1925
-18.3867
-18.5527
-18.6907
-18.8013
-18.8855
-18.9443
-18.9782
-18.9871
-18.97
-18.9248
-18.8487
-18.7374
-18.5857
-18.3875
-18.1352
-17.8207
-17.4349
-16.9688
-16.4144
-15.7654
-15.018
-14.1709
-13.2279
-12.2
-11.1042
-9.9605
-8.79278
-7.62823
-6.49528
-5.42067
-4.42703
-3.53085
-2.74155
-2.06161
-1.48778
-1.01267
-0.626461
-0.318203
-0.0768664
0.108045
0.246124
0.345887
0.414732
0.458974
0.483927
0.493999
0.492808
0.483282
0.467768
0.448118
0.425778
0.401856
0.377191
0.3524
0.327932
0.304102
0.281123
0.259135
0.23822
0.218423
0.199762
0.182241
0.165857
0.150599
0.136455
0.123406
0.111423
0.100465
0.0904518
0.0813176
0.0728655
0.0650778
0.0574855
0.0505072
0.0427852
0.0366182
0.0270951
0.0236627
0.00798549
0.0148917
-14.5926
-14.6058
-14.5885
-14.5794
-14.5951
-14.6416
-14.7269
-14.857
-15.0337
-15.2543
-15.5129
-15.8
-16.1051
-16.4184
-16.7308
-17.0337
-17.3199
-17.5841
-17.8225
-18.0325
-18.2141
-18.3677
-18.4944
-18.5956
-18.6723
-18.7249
-18.7534
-18.7569
-18.7338
-18.6818
-18.5977
-18.4772
-18.3154
-18.106
-17.8422
-17.5166
-17.1216
-16.65
-16.0948
-15.4503
-14.7129
-13.8831
-12.9663
-11.9727
-10.9163
-9.8157
-8.69311
-7.57381
-6.48395
-5.44816
-4.4874
-3.61716
-2.84662
-2.17869
-1.61101
-1.13731
-0.748871
-0.435791
-0.187899
0.00461267
0.15081
0.258823
0.335775
0.387797
0.420083
0.436975
0.442059
0.438259
0.427934
0.412962
0.394819
0.374652
0.353334
0.331522
0.309698
0.288211
0.267304
0.247145
0.227839
0.209455
0.192029
0.175582
0.160125
0.145663
0.132194
0.119716
0.108211
0.0976557
0.0879847
0.0791452
0.070961
0.0634121
0.0560689
0.0492897
0.0418554
0.0357664
0.0267376
0.0228773
0.00865
0.0129985
-14.5973
-14.6251
-14.6406
-14.6568
-14.684
-14.7321
-14.8116
-14.9299
-15.0896
-15.2895
-15.5248
-15.7875
-16.0681
-16.3573
-16.6458
-16.9256
-17.1902
-17.435
-17.6573
-17.8549
-18.0271
-18.1738
-18.2948
-18.3905
-18.4611
-18.5066
-18.527
-18.5214
-18.4887
-18.4265
-18.3318
-18.2007
-18.0283
-17.809
-17.5365
-17.204
-16.8045
-16.331
-15.7774
-15.1393
-14.4149
-13.6056
-12.7163
-11.7557
-10.7371
-9.67787
-8.5987
-7.5229
-6.47449
-5.47613
-4.54723
-3.70234
-2.95036
-2.29456
-1.73336
-1.26149
-0.871288
-0.553814
-0.299733
-0.0999122
0.054188
0.170305
0.255281
0.315048
0.354675
0.378426
0.389846
0.391851
0.386804
0.376605
0.362759
0.346445
0.328572
0.309831
0.29074
0.27168
0.252924
0.234666
0.217038
0.200128
0.183994
0.168673
0.154191
0.140567
0.127813
0.115939
0.104942
0.0948134
0.0855037
0.0769726
0.0690648
0.061758
0.0546643
0.0480794
0.0409301
0.0349091
0.0263757
0.0220744
0.00930288
0.0111008
-14.603
-14.6301
-14.6487
-14.669
-14.7029
-14.7588
-14.8439
-14.9628
-15.1173
-15.3057
-15.5242
-15.7662
-16.0242
-16.2902
-16.5565
-16.8158
-17.0621
-17.2912
-17.4997
-17.6852
-17.8463
-17.9825
-18.0938
-18.1803
-18.2422
-18.2796
-18.292
-18.2785
-18.2374
-18.1665
-18.0627
-17.9223
-17.7407
-17.5127
-17.2323
-16.8935
-16.4899
-16.0157
-15.466
-14.8373
-14.1281
-13.3398
-12.477
-11.5483
-10.5662
-9.54675
-8.50933
-7.47531
-6.46672
-5.50444
-4.6064
-3.78626
-3.05263
-2.40906
-1.85464
-1.38503
-0.993512
-0.672079
-0.412188
-0.205369
-0.0436015
0.0804545
0.173349
0.240811
0.28777
0.318403
0.336211
0.344087
0.3444
0.339063
0.329607
0.31724
0.302905
0.287327
0.271056
0.254505
0.237978
0.221694
0.20581
0.190437
0.175652
0.161509
0.14805
0.135308
0.123308
0.112073
0.101614
0.0919372
0.0830087
0.0748002
0.0671781
0.0601175
0.0532739
0.0468796
0.040012
0.0340507
0.0260111
0.0212601
0.00994029
0.0092108
-14.6102
-14.6396
-14.6668
-14.698
-14.7413
-14.803
-14.8888
-15.0032
-15.1479
-15.3221
-15.5226
-15.7442
-15.9804
-16.2242
-16.4689
-16.7079
-16.9358
-17.1482
-17.3419
-17.5144
-17.6641
-17.7904
-17.8928
-17.9711
-18.0252
-18.0547
-18.0589
-18.0368
-17.9868
-17.9066
-17.7935
-17.6439
-17.4535
-17.2174
-16.9305
-16.5871
-16.1816
-15.709
-15.1648
-14.5462
-13.8522
-13.0844
-12.2476
-11.3499
-10.403
-9.42201
-8.42472
-7.4308
-6.4605
-5.53297
-4.6648
-3.8688
-3.15329
-2.52202
-1.97468
-1.50772
-1.11535
-0.790394
-0.525085
-0.311592
-0.142411
-0.0106016
0.0900895
0.165177
0.219441
0.256968
0.2812
0.295006
0.30075
0.300357
0.295378
0.287048
0.27634
0.264012
0.250647
0.236686
0.222463
0.208224
0.194152
0.180377
0.166998
0.154086
0.141699
0.129882
0.118676
0.108115
0.098226
0.089026
0.0804993
0.0726285
0.0653021
0.0584924
0.0519002
0.0456932
0.039104
0.0331951
0.0256452
0.0204404
0.0105588
0.00733975
-14.6178
-14.6492
-14.6812
-14.7181
-14.7661
-14.8307
-14.9166
-15.0274
-15.1644
-15.3269
-15.5123
-15.716
-15.9327
-16.1563
-16.3809
-16.6008
-16.8108
-17.0071
-17.1863
-17.346
-17.4843
-17.6004
-17.6934
-17.7628
-17.8084
-17.8295
-17.8254
-17.7949
-17.7365
-17.6478
-17.5262
-17.3683
-17.1701
-16.9273
-16.6349
-16.2879
-15.8815
-15.4111
-14.873
-14.2649
-13.5863
-12.8389
-12.0276
-11.16
-10.2473
-9.3033
-8.34458
-7.38918
-6.45564
-5.56158
-4.72232
-3.94988
-3.25224
-2.63332
-2.09331
-1.6294
-1.23661
-0.908568
-0.638238
-0.41841
-0.242088
-0.102728
0.00561816
0.0882435
0.149773
0.194188
0.22487
0.244653
0.255891
0.260516
0.260093
0.255884
0.248889
0.239895
0.229516
0.218224
0.20638
0.194257
0.182061
0.169947
0.15803
0.146402
0.135134
0.124287
0.113914
0.104064
0.0947752
0.0860788
0.0779749
0.0704575
0.0634375
0.0568843
0.0505452
0.0445231
0.0382087
0.0323465
0.0252796
0.0196208
0.0111555
0.0054977
-14.6251
-14.6583
-14.6943
-14.736
-14.7881
-14.8549
-14.9403
-15.0468
-15.1759
-15.3269
-15.4975
-15.6843
-15.8826
-16.0871
-16.2927
-16.4943
-16.6872
-16.8676
-17.0324
-17.1791
-17.3059
-17.4114
-17.4948
-17.5554
-17.5926
-17.6055
-17.5933
-17.5547
-17.488
-17.3912
-17.2615
-17.0959
-16.8907
-16.6418
-16.3448
-15.9953
-15.5888
-15.1215
-14.5902
-13.993
-13.3299
-12.6029
-11.8165
-10.9783
-10.0986
-9.19033
-8.26867
-7.35023
-6.452
-5.59016
-4.77889
-4.02939
-3.34936
-2.74281
-2.21037
-1.74988
-1.3571
-1.02641
-0.751466
-0.525652
-0.342473
-0.195783
-0.0799411
0.0101181
0.0788557
0.130141
0.167283
0.193079
0.209865
0.219572
0.22378
0.22377
0.220568
0.214989
0.207675
0.199127
0.189734
0.179795
0.16954
0.159146
0.148748
0.138454
0.128354
0.118521
0.109022
0.0999177
0.0912607
0.0830945
0.0754351
0.0682874
0.061585
0.0552946
0.0492106
0.0433722
0.0373286
0.0315085
0.0249161
0.0188068
0.0117282
0.00369333
-14.6316
-14.6665
-14.7052
-14.7501
-14.8046
-14.8722
-14.9559
-15.058
-15.1793
-15.3196
-15.4768
-15.648
-15.8292
-16.016
-16.2037
-16.3879
-16.5643
-16.7294
-16.8802
-17.0141
-17.1292
-17.2242
-17.298
-17.3495
-17.378
-17.3827
-17.3623
-17.3157
-17.2412
-17.1366
-16.9995
-16.8269
-16.6154
-16.3613
-16.0606
-15.7093
-15.3036
-14.84
-14.316
-13.7302
-13.0828
-12.3759
-11.6141
-10.8045
-9.9567
-9.08281
-8.19676
-7.31379
-6.44946
-5.61864
-4.83441
-4.10727
-3.44457
-2.8504
-2.32574
-1.86901
-1.47665
-1.14375
-0.864585
-0.633142
-0.443404
-0.28962
-0.166458
-0.0690855
0.00678678
0.0649084
0.10851
0.140343
0.162719
0.177566
0.186472
0.190733
0.191399
0.18931
0.185136
0.179405
0.172533
0.164845
0.156593
0.147976
0.139152
0.130244
0.121358
0.112582
0.103997
0.0956749
0.0876812
0.0800722
0.0728792
0.0661182
0.059745
0.0537245
0.0478983
0.0422427
0.0364661
0.0306848
0.0245563
0.0180031
0.012275
0.00193386
-14.637
-14.6732
-14.7139
-14.7608
-14.8166
-14.8841
-14.9657
-15.063
-15.1768
-15.3068
-15.4514
-15.608
-15.7732
-15.9433
-16.1142
-16.2818
-16.4424
-16.5926
-16.7296
-16.8508
-16.9544
-17.0388
-17.1027
-17.1451
-17.165
-17.1614
-17.1331
-17.0787
-16.9965
-16.8846
-16.7404
-16.5614
-16.3443
-16.0857
-15.7821
-15.4299
-15.0257
-14.5666
-14.0505
-13.4763
-12.8446
-12.1577
-11.42
-10.6382
-9.8213
-8.9805
-8.12865
-7.27969
-6.44791
-5.64692
-4.88884
-4.18345
-3.5378
-2.95597
-2.43928
-1.98664
-1.5951
-1.26039
-0.977415
-0.740705
-0.544716
-0.384088
-0.253795
-0.149246
-0.0663278
-0.00141764
0.0486298
0.086511
0.114511
0.134546
0.148208
0.156806
0.161409
0.162881
0.161918
0.159074
0.154789
0.149415
0.143227
0.136445
0.129246
0.121774
0.114148
0.106473
0.0988398
0.0913351
0.0840362
0.0770114
0.0703071
0.0639499
0.0579183
0.052175
0.0466098
0.0411371
0.0356235
0.0298787
0.0242021
0.0172142
0.0127953
0.000224937
-14.6411
-14.6781
-14.72
-14.768
-14.8242
-14.8908
-14.9696
-15.0619
-15.1684
-15.2887
-15.4214
-15.5643
-15.7147
-15.8691
-16.0241
-16.176
-16.3214
-16.4572
-16.5807
-16.6894
-16.7815
-16.8553
-16.9094
-16.9426
-16.9539
-16.942
-16.9058
-16.8438
-16.7543
-16.6353
-16.4847
-16.2998
-16.0777
-15.8154
-15.5096
-15.1572
-14.7552
-14.3012
-13.7934
-13.2312
-12.6154
-11.9482
-11.234
-10.4792
-9.69214
-8.88319
-8.06414
-7.24781
-6.44724
-5.67496
-4.94213
-4.25791
-3.62899
-3.05945
-2.55088
-2.10261
-1.71227
-1.37616
-1.08978
-0.848164
-0.646241
-0.479028
-0.34181
-0.230235
-0.140375
-0.0687384
-0.0122733
0.0316568
0.0653022
0.0905639
0.109032
0.122026
0.130631
0.135731
0.138045
0.138152
0.136519
0.133519
0.129452
0.12456
0.119038
0.113049
0.106728
0.100194
0.0935512
0.0868987
0.0803256
0.0739119
0.0677185
0.0617827
0.0561052
0.0506474
0.0453465
0.0400576
0.034803
0.0290936
0.0238554
0.016444
0.0132887
-0.00142948
-14.6436
-14.6811
-14.7235
-14.7719
-14.8277
-14.8927
-14.9683
-15.0555
-15.1548
-15.2658
-15.3873
-15.5174
-15.6538
-15.7935
-15.9334
-16.0704
-16.2012
-16.3231
-16.4335
-16.53
-16.6107
-16.6739
-16.7182
-16.7423
-16.7449
-16.7249
-16.6809
-16.6114
-16.5149
-16.3893
-16.2327
-16.0424
-15.816
-15.5505
-15.2432
-14.8913
-14.4922
-14.0438
-13.5447
-12.9948
-12.3947
-11.747
-11.0558
-10.3272
-9.56898
-8.79065
-8.00309
-7.21802
-6.4474
-5.70271
-4.99426
-4.33059
-3.71808
-3.16077
-2.66043
-2.21681
-1.82802
-1.4909
-1.2015
-0.955345
-0.747808
-0.57428
-0.430353
-0.311919
-0.215234
-0.136947
-0.0741054
-0.0241383
0.0151637
0.045681
0.0689982
0.0864394
0.0991022
0.10789
0.113544
0.116665
0.117743
0.117176
0.115285
0.112334
0.108538
0.104077
0.0991032
0.0937494
0.0881343
0.0823675
0.0765505
0.0707741
0.0651139
0.0596171
0.0543065
0.0491426
0.0441101
0.0390064
0.0340069
0.0283324
0.0235183
0.0156959
0.013756
-0.00302718
-14.6443
-14.682
-14.7245
-14.7725
-14.8272
-14.8901
-14.9621
-15.0441
-15.1364
-15.2384
-15.3493
-15.4675
-15.5908
-15.7166
-15.8424
-15.9651
-16.082
-16.1905
-16.2881
-16.3726
-16.4421
-16.4949
-16.5294
-16.5444
-16.5384
-16.5103
-16.4586
-16.382
-16.2787
-16.1469
-15.9846
-15.7896
-15.5593
-15.2914
-14.9833
-14.6324
-14.2367
-13.7944
-13.3045
-12.7668
-12.1825
-11.554
-10.8853
-10.1821
-9.45163
-8.70272
-7.94534
-7.19023
-6.44832
-5.73015
-5.04522
-4.40151
-3.80506
-3.25987
-2.76786
-2.32912
-1.9422
-1.60445
-1.3124
-1.06207
-0.849244
-0.66968
-0.519271
-0.394154
-0.290776
-0.205929
-0.136765
-0.0807853
-0.0358268
-3.50181e-05
0.0281641
0.0500961
0.0668682
0.0793996
0.0884491
0.0946409
0.0984868
0.100406
0.100744
0.0997823
0.097758
0.0948683
0.0912822
0.0871465
0.0825935
0.0777446
0.0727127
0.0675994
0.062494
0.0574537
0.0525231
0.047662
0.042902
0.0379854
0.0332373
0.027598
0.0231933
0.014973
0.014199
-0.00456779
-14.6433
-14.6808
-14.7227
-14.7698
-14.823
-14.8833
-14.9515
-15.0282
-15.1135
-15.2071
-15.308
-15.4148
-15.5258
-15.6386
-15.7509
-15.8601
-15.9637
-16.0593
-16.1445
-16.2173
-16.2758
-16.3183
-16.3431
-16.3491
-16.3346
-16.2986
-16.2394
-16.1558
-16.046
-15.9083
-15.7408
-15.5415
-15.308
-15.0382
-14.7298
-14.3806
-13.9888
-13.553
-13.0725
-12.5473
-11.9787
-11.369
-10.7222
-10.0436
-9.33988
-8.61924
-7.89079
-7.16436
-6.44997
-5.75726
-5.09501
-4.47065
-3.88991
-3.3567
-2.87308
-2.43942
-2.05467
-1.71664
-1.42232
-1.16817
-0.950376
-0.765058
-0.608404
-0.476793
-0.366865
-0.275562
-0.200142
-0.138187
-0.0875831
-0.0465085
-0.0134034
0.0130546
0.0339792
0.0503021
0.0627992
0.072114
0.0787793
0.0832361
0.0858498
0.0869245
0.0867152
0.0854373
0.0832764
0.0803941
0.0769358
0.0730349
0.0688159
0.06439
0.0598605
0.055294
0.0507562
0.0462071
0.041724
0.0369971
0.0324968
0.0268934
0.022883
0.0142776
0.0146204
-0.00605285
-14.6404
-14.6772
-14.7183
-14.7641
-14.8153
-14.8727
-14.9369
-15.0082
-15.0867
-15.1721
-15.2635
-15.3596
-15.4589
-15.5595
-15.6591
-15.7555
-15.8464
-15.9295
-16.0028
-16.0642
-16.1119
-16.1443
-16.1596
-16.1566
-16.1339
-16.09
-16.0235
-15.9331
-15.8171
-15.6739
-15.5017
-15.2985
-15.0624
-14.7912
-14.483
-14.136
-13.7486
-13.3197
-12.8488
-12.3361
-11.783
-11.1918
-10.5663
-9.91149
-9.23357
-8.54005
-7.83932
-7.14035
-6.45231
-5.78404
-5.14364
-4.53802
-3.97261
-3.45123
-2.97603
-2.54763
-2.16532
-1.82734
-1.53109
-1.27346
-1.05103
-0.860243
-0.697586
-0.559681
-0.44336
-0.345714
-0.264119
-0.196236
-0.140011
-0.0936556
-0.0556306
-0.0246199
0.000492699
0.0206488
0.0366385
0.0491233
0.0586553
0.0656958
0.0706306
0.0737838
0.0754294
0.0758009
0.0751001
0.0735036
0.0711703
0.0682454
0.0648649
0.0611498
0.0572162
0.05314
0.0490079
0.0447799
0.0405784
0.0360439
0.031788
0.0262215
0.0225905
0.013612
0.0150241
-0.00748594
-14.6355
-14.6715
-14.7114
-14.7554
-14.8043
-14.8584
-14.9184
-14.9844
-15.0563
-15.1338
-15.2161
-15.3022
-15.3905
-15.4794
-15.567
-15.6512
-15.73
-15.8013
-15.863
-15.9134
-15.9506
-15.973
-15.979
-15.9673
-15.9363
-15.8848
-15.8113
-15.7143
-15.5925
-15.4441
-15.2675
-15.0609
-14.8225
-14.5505
-14.2431
-13.8987
-13.5161
-13.0944
-12.6332
-12.1331
-11.5953
-11.0223
-10.4175
-9.78565
-9.13254
-8.46505
-7.79085
-7.11816
-6.45534
-5.81052
-5.19114
-4.60365
-4.05318
-3.54344
-3.07665
-2.65365
-2.27403
-1.9364
-1.63856
-1.37779
-1.15103
-0.95506
-0.78665
-0.642657
-0.520108
-0.416247
-0.328568
-0.254819
-0.193007
-0.141384
-0.098435
-0.0628544
-0.0335265
-0.00950313
0.010018
0.0257139
0.0381545
0.0478204
0.0551168
0.0603873
0.0639244
0.0659795
0.0667707
0.0664896
0.065309
0.0633856
0.0608669
0.0578841
0.054565
0.0509951
0.0472808
0.043383
0.0394678
0.0351288
0.031114
0.0255853
0.0223193
0.0129779
0.0154153
-0.00887275
-14.6287
-14.6636
-14.7019
-14.7439
-14.7901
-14.8409
-14.8965
-14.9571
-15.0226
-15.0925
-15.1662
-15.2427
-15.3206
-15.3986
-15.4748
-15.5475
-15.6147
-15.6746
-15.7252
-15.7649
-15.7919
-15.8046
-15.8016
-15.7812
-15.7423
-15.6833
-15.6029
-15.4997
-15.3723
-15.2191
-15.0385
-14.829
-14.5888
-14.3164
-14.0102
-13.6689
-13.2914
-12.877
-12.4258
-11.9382
-11.4155
-10.8602
-10.2755
-9.6659
-9.03665
-8.39411
-7.74531
-7.09775
-6.45907
-5.83671
-5.23755
-4.66757
-4.13163
-3.63332
-3.17491
-2.75741
-2.38069
-2.04368
-1.74456
-1.48097
-1.2502
-1.04933
-0.875422
-0.725554
-0.596952
-0.487014
-0.393354
-0.313812
-0.246458
-0.189593
-0.141726
-0.101567
-0.0680059
-0.040089
-0.017005
0.00193665
0.0173223
0.0296501
0.0393441
0.0467663
0.0522277
0.055997
0.0583089
0.0593698
0.0593663
0.0584673
0.0568316
0.0546002
0.0519127
0.0488636
0.0455787
0.0420199
0.0383956
0.0342551
0.0304784
0.0249883
0.0220735
0.0123769
0.0158005
-0.0102212
-14.62
-14.6534
-14.69
-14.7298
-14.7731
-14.8203
-14.8715
-14.9267
-14.9859
-15.0485
-15.114
-15.1814
-15.2496
-15.3171
-15.3826
-15.4443
-15.5005
-15.5495
-15.5895
-15.6189
-15.636
-15.6394
-15.6274
-15.5987
-15.5519
-15.4857
-15.3987
-15.2896
-15.1569
-14.9992
-14.815
-14.6029
-14.3613
-14.0889
-13.7843
-13.4465
-13.0744
-12.6677
-12.2264
-11.7512
-11.2435
-10.7055
-10.1403
-9.5521
-8.94578
-8.32715
-7.70265
-7.0791
-6.4635
-5.86266
-5.28291
-4.72983
-4.208
-3.72088
-3.27079
-2.85885
-2.48521
-2.14907
-1.84896
-1.58286
-1.34837
-1.14289
-0.963723
-0.8082
-0.673727
-0.55786
-0.458333
-0.37308
-0.300244
-0.238171
-0.185403
-0.140669
-0.102865
-0.0710366
-0.0443659
-0.0221507
-0.00379017
0.0112305
0.0233528
0.0329567
0.0403709
0.0458814
0.0497388
0.0521649
0.05336
0.0535052
0.0527707
0.0513076
0.0492669
0.0467518
0.0439069
0.0406952
0.0373662
0.0334271
0.0298854
0.0244342
0.0218578
0.0118106
0.0161876
-0.0115413
-14.6095
-14.6413
-14.6758
-14.7131
-14.7534
-14.7969
-14.8436
-14.8936
-14.9466
-15.0022
-15.0598
-15.1186
-15.1775
-15.2353
-15.2905
-15.3418
-15.3876
-15.4262
-15.456
-15.4755
-15.4831
-15.4773
-15.4567
-15.4199
-15.3656
-15.2924
-15.1991
-15.0842
-14.9465
-14.7846
-14.5972
-14.3829
-14.1404
-13.8684
-13.5658
-13.2316
-12.8652
-12.4663
-12.0351
-11.5722
-11.0791
-10.5579
-10.0117
-9.4441
-8.85981
-8.26409
-7.66281
-7.06221
-6.46866
-5.88841
-5.32729
-4.79049
-4.28232
-3.80614
-3.36425
-2.95792
-2.58749
-2.25245
-1.95161
-1.68328
-1.44536
-1.23554
-1.05137
-0.890416
-0.750261
-0.62862
-0.52335
-0.432483
-0.354233
-0.286998
-0.229358
-0.180061
-0.138014
-0.102265
-0.0719926
-0.0464837
-0.0251251
-0.0073869
0.00718884
0.0189993
0.0283902
0.0356644
0.0410885
0.0448992
0.0473109
0.048517
0.0486991
0.0480183
0.0466376
0.0446678
0.0422721
0.0394148
0.036385
0.0326499
0.0293402
0.0239274
0.0216775
0.0112806
0.0165859
-0.0128454
-14.5971
-14.6272
-14.6595
-14.6942
-14.7313
-14.771
-14.8133
-14.8581
-14.9051
-14.9539
-15.004
-15.0546
-15.1047
-15.1532
-15.1988
-15.2403
-15.2761
-15.3047
-15.3248
-15.3348
-15.3332
-15.3187
-15.2898
-15.2452
-15.1836
-15.1036
-15.0042
-14.8839
-14.7415
-14.5758
-14.3855
-14.1693
-13.9262
-13.6549
-13.3546
-13.0244
-12.6639
-12.2729
-11.8516
-11.4009
-10.9222
-10.4174
-9.88946
-9.3418
-8.77865
-8.20486
-7.62578
-7.04708
-6.4746
-5.91403
-5.37077
-4.84962
-4.35466
-3.88912
-3.45531
-3.05458
-2.68747
-2.3537
-2.05237
-1.78207
-1.541
-1.3271
-1.13819
-0.972019
-0.826376
-0.699123
-0.588244
-0.491868
-0.408284
-0.335945
-0.273471
-0.219634
-0.173355
-0.133687
-0.099805
-0.0709902
-0.0466178
-0.0261443
-0.00909613
0.00493994
0.0163264
0.0253821
0.0323897
0.0376007
0.0412433
0.0435235
0.0446345
0.0447474
0.0440369
0.0426219
0.040683
0.0381864
0.0354587
0.0319296
0.0288485
0.0234729
0.0215385
0.0107886
0.0170062
-0.0141477
-14.5831
-14.6112
-14.6412
-14.6731
-14.707
-14.7429
-14.7807
-14.8204
-14.8616
-14.904
-14.9469
-14.9897
-15.0314
-15.0711
-15.1077
-15.1398
-15.1661
-15.1854
-15.1961
-15.197
-15.1867
-15.1637
-15.1268
-15.0746
-15.006
-14.9196
-14.8143
-14.6889
-14.5421
-14.3728
-14.1799
-13.9623
-13.7188
-13.4486
-13.1508
-12.8249
-12.4704
-12.0873
-11.676
-11.2373
-10.7726
-10.2838
-9.77356
-9.24507
-8.70222
-8.14942
-7.59153
-7.03375
-6.48137
-5.93961
-5.41343
-4.9073
-4.42509
-3.96988
-3.54396
-3.1488
-2.78507
-2.45273
-2.15112
-1.8791
-1.63512
-1.4174
-1.22398
-1.05282
-0.901885
-0.769191
-0.652843
-0.551073
-0.462245
-0.384872
-0.317613
-0.259271
-0.20878
-0.165203
-0.127715
-0.0955907
-0.0681968
-0.0449773
-0.0254445
-0.00916976
0.00422532
0.0150755
0.0236786
0.0303012
0.0351852
0.0385491
0.0405978
0.0415127
0.0414801
0.0406269
0.0391507
0.0370194
0.034596
0.0312738
0.0284174
0.0230764
0.0214474
0.0103369
0.0174605
-0.0154637
-14.5676
-14.5936
-14.6212
-14.6502
-14.6808
-14.7128
-14.7463
-14.781
-14.8166
-14.8527
-14.8888
-14.9241
-14.958
-14.9894
-15.0173
-15.0405
-15.0579
-15.0683
-15.0702
-15.0624
-15.0436
-15.0125
-14.9679
-14.9085
-14.8332
-14.7406
-14.6298
-14.4995
-14.3486
-14.1761
-13.9809
-13.762
-13.5185
-13.2496
-12.9546
-12.6331
-12.2847
-11.9096
-11.5082
-11.0813
-10.6303
-10.157
-9.66387
-9.15382
-8.63043
-8.09771
-7.56009
-7.02225
-6.48904
-5.96523
-5.45538
-4.96365
-4.49368
-4.04846
-3.63025
-3.24058
-2.88026
-2.54946
-2.24774
-1.9742
-1.72756
-1.50626
-1.30856
-1.13263
-0.976598
-0.838634
-0.716968
-0.609927
-0.515956
-0.433628
-0.361647
-0.298843
-0.244173
-0.196708
-0.155625
-0.120198
-0.089783
-0.0638149
-0.0417926
-0.0232727
-0.00786183
0.00478997
0.0149957
0.0230367
0.0291684
0.0336216
0.0366134
0.0383353
0.0389852
0.0386986
0.0376886
0.0359255
0.0338068
0.0306915
0.0280548
0.0227447
0.0214113
0.00992859
0.0179614
-0.0168094
-14.5507
-14.5745
-14.5996
-14.6257
-14.653
-14.6812
-14.7103
-14.7401
-14.7703
-14.8004
-14.83
-14.8583
-14.8847
-14.9082
-14.9279
-14.9428
-14.9518
-14.9536
-14.9471
-14.931
-14.9042
-14.8654
-14.8135
-14.7472
-14.6654
-14.5669
-14.4508
-14.3159
-14.1612
-13.9857
-13.7885
-13.5686
-13.3254
-13.058
-12.766
-12.449
-12.1068
-11.7397
-11.3481
-10.9328
-10.4952
-10.0369
-9.56025
-9.06797
-8.56325
-8.04974
-7.53146
-7.01266
-6.49772
-5.99101
-5.49674
-5.01878
-4.56056
-4.12495
-3.7142
-3.3299
-2.97299
-2.6438
-2.34211
-2.06724
-1.81815
-1.59349
-1.39173
-1.21124
-1.05031
-0.907259
-0.780428
-0.668249
-0.569247
-0.482055
-0.405422
-0.338214
-0.279407
-0.228086
-0.183432
-0.144716
-0.11129
-0.0825792
-0.05807
-0.0373057
-0.0198786
-0.00542382
0.00638635
0.0158475
0.0232284
0.0287727
0.0327091
0.0352397
0.0365737
0.0368553
0.0363128
0.0349187
0.0331035
0.0301932
0.02777
0.0224856
0.0214375
0.00956773
0.0185219
-0.0181997
-14.5324
-14.5541
-14.5766
-14.5998
-14.6237
-14.6482
-14.6731
-14.6982
-14.7231
-14.7475
-14.7708
-14.7925
-14.8118
-14.8279
-14.8399
-14.8469
-14.8479
-14.8417
-14.8272
-14.8033
-14.7688
-14.7227
-14.6637
-14.5908
-14.5028
-14.3988
-14.2777
-14.1385
-13.9802
-13.802
-13.603
-13.3824
-13.1395
-12.8739
-12.585
-12.2726
-11.9367
-11.5775
-11.1955
-10.7916
-10.367
-9.92331
-9.46262
-8.98742
-8.50062
-8.00551
-7.5057
-7.00505
-6.50752
-6.01711
-5.53768
-5.07285
-4.62585
-4.19946
-3.79589
-3.4168
-3.06324
-2.73569
-2.43413
-2.15808
-1.90671
-1.6789
-1.4733
-1.28846
-1.12283
-0.974861
-0.843026
-0.725851
-0.621937
-0.529982
-0.448783
-0.377238
-0.31435
-0.259215
-0.211022
-0.169043
-0.132626
-0.101186
-0.074201
-0.0512004
-0.0317632
-0.0155104
-0.00209973
0.00877809
0.0174053
0.0240379
0.0289165
0.0322536
0.0342701
0.0351186
0.0350421
0.0340154
0.0325001
0.0297911
0.0275729
0.0223074
0.021533
0.00925943
0.0191535
-0.019646
-14.5133
-14.5327
-14.5526
-14.5729
-14.5935
-14.6143
-14.6351
-14.6556
-14.6755
-14.6944
-14.7118
-14.7271
-14.7397
-14.7488
-14.7536
-14.7532
-14.7465
-14.7327
-14.7107
-14.6793
-14.6376
-14.5845
-14.5188
-14.4396
-14.3459
-14.2365
-14.1107
-13.9674
-13.8058
-13.6251
-13.4245
-13.2034
-12.9611
-12.6974
-12.4117
-12.104
-11.7743
-11.423
-11.0505
-10.6577
-10.2457
-9.81617
-9.37089
-8.91214
-8.44254
-7.96504
-7.48289
-6.99954
-6.5186
-6.0437
-5.57839
-5.12604
-4.68972
-4.27211
-3.87541
-3.50132
-3.15099
-2.82507
-2.52369
-2.24658
-1.9931
-1.76231
-1.55306
-1.36406
-1.19393
-1.04123
-0.904559
-0.782536
-0.673842
-0.577237
-0.491566
-0.415764
-0.348859
-0.289964
-0.238276
-0.19307
-0.15369
-0.119545
-0.0901035
-0.0648828
-0.043449
-0.0254096
-0.0104085
0.00187712
0.0117426
0.0194562
0.0252703
0.0294083
0.0321021
0.033513
0.0338984
0.0332348
0.0320133
0.0294993
0.0274752
0.0222202
0.021705
0.00901138
0.0198658
-0.0211519
-14.4931
-14.5103
-14.5276
-14.545
-14.5624
-14.5796
-14.5964
-14.6125
-14.6276
-14.6413
-14.6531
-14.6625
-14.6688
-14.6713
-14.6692
-14.6618
-14.6481
-14.6271
-14.5979
-14.5596
-14.511
-14.4512
-14.3792
-14.2941
-14.1948
-14.0804
-13.9501
-13.8029
-13.6382
-13.4552
-13.2533
-13.0318
-12.7903
-12.5285
-12.2461
-11.9431
-11.6196
-11.276
-10.9128
-10.5308
-10.1312
-9.71535
-9.28496
-8.84207
-8.389
-7.92839
-7.46313
-6.99631
-6.53116
-6.071
-5.61909
-5.17857
-4.75236
-4.34305
-3.95285
-3.58349
-3.23624
-2.91187
-2.61068
-2.33258
-2.07711
-1.8435
-1.63079
-1.43783
-1.26338
-1.10614
-0.964813
-0.838102
-0.724771
-0.623641
-0.533606
-0.45364
-0.382796
-0.320205
-0.265076
-0.216687
-0.174382
-0.137565
-0.105693
-0.0782751
-0.0548648
-0.0350565
-0.0184809
-0.00480189
0.00628859
0.015071
0.0218097
0.0267385
0.0301006
0.0320658
0.0329052
0.032597
0.0316596
0.0293316
0.0274866
0.0222322
0.0219566
0.00883075
0.0206607
-0.0227105
-14.4726
-14.4875
-14.5023
-14.5168
-14.5311
-14.5448
-14.5577
-14.5696
-14.5801
-14.5888
-14.5953
-14.5991
-14.5994
-14.5957
-14.5873
-14.5732
-14.5528
-14.5251
-14.4892
-14.4442
-14.3892
-14.3231
-14.2452
-14.1543
-14.0498
-13.9306
-13.7961
-13.6454
-13.4778
-13.2926
-13.0894
-12.8677
-12.627
-12.3672
-12.0881
-11.7898
-11.4724
-11.1364
-10.7823
-10.4109
-10.0233
-9.62074
-9.20477
-8.77719
-8.34005
-7.89567
-7.44659
-6.99555
-6.54546
-6.09929
-5.66006
-5.2307
-4.81399
-4.41247
-4.02833
-3.66338
-3.31898
-2.99603
-2.695
-2.41594
-2.15858
-1.9223
-1.70629
-1.50956
-1.33099
-1.16941
-1.0236
-0.892365
-0.774548
-0.669026
-0.574743
-0.490712
-0.416014
-0.349802
-0.291295
-0.239779
-0.194596
-0.155146
-0.12088
-0.0912969
-0.065938
-0.0443855
-0.0262574
-0.0112051
0.00109209
0.0109267
0.0185748
0.0242808
0.0282991
0.0308075
0.0320902
0.0321272
0.0314613
0.029307
0.027622
0.0223569
0.0222936
0.0087324
0.0215358
-0.0242919
-14.4514
-14.4641
-14.4764
-14.4882
-14.4995
-14.5098
-14.5191
-14.527
-14.5332
-14.5373
-14.5388
-14.5372
-14.532
-14.5225
-14.508
-14.4878
-14.4612
-14.4271
-14.385
-14.3337
-14.2726
-14.2006
-14.117
-14.0208
-13.9113
-13.7876
-13.6491
-13.4949
-13.3246
-13.1375
-12.9332
-12.7112
-12.4715
-12.2137
-11.9378
-11.6441
-11.3327
-11.0041
-10.6589
-10.2979
-9.92194
-9.5323
-9.13032
-8.71756
-8.2958
-7.86705
-7.43351
-6.99758
-6.56181
-6.12891
-5.70162
-5.2827
-4.87483
-4.48048
-4.10188
-3.74092
-3.39907
-3.07735
-2.77639
-2.49639
-2.23721
-1.99841
-1.77929
-1.57899
-1.39652
-1.2308
-1.08071
-0.945152
-0.823017
-0.713253
-0.614853
-0.526868
-0.448411
-0.378656
-0.316838
-0.262251
-0.214239
-0.172201
-0.13558
-0.103865
-0.0765894
-0.0533219
-0.0336685
-0.0172683
-0.00378817
0.00707631
0.0156129
0.0220768
0.0267332
0.0297682
0.0314775
0.0318438
0.0314305
0.0294323
0.0278811
0.0225925
0.0227029
0.00871898
0.0224605
-0.0258471
-14.4306
-14.4411
-14.451
-14.4601
-14.4684
-14.4755
-14.4813
-14.4854
-14.4874
-14.4871
-14.4839
-14.4774
-14.467
-14.4521
-14.432
-14.406
-14.3735
-14.3336
-14.2855
-14.2284
-14.1615
-14.084
-13.995
-13.8938
-13.7796
-13.6516
-13.5093
-13.3519
-13.1789
-12.9899
-12.7846
-12.5625
-12.3236
-12.0678
-11.7951
-11.5058
-11.2003
-10.8789
-10.5424
-10.1914
-9.82683
-9.44978
-9.06142
-8.66307
-8.25625
-7.84263
-7.42407
-7.00263
-6.58053
-6.16018
-5.7441
-5.33488
-4.93512
-4.54728
-4.17365
-3.81622
-3.47656
-3.15586
-2.85486
-2.57391
-2.313
-2.0718
-1.84976
-1.6461
-1.45993
-1.29028
-1.13611
-0.996393
-0.870095
-0.756222
-0.653818
-0.56198
-0.479855
-0.406639
-0.341584
-0.283992
-0.233212
-0.188639
-0.149711
-0.11591
-0.0867563
-0.0618095
-0.0406632
-0.0229446
-0.00830874
0.00356071
0.0129631
0.0201645
0.0254404
0.0289849
0.0311039
0.0317822
0.0316011
0.0297392
0.0282905
0.0229648
0.023195
0.00882431
0.0234092
-0.0272669
-14.4093
-14.4178
-14.4255
-14.4322
-14.4377
-14.4419
-14.4444
-14.4449
-14.4432
-14.4388
-14.4313
-14.4202
-14.4049
-14.3849
-14.3597
-14.3284
-14.2904
-14.245
-14.1914
-14.1288
-14.0565
-13.9738
-13.8798
-13.7738
-13.6551
-13.523
-13.377
-13.2166
-13.0411
-12.8503
-12.6439
-12.4217
-12.1836
-11.9297
-11.6602
-11.3752
-11.0754
-10.761
-10.4329
-10.0918
-9.73834
-9.37359
-8.99852
-8.61422
-8.22191
-7.82292
-7.41877
-7.01115
-6.60196
-6.19333
-5.78756
-5.38712
-4.99456
-4.6124
-4.24303
-3.88855
-3.5507
-3.2308
-2.9297
-2.64788
-2.38542
-2.14209
-1.9174
-1.71068
-1.52111
-1.3478
-1.18979
-1.04612
-0.915841
-0.79801
-0.691726
-0.596131
-0.510407
-0.433783
-0.365534
-0.304975
-0.251461
-0.204387
-0.163186
-0.127333
-0.0963366
-0.0697458
-0.0471422
-0.0281408
-0.0123845
0.000455119
0.0106894
0.0185952
0.0244589
0.0284817
0.0309787
0.031937
0.0319529
0.0301949
0.0288038
0.0234237
0.0237002
0.0090124
0.0242601
-0.0284348
-14.3894
-14.3958
-14.4012
-14.4055
-14.4083
-14.4096
-14.409
-14.4062
-14.4009
-14.3927
-14.3811
-14.3657
-14.346
-14.3214
-14.2913
-14.2551
-14.2121
-14.1616
-14.1029
-14.0353
-13.958
-13.8704
-13.7716
-13.6611
-13.5382
-13.4023
-13.2528
-13.0893
-12.9113
-12.7187
-12.5112
-12.2887
-12.0512
-11.799
-11.5322
-11.2513
-10.9568
-10.6492
-10.3292
-9.99754
-9.65497
-9.30229
-8.94029
-8.56983
-8.19179
-7.80718
-7.4171
-7.02289
-6.62611
-6.2286
-5.83247
-5.4401
-5.05404
-4.6769
-4.31122
-3.95927
-3.62294
-3.30367
-3.00244
-2.71979
-2.45587
-2.21053
-1.98335
-1.7737
-1.58086
-1.40399
-1.24222
-1.09465
-0.960422
-0.838653
-0.728507
-0.629189
-0.539924
-0.459953
-0.388572
-0.325108
-0.268917
-0.219398
-0.175979
-0.138122
-0.105329
-0.0771352
-0.0531113
-0.0328609
-0.0160148
-0.00223305
0.00880774
0.0173952
0.0238257
0.0283071
0.0311616
0.0323774
0.0325622
0.030881
0.0295019
0.0240515
0.0242778
0.00938185
0.0249713
-0.0290739
-14.3693
-14.3741
-14.3777
-14.3798
-14.3804
-14.3791
-14.3758
-14.37
-14.3615
-14.3498
-14.3345
-14.3152
-14.2914
-14.2626
-14.228
-14.1872
-14.1396
-14.0844
-14.0209
-13.9485
-13.8666
-13.7743
-13.6711
-13.5564
-13.4294
-13.2898
-13.137
-12.9706
-12.7903
-12.5959
-12.3873
-12.1646
-11.9277
-11.6771
-11.4131
-11.1362
-10.8469
-10.5459
-10.2339
-9.91153
-9.57954
-9.23857
-8.88922
-8.53206
-8.16767
-7.79665
-7.41975
-7.03792
-6.65239
-6.26476
-5.877
-5.49147
-5.1108
-4.7378
-4.37523
-4.02554
-3.69077
-3.37243
-3.07153
-2.78861
-2.52383
-2.27704
-2.04784
-1.83567
-1.63984
-1.4596
-1.29419
-1.1428
-1.00465
-0.878957
-0.764925
-0.661802
-0.568871
-0.485443
-0.410843
-0.344403
-0.285499
-0.233521
-0.187886
-0.148046
-0.113487
-0.083731
-0.058335
-0.0368891
-0.019011
-0.00434741
0.0074379
0.016644
0.0235774
0.0284522
0.0315972
0.0330024
0.0332851
0.0316179
0.0301772
0.024624
0.0246816
0.00973625
0.0251856
-0.0290245
-14.3513
-14.3542
-14.3557
-14.3557
-14.354
-14.3503
-14.3443
-14.3357
-14.3242
-14.3094
-14.2909
-14.2681
-14.2406
-14.208
-14.1695
-14.1247
-14.0729
-14.0135
-13.9458
-13.8691
-13.7829
-13.6864
-13.5791
-13.4603
-13.3295
-13.1862
-13.03
-12.8605
-12.6776
-12.481
-12.2707
-12.047
-11.81
-11.5602
-11.2979
-11.0239
-10.7389
-10.4436
-10.1388
-9.82516
-9.50342
-9.17411
-8.83765
-8.49432
-8.14431
-7.78782
-7.42515
-7.05682
-6.68369
-6.30706
-5.92871
-5.55092
-5.17636
-4.80798
-4.44875
-4.10133
-3.76785
-3.44991
-3.14859
-2.86449
-2.59785
-2.34856
-2.11631
-1.90062
-1.70091
-1.51651
-1.34674
-1.19092
-1.04835
-0.918305
-0.800107
-0.693109
-0.596573
-0.509726
-0.431958
-0.362637
-0.301115
-0.246768
-0.199001
-0.157251
-0.120989
-0.0897235
-0.0629991
-0.0403935
-0.0215122
-0.00599027
0.00652075
0.0163304
0.0237542
0.0290105
0.0324318
0.034008
0.0343611
0.0326787
0.0311323
0.0254751
0.0252057
0.0104026
0.0249695
-0.0276955
-14.3346
-14.3363
-14.3365
-14.3349
-14.3313
-14.3256
-14.3174
-14.3064
-14.2923
-14.2747
-14.2531
-14.2271
-14.1963
-14.1601
-14.118
-14.0694
-14.0137
-13.9503
-13.8786
-13.7979
-13.7077
-13.6073
-13.4961
-13.3736
-13.2393
-13.0927
-12.9334
-12.7613
-12.5762
-12.3779
-12.1666
-11.9425
-11.7059
-11.4574
-11.1976
-10.9271
-10.6468
-10.3575
-10.06
-9.75506
-9.44327
-9.12511
-8.80083
-8.47051
-8.13405
-7.7913
-7.44215
-7.08671
-6.72542
-6.35923
-5.98966
-5.61885
-5.24949
-4.88472
-4.52784
-4.18178
-3.84883
-3.53066
-3.22837
-2.94258
-2.67356
-2.42129
-2.18553
-1.96589
-1.76189
-1.57299
-1.39865
-1.23823
-1.09114
-0.956714
-0.834196
-0.722926
-0.622351
-0.531925
-0.450942
-0.378726
-0.314615
-0.257967
-0.208164
-0.164621
-0.126789
-0.0941562
-0.0662511
-0.0426369
-0.0229051
-0.00667746
0.00640691
0.0166678
0.0244289
0.0299124
0.0334558
0.0350523
0.0353341
0.0335118
0.0317452
0.0259568
0.0252081
0.0107438
0.0235204
-0.0251488
-14.3181
-14.3183
-14.3168
-14.3136
-14.3084
-14.3008
-14.2908
-14.2778
-14.2616
-14.2417
-14.2178
-14.1895
-14.1561
-14.1172
-14.0723
-14.0207
-13.962
-13.8954
-13.8204
-13.7364
-13.6427
-13.5387
-13.4238
-13.2976
-13.1595
-13.009
-12.846
-12.67
-12.4812
-12.2793
-12.0648
-11.8378
-11.599
-11.349
-11.0887
-10.8191
-10.5414
-10.2567
-9.96606
-9.67057
-9.37098
-9.06777
-8.761
-8.45033
-8.13498
-7.81392
-7.48597
-7.15009
-6.80568
-6.4528
-6.09243
-5.72661
-5.35837
-4.99165
-4.6308
-4.27949
-3.94067
-3.61648
-3.30833
-3.01697
-2.74269
-2.48543
-2.24491
-2.02069
-1.81226
-1.61897
-1.44025
-1.27564
-1.12449
-0.98618
-0.860178
-0.745857
-0.642529
-0.549511
-0.466119
-0.391691
-0.325568
-0.267098
-0.21565
-0.170626
-0.131467
-0.0976523
-0.0687029
-0.0441758
-0.0236562
-0.00675874
0.00688475
0.0175998
0.0257142
0.0314495
0.0351437
0.0367881
0.0370205
0.0350748
0.0330798
0.0271442
0.0257975
0.0119059
0.021712
-0.0203932
-14.3087
-14.3081
-14.3057
-14.3013
-14.2947
-14.2856
-14.2738
-14.259
-14.2407
-14.2186
-14.1923
-14.1613
-14.1253
-14.0836
-14.0357
-13.9812
-13.9193
-13.8497
-13.7715
-13.6843
-13.5875
-13.4805
-13.3627
-13.2337
-13.093
-12.9403
-12.7752
-12.5976
-12.4076
-12.2051
-11.9904
-11.764
-11.5265
-11.2786
-11.0214
-10.7558
-10.483
-10.2041
-9.92032
-9.63252
-9.34138
-9.04724
-8.74998
-8.44907
-8.14349
-7.83191
-7.51282
-7.18482
-6.84694
-6.49896
-6.14168
-5.77714
-5.40854
-5.04049
-4.67837
-4.32636
-3.98731
-3.66307
-3.35479
-3.06303
-2.78797
-2.52951
-2.2873
-2.06094
-1.85001
-1.65412
-1.47272
-1.30517
-1.15095
-1.0096
-0.880602
-0.76335
-0.657257
-0.561722
-0.476093
-0.399695
-0.331845
-0.27187
-0.219115
-0.172963
-0.132833
-0.0981921
-0.068549
-0.0434507
-0.022474
-0.00522594
0.00866829
0.0195379
0.0277143
0.03342
0.0370014
0.0384583
0.0384495
0.0362351
0.033923
0.0277806
0.0258157
0.0125237
0.0187221
-0.0147808
-14.2919
-14.2908
-14.2877
-14.2827
-14.2755
-14.2658
-14.2533
-14.2377
-14.2186
-14.1956
-14.1683
-14.1362
-14.0988
-14.0557
-14.0062
-13.9499
-13.886
-13.814
-13.7332
-13.6431
-13.5429
-13.4321
-13.3101
-13.1763
-13.0304
-12.8718
-12.7002
-12.5156
-12.3178
-12.1071
-11.8839
-11.6488
-11.4028
-11.147
-10.883
-10.6124
-10.3373
-10.0597
-9.78156
-9.50439
-9.22931
-8.9566
-8.68555
-8.41437
-8.14028
-7.85979
-7.56914
-7.2649
-6.94456
-6.60712
-6.25343
-5.88642
-5.5107
-5.13318
-4.76086
-4.39856
-4.05008
-3.71755
-3.40201
-3.10387
-2.82314
-2.55963
-2.31299
-2.08279
-1.86851
-1.66961
-1.48554
-1.31574
-1.15966
-1.01672
-0.886334
-0.767901
-0.660789
-0.564342
-0.477882
-0.400722
-0.332176
-0.271563
-0.218226
-0.17154
-0.130926
-0.09585
-0.0658219
-0.0403919
-0.0191384
-0.00166925
0.0123917
0.0233758
0.0316179
0.0373417
0.0408975
0.0422813
0.0421544
0.0397758
0.0372224
0.0308814
0.0283128
0.0154087
0.0182182
-0.00824579
-14.2929
-14.2904
-14.2859
-14.2792
-14.2701
-14.2585
-14.2438
-14.2259
-14.2044
-14.1788
-14.1488
-14.1139
-14.0736
-14.0274
-13.9748
-13.9151
-13.848
-13.7727
-13.6886
-13.5952
-13.4918
-13.378
-13.2531
-13.1168
-12.9685
-12.8079
-12.635
-12.4496
-12.2517
-12.0419
-11.8205
-11.5883
-11.3466
-11.0964
-10.8395
-10.5776
-10.3126
-10.0463
-9.78032
-9.51595
-9.25382
-8.99373
-8.73452
-8.47405
-8.20927
-7.93649
-7.65184
-7.35176
-7.03355
-6.69597
-6.33949
-5.96674
-5.58165
-5.19089
-4.80523
-4.43225
-4.07442
-3.73396
-3.41198
-3.10877
-2.82415
-2.55765
-2.30872
-2.07677
-1.86114
-1.6612
-1.4763
-1.30581
-1.14914
-1.0057
-0.874922
-0.756189
-0.648872
-0.552321
-0.465854
-0.388779
-0.320396
-0.260016
-0.206974
-0.16064
-0.120431
-0.0858088
-0.0562778
-0.0313814
-0.010691
0.00619273
0.0196525
0.0300252
0.037654
0.04277
0.0457381
0.0465598
0.0459154
0.0430526
0.0400664
0.0333353
0.0303536
0.0173
0.0194118
-0.00615059
-16.1757
-16.2017
-16.3293
-16.3922
-16.4006
-16.3767
-16.34
-16.317
-16.3429
-16.429
-16.5926
-16.8464
-17.1857
-17.5908
-18.0322
-18.4783
-18.9011
-19.2802
-19.6034
-19.866
-20.0684
-20.2148
-20.3107
-20.362
-20.3738
-20.3502
-20.2939
-20.2061
-20.0867
-19.9345
-19.7471
-19.5213
-19.2548
-18.9423
-18.5706
-18.122
-17.5914
-16.9674
-16.2383
-15.3914
-14.4144
-13.2962
-12.0288
-10.6096
-9.04391
-7.34923
-5.55852
-3.72316
-1.91319
-0.21253
1.29286
2.53621
3.4808
4.12366
4.49316
4.6339
4.59634
4.43001
4.17915
3.8801
3.56036
3.23916
2.92894
2.63694
2.36681
2.11986
1.89587
1.69383
1.51222
1.34937
1.20354
1.07306
0.956322
0.852019
0.758587
0.676088
0.601332
0.532601
0.470504
0.415347
0.366855
0.325212
0.289399
0.257815
0.230574
0.207527
0.188265
0.172323
0.159088
0.148094
0.138647
0.129882
0.12236
0.112149
0.0926438
0.0761811
0.0552427
0.0493453
0.0195165
0.0265101
-16.4126
-16.5064
-16.569
-16.6253
-16.5907
-16.487
-16.3689
-16.3107
-16.313
-16.39
-16.5779
-16.8912
-17.3137
-17.8055
-18.3181
-18.8079
-19.244
-19.6097
-19.9002
-20.1192
-20.2747
-20.3764
-20.4335
-20.4542
-20.4447
-20.4093
-20.3503
-20.2685
-20.1628
-20.0308
-19.8679
-19.6681
-19.4237
-19.1239
-18.7669
-18.3542
-17.8704
-17.3036
-16.6407
-15.8687
-14.9749
-13.9474
-12.7765
-11.4568
-9.98969
-8.3864
-6.67234
-4.89044
-3.10381
-1.39367
0.153242
1.46059
2.48138
3.20902
3.66895
3.903
3.95819
3.88081
3.71261
3.48817
3.23404
2.96928
2.70668
2.45432
2.21686
1.99664
1.79448
1.61023
1.44317
1.29223
1.15617
1.03372
0.923573
0.824419
0.735185
0.65377
0.581063
0.516734
0.459661
0.408214
0.361917
0.319773
0.281942
0.249248
0.221186
0.197275
0.177121
0.160293
0.146278
0.134623
0.124677
0.116067
0.104242
0.0913474
0.0785182
0.0683934
0.050003
0.044871
0.0116883
0.0351085
-16.2237
-16.3694
-16.3951
-16.419
-16.3955
-16.3778
-16.3839
-16.4482
-16.5921
-16.8276
-17.1498
-17.5366
-17.9573
-18.3812
-18.7831
-19.1463
-19.4617
-19.7261
-19.9404
-20.108
-20.233
-20.3202
-20.3741
-20.3987
-20.3971
-20.3716
-20.3233
-20.2526
-20.1587
-20.0396
-19.8927
-19.7138
-19.4973
-19.238
-18.9263
-18.5554
-18.1153
-17.5953
-16.9836
-16.2674
-15.4338
-14.4703
-13.3658
-12.1123
-10.7071
-9.15614
-7.47845
-5.71096
-3.91185
-2.16165
-0.555521
0.81579
1.89376
2.66934
3.1721
3.44779
3.54497
3.51027
3.38503
3.20279
2.98877
2.76084
2.53105
2.30721
2.0941
1.89441
1.70943
1.53949
1.3843
1.24323
1.1154
0.999813
0.895446
0.801276
0.71635
0.63978
0.570682
0.508229
0.451543
0.400622
0.355062
0.314492
0.278397
0.246625
0.218912
0.19502
0.17465
0.157454
0.142958
0.130768
0.120091
0.110703
0.101062
0.09064
0.0764421
0.0647537
0.0450013
0.042379
0.0030633
0.0428782
-15.9068
-16.0718
-16.127
-16.1615
-16.1726
-16.205
-16.2839
-16.434
-16.6623
-16.966
-17.3305
-17.7332
-18.1492
-18.5557
-18.9351
-19.275
-19.569
-19.8147
-20.0134
-20.1683
-20.2838
-20.3647
-20.4157
-20.4408
-20.4429
-20.4241
-20.3856
-20.3271
-20.2476
-20.1451
-20.0164
-19.8575
-19.6628
-19.4271
-19.1443
-18.8068
-18.4046
-17.9269
-17.3616
-16.6958
-15.916
-15.0087
-13.9614
-12.7637
-11.4099
-9.90169
-8.25216
-6.4925
-4.67672
-2.8852
-1.22054
0.213779
1.34839
2.17084
2.7128
3.02264
3.15147
3.14865
3.05702
2.90973
2.73057
2.53588
2.33668
2.14021
1.95114
1.77227
1.60516
1.45048
1.3083
1.17828
1.05984
0.952247
0.854692
0.766308
0.686298
0.613716
0.548097
0.48896
0.435664
0.387638
0.344297
0.305179
0.270115
0.239084
0.211874
0.188231
0.167868
0.150467
0.135611
0.122896
0.111613
0.10131
0.0900676
0.0791193
0.0665225
0.0576169
0.039932
0.0397659
-0.00051546
0.047676
-15.6219
-15.8
-15.871
-15.9157
-15.9563
-16.0352
-16.1741
-16.3872
-16.6733
-17.0222
-17.4147
-17.8279
-18.2395
-18.6309
-18.9891
-19.3062
-19.5789
-19.8074
-19.9939
-20.142
-20.2557
-20.3391
-20.396
-20.4295
-20.4419
-20.435
-20.4094
-20.3649
-20.3006
-20.2145
-20.1041
-19.9655
-19.7942
-19.5845
-19.3298
-19.0223
-18.6525
-18.2097
-17.6821
-17.0568
-16.32
-15.4579
-14.4569
-13.3053
-11.9954
-10.526
-8.90695
-7.16561
-5.35304
-3.54915
-1.85868
-0.388477
0.789915
1.6609
2.24936
2.59875
2.76244
2.79453
2.7395
2.62932
2.48597
2.32443
2.155
1.98473
1.81839
1.65905
1.50864
1.36816
1.23804
1.11828
1.00855
0.908388
0.817177
0.734253
0.658965
0.590612
0.528659
0.472545
0.421698
0.375712
0.334217
0.296855
0.263381
0.233619
0.207362
0.184397
0.164475
0.147311
0.132524
0.119754
0.108336
0.0980343
0.0874539
0.0772994
0.0647906
0.0556916
0.037718
0.0382354
-0.00239336
0.0485305
-15.462
-15.6233
-15.6997
-15.7497
-15.8047
-15.9016
-16.0621
-16.2971
-16.6028
-16.9657
-17.3654
-17.7794
-18.1875
-18.5736
-18.9265
-19.2399
-19.5112
-19.7408
-19.9308
-20.0846
-20.2058
-20.2984
-20.3656
-20.4104
-20.4349
-20.4407
-20.4285
-20.398
-20.3484
-20.278
-20.1838
-20.0627
-19.9101
-19.7208
-19.488
-19.204
-18.8595
-18.4439
-17.9454
-17.3509
-16.6467
-15.8181
-14.8513
-13.7335
-12.4558
-11.0156
-9.42171
-7.70039
-5.90284
-4.10984
-2.4257
-0.951851
0.248384
1.15635
1.78229
2.16426
2.36144
2.43113
2.41594
2.34502
2.23838
2.11009
1.97015
1.8257
1.68176
1.54174
1.40792
1.28165
1.1637
1.05434
0.953524
0.860994
0.776344
0.699072
0.628662
0.564542
0.506253
0.45334
0.405338
0.361849
0.322501
0.286961
0.255015
0.226503
0.20124
0.179027
0.159633
0.142795
0.128164
0.115405
0.103914
0.0934468
0.0827345
0.0727121
0.0607582
0.0525103
0.0355217
0.0367989
-0.00254159
0.0479786
-15.3918
-15.5179
-15.5819
-15.6279
-15.6848
-15.7839
-15.9454
-16.1797
-16.4833
-16.8428
-17.2385
-17.6492
-18.0553
-18.4413
-18.7964
-19.1141
-19.3918
-19.6296
-19.8294
-19.9942
-20.1273
-20.2324
-20.3125
-20.3703
-20.4079
-20.4267
-20.4274
-20.41
-20.3736
-20.3165
-20.2363
-20.1297
-19.9923
-19.8189
-19.6029
-19.3365
-19.0104
-18.6141
-18.1358
-17.5623
-16.8796
-16.073
-15.128
-14.0318
-12.775
-11.3549
-9.78077
-8.08035
-6.30688
-4.54254
-2.88794
-1.4311
-0.22583
0.697003
1.33702
1.73961
1.96892
2.07789
2.10352
2.07158
2.00063
1.90425
1.79245
1.67257
1.54994
1.42834
1.31036
1.19771
1.09144
0.992103
0.899894
0.814761
0.736481
0.664715
0.599076
0.53912
0.484458
0.434692
0.389423
0.348306
0.311029
0.277312
0.246946
0.219763
0.195584
0.174228
0.155481
0.139106
0.12478
0.112204
0.100831
0.090486
0.0800572
0.0704133
0.0588401
0.0508403
0.0343447
0.0356068
-0.00204643
0.0458467
-15.3489
-15.4361
-15.4835
-15.5219
-15.5742
-15.6673
-15.82
-16.0429
-16.3343
-16.6826
-17.0694
-17.4746
-17.8791
-18.2673
-18.6279
-18.9542
-19.2426
-19.4927
-19.7058
-19.8844
-20.0315
-20.1504
-20.2439
-20.3148
-20.3649
-20.3958
-20.4082
-20.402
-20.3767
-20.3305
-20.2612
-20.1656
-20.0394
-19.8772
-19.6727
-19.418
-19.1038
-18.7196
-18.2534
-17.6921
-17.0213
-16.2264
-15.2928
-14.2077
-12.9621
-11.5544
-9.996
-8.31756
-6.57568
-4.85306
-3.24011
-1.80838
-0.617584
0.288094
0.920843
1.33823
1.59859
1.74505
1.80872
1.81278
1.77471
1.70779
1.62208
1.5251
1.42245
1.31819
1.21522
1.11554
1.02046
0.930763
0.846871
0.768919
0.696849
0.630465
0.569498
0.513618
0.462508
0.41584
0.373284
0.33454
0.299335
0.267421
0.238609
0.212737
0.189643
0.169159
0.151087
0.13521
0.121233
0.108884
0.0976666
0.087435
0.077178
0.0677745
0.0565971
0.0489429
0.0331961
0.0343528
-0.00115654
0.0430968
-15.3555
-15.3966
-15.4142
-15.433
-15.4711
-15.5505
-15.6883
-15.8952
-16.1706
-16.5048
-16.8811
-17.2802
-17.6832
-18.0745
-18.4421
-18.7782
-19.0787
-19.3421
-19.5692
-19.762
-19.923
-20.0553
-20.1615
-20.2442
-20.3055
-20.3468
-20.3689
-20.3719
-20.3552
-20.3173
-20.2559
-20.1679
-20.049
-19.8941
-19.6964
-19.4482
-19.1402
-18.7617
-18.3007
-17.7439
-17.077
-16.2852
-15.3543
-14.272
-13.0303
-11.6301
-10.0858
-8.43227
-6.72974
-5.05654
-3.48656
-2.0913
-0.947022
-0.0824922
0.538696
0.971282
1.26016
1.43968
1.53678
1.57267
1.56399
1.52367
1.46169
1.38571
1.3015
1.21335
1.12439
1.03687
0.952323
0.871751
0.79576
0.724653
0.658519
0.597294
0.540819
0.488861
0.441177
0.397504
0.357567
0.321115
0.287913
0.257748
0.230447
0.205862
0.183842
0.164233
0.146853
0.131505
0.117918
0.10585
0.0948468
0.084798
0.074779
0.0656412
0.0548348
0.0474045
0.0323247
0.0331364
-0.000139205
0.0399169
-15.2933
-15.3182
-15.3258
-15.3346
-15.3603
-15.4251
-15.5466
-15.7365
-15.996
-16.3167
-16.6832
-17.0769
-17.4794
-17.8742
-18.249
-18.5951
-18.9074
-19.1837
-19.4242
-19.6301
-19.8038
-19.948
-20.0653
-20.1582
-20.2288
-20.2786
-20.3083
-20.3182
-20.3078
-20.2756
-20.2194
-20.136
-20.0213
-19.8699
-19.6751
-19.429
-19.1224
-18.7443
-18.2827
-17.7242
-17.0546
-16.2593
-15.3246
-14.2391
-12.9972
-11.6023
-10.0734
-8.4501
-6.79301
-5.16821
-3.646
-2.31656
-1.24328
-0.419448
0.196058
0.643314
0.956112
1.16322
1.28868
1.35209
1.3692
1.35254
1.31191
1.25498
1.18762
1.11428
1.03829
0.962085
0.887385
0.815377
0.746829
0.682193
0.621691
0.565373
0.513179
0.464966
0.420557
0.379751
0.342327
0.308075
0.276797
0.24831
0.222461
0.199115
0.178134
0.15938
0.142684
0.127869
0.114685
0.102917
0.0921493
0.0822968
0.0725063
0.0636029
0.0531478
0.0459142
0.031516
0.0319158
0.000905094
0.0366413
-15.3649
-15.3307
-15.2916
-15.2616
-15.2559
-15.2929
-15.3905
-15.5604
-15.8041
-16.1133
-16.4729
-16.8641
-17.268
-17.6679
-18.0505
-18.4064
-18.7298
-19.018
-19.2704
-19.4879
-19.6725
-19.8268
-19.9533
-20.0546
-20.1327
-20.189
-20.2245
-20.2394
-20.2332
-20.2046
-20.1514
-20.0702
-19.957
-19.8061
-19.611
-19.3636
-19.0544
-18.6725
-18.2057
-17.6407
-16.9634
-16.1598
-15.2169
-14.1251
-12.8812
-11.4928
-9.98357
-8.39616
-6.78402
-5.20922
-3.76063
-2.52161
-1.51446
-0.718386
-0.105044
0.353727
0.685368
0.914937
1.06411
1.15104
1.19058
1.19477
1.17317
1.13338
1.0813
1.02149
0.957411
0.891646
0.826079
0.762046
0.700455
0.641887
0.58668
0.534987
0.486837
0.442166
0.40086
0.362773
0.327734
0.295572
0.266123
0.23923
0.214761
0.192595
0.17261
0.154677
0.138648
0.124358
0.111582
0.100127
0.0896115
0.0799731
0.0704201
0.0617445
0.0516257
0.0445514
0.0308014
0.0307331
0.00191288
0.0334071
-15.2088
-15.2175
-15.189
-15.1429
-15.1094
-15.1188
-15.1943
-15.3489
-15.5831
-15.8879
-16.2466
-16.64
-17.0487
-17.4553
-17.8463
-18.2117
-18.5454
-18.8439
-19.1065
-19.3336
-19.5273
-19.6898
-19.8239
-19.9318
-20.0157
-20.077
-20.1167
-20.135
-20.1316
-20.1049
-20.0528
-19.9721
-19.8582
-19.7057
-19.5078
-19.2562
-18.9414
-18.5524
-18.077
-17.5019
-16.8135
-15.9985
-15.0452
-13.9464
-12.702
-11.324
-9.83976
-8.28918
-6.72341
-5.22112
-3.87035
-2.71462
-1.75461
-0.978107
-0.367567
0.0990688
0.445184
0.69289
0.861817
0.968751
1.0277
1.05015
1.04541
1.02094
0.982636
0.935102
0.881896
0.825717
0.768572
0.711922
0.656795
0.603883
0.553625
0.506264
0.461909
0.420566
0.38218
0.346654
0.313863
0.283671
0.255945
0.230555
0.207387
0.186335
0.167291
0.150141
0.134749
0.120969
0.108595
0.0974558
0.0872003
0.0777835
0.0684685
0.0600102
0.0502129
0.043276
0.030147
0.0295979
0.00285943
0.0303257
-15.4973
-15.3379
-15.1928
-15.0636
-14.9719
-14.9384
-14.9851
-15.1226
-15.3489
-15.6525
-16.0144
-16.4136
-16.8293
-17.2437
-17.6426
-18.0161
-18.3578
-18.6643
-18.9344
-19.1687
-19.369
-19.5378
-19.6775
-19.7903
-19.8784
-19.9433
-19.9859
-20.0065
-20.0046
-19.9787
-19.9264
-19.8446
-19.7285
-19.5726
-19.3699
-19.1121
-18.7894
-18.3909
-17.9045
-17.3171
-16.6158
-15.7883
-14.8248
-13.7206
-12.4793
-11.1164
-9.65942
-8.14864
-6.649
-5.24192
-3.98176
-2.88694
-1.96186
-1.2026
-0.596356
-0.124743
0.232432
0.494796
0.680178
0.804117
0.8798
0.918205
0.92834
0.917506
0.891551
0.855102
0.811774
0.764348
0.714931
0.665082
0.61593
0.568263
0.522605
0.47928
0.438467
0.400234
0.36458
0.331452
0.300765
0.272419
0.246306
0.222323
0.200372
0.180363
0.162202
0.145788
0.131
0.117709
0.105726
0.0948996
0.0849076
0.0757176
0.0666422
0.0583957
0.0489085
0.0420931
0.0295531
0.0285271
0.00373703
0.0274497
-15.015
-15.0593
-14.9619
-14.85
-14.753
-14.7179
-14.7685
-14.913
-15.1465
-15.455
-15.8191
-16.2193
-16.6358
-17.0514
-17.4525
-17.8291
-18.1747
-18.4853
-18.7596
-18.9982
-19.2026
-19.3751
-19.518
-19.6339
-19.7246
-19.7916
-19.836
-19.8577
-19.8561
-19.8299
-19.7764
-19.6922
-19.5726
-19.4119
-19.2029
-18.9372
-18.605
-18.1954
-17.6965
-17.0958
-16.3812
-15.5419
-14.5702
-13.464
-12.2299
-10.8854
-9.46098
-8.00773
-6.59426
-5.27632
-4.08399
-3.03541
-2.14024
-1.39726
-0.796238
-0.321687
0.0439603
0.318219
0.517343
0.655753
0.745877
0.7982
0.82143
0.822703
0.807795
0.781323
0.746935
0.707473
0.665117
0.621509
0.577859
0.535035
0.493636
0.454055
0.416533
0.381194
0.348082
0.317189
0.288463
0.261835
0.237226
0.214551
0.193732
0.174693
0.157353
0.141626
0.127406
0.114577
0.10297
0.0924504
0.0827216
0.0737609
0.0649254
0.0568864
0.0476999
0.0409959
0.0290145
0.0275283
0.0045483
0.0248062
-15.8658
-15.2494
-15.0589
-14.8612
-14.7111
-14.641
-14.663
-14.7831
-14.9967
-15.2967
-15.6574
-16.0574
-16.4745
-16.8902
-17.2906
-17.6659
-18.0101
-18.3193
-18.5928
-18.8311
-19.0356
-19.2085
-19.3521
-19.4688
-19.5602
-19.6278
-19.6723
-19.6938
-19.6914
-19.6636
-19.6077
-19.52
-19.3957
-19.2289
-19.0123
-18.7373
-18.3943
-17.9724
-17.46
-16.8455
-16.1178
-15.2678
-14.2903
-13.1864
-11.9654
-10.6481
-9.27269
-7.89376
-6.5619
-5.31239
-4.17258
-3.1632
-2.29462
-1.56669
-0.971244
-0.495147
-0.122994
0.16095
0.371573
0.522308
0.624892
0.689348
0.724095
0.736095
0.731039
0.71352
0.687199
0.654958
0.619034
0.581131
0.542528
0.504159
0.466688
0.430568
0.396093
0.363435
0.332683
0.303862
0.276957
0.251924
0.228708
0.207245
0.187473
0.169331
0.152751
0.137661
0.123968
0.111573
0.100325
0.0901036
0.0806357
0.0719053
0.0633101
0.0554764
0.0465819
0.0399833
0.0285288
0.0266078
0.00529445
0.0224022
)
;

boundaryField
{
    outlet
    {
        type            fixedValue;
        value           uniform 0;
    }
    inlet
    {
        type            zeroGradient;
    }
    lowerWall
    {
        type            zeroGradient;
    }
    upperWall
    {
        type            zeroGradient;
    }
    frontAndBack
    {
        type            empty;
    }
}


// ************************************************************************* //
