/*--------------------------------*- C++ -*----------------------------------*\
| =========                 |                                                 |
| \\      /  F ield         | OpenFOAM: The Open Source CFD Toolbox           |
|  \\    /   O peration     | Version:  2.1.1                                 |
|   \\  /    A nd           | Web:      www.OpenFOAM.org                      |
|    \\/     M anipulation  |                                                 |
\*---------------------------------------------------------------------------*/
FoamFile
{
    version     2.0;
    format      ascii;
    class       volScalarField;
    location    "0.19";
    object      k;
}
// * * * * * * * * * * * * * * * * * * * * * * * * * * * * * * * * * * * * * //

dimensions      [0 2 -2 0 0 0 0];

internalField   nonuniform List<scalar> 
6820
(
0.288909
0.351398
0.415005
0.477466
0.536859
0.591555
0.640367
0.68262
0.71811
0.747008
0.76976
0.786982
0.799373
0.807654
0.812514
0.814588
0.814438
0.812551
0.809339
0.805144
0.800245
0.794868
0.789195
0.783364
0.777488
0.771648
0.765904
0.760312
0.754836
0.749801
0.743714
0.74375
0.715251
0.265532
0.269396
0.270523
0.271341
0.272559
0.274217
0.276229
0.278482
0.280865
0.283293
0.285709
0.288084
0.290408
0.292685
0.294931
0.297164
0.299404
0.301669
0.303976
0.306337
0.308762
0.311258
0.313827
0.316472
0.319192
0.321989
0.324863
0.327823
0.330882
0.3341
0.33749
0.341563
0.345734
0.262038
0.264253
0.263596
0.261556
0.259
0.256318
0.253626
0.250938
0.24824
0.245524
0.242794
0.240061
0.237345
0.234668
0.232052
0.229518
0.227085
0.224769
0.222583
0.220534
0.21863
0.216875
0.21527
0.213816
0.212509
0.211348
0.21033
0.20945
0.208706
0.208101
0.207621
0.207297
0.207071
0.259885
0.260272
0.259797
0.258535
0.256829
0.254891
0.252833
0.250709
0.248546
0.246358
0.244151
0.241934
0.239712
0.237494
0.235285
0.233095
0.23093
0.228797
0.226704
0.224655
0.222656
0.220711
0.218823
0.216995
0.21523
0.213527
0.211888
0.210312
0.2088
0.20735
0.20596
0.204631
0.203353
0.259299
0.258404
0.2576
0.256567
0.255295
0.25385
0.252292
0.250661
0.248984
0.247277
0.245551
0.243814
0.242074
0.240334
0.2386
0.236876
0.235165
0.233471
0.231797
0.230146
0.228521
0.226924
0.225357
0.223821
0.222319
0.220851
0.219418
0.21802
0.216658
0.215333
0.214043
0.21279
0.211573
0.259224
0.257848
0.256623
0.255437
0.254227
0.25297
0.251663
0.250312
0.248929
0.247522
0.2461
0.24467
0.243237
0.241804
0.240377
0.238957
0.237548
0.236151
0.23477
0.233405
0.232058
0.230731
0.229425
0.228141
0.22688
0.225642
0.224428
0.223239
0.222075
0.220936
0.219823
0.218736
0.217677
0.259217
0.257715
0.256309
0.25498
0.253698
0.252442
0.251196
0.249951
0.248704
0.247455
0.246204
0.244955
0.243709
0.242469
0.241236
0.240012
0.2388
0.237599
0.236413
0.235241
0.234084
0.232945
0.231822
0.230718
0.229632
0.228565
0.227517
0.226489
0.225481
0.224493
0.223526
0.222579
0.221655
0.259218
0.25769
0.256225
0.254822
0.253477
0.252181
0.250924
0.249696
0.248492
0.247306
0.246136
0.244981
0.243839
0.24271
0.241594
0.240493
0.239405
0.238331
0.237272
0.236229
0.235201
0.234189
0.233194
0.232215
0.231253
0.230308
0.22938
0.228469
0.227576
0.226701
0.225843
0.225003
0.224182
0.259218
0.257686
0.256207
0.25478
0.253405
0.25208
0.250799
0.24956
0.248357
0.247185
0.246042
0.244924
0.24383
0.242757
0.241704
0.240671
0.239656
0.238659
0.23768
0.236718
0.235774
0.234846
0.233936
0.233042
0.232165
0.231305
0.230461
0.229634
0.228823
0.228029
0.227251
0.22649
0.225745
0.259218
0.257686
0.256203
0.254769
0.253384
0.252045
0.250751
0.2495
0.248288
0.247114
0.245974
0.244866
0.243788
0.242737
0.241712
0.240712
0.239734
0.238779
0.237844
0.23693
0.236035
0.235159
0.234302
0.233463
0.232641
0.231837
0.23105
0.230279
0.229525
0.228787
0.228065
0.227359
0.226669
0.259218
0.257686
0.256202
0.254767
0.253378
0.252035
0.250735
0.249477
0.248259
0.24708
0.245937
0.244829
0.243753
0.242708
0.241693
0.240705
0.239743
0.238806
0.237893
0.237003
0.236135
0.235288
0.234461
0.233653
0.232865
0.232094
0.231342
0.230607
0.22989
0.229188
0.228504
0.227835
0.227181
0.259218
0.257685
0.256201
0.254766
0.253376
0.252031
0.250729
0.249469
0.248248
0.247066
0.24592
0.244809
0.243732
0.242688
0.241674
0.240689
0.239732
0.238802
0.237898
0.237018
0.236162
0.235328
0.234516
0.233725
0.232954
0.232202
0.23147
0.230756
0.230059
0.22938
0.228717
0.228071
0.22744
0.259218
0.257685
0.256201
0.254765
0.253375
0.252029
0.250727
0.249465
0.248243
0.247059
0.245912
0.2448
0.243722
0.242676
0.241661
0.240676
0.23972
0.238792
0.23789
0.237014
0.236162
0.235333
0.234528
0.233744
0.232981
0.232238
0.231515
0.230811
0.230126
0.229458
0.228808
0.228174
0.227556
0.259218
0.257685
0.256201
0.254764
0.253374
0.252028
0.250725
0.249463
0.248241
0.247056
0.245908
0.244795
0.243716
0.242669
0.241653
0.240668
0.239712
0.238783
0.237882
0.237006
0.236155
0.235328
0.234524
0.233743
0.232983
0.232244
0.231525
0.230826
0.230145
0.229483
0.228838
0.228211
0.227599
0.259218
0.257685
0.2562
0.254764
0.253374
0.252028
0.250724
0.249462
0.248239
0.247054
0.245905
0.244792
0.243712
0.242665
0.241648
0.240663
0.239706
0.238777
0.237875
0.236999
0.236148
0.235321
0.234518
0.233737
0.232978
0.23224
0.231523
0.230825
0.230146
0.229485
0.228843
0.228218
0.227609
0.259218
0.257685
0.2562
0.254764
0.253373
0.252027
0.250723
0.249461
0.248237
0.247052
0.245903
0.244789
0.243709
0.242661
0.241645
0.240658
0.239701
0.238772
0.237869
0.236993
0.236142
0.235315
0.234511
0.23373
0.232971
0.232233
0.231516
0.230818
0.23014
0.22948
0.228838
0.228213
0.227606
0.259218
0.257685
0.2562
0.254763
0.253373
0.252026
0.250722
0.249459
0.248236
0.24705
0.245901
0.244787
0.243706
0.242658
0.241642
0.240655
0.239697
0.238768
0.237865
0.236988
0.236137
0.235309
0.234505
0.233724
0.232965
0.232227
0.231509
0.230811
0.230133
0.229473
0.228831
0.228206
0.227598
0.259218
0.257685
0.2562
0.254763
0.253372
0.252026
0.250722
0.249459
0.248235
0.247049
0.245899
0.244785
0.243704
0.242656
0.241639
0.240652
0.239694
0.238764
0.237861
0.236984
0.236132
0.235304
0.2345
0.233719
0.232959
0.232221
0.231503
0.230805
0.230126
0.229465
0.228823
0.228198
0.22759
0.259218
0.257684
0.2562
0.254763
0.253372
0.252025
0.250721
0.249458
0.248234
0.247048
0.245898
0.244783
0.243702
0.242654
0.241636
0.240649
0.239691
0.23876
0.237857
0.23698
0.236128
0.2353
0.234495
0.233713
0.232954
0.232215
0.231497
0.230798
0.230119
0.229458
0.228815
0.22819
0.227581
0.259218
0.257684
0.2562
0.254763
0.253371
0.252025
0.25072
0.249457
0.248233
0.247047
0.245897
0.244782
0.2437
0.242652
0.241634
0.240646
0.239688
0.238757
0.237854
0.236976
0.236124
0.235296
0.234491
0.233709
0.232948
0.232209
0.231491
0.230792
0.230112
0.229451
0.228808
0.228182
0.227573
0.259218
0.257684
0.256199
0.254762
0.253371
0.252024
0.25072
0.249456
0.248232
0.247046
0.245895
0.24478
0.243699
0.24265
0.241632
0.240644
0.239685
0.238755
0.237851
0.236973
0.23612
0.235292
0.234487
0.233704
0.232944
0.232204
0.231485
0.230786
0.230106
0.229445
0.228801
0.228175
0.227566
0.259218
0.257684
0.256199
0.254762
0.253371
0.252024
0.250719
0.249456
0.248231
0.247045
0.245894
0.244779
0.243697
0.242648
0.24163
0.240642
0.239683
0.238752
0.237848
0.23697
0.236117
0.235288
0.234483
0.2337
0.232939
0.2322
0.23148
0.230781
0.230101
0.229439
0.228795
0.228169
0.227559
0.259218
0.257684
0.256199
0.254762
0.253371
0.252024
0.250719
0.249455
0.248231
0.247044
0.245893
0.244778
0.243696
0.242647
0.241628
0.24064
0.239681
0.23875
0.237845
0.236967
0.236114
0.235285
0.234479
0.233696
0.232935
0.232195
0.231476
0.230776
0.230095
0.229433
0.228789
0.228162
0.227552
0.259218
0.257684
0.256199
0.254762
0.253371
0.252023
0.250719
0.249455
0.24823
0.247043
0.245893
0.244777
0.243695
0.242645
0.241627
0.240638
0.239679
0.238748
0.237843
0.236965
0.236111
0.235282
0.234476
0.233693
0.232932
0.232191
0.231471
0.230771
0.230091
0.229428
0.228784
0.228156
0.227546
0.259218
0.257684
0.256199
0.254762
0.25337
0.252023
0.250718
0.249454
0.24823
0.247043
0.245892
0.244776
0.243694
0.242644
0.241625
0.240637
0.239677
0.238746
0.237841
0.236962
0.236109
0.235279
0.234473
0.23369
0.232928
0.232188
0.231468
0.230767
0.230086
0.229423
0.228778
0.228151
0.22754
0.259218
0.257684
0.256199
0.254762
0.25337
0.252023
0.250718
0.249454
0.248229
0.247042
0.245891
0.244775
0.243693
0.242643
0.241624
0.240636
0.239676
0.238744
0.237839
0.23696
0.236106
0.235277
0.23447
0.233687
0.232925
0.232184
0.231464
0.230763
0.230082
0.229419
0.228774
0.228146
0.227535
0.259218
0.257684
0.256199
0.254762
0.25337
0.252023
0.250718
0.249454
0.248229
0.247042
0.245891
0.244775
0.243692
0.242642
0.241623
0.240634
0.239675
0.238743
0.237837
0.236958
0.236104
0.235274
0.234468
0.233684
0.232922
0.232181
0.231461
0.23076
0.230078
0.229415
0.22877
0.228141
0.22753
0.259218
0.257684
0.256199
0.254762
0.25337
0.252023
0.250718
0.249454
0.248229
0.247041
0.24589
0.244774
0.243692
0.242642
0.241623
0.240634
0.239674
0.238742
0.237836
0.236957
0.236103
0.235273
0.234466
0.233682
0.23292
0.232179
0.231458
0.230757
0.230075
0.229411
0.228766
0.228138
0.227526
0.259218
0.257684
0.256199
0.254762
0.25337
0.252023
0.250718
0.249453
0.248228
0.247041
0.24589
0.244774
0.243691
0.242641
0.241622
0.240633
0.239673
0.23874
0.237835
0.236956
0.236101
0.235271
0.234464
0.23368
0.232918
0.232176
0.231455
0.230754
0.230072
0.229408
0.228763
0.228134
0.227522
0.259218
0.257684
0.256199
0.254762
0.25337
0.252023
0.250718
0.249454
0.248229
0.247042
0.245891
0.244774
0.243692
0.242641
0.241622
0.240633
0.239673
0.238741
0.237835
0.236956
0.236101
0.235271
0.234464
0.233679
0.232917
0.232175
0.231454
0.230753
0.23007
0.229407
0.228761
0.228132
0.22752
0.259218
0.257684
0.256199
0.254762
0.25337
0.252023
0.250718
0.249453
0.248228
0.247041
0.24589
0.244774
0.243691
0.242641
0.241622
0.240633
0.239672
0.23874
0.237835
0.236955
0.236101
0.23527
0.234463
0.233679
0.232916
0.232175
0.231454
0.230752
0.23007
0.229405
0.228759
0.22813
0.227518
0.259218
0.257684
0.256199
0.254762
0.253371
0.252024
0.25072
0.249456
0.248232
0.247044
0.245894
0.244778
0.243695
0.242645
0.241626
0.240637
0.239676
0.238744
0.237838
0.236959
0.236104
0.235273
0.234466
0.233682
0.232919
0.232177
0.231456
0.230754
0.230071
0.229407
0.22876
0.228131
0.227518
0.259218
0.257685
0.2562
0.254764
0.253373
0.252026
0.250721
0.249457
0.248233
0.247046
0.245895
0.244779
0.243697
0.242647
0.241628
0.240639
0.239679
0.238747
0.237842
0.236962
0.236107
0.235277
0.23447
0.233685
0.232922
0.232179
0.231457
0.230755
0.230072
0.229407
0.228759
0.228129
0.227516
0.259218
0.257685
0.256201
0.254766
0.253378
0.252034
0.250731
0.249469
0.248246
0.24706
0.245911
0.244795
0.243713
0.242663
0.241644
0.240654
0.239694
0.238761
0.237854
0.236974
0.236118
0.235285
0.234476
0.23369
0.232924
0.23218
0.231455
0.23075
0.230064
0.229396
0.228745
0.228112
0.227495
0.259219
0.257689
0.25621
0.254777
0.25339
0.252045
0.250743
0.249482
0.248259
0.247074
0.245924
0.244809
0.243726
0.242676
0.241655
0.240664
0.239701
0.238765
0.237855
0.23697
0.236109
0.235272
0.234457
0.233663
0.232891
0.232139
0.231406
0.230692
0.229997
0.229319
0.228659
0.228015
0.227387
0.25922
0.257694
0.256221
0.254799
0.253423
0.252089
0.250795
0.249539
0.248318
0.247132
0.245979
0.244857
0.243767
0.242706
0.241674
0.24067
0.239692
0.238739
0.237812
0.236908
0.236027
0.235169
0.234332
0.233516
0.232721
0.231945
0.231188
0.23045
0.22973
0.229027
0.228342
0.227672
0.227019
0.259229
0.257738
0.256292
0.254882
0.253508
0.252172
0.250871
0.249603
0.248368
0.247162
0.245986
0.244837
0.243716
0.242622
0.241553
0.24051
0.239491
0.238496
0.237525
0.236577
0.23565
0.234746
0.233863
0.233
0.232158
0.231335
0.230531
0.229745
0.228978
0.228229
0.227496
0.226781
0.226081
0.259265
0.257822
0.256453
0.255125
0.253805
0.252483
0.251164
0.249855
0.248562
0.247292
0.246047
0.244829
0.243641
0.242482
0.241352
0.24025
0.239176
0.238129
0.237108
0.236112
0.23514
0.234191
0.233265
0.232361
0.231479
0.230617
0.229775
0.228952
0.228149
0.227364
0.226597
0.225848
0.225116
0.259599
0.258632
0.257578
0.256541
0.255587
0.254713
0.253904
0.253149
0.252442
0.251779
0.25116
0.250583
0.250049
0.249556
0.249102
0.248688
0.24831
0.247967
0.247658
0.24738
0.247132
0.246912
0.246719
0.24655
0.246404
0.24628
0.246177
0.246092
0.246024
0.245974
0.245939
0.245918
0.245911
0.266719
0.280569
0.294241
0.307622
0.320668
0.333362
0.345693
0.357649
0.369225
0.380414
0.391213
0.401622
0.411641
0.421275
0.430527
0.439404
0.447912
0.45606
0.463857
0.471312
0.478435
0.485236
0.491726
0.497916
0.503817
0.50944
0.514795
0.519893
0.524744
0.52936
0.53375
0.537922
0.541892
0.84387
1.01372
1.18232
1.35048
1.51716
1.67492
1.81395
1.92687
2.01077
2.0675
2.10218
2.12122
2.13063
2.13493
2.13696
2.13809
2.13877
2.13901
2.13878
2.13813
2.13725
2.13644
2.13596
2.13605
2.13682
2.13826
2.14029
2.14275
2.14543
2.14808
2.15045
2.15228
2.15327
2.15314
2.15155
2.14819
2.14271
2.13477
2.12403
2.11014
2.09281
2.07177
2.04678
2.01767
1.98431
1.94663
1.90464
1.85838
1.808
1.75368
1.69571
1.63443
1.57027
1.50375
1.43545
1.36599
1.29606
1.22634
1.15754
1.09033
1.02532
0.963091
0.904113
0.84877
0.797348
0.750023
0.706874
0.667887
0.632969
0.601964
0.574667
0.550844
0.530246
0.512621
0.497725
0.48533
0.475227
0.467231
0.46118
0.456936
0.454384
0.453426
0.453983
0.455989
0.459384
0.464117
0.470135
0.47738
0.485783
0.495259
0.5057
0.516972
0.528907
0.541298
0.553903
0.566426
0.578551
0.589938
0.599742
0.611455
0.354729
0.368559
0.388871
0.418609
0.460407
0.51658
0.588594
0.676414
0.778086
0.889803
1.00642
1.1222
1.23174
1.33071
1.41641
1.48787
1.54567
1.59142
1.62731
1.65557
1.67819
1.69672
1.71225
1.72549
1.73685
1.74656
1.75475
1.7615
1.76685
1.7708
1.77334
1.7744
1.77388
1.77162
1.76745
1.76115
1.7525
1.74125
1.72715
1.70997
1.68951
1.66559
1.6381
1.60695
1.57213
1.53369
1.49172
1.44639
1.39793
1.34662
1.2928
1.2369
1.17938
1.12078
1.06168
1.00268
0.94441
0.887468
0.832431
0.779819
0.730072
0.683545
0.64049
0.601062
0.565315
0.533214
0.50465
0.479454
0.457416
0.438299
0.42186
0.407856
0.396059
0.386258
0.378268
0.371926
0.367096
0.363666
0.361548
0.360673
0.360992
0.362472
0.365093
0.368846
0.373728
0.379739
0.386877
0.395134
0.404488
0.4149
0.426303
0.4386
0.451653
0.465283
0.479261
0.493306
0.507086
0.520315
0.531855
0.54663
0.206738
0.206543
0.206976
0.208439
0.211338
0.216202
0.223574
0.234249
0.249295
0.269892
0.297188
0.33215
0.375377
0.426921
0.486171
0.551839
0.622052
0.694545
0.766925
0.83694
0.902718
0.962921
1.0168
1.06413
1.10513
1.14026
1.17013
1.19535
1.21645
1.23387
1.24792
1.25882
1.26669
1.27159
1.27353
1.27248
1.2684
1.26122
1.25088
1.23729
1.22043
1.20026
1.17682
1.15017
1.12044
1.08779
1.05245
1.0147
0.974845
0.933257
0.890332
0.846509
0.802258
0.758071
0.714448
0.671881
0.630836
0.59173
0.554912
0.520656
0.489145
0.460476
0.434661
0.411639
0.391289
0.373449
0.357925
0.344515
0.333012
0.323221
0.314961
0.30807
0.302409
0.297857
0.294319
0.291715
0.289987
0.289095
0.289011
0.289725
0.291238
0.293565
0.296728
0.300759
0.305698
0.311585
0.318461
0.326361
0.335311
0.345318
0.356365
0.368399
0.381329
0.395011
0.409248
0.423786
0.43829
0.452528
0.46511
0.482137
0.201933
0.200412
0.198989
0.197667
0.19648
0.195492
0.194786
0.194477
0.194672
0.195529
0.197267
0.200161
0.204536
0.210769
0.219275
0.230491
0.244841
0.262684
0.284261
0.30963
0.338628
0.370847
0.405654
0.442239
0.479682
0.517039
0.553415
0.588025
0.620232
0.649559
0.675682
0.69841
0.717653
0.733393
0.745656
0.754493
0.759962
0.762125
0.761046
0.756794
0.749456
0.739144
0.726003
0.710216
0.692009
0.671644
0.649418
0.625655
0.600701
0.574912
0.548654
0.522291
0.496182
0.470668
0.446064
0.422644
0.400637
0.380209
0.36147
0.344466
0.329189
0.315585
0.303565
0.293016
0.283814
0.27583
0.268939
0.263022
0.257973
0.253698
0.250117
0.247163
0.244782
0.24293
0.241577
0.240703
0.240298
0.240359
0.240897
0.241928
0.243478
0.245583
0.248284
0.251634
0.25569
0.260514
0.266174
0.272736
0.28026
0.288797
0.298377
0.309002
0.320636
0.333192
0.346524
0.360425
0.374583
0.388832
0.401602
0.419793
0.210204
0.208681
0.207182
0.205699
0.204233
0.202795
0.201402
0.200075
0.198838
0.197711
0.19673
0.195935
0.19538
0.195128
0.195252
0.195837
0.19698
0.198788
0.201375
0.204863
0.209372
0.215013
0.221878
0.230028
0.239479
0.250192
0.262061
0.274913
0.288513
0.302569
0.316755
0.330724
0.344131
0.356652
0.367995
0.377914
0.386209
0.392732
0.397384
0.400113
0.400918
0.39984
0.396968
0.392431
0.386392
0.379047
0.370612
0.361314
0.351381
0.341039
0.330501
0.319964
0.309603
0.299571
0.289994
0.280967
0.272561
0.264814
0.257742
0.251339
0.245581
0.240434
0.235855
0.231799
0.228218
0.225069
0.22231
0.219903
0.217815
0.21602
0.214495
0.213223
0.212192
0.211394
0.210829
0.210498
0.21041
0.210579
0.211023
0.211766
0.21284
0.214281
0.216134
0.218449
0.221286
0.224711
0.228797
0.233619
0.239257
0.245787
0.253275
0.261769
0.27129
0.281815
0.293267
0.30551
0.318289
0.331515
0.343559
0.361624
0.216475
0.215113
0.213749
0.212386
0.211026
0.209669
0.208318
0.206976
0.205649
0.204347
0.203076
0.201849
0.20068
0.199583
0.198577
0.197684
0.196927
0.19633
0.195923
0.195731
0.195786
0.196116
0.196749
0.197711
0.199026
0.20071
0.202772
0.205211
0.208011
0.211145
0.214568
0.218218
0.222022
0.225889
0.229723
0.233421
0.236881
0.240004
0.242701
0.244899
0.246541
0.247591
0.248035
0.247882
0.247163
0.245925
0.244231
0.242151
0.239761
0.237137
0.23435
0.231468
0.22855
0.225648
0.222808
0.220063
0.217441
0.214962
0.212636
0.21047
0.208464
0.206613
0.204913
0.203353
0.201927
0.200624
0.199436
0.198355
0.197375
0.196492
0.195702
0.195004
0.1944
0.193892
0.193488
0.193195
0.193025
0.192993
0.193116
0.193416
0.193921
0.19466
0.195673
0.197001
0.198694
0.200811
0.203414
0.206576
0.210375
0.21489
0.220203
0.226387
0.233499
0.241573
0.250595
0.260508
0.271138
0.282484
0.292996
0.309632
0.220603
0.219408
0.218204
0.216992
0.215773
0.214546
0.213313
0.212077
0.210838
0.209602
0.208372
0.207151
0.205944
0.204758
0.203599
0.202474
0.201391
0.200361
0.199392
0.198496
0.197683
0.196963
0.196347
0.195844
0.195464
0.195212
0.195095
0.195114
0.195271
0.195561
0.195978
0.196512
0.197146
0.197863
0.198639
0.199451
0.200269
0.201066
0.201812
0.202482
0.203049
0.203493
0.203799
0.203956
0.203961
0.203815
0.203527
0.203107
0.202569
0.201932
0.201211
0.200425
0.199591
0.198723
0.197836
0.196943
0.196054
0.195177
0.194318
0.193482
0.19267
0.191884
0.191124
0.19039
0.189679
0.188992
0.188325
0.187679
0.187054
0.186449
0.185866
0.185307
0.184776
0.184278
0.183818
0.183406
0.18305
0.182762
0.182558
0.182453
0.182469
0.182629
0.182962
0.183499
0.184281
0.18535
0.18676
0.188569
0.19084
0.193648
0.197066
0.201172
0.206038
0.211722
0.218257
0.225645
0.233792
0.242771
0.251236
0.265399
0.223246
0.22218
0.221103
0.220016
0.218918
0.217811
0.216696
0.215573
0.214445
0.213311
0.212174
0.211036
0.209898
0.208765
0.207637
0.20652
0.205416
0.20433
0.203267
0.202231
0.201228
0.200263
0.199341
0.198467
0.197647
0.196884
0.196182
0.195545
0.194974
0.194471
0.194034
0.193662
0.193352
0.193099
0.192897
0.19274
0.192618
0.192523
0.192447
0.192378
0.192308
0.192229
0.192131
0.19201
0.191859
0.191676
0.191459
0.191207
0.190922
0.190605
0.190261
0.189891
0.189501
0.189092
0.188669
0.188234
0.187789
0.187336
0.186876
0.18641
0.185937
0.185458
0.184971
0.184476
0.183971
0.183457
0.182933
0.182398
0.181853
0.181298
0.180736
0.180167
0.179596
0.179026
0.178461
0.177909
0.177375
0.176869
0.176401
0.175983
0.17563
0.175359
0.175191
0.175148
0.17526
0.17556
0.176085
0.17688
0.177996
0.179489
0.181424
0.183865
0.186882
0.190538
0.194884
0.199954
0.205711
0.212269
0.218556
0.229683
0.224896
0.223928
0.22295
0.221962
0.220963
0.219955
0.218937
0.217911
0.216876
0.215834
0.214787
0.213734
0.212678
0.211619
0.21056
0.209502
0.208448
0.207398
0.206356
0.205325
0.204306
0.203303
0.20232
0.201359
0.200424
0.199516
0.198641
0.197799
0.196993
0.196226
0.195497
0.194809
0.194161
0.193553
0.192984
0.192451
0.191953
0.191487
0.19105
0.190638
0.190248
0.189876
0.189518
0.18917
0.188831
0.188496
0.188163
0.18783
0.187496
0.18716
0.186821
0.186479
0.186133
0.185783
0.185428
0.185067
0.184701
0.184326
0.183942
0.183548
0.183141
0.18272
0.182283
0.181829
0.181356
0.180863
0.180349
0.179814
0.179257
0.178679
0.17808
0.177462
0.176826
0.176175
0.175513
0.174843
0.17417
0.173501
0.172842
0.172202
0.17159
0.171019
0.170503
0.170059
0.169705
0.169465
0.169368
0.169444
0.169731
0.170272
0.171116
0.172315
0.173927
0.176006
0.178606
0.181771
0.185497
0.189904
0.1942
0.202259
0.225882
0.224987
0.224081
0.223167
0.222243
0.22131
0.220368
0.219417
0.218459
0.217493
0.21652
0.215541
0.214557
0.213569
0.212578
0.211584
0.210589
0.209594
0.2086
0.20761
0.206625
0.205646
0.204675
0.203715
0.202767
0.201834
0.200918
0.200021
0.199144
0.19829
0.19746
0.196656
0.195879
0.195129
0.194408
0.193715
0.193051
0.192414
0.191805
0.191222
0.190664
0.19013
0.189617
0.189125
0.18865
0.188192
0.187748
0.187316
0.186895
0.186483
0.186078
0.18568
0.185287
0.184896
0.184507
0.184118
0.183725
0.183328
0.182923
0.182508
0.182081
0.181639
0.181181
0.180703
0.180205
0.179684
0.17914
0.178571
0.177976
0.177356
0.17671
0.176039
0.175344
0.174626
0.173888
0.173131
0.17236
0.171578
0.170789
0.17
0.169217
0.168448
0.167702
0.16699
0.166326
0.165726
0.165208
0.164796
0.164514
0.164394
0.164471
0.164786
0.165382
0.166304
0.167599
0.169309
0.171445
0.174111
0.176771
0.182108
0.226437
0.225591
0.224737
0.223875
0.223005
0.222126
0.221241
0.220347
0.219446
0.218538
0.217624
0.216704
0.215778
0.214847
0.213912
0.212974
0.212032
0.211089
0.210145
0.209201
0.208258
0.207316
0.206379
0.205446
0.204519
0.2036
0.20269
0.201791
0.200904
0.200031
0.199173
0.198332
0.19751
0.196707
0.195924
0.195163
0.194423
0.193707
0.193013
0.192342
0.191694
0.191068
0.190465
0.189882
0.189319
0.188774
0.188247
0.187736
0.187239
0.186754
0.186282
0.185819
0.185364
0.184915
0.184471
0.184028
0.183586
0.18314
0.182689
0.18223
0.18176
0.181276
0.180777
0.18026
0.179722
0.179162
0.178579
0.17797
0.177336
0.176675
0.175987
0.175272
0.17453
0.173762
0.172969
0.172153
0.171315
0.170459
0.169587
0.168703
0.16781
0.166915
0.166023
0.165142
0.164281
0.163449
0.16266
0.161927
0.16127
0.16071
0.16027
0.15998
0.159873
0.159982
0.160344
0.160996
0.161956
0.163302
0.164708
0.167833
0.226723
0.225909
0.225088
0.224261
0.223427
0.222587
0.22174
0.220886
0.220026
0.219161
0.218289
0.217412
0.21653
0.215643
0.214752
0.213857
0.212959
0.212058
0.211156
0.210252
0.209347
0.208442
0.207539
0.206637
0.205738
0.204843
0.203954
0.203071
0.202195
0.201328
0.200471
0.199626
0.198793
0.197974
0.19717
0.196383
0.195612
0.194858
0.194124
0.193408
0.192712
0.192035
0.191378
0.190739
0.190119
0.189517
0.188932
0.188362
0.187807
0.187266
0.186737
0.186218
0.185708
0.185206
0.18471
0.184216
0.183724
0.18323
0.182732
0.182227
0.181713
0.181187
0.180647
0.18009
0.179514
0.178917
0.178297
0.177654
0.176986
0.176291
0.175569
0.174821
0.174044
0.173241
0.172411
0.171555
0.170675
0.169772
0.168847
0.167904
0.166945
0.165973
0.164993
0.164008
0.163026
0.162051
0.161093
0.160161
0.159267
0.158424
0.15765
0.156965
0.156389
0.15595
0.155674
0.15559
0.155717
0.156108
0.1566
0.158035
0.226855
0.226059
0.225258
0.224452
0.223641
0.222824
0.222002
0.221175
0.220342
0.219505
0.218662
0.217815
0.216964
0.216108
0.215248
0.214385
0.213519
0.212651
0.211779
0.210907
0.210032
0.209158
0.208283
0.207408
0.206535
0.205665
0.204797
0.203933
0.203074
0.20222
0.201374
0.200536
0.199707
0.198888
0.19808
0.197284
0.196501
0.195733
0.194979
0.194241
0.193519
0.192814
0.192125
0.191453
0.190797
0.190156
0.189532
0.188921
0.188325
0.187741
0.187168
0.186606
0.186053
0.185508
0.184968
0.184432
0.183898
0.183363
0.182824
0.182281
0.181729
0.181166
0.18059
0.179999
0.179391
0.178763
0.178115
0.177443
0.176748
0.176027
0.175281
0.174507
0.173707
0.172879
0.172024
0.171143
0.170236
0.169304
0.168348
0.16737
0.166371
0.165354
0.164322
0.163277
0.162222
0.161164
0.160105
0.159053
0.158015
0.157001
0.156019
0.155085
0.154213
0.153419
0.152725
0.15215
0.151713
0.151443
0.1513
0.151503
0.226906
0.226119
0.225329
0.224534
0.223736
0.222932
0.222125
0.221313
0.220497
0.219677
0.218853
0.218025
0.217193
0.216358
0.215519
0.214677
0.213833
0.212986
0.212137
0.211287
0.210435
0.209582
0.208728
0.207875
0.207022
0.20617
0.20532
0.204473
0.203629
0.20279
0.201955
0.201127
0.200305
0.199491
0.198685
0.197889
0.197104
0.19633
0.195568
0.194819
0.194083
0.193362
0.192654
0.19196
0.191281
0.190616
0.189964
0.189326
0.188699
0.188085
0.187481
0.186886
0.186301
0.185722
0.185149
0.184579
0.184012
0.183444
0.182874
0.182299
0.181716
0.181124
0.180521
0.179903
0.179269
0.178618
0.177946
0.177253
0.176537
0.175798
0.175033
0.174242
0.173425
0.172581
0.17171
0.170813
0.169889
0.16894
0.167965
0.166967
0.165946
0.164904
0.163842
0.162763
0.161668
0.160561
0.159446
0.158325
0.157204
0.156088
0.154984
0.1539
0.152847
0.151836
0.150879
0.149992
0.149191
0.148483
0.147918
0.147265
0.226918
0.226136
0.225351
0.224562
0.223769
0.222973
0.222173
0.221369
0.220562
0.219751
0.218937
0.21812
0.2173
0.216477
0.215651
0.214822
0.213991
0.213158
0.212323
0.211487
0.210649
0.209811
0.208972
0.208132
0.207293
0.206455
0.205618
0.204784
0.203951
0.203122
0.202297
0.201477
0.200662
0.199853
0.199051
0.198257
0.197472
0.196696
0.19593
0.195176
0.194432
0.193701
0.192981
0.192274
0.19158
0.190898
0.190227
0.189569
0.188922
0.188285
0.187658
0.18704
0.186429
0.185826
0.185227
0.184632
0.18404
0.183447
0.182852
0.182252
0.181647
0.181032
0.180407
0.179769
0.179115
0.178445
0.177757
0.177048
0.176317
0.175564
0.174786
0.173983
0.173155
0.172301
0.17142
0.170512
0.169579
0.16862
0.167635
0.166625
0.165592
0.164536
0.163458
0.162361
0.161244
0.160112
0.158965
0.157806
0.156638
0.155466
0.154292
0.153123
0.151965
0.150826
0.149713
0.148637
0.14761
0.146628
0.145795
0.144576
0.226916
0.226135
0.225352
0.224564
0.223774
0.222981
0.222184
0.221384
0.220581
0.219775
0.218966
0.218154
0.21734
0.216523
0.215703
0.214882
0.214058
0.213233
0.212406
0.211577
0.210748
0.209918
0.209087
0.208256
0.207426
0.206596
0.205767
0.20494
0.204115
0.203293
0.202474
0.201659
0.200848
0.200043
0.199244
0.198451
0.197666
0.19689
0.196121
0.195363
0.194614
0.193876
0.193149
0.192432
0.191727
0.191032
0.190349
0.189676
0.189013
0.18836
0.187716
0.18708
0.186451
0.185829
0.185211
0.184597
0.183985
0.183373
0.182759
0.182141
0.181517
0.180886
0.180244
0.17959
0.178923
0.178239
0.177537
0.176817
0.176075
0.175312
0.174525
0.173715
0.172879
0.172018
0.171131
0.170218
0.169278
0.168314
0.167323
0.166308
0.165268
0.164205
0.16312
0.162013
0.160886
0.15974
0.158577
0.157398
0.156206
0.155003
0.153792
0.152577
0.151361
0.150149
0.148947
0.147761
0.146603
0.145455
0.144463
0.142887
0.226909
0.226128
0.225344
0.224558
0.223768
0.222975
0.222179
0.221381
0.220579
0.219775
0.218968
0.218158
0.217346
0.216531
0.215715
0.214896
0.214076
0.213254
0.212431
0.211606
0.210781
0.209955
0.209128
0.208301
0.207475
0.206649
0.205824
0.205001
0.204179
0.20336
0.202544
0.201731
0.200923
0.200119
0.19932
0.198528
0.197742
0.196964
0.196193
0.195431
0.194678
0.193934
0.1932
0.192476
0.191762
0.191058
0.190364
0.18968
0.189005
0.188339
0.187682
0.187032
0.18639
0.185753
0.18512
0.184491
0.183864
0.183237
0.182609
0.181976
0.181339
0.180694
0.18004
0.179374
0.178695
0.178001
0.17729
0.176561
0.175812
0.175041
0.174248
0.173432
0.172592
0.171726
0.170835
0.169919
0.168977
0.168009
0.167016
0.165998
0.164956
0.163889
0.1628
0.161689
0.160557
0.159405
0.158234
0.157045
0.155841
0.154623
0.153393
0.152153
0.150907
0.149656
0.148407
0.147161
0.145929
0.144687
0.143604
0.141814
0.2269
0.226119
0.225335
0.224548
0.223758
0.222965
0.222169
0.22137
0.220569
0.219764
0.218958
0.218148
0.217337
0.216523
0.215707
0.214889
0.21407
0.213249
0.212427
0.211603
0.210779
0.209954
0.209128
0.208303
0.207477
0.206652
0.205828
0.205006
0.204185
0.203366
0.202551
0.201738
0.200929
0.200125
0.199325
0.198531
0.197743
0.196961
0.196187
0.195421
0.194663
0.193914
0.193174
0.192443
0.191721
0.191009
0.190307
0.189613
0.188928
0.188252
0.187584
0.186923
0.186269
0.18562
0.184976
0.184335
0.183696
0.183057
0.182416
0.181773
0.181124
0.180469
0.179804
0.179129
0.178442
0.17774
0.177022
0.176286
0.175531
0.174755
0.173958
0.173138
0.172294
0.171426
0.170533
0.169614
0.16867
0.167701
0.166707
0.165688
0.164644
0.163577
0.162486
0.161373
0.160239
0.159084
0.15791
0.156717
0.155507
0.154282
0.153043
0.151791
0.150529
0.14926
0.147986
0.146708
0.145438
0.144145
0.143012
0.141101
0.226891
0.226109
0.225325
0.224537
0.223747
0.222953
0.222157
0.221357
0.220555
0.219751
0.218944
0.218134
0.217322
0.216508
0.215692
0.214873
0.214053
0.213232
0.212409
0.211585
0.21076
0.209935
0.209108
0.208282
0.207456
0.20663
0.205806
0.204982
0.20416
0.20334
0.202523
0.201708
0.200897
0.20009
0.199288
0.198491
0.1977
0.196915
0.196136
0.195365
0.194602
0.193847
0.193101
0.192363
0.191634
0.190914
0.190204
0.189502
0.188808
0.188123
0.187445
0.186774
0.18611
0.185451
0.184797
0.184145
0.183496
0.182847
0.182197
0.181544
0.180886
0.180222
0.179549
0.178866
0.178172
0.177463
0.176739
0.175998
0.175238
0.174459
0.173658
0.172835
0.171989
0.171118
0.170224
0.169304
0.16836
0.16739
0.166395
0.165375
0.164331
0.163263
0.162172
0.161058
0.159923
0.158767
0.157591
0.156396
0.155184
0.153956
0.152712
0.151455
0.150186
0.148908
0.147621
0.146329
0.145039
0.143719
0.142561
0.140585
0.226883
0.226101
0.225315
0.224527
0.223736
0.222942
0.222144
0.221345
0.220542
0.219737
0.218929
0.218118
0.217305
0.21649
0.215673
0.214854
0.214033
0.213211
0.212387
0.211561
0.210735
0.209908
0.20908
0.208252
0.207425
0.206597
0.20577
0.204945
0.20412
0.203298
0.202478
0.20166
0.200846
0.200036
0.19923
0.198429
0.197634
0.196844
0.196061
0.195284
0.194516
0.193755
0.193002
0.192257
0.191521
0.190794
0.190075
0.189365
0.188663
0.187969
0.187283
0.186603
0.18593
0.185262
0.184598
0.183938
0.183279
0.182621
0.181962
0.181301
0.180635
0.179963
0.179283
0.178594
0.177893
0.177178
0.176449
0.175703
0.17494
0.174157
0.173353
0.172527
0.171679
0.170807
0.169911
0.16899
0.168044
0.167074
0.166078
0.165058
0.164013
0.162945
0.161853
0.160739
0.159603
0.158446
0.157269
0.156073
0.154859
0.153629
0.152383
0.151124
0.149851
0.148568
0.147276
0.145976
0.144677
0.143344
0.142174
0.140163
0.226875
0.226092
0.225306
0.224517
0.223725
0.222931
0.222133
0.221332
0.220529
0.219722
0.218914
0.218102
0.217289
0.216473
0.215654
0.214834
0.214012
0.213188
0.212363
0.211536
0.210708
0.209879
0.209049
0.208219
0.207389
0.20656
0.20573
0.204902
0.204075
0.203249
0.202426
0.201605
0.200787
0.199973
0.199163
0.198358
0.197557
0.196763
0.195974
0.195192
0.194418
0.19365
0.192891
0.192139
0.191396
0.190662
0.189935
0.189217
0.188507
0.187805
0.18711
0.186422
0.18574
0.185064
0.184391
0.183722
0.183056
0.182389
0.181722
0.181053
0.180379
0.1797
0.179014
0.178318
0.177611
0.176891
0.176157
0.175407
0.174639
0.173853
0.173046
0.172217
0.171367
0.170493
0.169595
0.168672
0.167725
0.166753
0.165756
0.164734
0.163688
0.162619
0.161525
0.16041
0.159272
0.158114
0.156935
0.155738
0.154523
0.153291
0.152044
0.150782
0.149508
0.148222
0.146927
0.145623
0.144319
0.142979
0.141802
0.139772
0.226867
0.226084
0.225298
0.224508
0.223716
0.22292
0.222122
0.22132
0.220516
0.219709
0.218899
0.218087
0.217272
0.216455
0.215636
0.214814
0.213991
0.213166
0.212339
0.21151
0.210681
0.20985
0.209018
0.208186
0.207354
0.206521
0.205689
0.204858
0.204028
0.203199
0.202372
0.201548
0.200726
0.199908
0.199094
0.198284
0.197478
0.196679
0.195885
0.195097
0.194316
0.193543
0.192776
0.192018
0.191268
0.190526
0.189792
0.189066
0.188349
0.187638
0.186935
0.186239
0.185549
0.184864
0.184184
0.183506
0.182831
0.182157
0.181482
0.180805
0.180124
0.179438
0.178745
0.178043
0.17733
0.176605
0.175865
0.175111
0.174339
0.173548
0.172737
0.171906
0.171052
0.170175
0.169274
0.168349
0.167399
0.166424
0.165425
0.164401
0.163352
0.16228
0.161184
0.160065
0.158925
0.157764
0.156583
0.155383
0.154165
0.152931
0.151681
0.150417
0.14914
0.147852
0.146555
0.145247
0.14394
0.142596
0.141415
0.139373
0.22686
0.226076
0.225289
0.224499
0.223706
0.22291
0.222111
0.221309
0.220504
0.219696
0.218886
0.218073
0.217257
0.216439
0.215618
0.214796
0.213971
0.213144
0.212316
0.211486
0.210654
0.209821
0.208988
0.208154
0.207319
0.206484
0.205649
0.204815
0.203982
0.20315
0.20232
0.201492
0.200666
0.199844
0.199025
0.19821
0.1974
0.196595
0.195796
0.195003
0.194216
0.193436
0.192664
0.191899
0.191141
0.190392
0.189651
0.188918
0.188192
0.187474
0.186763
0.186059
0.185361
0.184668
0.183979
0.183294
0.182611
0.181928
0.181246
0.180561
0.179873
0.179179
0.178479
0.17777
0.177051
0.17632
0.175575
0.174815
0.174037
0.173242
0.172427
0.17159
0.170732
0.16985
0.168945
0.168016
0.167062
0.166082
0.165078
0.16405
0.162997
0.16192
0.160819
0.159696
0.158551
0.157386
0.1562
0.154996
0.153774
0.152536
0.151282
0.150015
0.148734
0.147443
0.146142
0.144831
0.14352
0.142171
0.140987
0.138935
0.226854
0.226069
0.225282
0.224491
0.223698
0.222901
0.222101
0.221298
0.220493
0.219684
0.218873
0.218059
0.217242
0.216423
0.215601
0.214778
0.213952
0.213124
0.212294
0.211462
0.210629
0.209794
0.208959
0.208123
0.207286
0.206448
0.205611
0.204774
0.203938
0.203103
0.202269
0.201438
0.200609
0.199782
0.198959
0.19814
0.197325
0.196515
0.195711
0.194912
0.194119
0.193333
0.192555
0.191783
0.191019
0.190263
0.189515
0.188774
0.188041
0.187315
0.186596
0.185884
0.185178
0.184477
0.18378
0.183086
0.182395
0.181705
0.181014
0.180321
0.179625
0.178924
0.178216
0.1775
0.176774
0.176035
0.175283
0.174516
0.173732
0.17293
0.172108
0.171265
0.1704
0.169512
0.1686
0.167664
0.166703
0.165717
0.164706
0.16367
0.16261
0.161525
0.160418
0.159288
0.158136
0.156964
0.155772
0.154561
0.153333
0.152089
0.15083
0.149557
0.148271
0.146975
0.145669
0.144353
0.143037
0.141683
0.140494
0.138431
0.226847
0.226063
0.225275
0.224484
0.223689
0.222892
0.222092
0.221288
0.220482
0.219673
0.218861
0.218046
0.217228
0.216408
0.215586
0.214761
0.213933
0.213104
0.212273
0.21144
0.210605
0.209769
0.208931
0.208093
0.207254
0.206414
0.205575
0.204735
0.203896
0.203058
0.202222
0.201387
0.200554
0.199724
0.198896
0.198073
0.197254
0.196439
0.195629
0.194825
0.194027
0.193235
0.192451
0.191673
0.190902
0.190139
0.189384
0.188636
0.187895
0.187162
0.186436
0.185715
0.185001
0.184292
0.183586
0.182885
0.182185
0.181486
0.180786
0.180085
0.17938
0.17867
0.177953
0.177228
0.176492
0.175745
0.174984
0.174208
0.173414
0.172603
0.171771
0.170919
0.170044
0.169146
0.168224
0.167278
0.166307
0.165311
0.164289
0.163243
0.162172
0.161078
0.15996
0.15882
0.157659
0.156477
0.155275
0.154056
0.15282
0.151567
0.1503
0.14902
0.147728
0.146424
0.145112
0.14379
0.142467
0.141106
0.13991
0.137835
0.226842
0.226057
0.225268
0.224477
0.223682
0.222884
0.222083
0.221279
0.220472
0.219662
0.218849
0.218033
0.217215
0.216394
0.215571
0.214745
0.213916
0.213086
0.212253
0.211419
0.210582
0.209745
0.208905
0.208065
0.207224
0.206382
0.205541
0.204699
0.203857
0.203016
0.202176
0.201338
0.200502
0.199668
0.198837
0.19801
0.197186
0.196367
0.195552
0.194743
0.19394
0.193142
0.192352
0.191568
0.190791
0.190021
0.189259
0.188503
0.187755
0.187014
0.18628
0.185551
0.184828
0.18411
0.183396
0.182685
0.181975
0.181266
0.180557
0.179845
0.179129
0.178408
0.177681
0.176944
0.176197
0.175437
0.174664
0.173875
0.173069
0.172245
0.1714
0.170534
0.169645
0.168733
0.167797
0.166836
0.165851
0.16484
0.163804
0.162743
0.161658
0.16055
0.159418
0.158265
0.15709
0.155896
0.154683
0.153452
0.152205
0.150942
0.149665
0.148375
0.147074
0.145762
0.144441
0.143111
0.14178
0.14041
0.139207
0.137117
0.226837
0.226051
0.225262
0.22447
0.223675
0.222877
0.222075
0.22127
0.220463
0.219652
0.218839
0.218022
0.217203
0.216381
0.215557
0.21473
0.2139
0.213069
0.212235
0.211399
0.210561
0.209722
0.208881
0.208039
0.207196
0.206353
0.205508
0.204664
0.20382
0.202977
0.202134
0.201293
0.200453
0.199616
0.198782
0.19795
0.197122
0.196298
0.195479
0.194665
0.193856
0.193054
0.192257
0.191467
0.190683
0.189906
0.189137
0.188374
0.187618
0.186868
0.186125
0.185388
0.184655
0.183927
0.183202
0.18248
0.181759
0.181038
0.180315
0.179591
0.178861
0.178126
0.177383
0.176631
0.175868
0.175092
0.174302
0.173496
0.172672
0.171829
0.170966
0.170081
0.169173
0.168241
0.167285
0.166305
0.165299
0.164269
0.163214
0.162134
0.16103
0.159903
0.158754
0.157584
0.156393
0.155184
0.153956
0.152711
0.15145
0.150175
0.148887
0.147586
0.146274
0.144952
0.143621
0.14228
0.14094
0.13956
0.13835
0.136245
0.226832
0.226046
0.225257
0.224465
0.223669
0.22287
0.222068
0.221263
0.220455
0.219643
0.218829
0.218012
0.217192
0.216369
0.215544
0.214716
0.213886
0.213053
0.212218
0.211381
0.210542
0.209701
0.208859
0.208015
0.20717
0.206325
0.205479
0.204632
0.203786
0.202939
0.202094
0.20125
0.200407
0.199566
0.198728
0.197893
0.197061
0.196232
0.195408
0.194589
0.193775
0.192966
0.192163
0.191366
0.190575
0.189791
0.189013
0.188241
0.187476
0.186717
0.185963
0.185214
0.184469
0.183729
0.18299
0.182254
0.181518
0.180781
0.180042
0.179299
0.178552
0.177797
0.177034
0.176261
0.175476
0.174677
0.173864
0.173033
0.172185
0.171317
0.170427
0.169516
0.168582
0.167625
0.166643
0.165636
0.164605
0.16355
0.16247
0.161366
0.160239
0.15909
0.15792
0.156729
0.15552
0.154292
0.153047
0.151786
0.15051
0.149221
0.147919
0.146606
0.145282
0.143949
0.142608
0.141258
0.139909
0.138521
0.137303
0.135189
0.226828
0.226042
0.225252
0.22446
0.223664
0.222864
0.222062
0.221256
0.220447
0.219635
0.218821
0.218003
0.217182
0.216359
0.215532
0.214704
0.213872
0.213038
0.212202
0.211364
0.210524
0.209682
0.208838
0.207992
0.207146
0.206298
0.20545
0.204601
0.203752
0.202903
0.202055
0.201207
0.200361
0.199517
0.198674
0.197834
0.196998
0.196164
0.195334
0.194509
0.193688
0.192872
0.192061
0.191256
0.190456
0.189662
0.188874
0.188091
0.187314
0.186541
0.185774
0.18501
0.184249
0.183491
0.182735
0.181979
0.181222
0.180463
0.179701
0.178934
0.17816
0.177379
0.176587
0.175785
0.17497
0.17414
0.173294
0.172431
0.171549
0.170647
0.169724
0.168779
0.167812
0.16682
0.165805
0.164767
0.163704
0.162618
0.161508
0.160376
0.159223
0.158048
0.156853
0.15564
0.154409
0.153161
0.151897
0.150619
0.149328
0.148024
0.146709
0.145384
0.144049
0.142707
0.141358
0.140001
0.138648
0.137257
0.136038
0.133933
0.226825
0.226039
0.225249
0.224456
0.223659
0.22286
0.222057
0.22125
0.220441
0.219629
0.218813
0.217995
0.217173
0.216349
0.215522
0.214692
0.21386
0.213025
0.212187
0.211348
0.210506
0.209662
0.208816
0.207969
0.20712
0.20627
0.205419
0.204567
0.203715
0.202863
0.202011
0.201159
0.200309
0.199459
0.198611
0.197766
0.196922
0.196082
0.195245
0.194411
0.193581
0.192755
0.191934
0.191117
0.190304
0.189497
0.188694
0.187895
0.1871
0.186309
0.185522
0.184736
0.183953
0.18317
0.182388
0.181604
0.180818
0.180028
0.179233
0.178431
0.177622
0.176803
0.175973
0.17513
0.174274
0.173403
0.172515
0.171609
0.170684
0.169739
0.168773
0.167786
0.166776
0.165744
0.16469
0.163613
0.162514
0.161392
0.160249
0.159086
0.157903
0.1567
0.15548
0.154242
0.152989
0.151721
0.150439
0.149145
0.14784
0.146524
0.145199
0.143866
0.142527
0.141182
0.139833
0.138482
0.137137
0.135761
0.134559
0.132505
0.226824
0.226037
0.225247
0.224453
0.223656
0.222856
0.222052
0.221245
0.220435
0.219622
0.218806
0.217987
0.217164
0.216339
0.21551
0.214679
0.213845
0.213009
0.212169
0.211327
0.210483
0.209637
0.208788
0.207938
0.207086
0.206232
0.205377
0.204521
0.203664
0.202806
0.201948
0.20109
0.200232
0.199375
0.198519
0.197664
0.19681
0.195959
0.19511
0.194263
0.193419
0.192578
0.19174
0.190905
0.190073
0.189245
0.188419
0.187596
0.186776
0.185957
0.18514
0.184323
0.183506
0.182688
0.181868
0.181045
0.180217
0.179383
0.178543
0.177694
0.176836
0.175967
0.175085
0.17419
0.173281
0.172356
0.171414
0.170455
0.169477
0.16848
0.167463
0.166426
0.165368
0.16429
0.163192
0.162073
0.160934
0.159775
0.158597
0.157401
0.156188
0.154958
0.153713
0.152453
0.151181
0.149897
0.148602
0.147298
0.145987
0.144669
0.143346
0.14202
0.140693
0.139367
0.138045
0.136729
0.135429
0.134114
0.13297
0.131074
0.226823
0.226036
0.225245
0.224451
0.223653
0.222852
0.222047
0.221239
0.220428
0.219613
0.218795
0.217974
0.217149
0.216321
0.21549
0.214656
0.213819
0.212979
0.212136
0.21129
0.210441
0.20959
0.208736
0.207879
0.207021
0.20616
0.205297
0.204432
0.203566
0.202698
0.20183
0.20096
0.200089
0.199219
0.198348
0.197477
0.196606
0.195736
0.194867
0.193999
0.193132
0.192266
0.191402
0.190539
0.189677
0.188816
0.187956
0.187096
0.186237
0.185377
0.184517
0.183654
0.182789
0.181921
0.181048
0.180169
0.179284
0.178392
0.17749
0.176579
0.175658
0.174724
0.173777
0.172817
0.171843
0.170853
0.169847
0.168825
0.167786
0.16673
0.165657
0.164566
0.163457
0.16233
0.161186
0.160024
0.158845
0.157651
0.156441
0.155216
0.153977
0.152727
0.151465
0.150194
0.148916
0.147631
0.146341
0.14505
0.143758
0.142469
0.141185
0.139909
0.138644
0.137395
0.136167
0.134965
0.133799
0.132661
0.131677
0.130198
0.226819
0.22603
0.225237
0.224441
0.223641
0.222837
0.222029
0.221218
0.220403
0.219585
0.218762
0.217936
0.217106
0.216273
0.215436
0.214595
0.21375
0.212902
0.212051
0.211195
0.210337
0.209474
0.208609
0.20774
0.206868
0.205993
0.205114
0.204233
0.203349
0.202463
0.201574
0.200683
0.199789
0.198894
0.197997
0.197099
0.196199
0.195298
0.194396
0.193492
0.192588
0.191683
0.190777
0.18987
0.188962
0.188052
0.187141
0.186228
0.185312
0.184394
0.183471
0.182545
0.181614
0.180676
0.179733
0.178782
0.177823
0.176854
0.175876
0.174888
0.173889
0.172878
0.171854
0.170818
0.169769
0.168707
0.167632
0.166543
0.16544
0.164323
0.163192
0.162047
0.160889
0.159717
0.158533
0.157335
0.156127
0.154907
0.153679
0.152443
0.151201
0.149955
0.148708
0.147463
0.146221
0.144986
0.143762
0.142552
0.141361
0.140192
0.139051
0.137944
0.136879
0.135864
0.13491
0.134031
0.133239
0.132573
0.132017
0.131622
0.226794
0.225999
0.225201
0.224398
0.22359
0.222779
0.221963
0.221143
0.220318
0.219489
0.218655
0.217817
0.216974
0.216127
0.215275
0.214419
0.213558
0.212692
0.211821
0.210946
0.210066
0.209182
0.208293
0.207399
0.206501
0.205598
0.204691
0.203779
0.202863
0.201942
0.201018
0.200089
0.199157
0.19822
0.19728
0.196337
0.195389
0.194439
0.193485
0.192527
0.191566
0.190602
0.189634
0.188663
0.187688
0.186709
0.185725
0.184738
0.183745
0.182747
0.181743
0.180733
0.179716
0.178691
0.177659
0.176619
0.17557
0.174512
0.173444
0.172368
0.171281
0.170185
0.169079
0.167963
0.166837
0.165703
0.164559
0.163406
0.162245
0.161075
0.159898
0.158714
0.157524
0.156329
0.155131
0.153931
0.152733
0.151539
0.150351
0.149174
0.148012
0.14687
0.145751
0.144662
0.143608
0.142596
0.141632
0.140724
0.139882
0.139114
0.138432
0.137851
0.137387
0.137062
0.136898
0.136935
0.137183
0.137806
0.138423
0.140866
0.226674
0.225864
0.22505
0.224229
0.223404
0.222573
0.221736
0.220894
0.220046
0.219193
0.218334
0.217469
0.216598
0.215721
0.214838
0.213949
0.213054
0.212153
0.211246
0.210333
0.209413
0.208487
0.207555
0.206616
0.205672
0.204721
0.203763
0.202799
0.20183
0.200853
0.199871
0.198883
0.197888
0.196888
0.195881
0.194869
0.19385
0.192826
0.191796
0.19076
0.189719
0.188671
0.187618
0.186559
0.185494
0.184422
0.183345
0.182261
0.181171
0.180074
0.17897
0.177859
0.176742
0.175618
0.174486
0.173348
0.172203
0.171052
0.169894
0.168731
0.167563
0.16639
0.165214
0.164034
0.162853
0.16167
0.160489
0.15931
0.158136
0.156969
0.155812
0.154669
0.153544
0.152442
0.151368
0.15033
0.149335
0.148389
0.147503
0.146684
0.145944
0.145293
0.144741
0.144302
0.143986
0.143809
0.143784
0.143927
0.144258
0.144797
0.145569
0.146603
0.147934
0.149605
0.151662
0.15418
0.157168
0.160986
0.164529
0.173206
0.226275
0.225431
0.224579
0.22372
0.222855
0.221982
0.221103
0.220216
0.219323
0.218422
0.217513
0.216597
0.215674
0.214743
0.213805
0.212858
0.211904
0.210943
0.209973
0.208995
0.208009
0.207015
0.206013
0.205003
0.203985
0.202958
0.201924
0.200881
0.19983
0.198771
0.197703
0.196628
0.195544
0.194453
0.193354
0.192246
0.191132
0.190009
0.18888
0.187743
0.186599
0.185449
0.184292
0.183128
0.181959
0.180784
0.179604
0.17842
0.177231
0.176038
0.174843
0.173645
0.172446
0.171246
0.170048
0.168851
0.167658
0.16647
0.165289
0.164118
0.162959
0.161816
0.160693
0.159595
0.158526
0.157494
0.156506
0.155571
0.154699
0.153903
0.153194
0.152588
0.152099
0.151745
0.151543
0.151511
0.151669
0.152035
0.152628
0.153467
0.154568
0.155948
0.157622
0.159604
0.161907
0.164544
0.167526
0.170866
0.174578
0.178677
0.183184
0.188122
0.193518
0.199406
0.205822
0.212821
0.220372
0.228908
0.236636
0.252237
0.225285
0.224378
0.223463
0.222539
0.221606
0.220665
0.219715
0.218757
0.217789
0.216812
0.215826
0.214831
0.213827
0.212813
0.21179
0.210758
0.209716
0.208665
0.207604
0.206535
0.205455
0.204367
0.203269
0.202162
0.201046
0.199922
0.198788
0.197646
0.196497
0.195339
0.194174
0.193002
0.191823
0.190639
0.18945
0.188256
0.187059
0.185859
0.184659
0.183458
0.182259
0.181064
0.179873
0.17869
0.177516
0.176355
0.175209
0.174081
0.172974
0.171894
0.170845
0.169831
0.168859
0.167935
0.167066
0.166261
0.165528
0.16488
0.164326
0.163882
0.163563
0.163384
0.163365
0.163528
0.163893
0.164487
0.165334
0.166462
0.167898
0.169672
0.17181
0.174339
0.177284
0.180666
0.184501
0.188801
0.19357
0.198805
0.204494
0.210619
0.21715
0.224052
0.231281
0.238791
0.246529
0.254444
0.262486
0.27061
0.278774
0.286949
0.295109
0.303243
0.311345
0.319417
0.327469
0.335521
0.343544
0.3518
0.359016
0.371707
0.224282
0.223333
0.222376
0.22141
0.220436
0.219453
0.218463
0.217465
0.216459
0.215446
0.214425
0.213399
0.212366
0.211327
0.210284
0.209236
0.208185
0.20713
0.206074
0.205017
0.203961
0.202906
0.201854
0.200806
0.199765
0.198732
0.19771
0.1967
0.195706
0.19473
0.193776
0.192847
0.191947
0.19108
0.190251
0.189465
0.188729
0.188049
0.187431
0.186884
0.186416
0.186037
0.185758
0.18559
0.185547
0.185643
0.185892
0.186314
0.186926
0.18775
0.188807
0.190123
0.191723
0.193635
0.19589
0.198518
0.201551
0.205024
0.208968
0.213418
0.218404
0.223955
0.230097
0.23685
0.244229
0.25224
0.260881
0.270136
0.279981
0.290375
0.301265
0.312582
0.324239
0.336139
0.348168
0.360201
0.372106
0.383744
0.394979
0.40568
0.415727
0.425019
0.433472
0.441032
0.447669
0.453383
0.458199
0.462168
0.465358
0.467856
0.469756
0.471161
0.472164
0.472873
0.47336
0.473727
0.474027
0.474309
0.474599
0.475399
0.245919
0.245948
0.246
0.246076
0.246176
0.246301
0.246453
0.246633
0.246842
0.247082
0.247355
0.247661
0.248005
0.248387
0.248809
0.249276
0.249789
0.250352
0.250967
0.251639
0.252372
0.253169
0.254036
0.254978
0.255999
0.257106
0.258304
0.259601
0.261004
0.262521
0.264159
0.265928
0.267839
0.2699
0.272125
0.274525
0.277114
0.279907
0.282919
0.286168
0.289673
0.293453
0.297533
0.301935
0.306686
0.311815
0.317353
0.323332
0.329788
0.33676
0.344286
0.352409
0.361169
0.370611
0.380776
0.391701
0.403421
0.415963
0.429342
0.443558
0.458595
0.474412
0.490938
0.508073
0.525679
0.543578
0.561555
0.57936
0.596708
0.613296
0.628811
0.642944
0.65541
0.665962
0.674408
0.680621
0.684549
0.686214
0.68571
0.683194
0.678873
0.672988
0.665801
0.657578
0.648577
0.639037
0.629174
0.619175
0.609194
0.599363
0.589775
0.580517
0.571626
0.563179
0.555133
0.54761
0.540482
0.533714
0.528114
0.519311
0.546271
0.55108
0.555747
0.560263
0.564623
0.56882
0.572851
0.576709
0.580389
0.583888
0.587201
0.590322
0.593249
0.595976
0.5985
0.600816
0.602922
0.604812
0.606483
0.607932
0.609154
0.610147
0.610905
0.611425
0.611704
0.611736
0.611518
0.611044
0.610311
0.609313
0.608044
0.606501
0.604676
0.602565
0.600161
0.597458
0.59445
0.591131
0.587494
0.583534
0.579245
0.574623
0.569663
0.564362
0.558718
0.55273
0.546402
0.539736
0.53274
0.525425
0.517805
0.5099
0.501734
0.493339
0.48475
0.476013
0.46718
0.458312
0.449476
0.440749
0.432214
0.423961
0.416081
0.408669
0.401816
0.395606
0.390111
0.385389
0.381473
0.378372
0.376066
0.374504
0.373609
0.373274
0.373377
0.37378
0.374343
0.374931
0.375423
0.375713
0.375724
0.375399
0.374709
0.373647
0.372226
0.370472
0.368423
0.366121
0.363612
0.360936
0.358132
0.355227
0.352249
0.3492
0.34612
0.342946
0.339832
0.336409
0.333712
0.328341
0.014796
0.022245
0.0268342
0.0281695
0.0276502
0.0261997
0.0252286
0.029071
0.0426626
0.0608057
0.0800744
0.0998444
0.119924
0.140189
0.160567
0.181029
0.20158
0.222247
0.243074
0.264116
0.285434
0.307086
0.329124
0.351588
0.374507
0.397892
0.421742
0.446038
0.470747
0.495823
0.521202
0.54681
0.572558
0.598346
0.624067
0.649603
0.67483
0.699628
0.723884
0.747521
0.770526
0.792967
0.814836
0.83579
0.85585
0.874929
0.892939
0.909778
0.925344
0.939537
0.952259
0.963417
0.972925
0.980706
0.986689
0.990817
0.993042
0.99333
0.99166
0.988027
0.982441
0.974928
0.965531
0.954311
0.941348
0.926746
0.910662
0.893418
0.876028
0.862275
0.85184
0.841152
0.829631
0.81729
0.804223
0.790537
0.77634
0.761741
0.746847
0.73176
0.716578
0.701392
0.686286
0.671339
0.656619
0.642187
0.6281
0.614404
0.601139
0.588338
0.576032
0.564237
0.552983
0.542268
0.532129
0.522539
0.513577
0.50512
0.497931
0.487937
0.0326043
0.0544538
0.0635264
0.0663095
0.0685604
0.0756192
0.0902743
0.11138
0.136311
0.162938
0.190785
0.219884
0.250308
0.282114
0.315329
0.34993
0.385861
0.42305
0.461431
0.50096
0.541626
0.58345
0.626474
0.670753
0.71634
0.763281
0.811601
0.861306
0.912372
0.964749
1.01836
1.07309
1.12881
1.18534
1.2425
1.30006
1.35777
1.41534
1.47244
1.52872
1.58374
1.63713
1.68878
1.73916
1.78816
1.83561
1.88128
1.92494
1.96632
2.0052
2.04132
2.07444
2.10435
2.13082
2.15367
2.1727
2.18777
2.19876
2.20554
2.20807
2.20629
2.20022
2.18989
2.17537
2.15678
2.13429
2.10808
2.07845
2.04581
2.01084
1.97377
1.93454
1.8933
1.85033
1.80595
1.76047
1.71421
1.66747
1.62055
1.57372
1.52723
1.48133
1.43621
1.39208
1.3491
1.30742
1.26716
1.22843
1.1913
1.15583
1.12209
1.09006
1.05981
1.0312
1.00444
0.979039
0.955694
0.932883
0.913562
0.884955
0.0470055
0.0869297
0.0993767
0.106081
0.114743
0.129781
0.152023
0.179207
0.209167
0.241226
0.2755
0.312143
0.351205
0.392627
0.436257
0.481875
0.529233
0.578096
0.628278
0.679653
0.732164
0.785815
0.840648
0.89673
0.954129
1.0129
1.07309
1.1347
1.19771
1.26207
1.32769
1.39447
1.46227
1.53093
1.60028
1.67013
1.74029
1.81053
1.88065
1.95041
2.01962
2.08809
2.15542
2.22136
2.28563
2.34789
2.4078
2.465
2.51914
2.56989
2.6169
2.65986
2.69846
2.73244
2.76152
2.78548
2.80413
2.81732
2.82491
2.82684
2.82307
2.81365
2.79862
2.77813
2.75234
2.72149
2.68584
2.64576
2.60164
2.55397
2.50316
2.44952
2.3934
2.33521
2.27538
2.21433
2.15249
2.09025
2.028
1.96608
1.90482
1.84451
1.78543
1.72781
1.67185
1.61772
1.56557
1.51551
1.46764
1.422
1.37865
1.33757
1.29878
1.26217
1.22782
1.19534
1.16514
1.13603
1.11024
1.07427
0.0572677
0.112922
0.131659
0.142987
0.155639
0.173702
0.19784
0.22663
0.258805
0.293915
0.331897
0.372704
0.416218
0.462259
0.510605
0.561019
0.613272
0.667169
0.722571
0.779397
0.837633
0.897313
0.95851
1.02132
1.08583
1.15212
1.22026
1.29027
1.36215
1.43586
1.51133
1.58844
1.66706
1.74703
1.82816
1.91022
1.993
2.07621
2.15958
2.24278
2.32548
2.40728
2.48773
2.5664
2.64291
2.71684
2.78776
2.85523
2.91883
2.97815
3.03277
3.08232
3.12644
3.16481
3.19713
3.22315
3.24267
3.25553
3.26161
3.26087
3.25331
3.23902
3.21811
3.19078
3.15728
3.11793
3.07308
3.02315
2.96862
2.90999
2.84777
2.78243
2.71448
2.64443
2.57279
2.50005
2.42672
2.35324
2.28005
2.20755
2.1361
2.06602
1.9976
1.93108
1.86669
1.80459
1.74493
1.68782
1.63334
1.58152
1.5324
1.48593
1.44211
1.40081
1.36204
1.32545
1.29126
1.25845
1.22892
1.18874
0.0641992
0.130905
0.155096
0.170584
0.186079
0.20552
0.230047
0.259124
0.291966
0.328079
0.367199
0.40915
0.45379
0.500985
0.550605
0.602518
0.656598
0.712735
0.770852
0.830911
0.892919
0.956926
1.02301
1.09126
1.16179
1.23466
1.30995
1.38767
1.46782
1.55034
1.63513
1.72207
1.81097
1.90162
1.99379
2.08718
2.18148
2.27634
2.37136
2.46615
2.56017
2.65287
2.74376
2.83233
2.91812
3.00061
3.07932
3.15374
3.2234
3.28781
3.34653
3.39914
3.44527
3.48455
3.51671
3.54149
3.55871
3.56823
3.57
3.56402
3.55036
3.52917
3.50067
3.46514
3.42292
3.37442
3.32011
3.26048
3.1961
3.12753
3.05537
2.98022
2.90265
2.82324
2.74257
2.66118
2.5796
2.4983
2.41774
2.33833
2.26042
2.18434
2.11037
2.03875
1.96966
1.90327
1.83969
1.77902
1.7213
1.66654
1.61475
1.56587
1.51984
1.47651
1.43585
1.39749
1.36158
1.32716
1.29602
1.25386
0.0689063
0.140299
0.168946
0.188057
0.206059
0.226709
0.251452
0.280306
0.312807
0.348513
0.387138
0.428531
0.472632
0.519425
0.568906
0.621063
0.675872
0.733304
0.793333
0.855954
0.92119
0.989089
1.05972
1.13316
1.20948
1.28875
1.37098
1.45617
1.54427
1.63518
1.72874
1.82476
1.92301
2.02319
2.12498
2.22802
2.33188
2.43614
2.5403
2.64382
2.74611
2.84653
2.94449
3.03941
3.13073
3.21791
3.3004
3.37766
3.44918
3.51446
3.57304
3.62451
3.66848
3.70463
3.73271
3.75249
3.76386
3.76675
3.76117
3.74721
3.72503
3.69489
3.6571
3.61206
3.56022
3.50209
3.43824
3.36926
3.29579
3.21848
3.138
3.05499
2.97009
2.88393
2.79709
2.71013
2.62357
2.53789
2.45351
2.37083
2.29016
2.21181
2.13601
2.06296
1.99281
1.92568
1.86165
1.80077
1.74304
1.68846
1.63696
1.58847
1.5429
1.50006
1.45988
1.42199
1.38646
1.35236
1.32148
1.27943
0.0716635
0.144576
0.175793
0.197555
0.217691
0.239555
0.264583
0.293068
0.324804
0.359508
0.397006
0.437258
0.480328
0.526331
0.575392
0.627614
0.683071
0.741807
0.803852
0.869227
0.937959
1.01008
1.08562
1.16462
1.24709
1.33302
1.42236
1.51503
1.61089
1.70975
1.81139
1.91551
2.02179
2.12985
2.23928
2.34961
2.46036
2.571
2.68095
2.7896
2.89628
3.00033
3.10108
3.19791
3.29022
3.37743
3.45897
3.53432
3.60294
3.66437
3.71816
3.76394
3.80136
3.83017
3.85016
3.8612
3.86324
3.85633
3.84056
3.81615
3.78336
3.74257
3.69421
3.63879
3.57687
3.50908
3.43607
3.35853
3.27716
3.19267
3.10576
3.01713
2.92742
2.83727
2.74724
2.65787
2.56965
2.48301
2.39833
2.31592
2.23608
2.15902
2.08492
2.01393
1.94613
1.88158
1.82032
1.76234
1.70759
1.65602
1.60754
1.56202
1.51934
1.4793
1.44176
1.40637
1.37313
1.34113
1.31216
1.27214
0.0723873
0.144276
0.177385
0.201235
0.223214
0.2463
0.271799
0.300113
0.331238
0.365085
0.401646
0.441035
0.483458
0.529167
0.578413
0.631411
0.688329
0.74928
0.814334
0.883522
0.956846
1.03429
1.1158
1.2013
1.29071
1.38388
1.48063
1.58076
1.684
1.79005
1.89857
2.00916
2.12142
2.23488
2.34904
2.46338
2.57735
2.69035
2.80176
2.91096
3.01726
3.11999
3.21848
3.3121
3.40024
3.48233
3.55783
3.62622
3.68702
3.73981
3.78421
3.81989
3.8466
3.86416
3.87246
3.87147
3.86126
3.84196
3.81382
3.77716
3.73237
3.67995
3.62045
3.5545
3.48275
3.40594
3.32478
3.24004
3.15247
3.0628
2.97176
2.88003
2.78826
2.69702
2.60687
2.51826
2.43162
2.3473
2.26561
2.1868
2.11105
2.03851
1.96928
1.90343
1.84097
1.78191
1.72619
1.67378
1.62456
1.57844
1.53528
1.49493
1.45721
1.42191
1.38885
1.35767
1.32833
1.29996
1.27426
1.23801
0.0723738
0.142884
0.176489
0.201637
0.225063
0.249351
0.275623
0.304305
0.335526
0.369375
0.40602
0.445741
0.488894
0.535868
0.587032
0.642699
0.703102
0.768386
0.838609
0.913747
0.993702
1.07831
1.16737
1.26062
1.35777
1.45849
1.56245
1.66926
1.77854
1.88988
2.00282
2.11693
2.23171
2.34667
2.46126
2.57495
2.68716
2.79732
2.90483
3.00908
3.10944
3.20528
3.29596
3.38089
3.4595
3.53125
3.59566
3.65226
3.70064
3.74044
3.77137
3.79318
3.80574
3.80894
3.8028
3.78741
3.76294
3.72967
3.68795
3.63824
3.58105
3.517
3.44674
3.37099
3.29052
3.20611
3.11854
3.02862
2.9371
2.84473
2.75221
2.66019
2.56926
2.47993
2.39268
2.30789
2.22588
2.14692
2.07121
1.99889
1.93006
1.86477
1.80305
1.74487
1.69017
1.6389
1.59093
1.54617
1.50446
1.46566
1.42959
1.39607
1.36489
1.33582
1.30864
1.28301
1.25881
1.23523
1.21385
1.18279
0.0714605
0.139538
0.173827
0.200218
0.225185
0.251097
0.27898
0.309292
0.342285
0.378214
0.417425
0.460353
0.507481
0.559286
0.616179
0.678469
0.74633
0.819795
0.898754
0.982971
1.07211
1.16574
1.26341
1.36462
1.46887
1.57567
1.68453
1.79499
1.9066
2.01892
2.1315
2.24388
2.35559
2.46617
2.57513
2.68198
2.78622
2.88734
2.98481
3.07809
3.16663
3.24986
3.32724
3.39822
3.46231
3.51903
3.56795
3.60869
3.64091
3.66434
3.67877
3.68407
3.68018
3.66713
3.64503
3.6141
3.57464
3.52704
3.47178
3.40943
3.34061
3.26603
3.18644
3.10265
3.01546
2.9257
2.83419
2.74171
2.64903
2.55684
2.46579
2.37647
2.28937
2.20493
2.1235
2.04536
1.97073
1.89976
1.83253
1.76909
1.70944
1.65353
1.6013
1.55264
1.50744
1.46556
1.42684
1.39113
1.35823
1.32797
1.30014
1.27453
1.25091
1.22902
1.20864
1.18941
1.17119
1.1532
1.13681
1.11198
0.0708328
0.137233
0.171469
0.199296
0.226595
0.25569
0.287692
0.323207
0.362615
0.406278
0.454573
0.507884
0.566545
0.6308
0.700756
0.776369
0.857435
0.943603
1.03441
1.12929
1.22763
1.32881
1.4322
1.53726
1.64344
1.75028
1.85735
1.9643
2.07073
2.17629
2.28064
2.38344
2.48434
2.58298
2.67899
2.77198
2.86153
2.94721
3.02858
3.10519
3.17655
3.2422
3.30164
3.35443
3.40012
3.43831
3.46864
3.4908
3.50453
3.50965
3.50603
3.49364
3.47251
3.4428
3.40472
3.35859
3.30483
3.24395
3.17652
3.1032
3.02473
2.94188
2.85546
2.76631
2.67528
2.58319
2.49084
2.39899
2.30833
2.21951
2.13307
2.04949
1.96917
1.89242
1.81946
1.75046
1.68551
1.62464
1.56783
1.51502
1.4661
1.42096
1.37945
1.34141
1.30665
1.27501
1.24628
1.22027
1.19677
1.17558
1.15647
1.1392
1.12356
1.10926
1.09606
1.08361
1.07175
1.05976
1.0487
1.03072
0.0698349
0.134992
0.171088
0.203248
0.237708
0.277501
0.324161
0.378227
0.439499
0.507378
0.581084
0.659799
0.74277
0.829336
0.918922
1.01101
1.10514
1.20084
1.2977
1.3953
1.49322
1.59108
1.68854
1.78541
1.8814
1.97628
2.06986
2.16193
2.25235
2.34097
2.42759
2.51199
2.59394
2.67317
2.74936
2.82221
2.89136
2.95644
3.01706
3.07281
3.12328
3.16804
3.20668
3.2388
3.26402
3.282
3.29245
3.29512
3.28982
3.27645
3.25497
3.22543
3.18796
3.1428
3.09028
3.03081
2.96492
2.89318
2.81627
2.73493
2.64994
2.56211
2.47231
2.38135
2.29008
2.19929
2.10971
2.02203
1.93685
1.8547
1.77601
1.70113
1.6303
1.56371
1.50146
1.44357
1.39
1.34068
1.29549
1.25427
1.21685
1.18305
1.15266
1.12548
1.1013
1.07991
1.06111
1.04469
1.03043
1.01811
1.00752
0.998424
0.990577
0.983715
0.977584
0.971842
0.966286
0.960279
0.954532
0.94361
0.0696457
0.140601
0.187634
0.242623
0.31299
0.401113
0.503983
0.61598
0.731454
0.846118
0.957374
1.0639
1.16535
1.26193
1.35418
1.44267
1.52799
1.61061
1.69102
1.76951
1.84621
1.92124
1.99473
2.06672
2.13727
2.20646
2.27431
2.34074
2.40568
2.46901
2.53058
2.59018
2.6476
2.70257
2.75481
2.80398
2.84974
2.89174
2.92959
2.96289
2.99127
3.01432
3.03168
3.04298
3.0479
3.04616
3.03752
3.0218
2.99888
2.96873
2.93138
2.88696
2.8357
2.77791
2.71402
2.64451
2.56998
2.4911
2.40859
2.32324
2.23584
2.14724
2.05826
1.96971
1.88235
1.79689
1.71399
1.63419
1.55798
1.48572
1.41769
1.3541
1.29505
1.24056
1.19058
1.14504
1.10377
1.06662
1.03337
1.00382
0.977752
0.954936
0.935156
0.918198
0.903852
0.891916
0.882188
0.874471
0.868566
0.86427
0.861374
0.859656
0.858883
0.858797
0.859139
0.859582
0.859888
0.859504
0.858743
0.854669
0.0689317
0.205404
0.352637
0.544314
0.756686
0.964946
1.15323
1.31509
1.4505
1.56281
1.65674
1.73586
1.80354
1.86261
1.91533
1.96341
2.00818
2.05062
2.09136
2.13089
2.16965
2.20792
2.2459
2.28368
2.32128
2.35872
2.39593
2.43281
2.4692
2.50492
2.53975
2.57341
2.60564
2.63611
2.6645
2.69045
2.71358
2.73351
2.74984
2.76219
2.77017
2.77341
2.77157
2.76434
2.75143
2.73263
2.70775
2.67669
2.63941
2.59592
2.54636
2.49093
2.42992
2.36373
2.29285
2.21784
2.13935
2.05809
1.97482
1.89032
1.80541
1.72086
1.63746
1.55591
1.47688
1.40095
1.32862
1.26028
1.19623
1.13667
1.08171
1.03136
0.985585
0.944264
0.907236
0.874306
0.845252
0.819845
0.797846
0.779024
0.763155
0.750024
0.73943
0.731184
0.725108
0.721032
0.71879
0.718219
0.719154
0.721422
0.724839
0.729206
0.734307
0.739897
0.745719
0.751456
0.756842
0.761403
0.765041
0.767245
0.0917833
0.756864
1.35986
1.7738
2.02464
2.16243
2.23192
2.26467
2.27953
2.2863
2.28902
2.28976
2.28947
2.28875
2.28813
2.2881
2.289
2.29104
2.29429
2.29875
2.3044
2.3112
2.31917
2.32827
2.33845
2.34962
2.36163
2.37429
2.38736
2.40058
2.41364
2.42623
2.43801
2.44863
2.45773
2.46493
2.46985
2.47209
2.47127
2.467
2.45893
2.44671
2.43005
2.40869
2.38241
2.35107
2.31457
2.27287
2.22601
2.17411
2.11736
2.05604
1.99052
1.92127
1.84882
1.7738
1.69687
1.61877
1.54024
1.46204
1.38492
1.30956
1.23664
1.16673
1.10031
1.0378
0.979477
0.925542
0.876088
0.831121
0.790568
0.754294
0.722114
0.693809
0.669141
0.647863
0.62973
0.614508
0.601975
0.591929
0.584187
0.578583
0.57497
0.573215
0.573197
0.574803
0.577921
0.582441
0.588242
0.595195
0.603153
0.611946
0.621381
0.631229
0.64124
0.651107
0.660536
0.669126
0.676377
0.683996
)
;

boundaryField
{
    outlet
    {
        type            zeroGradient;
    }
    inlet
    {
        type            fixedValue;
        value           uniform 0.26;
    }
    lowerWall
    {
        type            kqRWallFunction;
        value           nonuniform List<scalar> 
148
(
0.288909
0.351398
0.415005
0.477466
0.536859
0.591555
0.640367
0.68262
0.71811
0.747008
0.76976
0.786982
0.799373
0.807654
0.812514
0.814588
0.814438
0.812551
0.809339
0.805144
0.800245
0.794868
0.789195
0.783364
0.777488
0.771648
0.765904
0.760312
0.754836
0.749801
0.743714
0.74375
0.715251
0.014796
0.0326043
0.0470055
0.0572677
0.0641992
0.0689063
0.0716635
0.0723873
0.0723738
0.0714605
0.0708328
0.0698349
0.0696457
0.0689317
0.0917833
0.014796
0.022245
0.0268342
0.0281695
0.0276502
0.0261997
0.0252286
0.029071
0.0426626
0.0608057
0.0800744
0.0998444
0.119924
0.140189
0.160567
0.181029
0.20158
0.222247
0.243074
0.264116
0.285434
0.307086
0.329124
0.351588
0.374507
0.397892
0.421742
0.446038
0.470747
0.495823
0.521202
0.54681
0.572558
0.598346
0.624067
0.649603
0.67483
0.699628
0.723884
0.747521
0.770526
0.792967
0.814836
0.83579
0.85585
0.874929
0.892939
0.909778
0.925344
0.939537
0.952259
0.963417
0.972925
0.980706
0.986689
0.990817
0.993042
0.99333
0.99166
0.988027
0.982441
0.974928
0.965531
0.954311
0.941348
0.926746
0.910662
0.893418
0.876028
0.862275
0.85184
0.841152
0.829631
0.81729
0.804223
0.790537
0.77634
0.761741
0.746847
0.73176
0.716578
0.701392
0.686286
0.671339
0.656619
0.642187
0.6281
0.614404
0.601139
0.588338
0.576032
0.564237
0.552983
0.542268
0.532129
0.522539
0.513577
0.50512
0.497931
0.487937
)
;
    }
    upperWall
    {
        type            kqRWallFunction;
        value           nonuniform List<scalar> 
133
(
0.266719
0.280569
0.294241
0.307622
0.320668
0.333362
0.345693
0.357649
0.369225
0.380414
0.391213
0.401622
0.411641
0.421275
0.430527
0.439404
0.447912
0.45606
0.463857
0.471312
0.478435
0.485236
0.491726
0.497916
0.503817
0.50944
0.514795
0.519893
0.524744
0.52936
0.53375
0.537922
0.541892
0.546271
0.55108
0.555747
0.560263
0.564623
0.56882
0.572851
0.576709
0.580389
0.583888
0.587201
0.590322
0.593249
0.595976
0.5985
0.600816
0.602922
0.604812
0.606483
0.607932
0.609154
0.610147
0.610905
0.611425
0.611704
0.611736
0.611518
0.611044
0.610311
0.609313
0.608044
0.606501
0.604676
0.602565
0.600161
0.597458
0.59445
0.591131
0.587494
0.583534
0.579245
0.574623
0.569663
0.564362
0.558718
0.55273
0.546402
0.539736
0.53274
0.525425
0.517805
0.5099
0.501734
0.493339
0.48475
0.476013
0.46718
0.458312
0.449476
0.440749
0.432214
0.423961
0.416081
0.408669
0.401816
0.395606
0.390111
0.385389
0.381473
0.378372
0.376066
0.374504
0.373609
0.373274
0.373377
0.37378
0.374343
0.374931
0.375423
0.375713
0.375724
0.375399
0.374709
0.373647
0.372226
0.370472
0.368423
0.366121
0.363612
0.360936
0.358132
0.355227
0.352249
0.3492
0.34612
0.342946
0.339832
0.336409
0.333712
0.328341
)
;
    }
    frontAndBack
    {
        type            empty;
    }
}


// ************************************************************************* //
