/*--------------------------------*- C++ -*----------------------------------*\
| =========                 |                                                 |
| \\      /  F ield         | OpenFOAM: The Open Source CFD Toolbox           |
|  \\    /   O peration     | Version:  2.1.1                                 |
|   \\  /    A nd           | Web:      www.OpenFOAM.org                      |
|    \\/     M anipulation  |                                                 |
\*---------------------------------------------------------------------------*/
FoamFile
{
    version     2.0;
    format      ascii;
    class       volScalarField;
    location    "0.19";
    object      p;
}
// * * * * * * * * * * * * * * * * * * * * * * * * * * * * * * * * * * * * * //

dimensions      [0 2 -2 0 0 0 0];

internalField   nonuniform List<scalar> 
6820
(
-10.2075
-12.0537
-12.6287
-12.7564
-12.8634
-12.9425
-12.9969
-13.0432
-13.0855
-13.1243
-13.1604
-13.1945
-13.2269
-13.2576
-13.287
-13.315
-13.3418
-13.3675
-13.3922
-13.416
-13.439
-13.4612
-13.4827
-13.5034
-13.5234
-13.5425
-13.5605
-13.5769
-13.5907
-13.6008
-13.6028
-13.5909
-13.5515
-14.16
-13.6253
-13.2028
-13.0128
-12.9881
-12.9992
-13.0194
-13.0472
-13.0792
-13.1124
-13.1456
-13.1785
-13.2106
-13.2416
-13.2716
-13.3003
-13.3279
-13.3545
-13.38
-13.4046
-13.4283
-13.4512
-13.4734
-13.4949
-13.5156
-13.5356
-13.5546
-13.5729
-13.5897
-13.6068
-13.6224
-13.6583
-13.7067
-12.5175
-12.2137
-12.5002
-12.7453
-12.8502
-12.9255
-12.9844
-13.0336
-13.0775
-13.1174
-13.1542
-13.1888
-13.2213
-13.2521
-13.2813
-13.3092
-13.3359
-13.3615
-13.3861
-13.4099
-13.4328
-13.4551
-13.4767
-13.4977
-13.5181
-13.5379
-13.5572
-13.576
-13.5943
-13.6132
-13.6333
-13.6608
-13.6933
-13.0244
-13.0588
-13.0559
-12.9967
-12.9889
-13.0093
-13.0356
-13.0643
-13.0949
-13.1261
-13.1571
-13.1875
-13.2172
-13.2461
-13.2741
-13.3013
-13.3275
-13.3529
-13.3776
-13.4014
-13.4246
-13.4471
-13.4691
-13.4905
-13.5115
-13.5321
-13.5523
-13.5725
-13.5928
-13.6147
-13.6386
-13.6717
-13.7113
-12.869
-12.769
-12.8132
-12.8791
-12.932
-12.9785
-13.0191
-13.0563
-13.092
-13.1262
-13.1589
-13.1904
-13.2206
-13.2498
-13.2778
-13.3047
-13.3307
-13.3558
-13.3801
-13.4036
-13.4264
-13.4487
-13.4705
-13.4918
-13.5127
-13.5334
-13.5539
-13.5747
-13.5961
-13.6191
-13.6447
-13.6761
-13.7126
-12.9241
-12.9074
-12.9326
-12.9556
-12.9779
-13.0071
-13.0385
-13.07
-13.1016
-13.1328
-13.1633
-13.193
-13.2219
-13.2499
-13.277
-13.3032
-13.3286
-13.3533
-13.3772
-13.4005
-13.4233
-13.4455
-13.4672
-13.4886
-13.5097
-13.5307
-13.5518
-13.5732
-13.5955
-13.6194
-13.6456
-13.676
-13.7103
-12.9223
-12.9012
-12.917
-12.9458
-12.9758
-13.0086
-13.0414
-13.0733
-13.1047
-13.1355
-13.1655
-13.1947
-13.2231
-13.2507
-13.2774
-13.3033
-13.3284
-13.3528
-13.3765
-13.3996
-13.4221
-13.4442
-13.4659
-13.4873
-13.5085
-13.5297
-13.551
-13.5728
-13.5954
-13.6194
-13.6454
-13.6743
-13.7056
-12.9365
-12.9287
-12.944
-12.9685
-12.9937
-13.0217
-13.0512
-13.0808
-13.1104
-13.1398
-13.1686
-13.1968
-13.2244
-13.2512
-13.2773
-13.3026
-13.3273
-13.3513
-13.3747
-13.3975
-13.4199
-13.4418
-13.4634
-13.4848
-13.506
-13.5273
-13.5487
-13.5706
-13.5933
-13.6172
-13.6426
-13.6699
-13.6988
-12.9494
-12.9455
-12.9576
-12.9791
-13.003
-13.0297
-13.058
-13.0865
-13.115
-13.1433
-13.1713
-13.1987
-13.2255
-13.2517
-13.2772
-13.3021
-13.3263
-13.3499
-13.373
-13.3956
-13.4178
-13.4395
-13.461
-13.4823
-13.5034
-13.5247
-13.5461
-13.5679
-13.5905
-13.6139
-13.6384
-13.6642
-13.6909
-12.963
-12.9623
-12.9736
-12.993
-13.0151
-13.0398
-13.0661
-13.0929
-13.1201
-13.1472
-13.1741
-13.2006
-13.2267
-13.2521
-13.2771
-13.3014
-13.3252
-13.3484
-13.3711
-13.3934
-13.4153
-13.4369
-13.4582
-13.4793
-13.5003
-13.5214
-13.5427
-13.5643
-13.5865
-13.6093
-13.6329
-13.6572
-13.682
-12.9765
-12.9775
-12.9879
-13.0053
-13.0257
-13.0487
-13.0735
-13.099
-13.1249
-13.151
-13.1769
-13.2026
-13.2278
-13.2526
-13.2769
-13.3007
-13.324
-13.3468
-13.3692
-13.3912
-13.4128
-13.4341
-13.4551
-13.476
-13.4968
-13.5177
-13.5387
-13.56
-13.5817
-13.6038
-13.6264
-13.6494
-13.6726
-12.9898
-12.9917
-13.0015
-13.0173
-13.0363
-13.0577
-13.081
-13.1052
-13.1299
-13.1548
-13.1798
-13.2045
-13.229
-13.2531
-13.2768
-13.3
-13.3228
-13.3452
-13.3672
-13.3887
-13.41
-13.431
-13.4518
-13.4724
-13.493
-13.5135
-13.5342
-13.555
-13.5761
-13.5974
-13.6191
-13.6408
-13.6626
-13.0026
-13.005
-13.0142
-13.0287
-13.0463
-13.0664
-13.0882
-13.1111
-13.1347
-13.1586
-13.1825
-13.2064
-13.2301
-13.2535
-13.2766
-13.2992
-13.3215
-13.3434
-13.365
-13.3862
-13.4071
-13.4278
-13.4482
-13.4685
-13.4887
-13.5089
-13.5291
-13.5494
-13.5698
-13.5904
-13.6111
-13.6317
-13.6522
-13.0149
-13.0175
-13.0262
-13.0396
-13.0559
-13.0747
-13.0952
-13.1169
-13.1394
-13.1622
-13.1853
-13.2083
-13.2312
-13.2539
-13.2763
-13.2984
-13.3202
-13.3416
-13.3627
-13.3835
-13.404
-13.4243
-13.4444
-13.4643
-13.4841
-13.5038
-13.5235
-13.5433
-13.563
-13.5828
-13.6025
-13.6222
-13.6415
-13.0266
-13.0292
-13.0374
-13.0498
-13.0651
-13.0826
-13.102
-13.1225
-13.1439
-13.1658
-13.1879
-13.2101
-13.2322
-13.2542
-13.276
-13.2975
-13.3188
-13.3397
-13.3603
-13.3807
-13.4008
-13.4206
-13.4403
-13.4598
-13.4791
-13.4984
-13.5175
-13.5366
-13.5557
-13.5747
-13.5935
-13.6122
-13.6305
-13.0376
-13.0401
-13.0479
-13.0594
-13.0737
-13.0902
-13.1084
-13.1279
-13.1482
-13.1692
-13.1904
-13.2118
-13.2332
-13.2545
-13.2756
-13.2965
-13.3172
-13.3376
-13.3578
-13.3777
-13.3973
-13.4167
-13.4359
-13.4549
-13.4738
-13.4925
-13.5111
-13.5296
-13.5479
-13.5661
-13.5841
-13.6018
-13.6192
-13.0479
-13.0503
-13.0576
-13.0684
-13.0818
-13.0973
-13.1145
-13.133
-13.1523
-13.1723
-13.1927
-13.2133
-13.234
-13.2546
-13.2751
-13.2954
-13.3155
-13.3354
-13.3551
-13.3745
-13.3936
-13.4126
-13.4313
-13.4498
-13.4681
-13.4863
-13.5043
-13.5221
-13.5397
-13.5571
-13.5743
-13.5912
-13.6077
-13.0575
-13.0598
-13.0667
-13.0768
-13.0893
-13.1039
-13.1202
-13.1377
-13.1562
-13.1753
-13.1949
-13.2147
-13.2346
-13.2545
-13.2744
-13.2941
-13.3137
-13.3331
-13.3522
-13.3711
-13.3897
-13.4082
-13.4264
-13.4444
-13.4622
-13.4797
-13.4971
-13.5142
-13.5312
-13.5478
-13.5642
-13.5802
-13.5959
-13.0663
-13.0685
-13.075
-13.0844
-13.0962
-13.11
-13.1254
-13.1421
-13.1597
-13.178
-13.1967
-13.2158
-13.2351
-13.2543
-13.2736
-13.2927
-13.3117
-13.3305
-13.3491
-13.3675
-13.3856
-13.4035
-13.4212
-13.4387
-13.4559
-13.4729
-13.4896
-13.5061
-13.5223
-13.5382
-13.5538
-13.569
-13.5839
-13.0743
-13.0764
-13.0825
-13.0914
-13.1025
-13.1155
-13.1301
-13.146
-13.1628
-13.1803
-13.1984
-13.2167
-13.2353
-13.2539
-13.2725
-13.2911
-13.3095
-13.3278
-13.3458
-13.3637
-13.3813
-13.3987
-13.4158
-13.4327
-13.4493
-13.4657
-13.4818
-13.4976
-13.5131
-13.5283
-13.5431
-13.5576
-13.5717
-13.0816
-13.0836
-13.0893
-13.0977
-13.1082
-13.1205
-13.1344
-13.1495
-13.1656
-13.1824
-13.1997
-13.2174
-13.2353
-13.2533
-13.2713
-13.2893
-13.3071
-13.3248
-13.3424
-13.3597
-13.3767
-13.3936
-13.4102
-13.4265
-13.4425
-13.4583
-13.4737
-13.4889
-13.5037
-13.5182
-13.5323
-13.546
-13.5593
-13.0881
-13.0899
-13.0953
-13.1033
-13.1132
-13.1249
-13.1381
-13.1525
-13.1679
-13.184
-13.2007
-13.2177
-13.235
-13.2524
-13.2698
-13.2872
-13.3045
-13.3217
-13.3387
-13.3554
-13.372
-13.3882
-13.4043
-13.42
-13.4354
-13.4506
-13.4654
-13.4799
-13.494
-13.5078
-13.5212
-13.5342
-13.5467
-13.0937
-13.0954
-13.1006
-13.1081
-13.1175
-13.1286
-13.1412
-13.155
-13.1698
-13.1853
-13.2013
-13.2177
-13.2344
-13.2512
-13.2681
-13.2849
-13.3017
-13.3183
-13.3348
-13.351
-13.367
-13.3827
-13.3982
-13.4133
-13.4282
-13.4427
-13.4569
-13.4707
-13.4842
-13.4973
-13.51
-13.5223
-13.5341
-13.0984
-13.1001
-13.105
-13.1121
-13.121
-13.1317
-13.1437
-13.1569
-13.1711
-13.186
-13.2014
-13.2173
-13.2334
-13.2497
-13.266
-13.2823
-13.2986
-13.3147
-13.3306
-13.3463
-13.3617
-13.3769
-13.3918
-13.4064
-13.4207
-13.4346
-13.4482
-13.4614
-13.4742
-13.4866
-13.4986
-13.5102
-13.5214
-13.1023
-13.1039
-13.1085
-13.1153
-13.1239
-13.134
-13.1456
-13.1583
-13.172
-13.1864
-13.2013
-13.2166
-13.2322
-13.248
-13.2638
-13.2796
-13.2954
-13.3109
-13.3263
-13.3415
-13.3564
-13.3711
-13.3854
-13.3994
-13.4131
-13.4264
-13.4394
-13.4519
-13.4641
-13.4759
-13.4872
-13.4982
-13.5086
-13.1052
-13.1067
-13.1111
-13.1176
-13.1257
-13.1354
-13.1465
-13.1588
-13.172
-13.1859
-13.2003
-13.2152
-13.2303
-13.2456
-13.261
-13.2763
-13.2916
-13.3067
-13.3216
-13.3363
-13.3507
-13.3648
-13.3786
-13.3921
-13.4052
-13.418
-13.4303
-13.4423
-13.4539
-13.465
-13.4757
-13.486
-13.4958
-13.1072
-13.1087
-13.1129
-13.1192
-13.1271
-13.1366
-13.1474
-13.1593
-13.1721
-13.1856
-13.1996
-13.214
-13.2287
-13.2436
-13.2585
-13.2733
-13.2881
-13.3027
-13.3171
-13.3313
-13.3452
-13.3588
-13.3721
-13.385
-13.3975
-13.4097
-13.4215
-13.4329
-13.4438
-13.4543
-13.4644
-13.4741
-13.4833
-13.1081
-13.1094
-13.1132
-13.119
-13.1265
-13.1355
-13.1459
-13.1574
-13.1699
-13.183
-13.1968
-13.211
-13.2253
-13.2398
-13.2544
-13.2689
-13.2833
-13.2975
-13.3116
-13.3253
-13.3388
-13.352
-13.3648
-13.3772
-13.3893
-13.4009
-13.4122
-13.423
-13.4334
-13.4434
-13.4529
-13.4619
-13.4706
-13.1083
-13.1099
-13.1139
-13.1199
-13.1274
-13.1363
-13.1466
-13.1579
-13.1701
-13.183
-13.1963
-13.21
-13.224
-13.238
-13.2521
-13.2662
-13.2801
-13.2938
-13.3074
-13.3206
-13.3336
-13.3462
-13.3584
-13.3703
-13.3818
-13.3929
-13.4036
-13.4139
-13.4237
-13.433
-13.4419
-13.4504
-13.4584
-13.1066
-13.1072
-13.11
-13.1149
-13.1217
-13.1303
-13.1403
-13.1516
-13.1637
-13.1766
-13.19
-13.2038
-13.2177
-13.2318
-13.2458
-13.2598
-13.2736
-13.2871
-13.3004
-13.3135
-13.3261
-13.3385
-13.3504
-13.3619
-13.3731
-13.3838
-13.394
-13.4038
-13.4132
-13.4221
-13.4305
-13.4385
-13.446
-13.1061
-13.1087
-13.1131
-13.119
-13.1263
-13.1349
-13.1447
-13.1555
-13.1672
-13.1795
-13.1923
-13.2053
-13.2186
-13.232
-13.2454
-13.2587
-13.2718
-13.2848
-13.2975
-13.3099
-13.3219
-13.3337
-13.345
-13.3559
-13.3665
-13.3766
-13.3862
-13.3954
-13.4042
-13.4125
-13.4203
-13.4277
-13.4346
-13.0982
-13.0961
-13.0964
-13.1001
-13.1067
-13.1156
-13.1263
-13.1382
-13.151
-13.1645
-13.1783
-13.1924
-13.2065
-13.2206
-13.2346
-13.2484
-13.2619
-13.2752
-13.288
-13.3006
-13.3127
-13.3244
-13.3357
-13.3465
-13.3569
-13.3668
-13.3762
-13.3852
-13.3936
-13.4016
-13.4091
-13.4162
-13.4227
-13.1062
-13.1126
-13.1183
-13.1233
-13.129
-13.1363
-13.145
-13.1548
-13.1656
-13.1771
-13.189
-13.2013
-13.2139
-13.2265
-13.2391
-13.2516
-13.264
-13.2762
-13.288
-13.2996
-13.3109
-13.3217
-13.3322
-13.3423
-13.3519
-13.3611
-13.3698
-13.3781
-13.3859
-13.3933
-13.4002
-13.4066
-13.4125
-13.0741
-13.0606
-13.0556
-13.0608
-13.0708
-13.0833
-13.0974
-13.1125
-13.128
-13.1437
-13.1595
-13.1751
-13.1904
-13.2054
-13.2201
-13.2343
-13.2482
-13.2615
-13.2744
-13.2868
-13.2987
-13.3101
-13.321
-13.3314
-13.3413
-13.3506
-13.3595
-13.3678
-13.3756
-13.3829
-13.3896
-13.3959
-13.4016
-13.1281
-13.1485
-13.153
-13.1484
-13.1458
-13.1479
-13.1531
-13.1601
-13.1686
-13.1782
-13.1887
-13.1997
-13.211
-13.2225
-13.2342
-13.2457
-13.2572
-13.2685
-13.2795
-13.2902
-13.3007
-13.3107
-13.3204
-13.3296
-13.3384
-13.3468
-13.3547
-13.3622
-13.3692
-13.3757
-13.3818
-13.3873
-13.3925
-13.0053
-12.9557
-12.9439
-12.9697
-12.9979
-13.0223
-13.0462
-13.0693
-13.0914
-13.1124
-13.1323
-13.1512
-13.1691
-13.1863
-13.2025
-13.2181
-13.2329
-13.2469
-13.2603
-13.2731
-13.2852
-13.2967
-13.3075
-13.3178
-13.3275
-13.3365
-13.345
-13.353
-13.3603
-13.3671
-13.3734
-13.3791
-13.3842
-13.2537
-13.2886
-13.2577
-13.2153
-13.1866
-13.1755
-13.1726
-13.1734
-13.1772
-13.1834
-13.1911
-13.1999
-13.2094
-13.2194
-13.2296
-13.24
-13.2504
-13.2607
-13.2708
-13.2807
-13.2904
-13.2996
-13.3086
-13.3171
-13.3252
-13.3329
-13.3402
-13.347
-13.3534
-13.3593
-13.3647
-13.3697
-13.3743
-12.7615
-12.6417
-12.7041
-12.8056
-12.8795
-12.9315
-12.9752
-13.0135
-13.0468
-13.0762
-13.1025
-13.1264
-13.1482
-13.1682
-13.1868
-13.2041
-13.2202
-13.2353
-13.2495
-13.2628
-13.2753
-13.287
-13.298
-13.3083
-13.3179
-13.3268
-13.3351
-13.3428
-13.3499
-13.3564
-13.3622
-13.3675
-13.3722
-13.976
-13.6371
-13.3734
-13.2564
-13.2063
-13.181
-13.166
-13.1598
-13.16
-13.1641
-13.1707
-13.1791
-13.1885
-13.1987
-13.2093
-13.22
-13.2308
-13.2415
-13.252
-13.2622
-13.2722
-13.2817
-13.2909
-13.2997
-13.308
-13.3158
-13.3232
-13.3301
-13.3365
-13.3425
-13.3479
-13.3529
-13.3574
-11.4724
-12.1791
-12.5837
-12.736
-12.8408
-12.9232
-12.9827
-13.0278
-13.0644
-13.0948
-13.1206
-13.1433
-13.1635
-13.1819
-13.1987
-13.2143
-13.2289
-13.2425
-13.2553
-13.2674
-13.2787
-13.2893
-13.2993
-13.3087
-13.3174
-13.3256
-13.3331
-13.3401
-13.3465
-13.3524
-13.3577
-13.3624
-13.3666
-13.439
-13.6896
-13.8189
-13.9076
-13.9736
-14.0207
-14.0553
-14.0869
-14.1175
-14.1498
-14.1853
-14.2243
-14.267
-14.3132
-14.3621
-14.413
-14.465
-14.5173
-14.5691
-14.6196
-14.668
-14.7136
-14.7557
-14.7937
-14.8271
-14.8551
-14.8771
-14.8923
-14.8998
-14.8988
-14.8883
-14.8672
-14.8346
-14.7893
-14.7304
-14.6568
-14.5675
-14.4617
-14.3383
-14.1967
-14.0362
-13.8562
-13.6563
-13.4363
-13.196
-12.9356
-12.6553
-12.3556
-12.0372
-11.7008
-11.3475
-10.9784
-10.5951
-10.1989
-9.79168
-9.37523
-8.95156
-8.52275
-8.09097
-7.65838
-7.22717
-6.79945
-6.37728
-5.96261
-5.55724
-5.16284
-4.78088
-4.41265
-4.05925
-3.72155
-3.40024
-3.09579
-2.8085
-2.53847
-2.28565
-2.04985
-1.83075
-1.6279
-1.44079
-1.26882
-1.11135
-0.967696
-0.837157
-0.719024
-0.612595
-0.517176
-0.432108
-0.356721
-0.290449
-0.232608
-0.182814
-0.140176
-0.104808
-0.0749478
-0.0522486
-0.03212
-0.0206086
-0.00617139
-0.00226105
0.00299288
-14.024
-14.1624
-14.105
-14.0395
-14.0137
-13.9985
-13.9897
-13.9975
-14.0169
-14.0475
-14.0887
-14.1372
-14.1912
-14.2484
-14.3071
-14.3658
-14.4232
-14.4785
-14.5313
-14.5812
-14.628
-14.6714
-14.7112
-14.747
-14.7783
-14.8045
-14.8247
-14.8383
-14.8443
-14.8418
-14.8299
-14.8074
-14.7734
-14.7269
-14.6669
-14.5924
-14.5023
-14.3959
-14.2723
-14.1306
-13.9704
-13.7909
-13.5919
-13.373
-13.1343
-12.8758
-12.5977
-12.3006
-11.9852
-11.6521
-11.3024
-10.9374
-10.5582
-10.1665
-9.76395
-9.3523
-8.93351
-8.50963
-8.08273
-7.65493
-7.22836
-6.80509
-6.38711
-5.97635
-5.57457
-5.18342
-4.80436
-4.43866
-4.08742
-3.75151
-3.43164
-3.12827
-2.84173
-2.57214
-2.31947
-2.08354
-1.86406
-1.66061
-1.4727
-1.29977
-1.14118
-0.996287
-0.864407
-0.744852
-0.636938
-0.539984
-0.453348
-0.376373
-0.308496
-0.24905
-0.197643
-0.153417
-0.116426
-0.0850429
-0.0606506
-0.0392138
-0.0256502
-0.010764
-0.00314951
-0.00122323
-13.7455
-13.7562
-13.7781
-13.827
-13.8822
-13.9272
-13.967
-13.9969
-14.0292
-14.0609
-14.0952
-14.1322
-14.1726
-14.2165
-14.2634
-14.3127
-14.3638
-14.4157
-14.4674
-14.5181
-14.5666
-14.6121
-14.6538
-14.6909
-14.7228
-14.7489
-14.7685
-14.7809
-14.7854
-14.7812
-14.7675
-14.7434
-14.7078
-14.6599
-14.5986
-14.523
-14.4322
-14.3253
-14.2014
-14.0598
-13.8999
-13.7211
-13.5231
-13.3057
-13.0687
-12.8123
-12.5368
-12.2426
-11.9303
-11.6009
-11.2551
-10.8942
-10.5195
-10.1325
-9.73472
-9.32799
-8.91418
-8.49526
-8.07327
-7.65028
-7.22836
-6.80954
-6.39579
-5.98899
-5.59088
-5.20308
-4.82702
-4.46399
-4.11506
-3.7811
-3.46281
-3.16069
-2.87504
-2.60602
-2.35361
-2.11766
-1.89789
-1.69393
-1.50529
-1.33145
-1.17179
-1.0257
-0.892506
-0.77155
-0.662162
-0.563679
-0.47547
-0.396893
-0.327389
-0.266309
-0.213248
-0.167387
-0.128717
-0.0957444
-0.0695879
-0.0467563
-0.0310864
-0.0155781
-0.0044512
-0.00498148
-13.7985
-13.9072
-13.9662
-13.9842
-13.9919
-13.9966
-14.001
-14.0093
-14.0229
-14.0457
-14.0765
-14.1134
-14.1553
-14.2011
-14.2492
-14.2982
-14.3472
-14.3951
-14.4415
-14.4858
-14.5276
-14.5667
-14.6026
-14.6347
-14.6626
-14.6855
-14.7027
-14.7133
-14.7164
-14.7111
-14.6963
-14.6712
-14.6348
-14.586
-14.5239
-14.4476
-14.3563
-14.249
-14.125
-13.9836
-13.8243
-13.6464
-13.4496
-13.2337
-12.9987
-12.7446
-12.4718
-12.1806
-11.8718
-11.546
-11.2043
-10.8476
-10.4774
-10.0951
-9.70217
-9.30039
-8.8916
-8.47772
-8.06074
-7.64269
-7.22558
-6.81141
-6.40211
-5.9995
-5.60531
-5.22111
-4.84833
-4.48821
-4.14182
-3.81003
-3.49353
-3.19282
-2.90823
-2.63992
-2.3879
-2.15203
-1.93208
-1.72767
-1.53837
-1.36367
-1.203
-1.05574
-0.921269
-0.798936
-0.688094
-0.588096
-0.498323
-0.418146
-0.347013
-0.284286
-0.229551
-0.182025
-0.141634
-0.107021
-0.0790454
-0.0547375
-0.0369221
-0.0206103
-0.00620444
-0.00822526
-13.7671
-13.8144
-13.8317
-13.8464
-13.8718
-13.9006
-13.9292
-13.9572
-13.991
-14.026
-14.0602
-14.0974
-14.1372
-14.1792
-14.2226
-14.2671
-14.3121
-14.3569
-14.4011
-14.4439
-14.4846
-14.5226
-14.557
-14.5874
-14.6129
-14.633
-14.647
-14.6541
-14.6537
-14.645
-14.627
-14.599
-14.56
-14.509
-14.4451
-14.3675
-14.2751
-14.1672
-14.043
-13.9017
-13.7428
-13.5657
-13.3702
-13.1559
-12.9229
-12.6713
-12.4012
-12.1132
-11.8078
-11.4858
-11.1482
-10.796
-10.4304
-10.053
-9.66509
-9.26851
-8.865
-8.45644
-8.04478
-7.63198
-7.22001
-6.81082
-6.40628
-6.00818
-5.61822
-5.23791
-4.86867
-4.51171
-4.16808
-3.83866
-3.52411
-3.22497
-2.94155
-2.67405
-2.4225
-2.18678
-1.96668
-1.76188
-1.57195
-1.39642
-1.23475
-1.08634
-0.950602
-0.826902
-0.714613
-0.613106
-0.521774
-0.440001
-0.367237
-0.30286
-0.246442
-0.197235
-0.155103
-0.118814
-0.0889813
-0.0631292
-0.0431451
-0.0258528
-0.00842856
-0.0109299
-13.757
-13.8104
-13.8528
-13.8863
-13.9146
-13.9379
-13.9584
-13.9793
-13.996
-14.021
-14.0503
-14.0833
-14.1197
-14.1588
-14.1998
-14.242
-14.2846
-14.3266
-14.3676
-14.4067
-14.4435
-14.4774
-14.5079
-14.5344
-14.5565
-14.5734
-14.5844
-14.5889
-14.5861
-14.575
-14.5548
-14.5246
-14.4835
-14.4306
-14.365
-14.2857
-14.1921
-14.0831
-13.9582
-13.8167
-13.6579
-13.4814
-13.2869
-13.0741
-12.843
-12.5936
-12.3263
-12.0414
-11.7396
-11.4215
-11.0881
-10.7405
-10.3798
-10.0074
-9.62481
-9.23367
-8.83571
-8.43276
-8.02671
-7.61947
-7.21295
-6.80903
-6.40954
-6.01622
-5.6307
-5.2545
-4.88897
-4.53531
-4.19456
-3.86759
-3.55507
-3.25754
-2.97535
-2.70869
-2.45763
-2.22208
-2.00186
-1.79666
-1.6061
-1.42974
-1.26706
-1.1175
-0.980487
-0.855411
-0.741667
-0.63864
-0.545739
-0.46236
-0.387958
-0.321922
-0.263813
-0.212913
-0.169026
-0.131039
-0.0993281
-0.0718803
-0.0497218
-0.0312844
-0.011113
-0.0131045
-13.7451
-13.7888
-13.8221
-13.8471
-13.8703
-13.8933
-13.9161
-13.9395
-13.9693
-13.9987
-14.0299
-14.0634
-14.099
-14.1364
-14.175
-14.2142
-14.2535
-14.2923
-14.33
-14.3661
-14.4
-14.4311
-14.4588
-14.4826
-14.5017
-14.5156
-14.5236
-14.525
-14.519
-14.5048
-14.4816
-14.4486
-14.405
-14.3498
-14.2821
-14.2012
-14.1061
-13.9962
-13.8707
-13.7289
-13.5703
-13.3944
-13.2009
-12.9895
-12.7603
-12.5134
-12.2489
-11.9672
-11.669
-11.355
-11.026
-10.6831
-10.3274
-9.96034
-9.58328
-9.19783
-8.80567
-8.40857
-8.00835
-7.60686
-7.20595
-6.80745
-6.41313
-6.02467
-5.64367
-5.27161
-4.90982
-4.55948
-4.22162
-3.8971
-3.58662
-3.29071
-3.00973
-2.74392
-2.49334
-2.25795
-2.0376
-1.832
-1.64082
-1.46362
-1.29992
-1.1492
-1.0109
-0.884434
-0.769218
-0.664657
-0.570169
-0.485165
-0.409106
-0.341394
-0.281577
-0.228969
-0.18331
-0.143607
-0.110003
-0.0809189
-0.0565948
-0.0368654
-0.0142056
-0.0147954
-13.7337
-13.773
-13.807
-13.8361
-13.8632
-13.8889
-13.9138
-13.9373
-13.9615
-13.9876
-14.016
-14.0468
-14.0797
-14.1143
-14.1501
-14.1865
-14.223
-14.259
-14.2938
-14.3268
-14.3576
-14.3855
-14.4099
-14.4304
-14.4463
-14.457
-14.4618
-14.4601
-14.4512
-14.4342
-14.4083
-14.3727
-14.3267
-14.2692
-14.1996
-14.1169
-14.0204
-13.9094
-13.7831
-13.641
-13.4825
-13.3071
-13.1146
-12.9047
-12.6775
-12.4329
-12.1712
-11.8929
-11.5985
-11.2886
-10.9641
-10.626
-10.2755
-9.91382
-9.54237
-9.16267
-8.77636
-8.38514
-7.99077
-7.59503
-7.19972
-6.80661
-6.41741
-6.03378
-5.65726
-5.2893
-4.93122
-4.58417
-4.24917
-3.92709
-3.61863
-3.32432
-3.04456
-2.77958
-2.52949
-2.29427
-2.07378
-1.8678
-1.67598
-1.49795
-1.33324
-1.18136
-1.04176
-0.913901
-0.797205
-0.691096
-0.595007
-0.508363
-0.430628
-0.361219
-0.299673
-0.245334
-0.197884
-0.15644
-0.120929
-0.0901707
-0.0636947
-0.0425445
-0.017612
-0.0160858
-13.7224
-13.7578
-13.7897
-13.8177
-13.8434
-13.8679
-13.8914
-13.9158
-13.941
-13.9677
-13.9961
-14.0261
-14.0575
-14.0903
-14.1238
-14.1577
-14.1914
-14.2245
-14.2563
-14.2863
-14.314
-14.3389
-14.3603
-14.3778
-14.3907
-14.3984
-14.4003
-14.3956
-14.3837
-14.3639
-14.3353
-14.2971
-14.2487
-14.189
-14.1174
-14.0331
-13.9352
-13.8232
-13.6963
-13.5539
-13.3955
-13.2207
-13.0292
-12.8209
-12.5956
-12.3535
-12.0947
-11.8197
-11.529
-11.2233
-10.9033
-10.5701
-10.2247
-9.86834
-9.50244
-9.12845
-8.74793
-8.36253
-7.97393
-7.58388
-7.1941
-6.80631
-6.42218
-6.04332
-5.67123
-5.30734
-4.95292
-4.60914
-4.27699
-3.95734
-3.65088
-3.35818
-3.07963
-2.8155
-2.56591
-2.33087
-2.11027
-1.9039
-1.71147
-1.53261
-1.36689
-1.21385
-1.07297
-0.943718
-0.825541
-0.71788
-0.620184
-0.531888
-0.452464
-0.381342
-0.318048
-0.261956
-0.212694
-0.169483
-0.132047
-0.0995764
-0.070959
-0.0482752
-0.0212156
-0.0170901
-13.7109
-13.7434
-13.7738
-13.8015
-13.8275
-13.8524
-13.8767
-13.9009
-13.9255
-13.9512
-13.978
-14.0062
-14.0356
-14.066
-14.0971
-14.1284
-14.1594
-14.1896
-14.2185
-14.2456
-14.2703
-14.2922
-14.3106
-14.325
-14.3349
-14.3396
-14.3385
-14.3309
-14.3162
-14.2936
-14.2623
-14.2217
-14.1709
-14.1092
-14.0358
-13.9498
-13.8507
-13.7377
-13.6102
-13.4676
-13.3094
-13.1353
-12.9449
-12.7381
-12.5148
-12.2751
-12.0192
-11.7476
-11.4606
-11.1589
-10.8434
-10.515
-10.1747
-9.82366
-9.46327
-9.09492
-8.72011
-8.34045
-7.95756
-7.57312
-7.18881
-6.80629
-6.42718
-6.05304
-5.68535
-5.32549
-4.97473
-4.63419
-4.30488
-3.98766
-3.68322
-3.39214
-3.11482
-2.85155
-2.60247
-2.36763
-2.14693
-1.94019
-1.74716
-1.56749
-1.40079
-1.2466
-1.10444
-0.9738
-0.854144
-0.744932
-0.645625
-0.555672
-0.474551
-0.401704
-0.336647
-0.278786
-0.227694
-0.182691
-0.143315
-0.109094
-0.0783399
-0.0540276
-0.0249069
-0.0179404
-13.6993
-13.7295
-13.7583
-13.7851
-13.8105
-13.835
-13.8588
-13.8826
-13.9067
-13.9316
-13.9575
-13.9844
-14.0121
-14.0406
-14.0694
-14.0982
-14.1266
-14.1541
-14.1801
-14.2043
-14.2261
-14.245
-14.2605
-14.272
-14.2789
-14.2806
-14.2766
-14.2662
-14.2487
-14.2234
-14.1896
-14.1466
-14.0935
-14.0298
-13.9545
-13.8671
-13.7668
-13.6529
-13.5248
-13.3821
-13.2242
-13.0507
-12.8614
-12.6562
-12.4349
-12.1976
-11.9446
-11.6762
-11.393
-11.0954
-10.7843
-10.4606
-10.1253
-9.77957
-9.42461
-9.06183
-8.69268
-8.31869
-7.94145
-7.56257
-7.18367
-6.80636
-6.43223
-6.06278
-5.69946
-5.34362
-4.99649
-4.65921
-4.33274
-4.01795
-3.71554
-3.42608
-3.15001
-2.88762
-2.63909
-2.40446
-2.18368
-1.9766
-1.78299
-1.60253
-1.43485
-1.27953
-1.1361
-1.00408
-0.882948
-0.772187
-0.671268
-0.579655
-0.49683
-0.42225
-0.355421
-0.295777
-0.24284
-0.196026
-0.154696
-0.118691
-0.0858016
-0.0597863
-0.0286006
-0.0187657
-13.6876
-13.7158
-13.7431
-13.769
-13.7938
-13.8179
-13.8414
-13.8647
-13.8883
-13.9123
-13.9369
-13.9622
-13.9882
-14.0146
-14.0411
-14.0675
-14.0933
-14.1181
-14.1414
-14.1628
-14.1817
-14.1977
-14.2102
-14.2187
-14.2227
-14.2216
-14.2147
-14.2015
-14.1812
-14.1533
-14.117
-14.0716
-14.0164
-13.9507
-13.8738
-13.7849
-13.6834
-13.5686
-13.4401
-13.2972
-13.1396
-12.9669
-12.7787
-12.575
-12.3557
-12.1209
-11.8708
-11.6057
-11.3261
-11.0326
-10.7259
-10.4068
-10.0765
-9.73593
-9.38635
-9.02907
-8.66551
-8.29714
-7.92548
-7.5521
-7.17856
-6.80643
-6.43724
-6.07245
-5.71348
-5.36164
-5.01814
-4.6841
-4.36048
-4.04813
-3.74776
-3.45995
-3.18515
-2.92366
-2.67569
-2.4413
-2.22047
-2.01307
-1.8189
-1.63766
-1.46902
-1.31258
-1.16789
-1.0345
-0.911901
-0.799594
-0.697064
-0.603789
-0.519256
-0.442935
-0.374325
-0.312885
-0.258092
-0.209452
-0.166156
-0.128341
-0.0933142
-0.0655441
-0.0322366
-0.0196739
-13.6757
-13.7022
-13.7281
-13.753
-13.7771
-13.8005
-13.8233
-13.846
-13.8688
-13.8918
-13.9152
-13.9391
-13.9633
-13.9878
-14.0122
-14.0362
-14.0595
-14.0816
-14.1022
-14.1208
-14.1369
-14.1501
-14.1597
-14.1654
-14.1665
-14.1625
-14.1528
-14.1369
-14.114
-14.0835
-14.0448
-13.9971
-13.9398
-13.8721
-13.7935
-13.7032
-13.6006
-13.4851
-13.3561
-13.2131
-13.0558
-12.8838
-12.6968
-12.4946
-12.2773
-12.045
-11.7977
-11.5358
-11.2598
-10.9703
-10.6679
-10.3536
-10.0281
-9.69268
-9.34841
-8.99658
-8.63855
-8.27573
-7.9096
-7.54166
-7.17344
-6.80644
-6.44215
-6.08199
-5.72734
-5.37949
-5.03962
-4.70881
-4.38804
-4.07814
-3.77983
-3.49369
-3.22017
-2.95961
-2.71222
-2.4781
-2.25724
-2.04954
-1.85483
-1.67284
-1.50326
-1.34571
-1.19978
-1.06502
-0.940963
-0.827113
-0.722973
-0.628033
-0.541788
-0.463721
-0.393321
-0.330077
-0.273419
-0.222937
-0.177668
-0.138022
-0.100852
-0.0712972
-0.0357744
-0.0207433
-13.6637
-13.6887
-13.7132
-13.7371
-13.7603
-13.7829
-13.8051
-13.827
-13.8489
-13.8709
-13.893
-13.9154
-13.9379
-13.9604
-13.9827
-14.0044
-14.0252
-14.0448
-14.0628
-14.0787
-14.092
-14.1023
-14.1092
-14.112
-14.1103
-14.1035
-14.0911
-14.0724
-14.0469
-14.0139
-13.9728
-13.9229
-13.8635
-13.7941
-13.7138
-13.6221
-13.5185
-13.4022
-13.2728
-13.1298
-12.9728
-12.8015
-12.6157
-12.4151
-12.1998
-11.9698
-11.7253
-11.4666
-11.1943
-10.9087
-10.6106
-10.3008
-9.98019
-9.64982
-9.31079
-8.96434
-8.61177
-8.25444
-7.89377
-7.53123
-7.16827
-6.80636
-6.44693
-6.09137
-5.74102
-5.39713
-5.06088
-4.73331
-4.41539
-4.10795
-3.81171
-3.52725
-3.25504
-2.99543
-2.74864
-2.51481
-2.29394
-2.08597
-1.89074
-1.70802
-1.53751
-1.37888
-1.23171
-1.0956
-0.970092
-0.854704
-0.748957
-0.652353
-0.564393
-0.484574
-0.412379
-0.347322
-0.288789
-0.236455
-0.189205
-0.147712
-0.10839
-0.0770425
-0.0391875
-0.0220228
-13.6514
-13.6751
-13.6984
-13.7212
-13.7434
-13.7652
-13.7865
-13.8076
-13.8285
-13.8493
-13.8702
-13.8911
-13.9119
-13.9325
-13.9526
-13.9721
-13.9906
-14.0077
-14.023
-14.0363
-14.0469
-14.0545
-14.0585
-14.0586
-14.0541
-14.0446
-14.0295
-14.0082
-13.9802
-13.9447
-13.9013
-13.8492
-13.7878
-13.7166
-13.6347
-13.5418
-13.4371
-13.3201
-13.1903
-13.0473
-12.8907
-12.7201
-12.5354
-12.3364
-12.123
-11.8954
-11.6537
-11.3982
-11.1294
-10.8477
-10.5538
-10.2485
-9.93271
-9.60734
-9.27349
-8.93235
-8.58516
-8.23326
-7.878
-7.52078
-7.16303
-6.80616
-6.45155
-6.10056
-5.75448
-5.41454
-5.08188
-4.75755
-4.44248
-4.13751
-3.84334
-3.56058
-3.2897
-3.03106
-2.7849
-2.55138
-2.33053
-2.12231
-1.92658
-1.74315
-1.57174
-1.41203
-1.26366
-1.12621
-0.999249
-0.882331
-0.77498
-0.676713
-0.587037
-0.505464
-0.431468
-0.364591
-0.304177
-0.249982
-0.200744
-0.157393
-0.115907
-0.0827768
-0.04246
-0.0235353
-13.639
-13.6614
-13.6835
-13.7052
-13.7265
-13.7473
-13.7677
-13.7878
-13.8076
-13.8273
-13.8469
-13.8662
-13.8853
-13.904
-13.9222
-13.9394
-13.9556
-13.9703
-13.9831
-13.9937
-14.0017
-14.0066
-14.0079
-14.0053
-13.9981
-13.986
-13.9682
-13.9443
-13.9138
-13.876
-13.8302
-13.776
-13.7127
-13.6397
-13.5564
-13.4622
-13.3565
-13.2388
-13.1087
-12.9657
-12.8094
-12.6396
-12.456
-12.2586
-12.0471
-11.8219
-11.5829
-11.3306
-11.0652
-10.7874
-10.4977
-10.1968
-9.88571
-9.56526
-9.23652
-8.90061
-8.55874
-8.21219
-7.86226
-7.51032
-7.15772
-6.80583
-6.456
-6.10953
-5.76769
-5.43168
-5.1026
-4.78149
-4.46927
-4.16677
-3.87469
-3.59364
-3.3241
-3.06645
-2.82094
-2.58776
-2.36695
-2.15851
-1.96231
-1.77819
-1.60589
-1.44513
-1.29556
-1.15678
-1.02839
-0.909953
-0.801004
-0.701078
-0.609687
-0.526358
-0.450559
-0.381856
-0.319556
-0.263493
-0.212263
-0.167049
-0.123385
-0.0884964
-0.0455848
-0.0252838
-13.6264
-13.6476
-13.6685
-13.6891
-13.7094
-13.7292
-13.7486
-13.7677
-13.7864
-13.8049
-13.8231
-13.8409
-13.8583
-13.8752
-13.8913
-13.9064
-13.9203
-13.9326
-13.943
-13.9511
-13.9565
-13.9587
-13.9574
-13.9521
-13.9423
-13.9275
-13.9072
-13.8809
-13.8479
-13.8077
-13.7598
-13.7035
-13.6383
-13.5636
-13.4788
-13.3834
-13.2768
-13.1585
-13.028
-12.8851
-12.7292
-12.5601
-12.3777
-12.1817
-11.9722
-11.7493
-11.513
-11.2637
-11.0018
-10.7278
-10.4422
-10.1457
-9.83923
-9.52363
-9.19991
-8.86915
-8.53253
-8.19125
-7.84659
-7.49984
-7.15232
-6.80536
-6.46025
-6.11827
-5.78064
-5.44852
-5.12301
-4.80511
-4.49573
-4.1957
-3.90571
-3.62638
-3.3582
-3.10155
-2.85672
-2.62389
-2.40315
-2.19451
-1.99786
-1.81307
-1.63992
-1.47813
-1.32737
-1.18729
-1.05748
-0.937527
-0.826989
-0.725409
-0.632307
-0.547223
-0.46962
-0.39909
-0.334901
-0.276965
-0.223738
-0.176661
-0.130805
-0.0941968
-0.0485609
-0.0272571
-13.6136
-13.6337
-13.6535
-13.673
-13.6922
-13.711
-13.7293
-13.7473
-13.7649
-13.7821
-13.7989
-13.8152
-13.831
-13.846
-13.8602
-13.8732
-13.8849
-13.8948
-13.9028
-13.9084
-13.9113
-13.911
-13.9071
-13.8992
-13.8869
-13.8695
-13.8467
-13.8178
-13.7825
-13.7401
-13.69
-13.6317
-13.5647
-13.4884
-13.4022
-13.3056
-13.1981
-13.0792
-12.9484
-12.8055
-12.65
-12.4817
-12.3004
-12.1059
-11.8983
-11.6777
-11.4441
-11.1978
-10.9393
-10.6689
-10.3874
-10.0952
-9.79329
-9.48246
-9.16369
-8.83801
-8.50654
-8.17045
-7.83097
-7.48935
-7.14685
-6.80475
-6.46432
-6.12677
-5.7933
-5.46504
-5.14307
-4.82836
-4.52181
-4.22424
-3.93635
-3.65875
-3.39194
-3.13631
-2.89218
-2.65973
-2.43908
-2.23025
-2.03319
-1.84776
-1.67377
-1.51096
-1.35904
-1.21767
-1.08646
-0.965008
-0.852891
-0.749665
-0.654858
-0.568022
-0.488617
-0.41626
-0.350182
-0.290374
-0.235147
-0.186214
-0.138148
-0.0998719
-0.0513905
-0.0294353
-13.6007
-13.6196
-13.6383
-13.6568
-13.6749
-13.6926
-13.7099
-13.7267
-13.7431
-13.759
-13.7744
-13.7892
-13.8033
-13.8165
-13.8288
-13.8398
-13.8493
-13.857
-13.8626
-13.8658
-13.8662
-13.8634
-13.857
-13.8466
-13.8317
-13.8119
-13.7866
-13.7554
-13.7178
-13.6731
-13.621
-13.5608
-13.492
-13.4141
-13.3265
-13.2288
-13.1204
-13.001
-12.87
-12.7271
-12.572
-12.4044
-12.2242
-12.0313
-11.8256
-11.6071
-11.3762
-11.1329
-10.8777
-10.611
-10.3333
-10.0454
-9.74797
-9.44182
-9.12789
-8.8072
-8.4808
-8.14982
-7.81544
-7.47886
-7.14131
-6.804
-6.46817
-6.13501
-5.80566
-5.48123
-5.16275
-4.85121
-4.54749
-4.25237
-3.96658
-3.69071
-3.42527
-3.17068
-2.92726
-2.69521
-2.47467
-2.26569
-2.06822
-1.88218
-1.70737
-1.54358
-1.39052
-1.24787
-1.11528
-0.992345
-0.878662
-0.773801
-0.677298
-0.588717
-0.507515
-0.433335
-0.365369
-0.303692
-0.246466
-0.195687
-0.145397
-0.105514
-0.054077
-0.0317954
-13.5876
-13.6054
-13.6231
-13.6404
-13.6575
-13.6741
-13.6903
-13.706
-13.7211
-13.7357
-13.7497
-13.763
-13.7754
-13.7869
-13.7972
-13.8062
-13.8136
-13.8191
-13.8225
-13.8233
-13.8214
-13.8161
-13.8073
-13.7944
-13.7771
-13.7549
-13.7272
-13.6937
-13.6538
-13.607
-13.5529
-13.4908
-13.4203
-13.3409
-13.252
-13.1532
-13.044
-12.924
-12.7927
-12.6499
-12.4952
-12.3284
-12.1493
-11.9579
-11.754
-11.5378
-11.3094
-11.069
-10.817
-10.5539
-10.2802
-9.99638
-9.70331
-9.40175
-9.09258
-8.77677
-8.45534
-8.12938
-7.80001
-7.46839
-7.13569
-6.80312
-6.47183
-6.14298
-5.81769
-5.49704
-5.18204
-4.87364
-4.57271
-4.28004
-3.99633
-3.7222
-3.45815
-3.2046
-2.9619
-2.73027
-2.50986
-2.30075
-2.10291
-1.91627
-1.74067
-1.57592
-1.42174
-1.27784
-1.14388
-1.01949
-0.904254
-0.797772
-0.699583
-0.609267
-0.526275
-0.450278
-0.380429
-0.316891
-0.257667
-0.205062
-0.152532
-0.111115
-0.0566224
-0.0343142
-13.5743
-13.5911
-13.6077
-13.624
-13.64
-13.6555
-13.6705
-13.6851
-13.699
-13.7123
-13.7248
-13.7366
-13.7474
-13.7571
-13.7656
-13.7726
-13.778
-13.7814
-13.7825
-13.7811
-13.7768
-13.7692
-13.758
-13.7428
-13.7231
-13.6985
-13.6685
-13.6327
-13.5907
-13.5418
-13.4857
-13.4219
-13.3497
-13.2688
-13.1787
-13.0789
-12.9689
-12.8483
-12.7169
-12.5742
-12.4199
-12.2538
-12.0758
-11.8858
-11.6837
-11.4697
-11.2438
-11.0063
-10.7575
-10.4979
-10.2279
-9.94815
-9.65937
-9.3623
-9.05779
-8.74677
-8.43021
-8.10916
-7.7847
-7.45795
-7.13003
-6.80209
-6.47527
-6.15068
-5.8294
-5.51248
-5.20091
-4.89562
-4.59746
-4.30721
-4.02558
-3.75317
-3.49051
-3.23802
-2.99605
-2.76485
-2.5446
-2.33537
-2.13718
-1.94997
-1.77361
-1.60791
-1.45264
-1.30752
-1.17221
-1.04638
-0.929611
-0.821524
-0.721664
-0.629626
-0.544855
-0.467052
-0.395329
-0.329941
-0.268723
-0.214316
-0.159533
-0.116664
-0.0590254
-0.0369726
-13.5609
-13.5767
-13.5923
-13.6076
-13.6224
-13.6368
-13.6507
-13.6641
-13.6767
-13.6887
-13.6998
-13.7101
-13.7193
-13.7273
-13.734
-13.7392
-13.7425
-13.7438
-13.7428
-13.7392
-13.7326
-13.7228
-13.7093
-13.6917
-13.6697
-13.6428
-13.6106
-13.5727
-13.5285
-13.4777
-13.4197
-13.3541
-13.2804
-13.1981
-13.1067
-13.0059
-12.8952
-12.7742
-12.6425
-12.4999
-12.346
-12.1807
-12.0038
-11.8152
-11.6149
-11.4029
-11.1795
-10.9448
-10.6991
-10.4429
-10.1766
-9.90082
-9.61622
-9.32354
-9.02358
-8.71723
-8.40544
-8.0892
-7.76955
-7.44757
-7.12433
-6.80095
-6.47851
-6.1581
-5.84076
-5.52752
-5.21933
-4.9171
-4.62168
-4.33384
-4.05427
-3.78358
-3.5223
-3.27087
-3.02964
-2.79889
-2.5788
-2.36949
-2.17097
-1.98321
-1.80611
-1.6395
-1.48317
-1.33684
-1.20021
-1.07295
-0.954679
-0.845006
-0.743493
-0.649747
-0.563211
-0.483616
-0.41003
-0.342809
-0.279603
-0.223426
-0.166376
-0.122151
-0.0612797
-0.0397584
-13.5474
-13.5623
-13.5769
-13.5911
-13.6049
-13.6182
-13.6309
-13.6431
-13.6545
-13.6651
-13.6749
-13.6836
-13.6913
-13.6976
-13.7025
-13.7058
-13.7072
-13.7065
-13.7035
-13.6977
-13.689
-13.6769
-13.6612
-13.6414
-13.6171
-13.5881
-13.5537
-13.5137
-13.4675
-13.4148
-13.355
-13.2877
-13.2124
-13.1287
-13.0362
-12.9345
-12.8231
-12.7016
-12.5697
-12.4272
-12.2738
-12.1092
-11.9333
-11.7461
-11.5475
-11.3376
-11.1166
-10.8846
-10.6419
-10.389
-10.1264
-9.85445
-9.57394
-9.28553
-8.99001
-8.68823
-8.38109
-8.06954
-7.75459
-7.43727
-7.11861
-6.79969
-6.48155
-6.16524
-5.85177
-5.54214
-5.23728
-4.93807
-4.64536
-4.35989
-4.08236
-3.81337
-3.55347
-3.30309
-3.06262
-2.83232
-2.61242
-2.40302
-2.2042
-2.01592
-1.83811
-1.67061
-1.51323
-1.36573
-1.22782
-1.09916
-0.979397
-0.86816
-0.765014
-0.669582
-0.581298
-0.499929
-0.424493
-0.35546
-0.290274
-0.232367
-0.173036
-0.127566
-0.0633721
-0.0426694
-13.5339
-13.5478
-13.5614
-13.5746
-13.5873
-13.5995
-13.6112
-13.6221
-13.6323
-13.6416
-13.65
-13.6573
-13.6633
-13.6681
-13.6713
-13.6728
-13.6723
-13.6697
-13.6646
-13.6568
-13.6459
-13.6317
-13.6138
-13.5919
-13.5655
-13.5343
-13.4979
-13.4559
-13.4077
-13.3531
-13.2916
-13.2227
-13.1459
-13.061
-12.9674
-12.8647
-12.7526
-12.6307
-12.4987
-12.3563
-12.2033
-12.0394
-11.8646
-11.6787
-11.4818
-11.2739
-11.0552
-10.8259
-10.5862
-10.3365
-10.0773
-9.80913
-9.53259
-9.24834
-8.95714
-8.6598
-8.35719
-8.05022
-7.73986
-7.42708
-7.1129
-6.79833
-6.4844
-6.1721
-5.86243
-5.55634
-5.25474
-4.9585
-4.66845
-4.38531
-4.10979
-3.84249
-3.58395
-3.33463
-3.0949
-2.86507
-2.64536
-2.43591
-2.2368
-2.04803
-1.86952
-1.70117
-1.54278
-1.39413
-1.25495
-1.12492
-1.0037
-0.890928
-0.786173
-0.689076
-0.599066
-0.515943
-0.438677
-0.367856
-0.300701
-0.241113
-0.179482
-0.132897
-0.06528
-0.0457177
-13.5204
-13.5334
-13.546
-13.5581
-13.5699
-13.581
-13.5915
-13.6012
-13.6102
-13.6182
-13.6252
-13.6311
-13.6357
-13.6388
-13.6404
-13.6401
-13.6378
-13.6333
-13.6263
-13.6165
-13.6036
-13.5874
-13.5674
-13.5434
-13.515
-13.4817
-13.4433
-13.3993
-13.3493
-13.293
-13.2297
-13.1593
-13.0811
-12.995
-12.9003
-12.7968
-12.684
-12.5618
-12.4296
-12.2873
-12.1347
-11.9715
-11.7977
-11.6132
-11.4179
-11.212
-10.9955
-10.7687
-10.5318
-10.2853
-10.0295
-9.76495
-9.49225
-9.21204
-8.92503
-8.63201
-8.3338
-8.03128
-7.72538
-7.41703
-7.10721
-6.79689
-6.48706
-6.17869
-5.87272
-5.57009
-5.27169
-4.97837
-4.69092
-4.41008
-4.13654
-3.8709
-3.61371
-3.36542
-3.12644
-2.89708
-2.67757
-2.46808
-2.2687
-2.07945
-1.90028
-1.7311
-1.57173
-1.42196
-1.28154
-1.15018
-1.02753
-0.913246
-0.806909
-0.708174
-0.616462
-0.531613
-0.452536
-0.37996
-0.310847
-0.249635
-0.185682
-0.138137
-0.0669685
-0.0489346
-13.5068
-13.5189
-13.5306
-13.5418
-13.5525
-13.5626
-13.572
-13.5806
-13.5883
-13.5951
-13.6008
-13.6052
-13.6083
-13.6099
-13.6099
-13.6079
-13.6039
-13.5976
-13.5887
-13.577
-13.5622
-13.544
-13.522
-13.496
-13.4656
-13.4304
-13.3901
-13.3443
-13.2925
-13.2344
-13.1696
-13.0976
-13.0182
-12.9308
-12.8351
-12.7308
-12.6175
-12.4948
-12.3625
-12.2204
-12.0681
-11.9057
-11.7328
-11.5496
-11.3559
-11.1518
-10.9375
-10.7131
-10.479
-10.2355
-9.98302
-9.72199
-9.45302
-9.17671
-8.89376
-8.60492
-8.31098
-8.01278
-7.71121
-7.40716
-7.10158
-6.7954
-6.48956
-6.18501
-5.88265
-5.5834
-5.28812
-4.99764
-4.71274
-4.43415
-4.16255
-3.89854
-3.64267
-3.39541
-3.15717
-2.92827
-2.70897
-2.49945
-2.29982
-2.11011
-1.93031
-1.76032
-1.6
-1.44915
-1.30753
-1.17486
-1.05081
-0.93505
-0.827162
-0.72682
-0.633434
-0.546887
-0.466024
-0.391728
-0.320671
-0.257902
-0.191597
-0.143278
-0.068386
-0.052378
-13.4935
-13.5047
-13.5154
-13.5257
-13.5354
-13.5444
-13.5527
-13.5602
-13.5668
-13.5723
-13.5767
-13.5798
-13.5815
-13.5816
-13.58
-13.5764
-13.5707
-13.5626
-13.5519
-13.5384
-13.5217
-13.5016
-13.4778
-13.4499
-13.4176
-13.3806
-13.3384
-13.2908
-13.2373
-13.1776
-13.1113
-13.0379
-12.9572
-12.8687
-12.772
-12.6669
-12.553
-12.43
-12.2976
-12.1556
-12.0038
-11.842
-11.6701
-11.488
-11.2958
-11.0936
-10.8814
-10.6594
-10.428
-10.1874
-9.93799
-9.68035
-9.41496
-9.14243
-8.8634
-8.5786
-8.28878
-7.99476
-7.69738
-7.39751
-7.09604
-6.79387
-6.49191
-6.19107
-5.89223
-5.59627
-5.30403
-5.01631
-4.7339
-4.4575
-4.18778
-3.92536
-3.67078
-3.42453
-3.18701
-2.95857
-2.73948
-2.52994
-2.33007
-2.13993
-1.95951
-1.78875
-1.62751
-1.47561
-1.33282
-1.19888
-1.07347
-0.956272
-0.846867
-0.744951
-0.649924
-0.561713
-0.479092
-0.403118
-0.33013
-0.265884
-0.197181
-0.148317
-0.069459
-0.0561418
-13.4801
-13.4905
-13.5004
-13.5097
-13.5185
-13.5265
-13.5338
-13.5402
-13.5456
-13.55
-13.5531
-13.5549
-13.5552
-13.5539
-13.5508
-13.5456
-13.5383
-13.5286
-13.5162
-13.5009
-13.4825
-13.4606
-13.435
-13.4053
-13.3712
-13.3323
-13.2885
-13.2391
-13.184
-13.1228
-13.055
-12.9803
-12.8983
-12.8088
-12.7112
-12.6054
-12.4909
-12.3676
-12.2351
-12.0932
-11.9418
-11.7806
-11.6096
-11.4287
-11.238
-11.0374
-10.8272
-10.6076
-10.3787
-10.1409
-9.89453
-9.64014
-9.3782
-9.10929
-8.83403
-8.55312
-8.26729
-7.9773
-7.68397
-7.38812
-7.09063
-6.79234
-6.49414
-6.19689
-5.90146
-5.60869
-5.31939
-5.03437
-4.75436
-4.48009
-4.21221
-3.95133
-3.698
-3.45272
-3.21591
-2.98792
-2.76904
-2.55947
-2.35938
-2.16882
-1.98782
-1.81631
-1.65418
-1.50126
-1.35735
-1.22218
-1.09545
-0.976843
-0.86596
-0.762509
-0.665875
-0.57604
-0.491691
-0.414086
-0.33918
-0.273547
-0.202384
-0.153251
-0.0700843
-0.0603667
-13.4672
-13.4768
-13.4858
-13.4942
-13.502
-13.5091
-13.5154
-13.5207
-13.525
-13.5282
-13.5301
-13.5306
-13.5296
-13.5269
-13.5224
-13.5158
-13.5069
-13.4956
-13.4816
-13.4647
-13.4445
-13.4209
-13.3936
-13.3622
-13.3264
-13.2859
-13.2403
-13.1894
-13.1328
-13.07
-13.0009
-12.9249
-12.8418
-12.7512
-12.6528
-12.5463
-12.4313
-12.3077
-12.1751
-12.0333
-11.8822
-11.7217
-11.5515
-11.3718
-11.1824
-10.9835
-10.7753
-10.5578
-10.3313
-10.0961
-9.85272
-9.60144
-9.3428
-9.07737
-8.80574
-8.52856
-8.24655
-7.96045
-7.67101
-7.37905
-7.08539
-6.79085
-6.49628
-6.20251
-5.91037
-5.62068
-5.33423
-5.05181
-4.77413
-4.50191
-4.2358
-3.97641
-3.72429
-3.47995
-3.24381
-3.01625
-2.79757
-2.58799
-2.38767
-2.19672
-2.01514
-1.84291
-1.67993
-1.52603
-1.38103
-1.24467
-1.11665
-0.996685
-0.884365
-0.77942
-0.681219
-0.589803
-0.50376
-0.424578
-0.347768
-0.280854
-0.207145
-0.158085
-0.0701244
-0.0652607
-13.4542
-13.463
-13.4713
-13.4789
-13.4859
-13.4921
-13.4974
-13.5017
-13.505
-13.5071
-13.5079
-13.5072
-13.5049
-13.501
-13.495
-13.487
-13.4767
-13.4639
-13.4484
-13.4299
-13.4082
-13.383
-13.354
-13.3209
-13.2835
-13.2414
-13.1943
-13.1419
-13.0838
-13.0197
-12.9492
-12.8721
-12.7879
-12.6963
-12.5971
-12.4899
-12.3745
-12.2505
-12.1178
-11.9762
-11.8254
-11.6654
-11.4961
-11.3174
-11.1294
-10.9321
-10.7256
-10.5102
-10.286
-10.0534
-9.81274
-9.56443
-9.30895
-9.04683
-8.77866
-8.50506
-8.22672
-7.94433
-7.65864
-7.37041
-7.08043
-6.7895
-6.49841
-6.20799
-5.91901
-5.63229
-5.34858
-5.06864
-4.7932
-4.52294
-4.25852
-4.00055
-3.74958
-3.50613
-3.27063
-3.04347
-2.82497
-2.61536
-2.41484
-2.22349
-2.04137
-1.86846
-1.70465
-1.54982
-1.40377
-1.26626
-1.13702
-1.01574
-0.902031
-0.795641
-0.695918
-0.602968
-0.515267
-0.434565
-0.355858
-0.287777
-0.211407
-0.162823
-0.0693886
-0.0711033
-13.4422
-13.4502
-13.4576
-13.4644
-13.4705
-13.4758
-13.4801
-13.4835
-13.4858
-13.4868
-13.4864
-13.4846
-13.4812
-13.4759
-13.4687
-13.4594
-13.4477
-13.4335
-13.4165
-13.3966
-13.3733
-13.3466
-13.3161
-13.2816
-13.2426
-13.1991
-13.1505
-13.0966
-13.0372
-12.9718
-12.9001
-12.8218
-12.7366
-12.6441
-12.5442
-12.4364
-12.3205
-12.1963
-12.0635
-11.9219
-11.7715
-11.612
-11.4435
-11.2658
-11.079
-10.8831
-10.6784
-10.4649
-10.2429
-10.0127
-9.77464
-9.52914
-9.27665
-9.01769
-8.75282
-8.48264
-8.20779
-7.92896
-7.64685
-7.36219
-7.07575
-6.78828
-6.50054
-6.21333
-5.9274
-5.64352
-5.36244
-5.0849
-4.81159
-4.54321
-4.2804
-4.02378
-3.7739
-3.53128
-3.29638
-3.06959
-2.85124
-2.6416
-2.44086
-2.24913
-2.06648
-1.89289
-1.72829
-1.57256
-1.42549
-1.28688
-1.15644
-1.0339
-0.918848
-0.811061
-0.709864
-0.615435
-0.526122
-0.44397
-0.363385
-0.294276
-0.215108
-0.167489
-0.0676611
-0.0783037
-13.4298
-13.4373
-13.4441
-13.4502
-13.4556
-13.4601
-13.4636
-13.4661
-13.4675
-13.4676
-13.4662
-13.4634
-13.4588
-13.4524
-13.444
-13.4335
-13.4205
-13.405
-13.3867
-13.3653
-13.3407
-13.3126
-13.2806
-13.2447
-13.2043
-13.1593
-13.1094
-13.0542
-12.9935
-12.9268
-12.854
-12.7747
-12.6885
-12.5952
-12.4945
-12.3861
-12.2698
-12.1453
-12.0124
-11.871
-11.7208
-11.5619
-11.394
-11.2172
-11.0316
-10.8371
-10.634
-10.4223
-10.2024
-9.97444
-9.73885
-9.49601
-9.24636
-8.99039
-8.72864
-8.46169
-8.19017
-7.91471
-7.63601
-7.35475
-7.07167
-6.78748
-6.50293
-6.21876
-5.93571
-5.65452
-5.37591
-5.10061
-4.8293
-4.56266
-4.30134
-4.04595
-3.79705
-3.55519
-3.32081
-3.09434
-2.87613
-2.66643
-2.46548
-2.27339
-2.09025
-1.91604
-1.75071
-1.59414
-1.44614
-1.3065
-1.17495
-1.05121
-0.93488
-0.825758
-0.723139
-0.627282
-0.536389
-0.452843
-0.370373
-0.300356
-0.218204
-0.172075
-0.0646289
-0.0873271
-13.4189
-13.4256
-13.4317
-13.437
-13.4415
-13.4452
-13.4479
-13.4495
-13.4499
-13.4491
-13.4468
-13.4429
-13.4373
-13.4298
-13.4203
-13.4086
-13.3944
-13.3777
-13.3581
-13.3355
-13.3096
-13.2802
-13.247
-13.2097
-13.168
-13.1218
-13.0706
-13.0142
-12.9523
-12.8845
-12.8107
-12.7303
-12.6433
-12.5492
-12.4479
-12.3389
-12.2222
-12.0975
-11.9645
-11.8231
-11.6733
-11.5147
-11.3475
-11.1716
-10.987
-10.7938
-10.5922
-10.3822
-10.1642
-9.93834
-9.70506
-9.4647
-9.2177
-8.96454
-8.70573
-8.44184
-8.17346
-7.90122
-7.62575
-7.34774
-7.06787
-6.78683
-6.50533
-6.22408
-5.9438
-5.6652
-5.38897
-5.11581
-4.84642
-4.58145
-4.32155
-4.06733
-3.81936
-3.5782
-3.3443
-3.11811
-2.89998
-2.69021
-2.48901
-2.29654
-2.11289
-1.93805
-1.77198
-1.61457
-1.46564
-1.32499
-1.19235
-1.06745
-0.949893
-0.839495
-0.73552
-0.638317
-0.54592
-0.461088
-0.376784
-0.30604
-0.220757
-0.176716
-0.0601299
-0.0988963
-13.4078
-13.4141
-13.4198
-13.4246
-13.4286
-13.4317
-13.4338
-13.4347
-13.4344
-13.4327
-13.4296
-13.4248
-13.4183
-13.4099
-13.3994
-13.3866
-13.3714
-13.3535
-13.3328
-13.309
-13.282
-13.2513
-13.2169
-13.1784
-13.1355
-13.0881
-13.0357
-12.9782
-12.9152
-12.8464
-12.7715
-12.6903
-12.6024
-12.5076
-12.4056
-12.2962
-12.1791
-12.0541
-11.921
-11.7797
-11.6301
-11.472
-11.3054
-11.1303
-10.9467
-10.7547
-10.5544
-10.346
-10.1297
-9.90587
-9.67473
-9.43669
-9.19217
-8.94163
-8.68556
-8.42452
-8.15906
-7.88979
-7.61732
-7.3423
-7.06537
-6.78722
-6.5085
-6.2299
-5.95211
-5.6758
-5.40168
-5.13041
-4.86268
-4.59914
-4.34044
-4.0872
-3.84001
-3.59942
-3.36593
-3.13998
-2.92195
-2.71214
-2.51078
-2.31805
-2.13402
-1.95872
-1.79208
-1.63401
-1.48432
-1.34281
-1.20921
-1.08326
-0.964556
-0.852936
-0.747629
-0.649087
-0.555162
-0.469036
-0.38283
-0.311411
-0.222773
-0.181261
-0.0538267
-0.113268
-13.3979
-13.4035
-13.4084
-13.4125
-13.4158
-13.4181
-13.4194
-13.4196
-13.4185
-13.416
-13.4121
-13.4065
-13.3991
-13.3898
-13.3784
-13.3647
-13.3485
-13.3297
-13.308
-13.2832
-13.2551
-13.2234
-13.1879
-13.1484
-13.1045
-13.056
-13.0027
-12.9442
-12.8802
-12.8105
-12.7348
-12.6528
-12.5642
-12.4688
-12.3662
-12.2564
-12.1389
-12.0137
-11.8806
-11.7393
-11.5898
-11.4321
-11.266
-11.0915
-10.9088
-10.7178
-10.5187
-10.3117
-10.097
-9.87487
-9.64566
-9.4097
-9.16743
-8.91929
-8.66577
-8.40738
-8.14468
-7.87825
-7.60867
-7.33657
-7.06256
-6.78728
-6.51136
-6.23547
-5.96025
-5.68635
-5.41444
-5.14518
-4.87922
-4.61722
-4.35982
-4.10764
-3.86127
-3.62128
-3.38817
-3.16241
-2.94438
-2.73442
-2.53277
-2.3396
-2.15503
-1.97907
-1.81168
-1.65277
-1.50218
-1.3597
-1.22505
-1.09802
-0.978158
-0.865354
-0.758786
-0.659012
-0.563677
-0.476409
-0.388415
-0.316496
-0.224496
-0.185797
-0.0460741
-0.130014
-13.3896
-13.3951
-13.3998
-13.4036
-13.4066
-13.4086
-13.4094
-13.4091
-13.4075
-13.4045
-13.3999
-13.3936
-13.3855
-13.3754
-13.3632
-13.3486
-13.3316
-13.3119
-13.2892
-13.2635
-13.2344
-13.2017
-13.1653
-13.1247
-13.0799
-13.0304
-12.9761
-12.9167
-12.8518
-12.7813
-12.7048
-12.622
-12.5328
-12.4368
-12.3337
-12.2234
-12.1057
-11.9803
-11.8471
-11.7059
-11.5566
-11.3992
-11.2336
-11.0599
-10.8779
-10.6879
-10.49
-10.2843
-10.0711
-9.8506
-9.62318
-9.38917
-9.14897
-8.90302
-8.6518
-8.39581
-8.13557
-7.87164
-7.6046
-7.33501
-7.06348
-6.79062
-6.51704
-6.24336
-5.9702
-5.69821
-5.42802
-5.1603
-4.89568
-4.63483
-4.37839
-4.12699
-3.88125
-3.64173
-3.40897
-3.18342
-2.9655
-2.75554
-2.55378
-2.3604
-2.17551
-1.99911
-1.83117
-1.67157
-1.52016
-1.37672
-1.241
-1.11276
-0.991588
-0.877388
-0.769309
-0.668045
-0.571038
-0.482412
-0.392434
-0.319935
-0.224572
-0.188631
-0.0373408
-0.144005
-13.3791
-13.3839
-13.3879
-13.3911
-13.3934
-13.3948
-13.3951
-13.3942
-13.392
-13.3884
-13.3833
-13.3764
-13.3678
-13.3571
-13.3443
-13.3292
-13.3115
-13.2912
-13.2679
-13.2415
-13.2118
-13.1785
-13.1414
-13.1002
-13.0547
-13.0046
-12.9496
-12.8895
-12.824
-12.7529
-12.6758
-12.5925
-12.5027
-12.4062
-12.3027
-12.1921
-12.074
-11.9484
-11.8151
-11.6739
-11.5247
-11.3674
-11.2021
-11.0288
-10.8474
-10.6582
-10.4611
-10.2565
-10.0445
-9.82545
-9.59964
-9.36745
-9.12927
-8.88554
-8.63672
-8.38331
-8.12582
-7.86478
-7.60073
-7.33422
-7.0658
-6.79604
-6.52548
-6.25471
-5.98429
-5.71481
-5.44686
-5.18105
-4.918
-4.65835
-4.40273
-4.15178
-3.90613
-3.66638
-3.43308
-3.20676
-2.98785
-2.77675
-2.57374
-2.37904
-2.1928
-2.01506
-1.84581
-1.68496
-1.53236
-1.38781
-1.25105
-1.12185
-0.999769
-0.884742
-0.775846
-0.673891
-0.576063
-0.486984
-0.395918
-0.323676
-0.226063
-0.192683
-0.0351167
-0.151359
-13.377
-13.3819
-13.386
-13.3892
-13.3914
-13.3926
-13.3926
-13.3914
-13.3889
-13.3848
-13.3792
-13.3719
-13.3627
-13.3514
-13.338
-13.3222
-13.3039
-13.2828
-13.2589
-13.2318
-13.2013
-13.1672
-13.1293
-13.0874
-13.0412
-12.9903
-12.9347
-12.8739
-12.8078
-12.7361
-12.6584
-12.5746
-12.4845
-12.3876
-12.2839
-12.1731
-12.0549
-11.9293
-11.7961
-11.6551
-11.5063
-11.3495
-11.1848
-11.0121
-10.8316
-10.6432
-10.4472
-10.2437
-10.033
-9.8153
-9.59092
-9.36022
-9.12357
-8.88141
-8.63418
-8.38234
-8.1264
-7.86685
-7.60422
-7.33903
-7.07182
-6.80313
-6.53351
-6.26352
-5.99372
-5.72471
-5.45707
-5.19145
-4.92847
-4.66881
-4.41312
-4.16207
-3.91633
-3.67651
-3.44321
-3.21694
-2.99816
-2.78725
-2.58448
-2.39005
-2.20406
-2.02655
-1.85745
-1.69666
-1.54399
-1.39926
-1.26217
-1.1325
-1.00981
-0.894089
-0.78436
-0.681592
-0.582737
-0.492976
-0.400567
-0.328347
-0.228527
-0.196858
-0.0374565
-0.14917
-13.3623
-13.367
-13.3707
-13.3737
-13.3757
-13.3768
-13.3767
-13.3754
-13.3728
-13.3687
-13.363
-13.3556
-13.3463
-13.335
-13.3215
-13.3056
-13.2871
-13.2659
-13.2418
-13.2145
-13.1838
-13.1494
-13.1113
-13.069
-13.0224
-12.9712
-12.9152
-12.854
-12.7874
-12.7152
-12.637
-12.5527
-12.462
-12.3646
-12.2602
-12.1488
-12.0301
-11.9039
-11.7701
-11.6285
-11.4792
-11.3219
-11.1568
-10.9838
-10.803
-10.6146
-10.4186
-10.2153
-10.005
-9.78783
-9.56424
-9.33457
-9.09922
-8.85862
-8.61323
-8.3635
-8.10993
-7.85299
-7.59316
-7.33094
-7.0668
-6.80121
-6.53466
-6.26762
-6.0006
-5.73411
-5.46871
-5.20498
-4.94353
-4.68501
-4.43012
-4.17952
-3.93392
-3.69398
-3.46032
-3.23351
-3.01404
-2.80232
-2.59866
-2.40328
-2.21632
-2.03783
-1.86778
-1.70607
-1.55255
-1.40703
-1.26923
-1.13893
-1.01569
-0.899506
-0.789343
-0.686284
-0.587023
-0.497216
-0.40421
-0.332467
-0.231591
-0.200847
-0.0434325
-0.145141
-13.3709
-13.3752
-13.3786
-13.3811
-13.3826
-13.3831
-13.3825
-13.3805
-13.3773
-13.3725
-13.3661
-13.358
-13.3479
-13.3358
-13.3215
-13.3048
-13.2856
-13.2636
-13.2386
-13.2105
-13.179
-13.1439
-13.105
-13.062
-13.0147
-12.9629
-12.9062
-12.8444
-12.7773
-12.7045
-12.626
-12.5413
-12.4503
-12.3527
-12.2483
-12.1369
-12.0183
-11.8924
-11.7589
-11.6179
-11.4691
-11.3127
-11.1485
-10.9765
-10.797
-10.6099
-10.4154
-10.2137
-10.0051
-9.78985
-9.56825
-9.34067
-9.10748
-8.8691
-8.62595
-8.37848
-8.12712
-7.87233
-7.61457
-7.35426
-7.09186
-6.82779
-6.56252
-6.29648
-6.03014
-5.76401
-5.49863
-5.23456
-4.97245
-4.71295
-4.45679
-4.20469
-3.9574
-3.71564
-3.48012
-3.25144
-3.03017
-2.81676
-2.61155
-2.4148
-2.22663
-2.04709
-1.87615
-1.71367
-1.55949
-1.41338
-1.27503
-1.14425
-1.02053
-0.903898
-0.79329
-0.689865
-0.590189
-0.500223
-0.406745
-0.335449
-0.233484
-0.204908
-0.0454657
-0.141242
-14.3544
-14.3571
-14.3687
-14.3743
-14.3762
-14.3765
-14.3762
-14.3784
-14.3848
-14.3969
-14.4156
-14.4423
-14.4774
-14.5207
-14.5712
-14.6277
-14.6884
-14.7517
-14.816
-14.8799
-14.9422
-15.0019
-15.0581
-15.1101
-15.1571
-15.1982
-15.2328
-15.2598
-15.2785
-15.2876
-15.2861
-15.2728
-15.2466
-15.2061
-15.1501
-15.0774
-14.9868
-14.8774
-14.7482
-14.5984
-14.4285
-14.2381
-14.0246
-13.7852
-13.5221
-13.2349
-12.9244
-12.5908
-12.2349
-11.8574
-11.4595
-11.0425
-10.6081
-10.1581
-9.69461
-9.21987
-8.73639
-8.24681
-7.75386
-7.26039
-6.76922
-6.28319
-5.80506
-5.33746
-4.88287
-4.44354
-4.02147
-3.61843
-3.23587
-2.87498
-2.53665
-2.22145
-1.92957
-1.66089
-1.41504
-1.19147
-0.989426
-0.808005
-0.646185
-0.50285
-0.37683
-0.266921
-0.171923
-0.0906383
-0.0219423
0.0353086
0.0820538
0.11943
0.147978
0.169157
0.182414
0.19085
0.190228
0.190298
0.173332
0.174643
0.125821
0.158947
0.0146592
0.187107
-14.3711
-14.3808
-14.3851
-14.3905
-14.3856
-14.3763
-14.3668
-14.3637
-14.3662
-14.3749
-14.392
-14.4189
-14.4561
-14.5028
-14.5574
-14.6178
-14.6818
-14.7474
-14.8129
-14.8771
-14.9389
-14.9977
-15.053
-15.1041
-15.1505
-15.1917
-15.2268
-15.255
-15.2755
-15.2871
-15.2887
-15.2792
-15.2573
-15.2218
-15.1714
-15.1048
-15.0209
-14.9184
-14.796
-14.6523
-14.4859
-14.2944
-14.08
-13.8457
-13.5892
-13.3101
-13.0083
-12.6839
-12.3373
-11.9694
-11.5811
-11.1736
-10.7486
-10.3076
-9.85285
-9.38643
-8.91075
-8.42838
-7.94197
-7.45428
-6.9681
-6.4862
-6.0113
-5.54601
-5.09279
-4.65391
-4.23135
-3.82686
-3.44185
-3.07753
-2.73493
-2.41473
-2.11719
-1.8423
-1.5898
-1.35921
-1.14987
-0.960959
-0.791513
-0.640489
-0.506777
-0.389227
-0.28669
-0.198009
-0.122095
-0.0578418
-0.00432377
0.03955
0.074344
0.101421
0.120363
0.133976
0.138539
0.142809
0.130902
0.134738
0.0924302
0.124738
-0.00484942
0.164473
-14.3443
-14.3628
-14.3649
-14.3675
-14.3637
-14.3625
-14.3635
-14.3703
-14.3834
-14.4046
-14.4341
-14.4715
-14.5157
-14.5654
-14.6191
-14.6752
-14.7327
-14.7905
-14.8478
-14.9041
-14.9588
-15.0114
-15.0613
-15.1081
-15.1509
-15.1892
-15.222
-15.2483
-15.2673
-15.2778
-15.2786
-15.2685
-15.2464
-15.2109
-15.1608
-15.0949
-15.012
-14.911
-14.7912
-14.6504
-14.4899
-14.3079
-14.103
-13.8754
-13.6249
-13.3513
-13.0548
-12.7356
-12.3943
-12.0315
-11.6483
-11.2459
-10.8258
-10.3896
-9.93946
-9.4774
-9.00581
-8.5272
-8.04421
-7.55956
-7.07603
-6.59634
-6.12321
-5.65923
-5.20685
-4.76833
-4.34574
-3.94087
-3.55528
-3.1901
-2.84614
-2.52399
-2.22404
-1.94635
-1.69074
-1.45678
-1.24384
-1.05114
-0.877765
-0.722701
-0.584877
-0.463177
-0.356482
-0.263669
-0.183671
-0.115413
-0.0579776
-0.0103174
0.0281617
0.0587265
0.0811045
0.0978055
0.105658
0.112397
0.104109
0.109176
0.0725482
0.103231
-0.0128888
0.150849
-14.3028
-14.3283
-14.3369
-14.3436
-14.3449
-14.3486
-14.3554
-14.3685
-14.388
-14.4146
-14.448
-14.4879
-14.5333
-14.5831
-14.6361
-14.6912
-14.7476
-14.8043
-14.8608
-14.9165
-14.9707
-15.0232
-15.0733
-15.1204
-15.1639
-15.203
-15.2369
-15.2647
-15.2852
-15.2974
-15.3001
-15.292
-15.272
-15.2386
-15.1907
-15.127
-15.0461
-14.9471
-14.8285
-14.6905
-14.5296
-14.3476
-14.1435
-13.9173
-13.6684
-13.3968
-13.1023
-12.7852
-12.4459
-12.0853
-11.7041
-11.3037
-10.8855
-10.4512
-10.0028
-9.54238
-9.07238
-8.59525
-8.11362
-7.6302
-7.14775
-6.66901
-6.19666
-5.73331
-5.2814
-4.84318
-4.42071
-4.01577
-3.62988
-3.26424
-2.9197
-2.59684
-2.29596
-2.01713
-1.76015
-1.52461
-1.30988
-1.11521
-0.939695
-0.782343
-0.642104
-0.517886
-0.408593
-0.313126
-0.230439
-0.159486
-0.0993589
-0.0490528
-0.00794689
0.0251283
0.0500469
0.0690146
0.0794284
0.0879638
0.0827817
0.0885043
0.0574466
0.0856744
-0.0163188
0.138346
-14.2778
-14.3074
-14.3197
-14.3284
-14.3337
-14.3424
-14.3553
-14.3745
-14.3998
-14.4316
-14.4692
-14.512
-14.5591
-14.6093
-14.6618
-14.7159
-14.7707
-14.8258
-14.8807
-14.9349
-14.988
-15.0395
-15.089
-15.1357
-15.1789
-15.218
-15.2519
-15.2797
-15.3003
-15.3126
-15.3155
-15.3076
-15.2877
-15.2546
-15.2069
-15.1434
-15.0628
-14.9642
-14.8463
-14.7083
-14.5495
-14.3693
-14.1669
-13.942
-13.6943
-13.4238
-13.1303
-12.8141
-12.4759
-12.1162
-11.736
-11.3367
-10.9196
-10.4864
-10.0392
-9.57998
-9.1112
-8.6353
-8.15492
-7.67276
-7.19157
-6.71406
-6.24293
-5.78075
-5.32994
-4.89275
-4.47121
-4.06708
-3.68186
-3.31671
-2.97246
-2.64969
-2.34869
-2.06951
-1.81195
-1.57559
-1.35983
-1.16392
-0.986963
-0.828
-0.685996
-0.559883
-0.448588
-0.351041
-0.266216
-0.193098
-0.130791
-0.0783287
-0.0350741
6.30031e-05
0.0270715
0.0479146
0.0604536
0.070498
0.0679475
0.0742298
0.048019
0.0737478
-0.0157203
0.126127
-14.2558
-14.286
-14.3026
-14.315
-14.3244
-14.3367
-14.353
-14.375
-14.4027
-14.4364
-14.4753
-14.519
-14.5664
-14.6168
-14.6695
-14.7236
-14.7787
-14.8341
-14.8894
-14.9441
-14.9979
-15.0501
-15.1002
-15.1476
-15.1915
-15.2311
-15.2655
-15.2938
-15.3147
-15.3273
-15.3303
-15.3226
-15.3027
-15.2696
-15.2219
-15.1583
-15.0777
-14.979
-14.861
-14.723
-14.564
-14.3836
-14.1811
-13.9563
-13.7087
-13.4383
-13.145
-12.8292
-12.4913
-12.1321
-11.7526
-11.354
-10.9377
-10.5055
-10.0594
-9.60144
-9.13399
-8.65954
-8.1807
-7.70017
-7.22067
-6.74492
-6.27557
-5.81517
-5.36612
-4.93065
-4.51072
-4.10809
-3.72419
-3.36018
-3.01687
-2.69482
-2.3943
-2.11534
-1.85774
-1.62108
-1.40476
-1.20803
-1.03002
-0.869795
-0.726336
-0.598604
-0.485552
-0.386139
-0.299365
-0.224244
-0.1599
-0.105402
-0.0601053
-0.0229878
0.00602923
0.0287089
0.0432968
0.0548743
0.0548261
0.0617924
0.0400909
0.0634129
-0.0142031
0.112598
-14.2664
-14.293
-14.3067
-14.317
-14.3256
-14.3377
-14.3539
-14.3759
-14.4038
-14.4374
-14.4764
-14.52
-14.5676
-14.6182
-14.6711
-14.7257
-14.7813
-14.8373
-14.8933
-14.9488
-15.0032
-15.0561
-15.1067
-15.1544
-15.1985
-15.2381
-15.2724
-15.3003
-15.3209
-15.3329
-15.3354
-15.3269
-15.3063
-15.2724
-15.2239
-15.1596
-15.0783
-14.9788
-14.8603
-14.7218
-14.5624
-14.3817
-14.179
-13.954
-13.7062
-13.4358
-13.1426
-12.827
-12.4895
-12.1308
-11.752
-11.3543
-10.9391
-10.5083
-10.0636
-9.60737
-9.14178
-8.66937
-8.19272
-7.71451
-7.23744
-6.76421
-6.29742
-5.8396
-5.39312
-4.96013
-4.54259
-4.14218
-3.76031
-3.39809
-3.05633
-2.73554
-2.43599
-2.15769
-1.90043
-1.66379
-1.44718
-1.24987
-1.07102
-0.909692
-0.764915
-0.635674
-0.520954
-0.419743
-0.331073
-0.253988
-0.187635
-0.131116
-0.0837876
-0.0446851
-0.0136608
0.0108847
0.0275121
0.0406956
0.0430763
0.0508792
0.0333937
0.0544682
-0.011939
0.0983693
-14.2508
-14.2765
-14.2935
-14.3073
-14.3184
-14.332
-14.3489
-14.3708
-14.3982
-14.4313
-14.4697
-14.513
-14.5605
-14.6112
-14.6646
-14.7199
-14.7762
-14.8332
-14.89
-14.9462
-15.0011
-15.0543
-15.105
-15.1526
-15.1963
-15.2354
-15.2689
-15.296
-15.3156
-15.3265
-15.3278
-15.3182
-15.2964
-15.2613
-15.2116
-15.1462
-15.0639
-14.9635
-14.8442
-14.7049
-14.5449
-14.3636
-14.1605
-13.9351
-13.6872
-13.4167
-13.1237
-12.8085
-12.4716
-12.1137
-11.736
-11.3396
-10.9261
-10.497
-10.0545
-9.60055
-9.13752
-8.66787
-8.19417
-7.71908
-7.24525
-6.77533
-6.31192
-5.85748
-5.41431
-4.98455
-4.57008
-4.17254
-3.7933
-3.43342
-3.09367
-2.77456
-2.47634
-2.199
-1.94234
-1.70593
-1.48921
-1.29146
-1.11185
-0.949502
-0.803454
-0.672733
-0.556355
-0.453345
-0.362766
-0.283696
-0.215303
-0.156726
-0.107325
-0.0661845
-0.0331048
-0.00662252
0.0120842
0.0269768
0.0317696
0.0405753
0.0270964
0.0461611
-0.00955088
0.0838436
-14.2943
-14.3086
-14.3138
-14.318
-14.3231
-14.3324
-14.3459
-14.365
-14.3898
-14.4206
-14.4573
-14.4995
-14.5462
-14.5969
-14.6505
-14.7062
-14.7631
-14.8205
-14.8777
-14.9341
-14.989
-15.0418
-15.0919
-15.1387
-15.1814
-15.2193
-15.2515
-15.2772
-15.2953
-15.3048
-15.3045
-15.2934
-15.2702
-15.2338
-15.1829
-15.1163
-15.0328
-14.9315
-14.8113
-14.6713
-14.5107
-14.329
-14.1256
-13.9001
-13.6523
-13.382
-13.0895
-12.775
-12.4391
-12.0826
-11.7064
-11.3119
-10.9006
-10.474
-10.0343
-9.58336
-9.12364
-8.65753
-8.18757
-7.71637
-7.24657
-6.78076
-6.32148
-5.87113
-5.43198
-5.00607
-4.59526
-4.20112
-3.82497
-3.46783
-3.13046
-2.81333
-2.51667
-2.24047
-1.98454
-1.74847
-1.53169
-1.33353
-1.15319
-0.989804
-0.842467
-0.710234
-0.592161
-0.487309
-0.394774
-0.313667
-0.243183
-0.182492
-0.130962
-0.0877226
-0.052531
-0.0240391
-0.00320656
0.0134909
0.0206897
0.0306512
0.0209932
0.0383419
-0.00723093
0.0696152
-14.2479
-14.2733
-14.2889
-14.3012
-14.3096
-14.3195
-14.332
-14.3491
-14.3717
-14.4004
-14.4354
-14.4762
-14.5222
-14.5725
-14.6261
-14.6818
-14.7389
-14.7963
-14.8534
-14.9093
-14.9636
-15.0155
-15.0646
-15.1101
-15.1514
-15.1879
-15.2186
-15.2427
-15.2592
-15.2671
-15.2654
-15.2528
-15.2283
-15.1906
-15.1384
-15.0707
-14.9863
-14.8842
-14.7632
-14.6227
-14.4618
-14.2799
-14.0765
-13.8511
-13.6037
-13.3341
-13.0424
-12.7291
-12.3946
-12.0399
-11.6659
-11.2739
-10.8654
-10.442
-10.0057
-9.55852
-9.10282
-8.64098
-8.17549
-7.70892
-7.24384
-6.78281
-6.3283
-5.88264
-5.44804
-5.0265
-4.61978
-4.22942
-3.85667
-3.50254
-3.16775
-2.85274
-2.55775
-2.28277
-2.0276
-1.79186
-1.57502
-1.37641
-1.19529
-1.03082
-0.882129
-0.748325
-0.628496
-0.521742
-0.427192
-0.343992
-0.271363
-0.208505
-0.154795
-0.109401
-0.0720479
-0.0414854
-0.0184883
9.2393e-05
0.00968894
0.0209398
0.0149241
0.030893
-0.00517406
0.0561456
-14.3573
-14.3452
-14.3325
-14.3226
-14.3179
-14.3182
-14.3224
-14.3319
-14.348
-14.3716
-14.4029
-14.4416
-14.4865
-14.5365
-14.5901
-14.646
-14.703
-14.7602
-14.8167
-14.8719
-14.9251
-14.9758
-15.0235
-15.0676
-15.1075
-15.1424
-15.1716
-15.1942
-15.2094
-15.2159
-15.2128
-15.199
-15.1732
-15.1343
-15.081
-15.0124
-14.9272
-14.8244
-14.703
-14.5621
-14.4011
-14.2192
-14.016
-13.7912
-13.5444
-13.2758
-12.9854
-12.6737
-12.3412
-11.9888
-11.6175
-11.2285
-10.8233
-10.4037
-9.97144
-9.52869
-9.07765
-8.62069
-8.16028
-7.69892
-7.23914
-6.78342
-6.33415
-5.89363
-5.46397
-5.04711
-4.64476
-4.25839
-3.88922
-3.53821
-3.20606
-2.89321
-2.59989
-2.32609
-2.07163
-1.83616
-1.61916
-1.42003
-1.23803
-1.0724
-0.922282
-0.786834
-0.665185
-0.55647
-0.459855
-0.374517
-0.299702
-0.234638
-0.178714
-0.131131
-0.0915869
-0.0589151
-0.0337334
-0.0132166
-0.00124436
0.011404
0.00884528
0.0237898
-0.00349756
0.0437882
-14.214
-14.257
-14.2736
-14.2846
-14.2832
-14.2818
-14.2827
-14.2902
-14.3057
-14.3298
-14.362
-14.4014
-14.4467
-14.4965
-14.5495
-14.6044
-14.6603
-14.7161
-14.7712
-14.8249
-14.8767
-14.926
-14.9723
-15.0151
-15.0536
-15.0872
-15.1151
-15.1365
-15.1502
-15.1555
-15.1511
-15.1359
-15.1089
-15.0689
-15.0147
-14.9452
-14.8593
-14.7559
-14.6342
-14.4931
-14.3321
-14.1505
-13.9477
-13.7236
-13.4778
-13.2105
-12.9217
-12.612
-12.2818
-11.9321
-11.5639
-11.1785
-10.7772
-10.3618
-9.93415
-9.49629
-9.0504
-8.59882
-8.14395
-7.68824
-7.23415
-6.78409
-6.34038
-5.90525
-5.48074
-5.06872
-4.67084
-4.28853
-3.92295
-3.57505
-3.24549
-2.93472
-2.64296
-2.37024
-2.11638
-1.88105
-1.66379
-1.46402
-1.28106
-1.11417
-0.962558
-0.825405
-0.701886
-0.591173
-0.492464
-0.404967
-0.327951
-0.260672
-0.202527
-0.152748
-0.111009
-0.0762172
-0.0488554
-0.0263786
-0.0120719
0.00205323
0.00275662
0.0170287
-0.00228107
0.0327631
-14.5073
-14.4114
-14.3584
-14.3203
-14.2971
-14.2832
-14.2753
-14.2748
-14.2826
-14.2999
-14.3266
-14.3619
-14.4042
-14.4519
-14.5033
-14.5569
-14.6116
-14.6663
-14.7203
-14.7729
-14.8235
-14.8717
-14.9168
-14.9583
-14.9955
-15.0278
-15.0543
-15.0743
-15.0866
-15.0904
-15.0847
-15.0682
-15.04
-14.9988
-14.9435
-14.8731
-14.7864
-14.6825
-14.5604
-14.4192
-14.2582
-14.0769
-13.8748
-13.6515
-13.407
-13.1411
-12.8543
-12.5468
-12.2193
-11.8727
-11.508
-11.1264
-10.7294
-10.3186
-9.89596
-9.46335
-9.02297
-8.57709
-8.12806
-7.67826
-7.23008
-6.78585
-6.34784
-5.91819
-5.49886
-5.09167
-4.69822
-4.31987
-3.95778
-3.61283
-3.28572
-2.97687
-2.68652
-2.4147
-2.16128
-1.92597
-1.70833
-1.50782
-1.32381
-1.15559
-1.00243
-0.863546
-0.738142
-0.625427
-0.524631
-0.434991
-0.355796
-0.286325
-0.225986
-0.174037
-0.130132
-0.093242
-0.0637326
-0.0393023
-0.0227235
-0.00707366
-0.00331204
0.0106169
-0.00156269
0.0231724
-14.0687
-14.1896
-14.2125
-14.2404
-14.2342
-14.2229
-14.2139
-14.2141
-14.2249
-14.2463
-14.2763
-14.3139
-14.3573
-14.405
-14.4559
-14.5086
-14.5623
-14.6159
-14.6688
-14.7204
-14.77
-14.8171
-14.8611
-14.9013
-14.9372
-14.9681
-14.9931
-15.0115
-15.0222
-15.0245
-15.0172
-14.9992
-14.9695
-14.927
-14.8706
-14.7992
-14.7116
-14.6071
-14.4845
-14.3432
-14.1824
-14.0015
-13.8
-13.5777
-13.3345
-13.0704
-12.7856
-12.4806
-12.1561
-11.8128
-11.4518
-11.0744
-10.6819
-10.2761
-9.85858
-9.43145
-8.99677
-8.55676
-8.11369
-7.66989
-7.22766
-6.78928
-6.35691
-5.93264
-5.51837
-5.11585
-4.72663
-4.35203
-3.99319
-3.65098
-3.32608
-3.01892
-2.72977
-2.45869
-2.20556
-1.97013
-1.752
-1.55067
-1.36557
-1.19601
-1.0413
-0.900693
-0.773435
-0.658764
-0.555934
-0.46421
-0.382899
-0.311302
-0.248834
-0.194776
-0.148767
-0.109832
-0.0782357
-0.0518882
-0.0331204
-0.0159287
-0.00931908
0.0045584
-0.00134693
0.015019
-14.8665
-14.4689
-14.3932
-14.3041
-14.2368
-14.197
-14.1737
-14.1657
-14.1711
-14.1887
-14.2181
-14.2563
-14.3014
-14.3514
-14.4042
-14.4585
-14.5129
-14.5668
-14.6194
-14.6703
-14.7189
-14.7648
-14.8074
-14.8462
-14.8805
-14.9097
-14.9331
-14.9497
-14.9587
-14.9592
-14.9502
-14.9307
-14.8995
-14.8555
-14.7978
-14.7252
-14.6368
-14.5315
-14.4086
-14.2671
-14.1064
-13.9259
-13.7252
-13.504
-13.2622
-12.9999
-12.7174
-12.4151
-12.0936
-11.7539
-11.3968
-11.0237
-10.6359
-10.235
-9.82284
-9.40125
-8.9723
-8.53815
-8.101
-7.6631
-7.2267
-6.79398
-6.36705
-5.94792
-5.53844
-5.1403
-4.75501
-4.38388
-4.028
-3.68826
-3.36532
-3.05965
-2.77153
-2.50103
-2.24809
-2.01247
-1.79383
-1.59169
-1.40551
-1.23466
-1.07847
-0.936233
-0.807218
-0.690692
-0.585937
-0.492238
-0.408922
-0.335304
-0.270811
-0.214743
-0.166724
-0.125827
-0.0922327
-0.0640317
-0.0431773
-0.0244542
-0.0152111
-0.00113751
-0.00160265
0.00823697
)
;

boundaryField
{
    outlet
    {
        type            fixedValue;
        value           uniform 0;
    }
    inlet
    {
        type            zeroGradient;
    }
    lowerWall
    {
        type            zeroGradient;
    }
    upperWall
    {
        type            zeroGradient;
    }
    frontAndBack
    {
        type            empty;
    }
}


// ************************************************************************* //
