/*--------------------------------*- C++ -*----------------------------------*\
| =========                 |                                                 |
| \\      /  F ield         | OpenFOAM: The Open Source CFD Toolbox           |
|  \\    /   O peration     | Version:  2.1.1                                 |
|   \\  /    A nd           | Web:      www.OpenFOAM.org                      |
|    \\/     M anipulation  |                                                 |
\*---------------------------------------------------------------------------*/
FoamFile
{
    version     2.0;
    format      ascii;
    class       volScalarField;
    location    "0.165";
    object      epsilon;
}
// * * * * * * * * * * * * * * * * * * * * * * * * * * * * * * * * * * * * * //

dimensions      [0 2 -3 0 0 0 0];

internalField   nonuniform List<scalar> 
6820
(
151.448
203.151
260.735
321.761
383.628
443.725
499.765
550.038
593.49
629.679
658.672
680.909
697.065
707.938
714.353
717.108
716.931
714.465
710.258
704.77
698.378
691.384
684.03
676.502
668.944
661.465
654.14
647.039
640.116
633.779
626.146
626.227
590.815
11.7448
21.4174
29.944
38.6249
47.581
56.5585
65.3205
73.6657
81.4319
88.5107
94.8473
100.434
105.303
109.508
113.122
116.223
118.887
121.188
123.19
124.952
126.523
127.944
129.248
130.466
131.62
132.731
133.819
134.907
136.021
137.23
138.552
140.464
142.618
5.83781
7.51678
9.20656
10.8092
12.3197
13.7472
15.0882
16.3389
17.4978
18.5647
19.5414
20.4314
21.24
21.9738
22.6399
23.2461
23.7998
24.3086
24.7792
25.2182
25.6311
26.023
26.3983
26.7609
27.1138
27.46
27.8017
28.1412
28.4802
28.8213
29.1671
29.5139
29.9119
5.2423
5.56004
6.00443
6.49345
6.98566
7.46184
7.9129
8.33454
8.72509
9.08438
9.41318
9.71282
9.98501
10.2316
10.4548
10.6564
10.8385
11.003
11.1518
11.2867
11.4093
11.521
11.6233
11.7174
11.8045
11.8855
11.9612
12.0323
12.0993
12.1626
12.2217
12.2771
12.3263
5.17349
5.18677
5.26821
5.39775
5.55637
5.72967
5.90778
6.08426
6.25509
6.41784
6.57112
6.71423
6.84692
6.96927
7.08154
7.18415
7.2776
7.36244
7.43924
7.5086
7.5711
7.62732
7.67781
7.72309
7.76366
7.8
7.83251
7.86161
7.88764
7.91092
7.93168
7.95017
7.96646
5.16878
5.12131
5.09602
5.09482
5.11536
5.15307
5.20299
5.26075
5.32292
5.38693
5.45089
5.5135
5.57382
5.63124
5.68538
5.73602
5.78304
5.82645
5.86631
5.90271
5.93579
5.96573
5.99268
6.01685
6.03842
6.05758
6.07451
6.08941
6.10244
6.11378
6.12359
6.132
6.13919
5.16887
5.11169
5.06115
5.01963
4.9884
4.96754
4.95615
4.95279
4.95587
4.96386
4.97543
4.98945
5.00503
5.02143
5.0381
5.05461
5.07062
5.08591
5.10031
5.1137
5.12601
5.13721
5.14728
5.15623
5.16409
5.17091
5.17672
5.18157
5.18554
5.18869
5.19107
5.19274
5.19378
5.16902
5.11063
5.05514
5.00339
4.95619
4.91413
4.87746
4.8461
4.81971
4.7978
4.77978
4.76509
4.75315
4.74347
4.73559
4.72913
4.72377
4.71923
4.71529
4.71176
4.70849
4.70537
4.7023
4.69921
4.69604
4.69275
4.68933
4.68574
4.68198
4.67805
4.67396
4.6697
4.66529
5.16904
5.11054
5.05431
5.00049
4.94927
4.9009
4.85558
4.81345
4.77454
4.7388
4.70609
4.67621
4.64894
4.62402
4.60123
4.5803
4.56103
4.54321
4.52665
4.51119
4.49668
4.483
4.47003
4.45769
4.44588
4.43454
4.42361
4.41305
4.4028
4.39285
4.38315
4.37369
4.36443
5.16904
5.11054
5.0542
5.00002
4.94795
4.89803
4.85027
4.8047
4.76137
4.72026
4.68137
4.64463
4.60998
4.57733
4.54655
4.51755
4.4902
4.46438
4.43996
4.41685
4.39493
4.37411
4.35429
4.33539
4.31733
4.30005
4.28348
4.26757
4.25227
4.23754
4.22333
4.20961
4.19634
5.16904
5.11053
5.05418
4.99994
4.94772
4.89747
4.84912
4.80264
4.75798
4.71512
4.67403
4.63468
4.59701
4.56099
4.52656
4.49366
4.46223
4.4322
4.4035
4.37607
4.34983
4.32471
4.30066
4.27761
4.2555
4.23427
4.21388
4.19428
4.17542
4.15727
4.13977
4.1229
4.10661
5.16904
5.11052
5.05417
4.99991
4.94767
4.89735
4.84888
4.80218
4.75718
4.71383
4.67208
4.63186
4.59315
4.55588
4.52001
4.4855
4.4523
4.42036
4.38963
4.36007
4.33163
4.30426
4.27792
4.25256
4.22813
4.2046
4.18192
4.16005
4.13897
4.11862
4.09899
4.08003
4.06171
5.16904
5.11052
5.05416
4.99989
4.94764
4.89731
4.8488
4.80205
4.75698
4.7135
4.67157
4.63111
4.59207
4.5544
4.51804
4.48295
4.44909
4.4164
4.38484
4.35438
4.32497
4.29657
4.26914
4.24265
4.21707
4.19235
4.16846
4.14538
4.12306
4.10148
4.08062
4.06044
4.0409
5.16904
5.11052
5.05415
4.99988
4.94762
4.89727
4.84876
4.80199
4.75689
4.71339
4.67141
4.63088
4.59175
4.55396
4.51746
4.48218
4.4481
4.41515
4.38329
4.35249
4.3227
4.29389
4.26601
4.23905
4.21295
4.18769
4.16325
4.13958
4.11667
4.09448
4.07299
4.05217
4.032
5.16903
5.11051
5.05414
4.99987
4.9476
4.89725
4.84873
4.80195
4.75684
4.71332
4.67132
4.63078
4.59162
4.55379
4.51724
4.48191
4.44775
4.41472
4.38277
4.35185
4.32193
4.29297
4.26493
4.23778
4.21148
4.18601
4.16133
4.13742
4.11425
4.09179
4.07001
4.0489
4.02842
5.16903
5.11051
5.05413
4.99986
4.94758
4.89723
4.8487
4.80191
4.7568
4.71327
4.67126
4.6307
4.59153
4.55369
4.51712
4.48177
4.44759
4.41453
4.38254
4.35158
4.32162
4.2926
4.2645
4.23729
4.21092
4.18537
4.1606
4.13659
4.11332
4.09074
4.06885
4.04761
4.027
5.16903
5.1105
5.05413
4.99985
4.94757
4.89721
4.84867
4.80188
4.75675
4.71322
4.6712
4.63063
4.59145
4.5536
4.51702
4.48166
4.44747
4.41439
4.38239
4.35141
4.32143
4.2924
4.26428
4.23703
4.21064
4.18505
4.16025
4.13621
4.11289
4.09027
4.06833
4.04704
4.02637
5.16903
5.1105
5.05412
4.99984
4.94756
4.89719
4.84865
4.80185
4.75672
4.71317
4.67115
4.63057
4.59138
4.55353
4.51694
4.48157
4.44736
4.41428
4.38226
4.35128
4.32128
4.29224
4.2641
4.23685
4.21044
4.18484
4.16002
4.13596
4.11262
4.08998
4.06801
4.0467
4.02601
5.16903
5.1105
5.05412
4.99983
4.94755
4.89718
4.84863
4.80183
4.75669
4.71313
4.6711
4.63052
4.59132
4.55345
4.51686
4.48148
4.44727
4.41417
4.38215
4.35116
4.32115
4.2921
4.26395
4.23669
4.21026
4.18465
4.15983
4.13575
4.1124
4.08974
4.06776
4.04643
4.02573
5.16903
5.1105
5.05412
4.99982
4.94754
4.89716
4.84861
4.8018
4.75666
4.7131
4.67106
4.63047
4.59127
4.55339
4.51679
4.4814
4.44718
4.41407
4.38204
4.35104
4.32103
4.29197
4.26381
4.23654
4.21011
4.18449
4.15965
4.13556
4.1122
4.08953
4.06754
4.0462
4.02548
5.16903
5.1105
5.05411
4.99982
4.94753
4.89715
4.8486
4.80178
4.75663
4.71307
4.67102
4.63043
4.59122
4.55333
4.51672
4.48133
4.4471
4.41399
4.38195
4.35094
4.32092
4.29184
4.26368
4.2364
4.20996
4.18433
4.15948
4.13538
4.11201
4.08933
4.06733
4.04597
4.02524
5.16903
5.11049
5.05411
4.99981
4.94752
4.89714
4.84858
4.80176
4.75661
4.71304
4.67099
4.63039
4.59117
4.55328
4.51666
4.48126
4.44702
4.41391
4.38186
4.35084
4.32081
4.29173
4.26356
4.23627
4.20982
4.18418
4.15932
4.13521
4.11183
4.08914
4.06713
4.04576
4.02502
5.16903
5.11049
5.05411
4.99981
4.94752
4.89713
4.84857
4.80175
4.75659
4.71302
4.67096
4.63035
4.59113
4.55323
4.51661
4.4812
4.44696
4.41383
4.38178
4.35075
4.32072
4.29163
4.26345
4.23615
4.20969
4.18404
4.15917
4.13506
4.11166
4.08897
4.06694
4.04557
4.02481
5.16903
5.11049
5.05411
4.99981
4.94751
4.89712
4.84856
4.80174
4.75657
4.71299
4.67093
4.63032
4.59109
4.55319
4.51656
4.48115
4.4469
4.41376
4.3817
4.35067
4.32063
4.29153
4.26335
4.23604
4.20957
4.18391
4.15904
4.13491
4.11151
4.0888
4.06677
4.04538
4.02462
5.16903
5.11049
5.0541
4.9998
4.94751
4.89712
4.84855
4.80172
4.75656
4.71297
4.67091
4.63029
4.59106
4.55315
4.51652
4.4811
4.44684
4.4137
4.38164
4.3506
4.32055
4.29144
4.26325
4.23593
4.20946
4.18379
4.15891
4.13477
4.11136
4.08865
4.0666
4.04521
4.02443
5.16903
5.11049
5.0541
4.9998
4.9475
4.89711
4.84854
4.80171
4.75654
4.71296
4.67089
4.63027
4.59103
4.55312
4.51648
4.48106
4.4468
4.41365
4.38158
4.35053
4.32048
4.29137
4.26317
4.23584
4.20936
4.18369
4.15879
4.13465
4.11123
4.08851
4.06645
4.04505
4.02426
5.16903
5.11049
5.0541
4.9998
4.9475
4.89711
4.84854
4.8017
4.75653
4.71294
4.67087
4.63025
4.59101
4.55309
4.51645
4.48102
4.44675
4.4136
4.38152
4.35047
4.32041
4.29129
4.26309
4.23575
4.20927
4.18359
4.15869
4.13454
4.11111
4.08838
4.06631
4.0449
4.02411
5.16903
5.11049
5.0541
4.9998
4.9475
4.89711
4.84853
4.8017
4.75653
4.71294
4.67086
4.63024
4.59099
4.55307
4.51643
4.48099
4.44672
4.41357
4.38148
4.35043
4.32036
4.29124
4.26302
4.23569
4.20919
4.1835
4.1586
4.13444
4.111
4.08826
4.06619
4.04477
4.02397
5.16903
5.11049
5.0541
4.9998
4.9475
4.8971
4.84853
4.80169
4.75651
4.71292
4.67084
4.63021
4.59097
4.55305
4.51639
4.48096
4.44668
4.41352
4.38144
4.35038
4.3203
4.29118
4.26296
4.23562
4.20912
4.18342
4.15851
4.13435
4.11091
4.08816
4.06608
4.04466
4.02385
5.16903
5.11049
5.0541
4.9998
4.9475
4.89711
4.84854
4.8017
4.75653
4.71294
4.67086
4.63023
4.59098
4.55306
4.5164
4.48096
4.44669
4.41353
4.38143
4.35037
4.32029
4.29116
4.26294
4.23559
4.20908
4.18338
4.15846
4.13429
4.11085
4.08809
4.06601
4.04458
4.02376
5.16903
5.11049
5.0541
4.9998
4.9475
4.8971
4.84853
4.80169
4.75651
4.71292
4.67084
4.6302
4.59096
4.55303
4.51638
4.48094
4.44666
4.4135
4.38141
4.35034
4.32026
4.29113
4.26291
4.23556
4.20905
4.18335
4.15843
4.13426
4.11082
4.08806
4.06598
4.04455
4.02373
5.16903
5.11049
5.0541
4.99981
4.94752
4.89714
4.84858
4.80176
4.7566
4.71301
4.67094
4.63031
4.59107
4.55314
4.51649
4.48105
4.44677
4.41361
4.38152
4.35045
4.32038
4.29125
4.26303
4.23568
4.20918
4.18349
4.15858
4.13442
4.11098
4.08824
4.06617
4.04476
4.02396
5.16903
5.11051
5.05414
4.99985
4.94756
4.89718
4.84861
4.80178
4.75661
4.71303
4.67096
4.63034
4.59111
4.5532
4.51657
4.48116
4.44691
4.41378
4.38173
4.35071
4.32068
4.2916
4.26344
4.23615
4.20972
4.1841
4.15926
4.13518
4.11183
4.08918
4.06721
4.04589
4.02519
5.16903
5.1105
5.05415
4.99992
4.9477
4.89739
4.8489
4.80214
4.75704
4.71352
4.67152
4.63098
4.59183
4.55402
4.5175
4.48221
4.44812
4.41516
4.38329
4.35248
4.32268
4.29385
4.26596
4.23897
4.21284
4.18754
4.16305
4.13932
4.11634
4.09407
4.07249
4.05157
4.03129
5.16905
5.11063
5.0544
5.00025
4.94809
4.89785
4.84947
4.80288
4.75802
4.71483
4.67324
4.63319
4.59463
4.5575
4.52175
4.48731
4.45413
4.42217
4.39138
4.3617
4.33308
4.3055
4.27889
4.25322
4.22845
4.20455
4.18146
4.15917
4.13764
4.11682
4.0967
4.07725
4.05843
5.16908
5.11079
5.05488
5.00137
4.95017
4.90121
4.85441
4.80973
4.76712
4.72651
4.68784
4.65102
4.61598
4.58264
4.5509
4.52068
4.4919
4.46448
4.43833
4.41337
4.38955
4.36678
4.34501
4.32418
4.30422
4.28509
4.26673
4.24911
4.23218
4.21589
4.20022
4.18513
4.17058
5.16939
5.11358
5.06201
5.01464
4.97149
4.9325
4.89749
4.86619
4.83829
4.81345
4.79137
4.77172
4.75424
4.73865
4.72473
4.71228
4.70109
4.69101
4.68189
4.67361
4.66605
4.65912
4.65273
4.6468
4.64128
4.63609
4.63121
4.62657
4.62215
4.61791
4.61383
4.60989
4.60605
5.17809
5.16328
5.16952
5.19122
5.22442
5.26609
5.31385
5.36581
5.42054
5.47696
5.53423
5.59169
5.64884
5.70529
5.76075
5.815
5.86788
5.91927
5.96911
6.01733
6.06392
6.10887
6.15219
6.19389
6.23402
6.27259
6.30966
6.34526
6.37945
6.41227
6.44376
6.47399
6.50301
5.63861
6.43044
7.14588
7.82564
8.49465
9.14693
9.7766
10.3813
10.9609
11.5162
12.0486
12.5598
13.0511
13.5241
13.9799
14.4197
14.8446
15.2552
15.6525
16.037
16.4094
16.7703
17.1201
17.4594
17.7884
18.1077
18.4176
18.7184
19.0105
19.2942
19.5699
19.8377
20.0981
44.7794
48.3124
51.8864
55.4656
59.0311
62.5709
66.0744
69.5319
72.9346
76.2748
79.5456
82.7411
85.8565
88.8878
91.8318
94.6862
97.4492
100.12
102.698
105.183
107.575
109.876
112.087
114.209
116.244
118.194
120.061
121.847
123.555
125.187
126.745
128.232
129.651
704.635
837.993
942.85
1022.27
1081.98
1122.83
1143.39
1143.07
1123.41
1088.23
1042.57
991.552
939.426
889.11
842.204
799.264
760.187
724.553
691.879
661.745
633.839
607.943
583.901
561.577
540.835
521.526
503.486
486.544
470.528
455.275
440.632
426.462
412.641
399.06
385.622
372.239
358.836
345.349
331.721
317.91
303.885
289.627
275.133
260.414
245.497
230.425
215.256
200.066
184.941
169.982
155.299
141.007
127.224
114.064
101.633
90.025
79.3156
69.5586
60.7835
52.9944
46.1704
40.2685
35.2273
30.9726
27.4224
24.4929
22.1029
20.1773
18.6495
17.4624
16.5684
15.9292
15.5144
15.2999
15.267
15.3999
15.6844
16.1055
16.646
17.2846
17.9949
18.7453
19.4989
20.2154
20.8531
21.3707
21.7306
21.9002
21.8538
21.5737
21.0513
20.2866
19.2894
18.0785
16.6831
15.1402
13.5022
11.797
10.245
7.9562
147.72
154.992
165.515
180.524
200.842
227.023
259.217
296.753
338.085
380.966
422.724
460.668
492.504
516.66
532.474
540.172
540.689
535.39
525.788
513.305
499.129
484.148
468.959
453.918
439.203
424.878
410.941
397.36
384.089
371.079
358.282
345.651
333.135
320.689
308.264
295.818
283.311
270.712
257.995
245.147
232.165
219.057
205.846
192.566
179.265
166.003
152.852
139.895
127.223
114.931
103.117
91.8777
81.3009
71.4647
62.4311
54.2429
46.9214
40.4645
34.8482
30.0284
25.9448
22.5261
19.6948
17.373
15.486
13.9658
12.7528
11.7966
11.0562
10.4987
10.099
9.83846
9.70379
9.68625
9.78044
9.98325
10.2926
10.7059
11.2186
11.8223
12.5029
13.2402
14.0066
14.7686
15.4878
16.1237
16.6365
16.9898
17.1532
17.1043
16.8296
16.3259
15.6002
14.6699
13.5631
12.3168
10.9811
9.58861
8.32334
6.48043
30.2895
30.7171
31.3604
32.4086
34.0313
36.4047
39.592
43.8614
49.5496
56.9842
66.4389
78.0803
91.9132
107.741
125.154
143.55
162.194
180.291
197.085
211.937
224.388
234.187
241.288
245.812
248.001
248.164
246.624
243.687
239.622
234.645
228.926
222.589
215.727
208.406
200.675
192.574
184.137
175.397
166.388
157.15
147.726
138.165
128.523
118.863
109.254
99.7713
90.4934
81.5008
72.8735
64.6877
57.0125
49.9066
43.4147
37.5655
32.3696
27.8195
23.8904
20.5426
17.7251
15.3801
13.4465
11.8647
10.5787
9.53873
8.70184
8.03219
7.50066
7.08411
6.76467
6.52894
6.36731
6.27344
6.24378
6.27714
6.37437
6.5379
6.77119
7.07798
7.46115
7.92135
8.45536
9.05437
9.7027
10.3772
11.0476
11.6787
12.2322
12.6707
12.9604
13.074
12.9933
12.7097
12.226
11.5562
10.7248
9.76661
8.72688
7.63956
6.65253
5.22938
12.3781
12.4465
12.5323
12.6411
12.7863
12.9886
13.2722
13.6576
14.1627
14.8281
15.7053
16.855
18.3443
20.2456
22.6319
25.5712
29.1169
33.2966
38.1003
43.4724
49.3078
55.4562
61.7317
67.9288
73.84
79.2729
84.0642
88.0893
91.2655
93.5513
94.9411
95.4581
95.1467
94.0654
92.2806
89.8628
86.8837
83.415
79.528
75.2938
70.7835
66.0684
61.2202
56.3105
51.4101
46.5876
41.9083
37.4318
33.2105
29.2874
25.6949
22.4532
19.5703
17.0423
14.8546
12.9842
11.4018
10.0751
8.97045
8.05565
7.30093
6.67992
6.16993
5.75194
5.41027
5.13226
4.90786
4.72924
4.59051
4.48745
4.41731
4.37868
4.37141
4.39654
4.45626
4.55383
4.69346
4.88
5.11852
5.41345
5.76748
6.18007
6.64585
7.1532
7.6834
8.21094
8.70496
9.13186
9.45852
9.65571
9.70107
9.58145
9.29421
8.8481
8.2625
7.56706
6.80021
5.99326
5.26036
4.20939
7.98296
8.0004
8.01702
8.03306
8.04977
8.06977
8.09666
8.13554
8.1882
8.25895
8.35395
8.48083
8.64859
8.8674
9.14844
9.50362
9.94521
10.4852
11.1348
11.9033
12.7973
13.8194
14.967
16.231
17.5944
19.0322
20.5111
21.9911
23.4269
24.771
25.9766
27.0007
27.8066
28.3659
28.6599
28.68
28.4274
27.9127
27.1546
26.1789
25.0166
23.7028
22.2751
20.7717
19.2304
17.6869
16.1734
14.7178
13.3428
12.0652
10.8959
9.84065
8.89994
8.0704
7.34567
6.71736
6.17605
5.71194
5.31548
4.97772
4.6905
4.44661
4.23976
4.06458
3.91656
3.79198
3.68783
3.60177
3.53206
3.47754
3.43763
3.41228
3.40205
3.40806
3.43211
3.47667
3.54489
3.64056
3.76797
3.93159
4.13545
4.38237
4.67268
5.00291
5.3645
5.74297
6.11799
6.46455
6.7553
6.96357
7.06657
7.04833
6.90172
6.62989
6.24579
5.772
5.23858
4.67131
4.15449
3.41208
6.14588
6.15135
6.15467
6.15611
6.15594
6.1545
6.15234
6.1503
6.14909
6.14958
6.15286
6.16027
6.17342
6.19414
6.22452
6.26684
6.32345
6.39674
6.48895
6.60208
6.73774
6.89699
7.08025
7.28705
7.51598
7.76445
8.02863
8.30336
8.5822
8.85753
9.12078
9.36282
9.57432
9.74636
9.87083
9.94107
9.9522
9.9015
9.7886
9.61551
9.38644
9.10761
8.78678
8.43281
8.05512
7.66316
7.26595
6.87169
6.48743
6.11893
5.77057
5.44538
5.14518
4.87072
4.62187
4.39783
4.19731
4.01868
3.86015
3.71985
3.59593
3.48661
3.39023
3.3053
3.2305
3.16468
3.1069
3.05644
3.01277
2.97559
2.94484
2.92072
2.90371
2.8946
2.89457
2.90517
2.92842
2.96677
3.02314
3.10075
3.20293
3.3327
3.4921
3.68133
3.89774
4.13481
4.38154
4.62252
4.83889
5.01031
5.11748
5.14499
5.08354
4.93188
4.69687
4.39352
4.04314
3.66465
3.31767
2.81396
5.19412
5.19332
5.19112
5.1875
5.18246
5.17605
5.16836
5.15956
5.14985
5.13947
5.12868
5.11777
5.10707
5.09699
5.08799
5.0806
5.0754
5.07301
5.07407
5.07915
5.0888
5.10342
5.12324
5.14831
5.17843
5.21314
5.25167
5.29298
5.33571
5.37823
5.41867
5.45499
5.48506
5.50672
5.51793
5.51686
5.50199
5.4722
5.42687
5.36588
5.28968
5.1992
5.09588
4.98152
4.85823
4.72827
4.59399
4.45767
4.32144
4.18723
4.0567
3.93118
3.81171
3.69901
3.59353
3.49546
3.40478
3.3213
3.24467
3.17447
3.11022
3.05139
2.99746
2.94792
2.9023
2.86019
2.82123
2.78514
2.75176
2.72098
2.69285
2.66752
2.64531
2.6267
2.61238
2.60327
2.60055
2.60572
2.62056
2.64715
2.68773
2.74459
2.81969
2.9142
3.02789
3.15842
3.30068
3.44644
3.58451
3.70165
3.78406
3.81945
3.79905
3.71936
3.58279
3.39792
3.17841
2.93652
2.71293
2.38209
4.6599
4.6532
4.64573
4.63743
4.62827
4.61825
4.60738
4.59569
4.58319
4.56992
4.55593
4.54126
4.52599
4.51019
4.49395
4.47739
4.46064
4.44386
4.42722
4.41093
4.39515
4.38007
4.36583
4.35251
4.34014
4.3287
4.31804
4.30795
4.29811
4.28812
4.27749
4.26568
4.25208
4.23609
4.21709
4.19454
4.16793
4.13689
4.10115
4.0606
4.01528
3.96539
3.91127
3.85341
3.79239
3.72891
3.66368
3.59747
3.53099
3.46496
3.39999
3.33664
3.27534
3.21644
3.16019
3.10672
3.05609
3.00825
2.96311
2.92051
2.88027
2.84214
2.80592
2.77136
2.73824
2.70636
2.67555
2.64567
2.61665
2.58843
2.56104
2.53459
2.50925
2.48528
2.46309
2.44319
2.42625
2.41315
2.40493
2.40283
2.40829
2.4228
2.44782
2.48451
2.53337
2.59385
2.66385
2.7394
2.81452
2.88152
2.93173
2.95673
2.94972
2.90695
2.8284
2.71821
2.58434
2.43383
2.29366
2.0809
4.35385
4.34168
4.3292
4.31634
4.30307
4.28935
4.27517
4.26049
4.24531
4.22963
4.21345
4.19676
4.17957
4.16185
4.14362
4.12488
4.10563
4.0859
4.06572
4.04513
4.02418
4.00292
3.98141
3.9597
3.93782
3.91581
3.89366
3.87136
3.84884
3.82603
3.80282
3.77906
3.7546
3.72927
3.7029
3.67531
3.64636
3.61592
3.58392
3.55032
3.51513
3.47842
3.44031
3.40097
3.36061
3.3195
3.27789
3.23608
3.19436
3.15298
3.11221
3.07226
3.0333
2.99548
2.95888
2.92355
2.88948
2.85663
2.82494
2.79429
2.76458
2.73565
2.70736
2.67958
2.65216
2.62498
2.59794
2.57093
2.54391
2.51685
2.48974
2.46265
2.43567
2.40894
2.38268
2.35719
2.33284
2.31012
2.28963
2.2721
2.25839
2.24943
2.24619
2.24957
2.26017
2.27811
2.30268
2.33217
2.3636
2.39288
2.41502
2.42486
2.41781
2.39082
2.34301
2.27598
2.19405
2.10068
2.01353
1.8775
4.18138
4.16449
4.14754
4.13049
4.1133
4.09595
4.07841
4.06066
4.04268
4.02446
4.00599
3.98724
3.9682
3.94885
3.92916
3.90912
3.88871
3.86791
3.8467
3.82509
3.80307
3.78065
3.75783
3.73463
3.71107
3.68715
3.66289
3.63831
3.6134
3.58817
3.56261
3.53669
3.51039
3.48368
3.45654
3.42892
3.40081
3.37218
3.34304
3.31338
3.28324
3.25265
3.22169
3.19043
3.15898
3.12743
3.09591
3.06453
3.03343
3.00269
2.97243
2.94272
2.91362
2.88517
2.85739
2.83025
2.80373
2.77776
2.75229
2.72721
2.70242
2.67783
2.65331
2.62877
2.60409
2.57919
2.55398
2.52839
2.50238
2.47593
2.44901
2.42167
2.39394
2.36592
2.33772
2.30951
2.28151
2.25399
2.2273
2.20186
2.17816
2.15679
2.13834
2.12344
2.1126
2.1061
2.10386
2.10524
2.10892
2.11287
2.11446
2.11074
2.09894
2.07694
2.04381
1.99992
1.94752
1.88789
1.83273
1.74433
4.08829
4.06772
4.0472
4.02671
4.00624
3.98577
3.96526
3.94471
3.9241
3.90343
3.88267
3.86181
3.84085
3.81975
3.7985
3.77709
3.75548
3.73366
3.71162
3.68932
3.66676
3.64393
3.62081
3.59741
3.57371
3.54974
3.52548
3.50095
3.47616
3.45112
3.42583
3.40031
3.37457
3.34862
3.32247
3.29614
3.26963
3.24296
3.21616
3.18925
3.16226
3.13523
3.10821
3.08124
3.05438
3.02768
3.0012
2.97498
2.94909
2.92356
2.89842
2.87369
2.84939
2.82549
2.802
2.77885
2.75601
2.73341
2.71097
2.68861
2.66625
2.64379
2.62114
2.5982
2.5749
2.55114
2.52688
2.50204
2.4766
2.45051
2.42377
2.3964
2.36841
2.33987
2.31084
2.28142
2.25176
2.22201
2.19238
2.16312
2.13453
2.10695
2.08075
2.05635
2.03411
2.01433
1.99713
1.98238
1.96956
1.95779
1.94579
1.93204
1.91498
1.89333
1.86637
1.83401
1.79744
1.75674
1.7199
1.65977
4.04109
4.01794
3.99487
3.97187
3.94894
3.92606
3.90323
3.88043
3.85766
3.83492
3.81219
3.78946
3.76674
3.744
3.72124
3.69843
3.67558
3.65265
3.62965
3.60654
3.58332
3.55997
3.53649
3.51286
3.48908
3.46515
3.44106
3.41682
3.39243
3.36791
3.34326
3.31849
3.29362
3.26868
3.24366
3.21861
3.19353
3.16845
3.14341
3.11842
3.09352
3.06873
3.0441
3.01965
2.99541
2.97142
2.9477
2.92427
2.90116
2.87838
2.85592
2.83379
2.81196
2.79041
2.76911
2.748
2.72702
2.70612
2.68521
2.66423
2.64309
2.6217
2.59998
2.57786
2.55526
2.53211
2.50836
2.48394
2.45883
2.43299
2.40643
2.37913
2.35113
2.32244
2.29314
2.26329
2.23297
2.2023
2.17141
2.14047
2.10965
2.07919
2.04931
2.02028
1.99237
1.96581
1.94078
1.91733
1.89534
1.8745
1.85425
1.8339
1.81267
1.78984
1.76501
1.73795
1.70935
1.67868
1.6518
1.60762
4.01889
3.99413
3.96943
3.9448
3.92024
3.89573
3.87129
3.84689
3.82255
3.79827
3.77404
3.74986
3.72573
3.70164
3.67759
3.65358
3.6296
3.60563
3.58168
3.55773
3.53376
3.50979
3.48579
3.46176
3.4377
3.4136
3.38946
3.36528
3.34107
3.31683
3.29257
3.2683
3.24403
3.21978
3.19556
3.1714
3.14731
3.12331
3.09943
3.07568
3.0521
3.02871
3.00552
2.98257
2.95986
2.93743
2.91527
2.8934
2.87183
2.85054
2.82953
2.80877
2.78825
2.76793
2.74775
2.72768
2.70766
2.68761
2.66748
2.64718
2.62664
2.60579
2.58454
2.56284
2.5406
2.51777
2.49429
2.47012
2.44522
2.41958
2.39317
2.366
2.33808
2.30945
2.28014
2.25021
2.21973
2.18878
2.15746
2.12589
2.0942
2.06255
2.03109
2.00002
1.96951
1.93976
1.91094
1.88315
1.85644
1.83074
1.8059
1.78163
1.75761
1.7335
1.70912
1.68425
1.65939
1.63372
1.61192
1.57623
4.00923
3.98358
3.95797
3.93239
3.90686
3.88137
3.85593
3.83053
3.80518
3.77988
3.75464
3.72945
3.70433
3.67927
3.65427
3.62934
3.60447
3.57966
3.55491
3.53021
3.50557
3.48098
3.45643
3.43193
3.40748
3.38306
3.35869
3.33437
3.31009
3.28587
3.26172
3.23763
3.21363
3.18971
3.16591
3.14223
3.11868
3.09529
3.07206
3.04903
3.02621
3.0036
2.98124
2.95912
2.93727
2.91569
2.89439
2.87336
2.8526
2.8321
2.81184
2.79179
2.77193
2.75222
2.7326
2.71304
2.69347
2.67383
2.65405
2.63407
2.61381
2.5932
2.57218
2.55067
2.52861
2.50594
2.48262
2.4586
2.43386
2.40836
2.38209
2.35506
2.32728
2.29878
2.26958
2.23975
2.20933
2.1784
2.14705
2.11536
2.08345
2.05143
2.01944
1.9876
1.95607
1.925
1.89453
1.86478
1.83586
1.80782
1.78065
1.75429
1.72866
1.70363
1.67915
1.65508
1.63182
1.60847
1.58908
1.55757
4.00529
3.9792
3.95312
3.92706
3.90102
3.875
3.849
3.82304
3.7971
3.77121
3.74536
3.71956
3.69381
3.66812
3.6425
3.61694
3.59145
3.56604
3.5407
3.51544
3.49026
3.46516
3.44014
3.4152
3.39035
3.36559
3.34092
3.31635
3.29189
3.26753
3.24329
3.21917
3.19519
3.17135
3.14767
3.12415
3.10082
3.07769
3.05476
3.03205
3.00958
2.98735
2.96538
2.94368
2.92224
2.90107
2.88018
2.85955
2.83917
2.81903
2.79911
2.77937
2.7598
2.74034
2.72096
2.70159
2.68219
2.6627
2.64305
2.62318
2.60301
2.58249
2.56155
2.54011
2.51813
2.49555
2.47232
2.4484
2.42376
2.39837
2.37224
2.34535
2.31773
2.28938
2.26036
2.23069
2.20044
2.16967
2.13846
2.10689
2.07506
2.04306
2.01101
1.97903
1.94723
1.91575
1.88471
1.85424
1.82444
1.79541
1.76722
1.73989
1.71346
1.6879
1.66326
1.63943
1.61679
1.59441
1.57605
1.54641
4.00371
3.97742
3.95113
3.92484
3.89855
3.87227
3.846
3.81974
3.7935
3.76729
3.7411
3.71496
3.68885
3.6628
3.6368
3.61086
3.58498
3.55918
3.53345
3.5078
3.48224
3.45676
3.43138
3.4061
3.38093
3.35586
3.33091
3.30609
3.28139
3.25683
3.23242
3.20816
3.18407
3.16015
3.13642
3.11289
3.08957
3.06647
3.0436
3.02097
2.99859
2.97648
2.95463
2.93305
2.91174
2.89071
2.86994
2.84943
2.82917
2.80913
2.7893
2.76965
2.75013
2.73072
2.71137
2.69203
2.67264
2.65315
2.63349
2.61361
2.59344
2.57291
2.55197
2.53054
2.50858
2.48603
2.46285
2.43899
2.41443
2.38915
2.36314
2.33639
2.30892
2.28075
2.25191
2.22245
2.19241
2.16186
2.13087
2.09952
2.0679
2.03609
2.00421
1.97236
1.94064
1.90917
1.87808
1.84747
1.81745
1.78813
1.75959
1.73192
1.70518
1.67939
1.65465
1.63088
1.60845
1.58642
1.56842
1.53945
4.00301
3.97663
3.95025
3.92385
3.89745
3.87105
3.84464
3.81825
3.79186
3.76548
3.73913
3.7128
3.68651
3.66025
3.63404
3.60788
3.58177
3.55573
3.52976
3.50386
3.47805
3.45232
3.42669
3.40116
3.37574
3.35044
3.32525
3.3002
3.27529
3.25053
3.22593
3.2015
3.17725
3.15319
3.12933
3.10569
3.08226
3.05907
3.03613
3.01343
2.991
2.96884
2.94695
2.92533
2.90399
2.88292
2.86211
2.84156
2.82125
2.80117
2.78128
2.76156
2.74198
2.72249
2.70306
2.68363
2.66416
2.64458
2.62485
2.60489
2.58465
2.56407
2.54307
2.52162
2.49965
2.4771
2.45394
2.43013
2.40564
2.38045
2.35455
2.32794
2.30062
2.27263
2.24398
2.21473
2.18492
2.15461
2.12387
2.09278
2.06143
2.02989
1.99827
1.96666
1.93517
1.90391
1.87299
1.8425
1.81257
1.78329
1.75475
1.72704
1.70025
1.67443
1.64967
1.62591
1.60353
1.58158
1.56364
1.53476
4.00261
3.97619
3.94976
3.92331
3.89686
3.8704
3.84393
3.81746
3.791
3.76454
3.7381
3.71168
3.68528
3.65892
3.63259
3.6063
3.58006
3.55388
3.52776
3.50171
3.47573
3.44984
3.42404
3.39833
3.37273
3.34725
3.32188
3.29665
3.27156
3.24663
3.22185
3.19725
3.17283
3.14861
3.12459
3.10079
3.07722
3.05389
3.0308
3.00797
2.98541
2.96311
2.94109
2.91934
2.89787
2.87667
2.85574
2.83506
2.81461
2.79439
2.77436
2.7545
2.73477
2.71514
2.69557
2.676
2.65639
2.63668
2.61683
2.59676
2.57642
2.55574
2.53468
2.51318
2.49117
2.46862
2.44547
2.42169
2.39726
2.37215
2.34636
2.31987
2.29271
2.26489
2.23644
2.2074
2.17782
2.14776
2.11728
2.08647
2.0554
2.02416
1.99283
1.96152
1.93032
1.89934
1.86868
1.83843
1.80871
1.77961
1.75122
1.72363
1.69692
1.67115
1.64642
1.62268
1.60028
1.5783
1.56029
1.53123
4.0023
3.97587
3.94941
3.92293
3.89644
3.86995
3.84344
3.81694
3.79043
3.76393
3.73744
3.71096
3.68451
3.65807
3.63167
3.60531
3.57899
3.55271
3.5265
3.50034
3.47426
3.44825
3.42232
3.39649
3.37076
3.34514
3.31964
3.29426
3.26903
3.24394
3.21901
3.19425
3.16968
3.1453
3.12112
3.09716
3.07342
3.04993
3.02668
3.00368
2.98095
2.95849
2.9363
2.91438
2.89274
2.87136
2.85025
2.82939
2.80877
2.78836
2.76815
2.74811
2.7282
2.70839
2.68864
2.6689
2.64913
2.62927
2.60926
2.58906
2.5686
2.54783
2.52669
2.50512
2.48307
2.4605
2.43735
2.41361
2.38923
2.3642
2.3385
2.31214
2.28513
2.25747
2.22921
2.20039
2.17104
2.14123
2.11102
2.08049
2.04971
2.01876
1.98774
1.95674
1.92586
1.89518
1.86481
1.83485
1.80538
1.77652
1.74834
1.72092
1.69434
1.66867
1.644
1.62026
1.59782
1.57576
1.55762
1.52826
4.00204
3.97558
3.9491
3.9226
3.89609
3.86957
3.84304
3.8165
3.78997
3.76344
3.73691
3.71039
3.68389
3.65742
3.63096
3.60454
3.57816
3.55183
3.52554
3.49931
3.47314
3.44705
3.42103
3.3951
3.36927
3.34354
3.31792
3.29242
3.26706
3.24185
3.21678
3.19189
3.16717
3.14264
3.11831
3.09419
3.0703
3.04663
3.02322
3.00005
2.97714
2.9545
2.93213
2.91002
2.88819
2.86662
2.84532
2.82426
2.80344
2.78283
2.76242
2.74218
2.72207
2.70207
2.68213
2.66221
2.64226
2.62223
2.60208
2.58173
2.56115
2.54027
2.51904
2.4974
2.47531
2.45271
2.42957
2.40584
2.38151
2.35656
2.33096
2.30472
2.27785
2.25036
2.22229
2.19368
2.16456
2.13499
2.10505
2.07479
2.0443
2.01366
1.98294
1.95225
1.92168
1.89131
1.86124
1.83157
1.80238
1.77376
1.7458
1.71857
1.69214
1.66657
1.64195
1.61822
1.59572
1.57356
1.55526
1.52552
4.00179
3.97531
3.94882
3.9223
3.89577
3.86922
3.84267
3.81611
3.78955
3.76299
3.73643
3.70988
3.68335
3.65683
3.63034
3.60388
3.57744
3.55105
3.52471
3.49842
3.47218
3.44601
3.41992
3.39391
3.36799
3.34216
3.31645
3.29085
3.26538
3.24005
3.21486
3.18984
3.16499
3.14032
3.11585
3.09158
3.06754
3.04372
3.02013
2.9968
2.97371
2.95089
2.92834
2.90605
2.88402
2.86226
2.84075
2.81949
2.79847
2.77766
2.75704
2.73659
2.71629
2.69609
2.67595
2.65585
2.63572
2.61553
2.59521
2.57473
2.55402
2.53303
2.51171
2.49
2.46786
2.44524
2.4221
2.3984
2.37411
2.34922
2.32372
2.2976
2.27087
2.24356
2.21567
2.18726
2.15837
2.12905
2.09937
2.06938
2.03918
2.00883
1.97842
1.94803
1.91776
1.8877
1.85793
1.82853
1.79961
1.77124
1.74349
1.71644
1.69016
1.66468
1.64011
1.61636
1.59379
1.57149
1.553
1.52284
4.00156
3.97506
3.94855
3.92201
3.89546
3.8689
3.84232
3.81574
3.78915
3.76257
3.73598
3.70941
3.68284
3.65629
3.62976
3.60325
3.57678
3.55034
3.52394
3.49759
3.4713
3.44507
3.4189
3.39282
3.36681
3.34091
3.3151
3.28941
3.26384
3.2384
3.21311
3.18797
3.163
3.1382
3.1136
3.08919
3.065
3.04103
3.01729
2.99379
2.97054
2.94754
2.92481
2.90233
2.88012
2.85817
2.83647
2.81501
2.79378
2.77277
2.75195
2.7313
2.7108
2.6904
2.67008
2.64979
2.62949
2.60913
2.58866
2.56804
2.5472
2.52611
2.5047
2.48292
2.46073
2.43808
2.41494
2.39126
2.36703
2.34221
2.3168
2.2908
2.26422
2.23706
2.20936
2.18116
2.15249
2.12341
2.09399
2.06427
2.03435
2.00429
1.97418
1.94409
1.91412
1.88435
1.85486
1.82574
1.79707
1.76893
1.74138
1.7145
1.68833
1.66293
1.63837
1.61459
1.59191
1.56944
1.55075
1.52011
4.00133
3.97483
3.94829
3.92174
3.89517
3.86859
3.84199
3.81539
3.78878
3.76217
3.73556
3.70895
3.68235
3.65577
3.6292
3.60266
3.57614
3.54966
3.52321
3.49681
3.47046
3.44417
3.41794
3.39179
3.36571
3.33973
3.31384
3.28806
3.2624
3.23686
3.21147
3.18622
3.16113
3.13622
3.11149
3.08695
3.06262
3.03851
3.01462
2.99096
2.96755
2.94439
2.92149
2.89884
2.87644
2.8543
2.83241
2.81076
2.78934
2.76814
2.74712
2.72628
2.70558
2.68499
2.66449
2.64402
2.62354
2.60302
2.58241
2.56165
2.54069
2.5195
2.498
2.47616
2.45393
2.43126
2.40812
2.38446
2.36028
2.33553
2.31023
2.28435
2.25791
2.23092
2.20341
2.17541
2.14697
2.11813
2.08896
2.05951
2.02987
2.00009
1.97027
1.94047
1.91079
1.8813
1.85208
1.82322
1.79478
1.76685
1.73948
1.71273
1.68666
1.6613
1.63672
1.61287
1.59004
1.56736
1.54842
1.51725
4.00113
3.9746
3.94806
3.92149
3.8949
3.8683
3.84168
3.81506
3.78842
3.76179
3.73515
3.70852
3.68189
3.65528
3.62868
3.6021
3.57554
3.54901
3.52252
3.49607
3.46967
3.44332
3.41704
3.39082
3.36467
3.33862
3.31265
3.28679
3.26104
3.23541
3.20992
3.18457
3.15938
3.13435
3.1095
3.08484
3.06038
3.03613
3.0121
2.9883
2.96474
2.94142
2.91835
2.89553
2.87296
2.85065
2.82858
2.80674
2.78514
2.76374
2.74254
2.72151
2.70063
2.67986
2.65917
2.63853
2.6179
2.59722
2.57647
2.55558
2.53451
2.51321
2.49164
2.46974
2.44747
2.42479
2.40166
2.37804
2.35391
2.32925
2.30404
2.27829
2.252
2.22519
2.19787
2.17008
2.14187
2.11327
2.08436
2.05518
2.02581
1.99631
1.96677
1.93725
1.90784
1.87862
1.84965
1.82102
1.79279
1.76503
1.73781
1.71116
1.68514
1.65977
1.63514
1.61116
1.58813
1.5652
1.54596
1.51423
4.00093
3.9744
3.94783
3.92125
3.89464
3.86802
3.84139
3.81474
3.78809
3.76143
3.73477
3.70811
3.68145
3.65481
3.62818
3.60156
3.57497
3.5484
3.52187
3.49537
3.46892
3.44252
3.41618
3.3899
3.36369
3.33756
3.31153
3.28559
3.25976
3.23404
3.20846
3.18301
3.15772
3.13259
3.10762
3.08285
3.05826
3.03389
3.00973
2.98579
2.96208
2.93861
2.91539
2.89241
2.86968
2.8472
2.82496
2.80295
2.78117
2.7596
2.73822
2.71701
2.69595
2.67501
2.65416
2.63336
2.61257
2.59175
2.57086
2.54986
2.52869
2.50731
2.48567
2.46372
2.44143
2.41875
2.39564
2.37207
2.34801
2.32344
2.29836
2.27275
2.24662
2.21999
2.19287
2.1653
2.13732
2.10897
2.08031
2.0514
2.02229
1.99307
1.96379
1.93454
1.90539
1.8764
1.84766
1.81923
1.79117
1.76355
1.73642
1.70982
1.68379
1.65837
1.63361
1.60944
1.58615
1.56293
1.54334
1.51107
4.00075
3.9742
3.94762
3.92102
3.8944
3.86777
3.84111
3.81445
3.78777
3.76109
3.73441
3.70772
3.68104
3.65437
3.6277
3.60106
3.57443
3.54782
3.52125
3.49471
3.46821
3.44176
3.41537
3.38903
3.36276
3.33657
3.31047
3.28446
3.25855
3.23276
3.20709
3.18155
3.15616
3.13093
3.10587
3.08098
3.05628
3.03179
3.0075
2.98343
2.95959
2.93599
2.91262
2.88949
2.86661
2.84397
2.82157
2.7994
2.77746
2.75572
2.73418
2.71281
2.69159
2.67049
2.64948
2.62854
2.60761
2.58667
2.56567
2.54456
2.52331
2.50187
2.48019
2.45822
2.43593
2.41327
2.39021
2.36671
2.34275
2.3183
2.29336
2.26791
2.24196
2.21553
2.18862
2.16128
2.13354
2.10543
2.07703
2.04837
2.01952
1.99055
1.96152
1.93251
1.90358
1.8748
1.84623
1.81795
1.79001
1.76247
1.73537
1.70875
1.68265
1.65708
1.63212
1.60771
1.58412
1.56058
1.54063
1.50807
4.00058
3.97402
3.94743
3.92082
3.89418
3.86753
3.84086
3.81417
3.78748
3.76078
3.73407
3.70736
3.68066
3.65396
3.62726
3.60059
3.57392
3.54729
3.52067
3.49409
3.46755
3.44106
3.41461
3.38822
3.3619
3.33565
3.30948
3.28341
3.25743
3.23156
3.20581
3.1802
3.15472
3.1294
3.10424
3.07925
3.05445
3.02984
3.00544
2.98126
2.95729
2.93356
2.91006
2.8868
2.86378
2.841
2.81846
2.79615
2.77406
2.75217
2.73049
2.70897
2.68762
2.66638
2.64525
2.62419
2.60316
2.58212
2.56104
2.53987
2.51858
2.49711
2.47542
2.45348
2.43123
2.40863
2.38566
2.36227
2.33844
2.31414
2.28937
2.2641
2.23835
2.21213
2.18545
2.15833
2.13082
2.10296
2.07479
2.04636
2.01775
1.98899
1.96018
1.93135
1.90259
1.87396
1.84551
1.81732
1.78942
1.76187
1.73472
1.70799
1.68173
1.65597
1.63076
1.60608
1.58221
1.55849
1.53832
1.50623
4.00044
3.97386
3.94726
3.92063
3.89398
3.86731
3.84063
3.81393
3.78721
3.76049
3.73377
3.70704
3.68031
3.65358
3.62686
3.60016
3.57346
3.54679
3.52015
3.49353
3.46695
3.44041
3.41392
3.38749
3.36111
3.33481
3.30859
3.28245
3.25641
3.23048
3.20466
3.17897
3.15342
3.12801
3.10277
3.0777
3.0528
3.0281
3.00361
2.97932
2.95525
2.93141
2.9078
2.88443
2.8613
2.8384
2.81574
2.79332
2.77111
2.74912
2.72732
2.70571
2.68426
2.66294
2.64173
2.6206
2.59951
2.57844
2.55734
2.53617
2.51489
2.49346
2.47183
2.44997
2.42782
2.40534
2.38251
2.35927
2.33561
2.3115
2.28692
2.26185
2.23631
2.2103
2.18383
2.15693
2.12963
2.10196
2.07399
2.04575
2.0173
1.98871
1.96003
1.93133
1.90266
1.87409
1.84567
1.81746
1.78951
1.76187
1.73459
1.70769
1.68124
1.65527
1.62989
1.60511
1.58127
1.55794
1.53808
1.50856
4.00031
3.97372
3.94711
3.92047
3.89381
3.86712
3.84042
3.81371
3.78698
3.76024
3.7335
3.70675
3.68
3.65325
3.62651
3.59978
3.57306
3.54636
3.51969
3.49304
3.46643
3.43985
3.41333
3.38685
3.36044
3.3341
3.30783
3.28165
3.25556
3.22957
3.2037
3.17795
3.15234
3.12688
3.10157
3.07644
3.05148
3.02671
3.00214
2.97779
2.95365
2.92974
2.90606
2.88262
2.85942
2.83646
2.81374
2.79126
2.769
2.74697
2.72513
2.70349
2.68202
2.6607
2.6395
2.61839
2.59735
2.57633
2.5553
2.53423
2.51306
2.49175
2.47027
2.44856
2.42658
2.40428
2.38163
2.35859
2.33512
2.3112
2.28681
2.26193
2.23657
2.21072
2.18441
2.15766
2.13049
2.10296
2.07509
2.04695
2.01858
1.99005
1.9614
1.93271
1.90403
1.87542
1.84694
1.81864
1.79058
1.76281
1.73541
1.70842
1.68195
1.65609
1.63102
1.60691
1.58418
1.56294
1.54501
1.52322
4.00021
3.97362
3.947
3.92035
3.89368
3.86698
3.84027
3.81355
3.78681
3.76006
3.7333
3.70654
3.67978
3.65301
3.62626
3.59951
3.57278
3.54607
3.51937
3.49271
3.46608
3.43949
3.41295
3.38645
3.36002
3.33366
3.30737
3.28117
3.25506
3.22906
3.20317
3.17741
3.15178
3.1263
3.10098
3.07583
3.05086
3.02608
3.00151
2.97716
2.95302
2.92912
2.90546
2.88204
2.85887
2.83594
2.81327
2.79084
2.76866
2.7467
2.72496
2.70342
2.68207
2.66088
2.63983
2.61889
2.59802
2.57719
2.55637
2.5355
2.51454
2.49346
2.47219
2.4507
2.42893
2.40683
2.38436
2.36149
2.33817
2.31438
2.2901
2.26531
2.24002
2.21422
2.18794
2.1612
2.13404
2.10649
2.07859
2.05041
2.022
1.9934
1.96469
1.93593
1.90717
1.87849
1.84995
1.82163
1.79361
1.76598
1.73886
1.71239
1.68678
1.66228
1.63929
1.61826
1.59981
1.58526
1.57358
1.57215
4.00018
3.97359
3.94697
3.92032
3.89365
3.86696
3.84025
3.81353
3.78679
3.76005
3.7333
3.70654
3.67979
3.65304
3.6263
3.59956
3.57285
3.54615
3.51948
3.49284
3.46624
3.43968
3.41317
3.38671
3.36032
3.334
3.30776
3.28161
3.25556
3.22962
3.2038
3.17811
3.15257
3.12717
3.10195
3.07691
3.05205
3.0274
3.00297
2.97876
2.95478
2.93105
2.90757
2.88435
2.86139
2.83869
2.81626
2.79408
2.77217
2.75049
2.72905
2.70782
2.68679
2.66593
2.64521
2.6246
2.60406
2.58355
2.56303
2.54245
2.52177
2.50092
2.47986
2.45853
2.43689
2.41488
2.39246
2.36958
2.34623
2.32236
2.29797
2.27304
2.24759
2.22162
2.19516
2.16823
2.14089
2.11316
2.08511
2.05679
2.02827
1.99962
1.9709
1.94219
1.91359
1.88518
1.85709
1.82944
1.80241
1.7762
1.75108
1.72742
1.70572
1.6866
1.67097
1.66002
1.65474
1.65929
1.66548
1.71681
4.00043
3.97386
3.94727
3.92066
3.89403
3.86738
3.84072
3.81405
3.78737
3.76069
3.73401
3.70734
3.68067
3.65401
3.62737
3.60074
3.57414
3.54757
3.52103
3.49454
3.46808
3.44169
3.41535
3.38908
3.36288
3.33677
3.31075
3.28483
3.25903
3.23335
3.20781
3.18241
3.15717
3.1321
3.10722
3.08253
3.05805
3.03379
3.00977
2.98599
2.96246
2.93919
2.91619
2.89346
2.87102
2.84884
2.82695
2.80532
2.78395
2.76282
2.74192
2.72122
2.7007
2.68032
2.66005
2.63985
2.61967
2.59947
2.57918
2.55877
2.53817
2.51732
2.49619
2.4747
2.45282
2.43051
2.40772
2.38443
2.36062
2.33628
2.31141
2.28601
2.2601
2.23372
2.2069
2.17969
2.15215
2.12433
2.09632
2.06818
2.04002
2.01194
1.98405
1.95649
1.92944
1.90308
1.87769
1.85356
1.83112
1.81091
1.79366
1.78033
1.7722
1.77097
1.77881
1.79876
1.83289
1.89214
1.95042
2.14349
4.00178
3.97537
3.94894
3.92251
3.89606
3.86962
3.84318
3.81675
3.79033
3.76392
3.73753
3.71116
3.68481
3.65849
3.63221
3.60597
3.57977
3.55362
3.52753
3.50149
3.47553
3.44964
3.42383
3.39811
3.37249
3.34697
3.32157
3.29629
3.27116
3.24616
3.22132
3.19666
3.17217
3.14787
3.12378
3.0999
3.07625
3.05284
3.02967
3.00675
2.9841
2.96171
2.93959
2.91774
2.89616
2.87483
2.85375
2.83289
2.81225
2.7918
2.7715
2.75132
2.73122
2.71115
2.69108
2.67094
2.65069
2.63027
2.60963
2.58872
2.56749
2.5459
2.52391
2.50149
2.47862
2.45528
2.43148
2.4072
2.38247
2.35732
2.33176
2.30585
2.27963
2.25317
2.22655
2.19985
2.17317
2.14663
2.12036
2.09453
2.06933
2.04496
2.02172
1.99993
1.98003
1.96254
1.94817
1.93784
1.93276
1.93453
1.94529
1.96784
2.00584
2.064
2.14811
2.26584
2.42222
2.64185
2.8575
3.41862
4.00838
3.98255
3.95675
3.93097
3.90523
3.87952
3.85385
3.82823
3.80265
3.77712
3.75165
3.72623
3.70087
3.67558
3.65036
3.62521
3.60013
3.57514
3.55023
3.52542
3.5007
3.47608
3.45157
3.42717
3.40289
3.37874
3.35472
3.33084
3.30711
3.28354
3.26014
3.2369
3.21385
3.19099
3.16832
3.14585
3.12359
3.10154
3.07969
3.05806
3.03663
3.01539
2.99435
2.97348
2.95276
2.93217
2.91169
2.89128
2.8709
2.85051
2.83008
2.80954
2.78886
2.76798
2.74687
2.72547
2.70376
2.6817
2.65928
2.63647
2.6133
2.58976
2.56588
2.5417
2.51726
2.49261
2.46782
2.44296
2.41812
2.39339
2.36886
2.34467
2.32095
2.29785
2.27555
2.25429
2.23429
2.21588
2.19941
2.18532
2.17414
2.16654
2.16336
2.16565
2.17479
2.19255
2.22126
2.26396
2.32461
2.40832
2.52162
2.67262
2.87122
3.12883
3.45807
3.87221
4.37752
5.00753
5.6222
6.89787
4.03723
4.0134
3.98965
3.96599
3.94242
3.91894
3.89556
3.87227
3.84907
3.82597
3.80296
3.78004
3.75722
3.73448
3.71184
3.68929
3.66682
3.64445
3.62216
3.59997
3.57786
3.55584
3.53391
3.51206
3.49031
3.46864
3.44706
3.42557
3.40417
3.38285
3.36161
3.34045
3.31937
3.29836
3.27742
3.25653
3.23568
3.21486
3.19405
3.17324
3.1524
3.1315
3.11052
3.08942
3.06818
3.04675
3.02511
3.00321
2.98103
2.95853
2.93571
2.91254
2.88903
2.86519
2.84104
2.81664
2.79205
2.76734
2.74262
2.718
2.69361
2.66962
2.64616
2.62343
2.60161
2.58089
2.5615
2.54366
2.52764
2.51374
2.50228
2.49365
2.48829
2.48673
2.48959
2.4976
2.51163
2.53273
2.56218
2.60152
2.65266
2.71801
2.80054
2.90402
3.03317
3.19392
3.39361
3.64119
3.94733
4.32434
4.78584
5.34588
6.01777
6.81152
7.73224
8.77546
9.92316
11.1701
12.3251
14.1675
4.15425
4.13595
4.11777
4.09971
4.08175
4.06389
4.04611
4.02841
4.01078
3.99319
3.97565
3.95814
3.94064
3.92315
3.90565
3.88814
3.87059
3.853
3.83535
3.81763
3.79983
3.78193
3.76392
3.74579
3.72751
3.70908
3.69048
3.67169
3.6527
3.63348
3.61402
3.59431
3.57431
3.55402
3.53341
3.51247
3.49118
3.46952
3.44749
3.42508
3.40229
3.37912
3.35559
3.33174
3.3076
3.28323
3.25873
3.23418
3.20972
3.18551
3.16171
3.13855
3.11626
3.09512
3.07541
3.05745
3.04159
3.0282
3.01764
3.01033
3.0067
3.00719
3.01228
3.02252
3.03848
3.06083
3.09032
3.1278
3.17425
3.23081
3.29879
3.37966
3.47513
3.58716
3.71798
3.87015
4.04664
4.25087
4.48687
4.75932
5.07377
5.43671
5.85571
6.33946
6.89767
7.54085
8.27973
9.12445
10.0833
11.161
12.3571
13.6635
15.063
16.5271
18.0177
19.4834
20.8742
22.126
23.1619
24.2639
4.60169
4.59671
4.59164
4.58646
4.58113
4.57562
4.56991
4.56396
4.55775
4.55125
4.54443
4.53726
4.52972
4.52177
4.51339
4.50456
4.49525
4.48544
4.47509
4.4642
4.45275
4.44071
4.42808
4.41484
4.401
4.38655
4.3715
4.35587
4.3397
4.323
4.30584
4.28829
4.27042
4.25235
4.2342
4.21614
4.19835
4.18106
4.16453
4.14906
4.13503
4.12282
4.11291
4.10581
4.10211
4.10245
4.10755
4.11818
4.13516
4.15939
4.1918
4.23337
4.28511
4.34805
4.42324
4.51174
4.61461
4.73291
4.86774
5.02021
5.19147
5.38277
5.59547
5.83106
6.09122
6.37787
6.69314
7.0394
7.4193
7.83568
8.29158
8.79019
9.33481
9.92876
10.5754
11.278
12.04
12.8646
13.7549
14.714
15.7445
16.8486
18.0272
19.2794
20.6015
21.986
23.4202
24.8854
26.3565
27.8018
29.1847
30.4652
31.603
32.5606
33.3078
33.8181
34.0943
34.0841
33.9604
33.1744
6.53537
6.57136
6.60679
6.64161
6.67583
6.70942
6.74237
6.77469
6.80638
6.83746
6.86794
6.89787
6.92727
6.95621
6.98476
7.013
7.04102
7.06896
7.09695
7.12516
7.15379
7.18306
7.21323
7.24459
7.27749
7.3123
7.34947
7.38947
7.43285
7.48024
7.5323
7.58981
7.65362
7.72464
7.80393
7.89261
7.99193
8.10325
8.22807
8.368
8.52479
8.70033
8.89666
9.11594
9.36049
9.63277
9.93533
10.2709
10.6422
11.0521
11.5035
11.9993
12.5424
13.1355
13.7813
14.4822
15.2406
16.0582
16.9367
17.8772
18.8802
19.946
21.074
22.263
23.5112
24.816
26.1738
27.5805
29.0308
30.5186
32.0368
33.5773
35.1312
36.6883
38.2379
39.7681
41.2666
42.7203
44.1153
45.4375
46.6716
47.802
48.812
49.6845
50.4019
50.9475
51.3061
51.4658
51.4191
51.1641
50.7042
50.0488
49.2092
48.202
47.042
45.7445
44.3454
42.7849
41.391
38.9137
20.3931
20.7266
21.0612
21.3968
21.7336
22.0717
22.4111
22.7521
23.0948
23.4395
23.7865
24.136
24.4885
24.8442
25.2036
25.5673
25.9357
26.3094
26.6892
27.0755
27.4694
27.8714
28.2825
28.7037
29.1359
29.5803
30.0378
30.5098
30.9975
31.5022
32.0255
32.5689
33.134
33.7226
34.3366
34.9781
35.6492
36.3523
37.0901
37.8653
38.681
39.5406
40.4477
41.4065
42.4211
43.4965
44.6378
45.8506
47.1409
48.5151
49.9797
51.5417
53.2077
54.9842
56.8769
58.8908
61.0286
63.2913
65.6762
68.1771
70.7827
73.4762
76.2344
79.0276
81.8197
84.5685
87.227
89.7449
92.0712
94.1566
95.956
97.4308
98.5514
99.298
99.6612
99.6415
99.2483
98.4984
97.4144
96.0227
94.3529
92.4365
90.3062
87.996
85.5396
82.9704
80.3192
77.6134
74.8753
72.122
69.364
66.6104
63.8624
61.1312
58.4138
55.732
53.0966
50.4685
48.1889
44.6981
131.223
132.956
134.643
136.283
137.871
139.404
140.881
142.298
143.653
144.943
146.166
147.319
148.4
149.407
150.338
151.19
151.96
152.648
153.251
153.766
154.192
154.527
154.768
154.914
154.962
154.911
154.757
154.5
154.137
153.665
153.084
152.389
151.58
150.654
149.609
148.443
147.154
145.741
144.203
142.538
140.746
138.827
136.781
134.611
132.318
129.906
127.38
124.746
122.011
119.185
116.279
113.308
110.286
107.231
104.164
101.107
98.0846
95.1218
92.2463
89.4856
86.8675
84.4189
82.1645
80.1266
78.3233
76.7682
75.4689
74.4272
73.6381
73.09
72.7655
72.6415
72.6908
72.8831
73.1866
73.5691
73.9987
74.445
74.8784
75.2704
75.593
75.8187
75.9207
75.874
75.6578
75.2572
74.6657
73.8868
72.934
71.8285
70.5982
69.27
67.8737
66.4246
64.9538
63.441
61.9673
60.3681
59.1227
56.7441
1.29019
1.16259
1.54061
1.64819
1.58668
1.4326
1.29716
1.59893
3.11191
5.53338
8.45563
11.7409
15.3093
19.0962
23.0518
27.14
31.337
35.6306
40.0194
44.5108
49.1195
53.8651
58.7691
63.8528
69.1352
74.6319
80.3535
86.3056
92.4878
98.8935
105.509
112.316
119.29
126.4
133.611
140.883
148.171
155.434
162.643
169.79
176.888
183.891
190.698
197.291
203.627
209.658
215.336
220.611
225.432
229.749
233.517
236.691
239.231
241.103
242.276
242.728
242.444
241.417
239.649
237.151
233.945
230.062
225.547
220.463
214.92
209.208
204.216
200.866
197.654
194.165
190.375
186.325
182.061
177.632
173.086
168.469
163.823
159.186
154.593
150.074
145.653
141.35
137.18
133.154
129.277
125.55
121.97
118.53
115.22
112.025
108.932
105.921
102.98
100.082
97.2318
94.3851
91.5923
88.7356
86.2929
82.2147
4.14627
2.73137
2.33574
2.2613
2.44514
3.02972
4.17801
5.88773
8.00635
10.3074
12.6725
15.059
17.4596
19.8872
22.3624
24.905
27.5297
30.2461
33.0605
35.9775
39.0019
42.1391
45.3952
48.7763
52.2879
55.9343
59.7176
63.6376
67.6914
71.873
76.1735
80.581
85.0806
89.6554
94.286
98.9526
103.636
108.323
113.007
117.696
122.391
127.055
131.636
136.109
140.448
144.623
148.604
152.358
155.854
159.06
161.944
164.477
166.63
168.378
169.697
170.57
170.98
170.917
170.377
169.36
167.873
165.931
163.554
160.775
157.641
154.237
150.714
147.171
143.514
139.706
135.766
131.728
127.632
123.519
119.423
115.375
111.405
107.533
103.778
100.152
96.6635
93.316
90.1085
87.036
84.0903
81.2601
78.5319
75.8894
73.3172
70.7957
68.3119
65.8424
63.3856
60.9047
58.433
55.8831
53.3922
50.6781
48.3593
44.1456
7.1706
4.15026
3.65727
3.68411
4.18748
5.2371
6.77958
8.60792
10.5282
12.4663
14.4298
16.4489
18.5605
20.7968
23.1782
25.7111
28.3912
31.2081
34.1502
37.2088
40.3797
43.6633
47.0643
50.5899
54.2484
58.0482
61.9964
66.0983
70.3571
74.7735
79.3457
84.0695
88.9386
93.9446
99.0781
104.328
109.683
115.126
120.638
126.19
131.751
137.301
142.806
148.23
153.532
158.672
163.607
168.293
172.688
176.749
180.431
183.696
186.503
188.818
190.609
191.849
192.518
192.601
192.091
190.989
189.304
187.055
184.267
180.978
177.236
173.105
168.662
163.976
159.083
154.018
148.828
143.565
138.281
133.024
127.837
122.759
117.821
113.047
108.455
104.057
99.8592
95.8618
92.0605
88.4463
85.0068
81.7261
78.5865
75.5678
72.6498
69.8101
67.0304
64.2865
61.5688
58.8457
56.1325
53.3654
50.6314
47.7352
45.1287
40.7941
9.65868
5.50076
5.01925
5.15513
5.76394
6.82864
8.24103
9.83374
11.5025
13.2331
15.0537
16.9984
19.0964
21.3676
23.8206
26.4546
29.2619
32.2326
35.3572
38.6296
42.0485
45.617
49.3425
53.2353
57.3074
61.5713
66.0388
70.7199
75.6227
80.7525
86.1117
91.6997
97.5126
103.543
109.781
116.211
122.816
129.57
136.441
143.39
150.38
157.369
164.309
171.152
177.846
184.334
190.559
196.463
201.985
207.068
211.655
215.691
219.125
221.912
224.013
225.395
226.035
225.917
225.038
223.406
221.038
217.965
214.227
209.876
204.973
199.591
193.809
187.707
181.36
174.838
168.21
161.544
154.906
148.353
141.936
135.697
129.669
123.878
118.342
113.071
108.066
103.326
98.8404
94.5969
90.5783
86.7643
83.1325
79.6585
76.3178
73.0841
69.9345
66.8419
63.7907
60.7491
57.7218
54.654
51.6081
48.4242
45.4992
40.8238
11.3657
6.46563
5.99796
6.19539
6.79768
7.74824
8.96578
10.3531
11.8561
13.4686
15.2091
17.1027
19.1729
21.4388
23.9131
26.602
29.5063
32.6236
35.9509
39.4863
43.2316
47.1918
51.3762
55.797
60.4684
65.4054
70.6226
76.1328
81.9463
88.0701
94.5074
101.257
108.313
115.664
123.293
131.179
139.29
147.591
156.038
164.576
173.147
181.693
190.153
198.464
206.556
214.357
221.792
228.788
235.267
241.158
246.391
250.899
254.623
257.513
259.525
260.628
260.802
260.038
258.346
255.744
252.267
247.966
242.901
237.144
230.78
223.897
216.594
208.969
201.117
193.13
185.094
177.088
169.186
161.45
153.931
146.673
139.707
133.055
126.729
120.736
115.071
109.726
104.686
99.9325
95.4436
91.194
87.1569
83.3038
79.6062
76.0345
72.5619
69.1587
65.8049
62.4681
59.146
55.7887
52.445
48.973
45.7605
40.7042
12.5255
6.977
6.5194
6.75809
7.34581
8.20879
9.29382
10.5474
11.938
13.4607
15.1293
16.9673
19.0022
21.2605
23.7651
26.5331
29.5761
32.9009
36.5119
40.4129
44.6089
49.1076
53.9194
59.0571
64.5353
70.3687
76.5711
83.1541
90.126
97.4905
105.246
113.386
121.897
130.758
139.941
149.412
159.125
169.033
179.07
189.166
199.245
209.228
219.037
228.589
237.8
246.581
254.843
262.498
269.459
275.644
280.975
285.383
288.807
291.198
292.518
292.746
291.874
289.911
286.883
282.834
277.821
271.92
265.218
257.812
249.81
241.325
232.472
223.366
214.117
204.828
195.593
186.496
177.607
168.988
160.683
152.729
145.149
137.956
131.153
124.736
118.694
113.01
107.663
102.627
97.8761
93.3796
89.1071
85.027
81.108
77.3182
73.6287
70.0083
66.4346
62.8756
59.3251
55.7377
52.1548
48.4461
45.0098
39.6273
13.2173
7.20559
6.72101
6.98562
7.57948
8.41
9.43382
10.6187
11.9472
13.4203
15.0556
16.8824
18.9365
21.2553
23.8738
26.8218
30.1233
33.7962
37.8539
42.3069
47.1648
52.4367
58.1329
64.2636
70.8393
77.869
85.3597
93.3146
101.732
110.606
119.923
129.662
139.795
150.286
161.091
172.159
183.43
194.831
206.279
217.686
228.957
239.996
250.707
260.994
270.756
279.897
288.318
295.924
302.626
308.339
312.989
316.511
318.854
319.981
319.872
318.524
315.953
312.193
307.299
301.342
294.411
286.611
278.057
268.874
259.192
249.144
238.86
228.465
218.076
207.797
197.721
187.923
178.465
169.395
160.746
152.537
144.777
137.464
130.587
124.131
118.072
112.386
107.042
102.009
97.2563
92.7494
88.4553
84.3405
80.3727
76.5196
72.7516
69.0385
65.3573
61.6781
57.9937
54.2643
50.5281
46.6653
43.09
37.4917
13.3722
7.19632
6.7186
7.02627
7.66348
8.5242
9.56614
10.7672
12.1212
13.6387
15.3467
17.2848
19.5008
22.0453
24.9677
28.313
32.119
36.4163
41.2283
46.5717
52.4581
58.8945
65.8845
73.4282
81.5225
90.1603
99.3305
109.017
119.198
129.845
140.925
152.395
164.207
176.303
188.624
201.095
213.635
226.152
238.548
250.72
262.561
273.964
284.822
295.031
304.487
313.09
320.743
327.356
332.846
337.138
340.172
341.901
342.293
341.336
339.036
335.418
330.531
324.442
317.239
309.027
299.929
290.076
279.614
268.689
257.451
246.043
234.605
223.261
212.126
201.294
190.844
180.836
171.312
162.299
153.808
145.836
138.373
131.397
124.881
118.794
113.101
107.766
102.752
98.0227
93.5414
89.2727
85.1821
81.2363
77.4036
73.6531
69.9569
66.2874
62.6235
58.9394
55.2292
51.4606
47.6711
43.7533
40.1342
34.4613
13.3214
7.12191
6.67139
7.05539
7.79575
8.77787
9.95932
11.3246
12.8773
14.6399
16.6523
18.9686
21.6524
24.7713
28.392
32.5755
37.374
42.8279
48.965
55.8003
63.3359
71.5626
80.4616
90.0059
100.161
110.888
122.141
133.873
146.03
158.557
171.391
184.467
197.717
211.067
224.43
237.719
250.838
263.688
276.167
288.167
299.581
310.301
320.223
329.245
337.273
344.214
349.986
354.512
357.729
359.584
360.041
359.079
356.698
352.918
347.777
341.339
333.688
324.927
315.178
304.581
293.287
281.454
269.246
256.827
244.353
231.971
219.815
208.002
196.628
185.771
175.484
165.802
156.743
148.303
140.469
133.214
126.503
120.293
114.54
109.198
104.22
99.5592
95.1731
91.0198
87.0602
83.2579
79.5789
75.9915
72.4661
68.9754
65.4949
62.0012
58.4773
54.9032
51.2765
47.5741
43.8347
39.9657
36.3998
30.8062
13.0273
7.01011
6.68868
7.2657
8.26502
9.57625
11.1651
13.027
15.1785
17.6571
20.5193
23.837
27.6911
32.1652
37.3385
43.2785
50.0362
57.6415
66.102
75.4019
85.504
96.3526
107.879
120.007
132.652
145.728
159.154
172.846
186.721
200.704
214.717
228.682
242.513
256.128
269.443
282.371
294.823
306.709
317.935
328.407
338.028
346.706
354.35
360.876
366.206
370.27
373.005
374.361
374.301
372.804
369.863
365.493
359.729
352.627
344.263
334.738
324.17
312.698
300.475
287.665
274.441
260.978
247.447
234.015
220.834
208.039
195.747
184.052
173.025
162.714
153.141
144.312
136.212
128.81
122.065
115.926
110.336
105.234
100.56
96.254
92.2593
88.5222
84.9936
81.6285
78.3866
75.2316
72.131
69.0558
65.9802
62.8811
59.739
56.5361
53.2608
49.9003
46.4573
42.9193
39.3275
35.6069
32.1849
26.8221
12.8005
7.00403
7.03279
8.11527
9.81137
12.0497
14.8301
18.171
22.0997
26.6552
31.8893
37.8628
44.6383
52.2724
60.8069
70.2611
80.6275
91.8691
103.923
116.701
130.093
143.978
158.235
172.742
187.384
202.054
216.661
231.119
245.349
259.276
272.83
285.948
298.568
310.627
322.063
332.813
342.808
351.981
360.259
367.57
373.841
379
382.98
385.719
387.163
387.266
385.995
383.328
379.259
373.798
366.975
358.839
349.459
338.928
327.357
314.877
301.639
287.804
273.546
259.045
244.481
230.03
215.857
202.114
188.933
176.425
164.674
153.743
143.666
134.455
126.1
118.573
111.83
105.815
100.464
95.7061
91.4697
87.6812
84.2692
81.1656
78.3068
75.6344
73.0959
70.6444
68.2393
65.8449
63.4308
60.9711
58.444
55.8312
53.1184
50.2943
47.3534
44.2907
41.1152
37.8253
34.4657
30.9813
27.7822
22.7858
12.4446
7.37317
8.4619
11.2228
15.4077
21.0927
28.3131
36.9907
46.9519
57.9887
69.9133
82.5694
95.8372
109.625
123.857
138.46
153.354
168.449
183.661
198.887
214.013
228.933
243.569
257.844
271.68
285.013
297.792
309.981
321.552
332.476
342.729
352.283
361.109
369.176
376.448
382.884
388.442
393.073
396.726
399.35
400.89
401.298
400.525
398.532
395.287
390.77
384.973
377.901
369.578
360.046
349.363
337.611
324.89
311.32
297.04
282.203
266.978
251.538
236.064
220.733
205.715
191.171
177.241
164.046
151.684
140.225
129.712
120.166
111.582
103.934
97.1795
91.2625
86.1165
81.6683
77.8405
74.554
71.7302
69.2918
67.1649
65.2793
63.57
61.9772
60.4475
58.9336
57.3944
55.7954
54.1074
52.3071
50.3759
48.2998
46.0695
43.6794
41.1304
38.4252
35.5792
32.602
29.5414
26.3635
23.4504
18.9299
12.2287
9.52803
16.0699
28.0532
46.0791
69.3243
95.8563
123.553
150.731
176.336
199.919
221.364
240.772
258.357
274.365
289.023
302.525
315.02
326.692
337.589
347.738
357.17
365.904
373.964
381.386
388.193
394.398
400.007
405.021
409.435
413.239
416.418
418.951
420.812
421.968
422.384
422.021
420.836
418.784
415.821
411.904
406.994
401.058
394.071
386.02
376.903
366.733
355.539
343.369
330.287
316.379
301.749
286.52
270.829
254.83
238.686
222.567
206.643
191.082
176.042
161.664
148.074
135.372
123.633
112.904
103.208
94.5412
86.8785
80.1766
74.378
69.4152
65.2145
61.6988
58.7905
56.4125
54.4896
52.9489
51.7198
50.7348
49.9291
49.2417
48.6154
47.9979
47.3423
46.6075
45.7583
44.7661
43.6081
42.2673
40.7326
38.998
37.0629
34.9331
32.6185
30.1402
27.5179
24.8026
21.9806
19.3977
15.4281
11.9053
33.149
98.0188
183.001
270.098
347.927
410.927
458.094
491.147
512.9
526.478
533.92
536.951
536.931
534.872
531.503
527.347
522.772
517.965
513.109
508.329
503.688
499.203
494.86
490.634
486.49
482.389
478.285
474.131
469.875
465.464
460.842
455.952
450.736
445.134
439.088
432.541
425.438
417.727
409.359
400.292
390.491
379.929
368.592
356.479
343.602
329.991
315.693
300.774
285.317
269.425
253.214
236.819
220.384
204.062
188.01
172.382
157.327
142.981
129.462
116.869
105.273
94.7197
85.2281
76.7913
69.3794
62.9439
57.4222
52.7422
48.8271
45.5993
42.9828
40.9058
39.3006
38.1045
37.2583
36.7059
36.393
36.2664
36.2734
36.3618
36.4804
36.5802
36.615
36.543
36.3276
35.938
35.3501
34.5461
33.515
32.2524
30.7603
29.0481
27.1309
25.0344
22.7869
20.4412
18.0017
15.7727
12.3899
15.2612
500.897
906.526
1141.13
1238.62
1249.2
1213.78
1158.77
1098.58
1039.83
984.61
933.515
886.461
843.208
803.551
767.323
734.351
704.417
677.255
652.57
630.074
609.497
590.601
573.173
557.029
542.001
527.937
514.688
502.116
490.084
478.464
467.134
455.981
444.901
433.799
422.587
411.189
399.534
387.56
375.215
362.456
349.252
335.585
321.448
306.854
291.829
276.418
260.682
244.7
228.569
212.398
196.309
180.434
164.91
149.873
135.457
121.783
108.958
97.0703
86.1827
76.333
67.532
59.765
52.9942
47.1629
42.2009
38.0292
34.5658
31.73
29.4457
27.6437
26.2629
25.2499
24.5591
24.1503
23.9878
24.038
24.2678
24.6428
25.1263
25.6786
26.2573
26.8186
27.3182
27.7135
27.9651
28.039
27.9069
27.548
26.9488
26.1038
25.0151
23.6934
22.157
20.4346
18.56
16.587
14.5342
12.6621
9.86225
)
;

boundaryField
{
    outlet
    {
        type            zeroGradient;
    }
    inlet
    {
        type            fixedValue;
        value           uniform 5.199;
    }
    lowerWall
    {
        type            epsilonWallFunction;
        Cmu             0.09;
        kappa           0.41;
        E               9.8;
        value           nonuniform List<scalar> 
148
(
151.448
203.151
260.735
321.761
383.628
443.725
499.765
550.038
593.49
629.679
658.672
680.909
697.065
707.938
714.353
717.108
716.931
714.465
710.258
704.77
698.378
691.384
684.03
676.502
668.944
661.465
654.14
647.039
640.116
633.779
626.146
626.227
590.815
1.29019
4.14627
7.1706
9.65868
11.3657
12.5255
13.2173
13.3722
13.3214
13.0273
12.8005
12.4446
12.2287
11.9053
15.2612
1.29019
1.16259
1.54061
1.64819
1.58668
1.4326
1.29716
1.59893
3.11191
5.53338
8.45563
11.7409
15.3093
19.0962
23.0518
27.14
31.337
35.6306
40.0194
44.5108
49.1195
53.8651
58.7691
63.8528
69.1352
74.6319
80.3535
86.3056
92.4878
98.8935
105.509
112.316
119.29
126.4
133.611
140.883
148.171
155.434
162.643
169.79
176.888
183.891
190.698
197.291
203.627
209.658
215.336
220.611
225.432
229.749
233.517
236.691
239.231
241.103
242.276
242.728
242.444
241.417
239.649
237.151
233.945
230.062
225.547
220.463
214.92
209.208
204.216
200.866
197.654
194.165
190.375
186.325
182.061
177.632
173.086
168.469
163.823
159.186
154.593
150.074
145.653
141.35
137.18
133.154
129.277
125.55
121.97
118.53
115.22
112.025
108.932
105.921
102.98
100.082
97.2318
94.3851
91.5923
88.7356
86.2929
82.2147
)
;
    }
    upperWall
    {
        type            epsilonWallFunction;
        Cmu             0.09;
        kappa           0.41;
        E               9.8;
        value           nonuniform List<scalar> 
133
(
44.7794
48.3124
51.8864
55.4656
59.0311
62.5709
66.0744
69.5319
72.9346
76.2748
79.5456
82.7411
85.8565
88.8878
91.8318
94.6862
97.4492
100.12
102.698
105.183
107.575
109.876
112.087
114.209
116.244
118.194
120.061
121.847
123.555
125.187
126.745
128.232
129.651
131.223
132.956
134.643
136.283
137.871
139.404
140.881
142.298
143.653
144.943
146.166
147.319
148.4
149.407
150.338
151.19
151.96
152.648
153.251
153.766
154.192
154.527
154.768
154.914
154.962
154.911
154.757
154.5
154.137
153.665
153.084
152.389
151.58
150.654
149.609
148.443
147.154
145.741
144.203
142.538
140.746
138.827
136.781
134.611
132.318
129.906
127.38
124.746
122.011
119.185
116.279
113.308
110.286
107.231
104.164
101.107
98.0846
95.1218
92.2463
89.4856
86.8675
84.4189
82.1645
80.1266
78.3233
76.7682
75.4689
74.4272
73.6381
73.09
72.7655
72.6415
72.6908
72.8831
73.1866
73.5691
73.9987
74.445
74.8784
75.2704
75.593
75.8187
75.9207
75.874
75.6578
75.2572
74.6657
73.8868
72.934
71.8285
70.5982
69.27
67.8737
66.4246
64.9538
63.441
61.9673
60.3681
59.1227
56.7441
)
;
    }
    frontAndBack
    {
        type            empty;
    }
}


// ************************************************************************* //
