/*--------------------------------*- C++ -*----------------------------------*\
| =========                 |                                                 |
| \\      /  F ield         | OpenFOAM: The Open Source CFD Toolbox           |
|  \\    /   O peration     | Version:  2.1.1                                 |
|   \\  /    A nd           | Web:      www.OpenFOAM.org                      |
|    \\/     M anipulation  |                                                 |
\*---------------------------------------------------------------------------*/
FoamFile
{
    version     2.0;
    format      ascii;
    class       volScalarField;
    location    "0.035";
    object      epsilon;
}
// * * * * * * * * * * * * * * * * * * * * * * * * * * * * * * * * * * * * * //

dimensions      [0 2 -3 0 0 0 0];

internalField   nonuniform List<scalar> 
6820
(
151.447
203.15
260.734
321.762
383.636
443.749
499.823
550.154
593.694
630.01
659.173
681.627
698.052
709.243
716.027
719.198
719.484
717.523
713.86
708.95
703.163
696.797
690.085
683.205
676.289
669.435
662.7
656.135
649.672
643.671
636.289
636.08
601.645
11.7448
21.4156
29.9378
38.6105
47.5532
56.5108
65.2454
73.5551
81.2777
88.3046
94.5812
100.101
104.893
109.016
112.54
115.545
118.106
120.299
122.19
123.839
125.297
126.61
127.817
128.953
130.053
131.149
132.279
133.49
134.835
136.426
138.343
141.041
144.598
5.83779
7.51704
9.20727
10.8104
12.3214
13.7494
15.0907
16.3416
17.5002
18.5662
19.5412
20.4287
21.2337
21.9625
22.6222
23.2201
23.7638
24.2604
24.7167
25.1388
25.5325
25.9027
26.2539
26.5901
26.9149
27.2317
27.5437
27.8547
28.1684
28.4906
28.8314
29.1862
29.6609
5.24228
5.56003
6.0045
6.49368
6.98619
7.4628
7.91445
8.33684
8.72831
9.08868
9.41871
9.7197
9.99331
10.2414
10.4659
10.6689
10.8521
11.0176
11.1671
11.3021
11.4243
11.535
11.6354
11.7267
11.8098
11.8853
11.9539
12.0158
12.071
12.1193
12.1592
12.1906
12.2052
5.17349
5.18678
5.26823
5.3978
5.55646
5.72983
5.90802
6.08461
6.25558
6.4185
6.57197
6.7153
6.84824
6.97085
7.08339
7.18626
7.27996
7.36502
7.44201
7.51152
7.5741
7.63033
7.68075
7.72586
7.76617
7.80211
7.83412
7.86258
7.88783
7.9102
7.92985
7.94715
7.9615
5.16877
5.1213
5.096
5.0948
5.11535
5.15307
5.20298
5.26073
5.32288
5.38685
5.45077
5.51331
5.57355
5.63087
5.68489
5.73538
5.78225
5.82548
5.86514
5.90133
5.9342
5.96392
5.99068
6.01468
6.03614
6.05528
6.07232
6.08753
6.10116
6.11351
6.12493
6.13579
6.14656
5.16887
5.11168
5.06116
5.01963
4.98842
4.96756
4.95617
4.9528
4.95586
4.96381
4.97532
4.98927
5.00475
5.02103
5.03756
5.0539
5.06972
5.0848
5.09897
5.11211
5.12417
5.13511
5.14494
5.15368
5.16138
5.1681
5.17394
5.17899
5.18341
5.18736
5.19105
5.19475
5.19879
5.16901
5.11062
5.05514
5.00339
4.9562
4.91416
4.8775
4.84616
4.81978
4.79787
4.77984
4.76512
4.75315
4.74341
4.73546
4.72891
4.72343
4.71876
4.71467
4.71098
4.70754
4.70424
4.701
4.69774
4.69444
4.69108
4.68765
4.68417
4.68071
4.67733
4.67416
4.67135
4.66911
5.16904
5.11054
5.05431
5.00049
4.94928
4.90093
4.85564
4.81353
4.77466
4.73895
4.70626
4.67641
4.64916
4.62426
4.60146
4.58053
4.56124
4.54339
4.52678
4.51127
4.4967
4.48296
4.46992
4.45752
4.44568
4.43433
4.42346
4.41302
4.40304
4.39354
4.38457
4.37624
4.36866
5.16904
5.11053
5.0542
5.00002
4.94796
4.89806
4.85032
4.80479
4.76149
4.72044
4.68159
4.64491
4.61032
4.57772
4.54701
4.51806
4.49077
4.465
4.44063
4.41757
4.39569
4.37491
4.35514
4.33629
4.31831
4.30113
4.28471
4.26902
4.25403
4.23977
4.22626
4.21355
4.20174
5.16904
5.11053
5.05418
4.99994
4.94773
4.8975
4.84917
4.80272
4.75811
4.7153
4.67427
4.63498
4.59739
4.56145
4.52711
4.49431
4.46298
4.43306
4.40447
4.37715
4.35104
4.32605
4.30214
4.27924
4.25731
4.23629
4.21615
4.19687
4.17842
4.16081
4.14406
4.12821
4.1133
5.16904
5.11052
5.05416
4.99991
4.94768
4.89737
4.84892
4.80225
4.7573
4.714
4.6723
4.63216
4.59353
4.55635
4.52059
4.48619
4.45311
4.42131
4.39073
4.36134
4.33307
4.30589
4.27975
4.25462
4.23045
4.20721
4.18487
4.16342
4.14284
4.12313
4.10432
4.08643
4.06951
5.16903
5.11052
5.05415
4.99989
4.94765
4.89733
4.84885
4.80212
4.75709
4.71366
4.67178
4.6314
4.59244
4.55486
4.51861
4.48364
4.44991
4.41737
4.38598
4.3557
4.32649
4.29831
4.27113
4.24492
4.21964
4.19528
4.1718
4.14921
4.12748
4.10662
4.08665
4.0676
4.04949
5.16903
5.11051
5.05414
4.99988
4.94762
4.89729
4.8488
4.80206
4.757
4.71354
4.67161
4.63115
4.5921
4.55441
4.51801
4.48285
4.4489
4.41611
4.38442
4.35381
4.32424
4.29566
4.26806
4.24139
4.21564
4.19078
4.16679
4.14366
4.12139
4.09998
4.07943
4.05978
4.04105
5.16903
5.11051
5.05414
4.99986
4.9476
4.89727
4.84876
4.80201
4.75694
4.71346
4.67151
4.63103
4.59195
4.55422
4.51777
4.48256
4.44853
4.41565
4.38387
4.35315
4.32345
4.29473
4.26697
4.24014
4.21421
4.18915
4.16496
4.14162
4.11912
4.09746
4.07666
4.05673
4.03768
5.16903
5.1105
5.05413
4.99985
4.94759
4.89724
4.84873
4.80197
4.75688
4.71339
4.67144
4.63094
4.59184
4.55409
4.51762
4.48238
4.44833
4.41542
4.38361
4.35284
4.3231
4.29433
4.26652
4.23963
4.21363
4.18851
4.16424
4.14082
4.11823
4.09647
4.07556
4.05549
4.03629
5.16903
5.1105
5.05412
4.99984
4.94757
4.89722
4.8487
4.80193
4.75683
4.71334
4.67136
4.63086
4.59175
4.55398
4.51749
4.48224
4.44818
4.41525
4.38341
4.35263
4.32287
4.29408
4.26625
4.23933
4.21331
4.18816
4.16386
4.1404
4.11777
4.09597
4.075
4.05485
4.03555
5.16903
5.1105
5.05412
4.99984
4.94756
4.8972
4.84868
4.8019
4.75679
4.71328
4.6713
4.63078
4.59166
4.55388
4.51738
4.48212
4.44803
4.41509
4.38324
4.35244
4.32266
4.29386
4.26601
4.23908
4.21304
4.18787
4.16356
4.14008
4.11742
4.09558
4.07456
4.05435
4.03496
5.16903
5.1105
5.05412
4.99983
4.94755
4.89719
4.84865
4.80187
4.75675
4.71323
4.67124
4.63071
4.59158
4.55378
4.51727
4.48199
4.4479
4.41494
4.38307
4.35226
4.32247
4.29365
4.26578
4.23884
4.21278
4.18759
4.16326
4.13975
4.11706
4.09519
4.07412
4.05385
4.03438
5.16903
5.11049
5.05411
4.99982
4.94754
4.89717
4.84863
4.80184
4.75672
4.71319
4.67119
4.63064
4.5915
4.55369
4.51717
4.48188
4.44777
4.41479
4.38291
4.35208
4.32227
4.29344
4.26555
4.23859
4.21251
4.1873
4.16294
4.1394
4.11668
4.09477
4.07364
4.05331
4.03375
5.16903
5.11049
5.05411
4.99982
4.94753
4.89716
4.84861
4.80182
4.75669
4.71315
4.67114
4.63058
4.59143
4.55361
4.51707
4.48176
4.44764
4.41465
4.38275
4.35191
4.32208
4.29322
4.26532
4.23833
4.21223
4.18699
4.1626
4.13903
4.11627
4.09431
4.07313
4.05272
4.03308
5.16903
5.11049
5.05411
4.99981
4.94752
4.89715
4.8486
4.8018
4.75666
4.71311
4.67109
4.63053
4.59136
4.55353
4.51698
4.48166
4.44752
4.41451
4.3826
4.35173
4.32188
4.29301
4.26508
4.23807
4.21194
4.18668
4.16225
4.13864
4.11584
4.09382
4.07258
4.0521
4.03237
5.16903
5.11049
5.05411
4.99981
4.94752
4.89714
4.84859
4.80178
4.75663
4.71308
4.67105
4.63048
4.5913
4.55345
4.51689
4.48155
4.4474
4.41437
4.38244
4.35156
4.32169
4.29279
4.26484
4.2378
4.21164
4.18635
4.16188
4.13823
4.11538
4.09331
4.072
4.05145
4.03163
5.16903
5.11049
5.0541
4.99981
4.94751
4.89713
4.84857
4.80176
4.75661
4.71305
4.67101
4.63043
4.59124
4.55338
4.5168
4.48145
4.44728
4.41424
4.38229
4.35139
4.3215
4.29258
4.2646
4.23753
4.21134
4.18601
4.16151
4.13781
4.11491
4.09278
4.07141
4.05078
4.03087
5.16903
5.11049
5.0541
4.9998
4.94751
4.89712
4.84856
4.80174
4.75659
4.71302
4.67097
4.63038
4.59118
4.55331
4.51672
4.48136
4.44717
4.41411
4.38214
4.35122
4.3213
4.29236
4.26435
4.23725
4.21103
4.18566
4.16112
4.13738
4.11443
4.09224
4.0708
4.05009
4.0301
5.16903
5.11049
5.0541
4.9998
4.94751
4.89712
4.84855
4.80173
4.75657
4.713
4.67094
4.63034
4.59113
4.55325
4.51665
4.48127
4.44707
4.41399
4.382
4.35106
4.32112
4.29215
4.26411
4.23698
4.21073
4.18532
4.16074
4.13695
4.11395
4.0917
4.07019
4.04941
4.02934
5.16903
5.11049
5.0541
4.9998
4.9475
4.89711
4.84855
4.80172
4.75655
4.71297
4.67091
4.6303
4.59108
4.55319
4.51657
4.48118
4.44696
4.41387
4.38186
4.35089
4.32093
4.29193
4.26387
4.23671
4.21042
4.18497
4.16035
4.13652
4.11346
4.09115
4.06958
4.04873
4.02858
5.16903
5.11049
5.0541
4.9998
4.9475
4.89711
4.84854
4.80171
4.75654
4.71295
4.67089
4.63027
4.59104
4.55314
4.51651
4.4811
4.44687
4.41376
4.38173
4.35074
4.32075
4.29173
4.26364
4.23645
4.21012
4.18464
4.15997
4.1361
4.11299
4.09063
4.069
4.04807
4.02784
5.16903
5.11049
5.0541
4.9998
4.9475
4.89711
4.84853
4.8017
4.75652
4.71293
4.67085
4.63023
4.59099
4.55308
4.51644
4.48102
4.44677
4.41364
4.38159
4.35058
4.32057
4.29153
4.26341
4.23618
4.20983
4.18431
4.1596
4.13568
4.11252
4.09011
4.06842
4.04743
4.02713
5.16903
5.11049
5.0541
4.9998
4.9475
4.89711
4.84854
4.8017
4.75652
4.71293
4.67085
4.63022
4.59097
4.55305
4.5164
4.48097
4.4467
4.41356
4.38149
4.35047
4.32043
4.29136
4.26322
4.23596
4.20957
4.18402
4.15927
4.13531
4.11211
4.08964
4.0679
4.04685
4.02648
5.16903
5.11049
5.05411
4.99981
4.9475
4.89711
4.84853
4.80169
4.75651
4.71291
4.67082
4.63018
4.59093
4.553
4.51634
4.48089
4.44662
4.41346
4.38138
4.35033
4.32028
4.29119
4.26302
4.23575
4.20933
4.18375
4.15897
4.13497
4.11173
4.08922
4.06743
4.04633
4.02591
5.16903
5.11049
5.0541
4.99981
4.94752
4.89714
4.84857
4.80175
4.75657
4.71298
4.6709
4.63026
4.591
4.55307
4.5164
4.48095
4.44666
4.41349
4.3814
4.35034
4.32027
4.29117
4.26298
4.23569
4.20925
4.18365
4.15885
4.13483
4.11157
4.08904
4.06722
4.04609
4.02563
5.16903
5.11051
5.05414
4.99986
4.94758
4.89719
4.84863
4.80179
4.75661
4.71302
4.67093
4.6303
4.59105
4.55312
4.51646
4.48102
4.44675
4.4136
4.38153
4.3505
4.32046
4.29138
4.26323
4.23597
4.20958
4.18402
4.15926
4.13529
4.11207
4.08959
4.06782
4.04675
4.02634
5.16903
5.1105
5.05415
4.99992
4.94769
4.89738
4.84889
4.80212
4.75701
4.71347
4.67145
4.63089
4.59171
4.55387
4.51732
4.482
4.44786
4.41487
4.38297
4.35212
4.32229
4.29344
4.26553
4.23853
4.21241
4.18713
4.16268
4.13902
4.11612
4.09397
4.07254
4.05182
4.03176
5.16905
5.11064
5.05443
5.00029
4.94814
4.8979
4.84952
4.80292
4.75804
4.71482
4.67319
4.6331
4.59448
4.55729
4.52146
4.48694
4.45368
4.42163
4.39074
4.36096
4.33225
4.30457
4.27786
4.25211
4.22725
4.20327
4.18013
4.1578
4.13624
4.11543
4.09534
4.07594
4.05721
5.16908
5.11078
5.05486
5.00135
4.95015
4.90116
4.85434
4.80961
4.76693
4.72623
4.68745
4.65051
4.61532
4.5818
4.54986
4.51943
4.4904
4.46271
4.43626
4.41099
4.38683
4.3637
4.34155
4.3203
4.29992
4.28034
4.26151
4.2434
4.22596
4.20915
4.19293
4.17728
4.16214
5.1694
5.11362
5.06205
5.01465
4.97141
4.93228
4.89708
4.86552
4.8373
4.81208
4.78954
4.76937
4.75129
4.73503
4.72035
4.70705
4.69493
4.68383
4.67358
4.66407
4.65516
4.64676
4.63877
4.63112
4.62373
4.61654
4.60948
4.60253
4.59562
4.58873
4.58181
4.57486
4.56783
5.17807
5.16333
5.16922
5.1905
5.22319
5.26429
5.31138
5.3626
5.41651
5.47206
5.5284
5.5849
5.64105
5.69647
5.75088
5.80406
5.85586
5.90618
5.95495
6.00215
6.04775
6.09179
6.13428
6.17528
6.21486
6.25307
6.29
6.32575
6.36041
6.39409
6.42689
6.45893
6.49032
5.63865
6.43065
7.14651
7.82867
8.50122
9.15824
9.79394
10.4062
10.995
11.5615
12.1074
12.6346
13.1447
13.6396
14.1209
14.5899
15.048
15.4965
15.9364
16.3687
16.7944
17.2143
17.6294
18.0403
18.4478
18.8526
19.2553
19.6564
20.0566
20.4562
20.8558
21.2559
21.6564
44.7794
48.3125
51.8866
55.4659
59.0313
62.5709
66.0739
69.5306
72.9319
76.2701
79.5379
82.7295
85.8395
88.8639
91.799
94.6423
97.3917
100.046
102.604
105.065
107.43
109.699
111.872
113.951
115.938
117.833
119.638
121.354
122.985
124.532
125.996
127.38
128.687
709.823
865.872
1036.34
1192.05
1277.32
1259.41
1159.17
1024.82
895.996
791.131
712.634
655.727
614.773
584.949
560.565
537.142
510.597
476.744
431.473
371.806
297.864
215.115
134.998
71.1561
31.812
14.7062
10.1149
9.88936
10.6518
11.4979
12.2358
12.8229
13.2414
13.4874
13.5733
13.5235
13.3682
13.1384
12.8627
12.5664
12.2707
11.9927
11.7438
11.5295
11.3493
11.1984
11.0704
10.9596
10.861
10.7681
10.6709
10.5533
10.3938
10.1689
9.85734
9.44585
8.93243
8.32823
7.65675
6.95071
6.24705
5.58108
4.98105
4.46445
4.03704
3.69453
3.42604
3.21794
3.05688
2.93163
2.83351
2.75622
2.6952
2.64709
2.60935
2.57993
2.55718
2.53972
2.52646
2.51649
2.50907
2.50363
2.49968
2.49688
2.49492
2.49359
2.49271
2.49214
2.4918
2.49159
2.49148
2.49141
2.49137
2.49132
2.49127
2.49119
2.4911
2.49093
2.49103
2.48956
150.38
165.513
199.937
263.734
360.434
478.956
596.671
689.832
743.976
758.263
741.801
707.575
662.297
610.833
556.915
500.949
441.253
375.922
304.524
229.465
156.571
93.9544
48.7228
22.9973
12.3681
9.47453
9.25232
9.72364
10.3345
10.9426
11.4944
11.9505
12.2828
12.4801
12.5475
12.5026
12.3684
12.1695
11.9293
11.6689
11.4066
11.1577
10.9331
10.7385
10.574
10.4359
10.3186
10.2175
10.1288
10.0487
9.96959
9.87826
9.75535
9.57809
9.32488
8.98035
8.53942
8.00939
7.40961
6.76891
6.12116
5.49989
4.93307
4.43929
4.02636
3.69237
3.4286
3.22307
3.06347
2.93908
2.84147
2.76439
2.70334
2.65498
2.61681
2.58684
2.56346
2.54535
2.53143
2.52083
2.51281
2.50682
2.50238
2.49912
2.49676
2.49507
2.49387
2.49303
2.49244
2.49203
2.49173
2.4915
2.49132
2.49115
2.49099
2.49082
2.49066
2.49041
2.49046
2.48892
30.1484
30.521
30.8549
32.992
41.5701
62.0119
96.5902
142.833
194.115
242.255
280.393
303.892
312.52
305.921
284.851
251.701
209.953
163.76
117.762
76.7851
44.9566
24.3159
13.7877
9.78644
8.7292
8.66959
8.93972
9.3472
9.81687
10.2971
10.7423
11.1141
11.3868
11.5496
11.6056
11.5678
11.4542
11.2844
11.0772
10.8503
10.6194
10.398
10.1965
10.0207
9.87158
9.74581
9.63849
9.54541
9.46414
9.39264
9.32625
9.25472
9.16131
9.02468
8.82312
8.53961
8.16611
7.70606
7.17461
6.59659
6.00269
5.42452
4.88965
4.41765
4.0183
3.69204
3.43234
3.22884
3.07028
2.94648
2.84921
2.77227
2.71115
2.66254
2.62396
2.59346
2.56947
2.55071
2.53614
2.52488
2.51625
2.50968
2.50471
2.50097
2.49817
2.49609
2.49455
2.4934
2.49254
2.49189
2.49138
2.49097
2.49063
2.49032
2.49004
2.48977
2.48951
2.48919
2.48918
2.48756
12.2151
12.1624
11.8294
10.8724
9.18766
7.68227
7.99955
11.141
17.3346
25.9209
35.2481
42.9309
48.3645
50.7348
49.4783
44.6931
37.2685
28.7204
20.7631
14.7152
10.992
9.1308
8.34838
8.06853
8.04873
8.20431
8.48385
8.84391
9.24497
9.64913
10.021
10.3309
10.5588
10.6961
10.7449
10.7152
10.621
10.4779
10.301
10.105
9.90314
9.70762
9.52811
9.37055
9.23631
9.12269
9.02503
8.93938
8.86395
8.79827
8.74025
8.6828
8.61211
8.50881
8.3516
8.12224
7.81005
7.41482
6.9476
6.42923
5.88712
5.35078
4.84714
4.39655
4.01056
3.69184
3.43598
3.2343
3.07661
2.95327
2.85627
2.77946
2.71833
2.66954
2.63063
2.59968
2.57514
2.55579
2.54059
2.52872
2.51948
2.51234
2.50683
2.50259
2.49935
2.49686
2.49495
2.49348
2.49233
2.49142
2.49069
2.49009
2.48957
2.48912
2.48871
2.48832
2.48797
2.48756
2.48747
2.48576
7.975
7.98779
7.9874
7.91849
7.63669
6.97773
5.98898
4.99319
4.48508
4.80598
5.96815
7.80368
9.36113
10.3755
10.7858
10.6514
10.1288
9.4252
8.72794
8.14977
7.72767
7.46307
7.34839
7.36757
7.49764
7.71548
8.00034
8.33078
8.68253
9.0291
9.34439
9.60612
9.79917
9.91711
9.96161
9.94028
9.86404
9.7451
9.59572
9.42779
9.25272
9.08121
8.92233
8.78207
8.66224
8.56056
8.47255
8.39419
8.3239
8.26229
8.20947
8.1614
8.10742
8.03051
7.91035
7.72798
7.47052
7.13446
6.72692
6.26483
5.77228
5.27653
4.80361
4.37435
4.00183
3.69076
3.4388
3.23892
3.08202
2.95908
2.86233
2.78569
2.7246
2.67573
2.63659
2.60529
2.58032
2.56046
2.54471
2.53228
2.52249
2.5148
2.50878
2.50406
2.50038
2.49749
2.49521
2.49341
2.49197
2.4908
2.48984
2.48903
2.48833
2.48772
2.48717
2.48667
2.48621
2.48571
2.48555
2.48374
6.15953
6.17758
6.20339
6.23885
6.27442
6.27268
6.17567
5.95059
5.65314
5.42684
5.42471
5.65349
5.964
6.26158
6.49128
6.63191
6.68917
6.68623
6.65349
6.62027
6.6101
6.6394
6.7179
6.8495
7.03379
7.26661
7.53943
7.83905
8.14824
8.44739
8.71691
8.94014
9.10582
9.20915
9.25141
9.23838
9.17848
9.08125
8.95649
8.81389
8.66312
8.51364
8.37389
8.24986
8.14377
8.05375
7.9754
7.90447
7.83921
7.78081
7.73107
7.68874
7.64632
7.58948
7.49933
7.3568
7.14729
6.86438
6.5116
6.10214
5.65674
5.20028
4.75764
4.34982
3.9911
3.68804
3.44023
3.24226
3.08619
2.96365
2.86716
2.79071
2.72973
2.68088
2.64164
2.61012
2.58482
2.56457
2.54838
2.53547
2.52519
2.51703
2.51054
2.50538
2.50128
2.49801
2.49538
2.49327
2.49154
2.49011
2.48892
2.48791
2.48704
2.48627
2.48559
2.48496
2.4844
2.48381
2.48358
2.48167
5.20451
5.21399
5.22975
5.25488
5.29139
5.33787
5.38557
5.41876
5.42517
5.40996
5.40135
5.42231
5.47484
5.54832
5.62899
5.70609
5.77464
5.83546
5.89398
5.95826
6.03705
6.13822
6.26803
6.43053
6.62688
6.8548
7.10822
7.37725
7.64876
7.90781
8.13962
8.33175
8.47576
8.56805
8.60951
8.60442
8.5592
8.48126
8.37834
8.25836
8.12947
7.99999
7.87778
7.7688
7.67563
7.59683
7.52809
7.46482
7.40484
7.34943
7.30158
7.26236
7.22734
7.18501
7.11838
7.00875
6.84041
6.60451
6.30135
5.94059
5.53973
5.12115
4.70833
4.32211
3.97765
3.68311
3.43984
3.24403
3.08891
2.96681
2.87059
2.79437
2.73357
2.68482
2.64558
2.61397
2.58849
2.56796
2.55145
2.53817
2.5275
2.51894
2.51205
2.50651
2.50205
2.49843
2.49549
2.49308
2.49109
2.48943
2.48802
2.48682
2.48578
2.48486
2.48405
2.48331
2.48264
2.48196
2.48166
2.47966
4.66765
4.66838
4.67354
4.68523
4.7051
4.73414
4.77212
4.81659
4.86318
4.90768
4.95062
4.99555
5.04492
5.09955
5.15898
5.22238
5.28949
5.3613
5.44012
5.52944
5.63338
5.75602
5.90078
6.06967
6.2627
6.47746
6.70877
6.9486
7.18667
7.41153
7.61204
7.77886
7.90563
7.98952
8.03104
8.03328
8.00105
7.94003
7.85633
7.75636
7.64697
7.5355
7.42922
7.33404
7.25286
7.18471
7.12539
7.06998
7.01568
6.96348
6.91701
6.87922
6.8484
6.81595
6.76705
6.68388
6.55016
6.35516
6.09636
5.78021
5.42107
5.03878
4.65522
4.29072
3.96105
3.67561
3.43738
3.24406
3.09006
2.96847
2.87256
2.79658
2.73601
2.68743
2.64831
2.61671
2.59117
2.5705
2.55378
2.54025
2.52929
2.52042
2.51322
2.50737
2.5026
2.4987
2.49549
2.49282
2.4906
2.48873
2.48714
2.48577
2.48457
2.48352
2.48259
2.48174
2.48099
2.48022
2.47986
2.47777
4.36109
4.3545
4.35127
4.35296
4.36091
4.3761
4.39906
4.42969
4.46717
4.51019
4.55761
4.60892
4.664
4.72298
4.78616
4.85404
4.92746
5.00776
5.09681
5.19689
5.3105
5.43995
5.58698
5.75233
5.9353
6.13332
6.34184
6.55435
6.7628
6.95844
7.13284
7.27893
7.39182
7.46919
7.51118
7.51994
7.49897
7.4526
7.38561
7.30316
7.21102
7.11562
7.02369
6.94102
6.87085
6.81264
6.76242
6.71494
6.66674
6.61819
6.57314
6.53585
6.50697
6.48071
6.44457
6.38207
6.27685
6.11683
5.89717
5.62143
5.30104
4.95326
4.59822
4.25549
3.94105
3.66534
3.43271
3.24228
3.08963
2.96866
2.87309
2.79738
2.73705
2.6887
2.64974
2.61826
2.59275
2.57205
2.55524
2.54157
2.53043
2.52135
2.51393
2.50785
2.50285
2.49872
2.4953
2.49243
2.49002
2.48798
2.48623
2.48471
2.48339
2.48223
2.48119
2.48026
2.47942
2.47859
2.47817
2.47601
4.18931
4.17694
4.16726
4.16143
4.16059
4.16567
4.17736
4.19607
4.22191
4.25459
4.29374
4.33897
4.39
4.44671
4.50919
4.57781
4.65324
4.73646
4.82874
4.93155
5.04636
5.17446
5.31662
5.47279
5.64185
5.82132
6.00732
6.19461
6.37693
6.54757
6.7001
6.82906
6.9306
7.0027
7.04521
7.0595
7.04808
7.01419
6.96154
6.89429
6.81726
6.73608
6.65695
6.58554
6.52535
6.4763
6.4347
6.39508
6.35329
6.30893
6.26563
6.2285
6.20014
6.17727
6.14985
6.10298
6.0207
5.89012
5.70453
5.465
5.18023
4.86499
4.53755
4.21646
3.91765
3.65224
3.42578
3.23868
3.08765
2.96744
2.87226
2.79682
2.73675
2.68864
2.64991
2.61859
2.5932
2.57256
2.55576
2.54204
2.53082
2.52163
2.51408
2.50785
2.50269
2.49841
2.49482
2.49181
2.48926
2.48708
2.48521
2.48358
2.48216
2.48091
2.47979
2.47878
2.47789
2.477
2.47653
2.47431
4.0973
4.08067
4.06626
4.05497
4.04774
4.04543
4.04879
4.05841
4.07462
4.09762
4.12745
4.16411
4.20754
4.25778
4.31493
4.37927
4.45125
4.5315
4.62078
4.71994
4.82976
4.95082
5.08326
5.22661
5.37957
5.5399
5.70435
5.86872
6.02812
6.17735
6.31143
6.42606
6.51807
6.58568
6.62847
6.64724
6.64371
6.62027
6.57978
6.52555
6.46163
6.39292
6.32512
6.26375
6.21251
6.17179
6.13823
6.10624
6.07104
6.03135
5.9903
5.95341
5.92476
5.90334
5.88146
5.846
5.78179
5.67557
5.51925
5.31179
5.05945
4.77463
4.47367
4.17392
3.89097
3.63638
3.41664
3.23332
3.08423
2.96493
2.87021
2.79506
2.73524
2.68737
2.64887
2.61776
2.59254
2.57203
2.5553
2.54162
2.5304
2.52118
2.51357
2.50727
2.50203
2.49765
2.49397
2.49086
2.48821
2.48595
2.48399
2.48229
2.48079
2.47947
2.4783
2.47724
2.4763
2.47536
2.47487
2.4726
4.05112
4.03161
4.01394
3.99884
3.98708
3.97944
3.97664
3.97929
3.98787
4.00278
4.0243
4.05264
4.08796
4.1304
4.18015
4.23745
4.30264
4.37609
4.45827
4.5496
4.65044
4.76091
4.88082
5.00948
5.14561
5.28722
5.43163
5.57545
5.71483
5.84569
5.96405
6.06646
6.15026
6.2138
6.25647
6.27864
6.28144
6.26657
6.23623
6.19306
6.1404
6.08254
6.02469
5.97217
5.9289
5.89566
5.86947
5.84476
5.81615
5.78149
5.74321
5.70688
5.67765
5.65641
5.63769
5.61024
5.55994
5.47356
5.34206
5.16271
4.93961
4.68296
4.40717
4.12827
3.86127
3.61791
3.4054
3.22632
3.07949
2.9613
2.86712
2.79228
2.7327
2.68506
2.64678
2.61589
2.59086
2.57051
2.5539
2.54032
2.52917
2.51998
2.51237
2.50606
2.5008
2.49638
2.49266
2.4895
2.48681
2.48449
2.48249
2.48074
2.4792
2.47784
2.47663
2.47554
2.47456
2.47361
2.47309
2.47079
4.02966
4.00835
3.98859
3.97096
3.95611
3.94469
3.93737
3.93476
3.93738
3.94572
3.96015
3.98102
4.0086
4.04312
4.08483
4.13396
4.19077
4.25552
4.32847
4.40982
4.49966
4.5979
4.70417
4.81772
4.93737
5.0614
5.18757
5.31317
5.43509
5.55006
5.65486
5.74665
5.82314
5.88279
5.92487
5.94941
5.9571
5.94913
5.92715
5.89323
5.85016
5.80165
5.75247
5.70772
5.67145
5.64485
5.62535
5.60744
5.58529
5.5559
5.52085
5.4855
5.45571
5.43392
5.41668
5.39458
5.35475
5.28428
5.17359
5.01861
4.82163
4.59083
4.33875
4.08001
3.82888
3.59703
3.3922
3.21779
3.07356
2.9567
2.86317
2.78868
2.72933
2.6819
2.64383
2.61313
2.5883
2.56812
2.55167
2.53821
2.52716
2.51805
2.51051
2.50424
2.49899
2.49459
2.49087
2.4877
2.485
2.48267
2.48064
2.47888
2.47732
2.47595
2.47472
2.47361
2.47262
2.47165
2.47112
2.46881
4.02043
3.99807
3.97702
3.95776
3.9408
3.92673
3.91612
3.90954
3.90752
3.91054
3.91904
3.9334
3.95396
3.98101
4.01482
4.05562
4.10364
4.15908
4.22209
4.29274
4.37102
4.45672
4.54941
4.64838
4.75257
4.86051
4.97035
5.07986
5.18651
5.28763
5.38059
5.46296
5.53276
5.58856
5.62955
5.65552
5.66683
5.66428
5.64906
5.62282
5.58783
5.54732
5.50563
5.46764
5.43748
5.41671
5.40319
5.39155
5.37562
5.35156
5.32011
5.28618
5.25603
5.23336
5.21646
5.19773
5.16559
5.10771
5.01428
4.88024
4.70638
4.49909
4.26913
4.02971
3.7942
3.57402
3.37722
3.20788
3.06658
2.95129
2.85854
2.78444
2.72534
2.67809
2.6402
2.6097
2.58504
2.56503
2.54874
2.53543
2.5245
2.5155
2.50805
2.50184
2.49666
2.4923
2.48861
2.48547
2.48278
2.48046
2.47845
2.47669
2.47514
2.47376
2.47253
2.47142
2.47043
2.46946
2.46892
2.46661
4.01664
3.99368
3.97184
3.9515
3.93311
3.91714
3.90409
3.89449
3.88881
3.88752
3.89107
3.89985
3.91421
3.93448
3.96093
3.99381
4.03333
4.07965
4.13288
4.19304
4.26007
4.33373
4.4136
4.49904
4.58911
4.68259
4.77791
4.87322
4.96646
5.0554
5.13784
5.21172
5.2753
5.32723
5.36666
5.39324
5.40707
5.40865
5.39883
5.37887
5.35063
5.31691
5.28165
5.24949
5.22461
5.20892
5.20068
5.19475
5.18469
5.16594
5.13834
5.10623
5.07602
5.05237
5.03511
5.01829
4.99165
4.94362
4.86436
4.74818
4.59462
4.40853
4.19905
3.97796
3.75766
3.54917
3.36065
3.19674
3.05869
2.9452
2.85338
2.77976
2.72091
2.67386
2.63613
2.60578
2.58128
2.56143
2.54529
2.53212
2.52133
2.51244
2.50509
2.49898
2.49388
2.48958
2.48595
2.48286
2.48021
2.47792
2.47594
2.4742
2.47266
2.4713
2.47008
2.46898
2.468
2.46703
2.4665
2.46419
4.01501
3.99168
3.96932
3.94823
3.92879
3.9114
3.89648
3.88449
3.87588
3.87107
3.87048
3.8745
3.88348
3.89774
3.91758
3.94322
3.97488
4.01272
4.05682
4.10719
4.16376
4.2263
4.29444
4.3676
4.44499
4.52556
4.60801
4.69079
4.77217
4.8503
4.92331
4.98944
5.04714
5.09517
5.13266
5.15917
5.1746
5.17922
5.17361
5.15872
5.13606
5.10806
5.07827
5.05111
5.03078
5.01945
5.01584
5.01505
5.01046
4.99688
4.97327
4.9433
4.91335
4.8888
4.87078
4.85483
4.83203
4.79159
4.7239
4.62282
4.48698
4.31987
4.12917
3.92532
3.7197
3.52278
3.34272
3.1845
3.05
2.93855
2.84782
2.77477
2.71623
2.66936
2.63178
2.60157
2.57721
2.5575
2.5415
2.52847
2.5178
2.50904
2.5018
2.49579
2.49077
2.48655
2.48299
2.47996
2.47736
2.47512
2.47317
2.47146
2.46995
2.46862
2.46742
2.46634
2.46537
2.46441
2.46389
2.4616
4.01411
3.99052
3.96776
3.9461
3.92584
3.90732
3.89091
3.87699
3.86597
3.85823
3.85416
3.85413
3.85846
3.86748
3.88147
3.90066
3.92527
3.95544
3.99127
4.03277
4.07986
4.13237
4.18995
4.25213
4.31821
4.38732
4.45835
4.53002
4.60088
4.66935
4.73385
4.79285
4.84497
4.88909
4.92434
4.95021
4.96648
4.97323
4.97083
4.95999
4.94191
4.91868
4.89352
4.87061
4.85414
4.84655
4.84694
4.85072
4.85119
4.84258
4.82301
4.79544
4.76605
4.74074
4.72175
4.70598
4.68574
4.6511
4.59278
4.50443
4.38393
4.23371
4.06013
3.87236
3.68075
3.49518
3.32362
3.17131
3.04062
2.93144
2.84198
2.7696
2.71142
2.66476
2.62733
2.59724
2.573
2.55342
2.53754
2.52463
2.51408
2.50543
2.4983
2.49239
2.48746
2.48333
2.47984
2.47688
2.47434
2.47215
2.47024
2.46857
2.4671
2.46579
2.46462
2.46356
2.46261
2.46167
2.46116
2.45889
4.01339
3.98958
3.96649
3.94435
3.92341
3.90396
3.88631
3.87079
3.85775
3.84755
3.84053
3.83702
3.83736
3.84183
3.85071
3.86423
3.8826
3.90596
3.93442
3.968
4.00664
4.0502
4.09838
4.15079
4.20683
4.26578
4.32669
4.38849
4.44996
4.50975
4.56652
4.61894
4.66579
4.70602
4.73881
4.76361
4.7801
4.78824
4.78822
4.78053
4.76616
4.74688
4.72561
4.7063
4.6931
4.68866
4.69249
4.70031
4.70539
4.70151
4.68596
4.66098
4.63241
4.60653
4.58649
4.57042
4.55179
4.52154
4.47078
4.39309
4.28584
4.15055
3.99246
3.81957
3.64124
3.46667
3.30358
3.15733
3.03065
2.92394
2.83592
2.76433
2.70657
2.66016
2.62288
2.59292
2.56879
2.54932
2.53355
2.52075
2.51031
2.50177
2.49474
2.48892
2.48409
2.48004
2.47663
2.47373
2.47125
2.46911
2.46726
2.46563
2.4642
2.46292
2.46178
2.46074
2.45981
2.45889
2.4584
2.45614
4.01268
3.98866
3.96528
3.94272
3.92119
3.90093
3.88222
3.86534
3.8506
3.8383
3.82876
3.82228
3.81918
3.81971
3.82415
3.83272
3.84561
3.86298
3.88493
3.91151
3.94267
3.97829
4.01815
4.06189
4.10904
4.15897
4.21091
4.26392
4.31699
4.36897
4.41871
4.46504
4.5069
4.54331
4.5735
4.5969
4.61313
4.62205
4.62372
4.61846
4.60705
4.59102
4.57298
4.55669
4.54622
4.54442
4.55117
4.56252
4.5718
4.57236
4.56077
4.53849
4.51099
4.48473
4.46365
4.44698
4.42926
4.40226
4.35756
4.28879
4.19292
4.07078
3.92663
3.76743
3.60158
3.43758
3.28282
3.14268
3.02018
2.91614
2.82971
2.75902
2.70177
2.65564
2.61854
2.58871
2.56468
2.54531
2.52964
2.51694
2.5066
2.49816
2.49122
2.4855
2.48075
2.47678
2.47344
2.47061
2.4682
2.46611
2.46431
2.46272
2.46133
2.46008
2.45897
2.45796
2.45705
2.45615
2.45567
2.45343
4.01193
3.98771
3.96405
3.94111
3.91906
3.8981
3.87848
3.86043
3.84422
3.83012
3.81842
3.8094
3.80332
3.80045
3.80103
3.80528
3.81339
3.82551
3.84175
3.86215
3.88671
3.91533
3.94782
3.98391
4.02318
4.06512
4.10906
4.15425
4.19979
4.24472
4.28805
4.32877
4.36592
4.39862
4.42614
4.4479
4.4635
4.47272
4.47551
4.47207
4.463
4.44959
4.43423
4.42045
4.41224
4.41263
4.42183
4.43624
4.4493
4.45402
4.44629
4.42679
4.40055
4.37411
4.35206
4.33458
4.31724
4.29262
4.25276
4.1914
4.1053
3.99469
3.86303
3.71634
3.56212
3.40819
3.26156
3.12752
3.0093
2.90807
2.82338
2.75372
2.69705
2.65125
2.61435
2.58466
2.56075
2.54147
2.5259
2.51329
2.50304
2.49469
2.48784
2.48221
2.47754
2.47365
2.47038
2.46761
2.46525
2.46323
2.46147
2.45993
2.45857
2.45736
2.45627
2.45529
2.4544
2.45352
2.45306
2.45084
4.01113
3.98672
3.9628
3.93951
3.91699
3.89541
3.87499
3.85592
3.83845
3.82281
3.80925
3.79803
3.78939
3.78358
3.78081
3.78131
3.78524
3.79277
3.80399
3.81897
3.83772
3.86016
3.88615
3.91546
3.94776
3.98261
4.01945
4.05764
4.09643
4.13501
4.17251
4.20804
4.24077
4.26989
4.29472
4.3147
4.32938
4.33852
4.34198
4.33985
4.33258
4.32129
4.30812
4.2964
4.29005
4.29222
4.30344
4.32049
4.33693
4.34552
4.34152
4.32486
4.30005
4.27362
4.25069
4.23229
4.21494
4.19199
4.15597
4.10078
4.02303
3.92249
3.80197
3.66664
3.5232
3.3788
3.24001
3.112
2.99811
2.89981
2.81697
2.74843
2.69242
2.64701
2.61035
2.58081
2.55702
2.53784
2.52236
2.50983
2.49968
2.49141
2.48465
2.47909
2.4745
2.47068
2.46748
2.46478
2.46248
2.4605
2.45879
2.45729
2.45597
2.45479
2.45373
2.45277
2.45191
2.45104
2.4506
2.4484
4.01029
3.9857
3.96154
3.93792
3.91497
3.89285
3.87172
3.85177
3.8332
3.81622
3.80106
3.78794
3.77709
3.76873
3.76306
3.76029
3.76059
3.7641
3.77093
3.78115
3.79478
3.81178
3.83204
3.85536
3.88148
3.91003
3.94055
3.9725
4.00524
4.03807
4.07025
4.10102
4.12961
4.15532
4.17749
4.19558
4.20916
4.21791
4.22167
4.22044
4.21453
4.20491
4.19352
4.18348
4.17863
4.18223
4.19511
4.2144
4.23384
4.24602
4.24561
4.23181
4.20859
4.18237
4.15866
4.1393
4.12166
4.09982
4.06681
4.01673
3.94609
3.85435
3.74372
3.61867
3.48516
3.34969
3.21839
3.09627
2.98672
2.8914
2.81052
2.7432
2.68792
2.64294
2.60654
2.57718
2.55351
2.53443
2.51905
2.50661
2.49654
2.48835
2.48167
2.47619
2.47167
2.46792
2.46479
2.46215
2.4599
2.45797
2.4563
2.45484
2.45356
2.45241
2.45138
2.45044
2.4496
2.44876
2.44832
2.44614
4.00943
3.98466
3.96026
3.93634
3.91301
3.8904
3.86865
3.84793
3.8284
3.81027
3.79372
3.77896
3.76619
3.75562
3.74743
3.74182
3.73895
3.73895
3.74194
3.74799
3.75713
3.76934
3.78453
3.80256
3.82321
3.84617
3.87106
3.89743
3.92473
3.95238
3.97973
4.00611
4.03085
4.05331
4.07289
4.08905
4.10138
4.10954
4.11331
4.11262
4.10772
4.09939
4.08942
4.08073
4.07709
4.08181
4.09601
4.11718
4.13928
4.15477
4.15781
4.1469
4.1254
4.09958
4.07524
4.05491
4.03676
4.0156
3.98492
3.93905
3.87448
3.79038
3.6885
3.57271
3.44828
3.32112
3.19694
3.08051
2.97522
2.88293
2.80407
2.73802
2.68353
2.63904
2.60294
2.57376
2.55023
2.53126
2.51597
2.50362
2.49363
2.48552
2.47892
2.47351
2.46907
2.46538
2.46231
2.45972
2.45753
2.45565
2.45402
2.4526
2.45135
2.45023
2.44923
2.44831
2.44749
2.44666
2.44624
2.44408
4.00855
3.98361
3.959
3.9348
3.91112
3.88807
3.86577
3.84437
3.82401
3.80487
3.78711
3.77093
3.7565
3.74402
3.73365
3.72557
3.71993
3.71687
3.71649
3.71888
3.72408
3.73206
3.74279
3.75615
3.77194
3.78994
3.80982
3.8312
3.85363
3.8766
3.89956
3.92192
3.94309
3.96248
3.97954
3.99379
4.00478
4.01217
4.01573
4.01533
4.01111
4.00378
3.99492
3.9873
3.98459
3.99016
4.00539
4.02812
4.05257
4.07112
4.07748
4.06947
4.04984
4.02461
3.9998
3.97853
3.95975
3.93891
3.91001
3.8676
3.80818
3.73071
3.63657
3.52906
3.41289
3.29341
3.17589
3.0649
2.96377
2.87447
2.79765
2.73294
2.67929
2.63531
2.59953
2.57056
2.54718
2.52832
2.51312
2.50086
2.49095
2.48292
2.47639
2.47105
2.46667
2.46305
2.46004
2.45751
2.45536
2.45353
2.45194
2.45056
2.44934
2.44825
2.44727
2.44638
2.44557
2.44476
2.44436
2.44221
4.00766
3.98256
3.95774
3.9333
3.9093
3.88586
3.86307
3.84107
3.81998
3.79996
3.78116
3.76374
3.74788
3.73373
3.72146
3.71123
3.70319
3.69746
3.69414
3.69333
3.69505
3.69933
3.70612
3.71534
3.72684
3.74043
3.75585
3.77278
3.79083
3.80958
3.82854
3.84722
3.86508
3.88159
3.89626
3.9086
3.91821
3.92473
3.9279
3.92756
3.92379
3.91718
3.90918
3.9024
3.90038
3.90657
3.92257
3.94659
3.9731
3.99448
4.00405
3.99897
3.98137
3.95693
3.93184
3.90972
3.89021
3.86945
3.84188
3.80231
3.74725
3.67553
3.58818
3.48806
3.37934
3.26687
3.15555
3.04967
2.95252
2.86615
2.79136
2.728
2.67521
2.63176
2.59632
2.56758
2.54435
2.52561
2.5105
2.49832
2.48849
2.48053
2.47408
2.46881
2.46449
2.46093
2.45797
2.4555
2.4534
2.45161
2.45006
2.44871
2.44752
2.44646
2.44551
2.44464
2.44385
2.44306
2.44266
2.44053
4.00678
3.98153
3.95652
3.93184
3.90756
3.88376
3.86054
3.83801
3.81629
3.7955
3.77579
3.7573
3.74019
3.7246
3.71068
3.69859
3.68845
3.68039
3.6745
3.67088
3.66956
3.67057
3.67389
3.67946
3.68716
3.69684
3.70828
3.72122
3.73534
3.75028
3.76563
3.78093
3.79574
3.80957
3.82195
3.83245
3.84066
3.84623
3.84889
3.84844
3.84492
3.83882
3.83145
3.82529
3.82378
3.83038
3.84694
3.87199
3.90033
3.92436
3.93707
3.93499
3.91959
3.89618
3.87101
3.84816
3.82791
3.80704
3.78046
3.74322
3.69188
3.62512
3.54371
3.45012
3.34806
3.24193
3.13626
3.03512
2.94172
2.85813
2.78531
2.72327
2.67134
2.62844
2.59335
2.56483
2.54175
2.52312
2.50811
2.49602
2.48626
2.47838
2.47199
2.46678
2.46253
2.45903
2.45612
2.45369
2.45164
2.44989
2.44838
2.44706
2.4459
2.44487
2.44394
2.44309
2.44232
2.44154
2.44116
2.43905
4.00591
3.98051
3.95534
3.93045
3.90591
3.88179
3.85819
3.83519
3.81291
3.79145
3.77095
3.75153
3.73333
3.71649
3.70115
3.68743
3.67547
3.66538
3.65725
3.65116
3.64718
3.64532
3.64559
3.64792
3.65226
3.65846
3.66636
3.67574
3.68633
3.69783
3.70989
3.72212
3.73412
3.74545
3.75568
3.7644
3.77123
3.77582
3.77787
3.77718
3.77374
3.76796
3.76105
3.75533
3.75415
3.76101
3.77794
3.80385
3.83384
3.8604
3.87624
3.87727
3.86429
3.84219
3.81718
3.79376
3.77282
3.75176
3.72593
3.69063
3.64246
3.58001
3.50377
3.41589
3.31968
3.21917
3.11856
3.0217
2.93171
2.85069
2.77971
2.71893
2.66781
2.62544
2.59067
2.56237
2.53944
2.52092
2.506
2.49398
2.48429
2.47648
2.47015
2.46501
2.46081
2.45736
2.45451
2.45212
2.45011
2.4484
2.44693
2.44564
2.44451
2.4435
2.44259
2.44176
2.44101
2.44025
2.43988
2.43778
4.00508
3.97955
3.95421
3.92912
3.90435
3.87995
3.856
3.8326
3.80982
3.78779
3.7666
3.74637
3.72724
3.70931
3.69273
3.6776
3.66406
3.65219
3.64211
3.63388
3.62755
3.62317
3.62074
3.62023
3.62158
3.62469
3.62943
3.63562
3.64305
3.65146
3.66054
3.66998
3.67939
3.68841
3.69664
3.70367
3.70915
3.71274
3.71412
3.71309
3.70959
3.70398
3.69736
3.69194
3.69096
3.69795
3.71514
3.74179
3.77335
3.80244
3.8215
3.82585
3.81559
3.79512
3.77058
3.74681
3.7253
3.70404
3.67884
3.64521
3.5998
3.54106
3.46929
3.38632
3.29515
3.19947
3.10322
3.01006
2.92304
2.84428
2.77492
2.71525
2.66486
2.62295
2.58847
2.56035
2.53754
2.51912
2.50427
2.49232
2.4827
2.47494
2.46867
2.46359
2.45944
2.45604
2.45324
2.4509
2.44893
2.44725
2.44581
2.44456
2.44345
2.44246
2.44157
2.44076
2.44003
2.43928
2.43892
2.43684
4.00427
3.97862
3.95314
3.92788
3.90289
3.87824
3.854
3.83023
3.80703
3.78449
3.7627
3.74178
3.72183
3.70297
3.68532
3.66897
3.65405
3.64065
3.62886
3.61875
3.61039
3.60379
3.59899
3.59596
3.59466
3.59503
3.59696
3.60031
3.6049
3.61053
3.61694
3.62384
3.63092
3.63782
3.64417
3.64961
3.65378
3.65635
3.65701
3.65554
3.65188
3.64633
3.63991
3.6347
3.63386
3.64093
3.65836
3.68576
3.71897
3.75076
3.77332
3.78136
3.77425
3.75582
3.7321
3.70825
3.68635
3.66498
3.6404
3.6083
3.56534
3.50982
3.44184
3.36297
3.27594
3.18421
3.09148
3.00132
2.91668
2.83971
2.77163
2.71282
2.66298
2.62141
2.58714
2.55914
2.53641
2.51805
2.50325
2.49134
2.48177
2.47406
2.46784
2.4628
2.4587
2.45534
2.45258
2.45028
2.44834
2.4467
2.44529
2.44406
2.44298
2.44202
2.44115
2.44035
2.43963
2.43889
2.43854
2.43648
4.00354
3.97777
3.95216
3.92675
3.90158
3.87671
3.8522
3.82812
3.80455
3.78157
3.75928
3.73775
3.71711
3.69745
3.67887
3.66148
3.64537
3.63065
3.61738
3.60564
3.59549
3.58697
3.58008
3.57485
3.57123
3.56919
3.56864
3.56948
3.57156
3.57472
3.57874
3.58337
3.58831
3.59325
3.59785
3.60175
3.60462
3.60613
3.60601
3.60405
3.60017
3.59466
3.58844
3.58351
3.5829
3.59019
3.60802
3.63642
3.67161
3.70655
3.73316
3.74553
3.74217
3.72631
3.70383
3.6802
3.65814
3.63682
3.61293
3.58232
3.54157
3.48883
3.42395
3.34831
3.26443
3.17559
3.08539
2.99728
2.91423
2.83841
2.7711
2.71276
2.66319
2.62174
2.58751
2.55952
2.53679
2.51842
2.50363
2.49174
2.48218
2.4745
2.46831
2.4633
2.45924
2.45592
2.45318
2.45091
2.44901
2.4474
2.44601
2.44481
2.44375
2.4428
2.44195
2.44117
2.44046
2.43974
2.4394
2.43735
4.0029
3.97704
3.95131
3.92577
3.90045
3.8754
3.85067
3.82634
3.80246
3.77912
3.7564
3.73438
3.71316
3.69283
3.67348
3.65521
3.63811
3.62227
3.60775
3.59464
3.58298
3.57281
3.56416
3.55704
3.55143
3.54732
3.54463
3.54329
3.54317
3.54414
3.546
3.54852
3.55145
3.55448
3.55731
3.55962
3.56112
3.56153
3.56062
3.55822
3.55428
3.54905
3.54338
3.53913
3.53922
3.54722
3.566
3.59601
3.63392
3.67289
3.70454
3.7222
3.72346
3.71082
3.69
3.66687
3.64481
3.6237
3.6006
3.57146
3.53271
3.48226
3.41974
3.34632
3.26441
3.1772
3.08825
3.00103
2.91852
2.84296
2.77569
2.71724
2.66748
2.62582
2.59138
2.56321
2.54033
2.52185
2.50698
2.49504
2.48546
2.47776
2.47157
2.46657
2.46252
2.45922
2.45651
2.45426
2.45238
2.45079
2.44942
2.44823
2.44719
2.44626
2.44542
2.44466
2.44396
2.44325
2.44291
2.44088
4.00257
3.97666
3.95087
3.92524
3.89982
3.87465
3.84978
3.82527
3.80119
3.7776
3.75457
3.7322
3.71056
3.68974
3.66982
3.6509
3.63306
3.61637
3.60091
3.58673
3.5739
3.56245
3.5524
3.54376
3.53653
3.53067
3.52614
3.52284
3.52068
3.51952
3.51918
3.51948
3.52019
3.52108
3.52192
3.52248
3.52256
3.52199
3.52061
3.51833
3.51509
3.51111
3.50712
3.50474
3.50674
3.51664
3.53755
3.57037
3.61232
3.65675
3.69495
3.7193
3.72626
3.71753
3.69867
3.67607
3.65397
3.63299
3.61063
3.58281
3.54572
3.49693
3.43579
3.36336
3.28196
3.19482
3.10555
3.01772
2.9344
2.85792
2.78969
2.73033
2.67974
2.63735
2.60232
2.57366
2.55041
2.53165
2.51658
2.50448
2.49479
2.48702
2.48078
2.47575
2.47169
2.46838
2.46567
2.46343
2.46155
2.45997
2.45861
2.45744
2.4564
2.45548
2.45466
2.4539
2.45321
2.45251
2.45218
2.45017
4.00334
3.9775
3.95178
3.92622
3.90087
3.87576
3.85094
3.82647
3.80241
3.77882
3.75577
3.73334
3.7116
3.69063
3.67051
3.65132
3.63313
3.61601
3.60002
3.58521
3.5716
3.55922
3.54807
3.53814
3.52938
3.52174
3.51517
3.50956
3.50483
3.50089
3.49763
3.49496
3.49281
3.49111
3.48981
3.48885
3.4882
3.48782
3.48763
3.48753
3.48744
3.48739
3.48783
3.49006
3.49653
3.51066
3.5358
3.57342
3.62139
3.67331
3.72001
3.75271
3.76649
3.76209
3.74498
3.7223
3.69942
3.67792
3.65571
3.62861
3.5924
3.54421
3.48308
3.40994
3.32717
3.23813
3.14659
3.05628
2.97045
2.89153
2.82105
2.75968
2.70738
2.66356
2.62737
2.5978
2.57385
2.55455
2.53906
2.52666
2.51674
2.5088
2.50244
2.49732
2.49319
2.48984
2.48709
2.48483
2.48294
2.48135
2.47999
2.47881
2.47778
2.47686
2.47604
2.47528
2.4746
2.4739
2.47358
2.47159
4.00919
3.98384
3.95864
3.93363
3.90883
3.8843
3.86008
3.83621
3.81276
3.78977
3.7673
3.74543
3.72422
3.70372
3.68399
3.6651
3.64707
3.62995
3.61373
3.59842
3.584
3.57041
3.5576
3.54551
3.53405
3.52318
3.51284
3.50306
3.49387
3.48541
3.47782
3.47135
3.46623
3.46272
3.46104
3.46133
3.46368
3.46802
3.47421
3.48195
3.49084
3.50052
3.51097
3.5229
3.53831
3.56043
3.59289
3.63793
3.69424
3.75581
3.81289
3.85525
3.87623
3.87545
3.85847
3.83354
3.80762
3.78352
3.75963
3.73154
3.69441
3.64477
3.58132
3.50494
3.41816
3.32455
3.22817
3.133
3.04246
2.95917
2.88477
2.81998
2.76477
2.71857
2.68046
2.64937
2.62422
2.60401
2.58781
2.57487
2.56454
2.55629
2.54969
2.5444
2.54013
2.53667
2.53385
2.53152
2.52959
2.52796
2.52658
2.52538
2.52433
2.52341
2.52257
2.52181
2.52113
2.52042
2.5201
2.51812
4.03617
4.01258
3.98918
3.96599
3.94304
3.92034
3.89794
3.87585
3.85411
3.83274
3.81178
3.79124
3.77114
3.75147
3.73223
3.71339
3.69491
3.67673
3.65875
3.64091
3.62309
3.60522
3.58726
3.5692
3.55113
3.53324
3.51585
3.49941
3.48449
3.47176
3.46196
3.45579
3.45387
3.45666
3.46442
3.47714
3.49456
3.51621
3.54137
3.56915
3.59854
3.62847
3.65816
3.68761
3.71818
3.7529
3.79584
3.85028
3.91609
3.98779
4.05496
4.10553
4.13076
4.12909
4.10649
4.07304
4.03794
4.00563
3.97501
3.94125
3.89862
3.84289
3.77242
3.68808
3.59269
3.49021
3.38502
3.28139
3.18297
3.09252
3.01178
2.94153
2.88172
2.83172
2.79053
2.75699
2.72991
2.70818
2.69081
2.67695
2.66591
2.6571
2.65006
2.64443
2.6399
2.63623
2.63324
2.63078
2.62874
2.62703
2.62558
2.62433
2.62323
2.62227
2.62141
2.62062
2.61992
2.61919
2.61886
2.61687
4.14511
4.12596
4.10685
4.08778
4.06871
4.04962
4.03048
4.01125
3.99189
3.97233
3.95251
3.93236
3.9118
3.89072
3.86904
3.84666
3.82352
3.79956
3.7748
3.74933
3.72334
3.69718
3.67135
3.64656
3.6237
3.60387
3.58827
3.57823
3.575
3.57975
3.59336
3.61636
3.64886
3.69049
3.74043
3.79746
3.86008
3.92659
3.99517
4.06391
4.13089
4.1942
4.25227
4.30435
4.35136
4.39645
4.44465
4.5009
4.56672
4.63731
4.70128
4.74432
4.75553
4.73269
4.68337
4.6208
4.55741
4.49964
4.4467
4.3928
4.33093
4.25592
4.16582
4.06174
3.94695
3.8259
3.70336
3.58382
3.47107
3.36794
3.27618
3.19651
3.12878
3.07224
3.02571
2.98785
2.9573
2.93279
2.91321
2.89758
2.88513
2.87519
2.86725
2.86089
2.85576
2.85161
2.84823
2.84545
2.84314
2.84121
2.83957
2.83816
2.83694
2.83586
2.8349
2.83403
2.83326
2.83247
2.83211
2.83001
4.55951
4.54959
4.53902
4.52771
4.51559
4.50258
4.4886
4.47361
4.45756
4.44047
4.42237
4.40337
4.38365
4.36352
4.34341
4.3239
4.30579
4.29011
4.27814
4.27141
4.27176
4.28124
4.30209
4.33661
4.38707
4.45544
4.54328
4.65142
4.77987
4.92762
5.09258
5.27168
5.46099
5.65597
5.85175
6.04344
6.22634
6.39611
6.54881
6.68099
6.78972
6.87277
6.92883
6.95809
6.96318
6.94998
6.9271
6.90314
6.88221
6.86005
6.82388
6.75776
6.65093
6.50438
6.33132
6.15107
5.9803
5.82669
5.68805
5.55603
5.4214
5.27782
5.12325
4.95928
4.78975
4.61941
4.4531
4.2951
4.14889
4.01691
3.90051
3.79998
3.71476
3.64365
3.58507
3.53728
3.49857
3.46736
3.44227
3.42211
3.40592
3.39289
3.38238
3.37388
3.36697
3.36132
3.35667
3.35282
3.34962
3.34691
3.34462
3.34265
3.34095
3.33946
3.33815
3.33697
3.33593
3.3349
3.33437
3.3319
6.52638
6.56802
6.61108
6.65602
6.70345
6.75413
6.80897
6.86907
6.93577
7.01067
7.09562
7.19283
7.30483
7.43453
7.58521
7.76052
7.96448
8.20139
8.47574
8.7921
9.15488
9.56809
10.035
10.5577
11.1367
11.7706
12.4555
13.1845
13.9483
14.7344
15.5281
16.3127
17.0705
17.7837
18.4351
19.0085
19.4891
19.8638
20.1214
20.253
20.2538
20.1222
19.8617
19.4823
19.0014
18.4428
17.8334
17.196
16.5433
15.8744
15.1793
14.4514
13.6946
12.9272
12.1787
11.479
10.8463
10.2829
9.77819
9.31628
8.88324
8.47066
8.07575
7.69947
7.34436
7.01323
6.70847
6.43182
6.18429
5.96608
5.77649
5.61403
5.47654
5.36138
5.26572
5.1867
5.12168
5.06827
5.02441
4.98835
4.95866
4.93414
4.91383
4.89694
4.88284
4.87101
4.86104
4.8526
4.84542
4.83931
4.83408
4.82959
4.82571
4.82234
4.81939
4.81681
4.81454
4.81242
4.81106
4.80716
22.1261
22.678
23.2559
23.8626
24.5009
25.1739
25.8847
26.6366
27.4331
28.2777
29.174
30.1256
31.1361
32.2089
33.3474
34.5544
35.8326
37.184
38.6103
40.1122
41.6894
43.3409
45.0643
46.8557
48.7097
50.619
52.5737
54.5616
56.5666
58.5689
60.5434
62.4598
64.2818
65.9669
67.4678
68.7333
69.7108
70.3483
70.5971
70.416
69.7737
68.6482
67.0413
64.9861
62.5454
59.8039
56.8557
53.7864
50.658
47.5081
44.3626
41.2528
38.2292
35.3567
32.6949
30.2802
28.1187
26.1925
24.4719
22.9278
21.5375
20.2856
19.1614
18.1557
17.2601
16.4658
15.7647
15.1492
14.6122
14.147
13.7467
13.4046
13.1139
12.8681
12.6607
12.4862
12.3392
12.2155
12.1111
12.0229
11.9482
11.8848
11.8309
11.7849
11.7456
11.712
11.6831
11.6582
11.6368
11.6183
11.6023
11.5885
11.5765
11.5661
11.5572
11.5494
11.5428
11.5369
11.5336
11.5293
130.115
131.662
133.135
134.526
135.828
137.032
138.13
139.111
139.967
140.685
141.254
141.662
141.894
141.937
141.776
141.395
140.779
139.912
138.78
137.371
135.674
133.683
131.396
128.819
125.966
122.861
119.537
116.04
112.427
108.761
105.113
101.551
98.142
94.9397
91.9848
89.3008
86.8936
84.7522
82.854
81.1683
79.6585
78.3368
77.1897
76.1792
75.2707
74.4374
73.6573
72.9098
72.1749
71.4377
70.693
69.949
69.2246
68.5417
67.9172
67.3572
66.8583
66.4118
66.009
65.6435
65.3121
65.0135
64.7467
64.511
64.3051
64.1279
63.9778
63.853
63.7515
63.6707
63.6079
63.5601
63.5244
63.4983
63.4795
63.4662
63.4567
63.45
63.4451
63.4414
63.4385
63.436
63.4336
63.4313
63.429
63.4265
63.4239
63.4212
63.4184
63.4155
63.4125
63.4094
63.4064
63.4033
63.4002
63.397
63.3943
63.3907
63.3906
63.3749
25.593
21.629
23.9989
31.408
54.7222
95.554
147.829
205.087
262.508
317.51
368.971
416.414
459.594
498.372
532.724
562.811
589.05
612.141
633.034
652.75
671.753
690.348
709.306
729.067
749.755
771.052
792.053
811.088
825.63
832.445
828.256
811.004
781.272
742.714
701.613
661.302
618.869
574.572
530.001
486.648
445.524
407.163
371.725
339.114
309.086
281.329
255.521
231.368
208.631
187.148
166.834
147.691
129.79
113.257
98.2407
84.8863
73.3118
63.5921
55.7459
49.7195
45.3699
42.4616
40.6897
39.7302
39.2951
39.1702
39.2205
39.3716
39.5843
39.8349
40.1063
40.3849
40.6604
40.9258
41.1768
41.4111
41.6276
41.826
42.0067
42.1704
42.318
42.4505
42.5691
42.6749
42.7691
42.8526
42.9266
42.992
43.0496
43.1004
43.1449
43.1839
43.2181
43.248
43.274
43.2967
43.3165
43.3337
43.3481
43.3648
116.241
91.0128
101.702
129.202
168.115
206.801
239.85
265.843
285.891
301.981
315.986
329.038
341.439
352.862
362.722
370.543
376.208
380.06
382.828
385.297
387.362
389.314
391.969
396.13
402.519
411.691
423.837
438.488
454.134
467.955
476.055
474.704
462.314
440.318
411.94
380.213
347.346
314.98
284.228
255.738
229.785
206.377
185.36
166.491
149.495
134.104
120.068
107.175
95.2522
84.1682
73.8358
64.2104
55.2867
47.0919
39.6747
33.0904
27.3848
22.5789
18.6581
15.5686
13.2215
11.5033
10.2898
9.46013
8.90666
8.54217
8.30167
8.14084
8.03194
7.95871
7.91167
7.88479
7.87351
7.87395
7.88277
7.89726
7.91528
7.93525
7.95605
7.97686
7.99711
8.01643
8.03458
8.0514
8.06684
8.08089
8.09357
8.10494
8.11508
8.12407
8.132
8.13896
8.14504
8.15033
8.15491
8.15885
8.16226
8.1651
8.16778
8.16977
219.396
161.583
173.237
195.691
219.731
238.173
251.082
261.325
272.054
285.259
301.495
320.073
339.533
358.172
374.495
387.45
396.456
401.283
401.91
398.535
391.983
382.898
372.029
360.348
349.085
339.629
333.365
331.386
334.052
340.416
347.774
352.077
349.441
338.47
320.785
298.894
274.972
250.615
226.926
204.597
184.002
165.271
148.372
133.178
119.511
107.178
95.9909
85.7736
76.3742
67.6672
59.557
51.9807
44.909
38.3444
32.3162
26.8715
22.0612
17.9249
14.4769
11.6981
9.53539
7.90942
6.7259
5.88793
5.30583
4.90373
4.62272
4.42097
4.27131
4.15748
4.07015
4.00369
3.95415
3.91824
3.89305
3.87606
3.86522
3.85891
3.85588
3.85521
3.85616
3.85821
3.86093
3.86403
3.86728
3.87053
3.87367
3.87663
3.87936
3.88184
3.88406
3.88602
3.88773
3.8892
3.89046
3.8915
3.89239
3.89304
3.89384
3.89329
302.393
204.377
208.959
219.081
228.163
235.202
242.699
253.25
268.179
287.429
310.043
334.575
359.401
382.967
403.962
421.395
434.557
442.93
446.129
444.054
437.006
425.192
409.106
389.498
367.407
344.119
321.037
299.41
279.938
262.652
247.653
236.835
231.126
227.106
221.178
212.264
200.793
187.629
173.639
159.532
145.814
132.803
120.661
109.446
99.1421
89.6915
81.0116
73.009
65.5887
58.6624
52.1548
46.0101
40.1967
34.71
29.5728
24.8301
20.5404
16.7617
13.5364
10.8787
8.76913
7.15617
5.96578
5.1135
4.51615
4.1006
3.80862
3.59808
3.4411
3.32067
3.22686
3.15374
3.09728
3.05432
3.02213
2.99837
2.9811
2.96879
2.96022
2.95446
2.95079
2.94865
2.94762
2.94735
2.94761
2.94819
2.94898
2.94985
2.95075
2.95163
2.95244
2.95317
2.95382
2.95437
2.95482
2.95518
2.95546
2.95561
2.95597
2.95491
340.356
214.449
213.571
217.827
221.729
227.021
235.902
249.334
267.162
288.648
312.828
338.597
364.74
389.988
413.111
432.994
448.68
459.398
464.614
464.135
458.167
447.119
431.53
412.121
389.782
365.474
340.005
313.586
285.142
252.278
213.972
176.313
150.784
140.335
137.962
137.025
134.685
130.419
124.571
117.677
110.221
102.57
94.9808
87.6178
80.5787
73.9106
67.6236
61.7015
56.1097
50.8045
45.7404
40.8788
36.1952
31.6856
27.3694
23.2896
19.507
16.0899
13.1
10.5777
8.53226
6.93922
5.74565
4.88124
4.27071
3.84438
3.54486
3.32959
3.16988
3.04785
2.9529
2.87863
2.82079
2.77617
2.7421
2.71632
2.697
2.68264
2.6721
2.66448
2.65906
2.65531
2.65279
2.65118
2.65022
2.64972
2.64953
2.64955
2.64969
2.64989
2.65011
2.65033
2.65052
2.65068
2.65079
2.65086
2.65089
2.65081
2.65099
2.64971
340.614
205.993
202.773
207.378
212.513
219.733
230.396
244.733
262.394
282.887
305.635
329.887
354.667
378.817
401.117
420.41
435.704
446.254
451.621
451.771
446.924
437.531
424.217
407.749
388.974
368.635
346.964
322.882
293.115
253.019
201.899
149.245
110.354
91.7456
87.1139
87.6707
88.5851
88.3174
86.7327
84.0942
80.7063
76.8234
72.6424
68.3124
63.9444
59.6179
55.3841
51.2692
47.2782
43.4
39.6141
35.8982
32.2368
28.6278
25.0888
21.6592
18.3981
15.3767
12.6664
10.3247
8.38298
6.83986
5.66328
4.79877
4.18146
3.7474
3.44176
3.22261
3.06097
2.93839
2.84364
2.76986
2.71248
2.66814
2.63411
2.60818
2.58854
2.57376
2.56273
2.55456
2.54859
2.54429
2.54124
2.53912
2.53769
2.53675
2.53616
2.53582
2.53563
2.53554
2.5355
2.53549
2.53548
2.53546
2.53541
2.53534
2.53526
2.53508
2.53518
2.53378
315.535
191.878
188.601
196.035
204.504
214.083
225.497
239.055
254.793
272.63
292.312
313.323
334.872
355.955
375.491
392.455
405.987
415.469
420.633
421.478
418.274
411.515
401.86
390.049
376.763
362.279
345.727
323.893
290.676
240.683
178.025
119.18
80.2244
63.2175
59.3488
60.0713
61.2644
61.7324
61.3858
60.3912
58.9103
57.059
54.9212
52.5656
50.0533
47.4384
44.7658
42.0677
39.3616
36.651
33.9287
31.1823
28.4015
25.5854
22.7488
19.9264
17.1722
14.5553
12.1497
10.0217
8.21713
6.75273
5.61466
4.76421
4.14821
3.71032
3.39992
3.17698
3.01306
2.88956
2.79487
2.72169
2.66515
2.62166
2.5884
2.56311
2.54398
2.52958
2.51882
2.51084
2.50499
2.50075
2.49772
2.49559
2.49413
2.49315
2.49251
2.49211
2.49186
2.49171
2.49162
2.49156
2.49151
2.49145
2.49137
2.49126
2.49115
2.49095
2.49102
2.48958
278.183
180.735
175.958
186.672
198.799
210.543
222.153
234.238
247.326
261.745
277.54
294.436
311.863
329.048
345.128
359.284
370.836
379.313
384.555
386.618
385.801
382.603
377.643
371.525
364.534
355.982
342.951
319.025
275.973
212.185
141.344
85.0126
54.3829
44.1978
43.3029
44.5809
45.5227
45.7416
45.4261
44.7885
43.9505
42.9605
41.8311
40.5656
39.1706
37.6599
36.0515
34.3626
32.6052
30.7827
28.8904
26.9185
24.8574
22.7047
20.4714
18.1859
15.8957
13.6643
11.5634
9.66213
8.0142
6.64881
5.56669
4.74321
4.13689
3.69981
3.3867
3.16045
2.9939
2.86878
2.77339
2.70018
2.64401
2.60112
2.56854
2.54395
2.52548
2.5117
2.5015
2.49401
2.48858
2.4847
2.48198
2.48011
2.47887
2.47807
2.47758
2.47731
2.47717
2.47711
2.4771
2.4771
2.4771
2.47709
2.47705
2.47698
2.47689
2.47672
2.47682
2.47539
234.162
172.466
166.975
179.728
195.128
209.061
221.045
231.81
242.299
253.259
265.079
277.776
291.053
304.394
317.183
328.812
338.773
346.741
352.627
356.538
358.788
359.836
360.166
360.007
358.714
353.579
338.298
303.413
243.161
166.784
97.4678
53.6461
35.844
32.606
33.8679
35.2768
35.8525
35.7412
35.2572
34.6224
33.9459
33.261
32.5605
31.8226
31.026
30.1566
29.2085
28.181
27.0742
25.8847
24.604
23.2199
21.7204
20.0994
18.3624
16.531
14.6453
12.7615
10.9463
9.26699
7.78074
6.52432
5.50914
4.72225
4.13278
3.70122
3.38807
3.1597
2.99074
2.86367
2.76695
2.69296
2.63645
2.59351
2.56111
2.53683
2.51877
2.50545
2.49571
2.48869
2.4837
2.48022
2.47787
2.47634
2.4754
2.47486
2.47461
2.47454
2.47458
2.47469
2.47481
2.47493
2.47504
2.47511
2.47515
2.47515
2.47512
2.475
2.47514
2.47375
186.002
163.171
161.668
175.296
193.016
209.135
222.069
232.284
240.928
249.105
257.572
266.679
276.427
286.571
296.733
306.508
315.541
323.654
330.823
337.202
343.087
348.802
354.431
359.216
360.413
351.77
323.45
267.506
189.383
111.538
56.9615
31.594
25.3853
26.2728
28.11
29.1532
29.3519
29.0261
28.4559
27.815
27.1917
26.6177
26.0901
25.5885
25.0866
24.5604
23.992
23.3689
22.6813
21.9187
21.0674
20.111
19.0336
17.824
16.482
15.0222
13.4768
11.8941
10.3342
8.8606
7.53025
6.38394
5.4404
4.6958
4.12841
3.70643
3.39603
3.16726
2.99678
2.86802
2.76979
2.6946
2.63718
2.59359
2.56077
2.53628
2.51818
2.50493
2.49537
2.48857
2.48384
2.48064
2.47857
2.4773
2.4766
2.4763
2.47626
2.47638
2.4766
2.47686
2.47712
2.47737
2.47758
2.47775
2.47787
2.47795
2.47798
2.47792
2.4781
2.47676
137.515
150.279
159.355
174.842
194.025
211.958
226.259
236.837
244.74
251.26
257.459
264.01
271.216
279.1
287.519
296.259
305.134
314.101
323.221
332.647
342.522
352.691
362.092
367.659
362.951
338.1
284.565
205.806
122.902
60.9289
29.5496
20.508
20.7258
22.7427
24.1655
24.7144
24.6474
24.238
23.6755
23.0762
22.5057
21.9942
21.5472
21.1532
20.7916
20.4401
20.0781
19.689
19.2583
18.7709
18.2096
17.5542
16.7847
15.8855
14.8505
13.6877
12.4214
11.0924
9.75357
8.46333
7.27643
6.23512
5.36285
4.66266
4.12033
3.71083
3.40562
3.17826
3.00745
2.87769
2.77826
2.70184
2.64327
2.59867
2.56501
2.53986
2.52128
2.50771
2.49796
2.49107
2.48633
2.48318
2.48118
2.48001
2.47943
2.47926
2.47934
2.47958
2.47991
2.48027
2.48063
2.48096
2.48125
2.48149
2.48167
2.4818
2.48188
2.48186
2.48208
2.48078
95.2586
133.295
160.327
182.838
204.679
224.195
239.632
250.739
258.43
264.049
268.845
273.74
279.294
285.773
293.255
301.709
311.163
321.679
333.305
345.966
359.144
371.25
378.599
374.346
348.853
294.282
214.117
128.567
62.8357
28.0614
17.1504
16.7192
18.6753
20.2817
21.0943
21.2901
21.1004
20.6956
20.1896
19.6581
19.1501
18.6934
18.2985
17.9618
17.6705
17.4071
17.1541
16.8955
16.6161
16.3001
15.9287
15.4797
14.9304
14.2612
13.4611
12.5319
11.491
10.3719
9.22044
8.0894
7.03033
6.08526
5.28047
4.62401
4.10771
3.71234
3.41402
3.18955
3.01961
2.88971
2.78962
2.71228
2.65264
2.60695
2.57226
2.54618
2.52681
2.51261
2.50235
2.49508
2.49006
2.48671
2.48458
2.48333
2.4827
2.4825
2.48258
2.48283
2.48317
2.48356
2.48394
2.4843
2.48462
2.48489
2.48509
2.48524
2.48535
2.48534
2.48558
2.48429
70.7225
126.791
180.36
218.487
246.034
266.055
279.943
288.892
294.326
297.734
300.421
303.377
307.265
312.49
319.295
327.83
338.242
350.455
364.064
377.989
389.849
395.121
386.576
355.345
295.603
212.639
126.481
60.8347
25.9212
14.6687
13.89
15.6364
17.2266
18.1709
18.5706
18.5957
18.3792
18.017
17.5796
17.1196
16.675
16.2707
15.9191
15.6216
15.3709
15.1549
14.9598
14.7725
14.5802
14.3681
14.1182
13.8083
13.4141
12.9136
12.2915
11.5447
10.6843
9.73702
8.74228
7.74724
6.79969
5.9405
5.19742
4.58217
4.09134
3.71057
3.42005
3.19948
3.03132
2.90205
2.80192
2.72407
2.66364
2.61699
2.58127
2.5542
2.5339
2.51887
2.50791
2.50005
2.49454
2.49079
2.48833
2.48683
2.486
2.48563
2.48559
2.48574
2.48601
2.48633
2.48667
2.48699
2.48728
2.48752
2.48771
2.48784
2.48794
2.48792
2.48815
2.48685
66.9549
199.795
322.893
386.084
406.219
405.94
398.567
389.885
381.918
375.339
370.51
367.73
367.239
369.254
373.996
381.523
391.366
402.478
412.901
419.253
416.251
396.837
354.007
285.374
199.215
115.318
54.079
22.5696
12.6697
11.9482
13.4141
14.8292
15.7781
16.3042
16.5071
16.4722
16.2693
15.9568
15.5833
15.188
14.8015
14.4455
14.1328
13.8672
13.6451
13.4578
13.2954
13.1477
13.0048
12.8546
12.6813
12.464
12.1784
11.8009
11.3135
10.7086
9.99227
9.18515
8.32068
7.44071
6.5892
5.80528
5.11734
4.53969
4.07274
3.70616
3.42363
3.20743
3.04161
2.91352
2.81383
2.73591
2.67502
2.62765
2.59105
2.56304
2.54181
2.5259
2.51414
2.50558
2.49945
2.49517
2.49226
2.49037
2.48922
2.48858
2.48831
2.48827
2.48838
2.48857
2.48879
2.48902
2.48923
2.4894
2.48954
2.48962
2.48967
2.48962
2.48982
2.48848
57.5459
905.105
1221.03
1172.44
1009.3
852.182
732.305
646.785
586.182
542.883
511.989
490.379
476.018
467.876
464.76
464.73
465.384
463.554
454.997
434.385
396.124
336.593
257.912
171.237
94.614
42.8696
18.1885
11.0365
10.6669
11.8131
12.9519
13.8101
14.3887
14.7206
14.8415
14.7914
14.6126
14.3458
14.0269
13.6869
13.3507
13.0377
12.7599
12.5223
12.3232
12.1566
12.0147
11.89
11.7754
11.6619
11.5364
11.3804
11.1706
10.883
10.4977
10.0037
9.40258
8.70986
7.95355
7.17058
6.40118
5.68252
5.04305
4.49895
4.05366
3.70023
3.42533
3.2135
3.05021
2.92358
2.82465
2.74697
2.68592
2.63807
2.6008
2.57198
2.54991
2.53317
2.52061
2.5113
2.50451
2.49963
2.4962
2.49385
2.4923
2.49133
2.49075
2.49046
2.49035
2.49036
2.49042
2.49051
2.4906
2.49067
2.49072
2.49073
2.49071
2.4906
2.49076
2.48936
)
;

boundaryField
{
    outlet
    {
        type            zeroGradient;
    }
    inlet
    {
        type            fixedValue;
        value           uniform 5.199;
    }
    lowerWall
    {
        type            epsilonWallFunction;
        Cmu             0.09;
        kappa           0.41;
        E               9.8;
        value           nonuniform List<scalar> 
148
(
151.447
203.15
260.734
321.762
383.636
443.749
499.823
550.154
593.694
630.01
659.173
681.627
698.052
709.243
716.027
719.198
719.484
717.523
713.86
708.95
703.163
696.797
690.085
683.205
676.289
669.435
662.7
656.135
649.672
643.671
636.289
636.08
601.645
25.593
116.241
219.396
302.393
340.356
340.614
315.535
278.183
234.162
186.002
137.515
95.2586
70.7225
66.9549
57.5459
25.593
21.629
23.9989
31.408
54.7222
95.554
147.829
205.087
262.508
317.51
368.971
416.414
459.594
498.372
532.724
562.811
589.05
612.141
633.034
652.75
671.753
690.348
709.306
729.067
749.755
771.052
792.053
811.088
825.63
832.445
828.256
811.004
781.272
742.714
701.613
661.302
618.869
574.572
530.001
486.648
445.524
407.163
371.725
339.114
309.086
281.329
255.521
231.368
208.631
187.148
166.834
147.691
129.79
113.257
98.2407
84.8863
73.3118
63.5921
55.7459
49.7195
45.3699
42.4616
40.6897
39.7302
39.2951
39.1702
39.2205
39.3716
39.5843
39.8349
40.1063
40.3849
40.6604
40.9258
41.1768
41.4111
41.6276
41.826
42.0067
42.1704
42.318
42.4505
42.5691
42.6749
42.7691
42.8526
42.9266
42.992
43.0496
43.1004
43.1449
43.1839
43.2181
43.248
43.274
43.2967
43.3165
43.3337
43.3481
43.3648
)
;
    }
    upperWall
    {
        type            epsilonWallFunction;
        Cmu             0.09;
        kappa           0.41;
        E               9.8;
        value           nonuniform List<scalar> 
133
(
44.7794
48.3125
51.8866
55.4659
59.0313
62.5709
66.0739
69.5306
72.9319
76.2701
79.5379
82.7295
85.8395
88.8639
91.799
94.6423
97.3917
100.046
102.604
105.065
107.43
109.699
111.872
113.951
115.938
117.833
119.638
121.354
122.985
124.532
125.996
127.38
128.687
130.115
131.662
133.135
134.526
135.828
137.032
138.13
139.111
139.967
140.685
141.254
141.662
141.894
141.937
141.776
141.395
140.779
139.912
138.78
137.371
135.674
133.683
131.396
128.819
125.966
122.861
119.537
116.04
112.427
108.761
105.113
101.551
98.142
94.9397
91.9848
89.3008
86.8936
84.7522
82.854
81.1683
79.6585
78.3368
77.1897
76.1792
75.2707
74.4374
73.6573
72.9098
72.1749
71.4377
70.693
69.949
69.2246
68.5417
67.9172
67.3572
66.8583
66.4118
66.009
65.6435
65.3121
65.0135
64.7467
64.511
64.3051
64.1279
63.9778
63.853
63.7515
63.6707
63.6079
63.5601
63.5244
63.4983
63.4795
63.4662
63.4567
63.45
63.4451
63.4414
63.4385
63.436
63.4336
63.4313
63.429
63.4265
63.4239
63.4212
63.4184
63.4155
63.4125
63.4094
63.4064
63.4033
63.4002
63.397
63.3943
63.3907
63.3906
63.3749
)
;
    }
    frontAndBack
    {
        type            empty;
    }
}


// ************************************************************************* //
