/*--------------------------------*- C++ -*----------------------------------*\
| =========                 |                                                 |
| \\      /  F ield         | OpenFOAM: The Open Source CFD Toolbox           |
|  \\    /   O peration     | Version:  2.1.1                                 |
|   \\  /    A nd           | Web:      www.OpenFOAM.org                      |
|    \\/     M anipulation  |                                                 |
\*---------------------------------------------------------------------------*/
FoamFile
{
    version     2.0;
    format      ascii;
    class       volScalarField;
    location    "0.06";
    object      nuSgs;
}
// * * * * * * * * * * * * * * * * * * * * * * * * * * * * * * * * * * * * * //

dimensions      [0 2 -1 0 0 0 0];

internalField   nonuniform List<scalar> 
6820
(
0.000556015
0.000457402
0.000368113
0.000306066
0.000268833
0.000243172
0.000224269
0.000209796
0.000198091
0.000188244
0.000179738
0.000172242
0.000165529
0.000159443
0.000153867
0.000148712
0.000143909
0.000139401
0.000135142
0.000131093
0.000127219
0.000123488
0.00011987
0.000116334
0.000112852
0.00010939
0.000105913
0.00010238
9.8743e-05
9.49398e-05
9.0914e-05
8.63485e-05
8.20262e-05
0.000103499
0.000170669
0.00022366
0.000240032
0.000235275
0.000224912
0.000213214
0.000201926
0.00019169
0.000182521
0.000174302
0.000166897
0.000160183
0.000154056
0.000148432
0.000143241
0.000138425
0.000133936
0.000129733
0.000125783
0.000122055
0.000118526
0.000115175
0.000111983
0.000108937
0.000106022
0.00010323
0.000100549
9.79856e-05
9.5516e-05
9.32481e-05
9.10333e-05
9.00936e-05
3.67739e-05
2.84722e-05
4.56259e-05
8.23214e-05
0.000107978
0.000123591
0.00013204
0.000135915
0.000137043
0.000136495
0.000134911
0.00013269
0.00013008
0.000127245
0.000124293
0.000121295
0.0001183
0.000115338
0.000112432
0.000109596
0.00010684
0.000104171
0.000101593
9.91102e-05
9.67269e-05
9.44478e-05
9.22801e-05
9.02347e-05
8.83307e-05
8.65961e-05
8.50982e-05
8.39389e-05
8.34969e-05
2.07361e-05
2.86797e-05
2.65523e-05
1.50731e-05
3.64281e-06
1.38799e-05
2.57295e-05
3.55767e-05
4.35249e-05
4.98485e-05
5.48231e-05
5.86928e-05
6.16601e-05
6.38831e-05
6.54965e-05
6.66116e-05
6.73205e-05
6.76992e-05
6.7811e-05
6.77089e-05
6.74376e-05
6.70354e-05
6.65357e-05
6.59685e-05
6.53617e-05
6.47424e-05
6.41391e-05
6.35829e-05
6.31125e-05
6.27763e-05
6.26453e-05
6.28264e-05
6.34911e-05
1.44205e-05
1.75801e-05
2.25999e-05
2.42957e-05
2.397e-05
2.19936e-05
1.9106e-05
1.58457e-05
1.24454e-05
9.05428e-06
5.78004e-06
2.70615e-06
6.88933e-07
3.02108e-06
5.43717e-06
7.64219e-06
9.63193e-06
1.14174e-05
1.30144e-05
1.44409e-05
1.57161e-05
1.68601e-05
1.78938e-05
1.88388e-05
1.97182e-05
2.05572e-05
2.13838e-05
2.22309e-05
2.31371e-05
2.41519e-05
2.53263e-05
2.67431e-05
2.84202e-05
1.09211e-05
1.24928e-05
1.38156e-05
1.43239e-05
1.5107e-05
1.57434e-05
1.61175e-05
1.63225e-05
1.63621e-05
1.62412e-05
1.59836e-05
1.56124e-05
1.51504e-05
1.46117e-05
1.40146e-05
1.33753e-05
1.27079e-05
1.20236e-05
1.13309e-05
1.06356e-05
9.94119e-06
9.24874e-06
8.55719e-06
7.8632e-06
7.16114e-06
6.44288e-06
5.69787e-06
4.91336e-06
4.07852e-06
3.19339e-06
2.33458e-06
1.847e-06
2.47282e-06
8.24659e-06
9.42393e-06
1.02403e-05
1.00369e-05
9.84592e-06
9.66569e-06
9.47905e-06
9.38832e-06
9.38247e-06
9.41735e-06
9.46603e-06
9.51067e-06
9.53972e-06
9.55086e-06
9.54147e-06
9.51021e-06
9.45694e-06
9.38224e-06
9.28701e-06
9.17219e-06
9.0386e-06
8.88678e-06
8.71684e-06
8.52843e-06
8.32063e-06
8.09205e-06
7.84112e-06
7.56689e-06
7.27163e-06
6.96485e-06
6.67696e-06
6.47375e-06
6.48815e-06
6.36417e-06
7.40589e-06
8.20903e-06
8.07029e-06
7.75806e-06
7.41628e-06
7.03594e-06
6.70831e-06
6.45217e-06
6.24682e-06
6.07942e-06
5.9409e-06
5.82224e-06
5.71667e-06
5.61969e-06
5.52796e-06
5.43867e-06
5.34952e-06
5.25858e-06
5.16422e-06
5.06498e-06
4.95953e-06
4.84665e-06
4.72527e-06
4.59463e-06
4.4547e-06
4.30704e-06
4.15653e-06
4.01477e-06
3.90567e-06
3.87429e-06
3.99172e-06
4.34747e-06
5.00526e-06
5.85713e-06
6.53508e-06
6.52641e-06
6.35653e-06
6.14676e-06
5.861e-06
5.57153e-06
5.31675e-06
5.09291e-06
4.89515e-06
4.71991e-06
4.5622e-06
4.41765e-06
4.2831e-06
4.15605e-06
4.03437e-06
3.91627e-06
3.80021e-06
3.68478e-06
3.56871e-06
3.45088e-06
3.33038e-06
3.20672e-06
3.08026e-06
2.9529e-06
2.82937e-06
2.71951e-06
2.64142e-06
2.62475e-06
2.71182e-06
2.94552e-06
3.36408e-06
4.00139e-06
4.70713e-06
5.30275e-06
5.37088e-06
5.26639e-06
5.11595e-06
4.89697e-06
4.66437e-06
4.45578e-06
4.27026e-06
4.10324e-06
3.95243e-06
3.81461e-06
3.68667e-06
3.56634e-06
3.45191e-06
3.3419e-06
3.23506e-06
3.13031e-06
3.02671e-06
2.92353e-06
2.82028e-06
2.71695e-06
2.61423e-06
2.51408e-06
2.42051e-06
2.34083e-06
2.28716e-06
2.27784e-06
2.3368e-06
2.49085e-06
2.75731e-06
3.15206e-06
3.24367e-06
3.83606e-06
4.3608e-06
4.46968e-06
4.41313e-06
4.31117e-06
4.14805e-06
3.96056e-06
3.78333e-06
3.62069e-06
3.47121e-06
3.33481e-06
3.21e-06
3.09461e-06
2.98682e-06
2.88515e-06
2.78832e-06
2.69522e-06
2.60502e-06
2.51709e-06
2.43115e-06
2.34735e-06
2.26645e-06
2.19023e-06
2.12189e-06
2.06675e-06
2.03298e-06
2.03206e-06
2.07848e-06
2.18752e-06
2.37306e-06
2.63909e-06
2.99335e-06
2.65896e-06
3.16215e-06
3.6342e-06
3.77749e-06
3.76597e-06
3.70196e-06
3.57795e-06
3.42217e-06
3.2676e-06
3.12259e-06
2.98763e-06
2.86345e-06
2.74946e-06
2.64412e-06
2.54606e-06
2.45412e-06
2.36735e-06
2.28497e-06
2.20649e-06
2.13167e-06
2.0607e-06
1.99427e-06
1.93381e-06
1.88177e-06
1.84196e-06
1.81991e-06
1.823e-06
1.86013e-06
1.9408e-06
2.07313e-06
2.26322e-06
2.50916e-06
2.81583e-06
2.19762e-06
2.63295e-06
3.06619e-06
3.2339e-06
3.25715e-06
3.22295e-06
3.13195e-06
3.00639e-06
2.87509e-06
2.74795e-06
2.62691e-06
2.51365e-06
2.40868e-06
2.31141e-06
2.22108e-06
2.13702e-06
2.05863e-06
1.98548e-06
1.91737e-06
1.8544e-06
1.79712e-06
1.74658e-06
1.70459e-06
1.67382e-06
1.65798e-06
1.66183e-06
1.69104e-06
1.75146e-06
1.84846e-06
1.98568e-06
2.16508e-06
2.38252e-06
2.64225e-06
1.82602e-06
2.21083e-06
2.61546e-06
2.80244e-06
2.85591e-06
2.84825e-06
2.78513e-06
2.68488e-06
2.57282e-06
2.46025e-06
2.3508e-06
2.24702e-06
2.15025e-06
2.06057e-06
1.97764e-06
1.90115e-06
1.83078e-06
1.76638e-06
1.708e-06
1.65603e-06
1.61122e-06
1.57484e-06
1.54873e-06
1.53534e-06
1.53779e-06
1.55964e-06
1.60458e-06
1.67608e-06
1.77675e-06
1.90768e-06
2.06893e-06
2.25583e-06
2.47225e-06
1.52068e-06
1.86945e-06
2.25386e-06
2.45681e-06
2.53566e-06
2.55028e-06
2.51003e-06
2.43135e-06
2.3367e-06
2.2379e-06
2.13965e-06
2.04507e-06
1.95607e-06
1.87332e-06
1.79698e-06
1.7271e-06
1.6637e-06
1.60687e-06
1.55691e-06
1.51435e-06
1.48004e-06
1.45522e-06
1.44149e-06
1.44085e-06
1.45555e-06
1.48797e-06
1.54022e-06
1.61407e-06
1.71048e-06
1.82923e-06
1.96948e-06
2.12688e-06
2.30514e-06
1.26491e-06
1.58996e-06
1.96096e-06
2.17761e-06
2.27829e-06
2.31274e-06
2.29253e-06
2.23291e-06
2.15384e-06
2.06722e-06
1.97869e-06
1.89199e-06
1.80961e-06
1.73279e-06
1.66213e-06
1.59798e-06
1.54063e-06
1.49034e-06
1.44752e-06
1.41275e-06
1.38684e-06
1.3708e-06
1.36589e-06
1.37352e-06
1.39514e-06
1.43211e-06
1.48553e-06
1.55602e-06
1.64355e-06
1.74736e-06
1.86627e-06
1.99627e-06
2.14103e-06
1.04667e-06
1.35886e-06
1.72227e-06
1.95114e-06
2.07083e-06
2.12289e-06
2.12007e-06
2.07695e-06
2.01163e-06
1.93595e-06
1.85625e-06
1.77681e-06
1.70052e-06
1.62906e-06
1.56338e-06
1.50411e-06
1.45171e-06
1.40659e-06
1.36922e-06
1.34013e-06
1.32e-06
1.3096e-06
1.30978e-06
1.32143e-06
1.34534e-06
1.38216e-06
1.43226e-06
1.4956e-06
1.57171e-06
1.65955e-06
1.75784e-06
1.86316e-06
1.97906e-06
8.57173e-07
1.16661e-06
1.52745e-06
1.76748e-06
1.90383e-06
1.9717e-06
1.98433e-06
1.9559e-06
1.90299e-06
1.83723e-06
1.76546e-06
1.69237e-06
1.62126e-06
1.55418e-06
1.49242e-06
1.43684e-06
1.38805e-06
1.34656e-06
1.31283e-06
1.28732e-06
1.27051e-06
1.26292e-06
1.26504e-06
1.27731e-06
1.30007e-06
1.33347e-06
1.37742e-06
1.43154e-06
1.49513e-06
1.5671e-06
1.64624e-06
1.72965e-06
1.82071e-06
6.90186e-07
1.00681e-06
1.36934e-06
1.61966e-06
1.77066e-06
1.85273e-06
1.87913e-06
1.86367e-06
1.82177e-06
1.76481e-06
1.69997e-06
1.63234e-06
1.56553e-06
1.5019e-06
1.44301e-06
1.3899e-06
1.3433e-06
1.30374e-06
1.27168e-06
1.24746e-06
1.23143e-06
1.22385e-06
1.22497e-06
1.2349e-06
1.25366e-06
1.28112e-06
1.31695e-06
1.3606e-06
1.41129e-06
1.46801e-06
1.52966e-06
1.59384e-06
1.66369e-06
5.41837e-07
8.75843e-07
1.24323e-06
1.5029e-06
1.66672e-06
1.76147e-06
1.80016e-06
1.7962e-06
1.76412e-06
1.71499e-06
1.65624e-06
1.59325e-06
1.52989e-06
1.46878e-06
1.4117e-06
1.35983e-06
1.31401e-06
1.27481e-06
1.24262e-06
1.21773e-06
1.20034e-06
1.19054e-06
1.18838e-06
1.19379e-06
1.20658e-06
1.22647e-06
1.253e-06
1.28559e-06
1.32349e-06
1.36579e-06
1.41157e-06
1.45887e-06
1.5106e-06
4.11483e-07
7.72711e-07
1.14641e-06
1.41418e-06
1.58901e-06
1.69494e-06
1.74449e-06
1.75062e-06
1.7271e-06
1.68467e-06
1.63092e-06
1.57144e-06
1.51031e-06
1.45041e-06
1.39367e-06
1.34145e-06
1.29463e-06
1.25383e-06
1.21942e-06
1.19164e-06
1.1706e-06
1.15631e-06
1.1487e-06
1.1476e-06
1.15274e-06
1.16377e-06
1.18024e-06
1.20159e-06
1.22715e-06
1.25618e-06
1.28787e-06
1.32065e-06
1.35713e-06
3.05193e-07
6.98966e-07
1.07779e-06
1.35189e-06
1.53586e-06
1.6515e-06
1.71059e-06
1.72558e-06
1.70956e-06
1.67298e-06
1.6235e-06
1.56685e-06
1.50732e-06
1.44791e-06
1.39072e-06
1.3372e-06
1.28829e-06
1.24464e-06
1.20661e-06
1.17441e-06
1.14811e-06
1.12768e-06
1.11299e-06
1.10386e-06
1.10003e-06
1.10115e-06
1.10684e-06
1.11664e-06
1.12999e-06
1.14632e-06
1.165e-06
1.18483e-06
1.20812e-06
2.44303e-07
6.58089e-07
1.03755e-06
1.31553e-06
1.50662e-06
1.63035e-06
1.69747e-06
1.71979e-06
1.70976e-06
1.67753e-06
1.63075e-06
1.5753e-06
1.51558e-06
1.45479e-06
1.39518e-06
1.3383e-06
1.2852e-06
1.23655e-06
1.19276e-06
1.15405e-06
1.12049e-06
1.09205e-06
1.06864e-06
1.05009e-06
1.03621e-06
1.02675e-06
1.02142e-06
1.0199e-06
1.02179e-06
1.02667e-06
1.03406e-06
1.04302e-06
1.05553e-06
2.6039e-07
6.53914e-07
1.02669e-06
1.30558e-06
1.50181e-06
1.63224e-06
1.70637e-06
1.73526e-06
1.73077e-06
1.70271e-06
1.65866e-06
1.60452e-06
1.54476e-06
1.48268e-06
1.42059e-06
1.36013e-06
1.30239e-06
1.24809e-06
1.19767e-06
1.15137e-06
1.10931e-06
1.07151e-06
1.03791e-06
1.00847e-06
9.83074e-07
9.61629e-07
9.44007e-07
9.30074e-07
9.1963e-07
9.12491e-07
9.08358e-07
9.06633e-07
9.09008e-07
3.47058e-07
6.88508e-07
1.04665e-06
1.32317e-06
1.52218e-06
1.65727e-06
1.73627e-06
1.76932e-06
1.76772e-06
1.741e-06
1.69674e-06
1.64092e-06
1.57819e-06
1.51198e-06
1.44473e-06
1.37818e-06
1.31351e-06
1.25148e-06
1.19256e-06
1.13703e-06
1.08502e-06
1.03661e-06
9.91819e-07
9.50676e-07
9.13214e-07
8.79494e-07
8.49587e-07
8.23584e-07
8.01525e-07
7.83467e-07
7.69301e-07
7.58676e-07
7.53043e-07
4.7447e-07
7.61162e-07
1.09899e-06
1.3705e-06
1.571e-06
1.71048e-06
1.79492e-06
1.83339e-06
1.83648e-06
1.81328e-06
1.77106e-06
1.71574e-06
1.65191e-06
1.58306e-06
1.51172e-06
1.43971e-06
1.36831e-06
1.29837e-06
1.23045e-06
1.16488e-06
1.10188e-06
1.04157e-06
9.84061e-07
9.29453e-07
8.7789e-07
8.2957e-07
7.84749e-07
7.43756e-07
7.06926e-07
6.74687e-07
6.47278e-07
6.24938e-07
6.08887e-07
6.28807e-07
8.70573e-07
1.18596e-06
1.44982e-06
1.64863e-06
1.78846e-06
1.87321e-06
1.91108e-06
1.91245e-06
1.88636e-06
1.84023e-06
1.7801e-06
1.7107e-06
1.63558e-06
1.55734e-06
1.47781e-06
1.39826e-06
1.31955e-06
1.24219e-06
1.16654e-06
1.09278e-06
1.02106e-06
9.51472e-07
8.84157e-07
8.193e-07
7.57176e-07
6.98158e-07
6.4276e-07
5.91587e-07
5.45441e-07
5.05024e-07
4.71224e-07
4.45542e-07
8.07761e-07
1.01507e-06
1.30935e-06
1.5663e-06
1.76626e-06
1.91182e-06
2.00417e-06
2.0497e-06
2.05755e-06
2.03603e-06
1.99215e-06
1.93186e-06
1.86005e-06
1.7805e-06
1.69608e-06
1.6089e-06
1.5205e-06
1.43193e-06
1.34389e-06
1.25685e-06
1.17109e-06
1.08679e-06
1.00406e-06
9.2303e-07
8.43823e-07
7.66627e-07
6.91701e-07
6.1943e-07
5.50288e-07
4.85059e-07
4.24472e-07
3.70244e-07
3.23565e-07
1.0163e-06
1.20018e-06
1.47646e-06
1.72238e-06
1.91368e-06
2.05077e-06
2.1341e-06
2.17051e-06
2.1699e-06
2.14089e-06
2.09046e-06
2.02437e-06
1.9472e-06
1.86243e-06
1.77266e-06
1.67984e-06
1.58535e-06
1.49018e-06
1.39504e-06
1.30039e-06
1.20656e-06
1.11376e-06
1.02215e-06
9.31868e-07
8.43042e-07
7.55817e-07
6.70359e-07
5.86879e-07
5.05582e-07
4.26809e-07
3.50649e-07
2.78016e-07
2.08153e-07
1.2586e-06
1.42244e-06
1.68663e-06
1.93449e-06
2.13941e-06
2.29626e-06
2.39911e-06
2.45094e-06
2.46017e-06
2.43528e-06
2.38383e-06
2.3126e-06
2.22724e-06
2.13218e-06
2.0308e-06
1.92565e-06
1.81852e-06
1.71073e-06
1.60317e-06
1.49644e-06
1.39097e-06
1.28703e-06
1.18485e-06
1.08459e-06
9.86434e-07
8.90572e-07
7.97217e-07
7.06646e-07
6.19141e-07
5.35182e-07
4.54957e-07
3.79953e-07
3.08133e-07
1.55539e-06
1.71613e-06
1.96802e-06
2.18978e-06
2.36072e-06
2.48413e-06
2.55957e-06
2.5927e-06
2.5919e-06
2.56372e-06
2.51329e-06
2.44522e-06
2.36359e-06
2.2718e-06
2.17266e-06
2.06848e-06
1.96114e-06
1.85211e-06
1.74255e-06
1.63334e-06
1.52519e-06
1.41864e-06
1.31418e-06
1.21219e-06
1.11307e-06
1.01723e-06
9.25109e-07
8.37223e-07
7.54141e-07
6.76609e-07
6.05262e-07
5.41657e-07
4.84722e-07
1.89863e-06
2.03689e-06
2.30337e-06
2.57857e-06
2.81938e-06
3.00413e-06
3.11842e-06
3.16702e-06
3.16358e-06
3.12066e-06
3.04853e-06
2.95576e-06
2.84901e-06
2.73314e-06
2.61164e-06
2.48704e-06
2.36114e-06
2.23523e-06
2.11026e-06
1.98697e-06
1.86591e-06
1.74756e-06
1.63233e-06
1.5206e-06
1.41276e-06
1.3092e-06
1.21033e-06
1.11663e-06
1.02857e-06
9.46736e-07
8.71439e-07
8.03944e-07
7.41928e-07
2.38311e-06
2.55339e-06
2.76532e-06
2.91616e-06
3.03568e-06
3.14458e-06
3.23196e-06
3.28965e-06
3.31582e-06
3.30992e-06
3.27349e-06
3.21057e-06
3.1261e-06
3.02494e-06
2.91149e-06
2.78957e-06
2.66231e-06
2.53225e-06
2.40135e-06
2.27116e-06
2.14285e-06
2.01735e-06
1.89538e-06
1.77754e-06
1.6643e-06
1.55611e-06
1.45335e-06
1.3564e-06
1.26562e-06
1.18144e-06
1.10406e-06
1.03442e-06
9.706e-07
2.86309e-06
2.99017e-06
3.39662e-06
3.81965e-06
4.13793e-06
4.33083e-06
4.40782e-06
4.40004e-06
4.33745e-06
4.23832e-06
4.11389e-06
3.97221e-06
3.81888e-06
3.65781e-06
3.49206e-06
3.3242e-06
3.15641e-06
2.99052e-06
2.82807e-06
2.67029e-06
2.51816e-06
2.37244e-06
2.23368e-06
2.10228e-06
1.97849e-06
1.86248e-06
1.75432e-06
1.65408e-06
1.56172e-06
1.47733e-06
1.40069e-06
1.33275e-06
1.27063e-06
3.90711e-06
4.02604e-06
3.95406e-06
3.89106e-06
4.00284e-06
4.21904e-06
4.41659e-06
4.54591e-06
4.60371e-06
4.59986e-06
4.55098e-06
4.47526e-06
4.38747e-06
4.29784e-06
4.21273e-06
4.13542e-06
4.067e-06
4.00718e-06
3.95497e-06
3.90912e-06
3.86839e-06
3.83163e-06
3.79792e-06
3.76649e-06
3.73673e-06
3.70813e-06
3.68027e-06
3.6528e-06
3.62545e-06
3.59815e-06
3.57087e-06
3.54518e-06
3.51893e-06
4.37132e-06
4.95959e-06
5.94783e-06
6.43581e-06
6.55161e-06
6.52449e-06
6.50917e-06
6.61131e-06
6.86141e-06
7.22813e-06
7.66183e-06
8.11788e-06
8.56209e-06
8.97155e-06
9.33308e-06
9.64063e-06
9.8929e-06
1.00916e-05
1.02402e-05
1.03433e-05
1.04056e-05
1.04319e-05
1.04268e-05
1.03946e-05
1.03388e-05
1.02629e-05
1.01694e-05
1.00604e-05
9.93788e-06
9.80287e-06
9.65712e-06
9.50279e-06
9.34091e-06
7.566e-06
5.83797e-06
4.64095e-06
6.22665e-06
8.95255e-06
1.16588e-05
1.39869e-05
1.58757e-05
1.73239e-05
1.83454e-05
1.89769e-05
1.92661e-05
1.92626e-05
1.90156e-05
1.85721e-05
1.79747e-05
1.7261e-05
1.64634e-05
1.5609e-05
1.47198e-05
1.38139e-05
1.29054e-05
1.20049e-05
1.11208e-05
1.02589e-05
9.42306e-06
8.61557e-06
7.83699e-06
7.08716e-06
6.36259e-06
5.664e-06
4.9793e-06
4.32204e-06
8.58682e-06
1.4727e-05
1.88229e-05
2.12175e-05
2.22956e-05
2.181e-05
1.99374e-05
1.7133e-05
1.38718e-05
1.07935e-05
8.94223e-06
9.40084e-06
1.18541e-05
1.51911e-05
1.87394e-05
2.22047e-05
2.54586e-05
2.84458e-05
3.11466e-05
3.35603e-05
3.56967e-05
3.75711e-05
3.92016e-05
4.06075e-05
4.1808e-05
4.28217e-05
4.36665e-05
4.43602e-05
4.49196e-05
4.53665e-05
4.57165e-05
4.60283e-05
4.62913e-05
3.46547e-05
3.72343e-05
4.6683e-05
6.18242e-05
7.75496e-05
9.29691e-05
0.000107381
0.000120076
0.000130868
0.0001398
0.000146984
0.000152582
0.000156783
0.000159771
0.000161722
0.000162794
0.00016313
0.000162852
0.000162068
0.000160868
0.00015933
0.000157519
0.000155489
0.000153286
0.000150948
0.000148505
0.000145982
0.000143398
0.000140771
0.000138106
0.000135403
0.000132754
0.000130171
0.000608455
0.000582505
0.000556863
0.00053037
0.000504326
0.000479052
0.000454587
0.000431203
0.000409082
0.00038828
0.000368814
0.000350669
0.000333797
0.00031813
0.000303588
0.00029009
0.000277548
0.000265882
0.000255011
0.000244863
0.000235368
0.000226465
0.000218098
0.000210216
0.000202774
0.00019573
0.000189047
0.000182691
0.000176622
0.000170819
0.000165154
0.00016016
0.000155609
7.71312e-05
7.01964e-05
6.33722e-05
5.12783e-05
3.76816e-05
2.61643e-05
1.77779e-05
1.64579e-05
2.41452e-05
3.56539e-05
4.9324e-05
5.91436e-05
5.95565e-05
5.38214e-05
5.13139e-05
5.37879e-05
5.67422e-05
5.79779e-05
6.2961e-05
7.20747e-05
6.41225e-05
5.58924e-05
5.34266e-05
4.69486e-05
3.9036e-05
3.24406e-05
2.74227e-05
2.31249e-05
1.86999e-05
1.38937e-05
9.2504e-06
6.69061e-06
7.56311e-06
1.02999e-05
1.4158e-05
1.68645e-05
1.87923e-05
2.20513e-05
2.67784e-05
3.05001e-05
3.06532e-05
2.7908e-05
2.44775e-05
2.15512e-05
1.91663e-05
1.71079e-05
1.52703e-05
1.36218e-05
1.21436e-05
1.08135e-05
9.61094e-06
8.52058e-06
7.53246e-06
6.63947e-06
5.83538e-06
5.11399e-06
4.46888e-06
3.89383e-06
3.38314e-06
2.93183e-06
2.53565e-06
2.19087e-06
1.89394e-06
1.64124e-06
1.42896e-06
1.25299e-06
1.10921e-06
9.93571e-07
9.02494e-07
8.32869e-07
7.81785e-07
7.46132e-07
7.22266e-07
7.06414e-07
6.95993e-07
6.90782e-07
6.91989e-07
6.98863e-07
7.06217e-07
7.0665e-07
6.95901e-07
6.75734e-07
6.51898e-07
6.29331e-07
6.09497e-07
5.91275e-07
5.72928e-07
5.52888e-07
5.29579e-07
5.014e-07
4.67671e-07
4.28987e-07
3.88324e-07
3.47811e-07
3.1275e-07
2.79156e-07
2.59096e-07
2.25922e-07
2.34086e-07
1.81914e-07
0.000118075
0.000100372
7.67818e-05
5.92961e-05
4.45868e-05
3.16606e-05
2.27964e-05
2.50028e-05
3.75303e-05
5.27941e-05
6.25993e-05
6.13571e-05
5.06967e-05
4.06399e-05
4.00648e-05
4.32704e-05
4.45584e-05
4.47477e-05
4.67022e-05
5.69728e-05
6.22382e-05
5.4171e-05
5.06378e-05
4.72978e-05
4.02584e-05
3.29882e-05
2.71453e-05
2.2293e-05
1.7605e-05
1.26843e-05
7.9138e-06
4.3974e-06
5.0921e-06
1.03978e-05
1.48964e-05
1.6779e-05
1.92135e-05
2.38415e-05
2.92753e-05
3.19799e-05
3.06963e-05
2.73561e-05
2.40168e-05
2.1294e-05
1.90322e-05
1.70502e-05
1.52751e-05
1.36782e-05
1.22365e-05
1.09278e-05
9.7351e-06
8.64719e-06
7.65699e-06
6.75908e-06
5.94822e-06
5.21889e-06
4.56527e-06
3.98164e-06
3.46264e-06
3.00353e-06
2.60015e-06
2.24874e-06
1.94572e-06
1.68744e-06
1.47011e-06
1.28965e-06
1.14192e-06
1.02285e-06
9.28608e-07
8.55854e-07
8.01629e-07
7.62938e-07
7.36356e-07
7.18319e-07
7.06419e-07
7.00705e-07
7.02814e-07
7.12397e-07
7.24103e-07
7.29614e-07
7.23282e-07
7.05839e-07
6.82284e-07
6.57491e-07
6.33637e-07
6.10721e-07
5.88044e-07
5.64642e-07
5.39079e-07
5.09571e-07
4.75092e-07
4.35864e-07
3.94638e-07
3.53439e-07
3.17671e-07
2.83363e-07
2.62814e-07
2.29065e-07
2.37543e-07
1.84368e-07
0.000113292
0.000115731
0.000104811
8.79744e-05
7.22936e-05
6.12046e-05
5.6881e-05
5.8883e-05
6.35743e-05
6.4915e-05
5.85757e-05
4.50476e-05
3.16403e-05
2.95897e-05
3.47269e-05
3.72059e-05
3.64696e-05
3.55733e-05
3.59678e-05
4.16795e-05
5.16735e-05
5.23952e-05
4.72125e-05
4.55547e-05
4.15613e-05
3.46947e-05
2.78455e-05
2.20228e-05
1.67684e-05
1.15774e-05
6.36659e-06
8.46462e-07
6.99046e-06
1.32036e-05
1.55315e-05
1.67466e-05
2.05975e-05
2.68083e-05
3.19547e-05
3.28682e-05
3.02476e-05
2.66469e-05
2.35337e-05
2.10313e-05
1.8903e-05
1.70086e-05
1.52988e-05
1.37498e-05
1.23394e-05
1.10488e-05
9.86482e-06
8.77963e-06
7.78806e-06
6.88579e-06
6.06839e-06
5.33102e-06
4.66852e-06
4.07573e-06
3.54774e-06
3.08012e-06
2.66884e-06
2.31022e-06
2.0006e-06
1.73629e-06
1.51337e-06
1.32773e-06
1.17517e-06
1.0516e-06
9.53245e-07
8.7682e-07
8.19386e-07
7.77864e-07
7.48727e-07
7.2832e-07
7.14241e-07
7.06774e-07
7.08148e-07
7.18751e-07
7.33587e-07
7.4387e-07
7.42915e-07
7.29977e-07
7.08915e-07
6.84124e-07
6.58076e-07
6.3166e-07
6.05242e-07
5.78664e-07
5.50881e-07
5.2007e-07
4.84925e-07
4.45311e-07
4.03738e-07
3.62099e-07
3.25877e-07
2.91099e-07
2.7027e-07
2.36113e-07
2.45089e-07
1.91052e-07
8.6792e-05
9.13198e-05
9.19797e-05
8.84144e-05
8.19635e-05
7.52487e-05
6.96511e-05
6.39483e-05
5.61911e-05
4.49569e-05
3.11217e-05
2.08998e-05
2.34103e-05
3.04969e-05
3.38311e-05
3.33097e-05
3.13764e-05
3.0396e-05
3.0847e-05
3.35223e-05
3.98331e-05
4.58314e-05
4.45418e-05
4.17088e-05
4.04683e-05
3.66668e-05
3.05171e-05
2.40094e-05
1.80209e-05
1.26669e-05
8.43584e-06
8.72783e-06
1.32619e-05
1.53665e-05
1.50587e-05
1.74571e-05
2.36689e-05
3.06687e-05
3.40715e-05
3.28387e-05
2.93314e-05
2.58508e-05
2.30629e-05
2.07772e-05
1.87747e-05
1.69666e-05
1.53221e-05
1.38201e-05
1.24406e-05
1.11687e-05
9.99504e-06
8.91435e-06
7.92289e-06
7.01728e-06
6.19389e-06
5.44868e-06
4.77724e-06
4.17508e-06
3.63783e-06
3.16136e-06
2.74186e-06
2.37568e-06
2.05916e-06
1.78856e-06
1.55996e-06
1.36921e-06
1.21215e-06
1.08463e-06
9.82773e-07
9.03073e-07
8.42413e-07
7.97702e-07
7.65489e-07
7.42219e-07
7.25597e-07
7.16171e-07
7.16787e-07
7.28565e-07
7.46671e-07
7.61573e-07
7.65537e-07
7.56734e-07
7.38079e-07
7.13417e-07
6.85286e-07
6.55265e-07
6.24715e-07
5.94375e-07
5.63702e-07
5.30924e-07
4.94496e-07
4.53921e-07
4.11452e-07
3.68842e-07
3.31652e-07
2.95926e-07
2.7439e-07
2.39419e-07
2.48574e-07
1.9332e-07
4.10498e-05
4.51993e-05
4.73381e-05
4.73554e-05
4.51896e-05
4.08544e-05
3.42329e-05
2.56787e-05
1.63116e-05
1.11887e-05
1.66643e-05
2.4713e-05
3.01271e-05
3.19096e-05
3.10957e-05
2.95448e-05
2.85164e-05
2.84408e-05
2.93556e-05
3.09001e-05
3.4344e-05
3.80416e-05
4.00615e-05
3.82744e-05
3.64112e-05
3.52538e-05
3.23653e-05
2.77349e-05
2.27042e-05
1.84155e-05
1.61142e-05
1.6406e-05
1.63438e-05
1.43206e-05
1.47954e-05
2.04919e-05
2.865e-05
3.43188e-05
3.48779e-05
3.18963e-05
2.81784e-05
2.5083e-05
2.26249e-05
2.05269e-05
1.86406e-05
1.69183e-05
1.5339e-05
1.38834e-05
1.25352e-05
1.12837e-05
1.01227e-05
9.04861e-06
8.05879e-06
7.15083e-06
6.32201e-06
5.56921e-06
4.88889e-06
4.27728e-06
3.73056e-06
3.24502e-06
2.81702e-06
2.44301e-06
2.11935e-06
1.84223e-06
1.60768e-06
1.41153e-06
1.24953e-06
1.11751e-06
1.01151e-06
9.28038e-07
8.63946e-07
8.16088e-07
7.80925e-07
7.54794e-07
7.35318e-07
7.23191e-07
7.21874e-07
7.33443e-07
7.53684e-07
7.7295e-07
7.82386e-07
7.78797e-07
7.63933e-07
7.40879e-07
7.11989e-07
6.7931e-07
6.45145e-07
6.11228e-07
5.77688e-07
5.42955e-07
5.05326e-07
4.63973e-07
4.20872e-07
3.7761e-07
3.39789e-07
3.03446e-07
2.81519e-07
2.46027e-07
2.55637e-07
1.99428e-07
5.74074e-06
9.12184e-06
1.1501e-05
1.21258e-05
1.11465e-05
9.86805e-06
1.10385e-05
1.54562e-05
2.10128e-05
2.58129e-05
2.88289e-05
2.98094e-05
2.91902e-05
2.78835e-05
2.68253e-05
2.64848e-05
2.6754e-05
2.73559e-05
2.84993e-05
2.98012e-05
3.2224e-05
3.50905e-05
3.57845e-05
3.49728e-05
3.28363e-05
3.09161e-05
2.95023e-05
2.74652e-05
2.46275e-05
2.17838e-05
1.95258e-05
1.71179e-05
1.38914e-05
1.2987e-05
1.80272e-05
2.67744e-05
3.40645e-05
3.63161e-05
3.41389e-05
3.03854e-05
2.70202e-05
2.43897e-05
2.22131e-05
2.02744e-05
1.84981e-05
1.68614e-05
1.53472e-05
1.39387e-05
1.2624e-05
1.13958e-05
1.02499e-05
9.18425e-06
8.19726e-06
7.2876e-06
6.45365e-06
5.69334e-06
5.00406e-06
4.38284e-06
3.82645e-06
3.33157e-06
2.8948e-06
2.51269e-06
2.18161e-06
1.89774e-06
1.65707e-06
1.45541e-06
1.28852e-06
1.15218e-06
1.04238e-06
9.55466e-07
8.88122e-07
8.37104e-07
7.98853e-07
7.69698e-07
7.47262e-07
7.32418e-07
7.29254e-07
7.40741e-07
7.63138e-07
7.8642e-07
8.00889e-07
8.02274e-07
7.91289e-07
7.70181e-07
7.40893e-07
7.05715e-07
6.67782e-07
6.29866e-07
5.92888e-07
5.556e-07
5.16205e-07
4.73559e-07
4.29353e-07
3.84988e-07
3.46095e-07
3.0872e-07
2.8601e-07
2.49651e-07
2.59416e-07
2.0193e-07
9.4651e-06
1.20005e-05
1.54405e-05
1.87815e-05
2.16026e-05
2.39602e-05
2.58869e-05
2.72239e-05
2.77581e-05
2.73724e-05
2.62713e-05
2.49431e-05
2.39158e-05
2.34827e-05
2.35983e-05
2.40462e-05
2.468e-05
2.54507e-05
2.65681e-05
2.81196e-05
2.99574e-05
3.32448e-05
3.52534e-05
3.39243e-05
3.11704e-05
2.82687e-05
2.5671e-05
2.3403e-05
2.10356e-05
1.85373e-05
1.59438e-05
1.33136e-05
1.2725e-05
1.7468e-05
2.62039e-05
3.40929e-05
3.73578e-05
3.59104e-05
3.22917e-05
2.87642e-05
2.59992e-05
2.37724e-05
2.18129e-05
2.00122e-05
1.83435e-05
1.6793e-05
1.5345e-05
1.39862e-05
1.2708e-05
1.15059e-05
1.03774e-05
9.32167e-06
8.33841e-06
7.42757e-06
6.58877e-06
5.82104e-06
5.12279e-06
4.49183e-06
3.92557e-06
3.42109e-06
2.97527e-06
2.58477e-06
2.24599e-06
1.9551e-06
1.70808e-06
1.50069e-06
1.32866e-06
1.18773e-06
1.07378e-06
9.83076e-07
9.1222e-07
8.57916e-07
8.16512e-07
7.84216e-07
7.58508e-07
7.40295e-07
7.34208e-07
7.44307e-07
7.67838e-07
7.94832e-07
8.14631e-07
8.21735e-07
8.15716e-07
7.97833e-07
7.69384e-07
7.32655e-07
6.91489e-07
6.49734e-07
6.09262e-07
5.69302e-07
5.2808e-07
4.84185e-07
4.39021e-07
3.93782e-07
3.54093e-07
3.15985e-07
2.92797e-07
2.55864e-07
2.66088e-07
2.07714e-07
6.92885e-06
9.24831e-06
1.22313e-05
1.52764e-05
1.79275e-05
1.99435e-05
2.12435e-05
2.18007e-05
2.17271e-05
2.12631e-05
2.07353e-05
2.04176e-05
2.04146e-05
2.067e-05
2.10697e-05
2.15492e-05
2.21382e-05
2.29205e-05
2.39932e-05
2.55601e-05
2.74147e-05
3.00357e-05
3.37207e-05
3.53554e-05
3.34785e-05
2.98182e-05
2.6052e-05
2.27123e-05
1.97931e-05
1.72821e-05
1.56268e-05
1.61245e-05
2.06317e-05
2.82577e-05
3.52386e-05
3.83255e-05
3.71367e-05
3.36983e-05
3.01624e-05
2.73566e-05
2.5132e-05
2.31927e-05
2.14035e-05
1.97341e-05
1.81749e-05
1.67125e-05
1.53331e-05
1.4027e-05
1.27886e-05
1.16152e-05
1.05059e-05
9.46128e-06
8.48255e-06
7.57103e-06
6.72764e-06
5.95259e-06
5.24531e-06
4.60446e-06
4.02807e-06
3.5137e-06
3.05849e-06
2.65926e-06
2.31247e-06
2.0143e-06
1.7607e-06
1.54743e-06
1.37019e-06
1.22468e-06
1.10672e-06
1.01242e-06
9.38234e-07
8.80716e-07
8.36134e-07
8.00602e-07
7.71496e-07
7.49787e-07
7.40652e-07
7.49214e-07
7.73608e-07
8.03913e-07
8.28701e-07
8.41441e-07
8.40656e-07
8.26545e-07
7.99545e-07
7.61696e-07
7.1739e-07
6.71556e-07
6.27123e-07
5.83944e-07
5.40358e-07
4.94728e-07
4.48166e-07
4.01645e-07
3.60762e-07
3.2154e-07
2.97501e-07
2.59662e-07
2.7002e-07
2.10342e-07
5.48279e-06
7.23007e-06
9.36586e-06
1.15623e-05
1.35482e-05
1.51612e-05
1.63257e-05
1.70579e-05
1.74522e-05
1.76354e-05
1.77355e-05
1.78536e-05
1.80457e-05
1.83259e-05
1.86905e-05
1.91506e-05
1.97447e-05
2.05409e-05
2.16078e-05
2.30169e-05
2.47974e-05
2.68706e-05
2.99355e-05
3.365e-05
3.5603e-05
3.47077e-05
3.19765e-05
2.88395e-05
2.62723e-05
2.48128e-05
2.52421e-05
2.82697e-05
3.31763e-05
3.75759e-05
3.92062e-05
3.76762e-05
3.43946e-05
3.10399e-05
2.83481e-05
2.62118e-05
2.43464e-05
2.26104e-05
2.0976e-05
1.944e-05
1.79927e-05
1.66205e-05
1.53127e-05
1.40626e-05
1.28669e-05
1.17243e-05
1.06358e-05
9.60345e-06
8.63002e-06
7.71832e-06
6.8706e-06
6.08831e-06
5.37193e-06
4.72097e-06
4.13418e-06
3.60957e-06
3.14463e-06
2.73632e-06
2.38119e-06
2.07546e-06
1.81505e-06
1.59572e-06
1.41313e-06
1.26292e-06
1.14081e-06
1.04278e-06
9.65128e-07
9.04267e-07
8.56386e-07
8.17436e-07
7.8459e-07
7.58734e-07
7.4552e-07
7.51307e-07
7.75649e-07
8.08873e-07
8.3874e-07
8.57624e-07
8.62961e-07
8.53776e-07
8.29424e-07
7.91429e-07
7.44567e-07
6.94832e-07
6.46337e-07
5.99727e-07
5.53593e-07
5.06148e-07
4.58227e-07
4.10565e-07
3.68699e-07
3.28617e-07
3.04002e-07
2.65536e-07
2.76333e-07
2.15792e-07
5.03576e-06
6.41161e-06
8.04923e-06
9.73382e-06
1.12974e-05
1.26404e-05
1.37125e-05
1.44955e-05
1.50113e-05
1.53211e-05
1.55147e-05
1.56847e-05
1.58969e-05
1.61827e-05
1.65549e-05
1.70317e-05
1.76438e-05
1.8436e-05
1.94762e-05
2.07772e-05
2.2371e-05
2.41984e-05
2.63578e-05
2.93924e-05
3.29007e-05
3.54331e-05
3.62649e-05
3.58816e-05
3.52402e-05
3.52691e-05
3.6309e-05
3.80698e-05
3.94242e-05
3.92004e-05
3.71752e-05
3.41762e-05
3.12491e-05
2.88684e-05
2.69323e-05
2.52044e-05
2.35682e-05
2.20086e-05
2.05317e-05
1.91324e-05
1.77984e-05
1.65186e-05
1.52854e-05
1.40943e-05
1.29436e-05
1.18339e-05
1.07677e-05
9.74871e-06
8.78138e-06
7.86997e-06
7.01816e-06
6.22864e-06
5.50299e-06
4.84165e-06
4.24408e-06
3.70883e-06
3.23372e-06
2.81593e-06
2.45211e-06
2.13852e-06
1.87108e-06
1.64554e-06
1.45753e-06
1.30261e-06
1.17642e-06
1.07477e-06
9.93775e-07
9.29674e-07
8.78496e-07
8.36046e-07
7.9929e-07
7.69027e-07
7.51348e-07
7.53897e-07
7.77648e-07
8.13308e-07
8.47973e-07
8.73032e-07
8.84896e-07
8.81356e-07
8.60471e-07
8.22992e-07
7.73879e-07
7.20153e-07
6.67211e-07
6.16643e-07
5.67422e-07
5.17673e-07
4.67966e-07
4.18783e-07
3.75574e-07
3.34289e-07
3.08751e-07
2.6935e-07
2.80261e-07
2.18431e-07
4.68629e-06
5.80082e-06
7.106e-06
8.45813e-06
9.73648e-06
1.08588e-05
1.17735e-05
1.24636e-05
1.29512e-05
1.32858e-05
1.35298e-05
1.3744e-05
1.39775e-05
1.4265e-05
1.46316e-05
1.51025e-05
1.57075e-05
1.64805e-05
1.74731e-05
1.8705e-05
2.01627e-05
2.18369e-05
2.36386e-05
2.57006e-05
2.83361e-05
3.13199e-05
3.39489e-05
3.57896e-05
3.69406e-05
3.77558e-05
3.8272e-05
3.8187e-05
3.71806e-05
3.52841e-05
3.29587e-05
3.074e-05
2.8858e-05
2.7229e-05
2.57022e-05
2.42142e-05
2.27722e-05
2.13927e-05
2.00763e-05
1.88135e-05
1.75936e-05
1.64084e-05
1.52525e-05
1.41229e-05
1.30196e-05
1.19447e-05
1.09023e-05
9.89782e-06
8.93735e-06
8.02667e-06
7.1709e-06
6.37405e-06
5.63886e-06
4.96676e-06
4.35797e-06
3.8116e-06
3.32586e-06
2.89817e-06
2.5253e-06
2.20355e-06
1.92888e-06
1.697e-06
1.5035e-06
1.34387e-06
1.21362e-06
1.10837e-06
1.02403e-06
9.56657e-07
9.02091e-07
8.55946e-07
8.14902e-07
7.7954e-07
7.5633e-07
7.54426e-07
7.76582e-07
8.14142e-07
8.53544e-07
8.85154e-07
9.04334e-07
9.07555e-07
8.91364e-07
8.5545e-07
8.04752e-07
7.47259e-07
6.8975e-07
6.34938e-07
5.82337e-07
5.30091e-07
4.78539e-07
4.27898e-07
3.83497e-07
3.4122e-07
3.15002e-07
2.74925e-07
2.86244e-07
2.23566e-07
4.32775e-06
5.23246e-06
6.27678e-06
7.36182e-06
8.39971e-06
9.3277e-06
1.01086e-05
1.07284e-05
1.11949e-05
1.15354e-05
1.17923e-05
1.2015e-05
1.22492e-05
1.25301e-05
1.2885e-05
1.33403e-05
1.39249e-05
1.46686e-05
1.56086e-05
1.67632e-05
1.81157e-05
1.96524e-05
2.13208e-05
2.30359e-05
2.4861e-05
2.69198e-05
2.91032e-05
3.10815e-05
3.25827e-05
3.34786e-05
3.37258e-05
3.32834e-05
3.22802e-05
3.09751e-05
2.96203e-05
2.83255e-05
2.70647e-05
2.57884e-05
2.44943e-05
2.32131e-05
2.19701e-05
2.07718e-05
1.96129e-05
1.84849e-05
1.73798e-05
1.62913e-05
1.52152e-05
1.41497e-05
1.3096e-05
1.20577e-05
1.10406e-05
1.00518e-05
9.09885e-06
8.1892e-06
7.32947e-06
6.52506e-06
5.77995e-06
5.0966e-06
4.47603e-06
3.91798e-06
3.42108e-06
2.983e-06
2.60068e-06
2.27048e-06
1.98836e-06
1.75002e-06
1.55101e-06
1.38673e-06
1.25252e-06
1.14382e-06
1.05629e-06
9.85749e-07
9.27829e-07
8.77903e-07
8.32345e-07
7.91473e-07
7.62112e-07
7.54899e-07
7.74593e-07
8.13434e-07
8.57307e-07
8.95583e-07
9.22605e-07
9.33464e-07
9.22982e-07
8.89506e-07
8.37713e-07
7.76486e-07
7.14071e-07
6.54474e-07
5.97911e-07
5.42641e-07
4.88798e-07
4.36329e-07
3.90401e-07
3.46825e-07
3.1961e-07
2.78578e-07
2.89982e-07
2.26055e-07
3.99262e-06
4.73001e-06
5.57018e-06
6.44451e-06
7.29057e-06
8.06049e-06
8.72247e-06
9.26151e-06
9.68115e-06
1.0002e-05
1.02563e-05
1.04804e-05
1.07093e-05
1.09749e-05
1.13068e-05
1.17352e-05
1.22893e-05
1.29951e-05
1.38813e-05
1.49586e-05
1.62135e-05
1.76245e-05
1.91622e-05
2.07601e-05
2.23413e-05
2.38942e-05
2.54237e-05
2.68526e-05
2.80231e-05
2.88039e-05
2.91462e-05
2.90753e-05
2.86866e-05
2.80798e-05
2.73175e-05
2.64267e-05
2.54315e-05
2.43717e-05
2.32916e-05
2.22214e-05
2.11735e-05
2.01486e-05
1.91421e-05
1.81477e-05
1.71585e-05
1.61688e-05
1.51748e-05
1.41758e-05
1.3174e-05
1.21743e-05
1.1184e-05
1.02118e-05
9.26693e-06
8.35844e-06
7.49459e-06
6.68224e-06
5.92667e-06
5.23144e-06
4.59844e-06
4.02807e-06
3.51941e-06
3.07043e-06
2.67823e-06
2.33927e-06
2.04952e-06
1.80466e-06
1.60018e-06
1.43136e-06
1.29338e-06
1.18143e-06
1.09089e-06
1.01729e-06
9.56004e-07
9.02136e-07
8.51669e-07
8.04563e-07
7.67906e-07
7.53938e-07
7.69866e-07
8.09225e-07
8.57394e-07
9.02665e-07
9.38323e-07
9.57996e-07
9.54563e-07
9.24715e-07
8.72618e-07
8.07951e-07
7.40506e-07
6.75766e-07
6.14844e-07
5.56245e-07
4.99959e-07
4.45656e-07
3.98306e-07
3.53608e-07
3.25613e-07
2.83864e-07
2.95645e-07
2.30885e-07
3.67868e-06
4.28138e-06
4.95985e-06
5.66562e-06
6.35389e-06
6.98838e-06
7.54394e-06
8.00806e-06
8.38114e-06
8.67536e-06
8.91228e-06
9.11981e-06
9.32895e-06
9.57101e-06
9.87652e-06
1.02756e-05
1.07961e-05
1.1461e-05
1.22922e-05
1.32963e-05
1.44603e-05
1.57612e-05
1.7168e-05
1.86402e-05
2.01166e-05
2.15315e-05
2.28388e-05
2.40026e-05
2.49747e-05
2.57069e-05
2.61575e-05
2.63193e-05
2.62118e-05
2.58672e-05
2.53244e-05
2.46305e-05
2.38369e-05
2.29896e-05
2.21211e-05
2.12496e-05
2.03831e-05
1.95228e-05
1.86651e-05
1.78037e-05
1.69315e-05
1.60425e-05
1.51331e-05
1.42031e-05
1.32554e-05
1.22962e-05
1.13341e-05
1.03793e-05
9.44278e-06
8.53542e-06
7.66709e-06
6.84624e-06
6.07951e-06
5.37161e-06
4.72539e-06
4.14194e-06
3.62082e-06
3.16035e-06
2.75781e-06
2.40975e-06
2.11218e-06
1.86076e-06
1.65087e-06
1.47768e-06
1.33615e-06
1.22122e-06
1.12791e-06
1.05146e-06
9.86919e-07
9.29075e-07
8.73479e-07
8.19647e-07
7.7478e-07
7.5273e-07
7.63544e-07
8.02528e-07
8.54677e-07
9.07131e-07
9.52085e-07
9.81632e-07
9.86486e-07
9.61358e-07
9.09625e-07
8.41648e-07
7.68841e-07
6.98358e-07
6.32403e-07
5.69866e-07
5.10641e-07
4.5412e-07
4.05029e-07
3.58931e-07
3.29868e-07
2.87158e-07
2.98991e-07
2.33044e-07
3.38319e-06
3.8762e-06
4.42531e-06
4.99571e-06
5.55495e-06
6.07582e-06
6.53822e-06
6.93079e-06
7.25185e-06
7.50953e-06
7.72034e-06
7.90678e-06
8.09491e-06
8.31285e-06
8.59e-06
8.95636e-06
9.43939e-06
1.00602e-05
1.0836e-05
1.17703e-05
1.28502e-05
1.40528e-05
1.5347e-05
1.66952e-05
1.80539e-05
1.93716e-05
2.05943e-05
2.16776e-05
2.25931e-05
2.33089e-05
2.37908e-05
2.40256e-05
2.40232e-05
2.38105e-05
2.34261e-05
2.29141e-05
2.2316e-05
2.16654e-05
2.09864e-05
2.02946e-05
1.95973e-05
1.88952e-05
1.81835e-05
1.74547e-05
1.67006e-05
1.59143e-05
1.50921e-05
1.42336e-05
1.33423e-05
1.24253e-05
1.14925e-05
1.05557e-05
9.6278e-06
8.72131e-06
7.84796e-06
7.01783e-06
6.23903e-06
5.51753e-06
4.85714e-06
4.25972e-06
3.72537e-06
3.25276e-06
2.83938e-06
2.4819e-06
2.17635e-06
1.91836e-06
1.70324e-06
1.52597e-06
1.38129e-06
1.26378e-06
1.1681e-06
1.08909e-06
1.02144e-06
9.59564e-07
8.98496e-07
8.37183e-07
7.82781e-07
7.50773e-07
7.54592e-07
7.92022e-07
8.47834e-07
9.07839e-07
9.63012e-07
1.0038e-06
1.0185e-06
9.99515e-07
9.49113e-07
8.7821e-07
7.9991e-07
7.2324e-07
6.51729e-07
5.84824e-07
5.22409e-07
4.63601e-07
4.12841e-07
3.65503e-07
3.3558e-07
2.9213e-07
3.04312e-07
2.37563e-07
3.10338e-06
3.50637e-06
3.95086e-06
4.41132e-06
4.86406e-06
5.28874e-06
5.66958e-06
5.99699e-06
6.26863e-06
6.4896e-06
6.67175e-06
6.83275e-06
6.99513e-06
7.18524e-06
7.43192e-06
7.76463e-06
8.20993e-06
8.78705e-06
9.5095e-06
1.03784e-05
1.13811e-05
1.24951e-05
1.36909e-05
1.49331e-05
1.61825e-05
1.73977e-05
1.85346e-05
1.95553e-05
2.0429e-05
2.11248e-05
2.16191e-05
2.19037e-05
2.19882e-05
2.18951e-05
2.16555e-05
2.13038e-05
2.08731e-05
2.03915e-05
1.98806e-05
1.93538e-05
1.88165e-05
1.82673e-05
1.76992e-05
1.71026e-05
1.64679e-05
1.57867e-05
1.50542e-05
1.42697e-05
1.3437e-05
1.25638e-05
1.16614e-05
1.07431e-05
9.82369e-06
8.91759e-06
8.0384e-06
7.19798e-06
6.40601e-06
5.66976e-06
4.99411e-06
4.38171e-06
3.83323e-06
3.34774e-06
2.92295e-06
2.55566e-06
2.24194e-06
1.97738e-06
1.75717e-06
1.5761e-06
1.42862e-06
1.30896e-06
1.21133e-06
1.13013e-06
1.05966e-06
9.9387e-07
9.27227e-07
8.57949e-07
7.92891e-07
7.49032e-07
7.437e-07
7.78078e-07
8.37035e-07
9.04845e-07
9.7109e-07
1.02444e-06
1.05053e-06
1.03904e-06
9.90825e-07
9.17199e-07
8.33034e-07
7.49459e-07
6.7157e-07
5.99556e-07
5.33372e-07
4.71862e-07
4.1912e-07
3.70296e-07
3.39252e-07
2.94856e-07
3.07053e-07
2.39202e-07
2.83663e-06
3.16532e-06
3.52459e-06
3.89562e-06
4.26091e-06
4.60519e-06
4.91609e-06
5.18545e-06
5.41049e-06
5.59433e-06
5.74603e-06
5.88025e-06
6.0168e-06
6.17987e-06
6.39684e-06
6.69611e-06
7.10338e-06
7.6367e-06
8.30679e-06
9.11317e-06
1.00434e-05
1.10759e-05
1.21829e-05
1.33321e-05
1.44879e-05
1.56127e-05
1.66703e-05
1.7629e-05
1.846e-05
1.91366e-05
1.96411e-05
1.99678e-05
2.01241e-05
2.0128e-05
2.0005e-05
1.97841e-05
1.94943e-05
1.91604e-05
1.88012e-05
1.84274e-05
1.80419e-05
1.76405e-05
1.72137e-05
1.67496e-05
1.62359e-05
1.56622e-05
1.50223e-05
1.43145e-05
1.35424e-05
1.27146e-05
1.18434e-05
1.09439e-05
1.00326e-05
9.12611e-06
8.24003e-06
7.38809e-06
6.58161e-06
5.82928e-06
5.1371e-06
4.50857e-06
3.94499e-06
3.44581e-06
3.00903e-06
2.63157e-06
2.30954e-06
2.03848e-06
1.81346e-06
1.62905e-06
1.47935e-06
1.35814e-06
1.25915e-06
1.17625e-06
1.10324e-06
1.03361e-06
9.6115e-07
8.83217e-07
8.06071e-07
7.47929e-07
7.30521e-07
7.59748e-07
8.21185e-07
8.97264e-07
9.75807e-07
1.04345e-06
1.08286e-06
1.08061e-06
1.03578e-06
9.5992e-07
8.69734e-07
7.78687e-07
6.93729e-07
6.16013e-07
5.45685e-07
4.81341e-07
4.26669e-07
3.76518e-07
3.44569e-07
2.99438e-07
3.11971e-07
2.43368e-07
2.58287e-06
2.84959e-06
3.13879e-06
3.43641e-06
3.72937e-06
4.00615e-06
4.25707e-06
4.47535e-06
4.65821e-06
4.80752e-06
4.93019e-06
5.03828e-06
5.14918e-06
5.28529e-06
5.47288e-06
5.73956e-06
6.11027e-06
6.60212e-06
7.22327e-06
7.97197e-06
8.83571e-06
9.79384e-06
1.08205e-05
1.18859e-05
1.29579e-05
1.4003e-05
1.49909e-05
1.58933e-05
1.6683e-05
1.73385e-05
1.78458e-05
1.82004e-05
1.84087e-05
1.84864e-05
1.84559e-05
1.83429e-05
1.81733e-05
1.79694e-05
1.77472e-05
1.75152e-05
1.72738e-05
1.70158e-05
1.6729e-05
1.63981e-05
1.60074e-05
1.55442e-05
1.49997e-05
1.43712e-05
1.3662e-05
1.2881e-05
1.20417e-05
1.1161e-05
1.02573e-05
9.34945e-06
8.45517e-06
7.59019e-06
6.76763e-06
5.99767e-06
5.2875e-06
4.64154e-06
4.06174e-06
3.54799e-06
3.09856e-06
2.7105e-06
2.37996e-06
2.10244e-06
1.87283e-06
1.68543e-06
1.53397e-06
1.41174e-06
1.31192e-06
1.22783e-06
1.15277e-06
1.07965e-06
1.00154e-06
9.14711e-07
8.24403e-07
7.49515e-07
7.16432e-07
7.37471e-07
8.00087e-07
8.84605e-07
9.76572e-07
1.06024e-06
1.11491e-06
1.12361e-06
1.08323e-06
1.00538e-06
9.0871e-07
8.09293e-07
7.16237e-07
6.31895e-07
5.56728e-07
4.89088e-07
4.32183e-07
3.80492e-07
3.47412e-07
3.01377e-07
3.13892e-07
2.44295e-07
2.33806e-06
2.55329e-06
2.78509e-06
3.02295e-06
3.25693e-06
3.47829e-06
3.67937e-06
3.85447e-06
4.00081e-06
4.11934e-06
4.21532e-06
4.29891e-06
4.38558e-06
4.49612e-06
4.65562e-06
4.89079e-06
5.22573e-06
5.6769e-06
6.25082e-06
6.94434e-06
7.74513e-06
8.63377e-06
9.58594e-06
1.05746e-05
1.15703e-05
1.25442e-05
1.34691e-05
1.43182e-05
1.50678e-05
1.56998e-05
1.6203e-05
1.65745e-05
1.68202e-05
1.69544e-05
1.69975e-05
1.69733e-05
1.69057e-05
1.68154e-05
1.67167e-05
1.66164e-05
1.65124e-05
1.63946e-05
1.62472e-05
1.60508e-05
1.5786e-05
1.54363e-05
1.49906e-05
1.44444e-05
1.38002e-05
1.30674e-05
1.22607e-05
1.13986e-05
1.05017e-05
9.59123e-06
8.68712e-06
7.80728e-06
6.96676e-06
6.17735e-06
5.44753e-06
4.78269e-06
4.18548e-06
3.65625e-06
3.19355e-06
2.79457e-06
2.45551e-06
2.17177e-06
1.93804e-06
1.7483e-06
1.59583e-06
1.47334e-06
1.37337e-06
1.28861e-06
1.21181e-06
1.13533e-06
1.05148e-06
9.55341e-07
8.50711e-07
7.56329e-07
7.02925e-07
7.11282e-07
7.72995e-07
8.6619e-07
9.73199e-07
1.07519e-06
1.1476e-06
1.16942e-06
1.13497e-06
1.05573e-06
9.52359e-07
8.43827e-07
7.41742e-07
6.49953e-07
5.6941e-07
4.98263e-07
4.39172e-07
3.8612e-07
3.52157e-07
3.05428e-07
3.1829e-07
2.48023e-07
2.10412e-06
2.27586e-06
2.45989e-06
2.64831e-06
2.83352e-06
3.00878e-06
3.16797e-06
3.30627e-06
3.42101e-06
3.51253e-06
3.58485e-06
3.64651e-06
3.7113e-06
3.79857e-06
3.93238e-06
4.13872e-06
4.44103e-06
4.85502e-06
5.38604e-06
6.02951e-06
6.77262e-06
7.59718e-06
8.48085e-06
9.39861e-06
1.03244e-05
1.12323e-05
1.20966e-05
1.28932e-05
1.36022e-05
1.42079e-05
1.47009e-05
1.50792e-05
1.53488e-05
1.55234e-05
1.56227e-05
1.56694e-05
1.56868e-05
1.56949e-05
1.57075e-05
1.573e-05
1.5758e-05
1.57784e-05
1.57707e-05
1.57112e-05
1.55756e-05
1.53434e-05
1.50002e-05
1.45394e-05
1.39627e-05
1.32797e-05
1.25061e-05
1.16623e-05
1.07712e-05
9.85639e-06
8.94032e-06
8.0433e-06
7.18245e-06
6.37133e-06
5.61983e-06
4.93439e-06
4.3184e-06
3.77271e-06
3.29616e-06
2.88605e-06
2.53856e-06
2.24895e-06
2.01166e-06
1.82026e-06
1.66749e-06
1.54545e-06
1.44604e-06
1.36133e-06
1.28352e-06
1.2044e-06
1.11547e-06
1.01042e-06
8.91079e-07
7.74805e-07
6.95426e-07
6.8404e-07
7.40381e-07
8.41158e-07
9.64258e-07
1.08676e-06
1.17948e-06
1.21673e-06
1.18965e-06
1.10935e-06
9.98672e-07
8.79847e-07
7.67403e-07
6.66999e-07
5.80236e-07
5.05078e-07
4.43526e-07
3.88955e-07
3.53925e-07
3.0637e-07
3.19191e-07
2.48049e-07
1.87508e-06
2.01093e-06
2.15627e-06
2.3052e-06
2.4518e-06
2.59077e-06
2.71711e-06
2.82658e-06
2.91652e-06
2.98661e-06
3.03973e-06
3.08294e-06
3.12844e-06
3.19421e-06
3.30336e-06
3.48137e-06
3.75125e-06
4.12827e-06
4.61704e-06
5.21236e-06
5.90125e-06
6.66591e-06
7.4856e-06
8.33752e-06
9.19825e-06
1.00438e-05
1.08507e-05
1.15978e-05
1.22669e-05
1.28444e-05
1.33222e-05
1.36992e-05
1.39816e-05
1.41829e-05
1.43226e-05
1.44239e-05
1.45107e-05
1.46037e-05
1.4717e-05
1.4855e-05
1.50113e-05
1.51689e-05
1.53027e-05
1.53834e-05
1.53815e-05
1.52715e-05
1.50353e-05
1.46637e-05
1.41574e-05
1.35259e-05
1.27859e-05
1.19597e-05
1.10726e-05
1.01509e-05
9.21996e-06
8.30262e-06
7.41834e-06
6.58262e-06
5.8069e-06
5.09879e-06
4.46247e-06
3.89931e-06
3.40844e-06
2.98727e-06
2.63192e-06
2.33745e-06
2.09789e-06
1.90627e-06
1.75465e-06
1.63436e-06
1.53652e-06
1.45257e-06
1.37418e-06
1.29268e-06
1.19889e-06
1.0852e-06
9.51164e-07
8.11433e-07
7.00384e-07
6.59606e-07
7.03077e-07
8.09108e-07
9.49442e-07
1.09526e-06
1.21173e-06
1.26758e-06
1.25008e-06
1.16963e-06
1.05131e-06
9.2109e-07
7.96907e-07
6.8666e-07
5.92878e-07
5.13398e-07
4.49455e-07
3.93603e-07
3.5783e-07
3.09666e-07
3.22886e-07
2.51189e-07
1.65552e-06
1.76037e-06
1.87296e-06
1.98889e-06
2.10353e-06
2.21261e-06
2.31194e-06
2.39772e-06
2.46729e-06
2.51983e-06
2.55731e-06
2.5855e-06
2.61526e-06
2.66329e-06
2.75183e-06
2.90593e-06
3.14816e-06
3.49305e-06
3.94432e-06
4.49591e-06
5.13501e-06
5.84448e-06
6.60505e-06
7.39594e-06
8.19543e-06
8.98163e-06
9.73364e-06
1.04321e-05
1.10605e-05
1.16063e-05
1.20625e-05
1.24285e-05
1.27111e-05
1.29246e-05
1.30894e-05
1.32301e-05
1.33722e-05
1.35382e-05
1.3743e-05
1.39909e-05
1.4273e-05
1.45685e-05
1.48469e-05
1.50726e-05
1.52101e-05
1.52285e-05
1.51049e-05
1.48272e-05
1.43944e-05
1.38158e-05
1.31091e-05
1.22987e-05
1.14126e-05
1.04802e-05
9.52993e-06
8.58766e-06
7.6755e-06
6.81114e-06
6.00776e-06
5.27426e-06
4.61571e-06
4.03402e-06
3.52858e-06
3.09686e-06
2.73479e-06
2.43708e-06
2.19721e-06
2.00747e-06
1.85909e-06
1.74253e-06
1.64818e-06
1.56682e-06
1.48965e-06
1.40757e-06
1.31069e-06
1.18992e-06
1.04213e-06
8.78124e-07
7.29835e-07
6.46588e-07
6.63192e-07
7.67434e-07
9.24024e-07
1.09572e-06
1.2403e-06
1.31922e-06
1.3144e-06
1.23483e-06
1.10809e-06
9.64648e-07
8.26687e-07
7.04899e-07
6.02983e-07
5.18633e-07
4.52116e-07
3.94936e-07
3.58304e-07
3.09425e-07
3.22606e-07
2.5014e-07
1.43573e-06
1.51585e-06
1.60315e-06
1.69442e-06
1.78591e-06
1.87406e-06
1.95513e-06
2.02549e-06
2.08225e-06
2.12394e-06
2.15145e-06
2.16912e-06
2.18622e-06
2.21803e-06
2.28592e-06
2.41476e-06
2.62738e-06
2.93837e-06
3.35105e-06
3.85908e-06
4.44973e-06
5.10672e-06
5.81175e-06
6.54547e-06
7.28788e-06
8.01889e-06
8.71903e-06
9.37034e-06
9.95755e-06
1.04692e-05
1.08992e-05
1.12475e-05
1.15216e-05
1.17365e-05
1.19142e-05
1.20813e-05
1.22665e-05
1.24949e-05
1.27837e-05
1.3137e-05
1.35442e-05
1.39799e-05
1.44078e-05
1.47855e-05
1.50704e-05
1.52248e-05
1.52207e-05
1.50418e-05
1.46851e-05
1.41596e-05
1.34842e-05
1.26856e-05
1.17952e-05
1.08459e-05
9.86984e-06
8.89627e-06
7.95021e-06
7.05182e-06
6.21618e-06
5.45358e-06
4.77007e-06
4.16817e-06
3.6476e-06
3.20588e-06
2.83874e-06
2.5404e-06
2.30355e-06
2.1194e-06
1.97798e-06
1.86858e-06
1.78056e-06
1.70402e-06
1.62973e-06
1.54833e-06
1.44946e-06
1.32279e-06
1.16244e-06
9.74662e-07
7.86166e-07
6.48145e-07
6.18979e-07
7.10723e-07
8.82647e-07
1.08455e-06
1.2641e-06
1.37329e-06
1.38661e-06
1.3105e-06
1.17517e-06
1.01649e-06
8.62075e-07
7.26366e-07
6.14805e-07
5.25029e-07
4.56086e-07
3.97974e-07
3.6098e-07
3.11644e-07
3.25347e-07
2.52464e-07
1.22515e-06
1.28238e-06
1.34709e-06
1.41699e-06
1.489e-06
1.56002e-06
1.6266e-06
1.68515e-06
1.73257e-06
1.76685e-06
1.78797e-06
1.7991e-06
1.8081e-06
1.82893e-06
1.88205e-06
1.992e-06
2.18147e-06
2.46457e-06
2.84387e-06
3.31254e-06
3.85811e-06
4.46523e-06
5.11706e-06
5.79586e-06
6.48324e-06
7.16062e-06
7.80984e-06
8.4141e-06
8.9589e-06
9.43342e-06
9.83184e-06
1.01547e-05
1.04103e-05
1.06148e-05
1.07923e-05
1.09729e-05
1.1189e-05
1.147e-05
1.18359e-05
1.22918e-05
1.28251e-05
1.3406e-05
1.39915e-05
1.45312e-05
1.49737e-05
1.52733e-05
1.53951e-05
1.53184e-05
1.50378e-05
1.45623e-05
1.39125e-05
1.31182e-05
1.22147e-05
1.12392e-05
1.0228e-05
9.21421e-06
8.22614e-06
7.28664e-06
6.41282e-06
5.61648e-06
4.90468e-06
4.28057e-06
3.7442e-06
3.29313e-06
2.92282e-06
2.62692e-06
2.39711e-06
2.22328e-06
2.09399e-06
1.99711e-06
1.92084e-06
1.85442e-06
1.78806e-06
1.71192e-06
1.61482e-06
1.48458e-06
1.31186e-06
1.0978e-06
8.63027e-07
6.55898e-07
5.55076e-07
6.18234e-07
8.06051e-07
1.04631e-06
1.27257e-06
1.42406e-06
1.46455e-06
1.39606e-06
1.25174e-06
1.07467e-06
8.99892e-07
7.46979e-07
6.23715e-07
5.2766e-07
4.56201e-07
3.97299e-07
3.59958e-07
3.10068e-07
3.23792e-07
2.50194e-07
1.00641e-06
1.04698e-06
1.09671e-06
1.15399e-06
1.21606e-06
1.27989e-06
1.34187e-06
1.3981e-06
1.44493e-06
1.47952e-06
1.5007e-06
1.51012e-06
1.51382e-06
1.52396e-06
1.55975e-06
1.6458e-06
1.80596e-06
2.05551e-06
2.39747e-06
2.82499e-06
3.32578e-06
3.88507e-06
4.48688e-06
5.11446e-06
5.7505e-06
6.3775e-06
6.9783e-06
7.5369e-06
8.03949e-06
8.47568e-06
8.83992e-06
9.133e-06
9.36351e-06
9.54891e-06
9.71568e-06
9.89785e-06
1.01332e-05
1.04571e-05
1.08942e-05
1.1452e-05
1.21161e-05
1.28515e-05
1.36067e-05
1.43209e-05
1.49319e-05
1.53838e-05
1.56344e-05
1.56583e-05
1.54487e-05
1.50152e-05
1.43813e-05
1.35807e-05
1.26533e-05
1.16408e-05
1.05843e-05
9.52056e-06
8.48144e-06
7.49241e-06
6.57268e-06
5.7356e-06
4.98936e-06
4.33795e-06
3.78203e-06
3.31952e-06
2.94595e-06
2.65448e-06
2.4357e-06
2.27771e-06
2.16692e-06
2.08901e-06
2.03039e-06
1.97911e-06
1.92472e-06
1.85698e-06
1.76404e-06
1.63194e-06
1.44761e-06
1.20651e-06
9.22413e-07
6.36361e-07
4.35808e-07
4.59072e-07
6.80309e-07
9.75471e-07
1.26393e-06
1.47277e-06
1.5525e-06
1.49855e-06
1.3466e-06
1.14826e-06
9.48109e-07
7.73007e-07
6.34585e-07
5.30766e-07
4.56828e-07
3.97715e-07
3.60809e-07
3.10706e-07
3.25243e-07
2.5139e-07
7.99835e-07
8.20642e-07
8.53715e-07
8.98081e-07
9.51011e-07
1.00924e-06
1.06869e-06
1.12493e-06
1.17371e-06
1.21148e-06
1.23619e-06
1.2483e-06
1.25238e-06
1.25889e-06
1.28559e-06
1.35642e-06
1.49546e-06
1.71831e-06
2.02806e-06
2.41797e-06
2.87629e-06
3.38924e-06
3.94208e-06
4.51936e-06
5.10498e-06
5.68248e-06
6.23551e-06
6.74857e-06
7.20804e-06
7.60345e-06
7.929e-06
8.18531e-06
8.38124e-06
8.53545e-06
8.67733e-06
8.84613e-06
9.08722e-06
9.44459e-06
9.9504e-06
1.06149e-05
1.14211e-05
1.23252e-05
1.32639e-05
1.41628e-05
1.49472e-05
1.55512e-05
1.59258e-05
1.60425e-05
1.5894e-05
1.54916e-05
1.48622e-05
1.40435e-05
1.30804e-05
1.20199e-05
1.09075e-05
9.78431e-06
8.68556e-06
7.63931e-06
6.66663e-06
5.78215e-06
4.99498e-06
4.30987e-06
3.72818e-06
3.24861e-06
2.86731e-06
2.57788e-06
2.37028e-06
2.23094e-06
2.14386e-06
2.09196e-06
2.05921e-06
2.03178e-06
1.99793e-06
1.94635e-06
1.86365e-06
1.73295e-06
1.53653e-06
1.26455e-06
9.26837e-07
5.59124e-07
2.24392e-07
2.19851e-07
5.27792e-07
8.86542e-07
1.24483e-06
1.52176e-06
1.65012e-06
1.61562e-06
1.45618e-06
1.23332e-06
1.00308e-06
8.01167e-07
6.44156e-07
5.30822e-07
4.53975e-07
3.94689e-07
3.58181e-07
3.07602e-07
3.2236e-07
2.47774e-07
5.71514e-07
5.79664e-07
6.06711e-07
6.5169e-07
7.10482e-07
7.78093e-07
8.48888e-07
9.17237e-07
9.78014e-07
1.02688e-06
1.06081e-06
1.07895e-06
1.08398e-06
1.08399e-06
1.09453e-06
1.13895e-06
1.2435e-06
1.42752e-06
1.69652e-06
2.04444e-06
2.45943e-06
2.92773e-06
3.43489e-06
3.9659e-06
4.50526e-06
5.03705e-06
5.54541e-06
6.01515e-06
6.43266e-06
6.78715e-06
7.07218e-06
7.28757e-06
7.44172e-06
7.55421e-06
7.65796e-06
7.79976e-06
8.03645e-06
8.42483e-06
9.00595e-06
9.79059e-06
1.07533e-05
1.18369e-05
1.29634e-05
1.40456e-05
1.49981e-05
1.57473e-05
1.6239e-05
1.64425e-05
1.63505e-05
1.59757e-05
1.53475e-05
1.45074e-05
1.35048e-05
1.23914e-05
1.12171e-05
1.00274e-05
8.86076e-06
7.74793e-06
6.71194e-06
5.76866e-06
4.92806e-06
4.19557e-06
3.57349e-06
3.06178e-06
2.65875e-06
2.3596e-06
2.15534e-06
2.03131e-06
1.96813e-06
1.94429e-06
1.9398e-06
1.93816e-06
1.92623e-06
1.89224e-06
1.8225e-06
1.69909e-06
1.50236e-06
1.22173e-06
8.72772e-07
5.12351e-07
2.60551e-07
3.05758e-07
5.39865e-07
8.85681e-07
1.28057e-06
1.60658e-06
1.77029e-06
1.74765e-06
1.57797e-06
1.32954e-06
1.06709e-06
8.3484e-07
6.55889e-07
5.31288e-07
4.5147e-07
3.92462e-07
3.57066e-07
3.06106e-07
3.2211e-07
2.47388e-07
3.77902e-07
3.5247e-07
3.59605e-07
4.00558e-07
4.66269e-07
5.46066e-07
6.3072e-07
7.12962e-07
7.87068e-07
8.48449e-07
8.93769e-07
9.21545e-07
9.33242e-07
9.34996e-07
9.39856e-07
9.69097e-07
1.049e-06
1.20115e-06
1.43359e-06
1.74165e-06
2.11416e-06
2.53795e-06
2.99923e-06
3.48375e-06
3.97665e-06
4.46254e-06
4.92576e-06
5.35101e-06
5.72417e-06
6.03354e-06
6.27149e-06
6.43683e-06
6.5378e-06
6.59605e-06
6.65042e-06
6.75868e-06
6.99242e-06
7.42139e-06
8.09069e-06
9.00402e-06
1.0123e-05
1.13784e-05
1.26836e-05
1.39443e-05
1.50682e-05
1.59735e-05
1.65978e-05
1.69047e-05
1.6883e-05
1.65439e-05
1.59183e-05
1.50526e-05
1.40025e-05
1.28262e-05
1.15804e-05
1.03154e-05
9.07357e-06
7.88815e-06
6.78356e-06
5.77621e-06
4.87597e-06
4.08789e-06
3.41412e-06
2.85538e-06
2.41183e-06
2.08235e-06
1.86169e-06
1.73689e-06
1.68717e-06
1.68629e-06
1.70889e-06
1.73448e-06
1.74774e-06
1.73616e-06
1.68617e-06
1.58052e-06
1.40268e-06
1.15416e-06
8.83342e-07
6.93843e-07
6.32764e-07
6.07017e-07
6.64745e-07
9.83206e-07
1.43225e-06
1.79122e-06
1.94572e-06
1.88972e-06
1.68325e-06
1.4031e-06
1.11357e-06
8.58083e-07
6.6223e-07
5.29395e-07
4.48349e-07
3.89983e-07
3.55024e-07
3.02327e-07
3.1833e-07
2.42305e-07
1.81047e-07
9.58502e-08
1.04485e-07
2.01799e-07
3.14028e-07
4.27373e-07
5.36485e-07
6.37217e-07
7.25767e-07
7.98538e-07
8.52438e-07
8.8547e-07
8.97651e-07
8.92487e-07
8.7927e-07
8.75792e-07
9.08737e-07
1.00634e-06
1.1848e-06
1.44294e-06
1.76903e-06
2.14833e-06
2.56599e-06
3.0072e-06
3.45698e-06
3.89994e-06
4.32048e-06
4.70325e-06
5.03392e-06
5.30043e-06
5.49481e-06
5.61577e-06
5.67246e-06
5.68911e-06
5.70993e-06
5.80097e-06
6.04334e-06
6.51327e-06
7.25655e-06
8.27479e-06
9.5299e-06
1.09556e-05
1.24653e-05
1.39578e-05
1.53243e-05
1.64613e-05
1.72859e-05
1.77476e-05
1.7828e-05
1.75368e-05
1.6909e-05
1.59975e-05
1.48694e-05
1.35928e-05
1.22348e-05
1.0855e-05
9.50198e-06
8.21285e-06
7.01436e-06
5.9238e-06
4.95085e-06
4.0998e-06
3.37172e-06
2.76692e-06
2.28561e-06
1.92884e-06
1.69271e-06
1.56556e-06
1.52297e-06
1.53334e-06
1.56711e-06
1.60203e-06
1.62347e-06
1.622e-06
1.59006e-06
1.52032e-06
1.41161e-06
1.28291e-06
1.17172e-06
1.07447e-06
8.8864e-07
4.98773e-07
3.30234e-07
1.05325e-06
1.74043e-06
2.15186e-06
2.23011e-06
2.05282e-06
1.74829e-06
1.41524e-06
1.10387e-06
8.39169e-07
6.40636e-07
5.12074e-07
4.39595e-07
3.87392e-07
3.55439e-07
3.00794e-07
3.17677e-07
2.40269e-07
3.12571e-07
2.29703e-07
1.85897e-07
2.13918e-07
2.94431e-07
3.94757e-07
4.98748e-07
5.9835e-07
6.88227e-07
7.64047e-07
8.22171e-07
8.59887e-07
8.75996e-07
8.71868e-07
8.53226e-07
8.32808e-07
8.32793e-07
8.82393e-07
1.00573e-06
1.20933e-06
1.48405e-06
1.81479e-06
2.1859e-06
2.58229e-06
2.98911e-06
3.39143e-06
3.77431e-06
4.12317e-06
4.42454e-06
4.66716e-06
4.84356e-06
4.95216e-06
5.00024e-06
5.00795e-06
5.01338e-06
5.07758e-06
5.28501e-06
5.7316e-06
6.49801e-06
7.62286e-06
9.09228e-06
1.08428e-05
1.27671e-05
1.47226e-05
1.65482e-05
1.80892e-05
1.92247e-05
1.98852e-05
2.00485e-05
1.97336e-05
1.89945e-05
1.79112e-05
1.65757e-05
1.50794e-05
1.35029e-05
1.19172e-05
1.03794e-05
8.93222e-06
7.60463e-06
6.41463e-06
5.37179e-06
4.47985e-06
3.73908e-06
3.14772e-06
2.70235e-06
2.3951e-06
2.21164e-06
2.12792e-06
2.11088e-06
2.13148e-06
2.16644e-06
2.19966e-06
2.22168e-06
2.22853e-06
2.2199e-06
2.19764e-06
2.16735e-06
2.14007e-06
2.11591e-06
2.04901e-06
1.86499e-06
1.61289e-06
1.64687e-06
2.15195e-06
2.70694e-06
2.93885e-06
2.76112e-06
2.30387e-06
1.77437e-06
1.31983e-06
9.76227e-07
7.21685e-07
5.46828e-07
4.48999e-07
4.07638e-07
3.75905e-07
3.54195e-07
2.99019e-07
3.16133e-07
2.35298e-07
5.78048e-07
5.40782e-07
5.27232e-07
5.41756e-07
5.82238e-07
6.42329e-07
7.13722e-07
7.88396e-07
8.59392e-07
9.20722e-07
9.67237e-07
9.94683e-07
9.99957e-07
9.81682e-07
9.41325e-07
8.85265e-07
8.28327e-07
7.97815e-07
8.30774e-07
9.54618e-07
1.16923e-06
1.45608e-06
1.79423e-06
2.16553e-06
2.55414e-06
2.94541e-06
3.32518e-06
3.67955e-06
3.99486e-06
4.25781e-06
4.45573e-06
4.57721e-06
4.61407e-06
4.56636e-06
4.45469e-06
4.34618e-06
4.39268e-06
4.83512e-06
5.88878e-06
7.60335e-06
9.88157e-06
1.25561e-05
1.54205e-05
1.82423e-05
2.07866e-05
2.28496e-05
2.42943e-05
2.50625e-05
2.51553e-05
2.46238e-05
2.3559e-05
2.2075e-05
2.02917e-05
1.83372e-05
1.63253e-05
1.4351e-05
1.2488e-05
1.07896e-05
9.2908e-06
8.01132e-06
6.95826e-06
6.12766e-06
5.50507e-06
5.06597e-06
4.77833e-06
4.60676e-06
4.51878e-06
4.48519e-06
4.48376e-06
4.49783e-06
4.51355e-06
4.52343e-06
4.52581e-06
4.52538e-06
4.53341e-06
4.56637e-06
4.64219e-06
4.7731e-06
4.95445e-06
5.15942e-06
5.3574e-06
5.53872e-06
5.68729e-06
5.71424e-06
5.47075e-06
4.86316e-06
3.94504e-06
2.90137e-06
1.95089e-06
1.2378e-06
7.77462e-07
4.94938e-07
3.33235e-07
2.82213e-07
3.02354e-07
3.15908e-07
3.24287e-07
2.80429e-07
3.08199e-07
2.2986e-07
9.12431e-07
8.72482e-07
8.47359e-07
8.39447e-07
8.49081e-07
8.74541e-07
9.11758e-07
9.55154e-07
9.98594e-07
1.03591e-06
1.06124e-06
1.06926e-06
1.05547e-06
1.01658e-06
9.51225e-07
8.61597e-07
7.56898e-07
6.61074e-07
6.2304e-07
6.99947e-07
9.00426e-07
1.19024e-06
1.5367e-06
1.91716e-06
2.31377e-06
2.70966e-06
3.08692e-06
3.42531e-06
3.70125e-06
3.88714e-06
3.95135e-06
3.86032e-06
3.58656e-06
3.13594e-06
2.64043e-06
2.58938e-06
3.62444e-06
5.67256e-06
8.43152e-06
1.17122e-05
1.53492e-05
1.91519e-05
2.2899e-05
2.63543e-05
2.92949e-05
3.15388e-05
3.29817e-05
3.35837e-05
3.33839e-05
3.24554e-05
3.0908e-05
2.88854e-05
2.65428e-05
2.40393e-05
2.15251e-05
1.91276e-05
1.69462e-05
1.50496e-05
1.34763e-05
1.22353e-05
1.13086e-05
1.06564e-05
1.02259e-05
9.96129e-06
9.81206e-06
9.73775e-06
9.70761e-06
9.70111e-06
9.70893e-06
9.72345e-06
9.73881e-06
9.75278e-06
9.76583e-06
9.78393e-06
9.82046e-06
9.89646e-06
1.00383e-05
1.02717e-05
1.06117e-05
1.10452e-05
1.15067e-05
1.18549e-05
1.18801e-05
1.13695e-05
1.02158e-05
8.4976e-06
6.47325e-06
4.48151e-06
2.80935e-06
1.59911e-06
8.34825e-07
3.95916e-07
1.58661e-07
1.1058e-07
1.79002e-07
2.17109e-07
2.47694e-07
2.16152e-07
2.65998e-07
2.02087e-07
1.21546e-06
1.18027e-06
1.15611e-06
1.14357e-06
1.14216e-06
1.15066e-06
1.16635e-06
1.1853e-06
1.20289e-06
1.21409e-06
1.21375e-06
1.19688e-06
1.15891e-06
1.09601e-06
1.00545e-06
8.86297e-07
7.40884e-07
5.79057e-07
4.32593e-07
3.8809e-07
5.18389e-07
7.56082e-07
1.03207e-06
1.31083e-06
1.56604e-06
1.77113e-06
1.89614e-06
1.90628e-06
1.76165e-06
1.41835e-06
8.35187e-07
2.53371e-07
1.35789e-06
2.96951e-06
4.98738e-06
7.40052e-06
1.01741e-05
1.32443e-05
1.65222e-05
1.99016e-05
2.32701e-05
2.65188e-05
2.9547e-05
3.22647e-05
3.45855e-05
3.64375e-05
3.77608e-05
3.85152e-05
3.86155e-05
3.80116e-05
3.67296e-05
3.48549e-05
3.25425e-05
2.99834e-05
2.73774e-05
2.49054e-05
2.27103e-05
2.08845e-05
1.94665e-05
1.84442e-05
1.77678e-05
1.73666e-05
1.71666e-05
1.71023e-05
1.71221e-05
1.71891e-05
1.72778e-05
1.73724e-05
1.746e-05
1.75365e-05
1.76017e-05
1.76538e-05
1.76941e-05
1.77293e-05
1.77751e-05
1.78578e-05
1.80106e-05
1.8262e-05
1.86123e-05
1.89997e-05
1.92735e-05
1.92137e-05
1.86096e-05
1.73452e-05
1.54224e-05
1.29539e-05
1.01741e-05
7.41964e-06
5.02366e-06
3.18726e-06
1.93571e-06
1.17095e-06
7.58362e-07
5.57273e-07
4.57986e-07
3.74258e-07
3.26796e-07
2.40241e-07
2.84097e-07
2.12463e-07
1.62255e-06
1.61292e-06
1.61604e-06
1.63079e-06
1.65713e-06
1.69477e-06
1.74211e-06
1.79698e-06
1.85709e-06
1.91992e-06
1.98288e-06
2.04357e-06
2.09998e-06
2.15067e-06
2.19499e-06
2.23323e-06
2.26688e-06
2.29874e-06
2.33303e-06
2.37551e-06
2.4335e-06
2.51617e-06
2.63491e-06
2.80421e-06
3.04254e-06
3.37277e-06
3.82145e-06
4.41564e-06
5.17799e-06
6.12178e-06
7.24578e-06
8.52985e-06
9.9315e-06
1.13849e-05
1.28034e-05
1.40882e-05
1.51419e-05
1.58899e-05
1.63014e-05
1.6408e-05
1.6317e-05
1.62182e-05
1.63775e-05
1.70745e-05
1.84632e-05
2.04479e-05
2.27545e-05
2.5033e-05
2.70052e-05
2.8461e-05
2.92218e-05
2.92368e-05
2.85835e-05
2.74407e-05
2.60455e-05
2.46419e-05
2.34338e-05
2.25516e-05
2.20388e-05
2.18653e-05
2.19568e-05
2.22265e-05
2.25972e-05
2.30107e-05
2.34281e-05
2.38262e-05
2.41927e-05
2.4521e-05
2.48077e-05
2.50486e-05
2.52513e-05
2.54134e-05
2.55361e-05
2.56231e-05
2.56806e-05
2.57151e-05
2.57258e-05
2.56876e-05
2.55291e-05
2.51162e-05
2.42888e-05
2.2974e-05
2.129e-05
1.9461e-05
1.75591e-05
1.54355e-05
1.29928e-05
1.04141e-05
8.0677e-06
6.24667e-06
4.99756e-06
4.1521e-06
3.50351e-06
2.91933e-06
2.37744e-06
1.87311e-06
1.48333e-06
1.12476e-06
9.95587e-07
7.8594e-07
4.68915e-06
4.86156e-06
5.04914e-06
5.2475e-06
5.45791e-06
5.68216e-06
5.92071e-06
6.1734e-06
6.44001e-06
6.71982e-06
7.01161e-06
7.31377e-06
7.62442e-06
7.94148e-06
8.26288e-06
8.58664e-06
8.91105e-06
9.23474e-06
9.55671e-06
9.87614e-06
1.01921e-05
1.0503e-05
1.08055e-05
1.10934e-05
1.13556e-05
1.15742e-05
1.17214e-05
1.17572e-05
1.16275e-05
1.12631e-05
1.05809e-05
9.48863e-06
7.89843e-06
5.76613e-06
3.31452e-06
2.93494e-06
6.5402e-06
1.14108e-05
1.67812e-05
2.22377e-05
2.73674e-05
3.17969e-05
3.52956e-05
3.78449e-05
3.95982e-05
4.06267e-05
4.08632e-05
4.02872e-05
3.89447e-05
3.69396e-05
3.43911e-05
3.13779e-05
2.7978e-05
2.43038e-05
2.05175e-05
1.68333e-05
1.35212e-05
1.09209e-05
9.41e-06
9.17492e-06
9.95021e-06
1.12451e-05
1.26949e-05
1.41131e-05
1.5422e-05
1.6597e-05
1.76373e-05
1.85497e-05
1.93455e-05
2.00245e-05
2.05812e-05
2.10189e-05
2.13286e-05
2.14982e-05
2.15046e-05
2.13025e-05
2.08123e-05
1.9915e-05
1.84713e-05
1.64022e-05
1.38744e-05
1.1566e-05
1.05498e-05
1.10006e-05
1.16661e-05
1.14764e-05
1.03211e-05
8.75937e-06
7.44958e-06
6.62672e-06
6.06033e-06
5.46381e-06
4.73386e-06
3.88692e-06
3.00317e-06
2.12432e-06
1.36337e-06
6.35397e-07
1.74414e-07
5.05266e-07
1.22901e-05
1.25251e-05
1.27501e-05
1.29599e-05
1.3158e-05
1.3343e-05
1.35116e-05
1.36616e-05
1.37895e-05
1.38903e-05
1.39581e-05
1.39854e-05
1.39637e-05
1.38826e-05
1.37305e-05
1.34938e-05
1.31573e-05
1.27033e-05
1.21116e-05
1.13591e-05
1.04192e-05
9.26198e-06
7.85435e-06
6.16496e-06
4.18791e-06
2.15383e-06
2.41374e-06
5.52739e-06
9.59416e-06
1.44273e-05
2.00462e-05
2.64822e-05
3.37453e-05
4.18078e-05
5.05894e-05
5.99425e-05
6.96359e-05
7.93455e-05
8.86514e-05
9.70581e-05
0.000104058
0.000109264
0.000112571
0.000114251
0.000114844
0.000114747
0.000113911
0.00011187
0.000108447
0.000103819
9.8202e-05
9.18277e-05
8.49374e-05
7.7776e-05
7.05868e-05
6.35959e-05
5.69941e-05
5.09248e-05
4.54786e-05
4.06959e-05
3.65749e-05
3.30835e-05
3.01703e-05
2.77749e-05
2.58355e-05
2.42934e-05
2.30964e-05
2.21992e-05
2.15672e-05
2.11654e-05
2.09823e-05
2.10061e-05
2.12305e-05
2.16613e-05
2.2324e-05
2.32715e-05
2.45844e-05
2.63457e-05
2.85764e-05
3.11431e-05
3.36816e-05
3.56032e-05
3.62456e-05
3.51571e-05
3.23684e-05
2.84639e-05
2.43691e-05
2.09623e-05
1.87375e-05
1.77163e-05
1.76127e-05
1.80661e-05
1.87808e-05
1.95892e-05
2.04125e-05
2.12777e-05
2.21304e-05
2.31613e-05
2.39398e-05
2.53934e-05
4.85602e-06
4.02156e-06
3.09152e-06
2.0724e-06
9.8612e-07
1.76591e-07
1.4068e-06
2.72454e-06
4.13336e-06
5.64303e-06
7.26506e-06
9.01263e-06
1.09009e-05
1.29472e-05
1.5171e-05
1.75941e-05
2.02408e-05
2.31377e-05
2.6314e-05
2.9801e-05
3.3632e-05
3.78417e-05
4.24651e-05
4.7537e-05
5.30893e-05
5.91493e-05
6.57362e-05
7.28583e-05
8.05085e-05
8.86597e-05
9.72596e-05
0.000106227
0.000115447
0.000124773
0.000134027
0.000142997
0.000151435
0.00015905
0.000165509
0.00017046
0.000173639
0.000175016
0.0001749
0.000173926
0.000172814
0.000171921
0.000170911
0.000169305
0.000166843
0.000163399
0.000158976
0.000153654
0.000147575
0.000140953
0.000134062
0.000127191
0.000120608
0.000114526
0.000109091
0.000104387
0.000100437
9.72238e-05
9.47e-05
9.28049e-05
9.14739e-05
9.06449e-05
9.02616e-05
9.02726e-05
9.06306e-05
9.12856e-05
9.21773e-05
9.3256e-05
9.44644e-05
9.57496e-05
9.70648e-05
9.83652e-05
9.95971e-05
0.000100674
0.000101441
0.000101659
0.000101043
9.93744e-05
9.6662e-05
9.3231e-05
8.96634e-05
8.65949e-05
8.44869e-05
8.34958e-05
8.34845e-05
8.41397e-05
8.51222e-05
8.61866e-05
8.72191e-05
8.82303e-05
8.92682e-05
9.04379e-05
9.17056e-05
9.32756e-05
9.46982e-05
9.69022e-05
6.22977e-05
6.4823e-05
6.74507e-05
7.01692e-05
7.29383e-05
7.57538e-05
7.86202e-05
8.15412e-05
8.45226e-05
8.7572e-05
9.0698e-05
9.39097e-05
9.72172e-05
0.000100631
0.000104164
0.000107825
0.000111629
0.000115586
0.000119705
0.000123997
0.000128466
0.000133114
0.000137936
0.00014292
0.000148047
0.000153284
0.000158588
0.000163901
0.000169152
0.000174253
0.0001791
0.000183576
0.000187555
0.00019092
0.000193577
0.000195469
0.000196576
0.000196922
0.000196603
0.000195797
0.000194736
0.000193627
0.000192543
0.00019155
0.000190918
0.000190743
0.00019111
0.000191296
0.000190991
0.000190239
0.00018891
0.000186879
0.000184079
0.000180567
0.000176528
0.000172215
0.000167896
0.000163809
0.000160135
0.000156993
0.000154442
0.000152494
0.00015113
0.000150313
0.000149993
0.000150115
0.000150619
0.00015144
0.000152511
0.000153766
0.000155134
0.000156546
0.000157948
0.000159288
0.000160521
0.000161603
0.000162481
0.000163088
0.000163349
0.000163211
0.000162702
0.00016197
0.000161291
0.000160976
0.000161252
0.000162167
0.000163584
0.000165275
0.000167026
0.000168707
0.00017028
0.000171777
0.000173251
0.000174773
0.000176364
0.000178094
0.000179868
0.00018185
0.000183747
0.000185884
0.00017038
0.000172399
0.00017443
0.000176386
0.000178283
0.000180127
0.000181923
0.000183676
0.00018539
0.000187068
0.000188711
0.000190319
0.000191894
0.000193433
0.000194933
0.000196389
0.000197794
0.000199138
0.000200407
0.000201582
0.000202639
0.000203548
0.000204272
0.000204766
0.000204979
0.00020485
0.000204315
0.000203305
0.00020175
0.000199589
0.000196774
0.000193284
0.000189135
0.000184398
0.000179213
0.000173815
0.000168569
0.000163974
0.000160583
0.000158861
0.000159003
0.000160843
0.00016395
0.000167849
0.00017216
0.000176418
0.000179948
0.000182746
0.000184932
0.000186559
0.00018768
0.00018823
0.000188169
0.000187553
0.000186527
0.000185301
0.000184098
0.000183104
0.00018246
0.000182247
0.000182492
0.000183177
0.000184259
0.000185675
0.000187351
0.000189215
0.000191194
0.000193225
0.000195255
0.000197241
0.000199162
0.000201005
0.000202766
0.000204455
0.000206082
0.000207659
0.000209189
0.000210677
0.000212137
0.000213604
0.000215147
0.000216842
0.000218738
0.000220812
0.000222968
0.000225073
0.00022703
0.000228822
0.000230506
0.000232161
0.000233849
0.000235604
0.000237414
0.000239293
0.00024118
0.000243162
0.000245065
0.000247133
0.000249123
0.000250907
0.000200773
0.000199884
0.000199508
0.000199092
0.000198636
0.000198125
0.000197544
0.000196886
0.000196146
0.000195308
0.00019436
0.000193286
0.000192067
0.000190684
0.000189116
0.000187338
0.000185323
0.000183042
0.000180464
0.000177552
0.000174271
0.000170583
0.000166452
0.000161844
0.000156727
0.000151079
0.000144884
0.00013814
0.00013086
0.000123074
0.000114825
0.000106159
9.71224e-05
8.77767e-05
7.82223e-05
6.85763e-05
5.89444e-05
4.95019e-05
4.07694e-05
3.41698e-05
3.22239e-05
3.6186e-05
4.37679e-05
5.16631e-05
5.7552e-05
6.00227e-05
5.92326e-05
5.54963e-05
4.92473e-05
4.16899e-05
3.58504e-05
3.67686e-05
4.65526e-05
6.20745e-05
8.00416e-05
9.8528e-05
0.000116436
0.000133142
0.00014831
0.000161803
0.000173621
0.00018385
0.000192622
0.000200097
0.000206436
0.0002118
0.00021634
0.000220201
0.000223518
0.000226419
0.000229022
0.000231434
0.000233743
0.000236027
0.000238335
0.000240688
0.000243081
0.000245487
0.000247874
0.000250223
0.00025254
0.000254847
0.000257165
0.000259491
0.000261785
0.000263994
0.000266086
0.000268066
0.000269972
0.000271847
0.00027373
0.000275633
0.000277578
0.000279526
0.000281556
0.000283495
0.000285699
0.00028743
0.000290129
0.000291358
3.89797e-05
4.55189e-05
0.000105281
0.000142586
0.000163996
0.000173574
0.00017928
0.000184518
0.000190778
0.000197988
0.000204816
0.000208859
0.000207545
0.000198024
0.000177416
0.000143852
0.000100052
6.47269e-05
7.17407e-05
0.000103178
0.000119197
0.000105909
9.10331e-05
0.000110962
0.000165635
0.000235683
0.000307261
0.000372542
0.000427397
0.000470113
0.000500226
0.00051793
0.000523798
0.000518719
0.000504236
0.000481309
0.000450946
0.000413531
0.000370443
0.000323568
0.000275757
0.000231483
0.000197497
0.000181328
0.000186059
0.000206422
0.000233742
0.000261809
0.000287398
0.00030925
0.000327466
0.000342123
0.000352857
0.00035979
0.000363528
0.000364638
0.000363586
0.000360816
0.000356869
0.000352333
0.000347738
0.000343443
0.000339575
0.000336072
0.000332785
0.000329567
0.000326335
0.000323082
0.000319884
0.000316887
0.000314278
0.000312247
0.000310936
0.000310408
0.000310634
0.0003115
0.000312836
0.000314456
0.000316203
0.000317972
0.000319715
0.000321438
0.000323174
0.000324964
0.000326841
0.000328819
0.000330897
0.000333063
0.000335303
0.000337602
0.000339955
0.000342346
0.000344784
0.000347235
0.000349756
0.000352209
0.000354879
0.000357123
0.000360286
0.000361864
6.12543e-05
0.000136307
0.000120792
9.38741e-05
6.88056e-05
4.73348e-05
3.40412e-05
3.14413e-05
3.28311e-05
3.18842e-05
2.63505e-05
1.54458e-05
1.15932e-05
2.86078e-05
4.80339e-05
6.27489e-05
6.95301e-05
6.82401e-05
5.40178e-05
4.05302e-05
6.51722e-05
0.000119046
0.000177561
0.000231601
0.000264585
0.000270276
0.000251718
0.000215465
0.000169739
0.000122394
7.97947e-05
4.87893e-05
4.19351e-05
5.79639e-05
8.17663e-05
0.000106476
0.000128168
0.000146893
0.000162274
0.00017403
0.000181269
0.000182693
0.00017739
0.000165631
0.000148988
0.00012964
0.000109869
9.15663e-05
7.60281e-05
6.4068e-05
5.61614e-05
5.32474e-05
5.51301e-05
6.02747e-05
6.82325e-05
7.86908e-05
9.10957e-05
0.000104748
0.000118879
0.000132761
0.000145819
0.000157676
0.000168162
0.000177274
0.000185107
0.000191787
0.000197433
0.00020213
0.000205936
0.0002089
0.000211078
0.000212567
0.000213514
0.000214128
0.000214653
0.000215331
0.000216358
0.000217846
0.000219815
0.000222208
0.000224913
0.0002278
0.000230751
0.000233681
0.000236546
0.000239333
0.000242054
0.00024473
0.000247379
0.00025002
0.000252655
0.000255295
0.000257927
0.000260578
0.000263196
0.000265886
0.000268466
0.000271228
0.000273807
0.000276388
0.000162793
0.000136958
5.92117e-05
9.67822e-06
1.68693e-05
3.24109e-05
4.74997e-05
6.01957e-05
6.85863e-05
7.21815e-05
7.14747e-05
6.74008e-05
5.97939e-05
5.12601e-05
4.75019e-05
5.41151e-05
6.73039e-05
7.74682e-05
7.43974e-05
8.2443e-05
0.000138359
0.000187423
0.000211805
0.000217252
0.000199405
0.00016348
0.000120289
7.93684e-05
4.5561e-05
1.8822e-05
6.65615e-06
2.80214e-05
5.06766e-05
7.3109e-05
9.41002e-05
0.000111991
0.000126941
0.000138817
0.00014798
0.00015491
0.000159294
0.000159849
0.000154967
0.000144239
0.000128695
0.000110323
9.1444e-05
7.39133e-05
5.88777e-05
4.6826e-05
3.76859e-05
3.12852e-05
2.72191e-05
2.50759e-05
2.43656e-05
2.42602e-05
2.39589e-05
2.29959e-05
2.12741e-05
1.91749e-05
1.76918e-05
1.81979e-05
2.136e-05
2.66044e-05
3.30504e-05
4.01082e-05
4.74493e-05
5.48609e-05
6.21423e-05
6.90552e-05
7.53242e-05
8.06824e-05
8.49372e-05
8.80436e-05
9.01296e-05
9.14757e-05
9.24515e-05
9.34317e-05
9.47179e-05
9.64912e-05
9.88015e-05
0.00010159
0.00010473
0.000108072
0.00011148
0.000114854
0.000118138
0.000121313
0.000124386
0.000127382
0.000130322
0.000133227
0.000136102
0.000138963
0.000141787
0.000144632
0.000147373
0.000150319
0.000152809
0.00015616
0.000210722
6.266e-05
2.5937e-05
3.84195e-05
4.17125e-05
4.98169e-05
5.85107e-05
6.53892e-05
7.01315e-05
7.32152e-05
7.36375e-05
7.11669e-05
6.85218e-05
6.78314e-05
6.75535e-05
6.59938e-05
6.62157e-05
6.59023e-05
5.84365e-05
9.98209e-05
0.0001607
0.000184294
0.000179761
0.000154555
0.000115209
7.47153e-05
4.4576e-05
2.84972e-05
2.11361e-05
1.49759e-05
1.63978e-05
3.43762e-05
5.74941e-05
7.92349e-05
9.70653e-05
0.000111106
0.000121997
0.000129814
0.000134827
0.000137937
0.00013959
0.000138893
0.000134257
0.000124794
0.000111068
9.4927e-05
7.85506e-05
6.36695e-05
5.12376e-05
4.15011e-05
3.42267e-05
2.88657e-05
2.48365e-05
2.17873e-05
1.94915e-05
1.78013e-05
1.66509e-05
1.60115e-05
1.58204e-05
1.59541e-05
1.62361e-05
1.65112e-05
1.66686e-05
1.66384e-05
1.63695e-05
1.58121e-05
1.48848e-05
1.34655e-05
1.1416e-05
8.64335e-06
5.1801e-06
1.37267e-06
3.22954e-06
7.15699e-06
1.05174e-05
1.30482e-05
1.47427e-05
1.58081e-05
1.65605e-05
1.72821e-05
1.81302e-05
1.91484e-05
2.03319e-05
2.16716e-05
2.31562e-05
2.47603e-05
2.64426e-05
2.8157e-05
2.98668e-05
3.15542e-05
3.32192e-05
3.48757e-05
3.65339e-05
3.82119e-05
3.98927e-05
4.1619e-05
4.32779e-05
4.51467e-05
4.65621e-05
4.89113e-05
0.000204153
4.64498e-05
4.8766e-05
4.52021e-05
4.64027e-05
5.30467e-05
6.11222e-05
6.73253e-05
7.03712e-05
7.03068e-05
6.76502e-05
6.40468e-05
6.3646e-05
6.77945e-05
7.25615e-05
7.32724e-05
6.81964e-05
4.54603e-05
3.32957e-05
0.000102941
0.000144889
0.000149086
0.000130078
9.64706e-05
6.14961e-05
3.89894e-05
3.1941e-05
3.12052e-05
2.82423e-05
2.13653e-05
2.46771e-05
4.41845e-05
6.65172e-05
8.51242e-05
9.84998e-05
0.000107871
0.000114753
0.00011929
0.00012133
0.000121617
0.000121059
0.000119231
0.000114732
0.000106421
9.4577e-05
8.07516e-05
6.6913e-05
5.46249e-05
4.4668e-05
3.70929e-05
3.14855e-05
2.73063e-05
2.41389e-05
2.16526e-05
1.95441e-05
1.76127e-05
1.57626e-05
1.39577e-05
1.22093e-05
1.05761e-05
9.15876e-06
8.05545e-06
7.34565e-06
7.07046e-06
7.23486e-06
7.79917e-06
8.6832e-06
9.76664e-06
1.08828e-05
1.18232e-05
1.23674e-05
1.2336e-05
1.16414e-05
1.03292e-05
8.56701e-06
6.59108e-06
4.63466e-06
2.8736e-06
1.40341e-06
2.43828e-07
6.51878e-07
1.33047e-06
1.83867e-06
2.18949e-06
2.38322e-06
2.43206e-06
2.37405e-06
2.2692e-06
2.1794e-06
2.14494e-06
2.17404e-06
2.25796e-06
2.38343e-06
2.55301e-06
2.75542e-06
3.02105e-06
3.28838e-06
3.68243e-06
3.94238e-06
4.4235e-06
0.000169624
7.06146e-05
6.48041e-05
6.18903e-05
6.38575e-05
6.91151e-05
7.40716e-05
7.67097e-05
7.63303e-05
7.33545e-05
6.89313e-05
6.52741e-05
6.61277e-05
7.26601e-05
8.0282e-05
8.14804e-05
6.58161e-05
2.24692e-05
4.18297e-05
9.43362e-05
0.000116635
0.000112937
9.24249e-05
6.59404e-05
4.73959e-05
4.13782e-05
4.15358e-05
4.18788e-05
3.8251e-05
3.33647e-05
3.81416e-05
5.48331e-05
7.37432e-05
8.86575e-05
9.77484e-05
0.000102709
0.000105846
0.00010758
0.000107481
0.000106028
0.000104209
0.000101896
9.78096e-05
9.07839e-05
8.08155e-05
6.91833e-05
5.7697e-05
4.77847e-05
4.00286e-05
3.42545e-05
2.99228e-05
2.64923e-05
2.35909e-05
2.10107e-05
1.86619e-05
1.65221e-05
1.45725e-05
1.27829e-05
1.11267e-05
9.59104e-06
8.17713e-06
6.89645e-06
5.77851e-06
4.83319e-06
4.06946e-06
3.48497e-06
3.08677e-06
2.90033e-06
2.9546e-06
3.2318e-06
3.6389e-06
4.03305e-06
4.26538e-06
4.21861e-06
3.84542e-06
3.18454e-06
2.34643e-06
1.48056e-06
7.74184e-07
6.08008e-07
9.49293e-07
1.31283e-06
1.60452e-06
1.8206e-06
1.96019e-06
2.01834e-06
1.99247e-06
1.88989e-06
1.73118e-06
1.54709e-06
1.36944e-06
1.22324e-06
1.123e-06
1.06771e-06
1.05186e-06
1.03454e-06
1.05704e-06
9.73829e-07
1.10812e-06
9.28152e-07
0.000132166
9.30232e-05
8.728e-05
8.20874e-05
7.96404e-05
8.03546e-05
8.17049e-05
8.25234e-05
8.2561e-05
8.23185e-05
8.25982e-05
8.42225e-05
8.75479e-05
9.12391e-05
9.11432e-05
8.13552e-05
5.60634e-05
2.24645e-05
4.59964e-05
8.13149e-05
9.70001e-05
9.37316e-05
7.86982e-05
6.24799e-05
5.33638e-05
5.09823e-05
5.20592e-05
5.24407e-05
4.99671e-05
4.78702e-05
5.21558e-05
6.35432e-05
7.66558e-05
8.6958e-05
9.23682e-05
9.42984e-05
9.49959e-05
9.48798e-05
9.3468e-05
9.12478e-05
8.91207e-05
8.70249e-05
8.38247e-05
7.819e-05
6.98486e-05
6.00042e-05
5.04702e-05
4.25326e-05
3.64852e-05
3.19188e-05
2.82594e-05
2.5097e-05
2.22393e-05
1.96243e-05
1.72332e-05
1.50551e-05
1.30763e-05
1.12837e-05
9.6723e-06
8.24268e-06
6.99683e-06
5.93428e-06
5.0471e-06
4.32354e-06
3.73685e-06
3.26651e-06
2.88693e-06
2.57826e-06
2.33069e-06
2.14648e-06
2.03319e-06
1.98945e-06
1.9912e-06
1.98818e-06
1.91926e-06
1.74319e-06
1.46378e-06
1.13376e-06
8.46276e-07
7.30312e-07
8.52481e-07
1.11021e-06
1.38907e-06
1.62559e-06
1.78949e-06
1.87171e-06
1.87584e-06
1.81233e-06
1.69681e-06
1.55019e-06
1.39535e-06
1.25082e-06
1.12495e-06
1.01871e-06
9.31632e-07
8.55497e-07
8.11577e-07
7.18486e-07
7.80718e-07
5.46157e-07
0.000110054
0.000109857
0.000102554
9.41194e-05
8.41489e-05
7.41267e-05
6.50918e-05
5.83249e-05
5.52069e-05
5.69256e-05
6.36708e-05
7.47004e-05
8.79119e-05
9.91778e-05
0.000102129
9.08314e-05
6.66926e-05
4.7961e-05
6.12075e-05
8.4994e-05
9.65505e-05
9.35741e-05
8.15707e-05
6.87015e-05
6.07591e-05
5.85701e-05
5.97765e-05
6.0264e-05
5.86811e-05
5.75224e-05
5.97296e-05
6.5175e-05
7.2609e-05
7.90452e-05
8.2226e-05
8.29665e-05
8.28318e-05
8.19404e-05
8.00259e-05
7.77929e-05
7.61043e-05
7.48952e-05
7.2883e-05
6.83969e-05
6.11476e-05
5.26142e-05
4.46878e-05
3.83636e-05
3.35578e-05
2.97175e-05
2.63758e-05
2.33061e-05
2.04514e-05
1.78217e-05
1.54377e-05
1.33124e-05
1.14427e-05
9.81055e-06
8.391e-06
7.1578e-06
6.08823e-06
5.16873e-06
4.38566e-06
3.73742e-06
3.21371e-06
2.80344e-06
2.4931e-06
2.26669e-06
2.10904e-06
2.00655e-06
1.94774e-06
1.92007e-06
1.90453e-06
1.87505e-06
1.80669e-06
1.68608e-06
1.51474e-06
1.30491e-06
1.08084e-06
8.98658e-07
8.54974e-07
9.85576e-07
1.19958e-06
1.40103e-06
1.54431e-06
1.61906e-06
1.63119e-06
1.59094e-06
1.50848e-06
1.39535e-06
1.26665e-06
1.13945e-06
1.0272e-06
9.33588e-07
8.57483e-07
7.87853e-07
7.43259e-07
6.60769e-07
7.0278e-07
5.06448e-07
0.000108531
0.000108577
0.000101047
8.88808e-05
7.13244e-05
5.12012e-05
3.2493e-05
2.1233e-05
2.10197e-05
2.42996e-05
2.46881e-05
2.64371e-05
4.03531e-05
6.36492e-05
8.55799e-05
9.56453e-05
8.93097e-05
8.20249e-05
8.93086e-05
0.00010179
0.000106595
0.0001007
8.77851e-05
7.41945e-05
6.52118e-05
6.24275e-05
6.31746e-05
6.3247e-05
6.11833e-05
5.86741e-05
5.73311e-05
5.83518e-05
6.23861e-05
6.69125e-05
6.95052e-05
7.04621e-05
7.05031e-05
6.94881e-05
6.76841e-05
6.60771e-05
6.54436e-05
6.55354e-05
6.45603e-05
6.06122e-05
5.38972e-05
4.63832e-05
3.98378e-05
3.47527e-05
3.07243e-05
2.72429e-05
2.40399e-05
2.10519e-05
1.83033e-05
1.58294e-05
1.36455e-05
1.17438e-05
1.00983e-05
8.67489e-06
7.4412e-06
6.37079e-06
5.44514e-06
4.65203e-06
3.98133e-06
3.42201e-06
2.96555e-06
2.59859e-06
2.30841e-06
2.08406e-06
1.91813e-06
1.80614e-06
1.74382e-06
1.72245e-06
1.7257e-06
1.7308e-06
1.71419e-06
1.65819e-06
1.55445e-06
1.40469e-06
1.2247e-06
1.05411e-06
9.5789e-07
9.827e-07
1.09804e-06
1.23387e-06
1.34155e-06
1.40255e-06
1.41617e-06
1.38842e-06
1.32641e-06
1.23755e-06
1.13129e-06
1.01947e-06
9.1531e-07
8.26442e-07
7.57416e-07
6.957e-07
6.5681e-07
5.82853e-07
6.13305e-07
4.51711e-07
0.00011189
8.83509e-05
8.42446e-05
7.52948e-05
6.3561e-05
5.72703e-05
6.10397e-05
6.98731e-05
7.98954e-05
8.88959e-05
9.26906e-05
8.79467e-05
7.54959e-05
6.41182e-05
6.74838e-05
8.53793e-05
0.000102757
0.000108267
0.000112104
0.000116332
0.000115226
0.000106085
9.14856e-05
7.65863e-05
6.63988e-05
6.25957e-05
6.23124e-05
6.13627e-05
5.79702e-05
5.30253e-05
4.82778e-05
4.65652e-05
4.92732e-05
5.35465e-05
5.66875e-05
5.84973e-05
5.89463e-05
5.81372e-05
5.69455e-05
5.645e-05
5.72584e-05
5.86177e-05
5.8041e-05
5.39474e-05
4.74893e-05
4.09414e-05
3.55817e-05
3.13643e-05
2.77904e-05
2.4534e-05
2.15052e-05
1.87231e-05
1.62223e-05
1.40169e-05
1.20977e-05
1.04398e-05
9.01063e-06
7.77591e-06
6.70491e-06
5.77261e-06
4.96039e-06
4.25595e-06
3.65076e-06
3.13801e-06
2.71227e-06
2.36647e-06
2.09223e-06
1.88217e-06
1.72822e-06
1.62429e-06
1.56379e-06
1.5377e-06
1.53326e-06
1.53465e-06
1.52635e-06
1.49651e-06
1.43811e-06
1.34875e-06
1.23332e-06
1.11089e-06
1.01765e-06
9.90307e-07
1.03229e-06
1.10911e-06
1.18146e-06
1.22689e-06
1.23889e-06
1.21892e-06
1.17094e-06
1.0998e-06
1.01205e-06
9.15959e-07
8.21953e-07
7.373e-07
6.71011e-07
6.13647e-07
5.81697e-07
5.18148e-07
5.42555e-07
4.0821e-07
0.000112612
6.26919e-05
6.48588e-05
6.43779e-05
6.2669e-05
6.48408e-05
7.01224e-05
7.64955e-05
8.57618e-05
9.60022e-05
0.000103885
0.000107326
0.000105703
0.000102189
0.000101462
0.000103739
0.000109908
0.000118174
0.000124307
0.000123344
0.000118367
0.000107105
9.15764e-05
7.60586e-05
6.50047e-05
5.99398e-05
5.82449e-05
5.60571e-05
5.13482e-05
4.44228e-05
3.74247e-05
3.42836e-05
3.6817e-05
4.15332e-05
4.55064e-05
4.79822e-05
4.86757e-05
4.83372e-05
4.81399e-05
4.90503e-05
5.13719e-05
5.34475e-05
5.24334e-05
4.78213e-05
4.17029e-05
3.61505e-05
3.17329e-05
2.80842e-05
2.48222e-05
2.18102e-05
1.90508e-05
1.6572e-05
1.43843e-05
1.24762e-05
1.08221e-05
9.39015e-06
8.14713e-06
7.0625e-06
6.11115e-06
5.27462e-06
4.5408e-06
3.90254e-06
3.35457e-06
2.89201e-06
2.50939e-06
2.19864e-06
1.94985e-06
1.75508e-06
1.60693e-06
1.49997e-06
1.42982e-06
1.39089e-06
1.37467e-06
1.36988e-06
1.36488e-06
1.35035e-06
1.31985e-06
1.26889e-06
1.19625e-06
1.10956e-06
1.02964e-06
9.83364e-07
9.83751e-07
1.01777e-06
1.05933e-06
1.08804e-06
1.09467e-06
1.0775e-06
1.03784e-06
9.78345e-07
9.03668e-07
8.20181e-07
7.3649e-07
6.58212e-07
5.94617e-07
5.38295e-07
5.08632e-07
4.53151e-07
4.74574e-07
3.64991e-07
0.000108269
4.86429e-05
5.45961e-05
5.93414e-05
6.15427e-05
6.41642e-05
6.70946e-05
7.10111e-05
7.72462e-05
8.38896e-05
8.76965e-05
8.87883e-05
9.06759e-05
9.75388e-05
0.000110904
0.000124651
0.000131465
0.000126258
0.000122662
0.000122365
0.000115368
0.000103745
8.85873e-05
7.33453e-05
6.18802e-05
5.56275e-05
5.24978e-05
4.9197e-05
4.36788e-05
3.58972e-05
2.79991e-05
2.43368e-05
2.70295e-05
3.21044e-05
3.65068e-05
3.90519e-05
3.99474e-05
4.03714e-05
4.13768e-05
4.37833e-05
4.72818e-05
4.91653e-05
4.71036e-05
4.20594e-05
3.65374e-05
3.19263e-05
2.81997e-05
2.49599e-05
2.20054e-05
1.9308e-05
1.68852e-05
1.47409e-05
1.28596e-05
1.12148e-05
9.77703e-06
8.5178e-06
7.41165e-06
6.43686e-06
5.57626e-06
4.81716e-06
4.15062e-06
3.57042e-06
3.07138e-06
2.64844e-06
2.29606e-06
2.00754e-06
1.77612e-06
1.59453e-06
1.4572e-06
1.35843e-06
1.29297e-06
1.2545e-06
1.23495e-06
1.22532e-06
1.21781e-06
1.20757e-06
1.19161e-06
1.16594e-06
1.12554e-06
1.06982e-06
1.00861e-06
9.6039e-07
9.39776e-07
9.45333e-07
9.62307e-07
9.75152e-07
9.74802e-07
9.57946e-07
9.24056e-07
8.73903e-07
8.1023e-07
7.37703e-07
6.63635e-07
5.92726e-07
5.33563e-07
4.7911e-07
4.49408e-07
3.97689e-07
4.16544e-07
3.26846e-07
9.90396e-05
5.30378e-05
5.43691e-05
5.82544e-05
5.97846e-05
6.18947e-05
6.56078e-05
7.05126e-05
7.49554e-05
7.77617e-05
7.71535e-05
7.46328e-05
7.55734e-05
8.42481e-05
0.00010011
0.000118489
0.000132533
0.000139331
0.000121037
0.000113
0.000107911
9.70408e-05
8.32043e-05
6.91079e-05
5.77845e-05
5.06764e-05
4.63787e-05
4.22622e-05
3.64858e-05
2.88475e-05
2.11826e-05
1.75319e-05
2.01911e-05
2.5177e-05
2.92945e-05
3.16004e-05
3.2982e-05
3.43073e-05
3.65483e-05
4.03321e-05
4.42519e-05
4.50495e-05
4.18279e-05
3.67549e-05
3.20191e-05
2.81948e-05
2.49799e-05
2.21032e-05
1.94895e-05
1.71396e-05
1.50519e-05
1.32079e-05
1.15807e-05
1.01436e-05
8.87299e-06
7.74868e-06
6.75296e-06
5.87056e-06
5.08898e-06
4.39861e-06
3.79241e-06
3.26521e-06
2.81244e-06
2.42944e-06
2.11092e-06
1.8503e-06
1.64087e-06
1.47511e-06
1.34703e-06
1.25169e-06
1.18488e-06
1.14199e-06
1.11713e-06
1.10352e-06
1.09529e-06
1.08904e-06
1.08273e-06
1.07251e-06
1.05202e-06
1.01694e-06
9.70967e-07
9.26341e-07
8.96114e-07
8.84031e-07
8.83035e-07
8.8257e-07
8.75014e-07
8.56588e-07
8.25703e-07
7.81885e-07
7.26481e-07
6.62715e-07
5.96653e-07
5.32361e-07
4.77839e-07
4.26716e-07
3.9751e-07
3.48351e-07
3.63042e-07
2.84704e-07
8.48265e-05
6.49193e-05
5.84384e-05
5.68824e-05
5.5527e-05
5.56242e-05
5.85384e-05
6.1896e-05
6.40169e-05
6.58759e-05
6.64184e-05
6.70006e-05
7.16422e-05
7.98671e-05
9.0425e-05
0.000102821
0.000112908
0.000123376
0.000125209
0.00010236
9.50612e-05
8.83688e-05
7.65797e-05
6.39078e-05
5.31721e-05
4.56548e-05
4.05727e-05
3.59719e-05
3.03196e-05
2.33853e-05
1.65558e-05
1.31849e-05
1.55657e-05
1.99342e-05
2.33296e-05
2.58147e-05
2.78442e-05
2.99769e-05
3.34213e-05
3.81758e-05
4.15068e-05
4.07249e-05
3.6712e-05
3.20485e-05
2.81147e-05
2.49033e-05
2.21071e-05
1.95874e-05
1.732e-05
1.52976e-05
1.35003e-05
1.19009e-05
1.04746e-05
9.20145e-06
8.06545e-06
7.05302e-06
6.15188e-06
5.351e-06
4.64093e-06
4.01402e-06
3.46415e-06
2.98628e-06
2.57566e-06
2.22743e-06
1.93637e-06
1.69661e-06
1.50214e-06
1.34741e-06
1.22737e-06
1.13769e-06
1.07421e-06
1.03233e-06
1.00648e-06
9.9074e-07
9.80643e-07
9.74531e-07
9.72226e-07
9.71222e-07
9.64925e-07
9.46438e-07
9.14997e-07
8.78175e-07
8.4657e-07
8.25799e-07
8.13547e-07
8.03499e-07
7.9014e-07
7.70094e-07
7.41361e-07
7.02684e-07
6.54402e-07
5.98618e-07
5.40306e-07
4.82858e-07
4.33587e-07
3.86788e-07
3.59311e-07
3.13512e-07
3.25676e-07
2.54144e-07
7.46939e-05
7.77654e-05
6.65465e-05
5.45379e-05
4.65475e-05
4.27332e-05
4.25162e-05
4.20631e-05
4.3411e-05
4.81737e-05
5.47355e-05
6.40608e-05
7.20451e-05
7.50037e-05
7.76822e-05
8.35931e-05
8.94168e-05
9.29869e-05
0.00010355
9.85344e-05
8.05186e-05
7.63608e-05
6.9393e-05
5.8736e-05
4.87346e-05
4.11284e-05
3.55927e-05
3.07485e-05
2.5378e-05
1.92436e-05
1.32929e-05
1.02588e-05
1.21343e-05
1.55219e-05
1.87796e-05
2.19074e-05
2.41914e-05
2.70794e-05
3.16595e-05
3.66194e-05
3.84984e-05
3.62362e-05
3.20198e-05
2.8014e-05
2.4766e-05
2.20321e-05
1.9605e-05
1.74228e-05
1.54694e-05
1.37245e-05
1.21617e-05
1.07567e-05
9.49165e-06
8.35368e-06
7.33255e-06
6.41889e-06
5.6036e-06
4.87801e-06
4.23434e-06
3.66595e-06
3.1673e-06
2.73372e-06
2.36081e-06
2.04416e-06
1.77909e-06
1.56041e-06
1.3828e-06
1.24091e-06
1.12974e-06
1.04517e-06
9.83533e-07
9.41093e-07
9.13408e-07
8.95739e-07
8.84617e-07
8.79155e-07
8.79893e-07
8.84984e-07
8.87916e-07
8.80578e-07
8.59572e-07
8.29308e-07
7.98454e-07
7.73094e-07
7.53535e-07
7.3644e-07
7.18201e-07
6.96158e-07
6.6829e-07
6.32919e-07
5.89701e-07
5.39922e-07
4.87692e-07
4.35883e-07
3.91151e-07
3.48423e-07
3.22936e-07
2.80943e-07
2.91262e-07
2.25344e-07
)
;

boundaryField
{
    outlet
    {
        type            zeroGradient;
    }
    inlet
    {
        type            zeroGradient;
    }
    lowerWall
    {
        type            zeroGradient;
    }
    upperWall
    {
        type            zeroGradient;
    }
    frontAndBack
    {
        type            empty;
    }
}


// ************************************************************************* //
