/*--------------------------------*- C++ -*----------------------------------*\
| =========                 |                                                 |
| \\      /  F ield         | OpenFOAM: The Open Source CFD Toolbox           |
|  \\    /   O peration     | Version:  2.1.1                                 |
|   \\  /    A nd           | Web:      www.OpenFOAM.org                      |
|    \\/     M anipulation  |                                                 |
\*---------------------------------------------------------------------------*/
FoamFile
{
    version     2.0;
    format      ascii;
    class       volScalarField;
    location    "0.175";
    object      p;
}
// * * * * * * * * * * * * * * * * * * * * * * * * * * * * * * * * * * * * * //

dimensions      [0 2 -2 0 0 0 0];

internalField   nonuniform List<scalar> 
6820
(
9.57168
-8.26804
-11.2877
-11.488
-11.6765
-11.6219
-11.5869
-11.6245
-11.7004
-11.7994
-11.913
-12.0363
-12.167
-12.3043
-12.4478
-12.5977
-12.7539
-12.9176
-13.0881
-13.2668
-13.4539
-13.6504
-13.857
-14.0751
-14.3061
-14.5516
-14.814
-15.0954
-15.4003
-15.7287
-16.0996
-16.4785
-17.0013
2.89247
-8.08478
-10.9742
-11.2879
-11.5567
-11.5985
-11.6005
-11.6495
-11.7273
-11.8233
-11.933
-12.0526
-12.1802
-12.3149
-12.4566
-12.605
-12.7604
-12.9222
-13.0921
-13.2702
-13.4569
-13.6528
-13.8586
-14.0759
-14.3059
-14.5503
-14.8113
-15.0909
-15.3929
-15.7185
-16.0808
-16.4619
-16.9463
0.180962
-6.65079
-9.94943
-10.7213
-11.206
-11.423
-11.5039
-11.5857
-11.6827
-11.791
-11.9091
-12.0351
-12.1674
-12.3056
-12.4494
-12.5992
-12.755
-12.9173
-13.087
-13.2639
-13.4492
-13.6438
-13.8477
-14.0628
-14.2898
-14.5303
-14.7861
-15.0588
-15.3511
-15.6627
-15.9985
-16.3369
-16.678
-1.80135
-6.42008
-9.52311
-10.3955
-10.8834
-11.1791
-11.33
-11.4556
-11.5835
-11.7119
-11.8425
-11.9767
-12.1146
-12.2568
-12.4037
-12.5556
-12.7127
-12.8756
-13.0449
-13.2209
-13.4042
-13.5959
-13.795
-14.0049
-14.2255
-14.4577
-14.7026
-14.9607
-15.2327
-15.5164
-15.8092
-16.0918
-16.3432
-3.43327
-6.51667
-9.12686
-10.0429
-10.5661
-10.9404
-11.1607
-11.3252
-11.4766
-11.6206
-11.7617
-11.9034
-12.0468
-12.1927
-12.3417
-12.4946
-12.6519
-12.8139
-12.9814
-13.1546
-13.3338
-13.5191
-13.7132
-13.9144
-14.124
-14.3425
-14.5701
-14.8061
-15.0494
-15.296
-15.5394
-15.7634
-15.9442
-4.65175
-6.69333
-8.8713
-9.82771
-10.3696
-10.7705
-11.0252
-11.2118
-11.3785
-11.5343
-11.6839
-11.8314
-11.979
-12.1276
-12.2782
-12.4315
-12.588
-12.7484
-12.9131
-13.0825
-13.2573
-13.4381
-13.6252
-13.8177
-14.0163
-14.2211
-14.4316
-14.6464
-14.863
-15.0768
-15.2802
-15.4603
-15.5976
-5.59767
-6.97487
-8.74863
-9.66725
-10.1963
-10.6048
-10.889
-11.1004
-11.2843
-11.4526
-11.6109
-11.7643
-11.9158
-12.0669
-12.2188
-12.3723
-12.5283
-12.6872
-12.8495
-13.0157
-13.1862
-13.3609
-13.5402
-13.7235
-13.9111
-14.1026
-14.2968
-14.4919
-14.685
-14.8712
-15.0432
-15.1909
-15.2993
-6.3382
-7.27548
-8.6915
-9.54508
-10.0621
-10.4716
-10.7739
-11.0018
-11.1968
-11.3735
-11.5381
-11.696
-11.8506
-12.0037
-12.1565
-12.3101
-12.4652
-12.6222
-12.7817
-12.944
-13.1092
-13.2777
-13.4494
-13.6239
-13.8008
-13.9795
-14.1585
-14.3357
-14.508
-14.671
-14.818
-14.9416
-15.0308
-6.92426
-7.57286
-8.69508
-9.46793
-9.96193
-10.3591
-10.6671
-10.9056
-11.1096
-11.294
-11.4647
-11.6272
-11.7848
-11.9398
-12.0935
-12.247
-12.401
-12.5561
-12.7126
-12.871
-13.0314
-13.1938
-13.358
-13.5236
-13.6899
-13.8561
-14.0207
-14.1815
-14.3356
-14.4789
-14.6062
-14.7118
-14.7882
-7.39366
-7.85132
-8.73577
-9.41948
-9.88391
-10.2646
-10.5726
-10.8181
-11.0286
-11.2183
-11.3935
-11.5591
-11.7189
-11.875
-12.029
-12.1818
-12.3343
-12.4871
-12.6404
-12.7946
-12.9497
-13.1056
-13.2622
-13.4189
-13.5749
-13.7293
-13.8806
-14.0267
-14.1648
-14.2918
-14.4034
-14.4956
-14.5635
-7.77328
-8.10314
-8.79976
-9.39587
-9.82728
-10.1879
-10.4897
-10.737
-10.9507
-11.1437
-11.322
-11.4902
-11.6517
-11.8087
-11.9628
-12.1149
-12.2659
-12.4162
-12.5662
-12.7161
-12.8659
-13.0156
-13.1647
-13.3128
-13.459
-13.6024
-13.7414
-13.8743
-13.9986
-14.1118
-14.2108
-14.2929
-14.3548
-8.08272
-8.32592
-8.8761
-9.39016
-9.78604
-10.1244
-10.4161
-10.6621
-10.8769
-11.0719
-11.2522
-11.4221
-11.5846
-11.742
-11.8956
-12.0466
-12.1956
-12.3431
-12.4896
-12.635
-12.7794
-12.9227
-13.0644
-13.204
-13.3408
-13.4737
-13.6015
-13.7225
-13.8348
-13.9364
-14.0252
-14.0993
-14.1568
-8.33628
-8.5197
-8.95664
-9.39701
-9.75706
-10.0726
-10.3518
-10.5934
-10.8072
-11.0022
-11.1833
-11.3539
-11.5168
-11.674
-11.8269
-11.9765
-12.1234
-12.2681
-12.4108
-12.5518
-12.6908
-12.8278
-12.9624
-13.0939
-13.2218
-13.3451
-13.4625
-13.5729
-13.6748
-13.7665
-13.8467
-13.9142
-13.9682
-8.5445
-8.6859
-9.03571
-9.41177
-9.73696
-10.0296
-10.2947
-10.5298
-10.7408
-10.9347
-11.1156
-11.2861
-11.4489
-11.6055
-11.7574
-11.9052
-12.0498
-12.1914
-12.3303
-12.4666
-12.6003
-12.731
-12.8586
-12.9824
-13.1018
-13.2159
-13.324
-13.4248
-13.5173
-13.6004
-13.6731
-13.7349
-13.7854
-8.71519
-8.8265
-9.10936
-9.43048
-9.72284
-9.99319
-10.2437
-10.4708
-10.6777
-10.8694
-11.0491
-11.2188
-11.3808
-11.5364
-11.6868
-11.8327
-11.9747
-12.1131
-12.2481
-12.3798
-12.5081
-12.6328
-12.7536
-12.8699
-12.9814
-13.0871
-13.1865
-13.2787
-13.3628
-13.4382
-13.5042
-13.5608
-13.6079
-8.85418
-8.94354
-9.17495
-9.4499
-9.71217
-9.96142
-10.1972
-10.4155
-10.6173
-10.8059
-10.9836
-11.152
-11.3127
-11.4669
-11.6156
-11.7593
-11.8985
-12.0336
-12.1646
-12.2917
-12.4147
-12.5335
-12.6477
-12.7569
-12.8608
-12.9587
-13.0501
-13.1342
-13.2107
-13.279
-13.3389
-13.3903
-13.4336
-8.96588
-9.03897
-9.23074
-9.4674
-9.70271
-9.93235
-10.154
-10.363
-10.5591
-10.7439
-10.9191
-11.0856
-11.2446
-11.3971
-11.5438
-11.6851
-11.8215
-11.9531
-12.0801
-12.2026
-12.3204
-12.4334
-12.5413
-12.6438
-12.7406
-12.8311
-12.915
-12.9918
-13.0612
-13.1229
-13.1769
-13.2233
-13.2623
-9.05359
-9.11445
-9.27564
-9.48086
-9.6925
-9.90431
-10.1126
-10.3124
-10.5024
-10.6832
-10.8553
-11.0196
-11.1767
-11.3272
-11.4717
-11.6104
-11.7438
-11.872
-11.995
-12.1129
-12.2256
-12.333
-12.4349
-12.5309
-12.6209
-12.7045
-12.7813
-12.8512
-12.9139
-12.9693
-13.0175
-13.0587
-13.0931
-9.11977
-9.17136
-9.30891
-9.48859
-9.67984
-9.87575
-10.0718
-10.2628
-10.4468
-10.6232
-10.7923
-10.9541
-11.109
-11.2574
-11.3995
-11.5357
-11.666
-11.7907
-11.9097
-12.0232
-12.1309
-12.2329
-12.3289
-12.4188
-12.5023
-12.5793
-12.6496
-12.7129
-12.7692
-12.8186
-12.861
-12.8969
-12.9265
-9.16624
-9.21076
-9.33007
-9.48921
-9.66323
-9.84529
-10.0304
-10.2133
-10.3915
-10.5637
-10.7296
-10.8889
-11.0415
-11.1876
-11.3274
-11.4608
-11.5881
-11.7093
-11.8244
-11.9335
-12.0364
-12.1331
-12.2235
-12.3075
-12.3849
-12.4556
-12.5195
-12.5766
-12.6267
-12.6701
-12.7069
-12.7374
-12.7617
-9.19428
-9.23343
-9.33873
-9.48159
-9.64138
-9.81169
-9.98731
-10.1631
-10.336
-10.5043
-10.6672
-10.824
-10.9744
-11.1184
-11.2558
-11.3866
-11.5109
-11.6287
-11.74
-11.8448
-11.9431
-12.0348
-12.1198
-12.1982
-12.2697
-12.3344
-12.3923
-12.4433
-12.4876
-12.5251
-12.5562
-12.5811
-12.6001
-9.20473
-9.23982
-9.33452
-9.46473
-9.61311
-9.77379
-9.94155
-10.1113
-10.2796
-10.4445
-10.6047
-10.7592
-10.9076
-11.0494
-11.1845
-11.3128
-11.4342
-11.5486
-11.6562
-11.7569
-11.8506
-11.9374
-12.0173
-12.0902
-12.1561
-12.2151
-12.2671
-12.3123
-12.3507
-12.3825
-12.408
-12.4273
-12.4407
-9.198
-9.23012
-9.317
-9.43774
-9.57737
-9.73059
-9.89223
-10.0572
-10.2219
-10.3842
-10.5423
-10.695
-10.8417
-10.9817
-11.1148
-11.2407
-11.3594
-11.4708
-11.5749
-11.6716
-11.7611
-11.8433
-11.9182
-11.9859
-12.0464
-12.0999
-12.1463
-12.1858
-12.2186
-12.2448
-12.2646
-12.2784
-12.2862
-9.17416
-9.20421
-9.28564
-9.39971
-9.53313
-9.68103
-9.83833
-9.99994
-10.1622
-10.3225
-10.4791
-10.6305
-10.7757
-10.9142
-11.0454
-11.1692
-11.2853
-11.3937
-11.4944
-11.5874
-11.6727
-11.7503
-11.8205
-11.8831
-11.9385
-11.9866
-12.0275
-12.0616
-12.0888
-12.1095
-12.1238
-12.1321
-12.1343
-9.13287
-9.16164
-9.23974
-9.34977
-9.4795
-9.62437
-9.77939
-9.93943
-10.1007
-10.2604
-10.4165
-10.5675
-10.7121
-10.8496
-10.9796
-11.1016
-11.2155
-11.3213
-11.4189
-11.5084
-11.5898
-11.6632
-11.7288
-11.7867
-11.8371
-11.88
-11.9157
-11.9444
-11.9663
-11.9816
-11.9905
-11.9932
-11.99
-9.0734
-9.10165
-9.17837
-9.2868
-9.41525
-9.55932
-9.71397
-9.87403
-10.0356
-10.1957
-10.3521
-10.5031
-10.6475
-10.7844
-10.9134
-11.0339
-11.1458
-11.2491
-11.3438
-11.4299
-11.5075
-11.5769
-11.6381
-11.6913
-11.7369
-11.7748
-11.8054
-11.8289
-11.8456
-11.8556
-11.8592
-11.8567
-11.8482
-8.9946
-9.02306
-9.10042
-9.2099
-9.33988
-9.48594
-9.64295
-9.80554
-9.96961
-10.1321
-10.2905
-10.4431
-10.5885
-10.7258
-10.8545
-10.9742
-11.0847
-11.1859
-11.278
-11.3611
-11.4352
-11.5007
-11.5578
-11.6066
-11.6474
-11.6805
-11.7062
-11.7247
-11.7362
-11.7411
-11.7395
-11.7318
-11.718
-8.89473
-8.92414
-9.0041
-9.1171
-9.25099
-9.40121
-9.56243
-9.7291
-9.89694
-10.0628
-10.224
-10.3788
-10.5258
-10.664
-10.7928
-10.912
-11.0213
-11.1208
-11.2105
-11.2907
-11.3616
-11.4234
-11.4764
-11.5209
-11.5573
-11.5857
-11.6066
-11.6202
-11.6268
-11.6267
-11.6201
-11.6076
-11.589
-8.77148
-8.80287
-8.88813
-9.00835
-9.1503
-9.309
-9.47872
-9.65341
-9.82851
-10.0006
-10.1671
-10.3261
-10.4761
-10.6164
-10.7463
-10.8656
-10.9743
-11.0723
-11.16
-11.2375
-11.3052
-11.3635
-11.4126
-11.4529
-11.4848
-11.5086
-11.5247
-11.5335
-11.5352
-11.5301
-11.5187
-11.5011
-11.4775
-8.62146
-8.65556
-8.74823
-8.87792
-9.02972
-9.19834
-9.37779
-9.56166
-9.74513
-9.92468
-10.0976
-10.2618
-10.4159
-10.5592
-10.691
-10.8111
-10.9197
-11.0169
-11.1029
-11.1781
-11.243
-11.2979
-11.3433
-11.3796
-11.4072
-11.4266
-11.4381
-11.4422
-11.4393
-11.4296
-11.4135
-11.3915
-11.3636
-8.44069
-8.4799
-8.58577
-8.73266
-8.90261
-9.08928
-9.28573
-9.48477
-9.68129
-9.87177
-10.0535
-10.2247
-10.3841
-10.5309
-10.665
-10.7862
-10.8948
-10.9909
-11.0752
-11.148
-11.2099
-11.2613
-11.3028
-11.3349
-11.3581
-11.3729
-11.3798
-11.3791
-11.3713
-11.3567
-11.3358
-11.3089
-11.2761
-8.22198
-8.26579
-8.38523
-8.54873
-8.73561
-8.93985
-9.15406
-9.37007
-9.58216
-9.78647
-9.98013
-10.1611
-10.3283
-10.4811
-10.6193
-10.7431
-10.8528
-10.9489
-11.0322
-11.1031
-11.1623
-11.2106
-11.2485
-11.2767
-11.2958
-11.3062
-11.3086
-11.3034
-11.2911
-11.2721
-11.2469
-11.2159
-11.1794
-7.9603
-8.01848
-8.17005
-8.37071
-8.59229
-8.82771
-9.06892
-9.30741
-9.5379
-9.75711
-9.9626
-10.1528
-10.3268
-10.4845
-10.6258
-10.7512
-10.8613
-10.9567
-11.0382
-11.1065
-11.1626
-11.2071
-11.2408
-11.2645
-11.2788
-11.2843
-11.2816
-11.2712
-11.2537
-11.2295
-11.1991
-11.163
-11.1213
-7.63394
-7.69452
-7.86578
-8.09254
-8.34398
-8.61346
-8.88942
-9.16019
-9.41938
-9.66325
-9.88911
-10.0955
-10.282
-10.4488
-10.5964
-10.7256
-10.8376
-10.9333
-11.0138
-11.0802
-11.1336
-11.1748
-11.2048
-11.2245
-11.2345
-11.2356
-11.2285
-11.2137
-11.1918
-11.1634
-11.1289
-11.089
-11.044
-7.25307
-7.36849
-7.62453
-7.92158
-8.22309
-8.53199
-8.83959
-9.13543
-9.41506
-9.67584
-9.91556
-10.1331
-10.3282
-10.5013
-10.653
-10.7845
-10.8969
-10.9915
-11.0696
-11.1326
-11.1816
-11.2179
-11.2425
-11.2563
-11.2603
-11.2553
-11.2419
-11.2208
-11.1926
-11.1579
-11.1172
-11.0711
-11.0201
-6.70628
-6.79552
-7.08874
-7.45278
-7.83423
-8.22566
-8.60657
-8.96329
-9.29224
-9.59157
-9.86023
-10.0988
-10.3087
-10.4917
-10.6495
-10.7843
-10.8979
-10.9921
-11.0686
-11.1291
-11.1751
-11.2079
-11.2287
-11.2386
-11.2386
-11.2294
-11.2119
-11.1866
-11.1542
-11.1152
-11.0702
-11.02
-10.9653
-6.19426
-6.51462
-6.97675
-7.38705
-7.78653
-8.20255
-8.60698
-8.98646
-9.33949
-9.66241
-9.95224
-10.2086
-10.4323
-10.625
-10.7886
-10.9255
-11.0382
-11.1289
-11.2001
-11.2537
-11.2917
-11.3158
-11.3275
-11.3281
-11.3189
-11.3006
-11.2742
-11.2402
-11.1991
-11.1513
-11.0972
-11.0375
-10.9723
-4.87827
-5.1971
-5.96391
-6.65459
-7.27978
-7.87252
-8.40095
-8.86511
-9.27553
-9.63616
-9.95049
-10.2229
-10.4574
-10.6572
-10.8256
-10.9655
-11.0797
-11.1707
-11.2409
-11.2927
-11.3282
-11.3491
-11.3571
-11.3538
-11.3404
-11.3179
-11.2871
-11.2486
-11.2024
-11.1488
-11.0868
-11.0175
-10.9358
-4.85545
-5.59718
-6.19264
-6.64715
-7.23262
-7.84958
-8.42165
-8.95163
-9.43334
-9.8563
-10.2196
-10.5269
-10.7823
-10.9907
-11.1576
-11.2882
-11.3874
-11.4598
-11.5091
-11.539
-11.5523
-11.5517
-11.5392
-11.5168
-11.4859
-11.4478
-11.4034
-11.3532
-11.2973
-11.2348
-11.1632
-11.0788
-10.9688
1.41258
-3.19349
-4.96836
-5.80648
-6.79397
-7.65315
-8.33505
-8.92279
-9.43279
-9.86553
-10.2301
-10.5347
-10.7858
-10.9897
-11.1524
-11.2794
-11.3754
-11.4451
-11.4922
-11.5201
-11.5317
-11.5296
-11.5159
-11.4925
-11.4609
-11.4224
-11.3781
-11.3289
-11.2759
-11.2185
-11.1599
-11.094
-11.034
-17.228
-17.425
-17.0999
-15.8258
-13.9714
-12.221
-11.3207
-11.8978
-14.167
-17.9313
-22.7982
-28.1074
-33.0177
-36.8296
-39.011
-39.0895
-36.803
-32.4256
-26.8449
-21.1748
-16.1864
-12.1598
-9.056
-6.72519
-5.02047
-3.82652
-3.05958
-2.66307
-2.60876
-2.89279
-3.53775
-4.56477
-5.94997
-7.82675
-10.3599
-14.0234
-19.5792
-28.6817
-41.7352
-54.862
-65.8327
-75.1424
-82.7158
-87.6311
-88.5713
-84.7741
-76.1548
-63.6535
-49.1881
-35.6489
-25.1433
-17.8843
-13.0182
-9.66472
-7.25582
-5.47667
-4.14799
-3.15353
-2.40957
-1.85371
-1.43931
-1.13152
-0.904079
-0.73713
-0.615523
-0.527655
-0.464573
-0.419309
-0.386401
-0.361556
-0.341495
-0.323965
-0.307662
-0.29262
-0.280422
-0.274408
-0.280349
-0.307568
-0.369697
-0.485856
-0.687496
-1.04823
-1.75665
-3.2768
-6.47167
-12.184
-20.303
-29.1908
-36.0157
-38.1796
-34.8502
-27.1322
-17.9765
-10.0832
-4.75887
-1.88901
-0.607621
-0.145567
-0.0300691
0.167307
-17.2531
-17.295
-16.847
-15.6158
-13.9206
-12.408
-11.7338
-12.3358
-14.4025
-17.8963
-22.3837
-27.205
-31.644
-34.9869
-36.6701
-36.2922
-33.7996
-29.6468
-24.6906
-19.7595
-15.3739
-11.7462
-8.87882
-6.68113
-5.04803
-3.8894
-3.13703
-2.74395
-2.68772
-2.97007
-3.61982
-4.67167
-6.09564
-7.99753
-10.5348
-14.1452
-19.549
-28.328
-41.0632
-54.2337
-65.3612
-74.5508
-81.7836
-86.3669
-87.2182
-83.6503
-75.4641
-63.4103
-49.2275
-35.7702
-25.256
-17.9858
-13.1204
-9.77081
-7.36388
-5.58426
-4.25338
-3.25555
-2.50736
-1.94657
-1.52667
-1.21284
-0.978884
-0.804978
-0.676036
-0.580557
-0.509746
-0.456833
-0.416616
-0.385072
-0.359225
-0.337055
-0.317551
-0.300911
-0.288841
-0.284741
-0.2944
-0.327171
-0.39685
-0.5226
-0.734789
-1.10191
-1.79656
-3.24234
-6.2349
-11.5712
-19.1755
-27.5311
-33.9808
-36.0785
-33.0327
-25.8335
-17.2328
-9.77555
-4.70808
-1.93978
-0.66927
-0.184203
-0.037355
0.161625
-16.9012
-16.9153
-16.4946
-15.44
-14.0174
-12.766
-12.2466
-12.8895
-14.8724
-18.0603
-22.073
-26.3192
-30.0912
-32.7657
-33.8505
-33.1091
-30.6598
-26.9808
-22.7309
-18.4835
-14.6239
-11.3488
-8.69941
-6.62994
-5.06805
-3.94493
-3.20636
-2.81455
-2.75236
-3.0263
-3.67112
-4.73716
-6.19678
-8.12409
-10.661
-14.2009
-19.4216
-27.8321
-40.1725
-53.2994
-64.5554
-73.6664
-80.6052
-84.8694
-85.6055
-82.2195
-74.4407
-62.8534
-49.023
-35.7378
-25.2868
-18.0477
-13.2038
-9.86795
-7.46823
-5.69133
-4.36026
-3.36027
-2.60851
-2.04309
-1.61772
-1.29774
-1.05704
-0.875867
-0.739235
-0.635773
-0.556863
-0.49596
-0.448123
-0.409616
-0.377766
-0.350801
-0.32796
-0.309622
-0.297589
-0.295318
-0.30862
-0.346834
-0.423815
-0.558739
-0.781014
-1.15437
-1.83587
-3.20827
-5.99689
-10.9468
-18.0144
-25.8116
-31.8681
-33.8967
-31.1415
-24.4813
-16.4602
-9.45965
-4.66081
-1.99792
-0.737322
-0.228345
-0.0462298
0.150679
-16.5207
-16.5022
-16.1048
-15.2495
-14.1572
-13.2481
-12.9575
-13.5993
-15.3075
-18.0167
-21.392
-24.8918
-27.9331
-29.9837
-30.6685
-29.8733
-27.7404
-24.6338
-21.023
-17.3445
-13.9275
-10.964
-8.5177
-6.57233
-5.08098
-3.99325
-3.26753
-2.87465
-2.80235
-3.06092
-3.68944
-4.754
-6.2379
-8.18295
-10.7108
-14.1628
-19.1708
-27.1592
-39.0168
-52.0116
-63.3745
-72.4559
-79.1607
-83.1383
-83.749
-80.504
-73.1041
-61.9929
-48.573
-35.5431
-25.227
-18.0633
-13.2641
-9.95356
-7.56729
-5.79688
-4.46798
-3.4673
-2.7128
-2.14316
-1.71246
-1.38627
-1.13862
-0.949888
-0.805214
-0.693392
-0.606004
-0.536753
-0.480972
-0.435219
-0.397121
-0.365149
-0.33879
-0.318597
-0.306461
-0.305885
-0.322673
-0.366115
-0.450078
-0.593712
-0.825458
-1.20433
-1.87217
-3.1712
-5.75488
-10.3119
-16.8283
-24.0508
-29.7054
-31.6661
-29.2074
-23.101
-15.676
-9.14505
-4.62085
-2.06419
-0.811677
-0.278002
-0.056784
0.134222
-16.0657
-16.0225
-15.7025
-15.0839
-14.3246
-13.7241
-13.6027
-14.204
-15.6375
-17.834
-20.5244
-23.2969
-25.6817
-27.2618
-27.7541
-27.0546
-25.2559
-22.6253
-19.5252
-16.3145
-13.2785
-10.5948
-8.33713
-6.51034
-5.08787
-4.03492
-3.32085
-2.92432
-2.83748
-3.07332
-3.67347
-4.718
-6.20947
-8.15675
-10.6594
-13.9989
-18.7583
-26.276
-37.5748
-50.3518
-61.7934
-70.8882
-77.4246
-81.1597
-81.6454
-78.5085
-71.4592
-60.8281
-47.87
-35.1776
-25.0708
-18.0302
-13.3004
-10.0273
-7.66111
-5.90116
-4.57696
-3.5771
-2.82073
-2.24729
-1.81138
-1.47888
-1.22404
-1.02739
-0.874263
-0.753637
-0.657328
-0.579308
-0.515203
-0.461875
-0.417255
-0.380058
-0.349999
-0.327795
-0.315414
-0.316388
-0.336497
-0.384936
-0.475507
-0.62729
-0.867778
-1.25137
-1.905
-3.13115
-5.51163
-9.67587
-15.6366
-22.2777
-27.5259
-29.4182
-27.2577
-21.7128
-14.8934
-8.83901
-4.59155
-2.14012
-0.8933
-0.334082
-0.0698042
0.111848
-15.6879
-15.6503
-15.4096
-14.969
-14.4482
-14.0672
-14.0651
-14.6236
-15.8162
-17.585
-19.7255
-21.918
-23.7944
-25.0198
-25.3553
-24.7099
-23.1521
-20.8858
-18.1973
-15.38
-12.6751
-10.2422
-8.15904
-6.44502
-5.08943
-4.0704
-3.36671
-2.96387
-2.85801
-3.0637
-3.62306
-4.62573
-6.10178
-8.0321
-10.4911
-13.6945
-18.1707
-25.1774
-35.8499
-48.3142
-59.7838
-68.9201
-75.354
-78.9009
-79.2782
-76.2328
-69.5136
-59.3652
-46.9142
-34.6374
-24.8143
-17.9454
-13.3107
-10.0882
-7.74914
-6.00399
-4.68719
-3.68983
-2.93254
-2.35578
-1.91479
-1.57588
-1.31357
-1.10863
-0.946591
-0.816671
-0.710951
-0.623701
-0.550855
-0.48959
-0.438142
-0.395461
-0.36149
-0.33709
-0.3243
-0.326664
-0.349907
-0.403087
-0.499862
-0.659183
-0.907644
-1.29523
-1.93468
-3.0902
-5.27315
-9.0517
-14.4609
-20.5212
-25.3627
-27.1869
-25.324
-20.341
-14.1283
-8.54992
-4.57616
-2.22648
-0.982325
-0.396748
-0.0855674
0.0835092
-15.3688
-15.339
-15.1609
-14.8525
-14.5076
-14.2865
-14.3645
-14.8757
-15.8735
-17.3078
-19.0153
-20.7428
-22.1986
-23.1166
-23.3082
-22.6966
-21.3279
-19.358
-17.0131
-14.5315
-12.1158
-9.9076
-7.98512
-6.37768
-5.08654
-4.10035
-3.40573
-2.99398
-2.86467
-3.03295
-3.53945
-4.47739
-5.9083
-7.79631
-10.1888
-13.235
-17.4
-23.8643
-33.8504
-45.8993
-57.3229
-66.5082
-72.8988
-76.3192
-76.6206
-73.6685
-67.2707
-57.6104
-45.709
-33.9226
-24.4563
-17.8077
-13.2942
-10.1356
-7.83125
-6.10547
-4.79897
-3.80588
-3.0487
-2.46911
-2.02318
-1.67773
-1.40765
-1.19397
-1.0225
-0.882724
-0.767035
-0.670024
-0.587961
-0.518345
-0.459724
-0.411276
-0.373164
-0.346373
-0.332994
-0.336566
-0.362733
-0.420368
-0.522903
-0.689089
-0.944667
-1.33549
-1.96097
-3.04925
-5.04361
-8.44985
-13.3206
-18.8094
-23.2495
-25.0069
-23.437
-19.0089
-13.3954
-8.2853
-4.57745
-2.32394
-1.07899
-0.466301
-0.10457
0.0491728
-15.0893
-15.0734
-14.9516
-14.7465
-14.531
-14.4225
-14.5496
-15.0105
-15.8407
-16.9955
-18.3449
-19.6908
-20.8049
-21.4759
-21.5504
-20.9621
-19.7436
-18.0162
-15.9583
-13.7626
-11.5985
-9.59127
-7.81642
-6.30936
-5.08006
-4.12547
-3.43871
-3.01568
-2.85878
-2.98289
-3.4253
-4.27628
-5.62702
-7.44125
-9.73726
-12.6051
-16.4381
-22.3398
-31.5912
-43.1221
-54.406
-63.6217
-70.0137
-73.3709
-73.6437
-70.8069
-64.7357
-55.5741
-44.2629
-33.0379
-23.9987
-17.6172
-13.2504
-10.1692
-7.9073
-6.20571
-4.91257
-3.92564
-3.16964
-2.58776
-2.13703
-1.7849
-1.50669
-1.28377
-1.10227
-0.952017
-0.825728
-0.718361
-0.626543
-0.548115
-0.481937
-0.427402
-0.384888
-0.35549
-0.341327
-0.345911
-0.374775
-0.436562
-0.54439
-0.716721
-0.978486
-1.37172
-1.98355
-3.00879
-4.82623
-7.87952
-12.2337
-17.1695
-21.2196
-22.9121
-21.6272
-17.7395
-12.7093
-8.05216
-4.59762
-2.43274
-1.18319
-0.542665
-0.126999
0.0091101
-14.8408
-14.839
-14.7624
-14.6339
-14.511
-14.4797
-14.6333
-15.0419
-15.728
-16.6527
-17.7123
-18.7504
-19.5868
-20.0534
-20.0278
-19.4555
-18.3597
-16.8332
-15.0164
-13.065
-11.1209
-9.29343
-7.654
-6.24112
-5.07089
-4.14663
-3.46665
-3.03038
-2.84228
-2.91638
-3.28497
-4.02977
-5.26352
-6.96697
-9.12958
-11.7965
-15.2845
-20.6171
-29.1019
-40.0186
-51.0534
-60.2531
-66.6703
-70.0234
-70.3253
-67.6429
-61.9168
-53.27
-42.5897
-31.9932
-23.4465
-17.3756
-13.1795
-10.189
-7.97737
-6.30499
-5.02841
-4.04962
-3.29595
-2.71234
-2.25694
-1.89795
-1.6112
-1.37848
-1.18628
-1.02481
-0.887203
-0.768802
-0.666619
-0.578853
-0.504683
-0.443708
-0.39651
-0.364269
-0.349113
-0.354497
-0.385815
-0.451432
-0.564069
-0.741789
-1.00875
-1.40352
-2.00214
-2.96918
-4.62369
-7.34873
-11.2166
-15.6267
-19.3037
-20.9339
-19.9227
-16.5538
-12.0828
-7.85622
-4.63816
-2.55281
-1.29471
-0.625699
-0.153043
-0.0362938
-14.6139
-14.6255
-14.5851
-14.5142
-14.4573
-14.4772
-14.6406
-14.9968
-15.5586
-16.2918
-17.1129
-17.8988
-18.5081
-18.8085
-18.702
-18.1435
-17.1485
-15.7886
-14.1747
-12.4327
-10.6809
-9.0142
-7.49869
-6.17391
-5.05991
-4.16475
-3.49073
-3.03981
-2.81773
-2.83725
-3.12448
-3.74887
-4.83181
-6.384
-8.37206
-10.8135
-13.9523
-18.7244
-26.4294
-36.6481
-47.3157
-56.4268
-62.8688
-66.2667
-66.6599
-64.1825
-58.8289
-50.7184
-40.7096
-30.804
-22.8083
-17.0863
-13.0824
-10.1952
-8.04174
-6.4037
-5.14699
-4.1784
-3.42827
-2.84351
-2.38359
-2.01752
-1.72176
-1.47856
-1.27489
-1.10139
-0.951637
-0.821429
-0.70819
-0.610496
-0.527841
-0.460036
-0.407842
-0.372502
-0.356131
-0.362093
-0.395609
-0.464724
-0.581675
-0.764011
-1.03511
-1.43049
-2.01632
-2.93041
-4.43764
-6.86334
-10.2824
-14.2018
-17.5281
-19.0999
-18.348
-15.47
-11.5265
-7.70167
-4.69976
-2.68381
-1.41325
-0.715072
-0.182668
-0.0863993
-14.4044
-14.4272
-14.4144
-14.3845
-14.372
-14.4224
-14.583
-14.8873
-15.3413
-15.9149
-16.5411
-17.1228
-17.5488
-17.7147
-17.5424
-16.9951
-16.0836
-14.8632
-13.4213
-11.8596
-10.2763
-8.75338
-7.35115
-6.10858
-5.04804
-4.18084
-3.51228
-3.04603
-2.78825
-2.75024
-2.95142
-3.44764
-4.35362
-5.71498
-7.48824
-9.67759
-12.4709
-16.706
-23.638
-33.0928
-43.276
-52.2064
-58.6477
-62.1232
-62.6658
-60.4467
-55.4966
-47.9462
-38.6494
-29.4912
-22.0957
-16.7539
-12.9608
-10.1884
-8.10091
-6.50239
-5.26895
-4.31271
-3.56738
-2.98209
-2.51775
-2.14435
-1.83901
-1.58458
-1.36854
-1.18206
-1.01922
-0.876325
-0.751244
-0.642952
-0.551256
-0.476193
-0.418662
-0.379951
-0.362129
-0.368439
-0.403889
-0.47616
-0.596931
-0.783106
-1.05727
-1.45223
-2.02562
-2.89205
-4.26849
-6.42667
-9.43985
-12.9107
-15.9136
-17.4322
-16.923
-14.5025
-11.0479
-7.59084
-4.78237
-2.82528
-1.53852
-0.810413
-0.215786
-0.140432
-14.2062
-14.2376
-14.2448
-14.2434
-14.2594
-14.3256
-14.475
-14.7296
-15.0903
-15.531
-15.9973
-16.4127
-16.6901
-16.7472
-16.5225
-15.9861
-15.1451
-14.0423
-12.7467
-11.3404
-9.90494
-8.51071
-7.21191
-6.04594
-5.03616
-4.19598
-3.53276
-3.05126
-2.7574
-2.66072
-2.77453
-3.14155
-3.857
-4.99463
-6.52015
-8.43235
-10.8891
-14.6234
-20.8082
-29.4558
-39.0475
-47.6938
-54.0857
-57.6509
-58.3887
-56.4743
-51.9552
-44.989
-36.4435
-28.0811
-21.3232
-16.3844
-12.8167
-10.1696
-8.15562
-6.60182
-5.39508
-4.45339
-3.71417
-3.12899
-2.66034
-2.27928
-1.96372
-1.69717
-1.46773
-1.26717
-1.09016
-0.933565
-0.795746
-0.6761
-0.574744
-0.491943
-0.428705
-0.386333
-0.366818
-0.373242
-0.410359
-0.485444
-0.609548
-0.798798
-1.0749
-1.46835
-2.0295
-2.85332
-4.11549
-6.03939
-8.69344
-11.7626
-14.4739
-15.946
-15.6612
-13.6605
-10.6511
-7.52415
-4.8854
-2.97684
-1.67034
-0.911308
-0.252192
-0.197434
-14.017
-14.0542
-14.0748
-14.0914
-14.1237
-14.1947
-14.3269
-14.5341
-14.8138
-15.1433
-15.4786
-15.7594
-15.9173
-15.8878
-15.6222
-15.0965
-14.3156
-13.3126
-12.1421
-10.8703
-9.56484
-8.28577
-7.08137
-5.98669
-5.02515
-4.21125
-3.55368
-3.05784
-2.72896
-2.57447
-2.60316
-2.8454
-3.3714
-4.26703
-5.52476
-7.14325
-9.27592
-12.5539
-18.0334
-25.8546
-34.7659
-43.0227
-49.2981
-52.9422
-53.9008
-52.3207
-48.2509
-41.8909
-34.1336
-26.6044
-20.5073
-15.9848
-12.653
-10.1403
-8.20689
-6.70289
-5.52632
-4.60145
-3.86971
-3.2853
-2.81242
-2.4233
-2.09675
-1.81704
-1.573
-1.35709
-1.16467
-0.993217
-0.84164
-0.709785
-0.598075
-0.507007
-0.437661
-0.391323
-0.369868
-0.376175
-0.414695
-0.492256
-0.61922
-0.810813
-1.08776
-1.47851
-2.02737
-2.8131
-3.97678
-5.69943
-8.0426
-10.7604
-13.2148
-14.6488
-14.5693
-12.9476
-10.3364
-7.50031
-5.00814
-3.13844
-1.80877
-1.01738
-0.291646
-0.256359
-13.833
-13.8734
-13.902
-13.9287
-13.9681
-14.0362
-14.1478
-14.3107
-14.5204
-14.7572
-14.9854
-15.1573
-15.2192
-15.1209
-14.824
-14.3094
-13.5804
-12.6629
-11.5999
-10.445
-9.25399
-8.07807
-6.9598
-5.93147
-5.0158
-4.2277
-3.57652
-3.06803
-2.70659
-2.49729
-2.44633
-2.57272
-2.92326
-3.57924
-4.56561
-5.89083
-7.71522
-10.5851
-15.4128
-22.4115
-30.5764
-38.3457
-44.4257
-48.1153
-49.2941
-48.0543
-44.4394
-38.7047
-31.768
-25.095
-19.6652
-15.5625
-12.4729
-10.1022
-8.256
-6.80674
-5.66379
-4.75807
-4.03524
-3.45227
-2.9752
-2.57754
-2.2391
-1.94503
-1.68498
-1.45226
-1.24298
-1.05534
-0.888833
-0.743803
-0.620964
-0.521046
-0.445163
-0.394544
-0.370905
-0.376872
-0.416544
-0.496256
-0.62563
-0.81888
-1.09561
-1.48241
-2.01865
-2.77004
-3.84952
-5.40226
-7.4821
-9.89977
-12.134
-13.5397
-13.6461
-12.3613
-10.1002
-7.51705
-5.15029
-3.3106
-1.95412
-1.12829
-0.33374
-0.316098
-13.6533
-13.6943
-13.7263
-13.757
-13.7968
-13.8566
-13.9456
-14.0675
-14.2167
-14.376
-14.5166
-14.6006
-14.5861
-14.4339
-14.1139
-13.6109
-12.9274
-12.0835
-11.1134
-10.0603
-8.97043
-7.88703
-6.84737
-5.88081
-5.00887
-4.24632
-3.60271
-3.08394
-2.69365
-2.43464
-2.31193
-2.33552
-2.53344
-2.97265
-3.70265
-4.75552
-6.29511
-8.80412
-13.041
-19.2416
-26.6195
-33.8176
-39.6186
-43.3
-44.6697
-43.7501
-40.5837
-35.4908
-29.4
-23.5875
-18.8142
-15.125
-12.2802
-10.0576
-8.30453
-6.91472
-5.80885
-4.92465
-4.21223
-3.63142
-3.15017
-2.74337
-2.39196
-2.0821
-1.80441
-1.55315
-1.32534
-1.11996
-0.937201
-0.777906
-0.64307
-0.533663
-0.450785
-0.395562
-0.369502
-0.374924
-0.415521
-0.497082
-0.628444
-0.822723
-1.09825
-1.47982
-2.00279
-2.72264
-3.73016
-5.14128
-7.00246
-9.16984
-11.2206
-12.609
-12.8824
-11.8931
-9.93645
-7.57221
-5.3126
-3.49461
-2.10702
-1.24385
-0.378119
-0.375534
-13.476
-13.5153
-13.5471
-13.5771
-13.6126
-13.6605
-13.7263
-13.8108
-13.9079
-14.0028
-14.0719
-14.0854
-14.0105
-13.8165
-13.4801
-12.9894
-12.3461
-11.5661
-10.6767
-9.71279
-8.71234
-7.71202
-6.74417
-5.83516
-5.005
-4.26795
-3.63344
-3.10735
-2.6928
-2.3909
-2.206
-2.14243
-2.2155
-2.47507
-2.98221
-3.79966
-5.09032
-7.28296
-10.9933
-16.4385
-23.0149
-29.5772
-35.018
-38.6222
-40.1254
-39.4841
-36.7517
-32.3166
-27.0853
-22.1146
-17.9696
-14.6798
-12.0788
-10.0089
-8.35429
-7.02841
-5.96304
-5.10287
-4.40245
-3.82452
-3.33904
-2.92238
-2.55671
-2.22936
-1.9321
-1.66028
-1.41198
-1.1871
-0.986559
-0.811777
-0.663968
-0.544376
-0.454023
-0.393877
-0.365179
-0.36988
-0.411211
-0.494355
-0.627324
-0.822071
-1.0955
-1.47061
-1.9794
-2.6695
-3.6148
-4.90843
-6.59081
-8.55418
-10.4575
-11.8385
-12.2615
-11.5302
-9.83848
-7.66522
-5.49743
-3.69254
-2.26832
-1.36382
-0.424655
-0.433571
-13.3008
-13.3366
-13.3654
-13.3912
-13.419
-13.4531
-13.4959
-13.5466
-13.5989
-13.64
-13.651
-13.6081
-13.4857
-13.26
-12.9128
-12.4348
-11.8276
-11.1036
-10.2846
-9.399
-8.47794
-7.55235
-6.65017
-5.79483
-5.00471
-4.29327
-3.66966
-3.13965
-2.70607
-2.36928
-2.13271
-1.99821
-1.97515
-2.09792
-2.42888
-3.0558
-4.14299
-6.0625
-9.30953
-14.0581
-19.8451
-25.7296
-30.7381
-34.185
-35.7439
-35.327
-33.0146
-29.2542
-24.8765
-20.7037
-17.1442
-14.2337
-11.873
-9.95887
-8.40736
-7.14962
-6.12823
-5.29469
-4.60796
-4.03371
-3.5439
-3.11648
-2.73502
-2.38817
-2.06903
-1.77428
-1.50321
-1.25676
-1.03668
-0.844965
-0.683157
-0.552625
-0.454297
-0.388917
-0.357391
-0.361239
-0.403157
-0.48767
-0.621915
-0.816639
-1.08721
-1.45472
-1.94825
-2.60939
-3.49961
-4.695
-6.23202
-8.03203
-9.82091
-11.2035
-11.7618
-11.2585
-9.80176
-7.79834
-5.70883
-3.90713
-2.43921
-1.488
-0.47334
-0.489232
-13.1269
-13.1577
-13.1813
-13.2006
-13.2187
-13.2377
-13.2584
-13.2788
-13.2928
-13.2895
-13.2534
-13.1658
-13.0065
-12.7571
-12.4036
-11.9389
-11.3643
-10.6897
-9.93261
-9.11597
-8.26556
-7.40731
-6.56525
-5.76005
-5.00837
-4.32275
-3.71198
-3.18166
-2.73452
-2.37107
-2.09378
-1.90411
-1.81071
-1.8378
-2.04262
-2.52514
-3.45252
-5.13969
-7.98075
-12.1026
-17.1389
-22.3307
-26.8489
-30.052
-31.5829
-31.34
-29.4478
-26.376
-22.8177
-19.3748
-16.348
-13.7929
-11.667
-9.91061
-8.466
-7.2804
-6.30654
-5.50243
-4.83128
-4.26155
-3.76725
-3.32799
-2.92886
-2.56009
-2.21634
-1.89584
-1.59929
-1.32886
-1.08725
-0.87698
-0.70001
-0.557733
-0.450923
-0.380024
-0.345529
-0.34845
-0.39088
-0.476618
-0.611879
-0.806169
-1.07325
-1.4322
-1.90936
-2.54157
-3.38134
-4.49274
-5.91056
-7.57986
-9.28219
-10.6758
-11.3613
-11.0674
-9.82635
-7.97699
-5.95231
-4.14173
-2.62114
-1.61651
-0.52423
-0.541634
-12.9547
-12.9795
-12.9964
-13.0075
-13.0145
-13.0182
-13.0182
-13.0117
-12.9931
-12.953
-12.8789
-12.7558
-12.5683
-12.3018
-11.9457
-11.4946
-10.9497
-10.319
-9.61652
-8.86098
-8.0736
-7.27616
-6.48922
-5.73091
-5.01619
-4.35667
-3.76068
-3.23376
-2.7787
-2.39668
-2.08961
-1.85948
-1.71638
-1.68124
-1.80394
-2.18366
-2.98378
-4.469
-6.94729
-10.5083
-14.8519
-19.3651
-23.3543
-26.2334
-27.6713
-27.5838
-26.1351
-23.7462
-20.9378
-18.139
-15.5879
-13.3632
-11.4653
-9.86714
-8.53264
-7.42307
-6.50045
-5.72883
-5.07534
-4.5111
-4.0121
-3.55967
-3.14064
-2.74703
-2.37538
-2.02577
-1.70058
-1.40336
-1.13787
-0.907246
-0.713809
-0.558919
-0.443116
-0.366449
-0.328905
-0.330899
-0.373845
-0.460747
-0.596842
-0.790368
-1.05343
-1.40305
-1.86286
-2.46576
-3.25776
-4.29481
-5.61259
-7.17555
-8.81343
-10.2304
-11.0445
-10.9532
-9.91734
-8.20911
-6.23463
-4.40057
-2.81582
-1.74976
-0.577449
-0.589965
-12.7841
-12.8018
-12.8111
-12.813
-12.8083
-12.7971
-12.7779
-12.7478
-12.7015
-12.6312
-12.5266
-12.376
-12.1671
-11.8889
-11.5332
-11.0959
-10.5783
-9.98676
-9.33276
-8.63152
-7.90055
-7.15811
-6.42177
-5.70734
-5.02819
-4.39497
-3.81558
-3.29549
-2.83775
-2.44448
-2.11773
-1.86048
-1.6841
-1.61022
-1.68328
-1.99277
-2.68701
-3.98575
-6.12568
-9.17055
-12.875
-16.74
-20.1879
-22.7104
-24.0486
-24.1484
-23.1626
-21.4063
-19.2465
-16.9992
-14.8685
-12.9497
-11.2718
-9.83153
-8.60984
-7.5802
-6.7128
-5.97707
-5.34363
-4.78597
-4.28199
-3.81481
-3.3732
-2.95125
-2.54777
-2.16502
-1.80739
-1.48009
-1.18799
-0.934983
-0.723646
-0.555238
-0.429955
-0.347338
-0.306756
-0.307932
-0.351515
-0.439637
-0.576501
-0.769044
-1.0277
-1.36739
-1.8091
-2.38225
-3.12796
-4.09712
-5.32786
-6.80357
-8.39695
-9.85345
-10.806
-10.9191
-10.0834
-8.50469
-6.56416
-4.68915
-3.02593
-1.88835
-0.633128
-0.63343
-12.6161
-12.6264
-12.6273
-12.6194
-12.6031
-12.5775
-12.5408
-12.49
-12.4204
-12.3253
-12.1965
-12.0245
-11.7999
-11.5142
-11.1612
-10.7378
-10.2453
-9.68898
-9.07819
-8.42537
-7.74501
-7.05241
-6.36256
-5.68922
-5.04429
-4.4375
-3.87637
-3.36633
-2.91084
-2.51291
-2.17511
-1.90194
-1.70548
-1.60831
-1.65186
-1.91306
-2.51698
-3.63881
-5.45633
-8.01479
-11.1214
-14.378
-17.317
-19.5309
-20.8225
-21.1414
-20.5836
-19.3612
-17.7357
-15.9532
-14.1931
-12.557
-11.0905
-9.80671
-8.70028
-7.75459
-6.94675
-6.25075
-5.6401
-5.09032
-4.58103
-4.09725
-3.62985
-3.1754
-2.73537
-2.31469
-1.92016
-1.55887
-1.23704
-0.959327
-0.728496
-0.54561
-0.410385
-0.321711
-0.27821
-0.278797
-0.323258
-0.412775
-0.550456
-0.741894
-0.995849
-1.32514
-1.74818
-2.29128
-2.99186
-3.89785
-5.05165
-6.45705
-8.02515
-9.54012
-10.6462
-10.9718
-10.3358
-8.87673
-6.95239
-5.0147
-3.2552
-2.03313
-0.691408
-0.671264
-12.4504
-12.4528
-12.4451
-12.4275
-12.3997
-12.3606
-12.3082
-12.2396
-12.1505
-12.0353
-11.8874
-11.6992
-11.4635
-11.1737
-10.8251
-10.4156
-9.94643
-9.42195
-8.84985
-8.24038
-7.60553
-6.95817
-6.31106
-5.67616
-5.06405
-4.4836
-3.94194
-3.44452
-2.99527
-2.5981
-2.25628
-1.97585
-1.76952
-1.65981
-1.68544
-1.91176
-2.43936
-3.4017
-4.92681
-7.04523
-9.61333
-12.3299
-14.8369
-16.8165
-18.0968
-18.6042
-18.3852
-17.582
-16.3875
-14.9967
-13.5641
-12.1886
-10.9244
-9.7955
-8.80669
-7.94925
-7.2058
-6.55388
-5.9692
-5.42882
-4.91389
-4.41131
-3.91434
-3.42242
-2.94021
-2.47588
-2.03913
-1.63928
-1.28414
-0.979099
-0.727056
-0.528727
-0.383177
-0.288475
-0.242338
-0.242744
-0.288513
-0.379788
-0.518513
-0.708894
-0.957986
-1.27653
-1.68045
-2.19327
-2.8497
-3.69641
-4.78233
-6.13174
-7.69284
-9.28739
-10.5676
-11.1212
-10.6905
-9.34329
-7.41537
-5.38754
-3.50874
-2.18536
-0.752473
-0.702768
-12.2892
-12.2837
-12.2673
-12.24
-12.2013
-12.1497
-12.0833
-11.9993
-11.8939
-11.7625
-11.5996
-11.3994
-11.1561
-10.8648
-10.5219
-10.1261
-9.67851
-9.18285
-8.64549
-8.07489
-7.48104
-6.87475
-6.26694
-5.66798
-5.08727
-4.53294
-4.01175
-3.52915
-3.08957
-2.69759
-2.35719
-2.07578
-1.86651
-1.75123
-1.76539
-1.96443
-2.42788
-3.25507
-4.53583
-6.28885
-8.40996
-10.6807
-12.8321
-14.609
-15.8549
-16.4832
-16.5098
-16.0297
-15.1843
-14.1256
-12.9828
-11.8473
-10.7762
-9.80052
-8.93186
-8.16735
-7.49368
-6.89081
-6.33579
-5.80663
-5.28569
-4.76179
-4.23081
-3.69557
-3.16458
-2.6499
-2.16465
-1.72095
-1.32833
-0.992981
-0.717834
-0.503077
-0.346904
-0.246345
-0.198026
-0.198838
-0.246509
-0.340055
-0.480187
-0.669677
-0.913847
-1.22137
-1.60572
-2.08798
-2.70089
-3.49124
-4.51644
-5.82221
-7.39454
-9.0932
-10.5757
-11.3821
-11.1705
-9.93062
-7.97568
-5.82244
-3.79374
-2.34698
-0.816707
-0.727348
-12.1309
-12.1176
-12.0927
-12.0561
-12.0073
-11.9445
-11.8658
-11.7686
-11.6498
-11.5055
-11.3312
-11.1224
-10.8745
-10.5837
-10.2477
-9.86534
-9.43785
-8.96845
-8.46241
-7.92679
-7.36993
-6.80097
-6.22923
-5.66374
-5.11287
-4.58403
-4.08366
-3.61721
-3.18952
-2.80574
-2.47068
-2.19252
-1.98461
-1.86769
-1.87362
-2.04917
-2.4572
-3.17134
-4.25435
-5.71691
-7.48258
-9.39159
-11.2386
-12.8201
-14.0011
-14.6962
-14.9
-14.6714
-14.1112
-13.3352
-12.4491
-11.5347
-10.6483
-9.82427
-9.07858
-8.41219
-7.81438
-7.26633
-6.74537
-6.22964
-5.70233
-5.15412
-4.58383
-3.99826
-3.41055
-2.83751
-2.29651
-1.80286
-1.36806
-0.999144
-0.698932
-0.466844
-0.299934
-0.193939
-0.144176
-0.146277
-0.196748
-0.293372
-0.435551
-0.624565
-0.863949
-1.16026
-1.52457
-1.97567
-2.54481
-3.28042
-4.25014
-5.52297
-7.12494
-8.95704
-10.6799
-11.7777
-11.811
-10.6782
-8.66631
-6.34072
-4.12059
-2.52102
-0.885014
-0.744465
-11.98
-11.959
-11.9258
-11.8804
-11.822
-11.749
-11.6594
-11.5512
-11.4213
-11.2667
-11.0838
-10.8688
-10.6184
-10.3298
-10.001
-9.63171
-9.22287
-8.77731
-8.29949
-7.79532
-7.27182
-6.73672
-6.19804
-5.66366
-5.14102
-4.63694
-4.15752
-3.70818
-3.29405
-2.92062
-2.59341
-2.32101
-2.11656
-1.99939
-1.99764
-2.15043
-2.5075
-3.12364
-4.04266
-5.26986
-6.74795
-8.35824
-9.94359
-11.3463
-12.4512
-13.1796
-13.5118
-13.4804
-13.1542
-12.6196
-11.9618
-11.2517
-10.5425
-9.86907
-9.24962
-8.68724
-8.17242
-7.6862
-7.20484
-6.7054
-6.17132
-5.59512
-4.97905
-4.33466
-3.68081
-3.04001
-2.43469
-1.88393
-1.40155
-0.99544
-0.668098
-0.417859
-0.240294
-0.129534
-0.0793193
-0.0838293
-0.138197
-0.238873
-0.383884
-0.572968
-0.807828
-1.09286
-1.43665
-1.85577
-2.3804
-3.06162
-3.97902
-5.22768
-6.87873
-8.88137
-10.8979
-12.3443
-12.664
-11.6419
-9.53248
-6.97127
-4.50341
-2.71169
-0.959172
-0.75334
-11.8322
-11.8039
-11.763
-11.7094
-11.6424
-11.5604
-11.4616
-11.344
-11.2054
-11.0428
-10.8536
-10.6349
-10.3839
-10.0986
-9.77773
-9.42103
-9.02958
-8.60583
-8.15357
-7.67777
-7.18439
-6.67999
-6.1715
-5.6658
-5.16956
-4.68901
-4.22996
-3.79776
-3.39771
-3.03552
-2.71731
-2.45166
-2.25122
-2.13372
-2.12364
-2.25336
-2.56207
-3.09067
-3.86986
-4.90156
-6.14262
-7.50498
-8.86894
-10.1145
-11.1426
-11.883
-12.3083
-12.4321
-12.2992
-11.9725
-11.5189
-10.9988
-10.4603
-9.93703
-9.44775
-8.99654
-8.5738
-8.15876
-7.72454
-7.24542
-6.70413
-6.09515
-5.4246
-4.71024
-3.97824
-3.25803
-2.5781
-1.96202
-1.42611
-0.978998
-0.622549
-0.353609
-0.165858
-0.0514547
-0.00226986
-0.0107974
-0.0706431
-0.176807
-0.325848
-0.515885
-0.746697
-1.0204
-1.34297
-1.72865
-2.20693
-2.83219
-3.69804
-4.9294
-6.65176
-8.87363
-11.2568
-13.1313
-13.7927
-12.8846
-10.625
-7.7469
-4.95856
-2.92381
-1.04207
-0.752316
-11.6957
-11.6602
-11.6119
-11.5506
-11.4756
-11.3855
-11.2786
-11.1531
-11.0072
-10.8385
-10.6447
-10.4236
-10.1732
-9.89196
-9.57894
-9.23418
-8.85872
-8.45473
-8.02544
-7.57509
-7.10875
-6.63205
-6.15097
-5.67159
-5.19987
-4.74152
-4.30205
-3.88668
-3.50078
-3.15025
-2.84111
-2.58214
-2.38513
-2.26602
-2.24592
-2.35147
-2.61353
-3.06281
-3.72109
-4.5886
-5.63314
-6.78945
-7.9673
-9.07379
-10.0272
-10.7655
-11.258
-11.505
-11.5333
-11.3872
-11.1183
-10.7761
-10.4028
-10.0298
-9.67604
-9.34585
-9.02822
-8.6981
-8.32233
-7.86954
-7.32055
-6.67179
-5.93487
-5.13564
-4.30935
-3.4943
-2.72661
-2.03511
-1.43872
-0.946435
-0.558959
-0.27105
-0.0739509
0.0426025
0.0889532
0.0745418
0.0074519
-0.105775
-0.26019
-0.452252
-0.679747
-0.942371
-1.24316
-1.59387
-2.02312
-2.58916
-3.40152
-4.62081
-6.4414
-8.9448
-11.7871
-14.1831
-15.2449
-14.4506
-11.9814
-8.69297
-5.49933
-3.16077
-1.13734
-0.737761
-11.5613
-11.5192
-11.4641
-11.3959
-11.314
-11.2169
-11.1033
-10.9716
-10.82
-10.6469
-10.4503
-10.2284
-9.9798
-9.7033
-9.39834
-9.06511
-8.70459
-8.3187
-7.91024
-7.48284
-7.04084
-6.58909
-6.13279
-5.67731
-5.228
-4.79012
-4.36885
-3.96928
-3.5967
-3.25693
-2.95614
-2.70274
-2.50764
-2.38507
-2.35306
-2.43348
-2.65067
-3.02786
-3.58084
-4.30929
-5.18956
-6.17322
-7.19372
-8.17929
-9.06275
-9.79095
-10.3323
-10.6788
-10.844
-10.8575
-10.7571
-10.5824
-10.3696
-10.1487
-9.93909
-9.7453
-9.55303
-9.32921
-9.02942
-8.61244
-8.05518
-7.35639
-6.53488
-5.62817
-4.6839
-3.75262
-2.87995
-2.10052
-1.43556
-0.893711
-0.473593
-0.167043
0.0378294
0.154251
0.195177
0.172236
0.0953841
-0.0271553
-0.188814
-0.384323
-0.609349
-0.860912
-1.13889
-1.45229
-1.82867
-2.3299
-3.08311
-4.2939
-6.24323
-9.10019
-12.5009
-15.5069
-17.0176
-16.3324
-13.5979
-9.80958
-6.12702
-3.42084
-1.24809
-0.702981
-11.4438
-11.3952
-11.3336
-11.2588
-11.1704
-11.0669
-10.9473
-10.8101
-10.6539
-10.4772
-10.2786
-10.0567
-9.81031
-9.53863
-9.24134
-8.91872
-8.57172
-8.20204
-7.81212
-7.40508
-6.98467
-6.55509
-6.12088
-5.68679
-5.25765
-4.83828
-4.43353
-4.04828
-3.68766
-3.35739
-3.06369
-2.81436
-2.61928
-2.49099
-2.44485
-2.49883
-2.6723
-2.98315
-3.44328
-4.05256
-4.79395
-5.63224
-6.51841
-7.39791
-8.2168
-8.93015
-9.50774
-9.93667
-10.2206
-10.3765
-10.4307
-10.414
-10.3589
-10.2957
-10.2456
-10.2131
-10.178
-10.0935
-9.89641
-9.52918
-8.96273
-8.19903
-7.26667
-6.21941
-5.12276
-4.04398
-3.04142
-2.15666
-1.41263
-0.816078
-0.361883
-0.0375648
0.172925
0.286458
0.319053
0.284772
0.195574
0.0613809
-0.109665
-0.310532
-0.534656
-0.776154
-1.0311
-1.30515
-1.62391
-2.05117
-2.73428
-3.93582
-6.04248
-9.3237
-13.3686
-17.0484
-19.0387
-18.4549
-15.412
-11.0561
-6.82067
-3.69214
-1.37433
-0.637649
-11.3253
-11.2709
-11.2035
-11.1231
-11.0292
-10.9206
-10.7962
-10.6549
-10.4955
-10.3167
-10.1175
-9.89659
-9.65326
-9.38691
-9.09738
-8.78499
-8.45065
-8.09587
-7.72276
-7.33405
-6.93295
-6.52314
-6.10859
-5.69354
-5.28233
-4.8794
-4.48929
-4.11663
-3.76634
-3.44386
-3.15513
-2.90752
-2.70993
-2.5734
-2.51102
-2.53761
-2.66871
-2.9184
-3.29602
-3.80218
-4.42515
-5.14011
-5.91176
-6.69877
-7.45932
-8.15661
-8.76303
-9.26235
-9.6503
-9.93395
-10.1302
-10.2646
-10.3688
-10.4759
-10.6105
-10.7765
-10.9447
-11.0473
-10.9918
-10.6954
-10.1194
-9.26825
-8.18677
-6.9518
-5.65343
-4.38278
-3.21556
-2.20176
-1.36497
-0.707708
-0.218556
0.121393
0.333826
0.440215
0.460171
0.410438
0.305168
0.156186
-0.0267269
-0.234908
-0.45954
-0.691536
-0.922682
-1.15457
-1.40849
-1.74612
-2.33981
-3.52255
-5.80704
-9.56968
-14.3167
-18.7012
-21.1801
-20.6859
-17.3073
-12.3491
-7.53208
-3.94919
-1.50979
-0.528998
-11.2318
-11.1715
-11.0983
-11.0123
-10.9129
-10.7993
-10.6704
-10.5252
-10.3628
-10.1822
-9.98245
-9.76267
-9.52225
-9.26078
-8.97822
-8.67493
-8.35174
-8.00999
-7.65152
-7.27868
-6.89428
-6.5015
-6.10387
-5.70511
-5.30915
-4.92006
-4.54202
-4.17943
-3.83694
-3.51973
-3.23366
-2.98533
-2.78277
-2.63551
-2.55468
-2.55265
-2.64207
-2.83441
-3.13762
-3.55293
-4.07298
-4.68129
-5.35324
-6.05913
-6.76775
-7.44955
-8.07934
-8.63851
-9.11683
-9.51443
-9.84351
-10.1283
-10.4018
-10.6999
-11.0514
-11.461
-11.8891
-12.239
-12.3747
-12.1777
-11.5925
-10.6314
-9.36143
-7.88161
-6.31599
-4.79155
-3.41009
-2.23355
-1.28507
-0.559333
-0.03461
0.317739
0.527271
0.621315
0.623759
0.554256
0.429055
0.261631
0.0632578
-0.155544
-0.383575
-0.608215
-0.81573
-1.0015
-1.17706
-1.39902
-1.87439
-3.02051
-5.49342
-9.7744
-15.2443
-20.3242
-23.2716
-22.8466
-19.1247
-13.5687
-8.1871
-4.152
-1.63886
-0.364504
-11.1314
-11.0661
-10.988
-10.8975
-10.794
-10.6766
-10.5445
-10.3968
-10.2329
-10.0517
-9.85263
-9.63498
-9.39825
-9.14218
-8.86677
-8.57239
-8.25978
-7.93011
-7.58498
-7.22641
-6.85685
-6.47907
-6.09618
-5.7115
-5.32859
-4.95117
-4.58313
-4.22858
-3.89191
-3.57794
-3.292
-3.04017
-2.8297
-2.66904
-2.56772
-2.53616
-2.58491
-2.72344
-2.95862
-3.29282
-3.72259
-4.23803
-4.82339
-5.45866
-6.12113
-6.78696
-7.43312
-8.04036
-8.59678
-9.10118
-9.56397
-10.0056
-10.4567
-10.957
-11.5444
-12.2321
-12.9742
-13.6382
-14.0286
-13.9718
-13.3926
-12.3138
-10.8193
-9.03618
-7.13193
-5.28178
-3.62546
-2.24368
-1.15964
-0.35647
0.202969
0.56155
0.759817
0.832872
0.809765
0.713402
0.562445
0.372272
0.155277
-0.0767017
-0.310111
-0.527809
-0.708882
-0.839212
-0.914073
-0.987525
-1.31522
-2.40744
-5.072
-9.87757
-16.0318
-21.7291
-25.0815
-24.7053
-20.6685
-14.5723
-8.69626
-4.25232
-1.73625
-0.136481
-11.067
-10.996
-10.9126
-10.8169
-10.7087
-10.587
-10.4512
-10.3007
-10.1347
-9.95259
-9.75375
-9.53766
-9.30393
-9.05236
-8.783
-8.49615
-8.19246
-7.87292
-7.5389
-7.19213
-6.83471
-6.46905
-6.09788
-5.72415
-5.35107
-4.98202
-4.62059
-4.27062
-3.93619
-3.62183
-3.33254
-3.074
-2.85269
-2.67593
-2.55186
-2.48934
-2.49734
-2.58404
-2.75598
-3.01691
-3.36655
-3.80029
-4.30903
-4.87956
-5.49529
-6.13782
-6.78951
-7.43624
-8.06909
-8.68461
-9.28461
-9.87858
-10.4915
-11.1695
-11.971
-12.9327
-14.0131
-15.0399
-15.7415
-15.8803
-15.3609
-14.2065
-12.5014
-10.3923
-8.09437
-5.84759
-3.84934
-2.21255
-0.96452
-0.0737115
0.518493
0.874974
1.05138
1.09284
1.03469
0.903399
0.719019
0.499105
0.257477
0.00700854
-0.236266
-0.449714
-0.601589
-0.660504
-0.607158
-0.508572
-0.680632
-1.71025
-4.55834
-9.83226
-16.5406
-22.6896
-26.332
-25.9879
-21.7162
-15.2062
-8.96606
-4.20152
-1.7695
0.154346
-10.9868
-10.9114
-10.8242
-10.7251
-10.6139
-10.4897
-10.352
-10.2003
-10.0339
-9.85239
-9.65517
-9.44185
-9.2121
-8.96575
-8.70281
-8.42354
-8.12845
-7.81837
-7.49443
-7.15809
-6.81115
-6.45571
-6.09417
-5.72919
-5.36368
-5.00077
-4.6438
-4.29634
-3.96224
-3.64566
-3.35117
-3.08385
-2.84942
-2.6543
-2.50562
-2.41109
-2.37865
-2.41599
-2.52967
-2.72413
-3.00068
-3.35698
-3.78749
-4.28499
-4.8424
-5.45362
-6.11251
-6.81056
-7.53531
-8.27031
-8.99802
-9.71021
-10.4273
-11.2118
-12.1579
-13.3447
-14.7499
-16.1584
-17.2022
-17.5734
-17.1618
-15.992
-14.144
-11.7615
-9.08609
-6.42143
-4.03894
-2.10543
-0.666599
0.32033
0.939393
1.2797
1.41715
1.4101
1.30155
1.1221
0.895223
0.63891
0.366755
0.0927918
-0.163762
-0.372462
-0.488808
-0.469748
-0.290936
-0.0362524
-0.0721184
-1.03463
-4.01796
-9.60133
-16.6376
-23.0123
-26.8046
-26.4824
-22.0941
-15.3543
-8.92999
-3.97052
-1.70762
0.494027
-10.9556
-10.8744
-10.7822
-10.6781
-10.5621
-10.4339
-10.2929
-10.1386
-9.97062
-9.78844
-9.59168
-9.37995
-9.15295
-8.91051
-8.65258
-8.3793
-8.09106
-7.78847
-7.47241
-7.14409
-6.80498
-6.45686
-6.10182
-5.7422
-5.38061
-5.0199
-4.66316
-4.31373
-3.97521
-3.65154
-3.34702
-3.06642
-2.81508
-2.59889
-2.4242
-2.29771
-2.22602
-2.21507
-2.2696
-2.39273
-2.58623
-2.85161
-3.19197
-3.6134
-4.12431
-4.73129
-5.43219
-6.2106
-7.03692
-7.87458
-8.68722
-9.45364
-10.1959
-10.9997
-12.0033
-13.3413
-15.0286
-16.8091
-18.1965
-18.8043
-18.5238
-17.3907
-15.4771
-12.9081
-9.92973
-6.89046
-4.1322
-1.88821
-0.240726
0.851554
1.49467
1.8067
1.88837
1.81508
1.63908
1.39692
1.11399
0.807731
0.4924
0.182636
-0.100681
-0.319483
-0.41483
-0.336423
-0.0645286
0.292456
0.355448
-0.541114
-3.52875
-9.15907
-16.2449
-22.6162
-26.4185
-26.1068
-21.7316
-14.9689
-8.56226
-3.55739
-1.53074
0.854031
-10.8978
-10.8139
-10.7197
-10.6135
-10.4955
-10.3657
-10.2236
-10.0688
-9.90111
-9.72012
-9.52549
-9.31688
-9.09401
-8.85666
-8.60473
-8.33824
-8.0574
-7.7626
-7.45449
-7.13394
-6.80214
-6.46053
-6.11087
-5.75521
-5.39589
-5.03553
-4.67704
-4.32358
-3.97854
-3.64558
-3.32863
-3.03183
-2.75962
-2.51668
-2.3079
-2.13835
-2.01324
-1.93778
-1.91739
-1.9581
-2.06746
-2.25593
-2.53776
-2.92994
-3.44755
-4.09613
-4.86352
-5.71768
-6.61461
-7.50814
-8.35397
-9.12362
-9.83873
-10.5997
-11.5909
-13.02
-14.9459
-17.0611
-18.752
-19.5381
-19.3286
-18.2261
-16.3006
-13.6359
-10.4618
-7.14804
-4.08602
-1.56978
0.272902
1.46738
2.1309
2.40616
2.41877
2.26327
2.00523
1.68821
1.33859
0.97401
0.608739
0.256638
-0.0599909
-0.300303
-0.406606
-0.3273
-0.0239812
0.381498
0.489984
-0.346537
-3.13102
-8.50335
-15.3728
-21.5648
-25.2651
-24.9603
-20.7211
-14.1305
-7.92904
-3.01713
-1.2486
1.19004
-10.8948
-10.8074
-10.7082
-10.5954
-10.4719
-10.3375
-10.1916
-10.034
-9.8648
-9.68361
-9.49014
-9.28408
-9.0651
-8.8329
-8.58723
-8.3279
-8.05484
-7.7681
-7.46794
-7.15479
-6.82936
-6.49263
-6.14589
-5.79075
-5.42916
-5.0634
-4.69604
-4.32995
-3.96824
-3.61425
-3.27158
-2.94408
-2.63599
-2.35198
-2.09742
-1.87841
-1.70194
-1.57592
-1.5092
-1.51155
-1.59382
-1.76847
-2.05043
-2.45641
-3.00048
-3.68563
-4.49456
-5.38802
-6.31636
-7.23057
-8.08115
-8.83118
-9.505
-10.2251
-11.1956
-12.6438
-14.6759
-16.9986
-18.9069
-19.8308
-19.6822
-18.579
-16.6353
-13.9213
-10.641
-7.16777
-3.91171
-1.20371
0.789264
2.06817
2.74917
2.99038
2.93731
2.70131
2.35922
1.96074
1.53759
1.11156
0.696826
0.302531
-0.0559529
-0.334999
-0.457003
-0.363568
-0.0539743
0.308075
0.341148
-0.420937
-2.82766
-7.70542
-14.1486
-20.0529
-23.5865
-23.2756
-19.2606
-12.9842
-7.12715
-2.42607
-0.899013
1.43818
-10.8517
-10.7771
-10.6802
-10.5633
-10.4368
-10.3006
-10.1533
-9.99545
-9.82713
-9.6481
-9.45804
-9.25659
-9.04333
-8.81779
-8.57948
-8.32793
-8.06273
-7.78354
-7.49018
-7.18265
-6.86121
-6.52644
-6.17927
-5.82103
-5.45349
-5.07885
-4.69974
-4.31921
-3.9407
-3.56803
-3.20536
-2.85728
-2.52882
-2.2256
-1.9539
-1.72073
-1.53378
-1.40119
-1.33145
-1.33342
-1.4171
-1.59503
-1.88333
-2.29984
-2.85835
-3.55872
-4.37545
-5.25961
-6.16181
-7.04653
-7.87895
-8.63069
-9.32135
-10.0473
-10.9882
-12.3704
-14.3354
-16.64
-18.5932
-19.5784
-19.4496
-18.3802
-16.4584
-13.7439
-10.4538
-6.95138
-3.64759
-0.878815
1.17078
2.48274
3.16325
3.37297
3.26726
2.96949
2.56638
2.1148
1.64959
1.19048
0.750242
0.339696
-0.0220725
-0.299801
-0.433985
-0.35822
-0.0856912
0.186826
0.110529
-0.607773
-2.66551
-6.94161
-12.8196
-18.4042
-21.7586
-21.4619
-17.7487
-11.8384
-6.40187
-1.93604
-0.579585
1.54754
-10.8656
-10.7981
-10.7009
-10.5782
-10.4455
-10.3039
-10.1524
-9.99155
-9.82158
-9.64207
-9.45259
-9.25266
-9.0417
-8.81907
-8.58411
-8.33617
-8.07464
-7.79897
-7.5088
-7.20395
-6.88453
-6.551
-6.20424
-5.8456
-5.4769
-5.10049
-4.71919
-4.33629
-3.9554
-3.58052
-3.21591
-2.86619
-2.53638
-2.23214
-1.96003
-1.72768
-1.54386
-1.41814
-1.36018
-1.37871
-1.48098
-1.67433
-1.97022
-2.38476
-2.93082
-3.60638
-4.38791
-5.23678
-6.11372
-6.98632
-7.82638
-8.61761
-9.38209
-10.1883
-11.1329
-12.3464
-13.963
-15.9056
-17.7217
-18.8298
-18.9294
-17.9606
-16.0324
-13.3423
-10.0891
-6.63878
-3.37928
-0.633771
1.40758
2.71267
3.37904
3.56725
3.43534
3.10899
2.67616
2.19492
1.70392
1.22817
0.780149
0.367534
0.00572908
-0.2602
-0.363121
-0.273666
-0.0431967
0.14021
-0.0306026
-0.799109
-2.63566
-6.27979
-11.5378
-16.8915
-20.1993
-19.9477
-16.4358
-10.9217
-5.82797
-1.6151
-0.366534
1.39942
-10.9583
-10.8412
-10.723
-10.5957
-10.4591
-10.3143
-10.1608
-9.99835
-9.82684
-9.64587
-9.45498
-9.25369
-9.04142
-8.81756
-8.58149
-8.33258
-8.07027
-7.79407
-7.50365
-7.19888
-6.87992
-6.54726
-6.20178
-5.84482
-5.47822
-5.10429
-4.72586
-4.34619
-3.96903
-3.59851
-3.23912
-2.89573
-2.57358
-2.27843
-2.0166
-1.79507
-1.62142
-1.50377
-1.45052
-1.47024
-1.57172
-1.76481
-2.06182
-2.47626
-3.01723
-3.68099
-4.44458
-5.27032
-6.12213
-6.97453
-7.80781
-8.61401
-9.41747
-10.2743
-11.2587
-12.4545
-13.9212
-15.5651
-17.0512
-17.9528
-18.0159
-17.1902
-15.449
-12.8531
-9.68419
-6.31618
-3.15281
-0.510254
1.44777
2.70507
3.35302
3.53743
3.40889
3.08921
2.66579
2.19686
1.717
1.24532
0.797937
0.388436
0.0387979
-0.212715
-0.31631
-0.238147
-0.0327206
0.0952979
-0.132391
-0.974174
-2.89578
-6.43272
-11.2678
-16.1212
-19.1726
-19.0359
-15.7902
-10.5673
-5.75522
-1.66336
-0.395588
1.24016
-20.4174
-20.4912
-20.4948
-20.3037
-20.037
-19.8004
-19.5684
-19.2969
-18.9963
-18.6965
-18.411
-18.1123
-17.704
-17.0373
-15.9723
-14.4188
-12.1651
-9.34776
-6.24925
-3.237
-0.625413
1.4191
2.87853
3.83908
4.42613
4.74467
4.85872
4.76927
4.5278
4.25675
4.04955
3.94456
3.90788
3.88362
3.81478
3.73744
3.45316
2.60515
0.875574
-2.43772
-7.24558
-12.3631
-16.726
-19.6938
-20.8463
-20.2017
-18.3548
-15.8152
-13.0393
-10.3267
-7.85847
-5.71423
-3.91338
-2.4419
-1.26825
-0.357605
0.326863
0.821725
1.1614
1.37721
1.49738
1.54673
1.54199
1.50486
1.41123
1.23319
0.993569
0.707305
0.391578
0.0725671
-0.211677
-0.417749
-0.513518
-0.492752
-0.379592
-0.214107
-0.0359576
0.138081
0.323603
0.53125
0.71126
0.718432
0.325433
-0.747411
-2.88796
-6.5067
-11.6461
-17.4056
-21.8488
-23.117
-20.2421
-14.4294
-7.94579
-2.60407
0.839613
2.29665
2.46273
1.67465
1.15698
-0.157429
-20.7147
-20.8245
-20.8421
-20.5592
-20.272
-20.0193
-19.738
-19.3966
-19.0868
-18.8701
-18.7818
-18.8176
-18.8789
-18.7341
-18.0415
-16.4885
-14.1393
-11.1289
-7.729
-4.36023
-1.40743
0.910512
2.56226
3.62268
4.19069
4.36775
4.2659
4.11572
4.06988
4.08682
4.11667
4.13401
4.13856
4.15616
4.15494
4.06633
3.64182
2.41207
0.199588
-4.48847
-11.0915
-17.4863
-22.0205
-24.0432
-23.9923
-22.5865
-20.1691
-17.2316
-14.1477
-11.2061
-8.56209
-6.28108
-4.37223
-2.81598
-1.57676
-0.613805
0.11376
0.644787
1.0145
1.25408
1.39031
1.44371
1.43277
1.3543
1.21841
1.06022
0.869411
0.630201
0.348966
0.0441867
-0.243524
-0.455796
-0.544004
-0.497011
-0.345364
-0.146237
0.046794
0.216204
0.376093
0.552797
0.744939
0.810098
0.48109
-0.475449
-2.47475
-6.22278
-12.0402
-18.8741
-24.1675
-25.37
-22.0361
-15.6124
-8.46568
-2.65432
0.901177
2.29421
2.49557
1.8265
1.34269
-0.248165
-20.541
-20.6177
-20.9735
-21.2192
-21.3206
-21.2285
-21.0893
-20.902
-20.7575
-20.8202
-21.2127
-21.9699
-22.9034
-23.627
-23.6727
-22.6232
-20.3406
-16.8728
-12.6666
-8.31479
-4.41676
-1.35029
0.821787
2.24512
3.09805
3.52793
3.64625
3.54016
3.38651
3.37332
3.49433
3.70663
3.98011
4.2594
4.4375
4.347
3.71836
1.03447
-4.53334
-11.9134
-18.5826
-23.4618
-26.4502
-27.7342
-27.4405
-25.6953
-22.8813
-19.4915
-15.9891
-12.6946
-9.77373
-7.28912
-5.23446
-3.57202
-2.25266
-1.22637
-0.446109
0.130941
0.542725
0.821928
0.996262
1.08785
1.11381
1.08561
1.00834
0.874448
0.696097
0.497054
0.285941
0.0764852
-0.109403
-0.245632
-0.310963
-0.298338
-0.217553
-0.0913919
0.0586803
0.224429
0.418953
0.65495
0.902828
1.02809
0.767444
-0.260527
-2.77938
-7.57721
-14.6029
-22.3973
-28.2915
-29.7495
-26.052
-18.6946
-10.4675
-3.72901
0.446998
2.15317
2.37549
1.64945
1.16918
-0.393852
-20.8434
-21.0726
-21.7938
-22.2762
-22.5853
-22.753
-22.7479
-22.7848
-23.128
-24.0299
-25.668
-28.0137
-30.6592
-32.9094
-34.0158
-33.389
-30.7846
-26.3525
-20.6659
-14.5495
-8.95252
-4.55681
-1.48668
0.491723
1.69909
2.39347
2.72519
2.80099
2.73193
2.66302
2.74813
3.03287
3.41535
3.78805
3.9879
3.74778
2.55218
-2.02211
-10.3663
-18.4066
-24.4304
-28.7709
-31.7693
-33.1268
-32.6297
-30.4008
-26.8828
-22.7175
-18.4948
-14.6078
-11.2345
-8.42157
-6.13417
-4.3071
-2.87017
-1.75833
-0.914046
-0.287216
0.164928
0.478087
0.681265
0.796956
0.842795
0.829375
0.766536
0.665834
0.535046
0.380474
0.21028
0.0369372
-0.120379
-0.238676
-0.298202
-0.290624
-0.221832
-0.107239
0.0389185
0.213164
0.422545
0.66616
0.920063
1.06975
0.835164
-0.321013
-3.42667
-9.3094
-17.6302
-26.7487
-33.627
-35.362
-31.1105
-22.6146
-13.0851
-5.27937
-0.440344
1.61218
2.01928
1.43386
0.967683
-0.261034
-20.9919
-21.4011
-22.0234
-22.4687
-22.8224
-23.0947
-23.4569
-24.1133
-25.3924
-27.6641
-31.1515
-35.616
-40.2637
-44.086
-46.1737
-45.8421
-42.8185
-37.3672
-30.1198
-22.0171
-14.3565
-8.25216
-4.02328
-1.36769
0.235828
1.20324
1.76791
2.0372
2.08942
2.04114
2.03078
2.17549
2.4665
2.78282
2.8638
2.30729
0.301213
-6.11282
-16.2822
-24.3388
-30.2184
-34.7892
-38.2458
-39.9195
-39.3196
-36.4945
-32.0212
-26.7624
-21.5297
-16.8296
-12.8588
-9.63376
-7.06839
-5.05298
-3.48591
-2.28199
-1.37085
-0.693923
-0.202577
0.142906
0.374339
0.516439
0.588115
0.603024
0.571197
0.49955
0.396239
0.272064
0.138902
0.00900007
-0.104559
-0.187442
-0.228488
-0.223659
-0.176712
-0.0962361
0.0104256
0.144187
0.317937
0.538902
0.782733
0.92584
0.663591
-0.686272
-4.3787
-11.2658
-20.809
-31.2862
-39.1438
-41.1502
-36.3696
-26.7688
-15.9417
-7.04688
-1.47504
0.996343
1.60053
1.14492
0.731968
-0.208477
-20.7965
-21.2437
-21.6116
-21.9008
-22.2248
-22.6519
-23.3532
-24.6293
-26.9208
-30.691
-36.0809
-42.5128
-48.7892
-53.7159
-56.3979
-56.1583
-52.7636
-46.577
-38.2662
-28.7045
-19.3198
-11.6288
-6.29501
-3.00551
-1.06019
0.102537
0.808273
1.20626
1.35465
1.32249
1.24516
1.24011
1.34854
1.46331
1.27802
0.284567
-2.58898
-10.506
-21.9557
-30.1557
-36.3045
-41.7152
-46.0775
-48.3148
-47.6563
-44.0638
-38.3092
-31.582
-25.0094
-19.2602
-14.5507
-10.8412
-7.96437
-5.7458
-4.04164
-2.74181
-1.76132
-1.03258
-0.501145
-0.123481
0.134602
0.299401
0.390975
0.423987
0.410073
0.359429
0.281355
0.184603
0.0778835
-0.0287276
-0.123278
-0.194039
-0.23143
-0.230629
-0.192699
-0.123271
-0.0293496
0.0852672
0.225377
0.394354
0.573952
0.655005
0.321162
-1.21739
-5.37723
-13.0635
-23.6767
-35.1562
-43.8211
-46.0583
-40.8788
-30.3765
-18.4797
-8.67484
-2.48782
0.349512
1.16253
0.876834
0.542708
-0.152039
-20.3071
-20.6794
-20.8958
-21.1117
-21.339
-21.7549
-22.5979
-24.287
-27.3801
-32.3763
-39.2498
-47.0838
-54.3615
-59.8865
-62.9007
-62.7579
-59.1469
-52.4875
-43.6526
-33.3622
-22.9263
-14.1582
-8.06009
-4.32243
-2.12666
-0.821363
-0.030289
0.43107
0.633685
0.604794
0.436163
0.252454
0.13052
-0.0250703
-0.551718
-2.03367
-5.68073
-14.6981
-27.0915
-35.7844
-42.4947
-49.1355
-54.6742
-57.753
-57.153
-52.7391
-45.4946
-37.0133
-28.8272
-21.8265
-16.2679
-12.0277
-8.8274
-6.4072
-4.57127
-3.18103
-2.13591
-1.35918
-0.7906
-0.38288
-0.099326
0.0881343
0.20085
0.254882
0.262656
0.234116
0.178164
0.103782
0.0202872
-0.0628281
-0.135945
-0.189729
-0.217114
-0.215024
-0.184586
-0.129824
-0.056034
0.0322242
0.135135
0.251374
0.360514
0.358502
-0.0738272
-1.77551
-6.24256
-14.4517
-25.7843
-37.9793
-47.1637
-49.571
-44.1678
-33.0658
-20.4389
-9.98528
-3.33883
-0.210779
0.777383
0.638156
0.378577
-0.110517
-19.6208
-19.8707
-20.0503
-20.1394
-20.2186
-20.4895
-21.2867
-23.139
-26.7021
-32.4649
-40.2448
-48.92
-56.762
-62.6094
-65.8633
-65.8761
-62.1506
-55.2481
-46.2355
-35.7313
-24.8744
-15.6387
-9.21202
-5.28283
-2.96448
-1.57618
-0.739203
-0.260136
-0.050788
-0.0898089
-0.340343
-0.688838
-1.0668
-1.53045
-2.42688
-4.39174
-8.67699
-18.404
-31.5677
-41.0043
-48.4567
-56.4384
-63.2735
-67.3335
-66.9379
-61.7885
-53.0537
-42.7352
-32.7934
-24.4165
-17.9435
-13.1508
-9.62743
-7.01324
-5.05335
-3.57875
-2.47334
-1.65174
-1.04837
-0.612496
-0.305234
-0.097043
0.0344615
0.106198
0.131361
0.120777
0.0838888
0.0293477
-0.0346348
-0.099818
-0.157966
-0.201487
-0.224273
-0.22331
-0.19892
-0.153973
-0.0932645
-0.0230578
0.0515116
0.122966
0.166718
0.0809023
-0.449684
-2.27094
-6.89055
-15.3471
-27.0407
-39.5947
-49.019
-51.5189
-46.0521
-34.6858
-21.6994
-10.8999
-3.98688
-0.667633
0.454592
0.447298
0.25437
-0.0544053
-18.8059
-19.0286
-19.1513
-19.103
-18.9633
-18.9809
-19.579
-21.3638
-25.0562
-31.1301
-39.3126
-48.3513
-56.4724
-62.481
-65.8464
-65.944
-62.197
-55.3148
-46.4489
-36.0995
-25.3263
-16.165
-9.82005
-5.92862
-3.59642
-2.17437
-1.3151
-0.83858
-0.651203
-0.720815
-1.04316
-1.53132
-2.14965
-2.92699
-4.19182
-6.60178
-11.4
-21.5612
-35.2784
-45.5322
-53.798
-62.884
-70.9225
-75.9391
-75.8322
-70.1766
-60.2297
-48.2818
-36.6519
-26.905
-19.5176
-14.1823
-10.3524
-7.56038
-5.48946
-3.94007
-2.78141
-1.92025
-1.28625
-0.825611
-0.497407
-0.270687
-0.122031
-0.0336438
0.00829898
0.0148803
-0.00453831
-0.0415271
-0.088148
-0.136764
-0.180171
-0.212108
-0.227669
-0.224666
-0.203726
-0.167637
-0.120997
-0.0704138
-0.0233796
0.00855008
-0.00346207
-0.161427
-0.773319
-2.66248
-7.29957
-15.7602
-27.4921
-40.0743
-49.4996
-52.0402
-46.6513
-35.3117
-22.3009
-11.4335
-4.4318
-1.01301
0.200839
0.30051
0.160268
-0.00147072
-18.0196
-18.2232
-18.2908
-18.0751
-17.6631
-17.3575
-17.6568
-19.216
-22.7749
-28.7983
-36.9705
-46.0064
-54.1511
-60.1769
-63.532
-63.5988
-59.9361
-53.3738
-44.9371
-34.9984
-24.6658
-15.9902
-10.0304
-6.33421
-4.06038
-2.6406
-1.77678
-1.31189
-1.1571
-1.27037
-1.65616
-2.26377
-3.08049
-4.14304
-5.74813
-8.54632
-13.7342
-24.1053
-38.1541
-49.1954
-58.2018
-67.9952
-76.8717
-82.5804
-82.7957
-76.9687
-66.3098
-53.18
-40.1482
-29.171
-20.9345
-15.0972
-10.9901
-8.04154
-5.87463
-4.26091
-3.05629
-2.16073
-1.49987
-1.0173
-0.67037
-0.426983
-0.262885
-0.159648
-0.102988
-0.0814961
-0.0856663
-0.107235
-0.138773
-0.173422
-0.204861
-0.22781
-0.238132
-0.233972
-0.215908
-0.186636
-0.150965
-0.116303
-0.092177
-0.0931261
-0.150951
-0.366643
-1.03696
-2.94451
-7.4913
-15.7623
-27.2706
-39.6176
-48.8626
-51.3995
-46.1952
-35.1166
-22.3523
-11.6463
-4.70599
-1.26635
0.00367986
0.190626
0.0950408
0.0495568
-17.375
-17.5609
-17.5545
-17.144
-16.4269
-15.7696
-15.7311
-16.9883
-20.2737
-26.0048
-33.8527
-42.5836
-50.5175
-56.4193
-59.651
-59.6434
-56.2194
-50.2152
-42.357
-32.9642
-23.3183
-15.4042
-9.99982
-6.5739
-4.39383
-2.99777
-2.14127
-1.69106
-1.56876
-1.73053
-2.17789
-2.88756
-3.85852
-5.15942
-7.05595
-10.1731
-15.6346
-26.0305
-40.2145
-51.9343
-61.5175
-71.6334
-80.8664
-86.9272
-87.4514
-81.7611
-70.9131
-57.1357
-43.1017
-31.1233
-22.1552
-15.8812
-11.5365
-8.45683
-6.21073
-4.54412
-3.30155
-2.37738
-1.69394
-1.1927
-0.82962
-0.571612
-0.393731
-0.277012
-0.2068
-0.171506
-0.161661
-0.16923
-0.187153
-0.209099
-0.229431
-0.243644
-0.248296
-0.242037
-0.225711
-0.202187
-0.176524
-0.156618
-0.153169
-0.18246
-0.277984
-0.538325
-1.24535
-3.13065
-7.50949
-15.4525
-26.5457
-38.4671
-47.4055
-49.9081
-44.9632
-34.3128
-21.9925
-11.6168
-4.84987
-1.4487
-0.149151
0.10774
0.0504825
0.0918673
-16.8718
-17.1019
-17.024
-16.4
-15.3655
-14.3645
-13.9965
-14.9674
-17.9426
-23.2551
-30.5694
-38.7521
-46.258
-51.8725
-54.8955
-54.8731
-51.8652
-46.5195
-39.2369
-30.4422
-21.6577
-14.6506
-9.84942
-6.70456
-4.62909
-3.26862
-2.4272
-1.99203
-1.89685
-2.10313
-2.60909
-3.40657
-4.49716
-5.98669
-8.11559
-11.4768
-17.11
-27.39
-41.5424
-53.7943
-63.8044
-73.9313
-83.119
-89.2418
-90.0044
-84.6584
-74.0152
-60.0589
-45.4285
-32.7132
-23.16
-16.5291
-11.9919
-8.80792
-6.49959
-4.79133
-3.51852
-2.57115
-1.86901
-1.35196
-0.974871
-0.703921
-0.513643
-0.384693
-0.302172
-0.25438
-0.231882
-0.226842
-0.232572
-0.243272
-0.253929
-0.260644
-0.260543
-0.252587
-0.23773
-0.21893
-0.201523
-0.19397
-0.207999
-0.261063
-0.387244
-0.681268
-1.40729
-3.24084
-7.40209
-14.9297
-25.4829
-36.8547
-45.4063
-47.8537
-43.2151
-33.1024
-21.3554
-11.4217
-4.9032
-1.58165
-0.271134
0.0427725
0.0212685
0.125334
-16.8205
-16.9593
-16.7696
-15.9214
-14.5574
-13.2557
-12.648
-13.396
-16.0764
-20.9243
-27.5961
-35.0749
-41.9899
-47.1801
-49.9711
-50.0471
-47.5345
-42.7581
-35.933
-27.7717
-19.9687
-13.8899
-9.6512
-6.76346
-4.79165
-3.47281
-2.65045
-2.22897
-2.15387
-2.3958
-2.95416
-3.827
-5.01436
-6.64966
-8.95251
-12.4843
-18.2013
-28.263
-42.248
-54.8827
-65.2125
-75.1629
-84.0422
-89.9955
-90.9202
-86.0091
-75.8055
-62.0127
-47.1314
-33.9354
-23.9503
-17.0463
-12.3623
-9.10012
-6.7455
-5.00603
-3.71013
-2.74459
-2.02741
-1.49725
-1.10823
-0.825981
-0.624668
-0.484667
-0.39091
-0.331651
-0.297539
-0.280959
-0.275559
-0.275976
-0.27772
-0.277416
-0.272685
-0.262836
-0.249012
-0.234298
-0.224204
-0.227542
-0.256749
-0.330008
-0.481274
-0.800487
-1.53261
-3.29585
-7.2133
-14.2799
-24.2242
-34.9769
-43.0974
-45.4779
-41.171
-31.6568
-20.555
-11.1262
-4.8991
-1.68186
-0.372075
-0.0112634
0.00174506
0.148664
-16.89
-17.1469
-16.8558
-15.7629
-14.1338
-12.5716
-11.7393
-12.3408
-14.8145
-19.2469
-25.2667
-31.9786
-38.1996
-42.8891
-45.4765
-45.7019
-43.5658
-39.1178
-32.6351
-25.2087
-18.4411
-13.2064
-9.44249
-6.77595
-4.90231
-3.6272
-2.82488
-2.41462
-2.35242
-2.61899
-3.22002
-4.15679
-5.42357
-7.16801
-9.59047
-13.2233
-18.947
-28.7202
-42.4414
-55.3337
-65.9171
-75.6246
-84.0637
-89.7069
-90.7062
-86.2277
-76.5633
-63.1353
-48.2608
-34.807
-24.537
-17.4429
-12.6564
-9.34021
-6.95363
-5.19216
-3.87941
-2.90005
-2.17089
-1.62987
-1.2306
-0.93839
-0.727137
-0.577052
-0.472979
-0.403176
-0.358405
-0.331266
-0.315724
-0.306823
-0.300533
-0.293926
-0.285023
-0.27341
-0.260374
-0.249095
-0.245218
-0.257844
-0.299971
-0.390263
-0.562041
-0.899832
-1.62893
-3.31174
-6.9769
-13.5692
-22.8795
-32.9871
-40.6598
-42.9674
-38.9985
-30.1048
-19.6768
-10.7796
-4.86337
-1.76275
-0.45982
-0.0592133
-0.0116219
0.162805
-17.3602
-17.4578
-17.12
-15.8201
-13.9123
-12.1844
-11.3828
-11.9434
-14.2098
-18.2309
-23.6294
-29.6116
-35.148
-39.3581
-41.7584
-42.0374
-39.9668
-35.5692
-29.4688
-22.9388
-17.1686
-12.6311
-9.24256
-6.7603
-4.97664
-3.7442
-2.9608
-2.55885
-2.50303
-2.78275
-3.41332
-4.40349
-5.73847
-7.56782
-10.0696
-13.7475
-19.4167
-28.8535
-42.2343
-55.2727
-66.064
-75.5434
-83.5211
-88.7963
-89.7934
-85.6938
-76.5787
-63.6114
-48.9063
-35.3601
-24.9284
-17.7212
-12.876
-9.53013
-7.12581
-5.35132
-4.02774
-3.03875
-2.3006
-1.75091
-1.34305
-1.04217
-0.822045
-0.662811
-0.549283
-0.469771
-0.415171
-0.378307
-0.353438
-0.335968
-0.322269
-0.309804
-0.296945
-0.283549
-0.27106
-0.262745
-0.264327
-0.285055
-0.338293
-0.443005
-0.63169
-0.983417
-1.70436
-3.30413
-6.72175
-12.8484
-21.5296
-30.9943
-38.2221
-40.455
-36.8184
-28.5405
-18.783
-10.4163
-4.81279
-1.83291
-0.540116
-0.10501
-0.0221075
0.168458
)
;

boundaryField
{
    outlet
    {
        type            fixedValue;
        value           uniform 0;
    }
    inlet
    {
        type            zeroGradient;
    }
    lowerWall
    {
        type            zeroGradient;
    }
    upperWall
    {
        type            zeroGradient;
    }
    frontAndBack
    {
        type            empty;
    }
}


// ************************************************************************* //
