/*--------------------------------*- C++ -*----------------------------------*\
| =========                 |                                                 |
| \\      /  F ield         | OpenFOAM: The Open Source CFD Toolbox           |
|  \\    /   O peration     | Version:  2.1.1                                 |
|   \\  /    A nd           | Web:      www.OpenFOAM.org                      |
|    \\/     M anipulation  |                                                 |
\*---------------------------------------------------------------------------*/
FoamFile
{
    version     2.0;
    format      ascii;
    class       volScalarField;
    location    "0.16";
    object      k;
}
// * * * * * * * * * * * * * * * * * * * * * * * * * * * * * * * * * * * * * //

dimensions      [0 2 -2 0 0 0 0];

internalField   nonuniform List<scalar> 
6820
(
0.288909
0.351398
0.415005
0.477466
0.53686
0.591557
0.64037
0.682627
0.718121
0.747025
0.769785
0.787016
0.79942
0.807714
0.81259
0.814682
0.814552
0.812687
0.8095
0.80533
0.80046
0.795114
0.789474
0.783679
0.777841
0.772042
0.766342
0.760797
0.755373
0.750392
0.744371
0.744445
0.716162
0.265532
0.269396
0.270523
0.271341
0.272558
0.274215
0.276225
0.278476
0.280857
0.283282
0.285694
0.288065
0.290383
0.292654
0.294893
0.297118
0.299348
0.301603
0.303898
0.306246
0.308655
0.311134
0.313684
0.316307
0.319003
0.321772
0.324615
0.32754
0.330559
0.333731
0.33707
0.341073
0.34521
0.262038
0.264253
0.263596
0.261557
0.259001
0.256319
0.253627
0.250938
0.24824
0.245525
0.242794
0.240061
0.237345
0.234668
0.232052
0.229518
0.227085
0.224768
0.222581
0.220531
0.218626
0.21687
0.215263
0.213805
0.212496
0.211331
0.210308
0.209423
0.208672
0.208058
0.207568
0.207232
0.206987
0.259885
0.260272
0.259797
0.258535
0.256829
0.254891
0.252833
0.25071
0.248547
0.246358
0.244152
0.241935
0.239714
0.237495
0.235287
0.233097
0.230933
0.228801
0.226709
0.224661
0.222663
0.220719
0.218832
0.217006
0.215241
0.21354
0.211902
0.210329
0.208818
0.207371
0.205983
0.204657
0.203382
0.259299
0.258404
0.2576
0.256567
0.255295
0.25385
0.252292
0.250662
0.248985
0.247277
0.245552
0.243815
0.242075
0.240336
0.238602
0.236878
0.235168
0.233474
0.231801
0.230151
0.228527
0.22693
0.225364
0.22383
0.222329
0.220863
0.219431
0.218036
0.216676
0.215353
0.214066
0.212816
0.211603
0.259224
0.257848
0.256623
0.255437
0.254227
0.25297
0.251663
0.250313
0.248929
0.247523
0.246101
0.244671
0.243238
0.241806
0.240378
0.238959
0.23755
0.236154
0.234773
0.233409
0.232063
0.230737
0.229432
0.228149
0.226888
0.225652
0.22444
0.223252
0.22209
0.220953
0.219842
0.218758
0.217702
0.259217
0.257715
0.256309
0.25498
0.253698
0.252442
0.251196
0.249951
0.248704
0.247455
0.246205
0.244956
0.24371
0.24247
0.241237
0.240014
0.238802
0.237602
0.236416
0.235244
0.234089
0.23295
0.231828
0.230725
0.22964
0.228574
0.227527
0.226501
0.225494
0.224508
0.223542
0.222598
0.221676
0.259218
0.25769
0.256225
0.254822
0.253477
0.252181
0.250924
0.249696
0.248492
0.247307
0.246137
0.244982
0.24384
0.242711
0.241596
0.240494
0.239407
0.238333
0.237275
0.236232
0.235205
0.234194
0.233199
0.232221
0.23126
0.230316
0.229389
0.228479
0.227587
0.226713
0.225857
0.22502
0.2242
0.259218
0.257686
0.256207
0.25478
0.253405
0.25208
0.250799
0.24956
0.248357
0.247186
0.246043
0.244925
0.243831
0.242758
0.241706
0.240672
0.239658
0.238661
0.237682
0.236721
0.235777
0.23485
0.23394
0.233047
0.232171
0.231311
0.230469
0.229642
0.228833
0.22804
0.227263
0.226504
0.225761
0.259218
0.257686
0.256203
0.254769
0.253384
0.252045
0.250751
0.2495
0.248289
0.247114
0.245975
0.244867
0.243789
0.242738
0.241714
0.240713
0.239736
0.238781
0.237847
0.236933
0.236038
0.235163
0.234306
0.233468
0.232647
0.231843
0.231057
0.230287
0.229534
0.228797
0.228076
0.227372
0.226683
0.259218
0.257686
0.256202
0.254767
0.253378
0.252035
0.250735
0.249477
0.24826
0.24708
0.245938
0.244829
0.243754
0.242709
0.241694
0.240706
0.239745
0.238808
0.237895
0.237006
0.236138
0.235291
0.234464
0.233657
0.23287
0.2321
0.231349
0.230614
0.229898
0.229197
0.228513
0.227845
0.227193
0.259218
0.257685
0.256201
0.254766
0.253376
0.252031
0.250729
0.249469
0.248248
0.247066
0.24592
0.24481
0.243733
0.242689
0.241675
0.24069
0.239734
0.238804
0.2379
0.23702
0.236164
0.235331
0.234519
0.233729
0.232958
0.232208
0.231476
0.230762
0.230066
0.229388
0.228726
0.228081
0.227451
0.259218
0.257685
0.256201
0.254765
0.253375
0.25203
0.250727
0.249465
0.248243
0.24706
0.245912
0.2448
0.243722
0.242677
0.241662
0.240677
0.239722
0.238794
0.237892
0.237016
0.236164
0.235336
0.234531
0.233747
0.232985
0.232243
0.231521
0.230818
0.230133
0.229466
0.228816
0.228183
0.227567
0.259218
0.257685
0.256201
0.254764
0.253374
0.252028
0.250725
0.249463
0.248241
0.247056
0.245908
0.244795
0.243716
0.24267
0.241654
0.240669
0.239713
0.238785
0.237883
0.237008
0.236157
0.235331
0.234528
0.233747
0.232987
0.232249
0.23153
0.230832
0.230152
0.22949
0.228846
0.228219
0.227609
0.259218
0.257685
0.2562
0.254764
0.253374
0.252028
0.250724
0.249462
0.248239
0.247054
0.245906
0.244792
0.243712
0.242665
0.241649
0.240664
0.239707
0.238778
0.237876
0.237001
0.23615
0.235324
0.234521
0.23374
0.232982
0.232244
0.231527
0.23083
0.230152
0.229492
0.22885
0.228225
0.227618
0.259218
0.257685
0.2562
0.254764
0.253373
0.252027
0.250723
0.249461
0.248237
0.247052
0.245903
0.24479
0.243709
0.242662
0.241646
0.240659
0.239702
0.238773
0.237871
0.236995
0.236144
0.235317
0.234514
0.233734
0.232975
0.232237
0.23152
0.230823
0.230145
0.229486
0.228845
0.228221
0.227614
0.259218
0.257685
0.2562
0.254763
0.253373
0.252026
0.250722
0.24946
0.248236
0.247051
0.245901
0.244787
0.243707
0.242659
0.241642
0.240656
0.239698
0.238769
0.237866
0.23699
0.236138
0.235311
0.234508
0.233727
0.232968
0.23223
0.231513
0.230816
0.230138
0.229478
0.228837
0.228213
0.227605
0.259218
0.257684
0.2562
0.254763
0.253372
0.252026
0.250722
0.249459
0.248235
0.247049
0.2459
0.244785
0.243705
0.242656
0.241639
0.240653
0.239695
0.238765
0.237862
0.236985
0.236134
0.235306
0.234502
0.233721
0.232962
0.232224
0.231506
0.230809
0.23013
0.22947
0.228828
0.228204
0.227596
0.259218
0.257684
0.2562
0.254763
0.253372
0.252025
0.250721
0.249458
0.248234
0.247048
0.245898
0.244784
0.243703
0.242654
0.241637
0.24065
0.239692
0.238761
0.237858
0.236981
0.236129
0.235302
0.234497
0.233716
0.232956
0.232218
0.2315
0.230802
0.230123
0.229463
0.22882
0.228195
0.227587
0.259218
0.257684
0.2562
0.254763
0.253371
0.252025
0.25072
0.249457
0.248233
0.247047
0.245897
0.244782
0.243701
0.242652
0.241634
0.240647
0.239689
0.238758
0.237855
0.236977
0.236125
0.235297
0.234493
0.233711
0.232951
0.232212
0.231494
0.230795
0.230116
0.229455
0.228813
0.228187
0.227579
0.259218
0.257684
0.256199
0.254762
0.253371
0.252024
0.25072
0.249456
0.248232
0.247046
0.245896
0.24478
0.243699
0.24265
0.241632
0.240645
0.239686
0.238755
0.237852
0.236974
0.236121
0.235293
0.234488
0.233706
0.232946
0.232207
0.231488
0.230789
0.230109
0.229448
0.228805
0.228179
0.22757
0.259218
0.257684
0.256199
0.254762
0.253371
0.252024
0.250719
0.249456
0.248231
0.247045
0.245894
0.244779
0.243698
0.242648
0.24163
0.240642
0.239684
0.238753
0.237849
0.236971
0.236118
0.235289
0.234484
0.233702
0.232941
0.232202
0.231483
0.230783
0.230103
0.229442
0.228798
0.228172
0.227563
0.259218
0.257684
0.256199
0.254762
0.253371
0.252024
0.250719
0.249455
0.248231
0.247044
0.245893
0.244778
0.243696
0.242647
0.241629
0.24064
0.239681
0.23875
0.237846
0.236968
0.236115
0.235286
0.23448
0.233698
0.232937
0.232197
0.231478
0.230778
0.230098
0.229436
0.228792
0.228165
0.227555
0.259218
0.257684
0.256199
0.254762
0.253371
0.252023
0.250719
0.249455
0.24823
0.247043
0.245893
0.244777
0.243695
0.242645
0.241627
0.240639
0.239679
0.238748
0.237843
0.236965
0.236112
0.235283
0.234477
0.233694
0.232933
0.232192
0.231473
0.230773
0.230092
0.22943
0.228786
0.228159
0.227549
0.259218
0.257684
0.256199
0.254762
0.25337
0.252023
0.250718
0.249454
0.24823
0.247043
0.245892
0.244776
0.243694
0.242644
0.241626
0.240637
0.239677
0.238746
0.237841
0.236963
0.236109
0.23528
0.234474
0.23369
0.232929
0.232188
0.231468
0.230768
0.230087
0.229425
0.22878
0.228153
0.227542
0.259218
0.257684
0.256199
0.254762
0.25337
0.252023
0.250718
0.249454
0.248229
0.247042
0.245891
0.244775
0.243693
0.242643
0.241624
0.240636
0.239676
0.238744
0.237839
0.23696
0.236107
0.235277
0.234471
0.233687
0.232925
0.232185
0.231464
0.230764
0.230083
0.22942
0.228775
0.228147
0.227536
0.259218
0.257684
0.256199
0.254762
0.25337
0.252023
0.250718
0.249454
0.248229
0.247042
0.245891
0.244775
0.243692
0.242642
0.241623
0.240634
0.239674
0.238743
0.237837
0.236958
0.236104
0.235274
0.234468
0.233684
0.232922
0.232181
0.231461
0.23076
0.230078
0.229415
0.22877
0.228142
0.227531
0.259218
0.257684
0.256199
0.254762
0.25337
0.252023
0.250718
0.249454
0.248229
0.247041
0.24589
0.244774
0.243692
0.242642
0.241623
0.240634
0.239674
0.238741
0.237836
0.236957
0.236103
0.235273
0.234466
0.233682
0.23292
0.232178
0.231458
0.230757
0.230075
0.229411
0.228766
0.228138
0.227526
0.259218
0.257684
0.256199
0.254762
0.25337
0.252023
0.250718
0.249453
0.248228
0.247041
0.24589
0.244774
0.243691
0.242641
0.241622
0.240633
0.239672
0.23874
0.237835
0.236955
0.236101
0.235271
0.234464
0.23368
0.232917
0.232176
0.231455
0.230754
0.230072
0.229408
0.228762
0.228134
0.227522
0.259218
0.257684
0.256199
0.254762
0.25337
0.252023
0.250718
0.249454
0.248229
0.247041
0.24589
0.244774
0.243692
0.242641
0.241622
0.240633
0.239673
0.23874
0.237835
0.236955
0.236101
0.23527
0.234463
0.233679
0.232916
0.232175
0.231453
0.230752
0.23007
0.229406
0.22876
0.228131
0.227519
0.259218
0.257684
0.256199
0.254762
0.25337
0.252023
0.250718
0.249453
0.248228
0.247041
0.24589
0.244774
0.243691
0.242641
0.241622
0.240632
0.239672
0.23874
0.237834
0.236955
0.2361
0.23527
0.234463
0.233678
0.232915
0.232174
0.231452
0.230751
0.230068
0.229404
0.228758
0.228129
0.227517
0.259218
0.257684
0.256199
0.254762
0.253371
0.252024
0.25072
0.249456
0.248231
0.247044
0.245894
0.244777
0.243695
0.242645
0.241625
0.240636
0.239676
0.238743
0.237838
0.236958
0.236103
0.235273
0.234465
0.233681
0.232918
0.232176
0.231454
0.230752
0.230069
0.229405
0.228758
0.228129
0.227516
0.259218
0.257685
0.2562
0.254764
0.253373
0.252026
0.250721
0.249457
0.248232
0.247046
0.245895
0.244779
0.243697
0.242647
0.241628
0.240639
0.239679
0.238746
0.237841
0.236961
0.236106
0.235276
0.234468
0.233683
0.23292
0.232178
0.231456
0.230753
0.23007
0.229404
0.228757
0.228127
0.227513
0.259218
0.257685
0.256201
0.254766
0.253378
0.252033
0.250731
0.249469
0.248246
0.24706
0.24591
0.244795
0.243713
0.242663
0.241643
0.240654
0.239693
0.23876
0.237853
0.236973
0.236116
0.235284
0.234475
0.233688
0.232923
0.232178
0.231453
0.230748
0.230062
0.229393
0.228743
0.228109
0.227492
0.259219
0.257689
0.25621
0.254777
0.25339
0.252046
0.250743
0.249482
0.248259
0.247074
0.245924
0.244809
0.243726
0.242676
0.241655
0.240664
0.239701
0.238765
0.237854
0.236969
0.236108
0.235271
0.234455
0.233662
0.232889
0.232137
0.231404
0.23069
0.229994
0.229316
0.228656
0.228012
0.227384
0.25922
0.257694
0.256221
0.254799
0.253423
0.252089
0.250795
0.249539
0.248318
0.247131
0.245978
0.244857
0.243767
0.242706
0.241674
0.240669
0.239691
0.238738
0.237811
0.236907
0.236026
0.235167
0.23433
0.233514
0.232718
0.231942
0.231185
0.230447
0.229726
0.229023
0.228337
0.227668
0.227014
0.259229
0.257738
0.256292
0.254882
0.253508
0.252172
0.250871
0.249603
0.248368
0.247162
0.245985
0.244837
0.243716
0.242621
0.241552
0.240509
0.23949
0.238495
0.237523
0.236574
0.235648
0.234743
0.23386
0.232997
0.232154
0.23133
0.230526
0.22974
0.228973
0.228222
0.22749
0.226773
0.226074
0.259265
0.257822
0.256453
0.255125
0.253805
0.252483
0.251164
0.249854
0.248562
0.247291
0.246045
0.244828
0.24364
0.24248
0.24135
0.240248
0.239174
0.238127
0.237105
0.236109
0.235137
0.234188
0.233262
0.232358
0.231476
0.230614
0.229772
0.228949
0.228146
0.227361
0.226594
0.225845
0.225113
0.259599
0.258632
0.257578
0.256541
0.255587
0.254713
0.253905
0.25315
0.252443
0.251781
0.251163
0.250588
0.250055
0.249563
0.249112
0.248699
0.248324
0.247985
0.247679
0.247405
0.247162
0.246947
0.246759
0.246597
0.246457
0.246341
0.246245
0.246168
0.24611
0.246069
0.246044
0.246034
0.246038
0.266719
0.280569
0.294241
0.307622
0.320668
0.333362
0.345692
0.357649
0.369224
0.380413
0.391211
0.40162
0.411638
0.421271
0.430522
0.439397
0.447904
0.45605
0.463844
0.471296
0.478416
0.485213
0.4917
0.497885
0.503781
0.509398
0.514747
0.519839
0.524683
0.529291
0.533672
0.537836
0.541796
0.844069
1.01371
1.18439
1.3575
1.5309
1.69555
1.84052
1.95778
2.04422
2.10196
2.13651
2.15471
2.16286
2.16567
2.16608
2.16552
2.1645
2.16311
2.1614
2.15952
2.15773
2.15634
2.15561
2.1557
2.15665
2.15832
2.16051
2.16291
2.16516
2.16685
2.16756
2.16687
2.16434
2.15951
2.15196
2.14123
2.12692
2.10862
2.08594
2.05856
2.02619
1.98858
1.94559
1.89713
1.84322
1.78399
1.71969
1.6507
1.57751
1.50077
1.42125
1.33983
1.25748
1.17528
1.0943
1.01563
0.940312
0.869272
0.803303
0.743015
0.688813
0.640893
0.599255
0.563733
0.534032
0.509785
0.490588
0.476045
0.465796
0.459529
0.456987
0.457963
0.462282
0.469779
0.480269
0.493512
0.509183
0.52684
0.545913
0.565699
0.58538
0.604051
0.620767
0.634587
0.644627
0.650097
0.650345
0.644885
0.633423
0.615879
0.592411
0.563425
0.529603
0.491901
0.451554
0.410023
0.369001
0.329751
0.296193
0.253804
0.353976
0.367499
0.387757
0.417768
0.460396
0.518161
0.592668
0.683841
0.789462
0.905355
1.02587
1.14478
1.25624
1.35571
1.44051
1.50991
1.5648
1.60718
1.63955
1.66434
1.68364
1.69905
1.71163
1.72206
1.73071
1.73776
1.74327
1.74724
1.74959
1.75023
1.749
1.74569
1.74006
1.73184
1.72073
1.70642
1.68861
1.66704
1.64143
1.61157
1.57731
1.53856
1.49528
1.44754
1.39552
1.33948
1.27982
1.21705
1.15177
1.08474
1.01676
0.948743
0.881625
0.816347
0.753813
0.694844
0.640129
0.590192
0.545372
0.505806
0.471452
0.442107
0.417458
0.397119
0.38068
0.367744
0.357956
0.351015
0.34669
0.344817
0.345293
0.348072
0.353146
0.360527
0.370223
0.382206
0.396372
0.41251
0.430271
0.449146
0.46847
0.487442
0.505165
0.520702
0.533129
0.541601
0.545395
0.543962
0.536953
0.524253
0.506001
0.482606
0.454758
0.423429
0.38984
0.355408
0.321687
0.289823
0.262926
0.229587
0.206624
0.206396
0.2068
0.20824
0.211142
0.216018
0.223434
0.234332
0.249848
0.271206
0.299581
0.335925
0.380742
0.433905
0.494542
0.561061
0.631302
0.702787
0.773027
0.839813
0.901436
0.956795
1.00539
1.04725
1.08272
1.11237
1.13683
1.15668
1.17238
1.18428
1.19262
1.19751
1.19897
1.197
1.19152
1.18246
1.16972
1.15324
1.13296
1.10886
1.08098
1.04941
1.0143
0.975908
0.934542
0.890622
0.844649
0.797209
0.74896
0.700608
0.652891
0.606537
0.562235
0.520598
0.482123
0.447171
0.415946
0.388501
0.364746
0.344481
0.327427
0.313264
0.301663
0.292314
0.284939
0.279307
0.275233
0.272586
0.271281
0.27128
0.272589
0.275253
0.279351
0.284982
0.292257
0.301276
0.312098
0.324706
0.338973
0.354625
0.37122
0.388146
0.404642
0.419848
0.432862
0.44281
0.448916
0.450559
0.447318
0.439017
0.425743
0.407867
0.386041
0.361188
0.334456
0.307132
0.280567
0.255717
0.234966
0.209566
0.201966
0.200454
0.199041
0.19773
0.196555
0.195579
0.194894
0.194586
0.194782
0.195664
0.197465
0.200467
0.205002
0.21144
0.220181
0.231623
0.246126
0.263953
0.28522
0.30984
0.337503
0.367673
0.39963
0.432531
0.465483
0.497622
0.528169
0.556477
0.582043
0.604506
0.623634
0.63929
0.651413
0.659992
0.665048
0.666624
0.664785
0.659613
0.651216
0.639734
0.625342
0.608265
0.588772
0.567189
0.543889
0.519296
0.493868
0.468087
0.44244
0.417397
0.393389
0.370783
0.34987
0.330848
0.313818
0.298795
0.285718
0.274469
0.264894
0.25682
0.250074
0.244491
0.239923
0.236247
0.233358
0.231178
0.229654
0.228755
0.228474
0.228827
0.229857
0.231628
0.234227
0.237764
0.242363
0.248155
0.255262
0.263769
0.273703
0.284986
0.297409
0.310601
0.324028
0.33701
0.348768
0.358489
0.3654
0.368842
0.368335
0.363625
0.354722
0.341912
0.325757
0.30707
0.286846
0.266179
0.246175
0.22757
0.21215
0.193373
0.210239
0.208724
0.207234
0.20576
0.204304
0.202876
0.201494
0.200178
0.198945
0.197825
0.196852
0.196071
0.195537
0.195314
0.195473
0.196097
0.197272
0.199092
0.201654
0.205048
0.209358
0.214647
0.220951
0.228266
0.236545
0.245685
0.25553
0.265875
0.276471
0.287043
0.297304
0.306967
0.315766
0.323464
0.329862
0.334804
0.338186
0.339949
0.340082
0.338624
0.335654
0.331294
0.325703
0.319067
0.3116
0.303525
0.295074
0.28647
0.277921
0.269608
0.261683
0.254259
0.247414
0.241191
0.235604
0.230641
0.226275
0.222465
0.219165
0.216325
0.213897
0.211838
0.210108
0.208674
0.207513
0.206606
0.205948
0.20554
0.205397
0.205543
0.206019
0.206877
0.208185
0.210028
0.212504
0.215723
0.2198
0.22484
0.230924
0.23808
0.246254
0.255279
0.264856
0.274541
0.283764
0.291875
0.298201
0.302123
0.303146
0.300963
0.295498
0.286927
0.275678
0.262394
0.247873
0.232974
0.218551
0.205142
0.194069
0.180561
0.216504
0.215147
0.213788
0.212432
0.211079
0.209729
0.208385
0.207052
0.205734
0.204441
0.20318
0.201965
0.20081
0.19973
0.198745
0.197876
0.197145
0.196575
0.19619
0.196014
0.19607
0.196377
0.196953
0.19781
0.198955
0.200386
0.202093
0.204055
0.206238
0.208599
0.211081
0.213619
0.216142
0.218573
0.220837
0.22286
0.224579
0.225939
0.2269
0.227437
0.227542
0.227224
0.226505
0.225425
0.22403
0.222377
0.220527
0.218541
0.216476
0.214387
0.212322
0.210317
0.208404
0.206605
0.204931
0.203392
0.201986
0.200711
0.19956
0.198523
0.197591
0.196753
0.196001
0.195328
0.194727
0.194199
0.193746
0.193376
0.193101
0.192943
0.192928
0.193094
0.193486
0.194163
0.195192
0.196652
0.19863
0.201212
0.204478
0.208486
0.213251
0.218722
0.224762
0.231126
0.23746
0.243319
0.2482
0.251602
0.253086
0.252341
0.249233
0.243832
0.236416
0.227442
0.217494
0.207197
0.197183
0.187826
0.180106
0.170619
0.220627
0.219436
0.218237
0.21703
0.215816
0.214595
0.213369
0.212138
0.210907
0.209679
0.208458
0.207249
0.206057
0.204886
0.203746
0.202643
0.201585
0.200582
0.199643
0.198778
0.197995
0.197304
0.196712
0.196225
0.195848
0.195584
0.195434
0.195393
0.195458
0.19562
0.195867
0.196184
0.196555
0.19696
0.197379
0.19779
0.198173
0.198509
0.198779
0.19897
0.199071
0.199075
0.198981
0.19879
0.198508
0.198143
0.197707
0.197214
0.196676
0.196108
0.195522
0.19493
0.194342
0.193765
0.193204
0.192663
0.192141
0.191639
0.191153
0.190681
0.190217
0.189759
0.189302
0.188844
0.188383
0.187919
0.187455
0.186997
0.186552
0.186135
0.185762
0.185457
0.18525
0.185178
0.185285
0.185624
0.186255
0.18724
0.188643
0.190518
0.192899
0.195787
0.199128
0.202804
0.20662
0.210305
0.213528
0.215935
0.21719
0.217027
0.215296
0.211993
0.207272
0.201422
0.194836
0.18794
0.181184
0.174815
0.169564
0.163039
0.223267
0.222204
0.221131
0.220046
0.218952
0.21785
0.21674
0.215623
0.214501
0.213375
0.212247
0.211119
0.209994
0.208875
0.207765
0.206667
0.205586
0.204526
0.203491
0.202486
0.201517
0.200587
0.199702
0.198865
0.198082
0.197353
0.196683
0.196072
0.19552
0.195027
0.19459
0.194206
0.19387
0.193578
0.193323
0.193099
0.192898
0.192713
0.192538
0.192367
0.192193
0.192013
0.191823
0.191621
0.191406
0.191178
0.190938
0.190686
0.190427
0.19016
0.189889
0.189615
0.189338
0.18906
0.188779
0.188495
0.188204
0.187904
0.187592
0.187264
0.186915
0.186541
0.18614
0.185708
0.185243
0.184744
0.184213
0.183651
0.183063
0.182458
0.181844
0.181237
0.180655
0.18012
0.179661
0.179312
0.179112
0.179105
0.179337
0.17985
0.18068
0.181843
0.183329
0.185086
0.187016
0.188966
0.19074
0.192108
0.192842
0.192743
0.191679
0.189612
0.18661
0.182841
0.17855
0.174011
0.169534
0.16527
0.161766
0.157356
0.224913
0.223949
0.222973
0.221988
0.220993
0.219988
0.218975
0.217953
0.216923
0.215888
0.214848
0.213805
0.21276
0.211714
0.210671
0.20963
0.208595
0.207569
0.206552
0.205549
0.204561
0.203592
0.202645
0.201723
0.200828
0.199963
0.199131
0.198334
0.197573
0.196849
0.196164
0.195516
0.194907
0.194335
0.193797
0.193294
0.192822
0.192379
0.191963
0.19157
0.191199
0.190848
0.190514
0.190195
0.189889
0.189596
0.189313
0.189041
0.188777
0.18852
0.188269
0.188022
0.187777
0.187531
0.187282
0.187025
0.186758
0.186475
0.186172
0.185845
0.185489
0.1851
0.184673
0.184205
0.183694
0.183137
0.182534
0.181885
0.181192
0.180458
0.17969
0.178896
0.178086
0.177275
0.17648
0.175723
0.175028
0.174426
0.173947
0.173625
0.173487
0.173556
0.173837
0.174315
0.174944
0.175648
0.176316
0.176812
0.176991
0.17672
0.175898
0.174481
0.172491
0.170015
0.1672
0.164211
0.161258
0.158423
0.15611
0.153164
0.225898
0.225004
0.224101
0.223189
0.222268
0.221338
0.220399
0.219453
0.218499
0.217539
0.216573
0.215602
0.214628
0.213651
0.212673
0.211694
0.210717
0.209741
0.20877
0.207805
0.206846
0.205897
0.204959
0.204034
0.203125
0.202232
0.201359
0.200508
0.199679
0.198875
0.198097
0.197347
0.196624
0.195931
0.195267
0.194632
0.194026
0.193449
0.1929
0.192379
0.191883
0.191414
0.190969
0.190547
0.190147
0.189767
0.189407
0.189064
0.188736
0.188421
0.188118
0.187822
0.187531
0.187242
0.186951
0.186653
0.186344
0.186019
0.185674
0.185304
0.184904
0.184468
0.183994
0.183476
0.182913
0.1823
0.181636
0.180921
0.180154
0.179337
0.178473
0.177566
0.176623
0.175652
0.174665
0.173674
0.172697
0.171751
0.170858
0.170043
0.169326
0.168727
0.168259
0.167924
0.167705
0.167567
0.167456
0.167295
0.167001
0.16649
0.165694
0.164576
0.163137
0.16142
0.159508
0.157495
0.15552
0.153616
0.152088
0.150116
0.226451
0.225606
0.224754
0.223894
0.223027
0.222151
0.221268
0.220378
0.219481
0.218579
0.21767
0.216757
0.215839
0.214918
0.213995
0.213069
0.212143
0.211217
0.210292
0.209369
0.208449
0.207534
0.206625
0.205723
0.20483
0.203947
0.203076
0.202219
0.201377
0.200552
0.199745
0.198958
0.198191
0.197447
0.196726
0.196028
0.195356
0.194708
0.194086
0.193489
0.192917
0.192371
0.191849
0.191351
0.190876
0.190424
0.189992
0.18958
0.189185
0.188804
0.188437
0.188079
0.187728
0.187379
0.18703
0.186675
0.18631
0.185931
0.185533
0.18511
0.184659
0.184174
0.183651
0.183086
0.182475
0.181816
0.181105
0.180342
0.179525
0.178655
0.177732
0.17676
0.175742
0.174683
0.17359
0.172472
0.17134
0.170205
0.169083
0.16799
0.166942
0.165956
0.165045
0.164216
0.16347
0.162794
0.162165
0.161546
0.160892
0.160155
0.159296
0.158287
0.157123
0.155824
0.154437
0.153009
0.151636
0.150314
0.149279
0.147928
0.226736
0.225923
0.225104
0.224278
0.223447
0.222609
0.221764
0.220914
0.220058
0.219196
0.21833
0.217459
0.216584
0.215706
0.214824
0.213941
0.213056
0.21217
0.211284
0.210398
0.209514
0.208631
0.207752
0.206878
0.206008
0.205146
0.204291
0.203445
0.202609
0.201786
0.200975
0.200179
0.199399
0.198636
0.197891
0.197165
0.196459
0.195774
0.195111
0.19447
0.193852
0.193256
0.192682
0.192131
0.191602
0.191094
0.190606
0.190137
0.189684
0.189247
0.188822
0.188407
0.188
0.187595
0.187191
0.186782
0.186364
0.185934
0.185486
0.185015
0.184518
0.183989
0.183424
0.182819
0.18217
0.181474
0.180729
0.179932
0.179082
0.178178
0.177221
0.176212
0.175153
0.174048
0.172901
0.171718
0.170506
0.169274
0.168033
0.166793
0.165567
0.164369
0.163209
0.162099
0.161043
0.160042
0.159089
0.15817
0.157265
0.156351
0.155406
0.154414
0.153371
0.152286
0.151184
0.150089
0.149064
0.148087
0.147346
0.146365
0.226866
0.226072
0.225272
0.224468
0.223658
0.222844
0.222024
0.2212
0.220371
0.219537
0.218699
0.217857
0.217012
0.216164
0.215313
0.21446
0.213605
0.212749
0.211892
0.211035
0.210178
0.209323
0.20847
0.207619
0.206772
0.205929
0.205091
0.20426
0.203437
0.202622
0.201817
0.201024
0.200242
0.199474
0.19872
0.197982
0.19726
0.196556
0.19587
0.195203
0.194555
0.193927
0.19332
0.192732
0.192164
0.191615
0.191084
0.190571
0.190074
0.189591
0.189119
0.188658
0.188203
0.187752
0.187301
0.186846
0.186384
0.18591
0.18542
0.18491
0.184374
0.183809
0.18321
0.182573
0.181895
0.181172
0.180402
0.179582
0.17871
0.177786
0.176809
0.175781
0.174702
0.173574
0.172402
0.171189
0.169941
0.168664
0.167366
0.166056
0.164743
0.163437
0.162148
0.160887
0.159662
0.158477
0.157336
0.156235
0.155169
0.15413
0.153108
0.152097
0.151096
0.150108
0.14915
0.148229
0.147392
0.146604
0.146023
0.145246
0.226916
0.226131
0.225342
0.224549
0.223752
0.222951
0.222145
0.221336
0.220523
0.219706
0.218886
0.218063
0.217237
0.216408
0.215577
0.214744
0.213909
0.213074
0.212237
0.211401
0.210564
0.209728
0.208893
0.208061
0.20723
0.206403
0.20558
0.204762
0.20395
0.203145
0.202347
0.201559
0.20078
0.200012
0.199255
0.198512
0.197783
0.197068
0.196368
0.195686
0.195019
0.194371
0.193739
0.193126
0.19253
0.191952
0.19139
0.190843
0.190312
0.189793
0.189286
0.188787
0.188295
0.187806
0.187318
0.186827
0.186329
0.18582
0.185296
0.184753
0.184187
0.183594
0.182968
0.182307
0.181607
0.180864
0.180076
0.179241
0.178355
0.17742
0.176433
0.175395
0.174308
0.173172
0.171991
0.170768
0.169508
0.168215
0.166895
0.165556
0.164206
0.162852
0.161504
0.160171
0.158861
0.157582
0.156339
0.155137
0.153976
0.152858
0.15178
0.150743
0.149747
0.148795
0.147899
0.147059
0.146313
0.145616
0.145113
0.144427
0.226928
0.226147
0.225363
0.224575
0.223784
0.22299
0.222192
0.22139
0.220586
0.219779
0.218968
0.218155
0.21734
0.216523
0.215703
0.214882
0.21406
0.213237
0.212413
0.211589
0.210765
0.209942
0.209119
0.208298
0.207479
0.206663
0.20585
0.205042
0.204238
0.203439
0.202648
0.201863
0.201087
0.20032
0.199563
0.198817
0.198083
0.197362
0.196654
0.19596
0.195282
0.194618
0.19397
0.193338
0.192722
0.192122
0.191536
0.190965
0.190407
0.189861
0.189325
0.188798
0.188277
0.187759
0.187241
0.186721
0.186195
0.185658
0.185108
0.18454
0.18395
0.183334
0.182688
0.182009
0.181292
0.180535
0.179735
0.178889
0.177996
0.177054
0.176063
0.175022
0.173934
0.172798
0.171617
0.170395
0.169134
0.16784
0.166518
0.165173
0.163813
0.162444
0.161075
0.159713
0.158368
0.157046
0.155756
0.154503
0.153292
0.152129
0.151016
0.149955
0.148951
0.148006
0.14713
0.14632
0.145607
0.144944
0.144466
0.143804
0.226925
0.226145
0.225363
0.224577
0.223788
0.222996
0.222201
0.221404
0.220603
0.2198
0.218994
0.218187
0.217377
0.216565
0.215751
0.214937
0.214121
0.213304
0.212487
0.21167
0.210853
0.210036
0.20922
0.208406
0.207594
0.206783
0.205976
0.205173
0.204373
0.203579
0.20279
0.202008
0.201233
0.200466
0.199708
0.198959
0.198222
0.197495
0.196781
0.196079
0.195391
0.194716
0.194055
0.193409
0.192778
0.19216
0.191556
0.190966
0.190387
0.18982
0.189262
0.188712
0.188168
0.187627
0.187086
0.186543
0.185994
0.185436
0.184864
0.184276
0.183668
0.183035
0.182373
0.18168
0.180951
0.180184
0.179376
0.178523
0.177626
0.176681
0.175689
0.17465
0.173564
0.172432
0.171257
0.17004
0.168787
0.1675
0.166184
0.164845
0.163489
0.162122
0.160752
0.159385
0.158031
0.156696
0.155388
0.154114
0.152881
0.151696
0.150562
0.149485
0.14847
0.147519
0.146642
0.145834
0.145123
0.144461
0.14398
0.143301
0.226917
0.226137
0.225355
0.224569
0.223781
0.222989
0.222195
0.221399
0.220599
0.219798
0.218994
0.218188
0.21738
0.21657
0.215759
0.214947
0.214133
0.213319
0.212505
0.21169
0.210876
0.210062
0.209249
0.208437
0.207627
0.206819
0.206014
0.205212
0.204414
0.203621
0.202832
0.20205
0.201274
0.200505
0.199745
0.198993
0.198251
0.19752
0.196799
0.19609
0.195393
0.194709
0.194038
0.19338
0.192735
0.192104
0.191485
0.190879
0.190284
0.189699
0.189124
0.188555
0.187992
0.187432
0.186873
0.186311
0.185744
0.185168
0.18458
0.183976
0.183352
0.182706
0.182032
0.181328
0.18059
0.179816
0.179001
0.178145
0.177246
0.176301
0.175311
0.174274
0.173193
0.172068
0.1709
0.169693
0.16845
0.167173
0.165869
0.164541
0.163196
0.16184
0.160478
0.159118
0.157768
0.156435
0.155126
0.153848
0.152608
0.151414
0.15027
0.149182
0.148156
0.147195
0.146307
0.145487
0.144762
0.144083
0.143582
0.142862
0.226907
0.226127
0.225344
0.224558
0.223769
0.222978
0.222184
0.221387
0.220587
0.219786
0.218982
0.218176
0.217368
0.216558
0.215748
0.214935
0.214122
0.213308
0.212494
0.211679
0.210865
0.210051
0.209238
0.208426
0.207616
0.206808
0.206002
0.205199
0.2044
0.203605
0.202815
0.20203
0.201252
0.20048
0.199716
0.19896
0.198213
0.197476
0.196749
0.196032
0.195328
0.194635
0.193954
0.193285
0.192629
0.191986
0.191354
0.190734
0.190125
0.189526
0.188935
0.188351
0.187772
0.187196
0.186621
0.186043
0.185461
0.18487
0.184268
0.183651
0.183015
0.182357
0.181674
0.180961
0.180217
0.179437
0.178618
0.17776
0.17686
0.175916
0.174929
0.173897
0.172822
0.171704
0.170546
0.169349
0.168117
0.166853
0.165562
0.164248
0.162916
0.161573
0.160225
0.158878
0.157538
0.156213
0.154911
0.153637
0.152398
0.151202
0.150054
0.148959
0.147923
0.146949
0.146045
0.145206
0.144458
0.143753
0.143223
0.14245
0.226898
0.226117
0.225333
0.224547
0.223757
0.222965
0.22217
0.221373
0.220573
0.21977
0.218966
0.218159
0.21735
0.21654
0.215728
0.214915
0.214101
0.213286
0.21247
0.211655
0.210839
0.210023
0.209209
0.208395
0.207583
0.206772
0.205964
0.205159
0.204357
0.203559
0.202766
0.201978
0.201195
0.200419
0.19965
0.198889
0.198136
0.197393
0.196659
0.195935
0.195222
0.19452
0.19383
0.193152
0.192485
0.191831
0.191187
0.190555
0.189933
0.189321
0.188716
0.188119
0.187526
0.186936
0.186347
0.185756
0.18516
0.184557
0.183942
0.183314
0.182667
0.182
0.181308
0.180589
0.179838
0.179054
0.178233
0.177373
0.176473
0.175532
0.174548
0.173521
0.172452
0.171342
0.170193
0.169007
0.167786
0.166535
0.165257
0.163958
0.162641
0.161313
0.159979
0.158645
0.157318
0.156005
0.154712
0.153445
0.152211
0.151015
0.149865
0.148763
0.147718
0.146729
0.145807
0.144946
0.144169
0.143432
0.142869
0.142035
0.226888
0.226107
0.225323
0.224535
0.223745
0.222952
0.222157
0.221358
0.220557
0.219754
0.218948
0.218141
0.217331
0.216519
0.215706
0.214892
0.214076
0.213259
0.212442
0.211624
0.210806
0.209989
0.209172
0.208355
0.20754
0.206727
0.205916
0.205107
0.204302
0.2035
0.202702
0.201909
0.201122
0.200341
0.199566
0.198799
0.19804
0.19729
0.196549
0.195817
0.195096
0.194386
0.193687
0.192999
0.192322
0.191657
0.191002
0.190359
0.189725
0.1891
0.188483
0.187873
0.187268
0.186665
0.186063
0.18546
0.184852
0.184237
0.183612
0.182973
0.182317
0.181641
0.180942
0.180216
0.179461
0.178673
0.17785
0.176989
0.17609
0.17515
0.174169
0.173148
0.172085
0.170983
0.169843
0.168666
0.167457
0.166219
0.164954
0.163668
0.162365
0.161051
0.159731
0.158411
0.157097
0.155795
0.154511
0.153251
0.152021
0.150827
0.149674
0.148566
0.147509
0.146504
0.145561
0.144674
0.143866
0.143094
0.142494
0.141598
0.22688
0.226098
0.225313
0.224525
0.223734
0.22294
0.222143
0.221344
0.220542
0.219738
0.218931
0.218123
0.217312
0.216499
0.215684
0.214868
0.214051
0.213232
0.212413
0.211593
0.210772
0.209952
0.209132
0.208313
0.207495
0.206678
0.205863
0.205051
0.204241
0.203435
0.202633
0.201835
0.201043
0.200256
0.199476
0.198702
0.197937
0.197179
0.196431
0.195692
0.194962
0.194244
0.193535
0.192838
0.192151
0.191476
0.190811
0.190156
0.189511
0.188875
0.188246
0.187624
0.187007
0.186392
0.185779
0.185164
0.184545
0.183919
0.183283
0.182635
0.18197
0.181287
0.180581
0.179849
0.179089
0.178297
0.177472
0.17661
0.175711
0.174774
0.173796
0.172779
0.171722
0.170627
0.169494
0.168328
0.167129
0.165901
0.164648
0.163375
0.162085
0.160783
0.159476
0.158168
0.156865
0.155572
0.154296
0.153042
0.151815
0.15062
0.149462
0.148345
0.147274
0.146251
0.145284
0.144368
0.143526
0.142717
0.142079
0.14112
0.226872
0.226089
0.225303
0.224514
0.223723
0.222928
0.222131
0.221331
0.220528
0.219723
0.218915
0.218105
0.217293
0.216478
0.215662
0.214845
0.214025
0.213205
0.212383
0.211561
0.210738
0.209916
0.209093
0.208271
0.207449
0.206629
0.20581
0.204994
0.20418
0.20337
0.202563
0.20176
0.200963
0.20017
0.199384
0.198604
0.197832
0.197068
0.196312
0.195565
0.194828
0.194101
0.193383
0.192677
0.191981
0.191295
0.19062
0.189955
0.189299
0.188652
0.188012
0.187378
0.186749
0.186124
0.185499
0.184873
0.184243
0.183607
0.182961
0.182304
0.181631
0.180939
0.180227
0.179489
0.178724
0.177929
0.177101
0.176238
0.175339
0.174402
0.173427
0.172413
0.171361
0.170271
0.169146
0.167987
0.166797
0.165578
0.164336
0.163072
0.161793
0.160502
0.159205
0.157907
0.156612
0.155327
0.154056
0.152804
0.151576
0.150378
0.149212
0.148082
0.146994
0.14595
0.144956
0.144008
0.143131
0.142283
0.141607
0.140586
0.226864
0.226081
0.225294
0.224505
0.223712
0.222917
0.222119
0.221318
0.220514
0.219708
0.218899
0.218088
0.217274
0.216459
0.215641
0.214822
0.214001
0.213179
0.212355
0.211531
0.210706
0.20988
0.209055
0.20823
0.207405
0.206582
0.205759
0.204939
0.204121
0.203307
0.202495
0.201688
0.200885
0.200087
0.199295
0.198509
0.19773
0.196959
0.196196
0.195442
0.194697
0.193961
0.193236
0.19252
0.191815
0.19112
0.190434
0.189759
0.189093
0.188435
0.187784
0.187139
0.1865
0.185863
0.185227
0.18459
0.18395
0.183304
0.182649
0.181982
0.1813
0.180601
0.179881
0.179137
0.178367
0.177567
0.176736
0.175871
0.174971
0.174034
0.173059
0.172047
0.170998
0.169912
0.168792
0.167639
0.166455
0.165244
0.164008
0.162753
0.161482
0.160199
0.158909
0.157617
0.156327
0.155045
0.153776
0.152523
0.151291
0.150084
0.148906
0.14776
0.146652
0.145582
0.144558
0.143577
0.142662
0.141775
0.141061
0.139984
0.226856
0.226073
0.225286
0.224496
0.223703
0.222907
0.222108
0.221306
0.220501
0.219694
0.218884
0.218072
0.217257
0.21644
0.215621
0.214801
0.213978
0.213154
0.212328
0.211502
0.210675
0.209847
0.209019
0.208191
0.207363
0.206536
0.205711
0.204887
0.204065
0.203246
0.20243
0.201618
0.20081
0.200007
0.199209
0.198418
0.197633
0.196855
0.196085
0.195324
0.194571
0.193828
0.193094
0.192369
0.191655
0.190951
0.190256
0.189571
0.188894
0.188226
0.187565
0.186909
0.186259
0.185611
0.184965
0.184317
0.183666
0.18301
0.182345
0.181668
0.180978
0.18027
0.179542
0.178791
0.178015
0.177209
0.176373
0.175504
0.174601
0.173662
0.172686
0.171674
0.170625
0.169541
0.168423
0.167272
0.166092
0.164885
0.163654
0.162403
0.161136
0.159857
0.158571
0.157281
0.155993
0.15471
0.153437
0.152178
0.150937
0.149718
0.148524
0.147357
0.146224
0.145125
0.144069
0.143052
0.1421
0.141176
0.140426
0.139301
0.22685
0.226065
0.225278
0.224487
0.223693
0.222897
0.222097
0.221294
0.220489
0.219681
0.21887
0.218057
0.217241
0.216423
0.215602
0.21478
0.213956
0.21313
0.212303
0.211475
0.210645
0.209815
0.208984
0.208154
0.207323
0.206493
0.205665
0.204837
0.204012
0.203189
0.202369
0.201552
0.200739
0.199931
0.199128
0.198331
0.19754
0.196756
0.19598
0.195212
0.194452
0.193701
0.192959
0.192226
0.191503
0.19079
0.190086
0.189391
0.188704
0.188026
0.187354
0.186688
0.186027
0.185368
0.184711
0.184052
0.183391
0.182723
0.182047
0.181361
0.18066
0.179942
0.179205
0.178445
0.17766
0.176847
0.176004
0.175129
0.17422
0.173276
0.172296
0.17128
0.170229
0.169143
0.168023
0.166872
0.165691
0.164484
0.163254
0.162003
0.160736
0.159457
0.158169
0.156877
0.155585
0.154297
0.153016
0.151746
0.150491
0.149254
0.148039
0.146848
0.145686
0.144556
0.143466
0.142415
0.141427
0.14047
0.139688
0.138531
0.226843
0.226058
0.22527
0.224479
0.223685
0.222887
0.222087
0.221284
0.220477
0.219668
0.218857
0.218042
0.217225
0.216406
0.215585
0.214761
0.213935
0.213108
0.212279
0.211449
0.210617
0.209785
0.208952
0.208119
0.207286
0.206453
0.205621
0.204791
0.203962
0.203135
0.202311
0.20149
0.200673
0.19986
0.199052
0.19825
0.197453
0.196663
0.195881
0.195105
0.194338
0.19358
0.19283
0.19209
0.191358
0.190636
0.189923
0.189219
0.188522
0.187833
0.187151
0.186474
0.185802
0.185132
0.184462
0.183792
0.183118
0.182438
0.18175
0.181051
0.180338
0.179609
0.17886
0.178088
0.177292
0.176468
0.175615
0.174729
0.173811
0.172858
0.17187
0.170846
0.169788
0.168695
0.167569
0.166413
0.165227
0.164015
0.16278
0.161525
0.160254
0.158969
0.157675
0.156376
0.155074
0.153775
0.152481
0.151195
0.149921
0.148662
0.147421
0.146203
0.14501
0.143848
0.142725
0.141643
0.140625
0.139644
0.138841
0.137673
0.226837
0.226052
0.225264
0.224472
0.223677
0.222879
0.222078
0.221274
0.220467
0.219657
0.218844
0.218029
0.217211
0.216391
0.215568
0.214743
0.213916
0.213087
0.212257
0.211425
0.210591
0.209757
0.208922
0.208086
0.207251
0.206415
0.205581
0.204747
0.203915
0.203084
0.202257
0.201432
0.20061
0.199793
0.19898
0.198173
0.197371
0.196575
0.195786
0.195005
0.194231
0.193465
0.192708
0.191959
0.191219
0.190488
0.189765
0.189051
0.188344
0.187644
0.18695
0.186261
0.185576
0.184893
0.18421
0.183526
0.182838
0.182144
0.181441
0.180726
0.179998
0.179252
0.178488
0.1777
0.176888
0.176049
0.17518
0.174279
0.173346
0.172379
0.171377
0.17034
0.169269
0.168164
0.167027
0.165859
0.164664
0.163442
0.162197
0.160932
0.15965
0.158355
0.157049
0.155737
0.154421
0.153105
0.151792
0.150486
0.149189
0.147904
0.146636
0.145388
0.144167
0.142975
0.141825
0.14072
0.139685
0.138695
0.137888
0.136746
0.226832
0.226046
0.225257
0.224465
0.22367
0.222871
0.222069
0.221265
0.220457
0.219646
0.218833
0.218017
0.217198
0.216376
0.215553
0.214726
0.213898
0.213068
0.212236
0.211402
0.210567
0.209731
0.208894
0.208056
0.207218
0.20638
0.205543
0.204706
0.203871
0.203037
0.202206
0.201377
0.200551
0.199729
0.198912
0.198099
0.197292
0.19649
0.195695
0.194907
0.194126
0.193353
0.192587
0.19183
0.19108
0.190339
0.189606
0.18888
0.188161
0.187449
0.186741
0.186038
0.185338
0.184639
0.18394
0.183238
0.182531
0.181818
0.181095
0.18036
0.179611
0.178845
0.178058
0.177249
0.176415
0.175553
0.174662
0.17374
0.172785
0.171796
0.170774
0.169717
0.168627
0.167504
0.166349
0.165164
0.163952
0.162714
0.161453
0.160173
0.158875
0.157564
0.156241
0.154911
0.153576
0.15224
0.150904
0.149574
0.148252
0.146941
0.145646
0.144373
0.143128
0.141917
0.140754
0.139645
0.138616
0.137648
0.136865
0.135811
0.226828
0.226042
0.225252
0.224459
0.223663
0.222864
0.222062
0.221257
0.220448
0.219637
0.218823
0.218006
0.217186
0.216363
0.215539
0.214711
0.213882
0.21305
0.212217
0.211381
0.210545
0.209707
0.208867
0.208028
0.207187
0.206347
0.205507
0.204667
0.203828
0.202991
0.202156
0.201323
0.200493
0.199666
0.198844
0.198025
0.197212
0.196404
0.195602
0.194806
0.194016
0.193234
0.192459
0.191691
0.190931
0.190177
0.189431
0.188691
0.187957
0.187228
0.186503
0.185781
0.185061
0.184341
0.18362
0.182894
0.182163
0.181424
0.180674
0.179912
0.179134
0.178338
0.177522
0.176682
0.175817
0.174925
0.174004
0.173051
0.172067
0.171049
0.169999
0.168915
0.167798
0.166649
0.16547
0.164263
0.163028
0.161769
0.160487
0.159186
0.157868
0.156535
0.155192
0.15384
0.152482
0.151123
0.149764
0.14841
0.147064
0.145732
0.144419
0.143132
0.141881
0.140674
0.139529
0.138452
0.137475
0.136586
0.135883
0.135042
0.226824
0.226038
0.225248
0.224455
0.223658
0.222859
0.222056
0.22125
0.220441
0.219629
0.218814
0.217996
0.217175
0.216352
0.215526
0.214697
0.213867
0.213033
0.212198
0.211361
0.210523
0.209683
0.208841
0.207999
0.207156
0.206312
0.205469
0.204626
0.203783
0.202942
0.202102
0.201264
0.200429
0.199596
0.198767
0.197941
0.19712
0.196303
0.195492
0.194686
0.193886
0.193091
0.192303
0.191521
0.190745
0.189975
0.18921
0.188451
0.187696
0.186944
0.186196
0.185448
0.1847
0.183951
0.183199
0.182441
0.181675
0.180901
0.180114
0.179314
0.178497
0.177661
0.176804
0.175924
0.175019
0.174086
0.173124
0.172132
0.171109
0.170055
0.168968
0.16785
0.1667
0.16552
0.164311
0.163074
0.161812
0.160527
0.15922
0.157894
0.156552
0.155196
0.15383
0.152455
0.151076
0.149695
0.148318
0.146948
0.145591
0.144254
0.142946
0.141677
0.14046
0.139309
0.138246
0.137283
0.136455
0.135767
0.13526
0.134904
0.226822
0.226035
0.225245
0.224451
0.223654
0.222854
0.22205
0.221244
0.220434
0.219621
0.218805
0.217986
0.217164
0.21634
0.215512
0.214682
0.213849
0.213014
0.212177
0.211338
0.210496
0.209653
0.208809
0.207963
0.207116
0.206268
0.20542
0.204571
0.203723
0.202876
0.202029
0.201183
0.20034
0.199498
0.198659
0.197822
0.196989
0.19616
0.195334
0.194513
0.193696
0.192884
0.192076
0.191273
0.190474
0.189679
0.188888
0.1881
0.187315
0.186531
0.185747
0.184962
0.184176
0.183385
0.18259
0.181787
0.180975
0.180152
0.179315
0.178464
0.177595
0.176708
0.175798
0.174866
0.173909
0.172925
0.171914
0.170874
0.169805
0.168705
0.167576
0.166417
0.165229
0.164012
0.162769
0.1615
0.160208
0.158894
0.15756
0.156209
0.154843
0.153466
0.15208
0.150689
0.149297
0.147909
0.146532
0.145173
0.14384
0.142545
0.141301
0.140126
0.13904
0.138066
0.137234
0.136573
0.136119
0.135926
0.135894
0.136693
0.226821
0.226034
0.225242
0.224448
0.22365
0.222849
0.222044
0.221236
0.220425
0.21961
0.218792
0.217971
0.217147
0.21632
0.21549
0.214657
0.213821
0.212982
0.212141
0.211297
0.21045
0.209602
0.208751
0.207899
0.207044
0.206189
0.205332
0.204474
0.203616
0.202757
0.201899
0.20104
0.200182
0.199325
0.198469
0.197615
0.196762
0.195912
0.195064
0.194218
0.193375
0.192534
0.191696
0.19086
0.190027
0.189195
0.188364
0.187534
0.186704
0.185873
0.185039
0.184203
0.183362
0.182515
0.18166
0.180797
0.179922
0.179036
0.178135
0.177219
0.176285
0.175332
0.174359
0.173364
0.172345
0.171302
0.170233
0.169138
0.168016
0.166867
0.165691
0.164488
0.163259
0.162004
0.160725
0.159424
0.158102
0.156761
0.155405
0.154035
0.152655
0.15127
0.149884
0.148503
0.147134
0.145785
0.144468
0.143195
0.141983
0.140853
0.139831
0.138948
0.138242
0.13776
0.137556
0.137693
0.138225
0.139315
0.140533
0.144229
0.226816
0.226027
0.225234
0.224438
0.223637
0.222833
0.222026
0.221214
0.220399
0.219581
0.218758
0.217932
0.217103
0.21627
0.215433
0.214593
0.213749
0.212902
0.212051
0.211198
0.210341
0.209481
0.208618
0.207752
0.206884
0.206013
0.205139
0.204264
0.203387
0.202507
0.201627
0.200745
0.199862
0.198978
0.198094
0.197209
0.196324
0.195439
0.194554
0.193669
0.192785
0.1919
0.191015
0.19013
0.189245
0.188358
0.18747
0.18658
0.185686
0.18479
0.183888
0.182981
0.182067
0.181145
0.180215
0.179274
0.178321
0.177356
0.176377
0.175383
0.174373
0.173345
0.172299
0.171234
0.170147
0.16904
0.16791
0.166757
0.165581
0.164381
0.163158
0.161912
0.160644
0.159355
0.158047
0.156722
0.155383
0.154035
0.15268
0.151324
0.149973
0.148635
0.14732
0.146039
0.144806
0.14364
0.142564
0.141607
0.140806
0.140207
0.13987
0.139868
0.14029
0.141245
0.142858
0.145264
0.148556
0.153067
0.157641
0.168077
0.226791
0.225996
0.225197
0.224394
0.223586
0.222774
0.221958
0.221138
0.220313
0.219483
0.218649
0.217811
0.216968
0.216121
0.215269
0.214413
0.213552
0.212687
0.211817
0.210942
0.210063
0.20918
0.208293
0.207401
0.206505
0.205605
0.204701
0.203793
0.202881
0.201966
0.201048
0.200126
0.199201
0.198272
0.197342
0.196408
0.195471
0.194532
0.193591
0.192647
0.1917
0.19075
0.189798
0.188843
0.187884
0.186921
0.185954
0.184982
0.184005
0.183022
0.182033
0.181036
0.180031
0.179018
0.177995
0.176963
0.175919
0.174864
0.173797
0.172718
0.171625
0.170517
0.169395
0.168257
0.167102
0.165931
0.164742
0.163535
0.16231
0.161068
0.159811
0.158538
0.157254
0.155962
0.154665
0.15337
0.152083
0.150812
0.149567
0.148361
0.147209
0.14613
0.145147
0.144289
0.143595
0.143114
0.142906
0.143052
0.14365
0.144826
0.146731
0.149544
0.153465
0.158702
0.165447
0.173841
0.183862
0.195763
0.207249
0.228266
0.22667
0.22586
0.225045
0.224224
0.223398
0.222566
0.221729
0.220887
0.220038
0.219184
0.218324
0.217459
0.216587
0.21571
0.214827
0.213937
0.213042
0.21214
0.211233
0.210319
0.209399
0.208473
0.207541
0.206603
0.205658
0.204708
0.203752
0.202789
0.201821
0.200848
0.199868
0.198883
0.197892
0.196896
0.195894
0.194887
0.193874
0.192857
0.191834
0.190805
0.189772
0.188733
0.187689
0.186639
0.185583
0.184522
0.183454
0.182381
0.181301
0.180214
0.179121
0.17802
0.176913
0.175799
0.174677
0.173548
0.172411
0.171266
0.170114
0.168954
0.167785
0.166609
0.165424
0.164232
0.163032
0.161825
0.160614
0.159399
0.158186
0.156978
0.15578
0.154601
0.15345
0.152338
0.151279
0.150289
0.14939
0.148605
0.147965
0.147507
0.147278
0.147334
0.147748
0.148609
0.15003
0.152147
0.155125
0.159157
0.164463
0.171277
0.179834
0.190335
0.202916
0.21759
0.234214
0.252435
0.271685
0.291521
0.309255
0.335002
0.22627
0.225424
0.224572
0.223713
0.222846
0.221973
0.221093
0.220205
0.219311
0.218409
0.217499
0.216582
0.215657
0.214725
0.213785
0.212837
0.211882
0.210918
0.209946
0.208967
0.207979
0.206984
0.20598
0.204968
0.203948
0.20292
0.201883
0.200839
0.199787
0.198726
0.197658
0.196582
0.195498
0.194406
0.193307
0.192201
0.191087
0.189967
0.188839
0.187705
0.186564
0.185418
0.184266
0.183108
0.181945
0.180778
0.179606
0.178431
0.177253
0.176072
0.17489
0.173707
0.172524
0.171342
0.170162
0.168986
0.167814
0.166648
0.165492
0.164346
0.163215
0.162103
0.161015
0.159957
0.158938
0.157968
0.157058
0.156224
0.155483
0.154856
0.154368
0.154048
0.15393
0.154054
0.154465
0.155217
0.156373
0.158008
0.160207
0.163075
0.166731
0.171314
0.176984
0.183917
0.192302
0.202328
0.214167
0.227952
0.24375
0.261523
0.281107
0.302185
0.324286
0.346795
0.369018
0.390182
0.409657
0.426775
0.440604
0.455779
0.225276
0.224368
0.223452
0.222528
0.221594
0.220652
0.219701
0.21874
0.217771
0.216793
0.215805
0.214808
0.213802
0.212786
0.211761
0.210726
0.209682
0.208628
0.207565
0.206492
0.205409
0.204318
0.203217
0.202107
0.200987
0.199859
0.198723
0.197578
0.196426
0.195266
0.194099
0.192926
0.191747
0.190564
0.189376
0.188186
0.186994
0.185801
0.184609
0.18342
0.182236
0.181058
0.17989
0.178733
0.17759
0.176466
0.175363
0.174285
0.173238
0.172226
0.171255
0.170331
0.169462
0.168657
0.167924
0.167274
0.16672
0.166276
0.165959
0.165787
0.165781
0.165966
0.166368
0.16702
0.167955
0.169212
0.170834
0.172868
0.175364
0.178381
0.181977
0.186218
0.191174
0.196919
0.203532
0.211093
0.219688
0.229404
0.240325
0.252532
0.266092
0.28105
0.297415
0.315148
0.334141
0.354206
0.375065
0.396354
0.417634
0.438422
0.458219
0.476558
0.493036
0.507332
0.519247
0.528607
0.53554
0.539614
0.542054
0.54027
0.224279
0.22333
0.222373
0.221408
0.220434
0.219452
0.218462
0.217465
0.21646
0.215448
0.214429
0.213404
0.212373
0.211337
0.210296
0.209252
0.208205
0.207155
0.206105
0.205056
0.204008
0.202963
0.201923
0.200889
0.199865
0.198852
0.197853
0.19687
0.195907
0.194968
0.194056
0.193176
0.192332
0.191531
0.190777
0.190079
0.189442
0.188875
0.188388
0.18799
0.187693
0.187509
0.187452
0.187536
0.18778
0.1882
0.188818
0.189655
0.190736
0.192086
0.193733
0.195708
0.198043
0.200771
0.203927
0.207549
0.211674
0.21634
0.221586
0.227451
0.233971
0.241183
0.24912
0.257812
0.267288
0.277567
0.288667
0.300595
0.31335
0.326923
0.34129
0.356414
0.372243
0.38871
0.405727
0.42319
0.440972
0.458929
0.476889
0.494661
0.512029
0.528753
0.544581
0.559253
0.572521
0.584168
0.594026
0.601991
0.608028
0.612162
0.614461
0.615025
0.613945
0.611322
0.607249
0.60177
0.595206
0.586966
0.579494
0.56469
0.246061
0.246108
0.246179
0.246277
0.246401
0.246553
0.246735
0.246948
0.247193
0.247474
0.247791
0.248147
0.248544
0.248986
0.249474
0.250013
0.250605
0.251255
0.251966
0.252742
0.25359
0.254513
0.255516
0.256608
0.257792
0.259077
0.26047
0.261979
0.263613
0.265381
0.267293
0.269361
0.271597
0.274013
0.276623
0.279444
0.282491
0.285784
0.289342
0.293186
0.297341
0.301831
0.306686
0.311935
0.317611
0.323749
0.330388
0.337569
0.345333
0.353727
0.362795
0.372586
0.383144
0.394515
0.406739
0.419849
0.433868
0.44881
0.464668
0.481417
0.499007
0.517359
0.536364
0.555881
0.575737
0.595727
0.615621
0.635169
0.65411
0.672181
0.689126
0.704705
0.718703
0.730935
0.741253
0.74954
0.755717
0.759743
0.761608
0.761345
0.759022
0.754751
0.748683
0.741003
0.731921
0.721659
0.710428
0.698418
0.68578
0.672632
0.659046
0.645091
0.63079
0.616232
0.601437
0.586535
0.571762
0.556533
0.543884
0.522635
0.546163
0.550957
0.555607
0.560104
0.564441
0.568614
0.572617
0.576444
0.58009
0.583551
0.58682
0.589893
0.592765
0.595431
0.597887
0.600128
0.60215
0.603946
0.605514
0.606847
0.607942
0.608793
0.609395
0.609742
0.60983
0.609653
0.609204
0.608478
0.607468
0.606167
0.604569
0.602666
0.600451
0.597916
0.595054
0.591858
0.588319
0.584431
0.580187
0.57558
0.570605
0.565257
0.559535
0.553436
0.546963
0.54012
0.532913
0.525355
0.517462
0.509254
0.50076
0.492013
0.483054
0.473932
0.464705
0.455437
0.446202
0.437081
0.42816
0.419531
0.41129
0.40353
0.396343
0.389815
0.384018
0.379015
0.37485
0.371545
0.369106
0.367513
0.366727
0.36669
0.367327
0.368546
0.370242
0.372297
0.374582
0.376954
0.379257
0.381328
0.382999
0.384111
0.384522
0.384128
0.382869
0.380738
0.377783
0.374095
0.369794
0.365013
0.35988
0.354501
0.34897
0.34333
0.337672
0.331941
0.326416
0.320608
0.316078
0.307965
0.0203114
0.030863
0.0372516
0.0389555
0.0379362
0.0353432
0.0328428
0.0374849
0.0590817
0.0874034
0.116288
0.144828
0.172787
0.200026
0.226473
0.252119
0.276997
0.30118
0.324775
0.347912
0.370736
0.393393
0.416022
0.438745
0.461661
0.484841
0.508329
0.532142
0.55627
0.580683
0.605329
0.630136
0.655015
0.679859
0.704551
0.728974
0.753017
0.776594
0.799663
0.822258
0.844442
0.865866
0.886467
0.906157
0.924841
0.942408
0.958744
0.973731
0.987257
0.999209
1.00948
1.01798
1.02461
1.02929
1.03196
1.03257
1.03107
1.02746
1.02174
1.01393
1.00408
0.992269
0.978614
0.963324
0.946904
0.930866
0.919548
0.910207
0.900185
0.889139
0.877139
0.864315
0.850804
0.836747
0.82228
0.807536
0.792635
0.777688
0.762792
0.748031
0.733471
0.719161
0.705136
0.691412
0.677988
0.664849
0.651965
0.639295
0.626788
0.614381
0.602021
0.589629
0.577169
0.564545
0.551783
0.538756
0.525662
0.512029
0.500256
0.479675
0.0441698
0.0740912
0.0855902
0.087491
0.0879438
0.0955986
0.11541
0.145585
0.181711
0.220019
0.259686
0.300723
0.343131
0.386828
0.431633
0.477273
0.523432
0.569814
0.616201
0.66248
0.708653
0.754818
0.801138
0.847815
0.895051
0.943032
0.991908
1.04178
1.09272
1.14471
1.19774
1.2517
1.30648
1.3619
1.41774
1.47376
1.52966
1.5851
1.6397
1.69297
1.74464
1.79512
1.84442
1.89235
1.93868
1.98317
2.02554
2.06552
2.10284
2.13724
2.16845
2.19622
2.22032
2.24052
2.25663
2.26849
2.27596
2.27894
2.27739
2.27129
2.2607
2.2457
2.22647
2.20323
2.17633
2.1463
2.11386
2.0791
2.04209
2.00311
1.96251
1.92069
1.87803
1.8349
1.79161
1.74846
1.7057
1.66353
1.62211
1.58152
1.54184
1.50306
1.46514
1.428
1.39152
1.35554
1.31988
1.28434
1.24874
1.21282
1.17646
1.13936
1.10156
1.06256
1.02297
0.981458
0.940419
0.895301
0.856741
0.787857
0.0636445
0.117214
0.131889
0.138041
0.146902
0.165823
0.196483
0.234951
0.277393
0.322637
0.370739
0.421677
0.475205
0.530911
0.588271
0.646717
0.705712
0.764819
0.823742
0.88235
0.940655
0.998789
1.05696
1.1154
1.17435
1.23404
1.29462
1.35622
1.4189
1.48267
1.54751
1.61332
1.67999
1.74738
1.81531
1.88359
1.95201
2.02036
2.08843
2.15601
2.22277
2.28838
2.35257
2.41499
2.47525
2.53297
2.58778
2.6393
2.68715
2.73097
2.77041
2.80515
2.83488
2.85933
2.87827
2.8915
2.89889
2.90035
2.89586
2.88546
2.86927
2.84746
2.8203
2.78811
2.75131
2.71042
2.66598
2.61845
2.56824
2.51581
2.46166
2.40628
2.35015
2.29369
2.23729
2.18129
2.12595
2.07149
2.01806
1.96573
1.91454
1.86446
1.81539
1.7672
1.71972
1.67273
1.626
1.57926
1.53225
1.4847
1.43638
1.387
1.3365
1.28445
1.23127
1.17596
1.12033
1.06088
1.00688
0.918233
0.0776366
0.151656
0.174616
0.186974
0.201404
0.224499
0.257396
0.297484
0.342377
0.391122
0.443357
0.498709
0.556736
0.616963
0.678908
0.742105
0.806133
0.870654
0.935435
1.00037
1.06545
1.1308
1.19659
1.26303
1.33035
1.39875
1.46842
1.53948
1.61201
1.68604
1.76154
1.83843
1.9166
1.99589
2.07611
2.15702
2.23837
2.31985
2.40113
2.48184
2.56152
2.63971
2.71601
2.78995
2.86106
2.92888
2.9929
3.05268
3.10773
3.15763
3.20196
3.24032
3.27238
3.29784
3.31646
3.32806
3.33253
3.32984
3.32003
3.30324
3.27968
3.24967
3.21358
3.17187
3.12507
3.07379
3.01865
2.96026
2.89923
2.83615
2.77161
2.70616
2.64033
2.57456
2.50926
2.44474
2.38124
2.31896
2.25798
2.19834
2.14002
2.08293
2.02692
1.9718
1.91733
1.86326
1.80929
1.75511
1.7004
1.64486
1.58822
1.53015
1.47056
1.40905
1.34593
1.28041
1.21402
1.14383
1.07866
0.975626
0.0864286
0.175423
0.206174
0.224695
0.243343
0.268188
0.301003
0.340667
0.385581
0.434652
0.487209
0.542785
0.601031
0.661659
0.7244
0.788976
0.855109
0.922534
0.991041
1.06049
1.13085
1.20214
1.27448
1.34804
1.42299
1.49951
1.57776
1.65786
1.73985
1.82377
1.90954
1.99709
2.08624
2.1768
2.2685
2.36103
2.45403
2.5471
2.63977
2.7315
2.82174
2.90995
2.99561
3.07819
3.15711
3.23181
3.30174
3.36634
3.42508
3.47746
3.52303
3.56137
3.59214
3.61504
3.62986
3.63649
3.63488
3.62509
3.60729
3.58174
3.54881
3.50895
3.4627
3.41067
3.35355
3.29207
3.22696
3.15897
3.08882
3.01719
2.94472
2.87199
2.7995
2.7277
2.65692
2.58744
2.51942
2.45296
2.38809
2.32476
2.26285
2.2022
2.14259
2.08376
2.02543
1.96726
1.90891
1.85004
1.79029
1.72932
1.66684
1.60251
1.5362
1.46758
1.39688
1.3235
1.24879
1.17028
1.09681
0.982653
0.0920748
0.187888
0.225178
0.249271
0.271816
0.298311
0.330901
0.369425
0.412874
0.460297
0.511062
0.564825
0.621428
0.6808
0.74287
0.807524
0.874594
0.94388
1.01519
1.08836
1.1633
1.23999
1.31846
1.3988
1.48113
1.56555
1.65215
1.74101
1.83213
1.92545
2.02088
2.11826
2.21735
2.31787
2.41947
2.52177
2.62429
2.72652
2.82787
2.92771
3.02539
3.12028
3.21176
3.29922
3.38201
3.45951
3.53111
3.5962
3.65424
3.7047
3.74713
3.78112
3.80637
3.82264
3.82979
3.82781
3.81676
3.79685
3.7684
3.73183
3.68768
3.63659
3.57928
3.51654
3.44919
3.37811
3.30414
3.22814
3.15089
3.07311
2.99545
2.91846
2.84259
2.7682
2.69553
2.62474
2.5559
2.48897
2.42386
2.36042
2.29841
2.23758
2.17761
2.11819
2.05894
1.99948
1.93944
1.87843
1.81607
1.75201
1.68592
1.6175
1.5466
1.47296
1.3968
1.31768
1.23688
1.15229
1.07305
0.950924
0.0953761
0.193367
0.234746
0.263142
0.289163
0.317507
0.350219
0.387603
0.42916
0.47428
0.522573
0.573909
0.628342
0.685999
0.746986
0.811335
0.878994
0.949835
1.0237
1.10042
1.17985
1.26192
1.34656
1.43376
1.52353
1.61587
1.71077
1.80818
1.90801
2.01012
2.1143
2.22031
2.32781
2.43644
2.54574
2.65524
2.76437
2.87252
2.979
3.08313
3.18417
3.28144
3.37424
3.4619
3.54375
3.61914
3.68743
3.74803
3.8004
3.84404
3.87854
3.90357
3.91889
3.92436
3.91999
3.90587
3.88225
3.84949
3.8081
3.7587
3.70202
3.63889
3.57022
3.49696
3.42008
3.34059
3.25942
3.17749
3.09559
3.01446
2.93468
2.85673
2.78095
2.70758
2.63671
2.56835
2.50239
2.43867
2.37694
2.31688
2.25816
2.2004
2.14321
2.08615
2.02881
1.97077
1.91158
1.85086
1.7882
1.72324
1.65569
1.58525
1.51182
1.43519
1.35562
1.27286
1.18817
1.09979
1.01718
0.890536
0.096085
0.19303
0.237371
0.26916
0.298219
0.328542
0.36187
0.398664
0.43878
0.48197
0.528144
0.577427
0.630088
0.686445
0.746776
0.811261
0.87996
0.952831
1.02975
1.11054
1.19502
1.28301
1.37433
1.46882
1.56633
1.6667
1.76976
1.87531
1.98311
2.0929
2.20434
2.31707
2.43067
2.54466
2.65852
2.77167
2.88349
2.99329
3.10038
3.20401
3.30343
3.39792
3.48678
3.5693
3.64483
3.71273
3.7724
3.82329
3.86491
3.89684
3.91875
3.93042
3.93173
3.9227
3.90346
3.87431
3.83566
3.78808
3.73227
3.66905
3.59936
3.52422
3.44469
3.3619
3.27694
3.19088
3.10474
3.01943
2.93574
2.85433
2.77569
2.70019
2.62802
2.55922
2.49373
2.43134
2.37179
2.31471
2.25967
2.20624
2.15391
2.1022
2.05061
1.99863
1.94578
1.89159
1.8356
1.77739
1.71656
1.65278
1.58577
1.51529
1.44127
1.36362
1.28267
1.19835
1.11196
1.02211
0.938467
0.810987
0.0958001
0.191029
0.236534
0.270595
0.302116
0.334444
0.368961
0.406096
0.44589
0.488366
0.533707
0.582281
0.63457
0.691077
0.752238
0.818367
0.889624
0.966024
1.04745
1.13369
1.22445
1.3194
1.41819
1.52046
1.62582
1.73392
1.84438
1.95682
2.07086
2.18607
2.30203
2.41827
2.53428
2.64953
2.76344
2.8754
2.98478
3.0909
3.19306
3.29055
3.38264
3.46863
3.54784
3.61961
3.68332
3.7384
3.7843
3.82057
3.84681
3.86271
3.86807
3.86279
3.84692
3.82064
3.78427
3.73827
3.68328
3.62006
3.54951
3.47264
3.39058
3.30451
3.21564
3.1252
3.03438
2.94429
2.85595
2.77024
2.68787
2.60941
2.53521
2.46546
2.40017
2.3392
2.28227
2.22899
2.17886
2.13134
2.08584
2.04173
1.99841
1.95524
1.91164
1.86703
1.82085
1.7726
1.72181
1.66805
1.61095
1.55018
1.48552
1.4168
1.34403
1.26723
1.18681
1.10295
1.017
0.927989
0.84555
0.721025
0.0943419
0.186621
0.233321
0.269446
0.303457
0.338312
0.375126
0.414252
0.45581
0.499999
0.547208
0.597993
0.652994
0.712839
0.778053
0.849
0.92585
1.00857
1.09696
1.19064
1.28914
1.39189
1.49831
1.60778
1.71972
1.83355
1.94873
2.06474
2.18111
2.29734
2.41292
2.52736
2.64015
2.75075
2.85862
2.96319
3.06388
3.16007
3.25112
3.33638
3.4152
3.48692
3.55095
3.60668
3.65359
3.69117
3.71898
3.73668
3.74398
3.74071
3.72681
3.70234
3.66751
3.62269
3.56837
3.50522
3.43406
3.35584
3.27165
3.18267
3.09017
2.99545
2.89983
2.80459
2.71094
2.61999
2.5327
2.44985
2.37206
2.29972
2.23303
2.17199
2.11641
2.06596
2.02014
1.97836
1.93995
1.90418
1.87028
1.83751
1.80509
1.77231
1.73847
1.70293
1.6651
1.62442
1.58042
1.53268
1.48084
1.42463
1.36388
1.29851
1.22861
1.15436
1.07628
0.994775
0.91129
0.825323
0.746204
0.628312
0.0931743
0.183186
0.230232
0.268657
0.306139
0.3454
0.387424
0.432483
0.480661
0.532152
0.587327
0.646696
0.710814
0.780182
0.855171
0.935958
1.02251
1.11458
1.21173
1.31337
1.41882
1.52732
1.63814
1.75056
1.86388
1.97753
2.09093
2.20358
2.31496
2.42465
2.5322
2.63719
2.73917
2.83771
2.93234
3.02257
3.10788
3.18776
3.26165
3.32898
3.38917
3.44168
3.48596
3.52151
3.54789
3.56468
3.57157
3.5683
3.55474
3.53084
3.49671
3.45256
3.39878
3.33589
3.26459
3.18571
3.10025
3.00931
2.91414
2.81604
2.71637
2.6165
2.51778
2.42148
2.32876
2.24064
2.15798
2.0814
2.01136
1.94806
1.89152
1.84156
1.79779
1.7597
1.72663
1.69782
1.67244
1.64962
1.62847
1.60809
1.58764
1.56627
1.54324
1.51782
1.48937
1.45733
1.42121
1.3806
1.33518
1.28473
1.22914
1.16844
1.10281
1.0326
0.958459
0.881046
0.801895
0.720999
0.647117
0.539147
0.0913277
0.179487
0.229416
0.273877
0.320683
0.372769
0.43086
0.494602
0.563203
0.635913
0.712215
0.79183
0.874666
0.960726
1.05001
1.14246
1.2379
1.33605
1.43655
1.53888
1.64248
1.74678
1.8513
1.95548
2.05883
2.16086
2.26121
2.35952
2.45547
2.54871
2.63893
2.72577
2.80889
2.8879
2.9624
3.03198
3.0962
3.15457
3.20662
3.25186
3.28977
3.31987
3.3417
3.35485
3.35893
3.35366
3.3388
3.31423
3.27994
3.23602
3.18272
3.12043
3.04967
2.97115
2.88571
2.79434
2.69818
2.59846
2.4965
2.39369
2.2914
2.19099
2.09377
2.00089
1.91341
1.83216
1.75781
1.6908
1.63135
1.57949
1.53504
1.49764
1.46678
1.44181
1.42196
1.40639
1.39416
1.38433
1.37593
1.36797
1.35953
1.34971
1.33766
1.32264
1.30395
1.28101
1.25331
1.22047
1.18219
1.13831
1.0888
1.03377
0.973553
0.908624
0.839797
0.767977
0.694795
0.62072
0.553711
0.458239
0.0900581
0.184504
0.248753
0.320414
0.4068
0.507854
0.618819
0.733774
0.847924
0.958336
1.06378
1.16413
1.2599
1.35191
1.44102
1.52802
1.61352
1.69795
1.78175
1.86489
1.94731
2.0289
2.10947
2.1889
2.26702
2.34365
2.41853
2.49141
2.56201
2.63002
2.69514
2.75701
2.8153
2.86961
2.91956
2.96473
3.00468
3.03897
3.06714
3.08872
3.10327
3.11035
3.10957
3.10056
3.08305
3.05682
3.02175
2.97784
2.92519
2.86405
2.79478
2.71794
2.6342
2.54439
2.44951
2.35066
2.24906
2.14602
2.04289
1.94103
1.84177
1.74636
1.65593
1.57147
1.49378
1.42346
1.3609
1.30628
1.25961
1.22069
1.18921
1.16469
1.14655
1.13409
1.12656
1.12309
1.12278
1.12467
1.12776
1.13108
1.13363
1.13448
1.13273
1.12757
1.11829
1.10426
1.08497
1.06002
1.02916
0.992265
0.949386
0.900737
0.846754
0.78808
0.725673
0.660665
0.594779
0.528886
0.46998
0.388558
0.088249
0.249992
0.426505
0.637702
0.858828
1.06731
1.25032
1.40417
1.53088
1.63499
1.72172
1.79496
1.85814
1.91407
1.96497
2.01254
2.05802
2.10234
2.14594
2.18933
2.23278
2.27644
2.32028
2.36421
2.40806
2.45163
2.49465
2.5368
2.57773
2.61707
2.65442
2.68935
2.72144
2.75025
2.77532
2.79621
2.81245
2.82358
2.82915
2.82873
2.82188
2.80822
2.78741
2.75918
2.72331
2.67969
2.62832
2.5693
2.50286
2.42939
2.34939
2.26355
2.17268
2.07774
1.97979
1.88004
1.77973
1.68016
1.58263
1.48838
1.39858
1.31424
1.23623
1.16521
1.10164
1.04579
0.997729
0.95736
0.924457
0.898684
0.879621
0.866783
0.859626
0.85755
0.859894
0.865934
0.874873
0.885852
0.89795
0.91021
0.921657
0.931326
0.938293
0.941696
0.940762
0.934829
0.923355
0.905939
0.882333
0.852455
0.816409
0.774503
0.72728
0.675524
0.620329
0.563007
0.505338
0.448477
0.398359
0.331322
0.101376
0.812382
1.43585
1.85038
2.09332
2.22229
2.285
2.31326
2.32522
2.32988
2.33077
2.32966
2.32751
2.32508
2.32307
2.3221
2.32261
2.32488
2.32896
2.33484
2.34248
2.35178
2.36266
2.37497
2.38852
2.40304
2.41822
2.43369
2.44901
2.46374
2.47739
2.48947
2.4995
2.50697
2.51141
2.51231
2.50923
2.50169
2.48926
2.47153
2.44813
2.41873
2.38306
2.34095
2.29227
2.23704
2.17536
2.10747
2.03375
1.9547
1.87098
1.78339
1.69284
1.60039
1.50715
1.41432
1.3231
1.23469
1.15018
1.07059
0.996753
0.929327
0.868762
0.815297
0.768985
0.729711
0.697235
0.671233
0.651332
0.637143
0.628273
0.624341
0.624963
0.629741
0.638242
0.649969
0.664345
0.680699
0.69826
0.716172
0.733511
0.749323
0.762659
0.772609
0.778343
0.779137
0.774403
0.763706
0.746787
0.723579
0.694227
0.659106
0.618846
0.574343
0.526788
0.477613
0.428587
0.380997
0.339706
0.286209
)
;

boundaryField
{
    outlet
    {
        type            zeroGradient;
    }
    inlet
    {
        type            fixedValue;
        value           uniform 0.26;
    }
    lowerWall
    {
        type            kqRWallFunction;
        value           nonuniform List<scalar> 
148
(
0.288909
0.351398
0.415005
0.477466
0.53686
0.591557
0.64037
0.682627
0.718121
0.747025
0.769785
0.787016
0.79942
0.807714
0.81259
0.814682
0.814552
0.812687
0.8095
0.80533
0.80046
0.795114
0.789474
0.783679
0.777841
0.772042
0.766342
0.760797
0.755373
0.750392
0.744371
0.744445
0.716162
0.0203114
0.0441698
0.0636445
0.0776366
0.0864286
0.0920748
0.0953761
0.096085
0.0958001
0.0943419
0.0931743
0.0913277
0.0900581
0.088249
0.101376
0.0203114
0.030863
0.0372516
0.0389555
0.0379362
0.0353432
0.0328428
0.0374849
0.0590817
0.0874034
0.116288
0.144828
0.172787
0.200026
0.226473
0.252119
0.276997
0.30118
0.324775
0.347912
0.370736
0.393393
0.416022
0.438745
0.461661
0.484841
0.508329
0.532142
0.55627
0.580683
0.605329
0.630136
0.655015
0.679859
0.704551
0.728974
0.753017
0.776594
0.799663
0.822258
0.844442
0.865866
0.886467
0.906157
0.924841
0.942408
0.958744
0.973731
0.987257
0.999209
1.00948
1.01798
1.02461
1.02929
1.03196
1.03257
1.03107
1.02746
1.02174
1.01393
1.00408
0.992269
0.978614
0.963324
0.946904
0.930866
0.919548
0.910207
0.900185
0.889139
0.877139
0.864315
0.850804
0.836747
0.82228
0.807536
0.792635
0.777688
0.762792
0.748031
0.733471
0.719161
0.705136
0.691412
0.677988
0.664849
0.651965
0.639295
0.626788
0.614381
0.602021
0.589629
0.577169
0.564545
0.551783
0.538756
0.525662
0.512029
0.500256
0.479675
)
;
    }
    upperWall
    {
        type            kqRWallFunction;
        value           nonuniform List<scalar> 
133
(
0.266719
0.280569
0.294241
0.307622
0.320668
0.333362
0.345692
0.357649
0.369224
0.380413
0.391211
0.40162
0.411638
0.421271
0.430522
0.439397
0.447904
0.45605
0.463844
0.471296
0.478416
0.485213
0.4917
0.497885
0.503781
0.509398
0.514747
0.519839
0.524683
0.529291
0.533672
0.537836
0.541796
0.546163
0.550957
0.555607
0.560104
0.564441
0.568614
0.572617
0.576444
0.58009
0.583551
0.58682
0.589893
0.592765
0.595431
0.597887
0.600128
0.60215
0.603946
0.605514
0.606847
0.607942
0.608793
0.609395
0.609742
0.60983
0.609653
0.609204
0.608478
0.607468
0.606167
0.604569
0.602666
0.600451
0.597916
0.595054
0.591858
0.588319
0.584431
0.580187
0.57558
0.570605
0.565257
0.559535
0.553436
0.546963
0.54012
0.532913
0.525355
0.517462
0.509254
0.50076
0.492013
0.483054
0.473932
0.464705
0.455437
0.446202
0.437081
0.42816
0.419531
0.41129
0.40353
0.396343
0.389815
0.384018
0.379015
0.37485
0.371545
0.369106
0.367513
0.366727
0.36669
0.367327
0.368546
0.370242
0.372297
0.374582
0.376954
0.379257
0.381328
0.382999
0.384111
0.384522
0.384128
0.382869
0.380738
0.377783
0.374095
0.369794
0.365013
0.35988
0.354501
0.34897
0.34333
0.337672
0.331941
0.326416
0.320608
0.316078
0.307965
)
;
    }
    frontAndBack
    {
        type            empty;
    }
}


// ************************************************************************* //
