/*--------------------------------*- C++ -*----------------------------------*\
| =========                 |                                                 |
| \\      /  F ield         | OpenFOAM: The Open Source CFD Toolbox           |
|  \\    /   O peration     | Version:  2.1.1                                 |
|   \\  /    A nd           | Web:      www.OpenFOAM.org                      |
|    \\/     M anipulation  |                                                 |
\*---------------------------------------------------------------------------*/
FoamFile
{
    version     2.0;
    format      ascii;
    class       volScalarField;
    location    "0.175";
    object      k;
}
// * * * * * * * * * * * * * * * * * * * * * * * * * * * * * * * * * * * * * //

dimensions      [0 2 -2 0 0 0 0];

internalField   nonuniform List<scalar> 
6820
(
0.288909
0.351398
0.415005
0.477466
0.536859
0.591556
0.640368
0.682623
0.718114
0.747015
0.76977
0.786995
0.799392
0.807678
0.812544
0.814625
0.814483
0.812605
0.809403
0.805218
0.80033
0.794966
0.789305
0.783489
0.777628
0.771804
0.766077
0.760504
0.755049
0.750035
0.743973
0.744023
0.715613
0.265532
0.269396
0.270523
0.271341
0.272559
0.274216
0.276227
0.27848
0.280862
0.283288
0.285703
0.288076
0.290398
0.292673
0.294916
0.297146
0.299382
0.301643
0.303945
0.306301
0.30872
0.311208
0.31377
0.316406
0.319117
0.321903
0.324765
0.327711
0.330754
0.333954
0.337325
0.341371
0.345531
0.262038
0.264253
0.263596
0.261557
0.259
0.256318
0.253627
0.250938
0.24824
0.245524
0.242794
0.240061
0.237345
0.234668
0.232052
0.229518
0.227085
0.224769
0.222582
0.220533
0.218629
0.216873
0.215267
0.213812
0.212504
0.211341
0.210321
0.209439
0.208693
0.208084
0.2076
0.207271
0.207038
0.259885
0.260272
0.259797
0.258535
0.256829
0.254891
0.252833
0.250709
0.248547
0.246358
0.244152
0.241934
0.239713
0.237494
0.235286
0.233096
0.230931
0.228799
0.226706
0.224657
0.222659
0.220714
0.218827
0.216999
0.215234
0.213532
0.211893
0.210319
0.208807
0.207358
0.205969
0.204641
0.203364
0.259299
0.258404
0.2576
0.256567
0.255295
0.25385
0.252292
0.250662
0.248984
0.247277
0.245551
0.243815
0.242074
0.240335
0.238601
0.236877
0.235166
0.233472
0.231798
0.230148
0.228523
0.226926
0.22536
0.223825
0.222323
0.220855
0.219423
0.218026
0.216665
0.215341
0.214052
0.2128
0.211584
0.259224
0.257848
0.256623
0.255437
0.254227
0.25297
0.251663
0.250313
0.248929
0.247522
0.246101
0.24467
0.243237
0.241805
0.240377
0.238958
0.237549
0.236153
0.234771
0.233407
0.23206
0.230734
0.229428
0.228144
0.226883
0.225646
0.224433
0.223244
0.222081
0.220943
0.21983
0.218745
0.217687
0.259217
0.257715
0.256309
0.25498
0.253698
0.252442
0.251196
0.249951
0.248704
0.247455
0.246205
0.244955
0.24371
0.242469
0.241236
0.240013
0.2388
0.2376
0.236414
0.235242
0.234086
0.232947
0.231825
0.230721
0.229635
0.228569
0.227521
0.226494
0.225486
0.224499
0.223532
0.222587
0.221663
0.259218
0.25769
0.256225
0.254822
0.253477
0.252181
0.250924
0.249696
0.248492
0.247306
0.246137
0.244981
0.243839
0.24271
0.241595
0.240493
0.239405
0.238332
0.237273
0.23623
0.235203
0.234191
0.233196
0.232217
0.231256
0.230311
0.229383
0.228473
0.227581
0.226706
0.225849
0.22501
0.224189
0.259218
0.257686
0.256207
0.25478
0.253405
0.25208
0.250799
0.24956
0.248357
0.247185
0.246042
0.244925
0.24383
0.242757
0.241705
0.240671
0.239657
0.23866
0.237681
0.236719
0.235775
0.234848
0.233937
0.233044
0.232167
0.231307
0.230464
0.229637
0.228827
0.228033
0.227256
0.226495
0.225751
0.259218
0.257686
0.256203
0.254769
0.253384
0.252045
0.250751
0.2495
0.248288
0.247114
0.245974
0.244867
0.243788
0.242738
0.241713
0.240712
0.239735
0.238779
0.237845
0.236931
0.236036
0.235161
0.234304
0.233465
0.232644
0.23184
0.231052
0.230282
0.229528
0.228791
0.22807
0.227364
0.226675
0.259218
0.257686
0.256202
0.254767
0.253378
0.252035
0.250735
0.249477
0.248259
0.24708
0.245937
0.244829
0.243753
0.242709
0.241693
0.240705
0.239744
0.238807
0.237894
0.237004
0.236136
0.235289
0.234462
0.233655
0.232867
0.232097
0.231345
0.23061
0.229893
0.229192
0.228507
0.227839
0.227186
0.259218
0.257685
0.256201
0.254766
0.253376
0.252031
0.250729
0.249469
0.248248
0.247066
0.24592
0.24481
0.243733
0.242688
0.241674
0.240689
0.239733
0.238803
0.237899
0.237019
0.236163
0.235329
0.234517
0.233726
0.232956
0.232204
0.231472
0.230758
0.230062
0.229383
0.228721
0.228075
0.227445
0.259218
0.257685
0.256201
0.254765
0.253375
0.25203
0.250727
0.249465
0.248243
0.247059
0.245912
0.2448
0.243722
0.242676
0.241661
0.240677
0.239721
0.238793
0.237891
0.237014
0.236163
0.235334
0.234529
0.233745
0.232983
0.23224
0.231518
0.230814
0.230129
0.229461
0.228811
0.228178
0.22756
0.259218
0.257685
0.256201
0.254764
0.253374
0.252028
0.250725
0.249463
0.248241
0.247056
0.245908
0.244795
0.243716
0.242669
0.241654
0.240669
0.239712
0.238784
0.237882
0.237007
0.236156
0.235329
0.234526
0.233744
0.232985
0.232246
0.231527
0.230828
0.230148
0.229486
0.228841
0.228214
0.227603
0.259218
0.257685
0.2562
0.254764
0.253374
0.252028
0.250724
0.249462
0.248239
0.247054
0.245905
0.244792
0.243712
0.242665
0.241649
0.240663
0.239706
0.238777
0.237875
0.237
0.236149
0.235322
0.234519
0.233738
0.23298
0.232242
0.231524
0.230827
0.230148
0.229488
0.228846
0.228221
0.227612
0.259218
0.257685
0.2562
0.254764
0.253373
0.252027
0.250723
0.249461
0.248237
0.247052
0.245903
0.244789
0.243709
0.242661
0.241645
0.240659
0.239702
0.238772
0.23787
0.236994
0.236143
0.235316
0.234512
0.233732
0.232973
0.232235
0.231518
0.23082
0.230142
0.229482
0.228841
0.228216
0.227609
0.259218
0.257685
0.2562
0.254763
0.253373
0.252026
0.250722
0.24946
0.248236
0.24705
0.245901
0.244787
0.243707
0.242659
0.241642
0.240655
0.239698
0.238768
0.237865
0.236989
0.236137
0.23531
0.234506
0.233725
0.232966
0.232228
0.231511
0.230813
0.230135
0.229475
0.228833
0.228209
0.227601
0.259218
0.257685
0.2562
0.254763
0.253372
0.252026
0.250722
0.249459
0.248235
0.247049
0.2459
0.244785
0.243704
0.242656
0.241639
0.240652
0.239694
0.238764
0.237861
0.236984
0.236133
0.235305
0.234501
0.23372
0.23296
0.232222
0.231504
0.230806
0.230127
0.229467
0.228825
0.2282
0.227592
0.259218
0.257684
0.2562
0.254763
0.253372
0.252025
0.250721
0.249458
0.248234
0.247048
0.245898
0.244783
0.243702
0.242654
0.241636
0.240649
0.239691
0.238761
0.237858
0.23698
0.236128
0.2353
0.234496
0.233714
0.232955
0.232216
0.231498
0.2308
0.23012
0.22946
0.228817
0.228192
0.227584
0.259218
0.257684
0.2562
0.254763
0.253371
0.252025
0.25072
0.249457
0.248233
0.247047
0.245897
0.244782
0.243701
0.242652
0.241634
0.240647
0.239688
0.238758
0.237854
0.236977
0.236124
0.235296
0.234492
0.23371
0.232949
0.23221
0.231492
0.230793
0.230114
0.229453
0.22881
0.228184
0.227576
0.259218
0.257684
0.256199
0.254762
0.253371
0.252024
0.25072
0.249456
0.248232
0.247046
0.245895
0.24478
0.243699
0.24265
0.241632
0.240644
0.239686
0.238755
0.237851
0.236973
0.236121
0.235292
0.234487
0.233705
0.232945
0.232205
0.231486
0.230787
0.230108
0.229446
0.228803
0.228177
0.227568
0.259218
0.257684
0.256199
0.254762
0.253371
0.252024
0.250719
0.249456
0.248231
0.247045
0.245894
0.244779
0.243697
0.242648
0.24163
0.240642
0.239683
0.238752
0.237848
0.23697
0.236117
0.235289
0.234483
0.233701
0.23294
0.2322
0.231481
0.230782
0.230102
0.22944
0.228796
0.22817
0.22756
0.259218
0.257684
0.256199
0.254762
0.253371
0.252024
0.250719
0.249455
0.248231
0.247044
0.245893
0.244778
0.243696
0.242647
0.241628
0.24064
0.239681
0.23875
0.237846
0.236967
0.236114
0.235285
0.23448
0.233697
0.232936
0.232196
0.231476
0.230777
0.230096
0.229434
0.22879
0.228163
0.227554
0.259218
0.257684
0.256199
0.254762
0.253371
0.252023
0.250719
0.249455
0.24823
0.247043
0.245893
0.244777
0.243695
0.242645
0.241627
0.240639
0.239679
0.238748
0.237843
0.236965
0.236111
0.235282
0.234476
0.233693
0.232932
0.232192
0.231472
0.230772
0.230091
0.229429
0.228784
0.228157
0.227547
0.259218
0.257684
0.256199
0.254762
0.25337
0.252023
0.250718
0.249454
0.24823
0.247043
0.245892
0.244776
0.243694
0.242644
0.241626
0.240637
0.239677
0.238746
0.237841
0.236962
0.236109
0.235279
0.234473
0.23369
0.232928
0.232188
0.231468
0.230768
0.230086
0.229424
0.228779
0.228152
0.227541
0.259218
0.257684
0.256199
0.254762
0.25337
0.252023
0.250718
0.249454
0.248229
0.247042
0.245891
0.244775
0.243693
0.242643
0.241624
0.240636
0.239676
0.238744
0.237839
0.23696
0.236106
0.235277
0.234471
0.233687
0.232925
0.232184
0.231464
0.230764
0.230082
0.229419
0.228774
0.228146
0.227536
0.259218
0.257684
0.256199
0.254762
0.25337
0.252023
0.250718
0.249454
0.248229
0.247042
0.245891
0.244775
0.243692
0.242642
0.241623
0.240634
0.239675
0.238743
0.237837
0.236958
0.236104
0.235274
0.234468
0.233684
0.232922
0.232181
0.231461
0.23076
0.230078
0.229415
0.22877
0.228142
0.22753
0.259218
0.257684
0.256199
0.254762
0.25337
0.252023
0.250718
0.249454
0.248229
0.247041
0.24589
0.244774
0.243692
0.242642
0.241623
0.240634
0.239674
0.238741
0.237836
0.236957
0.236103
0.235273
0.234466
0.233682
0.23292
0.232179
0.231458
0.230757
0.230075
0.229411
0.228766
0.228138
0.227526
0.259218
0.257684
0.256199
0.254762
0.25337
0.252023
0.250718
0.249453
0.248228
0.247041
0.24589
0.244774
0.243691
0.242641
0.241622
0.240633
0.239673
0.23874
0.237835
0.236955
0.236101
0.235271
0.234464
0.23368
0.232918
0.232176
0.231455
0.230754
0.230072
0.229408
0.228762
0.228134
0.227522
0.259218
0.257684
0.256199
0.254762
0.25337
0.252023
0.250718
0.249454
0.248229
0.247042
0.24589
0.244774
0.243692
0.242641
0.241622
0.240633
0.239673
0.23874
0.237835
0.236955
0.236101
0.235271
0.234464
0.233679
0.232917
0.232175
0.231454
0.230752
0.23007
0.229406
0.22876
0.228131
0.227519
0.259218
0.257684
0.256199
0.254762
0.25337
0.252023
0.250718
0.249453
0.248228
0.247041
0.24589
0.244774
0.243691
0.242641
0.241622
0.240633
0.239672
0.23874
0.237834
0.236955
0.2361
0.23527
0.234463
0.233679
0.232916
0.232174
0.231453
0.230751
0.230069
0.229405
0.228759
0.22813
0.227518
0.259218
0.257684
0.256199
0.254762
0.253371
0.252024
0.25072
0.249456
0.248231
0.247044
0.245894
0.244778
0.243695
0.242645
0.241626
0.240636
0.239676
0.238744
0.237838
0.236958
0.236104
0.235273
0.234466
0.233681
0.232918
0.232176
0.231455
0.230753
0.23007
0.229406
0.228759
0.22813
0.227517
0.259218
0.257685
0.2562
0.254764
0.253373
0.252026
0.250721
0.249457
0.248232
0.247046
0.245895
0.244779
0.243697
0.242647
0.241628
0.240639
0.239679
0.238747
0.237841
0.236962
0.236107
0.235276
0.234469
0.233684
0.232921
0.232179
0.231457
0.230754
0.230071
0.229406
0.228758
0.228128
0.227515
0.259218
0.257685
0.256201
0.254766
0.253378
0.252033
0.250731
0.249469
0.248246
0.24706
0.24591
0.244795
0.243713
0.242663
0.241644
0.240654
0.239694
0.23876
0.237854
0.236973
0.236117
0.235285
0.234476
0.233689
0.232924
0.232179
0.231455
0.230749
0.230063
0.229395
0.228744
0.228111
0.227493
0.259219
0.257689
0.25621
0.254777
0.25339
0.252045
0.250743
0.249482
0.248259
0.247074
0.245924
0.244809
0.243726
0.242676
0.241655
0.240664
0.239701
0.238765
0.237855
0.23697
0.236109
0.235271
0.234456
0.233663
0.23289
0.232138
0.231405
0.230691
0.229996
0.229318
0.228658
0.228014
0.227386
0.25922
0.257694
0.256221
0.254799
0.253423
0.252089
0.250795
0.249539
0.248318
0.247132
0.245978
0.244857
0.243767
0.242706
0.241674
0.24067
0.239691
0.238739
0.237811
0.236907
0.236027
0.235168
0.234331
0.233515
0.23272
0.231944
0.231187
0.230449
0.229729
0.229026
0.22834
0.22767
0.227017
0.259229
0.257738
0.256292
0.254882
0.253508
0.252172
0.250871
0.249603
0.248368
0.247162
0.245985
0.244837
0.243716
0.242621
0.241553
0.240509
0.23949
0.238496
0.237524
0.236576
0.235649
0.234745
0.233862
0.232999
0.232156
0.231333
0.230529
0.229743
0.228976
0.228226
0.227494
0.226778
0.226078
0.259265
0.257822
0.256453
0.255125
0.253805
0.252483
0.251164
0.249855
0.248562
0.247291
0.246046
0.244829
0.243641
0.242481
0.241351
0.24025
0.239175
0.238128
0.237107
0.236111
0.235139
0.23419
0.233264
0.23236
0.231477
0.230615
0.229773
0.228951
0.228148
0.227363
0.226596
0.225847
0.225115
0.259599
0.258632
0.257578
0.256541
0.255587
0.254713
0.253904
0.25315
0.252442
0.25178
0.251161
0.250585
0.250051
0.249559
0.249106
0.248692
0.248316
0.247974
0.247666
0.24739
0.247144
0.246927
0.246735
0.246569
0.246426
0.246305
0.246205
0.246123
0.24606
0.246013
0.245982
0.245966
0.245963
0.266719
0.280569
0.294241
0.307622
0.320668
0.333362
0.345693
0.357649
0.369225
0.380413
0.391212
0.401621
0.41164
0.421273
0.430525
0.439401
0.447909
0.456056
0.463852
0.471306
0.478427
0.485227
0.491716
0.497904
0.503803
0.509423
0.514776
0.519871
0.52472
0.529332
0.533718
0.537887
0.541853
0.843929
1.01372
1.18327
1.35364
1.52332
1.68417
1.82581
1.94054
2.02542
2.08241
2.11684
2.13533
2.14403
2.14757
2.14879
2.14911
2.14897
2.14844
2.1475
2.14625
2.14494
2.14386
2.14331
2.14348
2.14445
2.14616
2.14846
2.15112
2.15386
2.15636
2.1583
2.15933
2.15909
2.15722
2.15335
2.1471
2.1381
2.12599
2.1104
2.09101
2.06751
2.03962
2.00713
1.96987
1.92772
1.88066
1.82874
1.77211
1.71101
1.6458
1.57692
1.50493
1.43049
1.35433
1.27727
1.20016
1.12388
1.0493
0.97728
0.908573
0.843851
0.783657
0.72839
0.678294
0.633465
0.593857
0.559309
0.529571
0.504332
0.483256
0.465999
0.45224
0.441685
0.434084
0.42923
0.426957
0.42714
0.429687
0.434525
0.441591
0.45082
0.462124
0.475378
0.490404
0.506957
0.524711
0.543261
0.562117
0.58072
0.598453
0.614662
0.62868
0.639852
0.647548
0.651215
0.650328
0.644623
0.633254
0.61919
0.58478
0.354437
0.368153
0.38846
0.418352
0.460563
0.517485
0.590663
0.680016
0.783481
0.89708
1.01544
1.13263
1.24305
1.34229
1.42762
1.49817
1.55465
1.59882
1.63303
1.65961
1.68063
1.69766
1.71183
1.72383
1.73405
1.7427
1.74987
1.75559
1.75984
1.76258
1.76372
1.76313
1.76063
1.75602
1.74906
1.73951
1.7271
1.71158
1.69269
1.67021
1.64395
1.61375
1.57951
1.54118
1.49877
1.45237
1.40216
1.34841
1.29148
1.2318
1.16993
1.10648
1.04215
0.977681
0.913851
0.851435
0.791181
0.733776
0.679816
0.629782
0.584016
0.542713
0.505926
0.473577
0.445478
0.421361
0.400908
0.383782
0.369648
0.358194
0.349145
0.342267
0.337374
0.334324
0.333021
0.333406
0.335459
0.339184
0.344612
0.351784
0.360739
0.371504
0.384073
0.398386
0.414316
0.431647
0.450064
0.469148
0.488383
0.50717
0.524845
0.540711
0.554067
0.564237
0.570609
0.57262
0.56995
0.561788
0.55082
0.521365
0.206693
0.206485
0.206907
0.208364
0.211267
0.21616
0.223578
0.234362
0.249636
0.270595
0.298404
0.334027
0.378029
0.430387
0.490377
0.556567
0.626936
0.699099
0.770594
0.839179
0.903062
0.961033
1.01249
1.05734
1.09588
1.12864
1.15622
1.1792
1.19808
1.21324
1.22495
1.23338
1.2386
1.24063
1.23944
1.23499
1.2272
1.21601
1.20135
1.18317
1.16146
1.13623
1.10754
1.07548
1.04025
1.00205
0.961213
0.9181
0.873161
0.826909
0.779911
0.732772
0.686119
0.640573
0.596727
0.555115
0.516187
0.480291
0.447658
0.418393
0.39249
0.369838
0.350248
0.333478
0.319258
0.307312
0.297375
0.289205
0.282592
0.27736
0.273367
0.270507
0.268705
0.267919
0.268133
0.269362
0.271643
0.275038
0.279629
0.285512
0.292791
0.301569
0.31193
0.323924
0.337542
0.352698
0.369203
0.386752
0.404922
0.423172
0.440871
0.457318
0.471784
0.483546
0.491933
0.496336
0.496364
0.491231
0.48327
0.458983
0.201945
0.200428
0.199009
0.197691
0.196508
0.195524
0.194824
0.194527
0.194727
0.1956
0.197371
0.200321
0.204779
0.211122
0.219759
0.231115
0.245582
0.263477
0.284979
0.310075
0.338529
0.369874
0.403441
0.43841
0.473884
0.508959
0.542796
0.574671
0.603999
0.63035
0.653433
0.673075
0.689195
0.701771
0.710824
0.716395
0.718541
0.717332
0.712849
0.705191
0.69448
0.680867
0.664537
0.645716
0.62467
0.601711
0.577192
0.551504
0.525066
0.498315
0.47169
0.445616
0.420485
0.396642
0.374361
0.353847
0.335222
0.318529
0.303743
0.290784
0.279529
0.269829
0.261527
0.254465
0.248494
0.243481
0.239307
0.235875
0.233104
0.230932
0.229315
0.228225
0.22765
0.227595
0.228082
0.229147
0.230844
0.233245
0.236438
0.240529
0.245635
0.251883
0.259401
0.268301
0.278666
0.290524
0.303821
0.318399
0.333974
0.350132
0.36633
0.381925
0.396205
0.408432
0.417895
0.42394
0.426101
0.423613
0.418397
0.399252
0.210217
0.208698
0.207202
0.205722
0.20426
0.202826
0.201436
0.200114
0.198879
0.197756
0.196779
0.195991
0.195447
0.195209
0.195352
0.195958
0.197121
0.198943
0.201528
0.204985
0.209417
0.214913
0.22154
0.22933
0.238272
0.248297
0.259276
0.271021
0.283285
0.29578
0.308192
0.320198
0.331484
0.34176
0.350776
0.358322
0.364242
0.368427
0.37082
0.371412
0.370239
0.367381
0.362955
0.357114
0.350041
0.341943
0.333043
0.323575
0.313772
0.303858
0.294041
0.284502
0.27539
0.266821
0.258874
0.251594
0.244998
0.239078
0.233806
0.229143
0.225042
0.221452
0.218322
0.215603
0.213252
0.21123
0.209503
0.208045
0.206836
0.205862
0.205116
0.204601
0.204324
0.204303
0.204564
0.205142
0.206086
0.207455
0.209321
0.211772
0.214909
0.218848
0.223711
0.229626
0.23671
0.245056
0.254709
0.265638
0.277714
0.29068
0.304149
0.317603
0.330419
0.34191
0.351369
0.358128
0.361666
0.361238
0.358325
0.344016
0.216486
0.215126
0.213764
0.212404
0.211046
0.209692
0.208343
0.207004
0.205681
0.204382
0.203116
0.201894
0.20073
0.19964
0.198643
0.197761
0.197015
0.196431
0.196034
0.195851
0.195907
0.196228
0.196836
0.197753
0.198994
0.200566
0.202471
0.204697
0.207219
0.210001
0.212991
0.216124
0.219324
0.222505
0.225579
0.228453
0.231043
0.23327
0.23507
0.236391
0.237203
0.237492
0.237264
0.236544
0.23537
0.233796
0.231882
0.229698
0.227313
0.224796
0.222211
0.219616
0.217061
0.214585
0.212219
0.209985
0.207897
0.20596
0.204177
0.202544
0.201053
0.199695
0.198461
0.197341
0.196324
0.195401
0.194567
0.193814
0.193141
0.192547
0.192037
0.191615
0.191295
0.191091
0.191024
0.191123
0.191422
0.191965
0.192804
0.194004
0.195642
0.197804
0.200592
0.204114
0.208481
0.213799
0.220154
0.227588
0.236081
0.245519
0.255678
0.266204
0.276628
0.28638
0.294835
0.301362
0.30543
0.306338
0.305138
0.295051
0.220612
0.219418
0.218216
0.217007
0.215789
0.214565
0.213334
0.2121
0.210864
0.209631
0.208404
0.207188
0.205987
0.204807
0.203655
0.202539
0.201467
0.200449
0.199493
0.19861
0.19781
0.197102
0.196496
0.195999
0.19562
0.195362
0.195228
0.19522
0.195334
0.195564
0.195901
0.196332
0.19684
0.197406
0.198007
0.19862
0.199218
0.199778
0.200276
0.20069
0.201004
0.201203
0.201278
0.201227
0.201049
0.20075
0.200341
0.199832
0.19924
0.19858
0.197869
0.197122
0.196354
0.195579
0.194806
0.194046
0.193304
0.192584
0.191889
0.191219
0.190573
0.18995
0.189346
0.18876
0.188187
0.187627
0.187077
0.186536
0.186005
0.185487
0.184984
0.184502
0.184052
0.183642
0.183289
0.183012
0.182834
0.182784
0.1829
0.183226
0.183815
0.18473
0.186043
0.187838
0.190203
0.19323
0.197004
0.201593
0.207026
0.213279
0.220247
0.227729
0.235413
0.24289
0.249668
0.255219
0.259059
0.260565
0.260426
0.253701
0.223254
0.22219
0.221114
0.220027
0.218931
0.217826
0.216712
0.215592
0.214466
0.213335
0.212202
0.211068
0.209935
0.208807
0.207687
0.206577
0.205483
0.204408
0.203357
0.202334
0.201345
0.200395
0.199488
0.19863
0.197824
0.197075
0.196386
0.195759
0.195195
0.194694
0.194255
0.193875
0.19355
0.193276
0.193045
0.192851
0.192685
0.19254
0.192407
0.192279
0.192146
0.192004
0.191846
0.191668
0.191467
0.191241
0.19099
0.190716
0.19042
0.190104
0.189771
0.189425
0.189068
0.188703
0.188332
0.187956
0.187577
0.187194
0.186806
0.186412
0.186011
0.185601
0.185179
0.184742
0.18429
0.18382
0.183332
0.182823
0.182296
0.18175
0.181189
0.180617
0.180038
0.17946
0.178892
0.178348
0.177841
0.177393
0.177025
0.176769
0.17666
0.17674
0.177061
0.17768
0.178664
0.180082
0.182006
0.1845
0.187609
0.191347
0.195679
0.200505
0.205642
0.210826
0.215712
0.219902
0.223006
0.224514
0.224852
0.220526
0.224903
0.223936
0.222959
0.221972
0.220975
0.219968
0.218952
0.217927
0.216894
0.215855
0.21481
0.213761
0.21271
0.211656
0.210604
0.209553
0.208506
0.207466
0.206435
0.205415
0.20441
0.203421
0.202453
0.201508
0.200589
0.199699
0.198842
0.198018
0.197231
0.196481
0.19577
0.195098
0.194466
0.193871
0.193313
0.19279
0.1923
0.19184
0.191406
0.190996
0.190607
0.190236
0.189879
0.189535
0.1892
0.188873
0.188553
0.188237
0.187926
0.187617
0.187311
0.187006
0.186701
0.186397
0.18609
0.18578
0.185464
0.185142
0.184809
0.184464
0.184104
0.183725
0.183327
0.182904
0.182456
0.18198
0.181475
0.180939
0.180372
0.179775
0.179147
0.178491
0.177811
0.177109
0.176393
0.17567
0.174949
0.174242
0.173565
0.172936
0.172379
0.171922
0.171599
0.171449
0.17152
0.17186
0.172525
0.173567
0.175029
0.176941
0.179299
0.182061
0.18513
0.188347
0.19149
0.194287
0.196453
0.197601
0.197992
0.195184
0.225888
0.224993
0.224089
0.223176
0.222253
0.221321
0.22038
0.219431
0.218474
0.217511
0.216541
0.215565
0.214585
0.213602
0.212615
0.211628
0.21064
0.209653
0.208669
0.207689
0.206715
0.205749
0.204792
0.203846
0.202914
0.201998
0.201099
0.200221
0.199364
0.198531
0.197723
0.196941
0.196187
0.19546
0.194763
0.194094
0.193453
0.19284
0.192254
0.191695
0.19116
0.19065
0.190162
0.189695
0.189249
0.18882
0.188408
0.188012
0.18763
0.18726
0.1869
0.186549
0.186204
0.185864
0.185526
0.185187
0.184845
0.184496
0.184138
0.183767
0.183379
0.182973
0.182545
0.182091
0.181609
0.181097
0.180553
0.179974
0.179361
0.178711
0.178026
0.177305
0.176551
0.175765
0.17495
0.174112
0.173256
0.172388
0.17152
0.170662
0.169829
0.169039
0.168314
0.16768
0.167168
0.166814
0.166655
0.166733
0.167083
0.167735
0.168702
0.169972
0.171498
0.173191
0.174919
0.176505
0.177758
0.178401
0.17861
0.176639
0.226442
0.225597
0.224743
0.223882
0.223013
0.222136
0.221251
0.220359
0.21946
0.218554
0.217642
0.216724
0.215802
0.214875
0.213945
0.213012
0.212077
0.211141
0.210205
0.20927
0.208336
0.207406
0.20648
0.20556
0.204647
0.203743
0.202849
0.201967
0.201099
0.200245
0.199409
0.198591
0.197792
0.197013
0.196257
0.195522
0.194811
0.194123
0.193458
0.192818
0.192201
0.191607
0.191036
0.190487
0.18996
0.189454
0.188967
0.188498
0.188046
0.187609
0.187186
0.186774
0.186371
0.185975
0.185583
0.185193
0.1848
0.184403
0.183997
0.18358
0.183148
0.182697
0.182226
0.18173
0.181206
0.180653
0.180068
0.179448
0.178793
0.1781
0.17737
0.176602
0.175796
0.174954
0.174076
0.173167
0.172228
0.171264
0.170281
0.169287
0.16829
0.167301
0.166336
0.165409
0.164542
0.163757
0.163082
0.162545
0.162175
0.161996
0.162027
0.162269
0.162707
0.163294
0.163957
0.164588
0.165068
0.165203
0.165137
0.163549
0.226728
0.225914
0.225094
0.224268
0.223435
0.222595
0.221749
0.220897
0.220039
0.219175
0.218305
0.217431
0.216551
0.215668
0.214781
0.213891
0.212998
0.212104
0.211208
0.210312
0.209415
0.20852
0.207627
0.206736
0.205849
0.204968
0.204092
0.203225
0.202366
0.201517
0.200679
0.199855
0.199044
0.198249
0.19747
0.196708
0.195964
0.19524
0.194535
0.19385
0.193186
0.192543
0.19192
0.191318
0.190736
0.190174
0.189631
0.189106
0.188597
0.188105
0.187626
0.187159
0.186702
0.186252
0.185808
0.185365
0.184923
0.184476
0.184022
0.183559
0.183082
0.182588
0.182075
0.181539
0.180977
0.180387
0.179766
0.179111
0.178422
0.177696
0.176933
0.176131
0.175291
0.174412
0.173495
0.172541
0.171554
0.170534
0.169486
0.168414
0.167323
0.166222
0.165118
0.164022
0.162947
0.161908
0.160923
0.160012
0.159195
0.158492
0.15792
0.157488
0.157193
0.157017
0.156922
0.156847
0.156725
0.156421
0.156073
0.154599
0.226859
0.226064
0.225264
0.224458
0.223648
0.222832
0.222011
0.221185
0.220354
0.219518
0.218677
0.217832
0.216983
0.21613
0.215274
0.214416
0.213554
0.212691
0.211826
0.21096
0.210093
0.209226
0.20836
0.207495
0.206633
0.205773
0.204918
0.204068
0.203223
0.202386
0.201557
0.200737
0.199928
0.19913
0.198345
0.197574
0.196817
0.196076
0.19535
0.194642
0.193951
0.193278
0.192623
0.191986
0.191367
0.190766
0.190183
0.189616
0.189065
0.188529
0.188006
0.187494
0.186993
0.186498
0.18601
0.185523
0.185037
0.184549
0.184054
0.18355
0.183035
0.182504
0.181955
0.181385
0.180791
0.180171
0.17952
0.178839
0.178123
0.177373
0.176586
0.17576
0.174897
0.173994
0.173053
0.172075
0.171059
0.170008
0.168923
0.167809
0.166668
0.165505
0.164326
0.163137
0.161946
0.160765
0.159603
0.158475
0.157395
0.156378
0.155436
0.154581
0.153818
0.153141
0.152534
0.151966
0.151404
0.150754
0.15016
0.148662
0.22691
0.226124
0.225334
0.22454
0.223742
0.22294
0.222133
0.221322
0.220508
0.219689
0.218866
0.21804
0.217211
0.216378
0.215543
0.214705
0.213864
0.213022
0.212179
0.211334
0.210488
0.209642
0.208796
0.207951
0.207108
0.206266
0.205427
0.204592
0.203761
0.202936
0.202117
0.201305
0.200501
0.199706
0.198921
0.198148
0.197386
0.196637
0.195901
0.19518
0.194473
0.193782
0.193106
0.192447
0.191803
0.191176
0.190563
0.189967
0.189384
0.188815
0.188258
0.187712
0.187176
0.186646
0.186122
0.185601
0.18508
0.184557
0.184029
0.183493
0.182947
0.182386
0.181809
0.181212
0.180592
0.179947
0.179275
0.178572
0.177838
0.177069
0.176265
0.175424
0.174545
0.173628
0.172673
0.171679
0.170648
0.16958
0.168477
0.167342
0.166175
0.164981
0.163763
0.162526
0.161276
0.160019
0.158763
0.157516
0.156289
0.155093
0.153938
0.152833
0.151785
0.150797
0.149863
0.14897
0.148105
0.147203
0.146417
0.14484
0.226922
0.226141
0.225356
0.224567
0.223775
0.222979
0.22218
0.221378
0.220572
0.219762
0.21895
0.218134
0.217316
0.216495
0.215672
0.214847
0.214019
0.213191
0.21236
0.211529
0.210697
0.209865
0.209033
0.208201
0.20737
0.206541
0.205714
0.20489
0.204069
0.203253
0.202441
0.201636
0.200837
0.200046
0.199263
0.198489
0.197725
0.196972
0.196231
0.195502
0.194786
0.194083
0.193393
0.192718
0.192057
0.191411
0.190778
0.190159
0.189553
0.18896
0.188378
0.187806
0.187242
0.186686
0.186134
0.185586
0.185038
0.184488
0.183934
0.183372
0.182801
0.182217
0.181617
0.180999
0.18036
0.179697
0.179007
0.178289
0.17754
0.176759
0.175943
0.175091
0.174203
0.173277
0.172313
0.171312
0.170273
0.169197
0.168086
0.16694
0.165762
0.164554
0.163319
0.162061
0.160782
0.159488
0.158185
0.156878
0.155575
0.154284
0.153013
0.151769
0.150559
0.149388
0.148258
0.147163
0.146104
0.14503
0.144107
0.142441
0.22692
0.226139
0.225356
0.224569
0.22378
0.222987
0.222191
0.221392
0.22059
0.219785
0.218977
0.218167
0.217355
0.21654
0.215723
0.214904
0.214084
0.213262
0.212439
0.211616
0.210791
0.209967
0.209142
0.208318
0.207495
0.206673
0.205853
0.205036
0.204221
0.20341
0.202604
0.201802
0.201007
0.200218
0.199436
0.198662
0.197896
0.197141
0.196395
0.19566
0.194937
0.194225
0.193526
0.19284
0.192166
0.191505
0.190857
0.190222
0.189598
0.188986
0.188385
0.187792
0.187208
0.186631
0.186058
0.185488
0.184919
0.184348
0.183774
0.183192
0.182602
0.181999
0.181382
0.180748
0.180093
0.179416
0.178714
0.177984
0.177225
0.176434
0.17561
0.174751
0.173857
0.172926
0.171958
0.170953
0.16991
0.168832
0.167718
0.166569
0.165388
0.164175
0.162934
0.161667
0.160378
0.159069
0.157746
0.156412
0.155074
0.153737
0.152407
0.151092
0.149796
0.148526
0.147285
0.146073
0.144897
0.143715
0.142702
0.140959
0.226912
0.226132
0.225348
0.224562
0.223773
0.222981
0.222186
0.221388
0.220587
0.219784
0.218978
0.21817
0.21736
0.216547
0.215733
0.214917
0.2141
0.213281
0.212461
0.211641
0.21082
0.209999
0.209178
0.208357
0.207537
0.206719
0.205902
0.205088
0.204276
0.203467
0.202662
0.201862
0.201067
0.200278
0.199496
0.19872
0.197953
0.197194
0.196444
0.195704
0.194975
0.194256
0.193549
0.192853
0.192169
0.191497
0.190837
0.190188
0.189551
0.188924
0.188307
0.187699
0.187098
0.186504
0.185914
0.185327
0.184741
0.184154
0.183563
0.182965
0.18236
0.181743
0.181112
0.180465
0.179798
0.17911
0.178398
0.177659
0.176892
0.176095
0.175265
0.174402
0.173504
0.17257
0.1716
0.170593
0.169551
0.168472
0.167358
0.16621
0.165029
0.163817
0.162577
0.161309
0.160018
0.158706
0.157377
0.156034
0.154683
0.153327
0.151972
0.150624
0.149287
0.147967
0.146669
0.145394
0.144152
0.142907
0.141838
0.140039
0.226903
0.226122
0.225338
0.224552
0.223762
0.22297
0.222175
0.221377
0.220576
0.219773
0.218967
0.21816
0.21735
0.216538
0.215724
0.214908
0.214091
0.213273
0.212454
0.211635
0.210814
0.209994
0.209174
0.208354
0.207534
0.206716
0.2059
0.205085
0.204273
0.203465
0.202659
0.201858
0.201062
0.200271
0.199486
0.198708
0.197937
0.197174
0.19642
0.195675
0.194939
0.194214
0.193499
0.192795
0.192102
0.19142
0.190749
0.190089
0.18944
0.1888
0.188171
0.187549
0.186935
0.186327
0.185723
0.185122
0.184522
0.183921
0.183316
0.182706
0.182088
0.181459
0.180817
0.180159
0.179483
0.178787
0.178067
0.177321
0.176548
0.175746
0.174912
0.174045
0.173145
0.17221
0.171239
0.170233
0.169191
0.168113
0.167001
0.165855
0.164677
0.163469
0.162231
0.160967
0.159679
0.158369
0.157041
0.155699
0.154345
0.152985
0.151622
0.150262
0.148909
0.147567
0.146242
0.144937
0.143661
0.142381
0.14128
0.139442
0.226894
0.226112
0.225328
0.224541
0.223751
0.222958
0.222162
0.221364
0.220562
0.219759
0.218953
0.218144
0.217334
0.216521
0.215707
0.214891
0.214073
0.213254
0.212434
0.211614
0.210793
0.209971
0.20915
0.208329
0.207508
0.206689
0.205871
0.205055
0.204241
0.20343
0.202623
0.201819
0.20102
0.200226
0.199437
0.198655
0.19788
0.197112
0.196353
0.195602
0.19486
0.194127
0.193405
0.192693
0.191991
0.1913
0.19062
0.18995
0.18929
0.18864
0.187998
0.187365
0.186739
0.186119
0.185503
0.18489
0.184278
0.183665
0.183049
0.182427
0.181798
0.181159
0.180508
0.179841
0.179157
0.178453
0.177727
0.176976
0.176198
0.175391
0.174555
0.173686
0.172784
0.171848
0.170877
0.169871
0.16883
0.167755
0.166645
0.165502
0.164328
0.163123
0.16189
0.16063
0.159346
0.158042
0.156718
0.15538
0.15403
0.152672
0.15131
0.149948
0.148591
0.147243
0.145908
0.144589
0.143298
0.141999
0.140881
0.139016
0.226885
0.226103
0.225318
0.22453
0.22374
0.222946
0.222149
0.22135
0.220548
0.219744
0.218937
0.218127
0.217316
0.216502
0.215687
0.21487
0.214051
0.213231
0.212409
0.211587
0.210764
0.209941
0.209118
0.208295
0.207472
0.20665
0.20583
0.205011
0.204195
0.203381
0.20257
0.201763
0.20096
0.200162
0.199369
0.198582
0.197802
0.197028
0.196263
0.195505
0.194757
0.194017
0.193287
0.192567
0.191857
0.191158
0.190468
0.189789
0.189119
0.188458
0.187807
0.187163
0.186526
0.185894
0.185268
0.184644
0.184021
0.183397
0.182771
0.182139
0.181501
0.180853
0.180193
0.179518
0.178827
0.178116
0.177384
0.176628
0.175846
0.175036
0.174196
0.173325
0.172422
0.171485
0.170514
0.169509
0.168469
0.167396
0.166288
0.165149
0.163977
0.162776
0.161547
0.160293
0.159014
0.157715
0.156397
0.155064
0.153719
0.152366
0.151009
0.14965
0.148295
0.146946
0.145609
0.144285
0.142987
0.141679
0.140549
0.138664
0.226877
0.226094
0.225309
0.22452
0.223729
0.222934
0.222137
0.221337
0.220534
0.219729
0.218921
0.218111
0.217298
0.216483
0.215667
0.214848
0.214028
0.213206
0.212383
0.211559
0.210734
0.209909
0.209083
0.208258
0.207433
0.206608
0.205785
0.204963
0.204143
0.203325
0.202511
0.2017
0.200892
0.20009
0.199292
0.1985
0.197714
0.196935
0.196163
0.1954
0.194644
0.193897
0.19316
0.192432
0.191714
0.191005
0.190307
0.189618
0.188939
0.188269
0.187607
0.186953
0.186306
0.185664
0.185027
0.184393
0.18376
0.183126
0.18249
0.18185
0.181202
0.180545
0.179877
0.179196
0.178497
0.177781
0.177043
0.176282
0.175496
0.174682
0.173839
0.172966
0.172061
0.171123
0.170152
0.169147
0.168108
0.167035
0.165929
0.164792
0.163623
0.162425
0.1612
0.159949
0.158675
0.157381
0.156068
0.154741
0.153401
0.152053
0.1507
0.149346
0.147994
0.146647
0.145311
0.143985
0.142683
0.141368
0.140231
0.138327
0.226869
0.226086
0.2253
0.224511
0.223718
0.222923
0.222125
0.221324
0.220521
0.219715
0.218906
0.218094
0.217281
0.216465
0.215647
0.214827
0.214005
0.213182
0.212357
0.211531
0.210704
0.209877
0.209049
0.208221
0.207393
0.206565
0.205739
0.204914
0.20409
0.203269
0.202451
0.201635
0.200823
0.200016
0.199213
0.198416
0.197624
0.19684
0.196062
0.195291
0.194529
0.193775
0.19303
0.192295
0.191568
0.190852
0.190144
0.189447
0.188758
0.188079
0.187407
0.186744
0.186086
0.185435
0.184788
0.184144
0.183501
0.182858
0.182213
0.181563
0.180907
0.180242
0.179566
0.178877
0.178172
0.177449
0.176705
0.175939
0.175148
0.17433
0.173484
0.172608
0.1717
0.170761
0.169788
0.168782
0.167742
0.166669
0.165564
0.164427
0.16326
0.162064
0.160841
0.159593
0.158322
0.157031
0.155722
0.154399
0.153064
0.15172
0.150371
0.14902
0.14767
0.146325
0.144988
0.143661
0.142354
0.141033
0.139888
0.137964
0.226862
0.226078
0.225291
0.224502
0.223709
0.222913
0.222114
0.221313
0.220508
0.219701
0.218891
0.218079
0.217264
0.216447
0.215628
0.214806
0.213983
0.213158
0.212332
0.211504
0.210675
0.209846
0.209015
0.208185
0.207354
0.206524
0.205694
0.204866
0.204039
0.203214
0.202392
0.201572
0.200756
0.199944
0.199136
0.198333
0.197537
0.196746
0.195962
0.195185
0.194416
0.193655
0.192903
0.19216
0.191425
0.190701
0.189985
0.189279
0.188581
0.187892
0.187212
0.186539
0.185872
0.185211
0.184554
0.183901
0.183248
0.182596
0.181941
0.181282
0.180617
0.179944
0.17926
0.178563
0.177851
0.177121
0.176371
0.175598
0.174802
0.173979
0.173128
0.172248
0.171336
0.170393
0.169417
0.168409
0.167367
0.166292
0.165186
0.164048
0.16288
0.161684
0.160461
0.159214
0.157945
0.156655
0.155348
0.154027
0.152694
0.151352
0.150005
0.148655
0.147306
0.14596
0.144621
0.14329
0.141977
0.140647
0.139493
0.137545
0.226855
0.226071
0.225283
0.224493
0.2237
0.222903
0.222104
0.221301
0.220496
0.219688
0.218877
0.218064
0.217248
0.21643
0.21561
0.214787
0.213962
0.213136
0.212308
0.211478
0.210648
0.209816
0.208983
0.20815
0.207317
0.206484
0.205652
0.20482
0.20399
0.203161
0.202335
0.201512
0.200691
0.199874
0.199062
0.198254
0.197452
0.196656
0.195866
0.195083
0.194307
0.19354
0.19278
0.19203
0.191288
0.190555
0.189831
0.189116
0.18841
0.187713
0.187023
0.18634
0.185664
0.184994
0.184328
0.183664
0.183002
0.18234
0.181676
0.181008
0.180334
0.179651
0.178958
0.178253
0.177532
0.176794
0.176036
0.175257
0.174453
0.173623
0.172766
0.171879
0.170962
0.170013
0.169032
0.168018
0.166972
0.165893
0.164782
0.163641
0.16247
0.161272
0.160047
0.158798
0.157527
0.156237
0.154929
0.153607
0.152274
0.150931
0.149583
0.148232
0.14688
0.145531
0.144187
0.142849
0.141528
0.140185
0.139019
0.137044
0.226848
0.226064
0.225276
0.224485
0.223691
0.222894
0.222094
0.221291
0.220485
0.219676
0.218864
0.21805
0.217233
0.216414
0.215592
0.214769
0.213943
0.213115
0.212285
0.211454
0.210621
0.209788
0.208953
0.208118
0.207282
0.206447
0.205611
0.204777
0.203943
0.203111
0.202282
0.201454
0.20063
0.199809
0.198992
0.198179
0.197372
0.19657
0.195775
0.194986
0.194204
0.19343
0.192664
0.191906
0.191157
0.190416
0.189684
0.188961
0.188246
0.18754
0.186841
0.186149
0.185464
0.184784
0.184108
0.183434
0.182762
0.18209
0.181415
0.180737
0.180053
0.17936
0.178657
0.177941
0.17721
0.176462
0.175695
0.174905
0.174092
0.173253
0.172386
0.17149
0.170564
0.169606
0.168617
0.167595
0.16654
0.165454
0.164336
0.163189
0.162012
0.160807
0.159577
0.158324
0.157049
0.155754
0.154443
0.153118
0.151781
0.150435
0.149083
0.147727
0.146369
0.145013
0.143661
0.142312
0.140979
0.139622
0.138441
0.136436
0.226842
0.226057
0.225269
0.224478
0.223683
0.222885
0.222085
0.221281
0.220474
0.219665
0.218852
0.218037
0.217219
0.216399
0.215576
0.214751
0.213924
0.213095
0.212264
0.211431
0.210597
0.209761
0.208924
0.208087
0.207249
0.206411
0.205573
0.204736
0.2039
0.203064
0.202231
0.2014
0.200572
0.199747
0.198925
0.198108
0.197296
0.196489
0.195688
0.194894
0.194106
0.193325
0.192553
0.191788
0.191031
0.190283
0.189543
0.188812
0.188089
0.187373
0.186665
0.185964
0.185269
0.184578
0.183891
0.183207
0.182524
0.18184
0.181154
0.180464
0.179767
0.179062
0.178346
0.177618
0.176874
0.176113
0.175332
0.174529
0.173703
0.17285
0.17197
0.171061
0.170122
0.169151
0.168149
0.167115
0.166048
0.164951
0.163822
0.162664
0.161477
0.160263
0.159025
0.157763
0.15648
0.155179
0.153861
0.152529
0.151185
0.149832
0.148473
0.147109
0.145742
0.144376
0.143012
0.14165
0.140301
0.138928
0.13773
0.135697
0.226837
0.226052
0.225263
0.224471
0.223676
0.222877
0.222076
0.221272
0.220464
0.219654
0.218841
0.218025
0.217206
0.216385
0.215561
0.214735
0.213907
0.213076
0.212244
0.211409
0.210573
0.209736
0.208898
0.208058
0.207218
0.206378
0.205538
0.204698
0.203858
0.20302
0.202184
0.201349
0.200517
0.199688
0.198863
0.198041
0.197224
0.196413
0.195606
0.194806
0.194012
0.193226
0.192446
0.191674
0.19091
0.190154
0.189406
0.188666
0.187934
0.187209
0.186491
0.185779
0.185072
0.18437
0.183671
0.182975
0.182278
0.181581
0.18088
0.180175
0.179463
0.178742
0.178009
0.177264
0.176503
0.175724
0.174925
0.174105
0.17326
0.172388
0.17149
0.170562
0.169605
0.168616
0.167596
0.166544
0.165461
0.164347
0.163203
0.16203
0.160829
0.159602
0.158351
0.157078
0.155784
0.154472
0.153144
0.151802
0.150449
0.149086
0.147716
0.14634
0.144962
0.143583
0.142205
0.140828
0.139463
0.138073
0.13686
0.134807
0.226832
0.226046
0.225257
0.224465
0.223669
0.22287
0.222068
0.221263
0.220455
0.219644
0.218831
0.218014
0.217194
0.216372
0.215547
0.21472
0.213891
0.213059
0.212225
0.211389
0.210552
0.209713
0.208873
0.208032
0.20719
0.206347
0.205504
0.204662
0.20382
0.202979
0.202139
0.201301
0.200466
0.199633
0.198803
0.197977
0.197156
0.196339
0.195527
0.194721
0.193921
0.193128
0.192341
0.191562
0.19079
0.190025
0.189268
0.188518
0.187775
0.187039
0.186309
0.185584
0.184864
0.184147
0.183433
0.18272
0.182007
0.181291
0.180572
0.179847
0.179114
0.178372
0.177618
0.176849
0.176065
0.175262
0.174438
0.173592
0.172722
0.171826
0.170902
0.169949
0.168967
0.167954
0.16691
0.165835
0.16473
0.163594
0.16243
0.161238
0.160019
0.158775
0.157508
0.15622
0.154912
0.153587
0.152246
0.150891
0.149525
0.14815
0.146767
0.145378
0.143986
0.142593
0.141201
0.139811
0.138434
0.137034
0.135811
0.133762
0.226828
0.226042
0.225252
0.22446
0.223663
0.222864
0.222062
0.221256
0.220448
0.219636
0.218821
0.218004
0.217184
0.216361
0.215535
0.214707
0.213876
0.213043
0.212208
0.211371
0.210532
0.209691
0.208849
0.208006
0.207162
0.206318
0.205472
0.204627
0.203783
0.202939
0.202096
0.201254
0.200415
0.199578
0.198743
0.197913
0.197086
0.196263
0.195445
0.194632
0.193825
0.193024
0.192228
0.19144
0.190658
0.189882
0.189113
0.188351
0.187595
0.186844
0.186098
0.185357
0.184619
0.183883
0.183148
0.182414
0.181677
0.180937
0.180192
0.17944
0.178679
0.177908
0.177123
0.176324
0.175507
0.174671
0.173815
0.172936
0.172032
0.171102
0.170145
0.16916
0.168145
0.167101
0.166028
0.164924
0.163791
0.16263
0.161441
0.160226
0.158986
0.157722
0.156436
0.15513
0.153805
0.152464
0.151108
0.149739
0.148359
0.14697
0.145574
0.144174
0.142771
0.141368
0.139968
0.138573
0.137195
0.135805
0.13459
0.1326
0.226825
0.226038
0.225249
0.224455
0.223659
0.222859
0.222056
0.22125
0.220441
0.219629
0.218813
0.217995
0.217174
0.21635
0.215523
0.214694
0.213862
0.213028
0.212192
0.211353
0.210512
0.20967
0.208826
0.207981
0.207134
0.206287
0.205439
0.204591
0.203742
0.202895
0.202047
0.201202
0.200357
0.199515
0.198675
0.197837
0.197003
0.196173
0.195347
0.194525
0.193708
0.192896
0.192089
0.191287
0.190492
0.189701
0.188916
0.188136
0.187361
0.186589
0.185822
0.185057
0.184293
0.183531
0.182767
0.182002
0.181233
0.180459
0.179679
0.17889
0.178091
0.177279
0.176453
0.175612
0.174753
0.173874
0.172975
0.172052
0.171106
0.170134
0.169136
0.168111
0.167058
0.165977
0.164867
0.16373
0.162566
0.161375
0.160158
0.158917
0.157652
0.156366
0.155059
0.153734
0.152392
0.151035
0.149664
0.148282
0.146891
0.145492
0.14409
0.142685
0.141282
0.139883
0.138496
0.137123
0.135777
0.134442
0.133278
0.131477
0.226823
0.226036
0.225246
0.224452
0.223655
0.222855
0.222051
0.221245
0.220435
0.219622
0.218806
0.217986
0.217164
0.216339
0.215511
0.21468
0.213847
0.213011
0.212172
0.211331
0.210488
0.209643
0.208796
0.207948
0.207097
0.206246
0.205394
0.204541
0.203687
0.202834
0.20198
0.201127
0.200275
0.199424
0.198575
0.197728
0.196883
0.196041
0.195202
0.194366
0.193534
0.192706
0.191881
0.19106
0.190243
0.18943
0.188621
0.187815
0.187011
0.18621
0.18541
0.184611
0.183811
0.18301
0.182206
0.181398
0.180585
0.179764
0.178935
0.178096
0.177245
0.176381
0.175502
0.174607
0.173693
0.172761
0.171808
0.170833
0.169835
0.168814
0.167767
0.166696
0.165599
0.164476
0.163328
0.162154
0.160955
0.159732
0.158486
0.157218
0.155929
0.154621
0.153295
0.151953
0.150597
0.149228
0.14785
0.146464
0.145074
0.143681
0.142292
0.140909
0.139538
0.138187
0.136863
0.135578
0.134347
0.133181
0.13217
0.130856
0.226822
0.226035
0.225244
0.22445
0.223652
0.22285
0.222046
0.221238
0.220426
0.219612
0.218794
0.217973
0.217148
0.216321
0.21549
0.214656
0.21382
0.21298
0.212137
0.211292
0.210444
0.209594
0.208741
0.207887
0.20703
0.206171
0.20531
0.204449
0.203586
0.202722
0.201857
0.200992
0.200126
0.199261
0.198397
0.197533
0.19667
0.195808
0.194948
0.194089
0.193232
0.192378
0.191525
0.190674
0.189825
0.188977
0.188131
0.187286
0.186441
0.185596
0.184749
0.183901
0.18305
0.182195
0.181334
0.180468
0.179594
0.178711
0.177819
0.176915
0.175998
0.175068
0.174123
0.173161
0.172183
0.171187
0.170171
0.169136
0.168081
0.167004
0.165905
0.164784
0.16364
0.162474
0.161286
0.160075
0.158843
0.15759
0.156317
0.155027
0.153719
0.152396
0.151061
0.149715
0.148361
0.147002
0.145641
0.144283
0.142933
0.141596
0.140279
0.138991
0.137743
0.136549
0.135427
0.134402
0.133493
0.132782
0.132184
0.132113
0.226818
0.226029
0.225236
0.22444
0.223639
0.222836
0.222028
0.221217
0.220402
0.219583
0.218761
0.217935
0.217105
0.216271
0.215434
0.214594
0.21375
0.212902
0.212051
0.211196
0.210338
0.209476
0.208612
0.207744
0.206873
0.206
0.205124
0.204245
0.203363
0.20248
0.201594
0.200707
0.199818
0.198927
0.198036
0.197143
0.196249
0.195355
0.19446
0.193564
0.192669
0.191772
0.190876
0.189979
0.189081
0.188182
0.187281
0.186379
0.185474
0.184567
0.183655
0.18274
0.181819
0.180891
0.179957
0.179015
0.178064
0.177103
0.176131
0.175148
0.174153
0.173145
0.172123
0.171088
0.170037
0.168971
0.167889
0.166791
0.165675
0.164542
0.163391
0.162222
0.161035
0.159829
0.158606
0.157366
0.15611
0.154839
0.153556
0.152263
0.150961
0.149656
0.148349
0.147047
0.145752
0.144472
0.143213
0.141984
0.140793
0.139655
0.138584
0.1376
0.136729
0.136003
0.135464
0.135175
0.13517
0.135702
0.136253
0.139466
0.226792
0.225998
0.225199
0.224396
0.223589
0.222777
0.221961
0.22114
0.220316
0.219486
0.218653
0.217815
0.216972
0.216124
0.215273
0.214416
0.213555
0.212689
0.211819
0.210944
0.210065
0.209181
0.208292
0.207399
0.206501
0.2056
0.204694
0.203783
0.202869
0.201951
0.201028
0.200102
0.199173
0.19824
0.197303
0.196364
0.195421
0.194475
0.193526
0.192574
0.191619
0.190661
0.1897
0.188736
0.187768
0.186796
0.185821
0.18484
0.183855
0.182865
0.181868
0.180865
0.179855
0.178838
0.177812
0.176779
0.175736
0.174684
0.173622
0.17255
0.171469
0.170377
0.169275
0.168162
0.167038
0.165903
0.164757
0.163599
0.16243
0.16125
0.160058
0.158856
0.157644
0.156423
0.155195
0.153964
0.152731
0.151501
0.150278
0.149068
0.147876
0.14671
0.145578
0.144489
0.143455
0.142489
0.141609
0.140833
0.140187
0.139704
0.139423
0.139396
0.139689
0.140387
0.141591
0.143453
0.146053
0.149973
0.153771
0.164941
0.226672
0.225863
0.225048
0.224227
0.223401
0.22257
0.221733
0.220891
0.220043
0.219189
0.21833
0.217464
0.216593
0.215716
0.214833
0.213944
0.213049
0.212148
0.21124
0.210326
0.209407
0.208481
0.207548
0.20661
0.205665
0.204714
0.203757
0.202794
0.201824
0.200849
0.199868
0.19888
0.197887
0.196888
0.195883
0.194873
0.193857
0.192835
0.191808
0.190775
0.189737
0.188693
0.187643
0.186588
0.185526
0.184459
0.183386
0.182306
0.18122
0.180128
0.179029
0.177923
0.176811
0.175692
0.174566
0.173434
0.172295
0.171151
0.17
0.168845
0.167684
0.166518
0.165349
0.164176
0.163001
0.161825
0.160648
0.159472
0.1583
0.157134
0.155978
0.154835
0.15371
0.15261
0.151542
0.150514
0.149536
0.148617
0.147771
0.147013
0.146356
0.145821
0.145429
0.145205
0.145179
0.145387
0.145873
0.14669
0.147905
0.149598
0.151866
0.154827
0.15862
0.163409
0.169371
0.176726
0.185556
0.196648
0.207283
0.231007
0.226273
0.225428
0.224576
0.223717
0.222851
0.221979
0.221099
0.220212
0.219318
0.218416
0.217507
0.216591
0.215667
0.214736
0.213796
0.212849
0.211895
0.210932
0.209961
0.208983
0.207996
0.207001
0.205999
0.204988
0.203968
0.202941
0.201905
0.200862
0.19981
0.19875
0.197682
0.196606
0.195522
0.19443
0.19333
0.192223
0.191109
0.189986
0.188857
0.187721
0.186578
0.185429
0.184273
0.183111
0.181944
0.180772
0.179595
0.178413
0.177229
0.176041
0.174851
0.173659
0.172467
0.171276
0.170087
0.168901
0.16772
0.166546
0.16538
0.164227
0.163088
0.161968
0.160871
0.159802
0.158768
0.157776
0.156834
0.155954
0.155147
0.154427
0.153808
0.153307
0.152944
0.152738
0.152712
0.15289
0.153297
0.153961
0.154913
0.156183
0.15781
0.15983
0.162289
0.165235
0.168727
0.172829
0.177615
0.18317
0.189586
0.196965
0.205413
0.215031
0.225912
0.238126
0.25171
0.266656
0.282804
0.300504
0.316752
0.345503
0.225281
0.224374
0.223458
0.222534
0.221601
0.22066
0.219709
0.21875
0.217781
0.216804
0.215817
0.214821
0.213816
0.212802
0.211778
0.210744
0.209702
0.208649
0.207588
0.206516
0.205436
0.204346
0.203246
0.202138
0.201021
0.199894
0.19876
0.197616
0.196465
0.195306
0.19414
0.192967
0.191788
0.190604
0.189415
0.188222
0.187026
0.185829
0.184632
0.183435
0.182242
0.181054
0.179872
0.178699
0.177539
0.176393
0.175265
0.174159
0.173079
0.172029
0.171016
0.170043
0.16912
0.168251
0.167447
0.166717
0.166071
0.165521
0.165082
0.164769
0.164598
0.16459
0.164766
0.165148
0.165762
0.166636
0.167796
0.169275
0.171102
0.17331
0.175929
0.17899
0.182522
0.186553
0.191106
0.196204
0.201862
0.208094
0.21491
0.222313
0.230307
0.23889
0.24806
0.257812
0.268143
0.279045
0.290509
0.302519
0.315051
0.328064
0.341502
0.355284
0.369306
0.38344
0.397538
0.411432
0.424942
0.438016
0.449346
0.46594
0.224281
0.223332
0.222375
0.221409
0.220435
0.219453
0.218463
0.217465
0.216459
0.215447
0.214427
0.213401
0.212369
0.211332
0.210289
0.209243
0.208193
0.207141
0.206088
0.205034
0.203981
0.20293
0.201883
0.200842
0.199808
0.198783
0.197771
0.196773
0.195792
0.194832
0.193896
0.192988
0.192112
0.191274
0.190478
0.18973
0.189038
0.188408
0.187848
0.187367
0.186976
0.186685
0.186506
0.186453
0.18654
0.186785
0.187205
0.187821
0.188652
0.189724
0.191062
0.192693
0.194646
0.196952
0.199644
0.202755
0.206319
0.21037
0.214943
0.220068
0.225775
0.232091
0.239035
0.246625
0.254866
0.263759
0.273292
0.283445
0.294184
0.305465
0.317229
0.329407
0.341915
0.354661
0.367542
0.38045
0.393274
0.405903
0.41823
0.430157
0.441598
0.452483
0.462756
0.472379
0.48133
0.489601
0.497194
0.50412
0.510391
0.516026
0.52104
0.525456
0.529284
0.532554
0.535252
0.537398
0.539003
0.539807
0.5404
0.539361
0.245978
0.246015
0.246075
0.24616
0.24627
0.246406
0.246571
0.246765
0.24699
0.247247
0.247539
0.247867
0.248234
0.248641
0.249093
0.24959
0.250138
0.250738
0.251396
0.252114
0.252897
0.253749
0.254677
0.255684
0.256778
0.257964
0.259249
0.260641
0.262147
0.263776
0.265538
0.267443
0.2695
0.271723
0.274124
0.276717
0.279517
0.28254
0.285805
0.289331
0.29314
0.297254
0.301699
0.306503
0.311695
0.317307
0.323375
0.329936
0.33703
0.344697
0.352982
0.36193
0.371585
0.38199
0.393188
0.405213
0.418092
0.431843
0.446467
0.461944
0.478232
0.495258
0.512917
0.531066
0.549524
0.568072
0.586458
0.604401
0.621605
0.637767
0.652598
0.665835
0.677258
0.686705
0.694076
0.699344
0.702547
0.703787
0.703215
0.701019
0.697408
0.692602
0.686812
0.680236
0.673051
0.665411
0.657446
0.649264
0.640949
0.632578
0.624192
0.615845
0.607513
0.599255
0.590928
0.582645
0.57419
0.56528
0.557644
0.543379
0.546227
0.55103
0.55569
0.560198
0.564549
0.568736
0.572755
0.5766
0.580266
0.583749
0.587044
0.590145
0.593049
0.59575
0.598246
0.60053
0.6026
0.60445
0.606078
0.607478
0.608646
0.609577
0.610269
0.610715
0.610911
0.610853
0.610535
0.609952
0.609098
0.607968
0.606556
0.604855
0.602859
0.600561
0.597954
0.595032
0.591787
0.588213
0.584302
0.580049
0.575447
0.570492
0.56518
0.559507
0.553474
0.54708
0.54033
0.53323
0.525792
0.51803
0.509964
0.50162
0.49303
0.484235
0.475281
0.466224
0.45713
0.44807
0.439127
0.430389
0.421949
0.413907
0.406357
0.399396
0.393106
0.387561
0.382813
0.378894
0.375807
0.373527
0.372
0.371146
0.370862
0.371028
0.371515
0.372196
0.372947
0.37366
0.374245
0.37463
0.374767
0.374625
0.374188
0.373449
0.372411
0.371075
0.369442
0.36751
0.365277
0.362739
0.359899
0.356763
0.35336
0.349694
0.345845
0.341743
0.337656
0.333015
0.329424
0.321847
0.0171365
0.0258858
0.0312146
0.0326828
0.0319441
0.0300107
0.028459
0.0329458
0.0501703
0.0726496
0.0959814
0.119437
0.142798
0.165929
0.188764
0.211286
0.233517
0.255511
0.277343
0.299107
0.320902
0.342828
0.364977
0.387427
0.410236
0.433442
0.457065
0.481102
0.50553
0.530308
0.555378
0.580661
0.606069
0.631498
0.656837
0.681968
0.706767
0.731115
0.754908
0.778095
0.800712
0.822836
0.844156
0.864594
0.884081
0.902527
0.919826
0.935871
0.950553
0.963766
0.975408
0.985383
0.993602
0.999986
1.00446
1.00698
1.00749
1.00596
1.00239
0.99677
0.989131
0.979514
0.967983
0.95463
0.939587
0.923095
0.905797
0.889671
0.878601
0.868578
0.857824
0.846159
0.833662
0.82045
0.806646
0.792371
0.777749
0.762897
0.747924
0.732935
0.718024
0.703275
0.688766
0.67456
0.660716
0.647278
0.634285
0.621764
0.609734
0.5982
0.587169
0.576617
0.566546
0.556893
0.547684
0.538792
0.530344
0.522057
0.514931
0.504467
0.0374798
0.0627373
0.0727981
0.0752106
0.0768189
0.0843709
0.101434
0.126516
0.156228
0.187796
0.220616
0.254701
0.290089
0.326783
0.364724
0.403791
0.443826
0.48467
0.526198
0.568343
0.611105
0.654541
0.69875
0.743851
0.789966
0.837202
0.885642
0.935333
0.986291
1.03849
1.09187
1.14633
1.20173
1.25791
1.31466
1.37175
1.42892
1.48586
1.54221
1.59754
1.6514
1.70352
1.75428
1.80373
1.85172
1.898
1.94235
1.9845
2.02419
2.06116
2.09515
2.12591
2.15322
2.17684
2.19659
2.21227
2.22374
2.23087
2.23358
2.23182
2.22557
2.21487
2.19979
2.18047
2.15709
2.1299
2.09926
2.06575
2.02999
1.99196
1.95174
1.90963
1.86597
1.82116
1.77555
1.72951
1.68338
1.63749
1.59211
1.54752
1.50393
1.46155
1.42051
1.38096
1.34296
1.30657
1.27181
1.23866
1.20707
1.17695
1.14822
1.12067
1.09428
1.06861
1.0439
1.0191
0.995477
0.970063
0.947991
0.910324
0.0540174
0.0997534
0.113169
0.119735
0.128681
0.145602
0.171566
0.203585
0.238843
0.276482
0.316589
0.359237
0.404349
0.451718
0.501034
0.551931
0.604038
0.657038
0.710703
0.764911
0.819643
0.874965
0.930995
0.987884
1.04578
1.10481
1.16507
1.22663
1.28949
1.35364
1.41901
1.48549
1.55296
1.62126
1.69021
1.75961
1.82927
1.89896
1.96847
2.03758
2.10606
2.17359
2.23985
2.30457
2.36742
2.42803
2.48602
2.54103
2.59269
2.64064
2.68453
2.72404
2.75884
2.78865
2.81321
2.83229
2.84571
2.85332
2.85503
2.8508
2.84064
2.82464
2.80293
2.77571
2.74325
2.70587
2.66401
2.61816
2.56884
2.51644
2.46137
2.40408
2.34508
2.28487
2.22394
2.16277
2.10179
2.04141
1.98198
1.92382
1.8672
1.81234
1.7594
1.7085
1.65972
1.61309
1.56859
1.52616
1.48572
1.44711
1.41019
1.37471
1.34054
1.30724
1.27484
1.24248
1.21083
1.17772
1.14661
1.09806
0.0658338
0.129358
0.149937
0.161827
0.175431
0.195827
0.223807
0.257444
0.295035
0.335935
0.379954
0.426904
0.476526
0.528511
0.582522
0.638223
0.695304
0.753514
0.812679
0.872717
0.933629
0.995491
1.05843
1.12259
1.18814
1.25522
1.32393
1.39436
1.46652
1.54042
1.61598
1.69313
1.77173
1.85161
1.93258
2.01441
2.09686
2.17965
2.26248
2.345
2.42683
2.50751
2.58659
2.66367
2.73832
2.81008
2.87848
2.94308
3.00343
3.05907
3.10959
3.15459
3.1937
3.22659
3.25296
3.27258
3.28525
3.29083
3.28927
3.28056
3.26478
3.24207
3.21266
3.17684
3.13498
3.08753
3.03498
2.97789
2.91687
2.85249
2.78534
2.71601
2.64511
2.57325
2.50099
2.42888
2.3574
2.28701
2.21808
2.15095
2.08589
2.0231
1.96274
1.9049
1.84962
1.79689
1.74665
1.6988
1.65318
1.6096
1.56786
1.52767
1.4888
1.45082
1.41361
1.37641
1.33953
1.30125
1.26421
1.2082
0.0735822
0.14978
0.17681
0.1937
0.2107
0.232608
0.260779
0.294426
0.332436
0.374074
0.418907
0.466636
0.517027
0.569874
0.624987
0.682168
0.741228
0.801996
0.864343
0.928196
0.993548
1.06045
1.12901
1.19936
1.27163
1.34595
1.42242
1.50112
1.58206
1.66521
1.75051
1.83782
1.92699
2.0178
2.11
2.2033
2.29736
2.39181
2.48623
2.58015
2.67303
2.7643
2.85346
2.93999
3.02337
3.10309
3.17859
3.24936
3.31488
3.37464
3.42818
3.47505
3.51487
3.54728
3.57201
3.58881
3.59753
3.59809
3.59048
3.57478
3.55116
3.51988
3.48126
3.43572
3.38376
3.32593
3.26285
3.19518
3.12364
3.04893
2.97174
2.89278
2.81273
2.73224
2.65193
2.57236
2.49403
2.41738
2.34279
2.27055
2.2009
2.13401
2.06999
2.00888
1.95066
1.89526
1.84257
1.79242
1.74462
1.69891
1.65504
1.61266
1.57149
1.53109
1.49123
1.45119
1.41111
1.36946
1.32864
1.26719
0.0787193
0.160445
0.192802
0.214118
0.234179
0.257454
0.285653
0.318704
0.355917
0.396643
0.440453
0.487116
0.536527
0.588645
0.643434
0.700836
0.760766
0.823123
0.887814
0.954775
1.02398
1.09546
1.16928
1.24552
1.32427
1.40563
1.48966
1.57637
1.66574
1.7577
1.85212
1.94881
2.04755
2.14805
2.24998
2.35295
2.45655
2.56029
2.66367
2.76607
2.86688
2.96544
3.06116
3.15344
3.2417
3.32533
3.40377
3.47644
3.54279
3.60229
3.65446
3.69887
3.73513
3.76293
3.78201
3.7922
3.79342
3.78568
3.76906
3.74375
3.71006
3.66836
3.61912
3.56289
3.50031
3.43207
3.3589
3.28159
3.20093
3.11771
3.03273
2.94674
2.86045
2.77454
2.6896
2.60618
2.52474
2.44568
2.36931
2.29587
2.22552
2.15836
2.09441
2.03364
1.97596
1.92125
1.8693
1.81989
1.77277
1.72763
1.68416
1.64198
1.60075
1.56001
1.51947
1.47844
1.43693
1.39356
1.35072
1.28557
0.0816969
0.165195
0.200752
0.225396
0.248125
0.27285
0.301248
0.333603
0.369583
0.40877
0.450903
0.495905
0.543835
0.594811
0.648946
0.706311
0.766923
0.830755
0.897754
0.967866
1.04105
1.1173
1.19661
1.27899
1.36447
1.45305
1.54468
1.63932
1.73684
1.83709
1.93984
2.04482
2.15172
2.26015
2.3697
2.4799
2.59024
2.70014
2.809
2.91614
3.02089
3.12253
3.22041
3.31387
3.40228
3.48503
3.56153
3.63118
3.69344
3.74782
3.79385
3.83114
3.85935
3.87824
3.88764
3.88747
3.87775
3.85861
3.83028
3.79308
3.74744
3.69391
3.6331
3.56571
3.49251
3.41432
3.33199
3.24638
3.15839
3.06886
2.97863
2.88844
2.79903
2.71102
2.62497
2.54136
2.46057
2.3829
2.30858
2.23773
2.17042
2.10665
2.04633
1.98935
1.93552
1.88464
1.83643
1.7906
1.74684
1.70478
1.66407
1.6243
1.58508
1.54593
1.50653
1.46621
1.42492
1.38132
1.33802
1.27086
0.082398
0.164847
0.20274
0.230005
0.255053
0.281287
0.310189
0.342181
0.377195
0.415078
0.455789
0.499446
0.546284
0.59658
0.650592
0.708515
0.77047
0.8365
0.906592
0.980692
1.05872
1.1406
1.22622
1.31548
1.40827
1.50443
1.6038
1.70618
1.81131
1.91892
2.02868
2.14021
2.2531
2.36687
2.48104
2.59507
2.70835
2.82028
2.9302
3.03742
3.14122
3.24091
3.33579
3.42519
3.5085
3.58509
3.6544
3.71588
3.76903
3.81339
3.84859
3.87428
3.89025
3.89633
3.89248
3.87873
3.85525
3.8223
3.78026
3.72962
3.67096
3.60496
3.53241
3.45414
3.37104
3.28404
3.19409
3.10212
3.00905
2.91577
2.8231
2.73177
2.64245
2.5557
2.472
2.39171
2.3151
2.24236
2.17358
2.10877
2.04785
1.99072
1.93718
1.887
1.83991
1.7956
1.75374
1.71396
1.67587
1.63909
1.6032
1.56777
1.53237
1.49653
1.45987
1.42178
1.38214
1.33969
1.29726
1.22971
0.0822591
0.163182
0.201846
0.230806
0.257705
0.28545
0.315271
0.347597
0.382519
0.4201
0.460515
0.504082
0.551208
0.602328
0.657833
0.718033
0.783125
0.853196
0.928227
1.00811
1.09267
1.18167
1.27484
1.37188
1.47248
1.57628
1.68294
1.79209
1.90333
2.01627
2.13047
2.24549
2.36083
2.47598
2.59039
2.70351
2.81472
2.92343
3.02899
3.13073
3.22798
3.32007
3.40634
3.48615
3.55891
3.62407
3.6811
3.72952
3.7689
3.79887
3.81915
3.82951
3.82984
3.82009
3.80036
3.77083
3.73181
3.68371
3.62707
3.56253
3.49083
3.41281
3.32936
3.24144
3.15004
3.05618
2.96086
2.86504
2.76965
2.67555
2.58351
2.4942
2.4082
2.32596
2.24783
2.17406
2.10477
2.04
1.97971
1.92377
1.87199
1.82412
1.77985
1.73885
1.70076
1.66518
1.63169
1.59989
1.56932
1.53954
1.51011
1.48056
1.45045
1.4193
1.38672
1.35211
1.31535
1.27522
1.2348
1.16837
0.0811107
0.159383
0.198945
0.229484
0.258307
0.288034
0.319732
0.353821
0.390498
0.429997
0.472681
0.519034
0.569602
0.62492
0.685444
0.7515
0.823257
0.900721
0.983737
1.07201
1.16515
1.26267
1.36405
1.46876
1.57625
1.686
1.79751
1.91029
2.02388
2.13784
2.25169
2.36497
2.47718
2.58784
2.69646
2.8025
2.90545
3.00474
3.09979
3.19003
3.27483
3.3536
3.42575
3.49071
3.54795
3.59698
3.63736
3.66867
3.6906
3.70288
3.70531
3.6978
3.68036
3.65309
3.61621
3.57006
3.51509
3.45187
3.38109
3.30352
3.22005
3.13162
3.03924
2.94396
2.84682
2.74889
2.65116
2.55459
2.46006
2.36837
2.28019
2.19609
2.11651
2.04177
1.97208
1.90753
1.8481
1.7937
1.74412
1.69913
1.6584
1.62157
1.58825
1.55801
1.53039
1.50494
1.48117
1.45861
1.43677
1.41517
1.39332
1.37074
1.34697
1.32153
1.29401
1.26386
1.23094
1.19408
1.15657
1.09259
0.0802668
0.156626
0.196299
0.228627
0.26025
0.293663
0.329931
0.36952
0.412684
0.459706
0.510956
0.566862
0.62785
0.694273
0.766354
0.844148
0.92753
1.0162
1.1097
1.20748
1.30887
1.4132
1.51979
1.62802
1.73728
1.84705
1.95686
2.06627
2.17486
2.28223
2.388
2.4918
2.59327
2.692
2.78758
2.87959
2.96758
3.05109
3.12961
3.20265
3.26968
3.33017
3.38362
3.42952
3.46742
3.49691
3.51762
3.52924
3.53154
3.52434
3.50758
3.48129
3.44558
3.40071
3.34703
3.28502
3.21527
3.13849
3.05548
2.96716
2.8745
2.77854
2.68034
2.581
2.48159
2.38312
2.28658
2.19285
2.10271
2.01683
1.93577
1.85993
1.7896
1.72494
1.66601
1.61274
1.56497
1.52248
1.48495
1.45204
1.42333
1.39838
1.37673
1.35788
1.34133
1.32656
1.31305
1.30026
1.28768
1.2748
1.26109
1.24606
1.22923
1.2101
1.18828
1.16323
1.13482
1.10192
1.06798
1.00759
0.0789367
0.153814
0.195777
0.23315
0.272859
0.317892
0.369422
0.427581
0.491892
0.561675
0.636271
0.715112
0.797752
0.883845
0.973086
1.06517
1.15976
1.25648
1.35492
1.45462
1.55508
1.65584
1.75647
1.85664
1.95594
2.05406
2.15068
2.24558
2.33852
2.42928
2.51761
2.60323
2.68586
2.7652
2.8409
2.91261
2.97994
3.04249
3.09983
3.1515
3.19705
3.23602
3.26796
3.29243
3.30906
3.31749
3.31743
3.30866
3.29103
3.26449
3.22907
3.1849
3.13225
3.07148
3.00307
2.92762
2.84586
2.7586
2.66676
2.57132
2.47332
2.37385
2.27399
2.17481
2.07734
1.98253
1.89125
1.80425
1.72216
1.6455
1.57462
1.50976
1.45103
1.39841
1.35181
1.31102
1.27578
1.24576
1.22057
1.19981
1.18302
1.16972
1.15942
1.15162
1.14576
1.14133
1.13776
1.1345
1.13102
1.12674
1.12115
1.11372
1.10394
1.09132
1.07545
1.05582
1.03229
1.0038
0.973848
0.917941
0.0783353
0.159256
0.213609
0.27571
0.35298
0.446617
0.552765
0.665666
0.780078
0.892355
1.00057
1.10395
1.20257
1.2969
1.38762
1.4754
1.56081
1.64431
1.72632
1.80701
1.8864
1.9645
2.04131
2.11674
2.1908
2.26345
2.33457
2.40402
2.47164
2.53723
2.60058
2.66141
2.71947
2.77443
2.82597
2.87373
2.91734
2.9564
2.9905
3.01923
3.04214
3.05884
3.0689
3.07196
3.06768
3.05578
3.03604
3.00832
2.97256
2.9288
2.87718
2.81795
2.75148
2.67824
2.59885
2.514
2.42451
2.33129
2.23531
2.13761
2.03924
1.94128
1.84476
1.75067
1.65993
1.57335
1.49162
1.41531
1.34483
1.28047
1.22238
1.17059
1.12503
1.08552
1.05184
1.02367
1.00069
0.982536
0.968806
0.959092
0.952963
0.949971
0.949647
0.951502
0.955024
0.959683
0.96493
0.970201
0.974927
0.978537
0.980467
0.980164
0.977106
0.970778
0.960752
0.946538
0.927981
0.904075
0.878321
0.827529
0.0772333
0.224455
0.384516
0.584634
0.80059
1.00855
1.19403
1.35187
1.48298
1.59125
1.68168
1.75795
1.82346
1.88102
1.93288
1.98073
2.02586
2.06921
2.11133
2.1527
2.19368
2.2345
2.27523
2.3159
2.35645
2.39679
2.43677
2.4762
2.51483
2.5524
2.58861
2.62312
2.6556
2.68567
2.71295
2.73706
2.75758
2.77411
2.78623
2.79352
2.79559
2.79204
2.78251
2.76668
2.74426
2.71504
2.67889
2.63574
2.58562
2.52868
2.46515
2.3954
2.31989
2.23922
2.15408
2.06526
1.97366
1.88021
1.78592
1.69182
1.59893
1.50822
1.42062
1.33696
1.25796
1.18422
1.11616
1.0541
0.998188
0.948463
0.904844
0.86716
0.835173
0.808599
0.787126
0.770427
0.75817
0.750024
0.745658
0.744738
0.74692
0.751843
0.759124
0.768345
0.779056
0.790767
0.802952
0.815057
0.826501
0.836691
0.845033
0.850939
0.85385
0.853228
0.848611
0.839516
0.825763
0.806406
0.784844
0.739548
0.0958965
0.781204
1.39322
1.80732
2.05442
2.18798
2.25414
2.28461
2.29793
2.30354
2.30525
2.30499
2.30372
2.30211
2.30079
2.30029
2.301
2.30315
2.30679
2.31193
2.31852
2.32652
2.33589
2.34655
2.35838
2.37121
2.38484
2.39897
2.41329
2.42745
2.44107
2.45376
2.4651
2.47468
2.48209
2.48691
2.48872
2.48711
2.48166
2.472
2.45774
2.43853
2.41408
2.38412
2.34844
2.30692
2.25951
2.20623
2.14724
2.08276
2.01316
1.93889
1.86052
1.77874
1.69432
1.6081
1.52101
1.43399
1.348
1.26399
1.18285
1.10539
1.03233
0.964229
0.901525
0.844495
0.793273
0.747853
0.708118
0.673858
0.6448
0.620635
0.601041
0.5857
0.574315
0.56661
0.56234
0.561281
0.563227
0.567979
0.57533
0.585056
0.596897
0.610552
0.625663
0.641812
0.658523
0.675262
0.691452
0.706479
0.719718
0.730538
0.738334
0.742526
0.742611
0.738092
0.728752
0.713701
0.696152
0.656494
)
;

boundaryField
{
    outlet
    {
        type            zeroGradient;
    }
    inlet
    {
        type            fixedValue;
        value           uniform 0.26;
    }
    lowerWall
    {
        type            kqRWallFunction;
        value           nonuniform List<scalar> 
148
(
0.288909
0.351398
0.415005
0.477466
0.536859
0.591556
0.640368
0.682623
0.718114
0.747015
0.76977
0.786995
0.799392
0.807678
0.812544
0.814625
0.814483
0.812605
0.809403
0.805218
0.80033
0.794966
0.789305
0.783489
0.777628
0.771804
0.766077
0.760504
0.755049
0.750035
0.743973
0.744023
0.715613
0.0171365
0.0374798
0.0540174
0.0658338
0.0735822
0.0787193
0.0816969
0.082398
0.0822591
0.0811107
0.0802668
0.0789367
0.0783353
0.0772333
0.0958965
0.0171365
0.0258858
0.0312146
0.0326828
0.0319441
0.0300107
0.028459
0.0329458
0.0501703
0.0726496
0.0959814
0.119437
0.142798
0.165929
0.188764
0.211286
0.233517
0.255511
0.277343
0.299107
0.320902
0.342828
0.364977
0.387427
0.410236
0.433442
0.457065
0.481102
0.50553
0.530308
0.555378
0.580661
0.606069
0.631498
0.656837
0.681968
0.706767
0.731115
0.754908
0.778095
0.800712
0.822836
0.844156
0.864594
0.884081
0.902527
0.919826
0.935871
0.950553
0.963766
0.975408
0.985383
0.993602
0.999986
1.00446
1.00698
1.00749
1.00596
1.00239
0.99677
0.989131
0.979514
0.967983
0.95463
0.939587
0.923095
0.905797
0.889671
0.878601
0.868578
0.857824
0.846159
0.833662
0.82045
0.806646
0.792371
0.777749
0.762897
0.747924
0.732935
0.718024
0.703275
0.688766
0.67456
0.660716
0.647278
0.634285
0.621764
0.609734
0.5982
0.587169
0.576617
0.566546
0.556893
0.547684
0.538792
0.530344
0.522057
0.514931
0.504467
)
;
    }
    upperWall
    {
        type            kqRWallFunction;
        value           nonuniform List<scalar> 
133
(
0.266719
0.280569
0.294241
0.307622
0.320668
0.333362
0.345693
0.357649
0.369225
0.380413
0.391212
0.401621
0.41164
0.421273
0.430525
0.439401
0.447909
0.456056
0.463852
0.471306
0.478427
0.485227
0.491716
0.497904
0.503803
0.509423
0.514776
0.519871
0.52472
0.529332
0.533718
0.537887
0.541853
0.546227
0.55103
0.55569
0.560198
0.564549
0.568736
0.572755
0.5766
0.580266
0.583749
0.587044
0.590145
0.593049
0.59575
0.598246
0.60053
0.6026
0.60445
0.606078
0.607478
0.608646
0.609577
0.610269
0.610715
0.610911
0.610853
0.610535
0.609952
0.609098
0.607968
0.606556
0.604855
0.602859
0.600561
0.597954
0.595032
0.591787
0.588213
0.584302
0.580049
0.575447
0.570492
0.56518
0.559507
0.553474
0.54708
0.54033
0.53323
0.525792
0.51803
0.509964
0.50162
0.49303
0.484235
0.475281
0.466224
0.45713
0.44807
0.439127
0.430389
0.421949
0.413907
0.406357
0.399396
0.393106
0.387561
0.382813
0.378894
0.375807
0.373527
0.372
0.371146
0.370862
0.371028
0.371515
0.372196
0.372947
0.37366
0.374245
0.37463
0.374767
0.374625
0.374188
0.373449
0.372411
0.371075
0.369442
0.36751
0.365277
0.362739
0.359899
0.356763
0.35336
0.349694
0.345845
0.341743
0.337656
0.333015
0.329424
0.321847
)
;
    }
    frontAndBack
    {
        type            empty;
    }
}


// ************************************************************************* //
