/*--------------------------------*- C++ -*----------------------------------*\
| =========                 |                                                 |
| \\      /  F ield         | OpenFOAM: The Open Source CFD Toolbox           |
|  \\    /   O peration     | Version:  2.1.1                                 |
|   \\  /    A nd           | Web:      www.OpenFOAM.org                      |
|    \\/     M anipulation  |                                                 |
\*---------------------------------------------------------------------------*/
FoamFile
{
    version     2.0;
    format      ascii;
    class       volScalarField;
    location    "0.175";
    object      p;
}
// * * * * * * * * * * * * * * * * * * * * * * * * * * * * * * * * * * * * * //

dimensions      [0 2 -2 0 0 0 0];

internalField   nonuniform List<scalar> 
6820
(
-10.1829
-12.0292
-12.6042
-12.732
-12.8391
-12.9183
-12.9727
-13.0191
-13.0616
-13.1005
-13.1367
-13.171
-13.2036
-13.2346
-13.2642
-13.2924
-13.3195
-13.3455
-13.3706
-13.3947
-13.4181
-13.4408
-13.4627
-13.484
-13.5046
-13.5243
-13.5429
-13.56
-13.5746
-13.5855
-13.5885
-13.5776
-13.5395
-14.1354
-13.6008
-13.1783
-12.9883
-12.9637
-12.9749
-12.9952
-13.0231
-13.0552
-13.0886
-13.122
-13.155
-13.1873
-13.2186
-13.2487
-13.2777
-13.3057
-13.3325
-13.3584
-13.3833
-13.4074
-13.4308
-13.4534
-13.4754
-13.4967
-13.5172
-13.5369
-13.5559
-13.5735
-13.5914
-13.608
-13.6452
-13.695
-12.4929
-12.1891
-12.4757
-12.7208
-12.8258
-12.9012
-12.9602
-13.0095
-13.0535
-13.0935
-13.1306
-13.1653
-13.198
-13.229
-13.2585
-13.2866
-13.3136
-13.3395
-13.3645
-13.3886
-13.4119
-13.4346
-13.4567
-13.4782
-13.4991
-13.5195
-13.5394
-13.5589
-13.5779
-13.5977
-13.6186
-13.6472
-13.6804
-12.9999
-13.0342
-13.0314
-12.9722
-12.9645
-12.985
-13.0113
-13.0402
-13.071
-13.1023
-13.1334
-13.164
-13.1939
-13.223
-13.2513
-13.2787
-13.3052
-13.3309
-13.3559
-13.3801
-13.4037
-13.4266
-13.449
-13.471
-13.4924
-13.5136
-13.5344
-13.5552
-13.5763
-13.5989
-13.6237
-13.6576
-13.6982
-12.8445
-12.7445
-12.7887
-12.8546
-12.9076
-12.9541
-12.9948
-13.0322
-13.068
-13.1023
-13.1352
-13.1669
-13.1973
-13.2266
-13.2549
-13.2821
-13.3084
-13.3337
-13.3583
-13.3822
-13.4055
-13.4281
-13.4503
-13.4721
-13.4936
-13.5148
-13.5359
-13.5573
-13.5794
-13.6031
-13.6294
-13.6617
-13.6989
-12.8995
-12.8829
-12.9081
-12.9311
-12.9535
-12.9828
-13.0143
-13.0459
-13.0776
-13.109
-13.1396
-13.1695
-13.1985
-13.2267
-13.2541
-13.2805
-13.3062
-13.3312
-13.3555
-13.3791
-13.4022
-13.4248
-13.447
-13.4689
-13.4905
-13.512
-13.5336
-13.5557
-13.5786
-13.6031
-13.63
-13.6612
-13.6961
-12.8977
-12.8766
-12.8925
-12.9213
-12.9513
-12.9842
-13.0171
-13.0491
-13.0806
-13.1116
-13.1418
-13.1711
-13.1997
-13.2275
-13.2544
-13.2806
-13.3059
-13.3306
-13.3546
-13.3781
-13.401
-13.4235
-13.4456
-13.4674
-13.4891
-13.5108
-13.5326
-13.555
-13.5782
-13.6029
-13.6295
-13.659
-13.6909
-12.9119
-12.9041
-12.9195
-12.944
-12.9692
-12.9974
-13.0269
-13.0566
-13.0863
-13.1159
-13.1448
-13.1732
-13.201
-13.228
-13.2543
-13.2799
-13.3048
-13.3291
-13.3528
-13.3759
-13.3987
-13.421
-13.443
-13.4648
-13.4865
-13.5082
-13.5302
-13.5526
-13.5759
-13.6003
-13.6263
-13.6542
-13.6836
-12.9248
-12.9209
-12.933
-12.9546
-12.9785
-13.0053
-13.0337
-13.0622
-13.0909
-13.1194
-13.1474
-13.175
-13.202
-13.2284
-13.2541
-13.2792
-13.3037
-13.3276
-13.351
-13.3739
-13.3964
-13.4185
-13.4404
-13.4621
-13.4837
-13.5054
-13.5273
-13.5497
-13.5727
-13.5967
-13.6218
-13.6481
-13.6753
-12.9383
-12.9377
-12.949
-12.9685
-12.9906
-13.0153
-13.0417
-13.0687
-13.0959
-13.1232
-13.1503
-13.1769
-13.2031
-13.2288
-13.2539
-13.2785
-13.3025
-13.326
-13.349
-13.3716
-13.3938
-13.4157
-13.4374
-13.4589
-13.4804
-13.5019
-13.5236
-13.5457
-13.5684
-13.5917
-13.6158
-13.6406
-13.6659
-12.9518
-12.9529
-12.9632
-12.9807
-13.0012
-13.0242
-13.0491
-13.0747
-13.1008
-13.1269
-13.153
-13.1788
-13.2042
-13.2292
-13.2537
-13.2777
-13.3012
-13.3243
-13.347
-13.3692
-13.3911
-13.4128
-13.4342
-13.4554
-13.4767
-13.4979
-13.5194
-13.5411
-13.5632
-13.5858
-13.6089
-13.6324
-13.656
-12.9651
-12.967
-12.9768
-12.9927
-13.0117
-13.0332
-13.0565
-13.0808
-13.1056
-13.1307
-13.1558
-13.1807
-13.2053
-13.2296
-13.2534
-13.2769
-13.2999
-13.3225
-13.3448
-13.3667
-13.3882
-13.4095
-13.4306
-13.4516
-13.4725
-13.4935
-13.5145
-13.5358
-13.5573
-13.5791
-13.6011
-13.6233
-13.6455
-12.9779
-12.9803
-12.9895
-13.0041
-13.0217
-13.0418
-13.0637
-13.0867
-13.1104
-13.1344
-13.1585
-13.1825
-13.2064
-13.2299
-13.2531
-13.276
-13.2985
-13.3207
-13.3425
-13.3639
-13.3851
-13.4061
-13.4268
-13.4475
-13.468
-13.4885
-13.5091
-13.5298
-13.5506
-13.5716
-13.5927
-13.6137
-13.6346
-12.9901
-12.9927
-13.0014
-13.0149
-13.0313
-13.0501
-13.0707
-13.0925
-13.115
-13.138
-13.1611
-13.1843
-13.2074
-13.2302
-13.2528
-13.2751
-13.2971
-13.3187
-13.34
-13.3611
-13.3818
-13.4024
-13.4228
-13.443
-13.4631
-13.4832
-13.5032
-13.5233
-13.5434
-13.5635
-13.5836
-13.6036
-13.6234
-13.0018
-13.0044
-13.0126
-13.025
-13.0404
-13.058
-13.0774
-13.098
-13.1195
-13.1414
-13.1637
-13.186
-13.2083
-13.2304
-13.2524
-13.2741
-13.2955
-13.3166
-13.3375
-13.358
-13.3784
-13.3985
-13.4184
-13.4382
-13.4578
-13.4773
-13.4968
-13.5163
-13.5356
-13.5549
-13.5741
-13.5931
-13.6118
-13.0127
-13.0153
-13.023
-13.0346
-13.0489
-13.0655
-13.0838
-13.1033
-13.1238
-13.1447
-13.1661
-13.1876
-13.2091
-13.2305
-13.2518
-13.2729
-13.2938
-13.3144
-13.3347
-13.3548
-13.3747
-13.3943
-13.4137
-13.433
-13.4521
-13.4711
-13.49
-13.5088
-13.5274
-13.5459
-13.5642
-13.5822
-13.5999
-13.023
-13.0254
-13.0327
-13.0436
-13.0569
-13.0725
-13.0898
-13.1083
-13.1278
-13.1478
-13.1683
-13.189
-13.2098
-13.2305
-13.2512
-13.2716
-13.2919
-13.312
-13.3318
-13.3514
-13.3707
-13.3899
-13.4088
-13.4275
-13.4461
-13.4645
-13.4828
-13.5008
-13.5187
-13.5364
-13.5538
-13.571
-13.5877
-13.0325
-13.0348
-13.0417
-13.0518
-13.0644
-13.079
-13.0954
-13.113
-13.1315
-13.1507
-13.1703
-13.1903
-13.2103
-13.2303
-13.2503
-13.2702
-13.2899
-13.3094
-13.3287
-13.3477
-13.3666
-13.3852
-13.4036
-13.4218
-13.4398
-13.4576
-13.4751
-13.4925
-13.5097
-13.5265
-13.5431
-13.5594
-13.5753
-13.0413
-13.0435
-13.05
-13.0595
-13.0713
-13.0851
-13.1005
-13.1172
-13.1349
-13.1533
-13.1721
-13.1913
-13.2106
-13.23
-13.2493
-13.2686
-13.2877
-13.3066
-13.3254
-13.3439
-13.3622
-13.3802
-13.3981
-13.4157
-13.4331
-13.4503
-13.4672
-13.4838
-13.5002
-13.5164
-13.5321
-13.5476
-13.5626
-13.0493
-13.0514
-13.0575
-13.0664
-13.0775
-13.0905
-13.1052
-13.1211
-13.138
-13.1555
-13.1736
-13.1921
-13.2107
-13.2294
-13.2481
-13.2668
-13.2853
-13.3037
-13.3218
-13.3398
-13.3575
-13.3751
-13.3923
-13.4093
-13.4261
-13.4426
-13.4589
-13.4749
-13.4905
-13.5059
-13.5209
-13.5355
-13.5497
-13.0564
-13.0584
-13.0642
-13.0726
-13.0831
-13.0954
-13.1094
-13.1245
-13.1406
-13.1575
-13.1748
-13.1926
-13.2105
-13.2286
-13.2467
-13.2648
-13.2827
-13.3005
-13.3181
-13.3355
-13.3527
-13.3696
-13.3863
-13.4027
-13.4189
-13.4347
-13.4503
-13.4656
-13.4805
-13.4951
-13.5093
-13.5232
-13.5366
-13.0628
-13.0647
-13.0701
-13.0781
-13.088
-13.0997
-13.113
-13.1274
-13.1428
-13.159
-13.1757
-13.1927
-13.2101
-13.2275
-13.245
-13.2625
-13.2799
-13.2971
-13.3141
-13.331
-13.3476
-13.3639
-13.38
-13.3958
-13.4114
-13.4266
-13.4415
-13.4561
-13.4703
-13.4841
-13.4976
-13.5106
-13.5233
-13.0684
-13.0701
-13.0753
-13.0828
-13.0922
-13.1034
-13.116
-13.1298
-13.1446
-13.1601
-13.1762
-13.1926
-13.2093
-13.2262
-13.2431
-13.26
-13.2768
-13.2935
-13.31
-13.3262
-13.3423
-13.358
-13.3735
-13.3888
-13.4036
-13.4182
-13.4324
-13.4463
-13.4598
-13.473
-13.4857
-13.498
-13.5099
-13.073
-13.0747
-13.0796
-13.0867
-13.0957
-13.1063
-13.1184
-13.1316
-13.1458
-13.1607
-13.1761
-13.192
-13.2082
-13.2245
-13.2408
-13.2572
-13.2734
-13.2895
-13.3055
-13.3212
-13.3367
-13.3519
-13.3668
-13.3814
-13.3957
-13.4096
-13.4232
-13.4364
-13.4492
-13.4616
-13.4736
-13.4852
-13.4963
-13.0768
-13.0784
-13.083
-13.0899
-13.0984
-13.1086
-13.1202
-13.1329
-13.1465
-13.1609
-13.1759
-13.1912
-13.2068
-13.2226
-13.2384
-13.2542
-13.2699
-13.2855
-13.3009
-13.3161
-13.331
-13.3456
-13.36
-13.374
-13.3876
-13.4009
-13.4138
-13.4264
-13.4385
-13.4502
-13.4615
-13.4724
-13.4828
-13.0796
-13.0812
-13.0855
-13.092
-13.1002
-13.1099
-13.121
-13.1332
-13.1464
-13.1603
-13.1747
-13.1896
-13.2047
-13.22
-13.2353
-13.2507
-13.2659
-13.281
-13.2959
-13.3105
-13.3249
-13.339
-13.3527
-13.3662
-13.3792
-13.3919
-13.4042
-13.4161
-13.4276
-13.4387
-13.4493
-13.4595
-13.4692
-13.0815
-13.083
-13.0873
-13.0935
-13.1014
-13.1109
-13.1217
-13.1336
-13.1464
-13.1598
-13.1738
-13.1882
-13.2029
-13.2177
-13.2326
-13.2474
-13.2621
-13.2767
-13.2911
-13.3052
-13.319
-13.3326
-13.3458
-13.3586
-13.3711
-13.3831
-13.3948
-13.4061
-13.4169
-13.4273
-13.4373
-13.4468
-13.4558
-13.0824
-13.0837
-13.0875
-13.0933
-13.1007
-13.1097
-13.1201
-13.1316
-13.144
-13.1572
-13.1709
-13.185
-13.1993
-13.2138
-13.2283
-13.2428
-13.2571
-13.2713
-13.2852
-13.2989
-13.3123
-13.3253
-13.338
-13.3504
-13.3623
-13.3738
-13.3849
-13.3956
-13.4059
-13.4156
-13.425
-13.4339
-13.4423
-13.0825
-13.084
-13.0881
-13.094
-13.1015
-13.1104
-13.1207
-13.132
-13.1441
-13.1569
-13.1702
-13.1839
-13.1978
-13.2118
-13.2258
-13.2398
-13.2536
-13.2673
-13.2807
-13.2938
-13.3067
-13.3191
-13.3313
-13.343
-13.3544
-13.3653
-13.3758
-13.3859
-13.3955
-13.4046
-13.4133
-13.4216
-13.4293
-13.0807
-13.0813
-13.0842
-13.089
-13.0958
-13.1043
-13.1143
-13.1255
-13.1376
-13.1505
-13.1638
-13.1775
-13.1914
-13.2053
-13.2193
-13.2331
-13.2468
-13.2603
-13.2734
-13.2863
-13.2989
-13.311
-13.3228
-13.3342
-13.3451
-13.3556
-13.3656
-13.3752
-13.3843
-13.393
-13.4012
-13.4089
-13.4161
-13.0801
-13.0826
-13.0871
-13.0929
-13.1002
-13.1087
-13.1185
-13.1293
-13.1409
-13.1531
-13.1658
-13.1789
-13.1921
-13.2053
-13.2186
-13.2318
-13.2448
-13.2576
-13.2702
-13.2824
-13.2943
-13.3058
-13.317
-13.3277
-13.338
-13.3479
-13.3573
-13.3663
-13.3748
-13.3828
-13.3903
-13.3974
-13.404
-13.0722
-13.0701
-13.0703
-13.074
-13.0806
-13.0894
-13.1
-13.1119
-13.1246
-13.138
-13.1518
-13.1657
-13.1798
-13.1938
-13.2076
-13.2213
-13.2347
-13.2477
-13.2604
-13.2728
-13.2847
-13.2962
-13.3073
-13.3179
-13.328
-13.3376
-13.3468
-13.3555
-13.3636
-13.3713
-13.3784
-13.3851
-13.3913
-13.0799
-13.0864
-13.0921
-13.097
-13.1027
-13.1099
-13.1186
-13.1284
-13.1391
-13.1504
-13.1623
-13.1745
-13.1869
-13.1994
-13.2119
-13.2243
-13.2365
-13.2485
-13.2601
-13.2715
-13.2825
-13.2932
-13.3034
-13.3132
-13.3226
-13.3315
-13.3399
-13.3479
-13.3553
-13.3623
-13.3688
-13.3749
-13.3804
-13.0479
-13.0344
-13.0294
-13.0345
-13.0445
-13.057
-13.071
-13.0859
-13.1014
-13.117
-13.1327
-13.1481
-13.1633
-13.1782
-13.1927
-13.2068
-13.2204
-13.2336
-13.2462
-13.2584
-13.2701
-13.2812
-13.2919
-13.302
-13.3115
-13.3206
-13.3291
-13.337
-13.3445
-13.3513
-13.3577
-13.3636
-13.3689
-13.1018
-13.1221
-13.1265
-13.1219
-13.1193
-13.1214
-13.1265
-13.1335
-13.1419
-13.1514
-13.1617
-13.1725
-13.1837
-13.1951
-13.2066
-13.218
-13.2292
-13.2403
-13.2511
-13.2616
-13.2717
-13.2815
-13.2909
-13.2998
-13.3083
-13.3163
-13.3239
-13.331
-13.3376
-13.3437
-13.3493
-13.3545
-13.3591
-12.979
-12.9294
-12.9175
-12.9434
-12.9715
-12.9958
-13.0195
-13.0426
-13.0646
-13.0854
-13.1052
-13.1239
-13.1418
-13.1587
-13.1748
-13.1901
-13.2047
-13.2185
-13.2317
-13.2442
-13.256
-13.2672
-13.2777
-13.2877
-13.297
-13.3057
-13.3138
-13.3213
-13.3282
-13.3346
-13.3404
-13.3456
-13.3503
-13.2272
-13.2621
-13.2312
-13.1887
-13.1599
-13.1488
-13.1459
-13.1466
-13.1503
-13.1563
-13.1639
-13.1725
-13.1819
-13.1917
-13.2018
-13.212
-13.2221
-13.2322
-13.242
-13.2517
-13.261
-13.27
-13.2785
-13.2867
-13.2945
-13.3018
-13.3087
-13.3151
-13.321
-13.3264
-13.3314
-13.3359
-13.3399
-12.735
-12.6153
-12.6776
-12.7791
-12.853
-12.9048
-12.9485
-12.9866
-13.0198
-13.0491
-13.0752
-13.0989
-13.1205
-13.1404
-13.1588
-13.1758
-13.1917
-13.2066
-13.2205
-13.2335
-13.2457
-13.2571
-13.2677
-13.2776
-13.2868
-13.2954
-13.3033
-13.3105
-13.3171
-13.3231
-13.3285
-13.3332
-13.3374
-13.9495
-13.6106
-13.3468
-13.2298
-13.1796
-13.1543
-13.1392
-13.1329
-13.133
-13.137
-13.1435
-13.1516
-13.1609
-13.1709
-13.1813
-13.1918
-13.2023
-13.2127
-13.223
-13.2329
-13.2425
-13.2518
-13.2606
-13.269
-13.2769
-13.2843
-13.2913
-13.2977
-13.3037
-13.3091
-13.3141
-13.3186
-13.3225
-11.4459
-12.1525
-12.5571
-12.7094
-12.8141
-12.8964
-12.9559
-13.0008
-13.0373
-13.0675
-13.0932
-13.1157
-13.1357
-13.1539
-13.1705
-13.1859
-13.2002
-13.2136
-13.2261
-13.2378
-13.2488
-13.2591
-13.2687
-13.2777
-13.286
-13.2938
-13.3009
-13.3074
-13.3133
-13.3186
-13.3234
-13.3276
-13.3313
-13.4277
-13.6757
-13.8074
-13.897
-13.9619
-14.0086
-14.0439
-14.0776
-14.1118
-14.1493
-14.1912
-14.2372
-14.2873
-14.3409
-14.3969
-14.4541
-14.5116
-14.5682
-14.623
-14.6752
-14.724
-14.7687
-14.809
-14.8442
-14.8738
-14.8975
-14.9144
-14.924
-14.9253
-14.9174
-14.8993
-14.8701
-14.8285
-14.7736
-14.7043
-14.6195
-14.5182
-14.3995
-14.2626
-14.1068
-13.9313
-13.7357
-13.5195
-13.2826
-13.0247
-12.7459
-12.4464
-12.1267
-11.7874
-11.4295
-11.054
-10.6623
-10.2559
-9.83662
-9.40645
-8.96749
-8.52201
-8.07237
-7.62099
-7.17032
-6.72279
-6.28078
-5.84658
-5.42234
-5.01005
-4.61153
-4.22836
-3.86191
-3.51329
-3.18338
-2.8728
-2.58195
-2.31099
-2.05989
-1.82841
-1.61617
-1.42262
-1.24712
-1.08891
-0.947167
-0.821011
-0.709522
-0.611753
-0.526738
-0.453507
-0.391061
-0.338429
-0.294554
-0.258494
-0.229016
-0.205365
-0.185713
-0.170192
-0.154854
-0.143501
-0.12438
-0.115667
-0.0765961
-0.0800054
0.0212484
-14.0168
-14.1543
-14.0954
-14.028
-14.0015
-13.9853
-13.9775
-13.9875
-14.0105
-14.0462
-14.0934
-14.149
-14.2102
-14.2748
-14.3403
-14.4051
-14.4677
-14.5271
-14.5826
-14.634
-14.681
-14.7236
-14.7615
-14.7944
-14.8221
-14.8438
-14.8591
-14.867
-14.8667
-14.8574
-14.8379
-14.8072
-14.7643
-14.7082
-14.6378
-14.552
-14.45
-14.3309
-14.1938
-14.038
-13.8629
-13.6679
-13.4528
-13.2172
-12.961
-12.6843
-12.3874
-12.0706
-11.7346
-11.3804
-11.0089
-10.6216
-10.2199
-9.80554
-9.38049
-8.94679
-8.50663
-8.0623
-7.61616
-7.1706
-6.72798
-6.29064
-5.86082
-5.44063
-5.03205
-4.63687
-4.25664
-3.89274
-3.54625
-3.21807
-2.90881
-2.61888
-2.34845
-2.09752
-1.86586
-1.65311
-1.45877
-1.28221
-1.12271
-0.979482
-0.851667
-0.73838
-0.638708
-0.551713
-0.476455
-0.411966
-0.357296
-0.311421
-0.273408
-0.242061
-0.216604
-0.195291
-0.178114
-0.161435
-0.148431
-0.128665
-0.117605
-0.0802481
-0.0772999
0.0117414
-13.7333
-13.7424
-13.7642
-13.8141
-13.8697
-13.9157
-13.9562
-13.9881
-14.0238
-14.0602
-14.0997
-14.1426
-14.1895
-14.24
-14.2933
-14.3485
-14.4046
-14.4605
-14.5152
-14.5674
-14.6163
-14.6609
-14.7006
-14.7349
-14.7631
-14.7848
-14.7993
-14.806
-14.8042
-14.7932
-14.772
-14.7396
-14.6952
-14.6377
-14.5661
-14.4794
-14.3767
-14.2571
-14.1198
-13.9641
-13.7895
-13.5954
-13.3814
-13.1474
-12.8932
-12.6188
-12.3246
-12.011
-11.6786
-11.3283
-10.9611
-10.5783
-10.1814
-9.7721
-9.35223
-8.9238
-8.48895
-8.04993
-7.60903
-7.16859
-6.73095
-6.29838
-5.87309
-5.45716
-5.05252
-4.66092
-4.2839
-3.9228
-3.57871
-3.25249
-2.94477
-2.65595
-2.38624
-2.13562
-1.90392
-1.6908
-1.49577
-1.31824
-1.15753
-1.01288
-0.883452
-0.768403
-0.666844
-0.577865
-0.500554
-0.433972
-0.377195
-0.329227
-0.289154
-0.255817
-0.228424
-0.205317
-0.186348
-0.168201
-0.153416
-0.132909
-0.119385
-0.0837274
-0.0742825
0.00236001
-13.7869
-13.8966
-13.9563
-13.9741
-13.9814
-13.9863
-13.9914
-14.0014
-14.0165
-14.0443
-14.0801
-14.1226
-14.1706
-14.2224
-14.2762
-14.3305
-14.3839
-14.4355
-14.4844
-14.5302
-14.5725
-14.6108
-14.645
-14.6745
-14.6989
-14.7176
-14.7298
-14.7348
-14.7316
-14.7194
-14.6971
-14.6637
-14.6184
-14.5599
-14.4875
-14.4002
-14.297
-14.1771
-14.0399
-13.8845
-13.7105
-13.5174
-13.3048
-13.0725
-12.8203
-12.5485
-12.2571
-11.9467
-11.6179
-11.2716
-10.9086
-10.5304
-10.1384
-9.73415
-9.31953
-8.89648
-8.46711
-8.0336
-7.59821
-7.16321
-6.73088
-6.30344
-5.88305
-5.47174
-5.07139
-4.68371
-4.31021
-3.95219
-3.61074
-3.2867
-2.9807
-2.69317
-2.4243
-2.17412
-1.94247
-1.72904
-1.5334
-1.35497
-1.19311
-1.04708
-0.916092
-0.799323
-0.695911
-0.604971
-0.525615
-0.456929
-0.398012
-0.347896
-0.305685
-0.270261
-0.240818
-0.215794
-0.194902
-0.175159
-0.158469
-0.13711
-0.121027
-0.0869936
-0.0710453
-0.00672241
-13.7542
-13.8014
-13.8183
-13.833
-13.8588
-13.8883
-13.918
-13.9485
-13.9877
-14.0246
-14.0633
-14.1055
-14.1507
-14.1979
-14.2465
-14.2957
-14.3448
-14.393
-14.4395
-14.4836
-14.5245
-14.5617
-14.5944
-14.6221
-14.6442
-14.6601
-14.6692
-14.6708
-14.6643
-14.6488
-14.6234
-14.5872
-14.5394
-14.4788
-14.4047
-14.316
-14.2118
-14.0914
-13.9539
-13.7988
-13.6253
-13.4331
-13.2218
-12.9911
-12.7411
-12.4718
-12.1834
-11.8763
-11.5513
-11.209
-10.8506
-10.4772
-10.0902
-9.69136
-9.28232
-8.86502
-8.44151
-8.01392
-7.58443
-7.15527
-6.72865
-6.30674
-5.89162
-5.48527
-5.08952
-4.70603
-4.33628
-3.98154
-3.64289
-3.32116
-3.01699
-2.7308
-2.46284
-2.21314
-1.98158
-1.76788
-1.57164
-1.39233
-1.22933
-1.08194
-0.949411
-0.83094
-0.725693
-0.632811
-0.551425
-0.480643
-0.419581
-0.367297
-0.322905
-0.285331
-0.253755
-0.226713
-0.203787
-0.182331
-0.163622
-0.1413
-0.12258
-0.0900692
-0.067695
-0.0153909
-13.7435
-13.7976
-13.8406
-13.8749
-13.9039
-13.9281
-13.9502
-13.9717
-13.9904
-14.0191
-14.0526
-14.0901
-14.1312
-14.1751
-14.2208
-14.2673
-14.3134
-14.3584
-14.4013
-14.4415
-14.4785
-14.5115
-14.5403
-14.5642
-14.5829
-14.5956
-14.6019
-14.6009
-14.5919
-14.574
-14.5463
-14.508
-14.4581
-14.3957
-14.3198
-14.2296
-14.1243
-14.003
-13.865
-13.7097
-13.5365
-13.3449
-13.1348
-12.9057
-12.6578
-12.3909
-12.1055
-11.8019
-11.4806
-11.1426
-10.7889
-10.4205
-10.0389
-9.6457
-9.24255
-8.83133
-8.41402
-7.99268
-7.56945
-7.14646
-6.72586
-6.30975
-5.90013
-5.49893
-5.10793
-4.72874
-4.36283
-4.01143
-3.67561
-3.35621
-3.05388
-2.76906
-2.502
-2.25279
-2.02131
-1.80734
-1.6105
-1.4303
-1.26615
-1.1174
-0.983323
-0.863143
-0.756056
-0.661229
-0.577812
-0.504934
-0.441726
-0.387265
-0.340676
-0.300919
-0.267159
-0.23803
-0.212988
-0.189722
-0.168898
-0.145509
-0.124089
-0.0929785
-0.0643368
-0.0235241
-13.7311
-13.7753
-13.809
-13.8343
-13.8579
-13.8815
-13.9048
-13.9326
-13.9639
-13.9964
-14.0313
-14.0688
-14.1087
-14.1503
-14.193
-14.236
-14.2785
-14.3198
-14.3593
-14.3963
-14.4302
-14.4603
-14.4863
-14.5074
-14.5232
-14.533
-14.5362
-14.5321
-14.52
-14.499
-14.4685
-14.4274
-14.375
-14.3103
-14.2325
-14.1407
-14.0341
-13.9119
-13.7734
-13.6179
-13.4451
-13.2543
-13.0453
-12.8179
-12.5721
-12.3079
-12.0255
-11.7254
-11.4082
-11.0747
-10.7258
-10.3627
-9.9867
-9.59939
-9.20239
-8.79749
-8.38661
-7.97173
-7.55491
-7.13821
-6.72371
-6.31344
-5.90934
-5.51329
-5.12702
-4.75212
-4.39001
-4.04193
-3.70892
-3.39183
-3.09133
-2.80786
-2.54171
-2.29297
-2.06158
-1.84734
-1.64989
-1.4688
-1.30351
-1.15339
-1.01775
-0.89585
-0.786912
-0.690127
-0.604666
-0.529679
-0.464312
-0.407662
-0.35886
-0.316899
-0.280927
-0.24967
-0.222456
-0.197311
-0.174303
-0.149758
-0.125602
-0.0957528
-0.061081
-0.0310187
-13.7192
-13.7591
-13.7936
-13.8233
-13.8513
-13.8783
-13.905
-13.9288
-13.9558
-13.9847
-14.0163
-14.0507
-14.0874
-14.1257
-14.1652
-14.2049
-14.2442
-14.2824
-14.3186
-14.3523
-14.3829
-14.4098
-14.4325
-14.4503
-14.4629
-14.4695
-14.4696
-14.4624
-14.4474
-14.4237
-14.3904
-14.3468
-14.2921
-14.2253
-14.1456
-14.0521
-13.9442
-13.821
-13.6819
-13.5264
-13.3538
-13.1637
-12.9559
-12.7302
-12.4866
-12.225
-11.9458
-11.6494
-11.3363
-11.0073
-10.6634
-10.3057
-9.93542
-9.55407
-9.16325
-8.76468
-8.36021
-7.95175
-7.54129
-7.13082
-6.72235
-6.31784
-5.9192
-5.52824
-5.14665
-4.77598
-4.41763
-4.07283
-3.74261
-3.42782
-3.12913
-2.84701
-2.58177
-2.33351
-2.10222
-1.88771
-1.68967
-1.5077
-1.34127
-1.18978
-1.05259
-0.928967
-0.818172
-0.719419
-0.631902
-0.554792
-0.487248
-0.428392
-0.377358
-0.333173
-0.294965
-0.26155
-0.23213
-0.205062
-0.179827
-0.154059
-0.12716
-0.0984258
-0.0580335
-0.037806
-13.7073
-13.7434
-13.7759
-13.8045
-13.831
-13.8563
-13.8813
-13.9071
-13.9347
-13.964
-13.9952
-14.0284
-14.0632
-14.0993
-14.136
-14.1727
-14.2089
-14.2438
-14.2768
-14.3073
-14.3347
-14.3585
-14.378
-14.3929
-14.4024
-14.406
-14.4032
-14.3931
-14.3752
-14.3487
-14.3128
-14.2667
-14.2095
-14.1406
-14.059
-13.9641
-13.8549
-13.7309
-13.5913
-13.4356
-13.2634
-13.0741
-12.8676
-12.6437
-12.4022
-12.1434
-11.8674
-11.5746
-11.2657
-10.9413
-10.6023
-10.2499
-9.88526
-9.50982
-9.12511
-8.73279
-8.33465
-7.93252
-7.52833
-7.12401
-6.72149
-6.32268
-5.92943
-5.54349
-5.16653
-4.80005
-4.44544
-4.1039
-3.77646
-3.46397
-3.1671
-2.88634
-2.62201
-2.37425
-2.14307
-1.92831
-1.7297
-1.54686
-1.3793
-1.22647
-1.08773
-0.962392
-0.849743
-0.749021
-0.659442
-0.580197
-0.510465
-0.449385
-0.396102
-0.349673
-0.309208
-0.273612
-0.241964
-0.212941
-0.185459
-0.158418
-0.1288
-0.10103
-0.0552852
-0.0438614
-13.6954
-13.7285
-13.7595
-13.7879
-13.8147
-13.8407
-13.8662
-13.8919
-13.9185
-13.9464
-13.9758
-14.0068
-14.0392
-14.0725
-14.1063
-14.1401
-14.1731
-14.2049
-14.2347
-14.2621
-14.2864
-14.307
-14.3235
-14.3353
-14.3418
-14.3424
-14.3366
-14.3237
-14.3029
-14.2737
-14.2352
-14.1867
-14.1273
-14.0564
-13.9731
-13.8766
-13.7663
-13.6415
-13.5015
-13.3458
-13.1739
-12.9855
-12.7803
-12.5582
-12.319
-12.0628
-11.79
-11.5009
-11.1961
-10.8762
-10.5422
-10.195
-9.83597
-9.46637
-9.08769
-8.70154
-8.30964
-7.91377
-7.51577
-7.11752
-6.72088
-6.32771
-5.93979
-5.55884
-5.18647
-4.82416
-4.47327
-4.13498
-3.81032
-3.50013
-3.20509
-2.92571
-2.66231
-2.41508
-2.18402
-1.96904
-1.76988
-1.58619
-1.41753
-1.26335
-1.12308
-0.996038
-0.881542
-0.778853
-0.687212
-0.60583
-0.533901
-0.470588
-0.415041
-0.366353
-0.323614
-0.285819
-0.251928
-0.220929
-0.191195
-0.162842
-0.130558
-0.103593
-0.0529022
-0.0492037
-13.6833
-13.7141
-13.7435
-13.771
-13.7972
-13.8226
-13.8477
-13.8729
-13.8988
-13.9258
-13.954
-13.9833
-14.0136
-14.0446
-14.0757
-14.1066
-14.1367
-14.1655
-14.1922
-14.2165
-14.2377
-14.2553
-14.2687
-14.2775
-14.281
-14.2787
-14.27
-14.2542
-14.2308
-14.1989
-14.1579
-14.107
-14.0455
-13.9726
-13.8876
-13.7897
-13.6783
-13.5527
-13.4124
-13.2567
-13.0853
-12.8978
-12.6939
-12.4736
-12.2366
-11.9832
-11.7136
-11.4281
-11.1274
-10.812
-10.4828
-10.1409
-9.78734
-9.42349
-9.05077
-8.67072
-8.28499
-7.8953
-7.50343
-7.11118
-6.72037
-6.33278
-5.95015
-5.57415
-5.20635
-4.84819
-4.50101
-4.16597
-3.84409
-3.53621
-3.24302
-2.96503
-2.70259
-2.4559
-2.225
-2.00981
-1.81012
-1.62561
-1.45586
-1.30037
-1.15857
-1.02984
-0.9135
-0.808852
-0.715151
-0.63163
-0.557502
-0.491949
-0.434131
-0.383173
-0.338151
-0.298145
-0.262002
-0.229013
-0.197034
-0.167338
-0.13246
-0.106138
-0.050919
-0.053882
-13.671
-13.6998
-13.7277
-13.7544
-13.78
-13.8049
-13.8296
-13.8542
-13.8794
-13.9052
-13.9319
-13.9593
-13.9875
-14.016
-14.0446
-14.0727
-14.0999
-14.1256
-14.1494
-14.1706
-14.1888
-14.2033
-14.2138
-14.2196
-14.2201
-14.2149
-14.2034
-14.1849
-14.1587
-14.1242
-14.0808
-14.0276
-13.964
-13.8892
-13.8026
-13.7034
-13.5909
-13.4647
-13.324
-13.1684
-12.9975
-12.8109
-12.6084
-12.3898
-12.1551
-11.9044
-11.638
-11.3561
-11.0594
-10.7484
-10.4241
-10.0873
-9.73924
-9.38109
-9.01426
-8.64024
-8.26061
-7.87703
-7.49122
-7.10491
-6.71987
-6.33781
-5.96044
-5.58935
-5.22609
-4.87207
-4.52859
-4.1968
-3.8777
-3.57215
-3.28082
-3.00424
-2.74278
-2.49665
-2.26594
-2.05057
-1.85038
-1.66506
-1.49424
-1.33745
-1.19414
-1.06373
-0.945565
-0.838962
-0.743206
-0.657549
-0.581221
-0.513426
-0.453333
-0.4001
-0.352789
-0.310566
-0.27217
-0.237183
-0.202974
-0.171909
-0.134521
-0.108676
-0.0493368
-0.0579586
-13.6586
-13.6857
-13.7122
-13.7378
-13.7626
-13.7868
-13.8107
-13.8346
-13.8588
-13.8834
-13.9086
-13.9343
-13.9604
-13.9867
-14.0127
-14.0382
-14.0626
-14.0854
-14.1062
-14.1245
-14.1396
-14.1512
-14.1587
-14.1616
-14.1593
-14.1512
-14.1369
-14.1156
-14.0868
-14.0498
-14.004
-13.9486
-13.8829
-13.8063
-13.7181
-13.6176
-13.5042
-13.3773
-13.2364
-13.0809
-12.9105
-12.7248
-12.5236
-12.3068
-12.0744
-11.8264
-11.5631
-11.2849
-10.9921
-10.6856
-10.366
-10.0343
-9.69163
-9.33912
-8.97811
-8.61004
-8.23643
-7.8589
-7.47908
-7.09866
-6.71933
-6.34276
-5.97059
-5.60439
-5.24565
-4.89575
-4.55596
-4.22741
-3.91111
-3.60789
-3.31843
-3.04328
-2.78282
-2.53729
-2.30678
-2.09126
-1.89059
-1.70449
-1.53262
-1.37455
-1.22975
-1.09767
-0.977687
-0.869139
-0.771332
-0.683543
-0.605017
-0.53498
-0.472612
-0.417102
-0.367502
-0.323059
-0.282414
-0.245426
-0.209009
-0.17655
-0.136742
-0.111208
-0.0481313
-0.0614968
-13.646
-13.6715
-13.6966
-13.7211
-13.745
-13.7685
-13.7916
-13.8146
-13.8377
-13.8611
-13.8848
-13.9087
-13.9328
-13.9568
-13.9804
-14.0032
-14.0249
-14.0449
-14.0628
-14.0781
-14.0904
-14.0991
-14.1037
-14.1036
-14.0985
-14.0876
-14.0705
-14.0466
-14.0152
-13.9757
-13.9275
-13.87
-13.8023
-13.724
-13.6343
-13.5325
-13.4182
-13.2907
-13.1495
-12.9941
-12.8243
-12.6395
-12.4397
-12.2247
-11.9946
-11.7493
-11.4891
-11.2144
-10.9256
-10.6234
-10.3085
-9.98189
-9.64451
-9.29755
-8.94229
-8.5801
-8.21245
-7.84089
-7.46699
-7.09239
-6.71872
-6.34759
-5.98058
-5.61923
-5.26497
-4.91917
-4.58306
-4.25776
-3.94425
-3.64337
-3.3558
-3.0821
-2.82267
-2.57775
-2.34747
-2.13182
-1.93069
-1.74384
-1.57095
-1.41161
-1.26534
-1.13161
-1.00982
-0.899337
-0.799488
-0.709572
-0.628852
-0.556576
-0.491935
-0.43415
-0.382264
-0.335603
-0.292717
-0.253727
-0.215129
-0.181253
-0.139117
-0.11373
-0.0472666
-0.0645584
-13.6331
-13.6572
-13.6811
-13.7045
-13.7274
-13.7499
-13.7721
-13.7941
-13.8161
-13.8381
-13.8602
-13.8824
-13.9045
-13.9263
-13.9475
-13.9678
-13.9868
-14.0041
-14.0192
-14.0317
-14.0411
-14.0469
-14.0486
-14.0458
-14.0378
-14.0242
-14.0044
-13.9778
-13.9439
-13.9021
-13.8516
-13.7919
-13.7223
-13.6423
-13.5511
-13.4482
-13.333
-13.2049
-13.0635
-12.9083
-12.7389
-12.5552
-12.3567
-12.1435
-11.9156
-11.673
-11.4159
-11.1447
-10.8598
-10.5619
-10.2517
-9.93002
-9.59789
-9.25641
-8.90682
-8.55043
-8.18866
-7.82299
-7.45495
-7.0861
-6.71802
-6.35227
-5.99038
-5.63383
-5.28404
-4.94231
-4.60987
-4.2878
-3.97708
-3.67855
-3.39288
-3.12065
-2.86225
-2.61797
-2.38795
-2.1722
-1.97064
-1.78305
-1.60916
-1.44858
-1.30087
-1.1655
-1.04192
-0.929511
-0.82763
-0.735595
-0.652688
-0.578178
-0.511269
-0.451214
-0.397048
-0.348174
-0.303059
-0.262073
-0.221321
-0.186011
-0.141635
-0.116241
-0.0467047
-0.0672036
-13.6201
-13.6429
-13.6655
-13.6877
-13.7096
-13.731
-13.7522
-13.7731
-13.7939
-13.8146
-13.8352
-13.8556
-13.8757
-13.8953
-13.9142
-13.9321
-13.9485
-13.9631
-13.9755
-13.9852
-13.9918
-13.9948
-13.9937
-13.988
-13.9773
-13.961
-13.9386
-13.9095
-13.8731
-13.8289
-13.7762
-13.7144
-13.643
-13.5613
-13.4687
-13.3646
-13.2486
-13.12
-12.9784
-12.8234
-12.6546
-12.4718
-12.2747
-12.0633
-11.8376
-11.5976
-11.3436
-11.0758
-10.7948
-10.5012
-10.1955
-9.87874
-9.55178
-9.21571
-8.8717
-8.52103
-8.16506
-7.8052
-7.44294
-7.07977
-6.71721
-6.35678
-5.99996
-5.64818
-5.30281
-4.96512
-4.63633
-4.31748
-4.00956
-3.71337
-3.42962
-3.15886
-2.90153
-2.6579
-2.42816
-2.21233
-2.01036
-1.82208
-1.64721
-1.48541
-1.33627
-1.19928
-1.07393
-0.959614
-0.855714
-0.761571
-0.676485
-0.59975
-0.530581
-0.468264
-0.411827
-0.360749
-0.313421
-0.270445
-0.227571
-0.190812
-0.144283
-0.11874
-0.0464097
-0.0694918
-13.6068
-13.6284
-13.6497
-13.6708
-13.6916
-13.712
-13.732
-13.7518
-13.7713
-13.7906
-13.8096
-13.8282
-13.8464
-13.864
-13.8806
-13.896
-13.9099
-13.9219
-13.9316
-13.9386
-13.9425
-13.9427
-13.9389
-13.9306
-13.9172
-13.8982
-13.8732
-13.8416
-13.8028
-13.7562
-13.7014
-13.6377
-13.5644
-13.4811
-13.3872
-13.282
-13.1651
-13.036
-12.8943
-12.7395
-12.5713
-12.3894
-12.1937
-11.9841
-11.7606
-11.5232
-11.2722
-11.0079
-10.7307
-10.4412
-10.1401
-9.8281
-9.50623
-9.17548
-8.83697
-8.49193
-8.14166
-7.78754
-7.43096
-7.0734
-6.7163
-6.36112
-6.00931
-5.66224
-5.32125
-4.98758
-4.6624
-4.34677
-4.04162
-3.74778
-3.46595
-3.19669
-2.94043
-2.69748
-2.46804
-2.25216
-2.04981
-1.86085
-1.68503
-1.52204
-1.37149
-1.23291
-1.1058
-0.989595
-0.883691
-0.787454
-0.700203
-0.621254
-0.549835
-0.485267
-0.426573
-0.373304
-0.323781
-0.278825
-0.233864
-0.195644
-0.147045
-0.121227
-0.0463469
-0.0714799
-13.5933
-13.6137
-13.6339
-13.6538
-13.6734
-13.6927
-13.7116
-13.7301
-13.7483
-13.7661
-13.7836
-13.8005
-13.8168
-13.8322
-13.8467
-13.8598
-13.8712
-13.8807
-13.8878
-13.8922
-13.8933
-13.8909
-13.8844
-13.8734
-13.8574
-13.8358
-13.8083
-13.7742
-13.7331
-13.6843
-13.6274
-13.5617
-13.4867
-13.4018
-13.3066
-13.2004
-13.0827
-12.9532
-12.8113
-12.6567
-12.4891
-12.3082
-12.1139
-11.906
-11.6846
-11.4498
-11.2018
-10.9409
-10.6674
-10.382
-10.0854
-9.77814
-9.46127
-9.13575
-8.80265
-8.46315
-8.11849
-7.77
-7.41904
-7.06699
-6.71527
-6.36528
-6.0184
-5.67599
-5.33934
-5.00965
-4.68806
-4.37561
-4.07324
-3.78174
-3.50183
-3.23406
-2.97889
-2.73664
-2.50752
-2.29162
-2.08892
-1.8993
-1.72256
-1.5584
-1.40647
-1.26632
-1.13748
-1.0194
-0.911512
-0.813197
-0.723796
-0.642648
-0.568995
-0.50219
-0.441254
-0.385809
-0.334113
-0.287193
-0.240179
-0.200494
-0.149901
-0.123701
-0.0464811
-0.0732217
-13.5797
-13.5989
-13.6179
-13.6367
-13.6551
-13.6732
-13.6909
-13.7082
-13.725
-13.7414
-13.7572
-13.7724
-13.7868
-13.8003
-13.8125
-13.8233
-13.8324
-13.8395
-13.844
-13.8458
-13.8444
-13.8394
-13.8302
-13.8166
-13.798
-13.774
-13.744
-13.7075
-13.6641
-13.6131
-13.5542
-13.4866
-13.4099
-13.3236
-13.227
-13.1198
-13.0015
-12.8715
-12.7295
-12.5751
-12.4081
-12.2282
-12.0352
-11.8291
-11.6099
-11.3776
-11.1325
-10.8749
-10.6052
-10.3238
-10.0315
-9.72891
-9.41696
-9.09657
-8.76878
-8.43471
-8.09557
-7.75262
-7.40716
-7.06054
-6.71412
-6.36923
-6.02724
-5.68942
-5.35705
-5.03129
-4.71326
-4.40398
-4.10435
-3.8152
-3.5372
-3.27093
-3.01687
-2.77533
-2.54655
-2.33064
-2.12761
-1.93736
-1.75973
-1.59443
-1.44114
-1.29945
-1.1689
-1.04898
-0.939122
-0.83875
-0.747218
-0.663888
-0.588019
-0.518994
-0.455837
-0.398235
-0.34439
-0.295524
-0.246493
-0.205345
-0.152826
-0.126162
-0.0467753
-0.0747683
-13.5658
-13.5839
-13.6017
-13.6194
-13.6367
-13.6536
-13.67
-13.686
-13.7015
-13.7164
-13.7306
-13.7441
-13.7566
-13.7681
-13.7783
-13.7869
-13.7937
-13.7983
-13.8004
-13.7997
-13.7958
-13.7882
-13.7765
-13.7603
-13.7392
-13.7127
-13.6803
-13.6416
-13.5959
-13.5429
-13.4819
-13.4125
-13.3342
-13.2464
-13.1487
-13.0405
-12.9215
-12.7911
-12.649
-12.4949
-12.3285
-12.1496
-11.9579
-11.7536
-11.5364
-11.3067
-11.0644
-10.8101
-10.5439
-10.2665
-9.97847
-9.68047
-9.37333
-9.05798
-8.73539
-8.40666
-8.07293
-7.73541
-7.39536
-7.05408
-6.71285
-6.37299
-6.03579
-5.70251
-5.37435
-5.05248
-4.73797
-4.43182
-4.13492
-3.84809
-3.572
-3.30724
-3.05428
-2.81347
-2.58505
-2.36915
-2.16582
-1.97497
-1.79647
-1.63006
-1.47544
-1.33224
-1.2
-1.07826
-0.966464
-0.864057
-0.770417
-0.684927
-0.606864
-0.535641
-0.470285
-0.410548
-0.354581
-0.303792
-0.25278
-0.210178
-0.155794
-0.128608
-0.0471892
-0.0761697
-13.5517
-13.5687
-13.5855
-13.602
-13.6181
-13.6338
-13.649
-13.6637
-13.6778
-13.6912
-13.7038
-13.7156
-13.7263
-13.7359
-13.744
-13.7504
-13.755
-13.7573
-13.757
-13.7539
-13.7475
-13.7374
-13.7233
-13.7047
-13.6812
-13.6523
-13.6175
-13.5765
-13.5287
-13.4736
-13.4107
-13.3396
-13.2597
-13.1705
-13.0717
-12.9626
-12.8429
-12.7121
-12.57
-12.4162
-12.2504
-12.0724
-11.8821
-11.6794
-11.4643
-11.237
-10.9976
-10.7464
-10.4838
-10.2103
-9.92642
-9.63288
-9.33046
-9.02003
-8.70254
-8.37902
-8.05059
-7.7184
-7.38366
-7.0476
-6.71148
-6.37655
-6.04406
-5.71524
-5.39124
-5.07319
-4.76215
-4.45909
-4.1649
-3.88037
-3.60618
-3.34292
-3.09107
-2.85099
-2.62295
-2.40709
-2.20347
-2.01205
-1.83271
-1.66522
-1.5093
-1.36461
-1.23072
-1.10718
-0.993476
-0.889062
-0.793338
-0.705715
-0.625482
-0.552086
-0.484558
-0.422713
-0.364654
-0.311968
-0.259009
-0.214971
-0.158769
-0.131038
-0.0476781
-0.0774779
-13.5375
-13.5535
-13.5691
-13.5845
-13.5994
-13.6139
-13.6279
-13.6412
-13.6539
-13.6659
-13.6769
-13.687
-13.696
-13.7036
-13.7097
-13.7141
-13.7165
-13.7165
-13.714
-13.7085
-13.6997
-13.6873
-13.6707
-13.6497
-13.6238
-13.5926
-13.5557
-13.5124
-13.4626
-13.4055
-13.3408
-13.268
-13.1865
-13.096
-12.996
-12.8861
-12.7658
-12.6347
-12.4925
-12.339
-12.1738
-11.9967
-11.8077
-11.6067
-11.3937
-11.1688
-10.9321
-10.6841
-10.4249
-10.1552
-9.8754
-9.58622
-9.28841
-8.98278
-8.67027
-8.35185
-8.0286
-7.70162
-7.37206
-7.04112
-6.71
-6.37991
-6.05205
-5.72759
-5.40768
-5.0934
-4.78577
-4.48576
-4.19424
-3.91198
-3.63968
-3.37791
-3.12717
-2.88783
-2.66018
-2.44437
-2.24049
-2.04853
-1.86837
-1.69982
-1.54264
-1.39649
-1.26098
-1.13568
-1.02009
-0.913702
-0.815925
-0.726196
-0.643822
-0.568283
-0.498612
-0.434689
-0.374569
-0.320017
-0.265145
-0.2197
-0.161714
-0.13345
-0.0481908
-0.0787514
-13.5232
-13.5381
-13.5527
-13.5669
-13.5807
-13.594
-13.6067
-13.6188
-13.6301
-13.6405
-13.65
-13.6585
-13.6657
-13.6715
-13.6757
-13.678
-13.6783
-13.6762
-13.6714
-13.6636
-13.6525
-13.6378
-13.6189
-13.5956
-13.5674
-13.534
-13.4948
-13.4495
-13.3976
-13.3386
-13.2722
-13.1977
-13.1148
-13.0231
-12.922
-12.8112
-12.6903
-12.5589
-12.4167
-12.2635
-12.0989
-11.9228
-11.7351
-11.5357
-11.3247
-11.1021
-10.8682
-10.6231
-10.3674
-10.1013
-9.82549
-9.54056
-9.24723
-8.94629
-8.63863
-8.32519
-8.00699
-7.68509
-7.3606
-7.03466
-6.70843
-6.38307
-6.05974
-5.73956
-5.42365
-5.11307
-4.8088
-4.51179
-4.22289
-3.94288
-3.67243
-3.41215
-3.16251
-2.92392
-2.69666
-2.48092
-2.2768
-2.08431
-1.90336
-1.7338
-1.57538
-1.42781
-1.29072
-1.16368
-1.04625
-0.937913
-0.838115
-0.746313
-0.661831
-0.584181
-0.5124
-0.446433
-0.384286
-0.327904
-0.271151
-0.224338
-0.164586
-0.135842
-0.0486667
-0.0800603
-13.5088
-13.5227
-13.5362
-13.5493
-13.562
-13.5741
-13.5856
-13.5963
-13.6062
-13.6153
-13.6232
-13.6301
-13.6356
-13.6396
-13.6419
-13.6423
-13.6405
-13.6363
-13.6293
-13.6194
-13.6061
-13.5891
-13.568
-13.5424
-13.5121
-13.4765
-13.4352
-13.3879
-13.334
-13.2732
-13.205
-13.129
-13.0447
-12.9517
-12.8497
-12.7381
-12.6166
-12.485
-12.3428
-12.1898
-12.0258
-11.8506
-11.6642
-11.4664
-11.2573
-11.037
-10.8057
-10.5637
-10.3112
-10.0487
-9.77676
-9.49597
-9.207
-8.91063
-8.60769
-8.29909
-7.98581
-7.66886
-7.34931
-7.02825
-6.70679
-6.38604
-6.06713
-5.75114
-5.43915
-5.13218
-4.8312
-4.53713
-4.25081
-3.973
-3.70439
-3.44557
-3.19703
-2.95918
-2.73231
-2.51666
-2.31232
-2.11933
-1.93762
-1.76707
-1.60745
-1.45849
-1.31984
-1.19112
-1.07187
-0.961626
-0.859844
-0.766005
-0.679451
-0.599727
-0.525872
-0.457899
-0.393761
-0.335589
-0.276984
-0.228855
-0.167333
-0.138215
-0.0490321
-0.0814949
-13.4945
-13.5073
-13.5198
-13.5318
-13.5434
-13.5543
-13.5645
-13.574
-13.5826
-13.5902
-13.5966
-13.6019
-13.6057
-13.608
-13.6084
-13.6069
-13.6032
-13.597
-13.588
-13.5759
-13.5605
-13.5413
-13.518
-13.4904
-13.4579
-13.4202
-13.3769
-13.3276
-13.2719
-13.2094
-13.1395
-13.062
-12.9764
-12.8822
-12.7792
-12.6669
-12.5449
-12.413
-12.2708
-12.1181
-11.9547
-11.7805
-11.5952
-11.399
-11.1918
-10.9737
-10.745
-10.5058
-10.2565
-9.99749
-9.72932
-9.45253
-9.1678
-8.87585
-8.5775
-8.2736
-7.9651
-7.65297
-7.33822
-7.0219
-6.70508
-6.38883
-6.07423
-5.76233
-5.45416
-5.15071
-4.85295
-4.56175
-4.27795
-4.00231
-3.7355
-3.47811
-3.23065
-2.99353
-2.76707
-2.5515
-2.34696
-2.15349
-1.97105
-1.79954
-1.63875
-1.48844
-1.34828
-1.2179
-1.09688
-0.98477
-0.881043
-0.785207
-0.696621
-0.614862
-0.538973
-0.469035
-0.402943
-0.343029
-0.282595
-0.233218
-0.169898
-0.140571
-0.0491938
-0.0831756
-13.48
-13.4919
-13.5034
-13.5144
-13.5248
-13.5346
-13.5436
-13.5518
-13.5591
-13.5653
-13.5703
-13.574
-13.5762
-13.5768
-13.5755
-13.5722
-13.5666
-13.5584
-13.5474
-13.5333
-13.5158
-13.4946
-13.4693
-13.4396
-13.405
-13.3654
-13.3201
-13.269
-13.2115
-13.1472
-13.0758
-12.9969
-12.91
-12.8147
-12.7107
-12.5977
-12.4753
-12.3431
-12.2009
-12.0485
-11.8857
-11.7124
-11.5283
-11.3336
-11.1283
-10.9123
-10.686
-10.4496
-10.2034
-9.94778
-9.68324
-9.41033
-9.1297
-8.84204
-8.54812
-8.24879
-7.94492
-7.63745
-7.32736
-7.01565
-6.70333
-6.39146
-6.08104
-5.77311
-5.46866
-5.16865
-4.87401
-4.58562
-4.30428
-4.03074
-3.76568
-3.5097
-3.2633
-3.0269
-2.80084
-2.58537
-2.38063
-2.1867
-2.00356
-1.83112
-1.6692
-1.51757
-1.37594
-1.24395
-1.12121
-1.00727
-0.901639
-0.80385
-0.713275
-0.629526
-0.551646
-0.479789
-0.411782
-0.350175
-0.287933
-0.237389
-0.172215
-0.142913
-0.0490308
-0.0852673
-13.4658
-13.4768
-13.4873
-13.4972
-13.5065
-13.5152
-13.523
-13.53
-13.536
-13.5408
-13.5444
-13.5466
-13.5473
-13.5462
-13.5433
-13.5382
-13.5307
-13.5207
-13.5078
-13.4918
-13.4723
-13.4491
-13.4218
-13.3901
-13.3537
-13.3121
-13.265
-13.2121
-13.1528
-13.087
-13.0141
-12.9338
-12.8456
-12.7493
-12.6445
-12.5308
-12.4079
-12.2755
-12.1334
-11.9813
-11.819
-11.6465
-11.4636
-11.2704
-11.0668
-10.8529
-10.629
-10.3953
-10.152
-9.89966
-9.63862
-9.36946
-9.09278
-8.80925
-8.51963
-8.22469
-7.92531
-7.62235
-7.31677
-7.00952
-6.70157
-6.39393
-6.08757
-5.78349
-5.48264
-5.18597
-4.89437
-4.60869
-4.32974
-4.05826
-3.79491
-3.54029
-3.29491
-3.05922
-2.83355
-2.61818
-2.41326
-2.21889
-2.03507
-1.86172
-1.69871
-1.54581
-1.40275
-1.26919
-1.14476
-1.02904
-0.921558
-0.821861
-0.729344
-0.643651
-0.563826
-0.490098
-0.420217
-0.356975
-0.292939
-0.24133
-0.174204
-0.145251
-0.0483846
-0.0879988
-13.4516
-13.4616
-13.4712
-13.4801
-13.4885
-13.496
-13.5027
-13.5085
-13.5132
-13.5168
-13.519
-13.5198
-13.519
-13.5164
-13.5118
-13.505
-13.4958
-13.484
-13.4693
-13.4514
-13.4301
-13.405
-13.3758
-13.3423
-13.304
-13.2606
-13.2117
-13.1571
-13.0962
-13.0288
-12.9545
-12.8729
-12.7836
-12.6863
-12.5806
-12.4663
-12.3429
-12.2103
-12.0682
-11.9164
-11.7548
-11.5831
-11.4013
-11.2094
-11.0075
-10.7957
-10.5741
-10.3429
-10.1025
-9.85324
-9.59557
-9.33001
-9.05713
-8.77759
-8.4921
-8.20141
-7.90634
-7.60774
-7.30651
-7.00356
-6.69983
-6.39628
-6.09385
-5.79349
-5.49613
-5.20268
-4.91401
-4.63096
-4.35432
-4.08481
-3.82311
-3.5698
-3.32542
-3.09041
-2.86512
-2.64984
-2.44474
-2.24995
-2.06547
-1.89126
-1.72718
-1.57305
-1.4286
-1.29352
-1.16746
-1.05001
-0.94072
-0.839168
-0.744758
-0.657173
-0.575451
-0.499905
-0.42819
-0.363373
-0.29755
-0.244993
-0.175778
-0.147593
-0.0470438
-0.0916858
-13.4378
-13.447
-13.4556
-13.4636
-13.4709
-13.4774
-13.483
-13.4876
-13.4911
-13.4934
-13.4943
-13.4937
-13.4915
-13.4873
-13.4812
-13.4728
-13.462
-13.4485
-13.432
-13.4124
-13.3893
-13.3624
-13.3315
-13.2961
-13.2561
-13.2109
-13.1604
-13.1041
-13.0418
-12.9729
-12.8972
-12.8144
-12.724
-12.6257
-12.5193
-12.4043
-12.2806
-12.1478
-12.0058
-11.8542
-11.6931
-11.5222
-11.3415
-11.151
-10.9507
-10.7407
-10.5213
-10.2926
-10.0549
-9.80863
-9.55419
-9.29207
-9.02285
-8.74713
-8.4656
-8.17898
-7.88806
-7.59366
-7.29661
-6.99781
-6.69815
-6.39853
-6.09989
-5.80311
-5.50911
-5.21877
-4.93293
-4.65241
-4.37798
-4.11038
-3.85025
-3.59821
-3.35478
-3.12041
-2.89548
-2.68028
-2.47501
-2.2798
-2.09469
-1.91963
-1.75453
-1.59921
-1.45341
-1.31686
-1.18921
-1.07008
-0.959037
-0.855681
-0.75943
-0.670006
-0.586439
-0.509132
-0.435627
-0.369306
-0.301697
-0.248332
-0.176838
-0.149956
-0.0447342
-0.0967636
-13.424
-13.4324
-13.4401
-13.4472
-13.4536
-13.4591
-13.4637
-13.4673
-13.4696
-13.4707
-13.4704
-13.4685
-13.4649
-13.4594
-13.4518
-13.4419
-13.4295
-13.4144
-13.3963
-13.375
-13.3502
-13.3217
-13.289
-13.252
-13.2103
-13.1635
-13.1114
-13.0536
-12.9898
-12.9195
-12.8426
-12.7585
-12.6671
-12.568
-12.4608
-12.3452
-12.2211
-12.0882
-11.9461
-11.7949
-11.6342
-11.4641
-11.2844
-11.0951
-10.8964
-10.6882
-10.4709
-10.2445
-10.0094
-9.76601
-9.51464
-9.25582
-8.99008
-8.71801
-8.44028
-8.15757
-7.87062
-7.58023
-7.2872
-6.99238
-6.69661
-6.40078
-6.10576
-5.81243
-5.52165
-5.23427
-4.95113
-4.67303
-4.40071
-4.13491
-3.87628
-3.62543
-3.38289
-3.14912
-2.92452
-2.70938
-2.50394
-2.30832
-2.12259
-1.94673
-1.78064
-1.62416
-1.47708
-1.33911
-1.20993
-1.08918
-0.976441
-0.871339
-0.773306
-0.682101
-0.596741
-0.517729
-0.442472
-0.374715
-0.30531
-0.251289
-0.17727
-0.152348
-0.0410933
-0.10382
-13.4111
-13.4187
-13.4255
-13.4317
-13.4372
-13.4417
-13.4453
-13.4477
-13.449
-13.4489
-13.4474
-13.4442
-13.4393
-13.4325
-13.4235
-13.4121
-13.3983
-13.3817
-13.3621
-13.3392
-13.3128
-13.2827
-13.2484
-13.2098
-13.1666
-13.1183
-13.0647
-13.0055
-12.9402
-12.8687
-12.7906
-12.7054
-12.613
-12.513
-12.4051
-12.2891
-12.1646
-12.0315
-11.8895
-11.7385
-11.5783
-11.4088
-11.2301
-11.042
-10.8447
-10.6383
-10.4229
-10.1988
-9.96614
-9.72541
-9.47697
-9.22127
-8.95885
-8.69026
-8.41614
-8.13716
-7.85402
-7.56746
-7.27828
-6.98726
-6.69523
-6.40302
-6.11148
-5.82144
-5.53374
-5.2492
-4.96864
-4.69283
-4.42252
-4.15843
-3.90121
-3.65147
-3.40976
-3.17655
-2.95224
-2.73715
-2.53151
-2.33549
-2.14915
-1.9725
-1.80545
-1.64786
-1.49952
-1.36017
-1.2295
-1.10718
-0.992799
-0.886006
-0.786246
-0.693322
-0.60623
-0.525587
-0.448634
-0.379532
-0.308329
-0.253833
-0.176998
-0.154807
-0.0356985
-0.113636
-13.398
-13.4049
-13.4111
-13.4165
-13.4212
-13.4249
-13.4276
-13.4291
-13.4294
-13.4283
-13.4257
-13.4214
-13.4153
-13.4072
-13.3969
-13.3842
-13.369
-13.351
-13.3299
-13.3056
-13.2778
-13.2461
-13.2104
-13.1704
-13.1256
-13.0759
-13.0209
-12.9603
-12.8938
-12.8211
-12.7418
-12.6556
-12.5623
-12.4615
-12.3529
-12.2364
-12.1116
-11.9783
-11.8363
-11.6855
-11.5257
-11.3569
-11.1791
-10.9921
-10.7962
-10.5914
-10.3778
-10.1558
-9.92548
-9.6873
-9.44162
-9.18888
-8.9296
-8.66431
-8.39363
-8.11817
-7.83864
-7.55573
-7.2702
-6.98279
-6.6943
-6.40553
-6.11726
-5.83033
-5.54552
-5.26364
-4.98548
-4.7118
-4.44334
-4.18081
-3.92487
-3.67614
-3.43516
-3.20243
-2.97836
-2.76328
-2.55744
-2.36102
-2.17411
-1.99671
-1.82876
-1.67013
-1.52062
-1.37998
-1.24791
-1.1241
-1.00816
-0.899744
-0.798322
-0.703737
-0.61496
-0.532734
-0.45411
-0.383725
-0.310697
-0.2559
-0.175921
-0.157327
-0.028051
-0.127225
-13.3863
-13.3924
-13.3978
-13.4024
-13.4062
-13.409
-13.4107
-13.4113
-13.4106
-13.4085
-13.4048
-13.3994
-13.3921
-13.3829
-13.3714
-13.3575
-13.341
-13.3217
-13.2993
-13.2737
-13.2445
-13.2115
-13.1744
-13.133
-13.0869
-13.0359
-12.9796
-12.9178
-12.8501
-12.7762
-12.6959
-12.6088
-12.5146
-12.4131
-12.3039
-12.1869
-12.0617
-11.9283
-11.7863
-11.6357
-11.4764
-11.3082
-11.1311
-10.9452
-10.7505
-10.5472
-10.3354
-10.1152
-9.88711
-9.65131
-9.40821
-9.15825
-8.90192
-8.63975
-8.3723
-8.1002
-7.82409
-7.54465
-7.26259
-6.97863
-6.69352
-6.40803
-6.12291
-5.83894
-5.5569
-5.27756
-5.00169
-4.73004
-4.46334
-4.20229
-3.94755
-3.69975
-3.45945
-3.22714
-3.00326
-2.78815
-2.58208
-2.38524
-2.19773
-2.01957
-1.85071
-1.69103
-1.54034
-1.39841
-1.26496
-1.13969
-1.02221
-0.912241
-0.809231
-0.71308
-0.622723
-0.539042
-0.458861
-0.387347
-0.312542
-0.257665
-0.17424
-0.160065
-0.017826
-0.145625
-13.3745
-13.3802
-13.3851
-13.3892
-13.3923
-13.3945
-13.3955
-13.3954
-13.3938
-13.3909
-13.3863
-13.3799
-13.3717
-13.3614
-13.3488
-13.3338
-13.3161
-13.2956
-13.2721
-13.2452
-13.2147
-13.1804
-13.1421
-13.0994
-13.0521
-12.9998
-12.9424
-12.8794
-12.8106
-12.7357
-12.6544
-12.5664
-12.4714
-12.3692
-12.2594
-12.142
-12.0165
-11.8829
-11.7409
-11.5905
-11.4315
-11.2639
-11.0876
-10.9027
-10.7092
-10.5072
-10.297
-10.0787
-9.85258
-9.619
-9.37832
-9.13096
-8.87738
-8.6181
-8.35368
-8.08468
-7.81175
-7.53551
-7.25665
-6.97585
-6.69383
-6.41131
-6.12902
-5.84771
-5.56813
-5.29102
-5.01714
-4.74724
-4.48202
-4.22221
-3.96847
-3.72143
-3.48167
-3.2497
-3.02597
-2.81084
-2.60459
-2.40742
-2.21945
-2.04068
-1.87109
-1.71055
-1.55888
-1.41585
-1.28119
-1.1546
-1.03572
-0.924265
-0.819711
-0.72201
-0.630061
-0.544909
-0.463132
-0.390505
-0.313884
-0.259064
-0.171986
-0.162817
-0.00489727
-0.168718
-13.364
-13.3689
-13.373
-13.3763
-13.3787
-13.38
-13.3803
-13.3793
-13.3769
-13.3731
-13.3676
-13.3603
-13.3512
-13.3399
-13.3264
-13.3103
-13.2917
-13.2701
-13.2455
-13.2175
-13.186
-13.1506
-13.1112
-13.0674
-13.019
-12.9657
-12.9072
-12.8433
-12.7735
-12.6977
-12.6156
-12.5268
-12.4311
-12.3283
-12.218
-12.1001
-11.9744
-11.8406
-11.6986
-11.5484
-11.3897
-11.2225
-11.0468
-10.8627
-10.6702
-10.4695
-10.2606
-10.0439
-9.81959
-9.58799
-9.34949
-9.10448
-8.85344
-8.59685
-8.33524
-8.06919
-7.79928
-7.52614
-7.2504
-6.97273
-6.69378
-6.41426
-6.13485
-5.85627
-5.57924
-5.30447
-5.03269
-4.76463
-4.50101
-4.24251
-3.98983
-3.74358
-3.50437
-3.27271
-3.04907
-2.83382
-2.62726
-2.42961
-2.24098
-2.06141
-1.89088
-1.72928
-1.57644
-1.43215
-1.29615
-1.16817
-1.04786
-0.934971
-0.82898
-0.729891
-0.636543
-0.550136
-0.46694
-0.393352
-0.314922
-0.260129
-0.169137
-0.164729
0.0102049
-0.191753
-13.3551
-13.3598
-13.3637
-13.3667
-13.3687
-13.3696
-13.3694
-13.3679
-13.3649
-13.3604
-13.3543
-13.3463
-13.3363
-13.3242
-13.3098
-13.2929
-13.2733
-13.2508
-13.2251
-13.1961
-13.1636
-13.1272
-13.0867
-13.0419
-12.9925
-12.9382
-12.8787
-12.8138
-12.7432
-12.6665
-12.5836
-12.4941
-12.3978
-12.2944
-12.1837
-12.0654
-11.9394
-11.8056
-11.6636
-11.5135
-11.3551
-11.1884
-11.0134
-10.8301
-10.6386
-10.439
-10.2315
-10.0163
-9.7937
-9.56397
-9.3275
-9.08468
-8.83595
-8.5818
-8.32274
-8.05931
-7.79208
-7.52164
-7.2486
-6.97357
-6.69721
-6.42016
-6.1431
-5.8667
-5.59166
-5.31868
-5.04849
-4.7818
-4.51932
-4.26177
-4.00983
-3.76416
-3.52534
-3.29394
-3.07041
-2.85515
-2.64846
-2.45054
-2.26153
-2.08146
-1.91027
-1.74787
-1.59406
-1.44865
-1.31135
-1.18192
-1.06002
-0.945438
-0.837656
-0.736769
-0.641586
-0.553535
-0.468611
-0.393961
-0.313813
-0.259465
-0.165467
-0.165879
0.0208627
-0.206674
-13.3442
-13.3482
-13.3514
-13.3537
-13.355
-13.3553
-13.3544
-13.3523
-13.3487
-13.3436
-13.3369
-13.3283
-13.3177
-13.305
-13.2899
-13.2724
-13.2521
-13.2289
-13.2026
-13.173
-13.1397
-13.1026
-13.0615
-13.0159
-12.9658
-12.9108
-12.8506
-12.785
-12.7137
-12.6365
-12.5529
-12.4628
-12.366
-12.2621
-12.151
-12.0324
-11.9061
-11.7721
-11.63
-11.4799
-11.3216
-11.1552
-10.9805
-10.7978
-10.607
-10.4083
-10.2018
-9.98789
-9.76674
-9.5387
-9.30414
-9.06344
-8.81707
-8.56549
-8.30919
-8.04871
-7.78459
-7.51737
-7.24763
-6.97594
-6.70289
-6.42907
-6.15509
-5.88157
-5.60915
-5.33848
-5.07024
-4.80511
-4.54381
-4.28703
-4.03546
-3.78977
-3.5506
-3.31852
-3.09406
-2.87763
-2.66959
-2.4702
-2.2796
-2.09789
-1.92504
-1.76098
-1.60556
-1.4586
-1.31985
-1.18909
-1.06599
-0.950387
-0.841755
-0.740244
-0.644572
-0.556339
-0.471136
-0.396812
-0.316083
-0.262966
-0.166851
-0.170651
0.0208382
-0.209684
-13.3415
-13.3457
-13.3489
-13.3511
-13.3523
-13.3524
-13.3513
-13.3487
-13.3448
-13.3392
-13.3319
-13.3228
-13.3116
-13.2983
-13.2826
-13.2643
-13.2433
-13.2194
-13.1924
-13.1619
-13.1279
-13.09
-13.0481
-13.0018
-12.9509
-12.8952
-12.8343
-12.7681
-12.6962
-12.6183
-12.5342
-12.4437
-12.3465
-12.2423
-12.131
-12.0123
-11.886
-11.752
-11.6102
-11.4604
-11.3026
-11.1367
-10.9628
-10.7809
-10.591
-10.3934
-10.1882
-9.97555
-9.75582
-9.52929
-9.2963
-9.05725
-8.81256
-8.56267
-8.30806
-8.04923
-7.7867
-7.521
-7.25266
-6.98225
-6.71032
-6.43746
-6.16426
-5.89134
-5.61934
-5.34893
-5.08079
-4.81565
-4.55422
-4.29726
-4.04549
-3.79961
-3.56028
-3.32812
-3.10365
-2.8873
-2.67942
-2.48024
-2.28991
-2.10845
-1.93583
-1.77194
-1.61658
-1.46956
-1.33063
-1.19954
-1.07597
-0.959797
-0.850485
-0.748267
-0.651789
-0.562889
-0.476781
-0.402143
-0.320193
-0.267805
-0.169523
-0.175649
0.0155747
-0.201605
-13.3267
-13.3306
-13.3335
-13.3355
-13.3365
-13.3364
-13.3351
-13.3325
-13.3284
-13.3228
-13.3154
-13.3062
-13.2949
-13.2814
-13.2656
-13.2472
-13.226
-13.2019
-13.1746
-13.1439
-13.1096
-13.0715
-13.0292
-12.9825
-12.9313
-12.8751
-12.8138
-12.747
-12.6745
-12.5961
-12.5115
-12.4203
-12.3225
-12.2176
-12.1056
-11.9862
-11.8593
-11.7247
-11.5822
-11.4318
-11.2734
-11.107
-10.9327
-10.7505
-10.5604
-10.3628
-10.1577
-9.94541
-9.72626
-9.50054
-9.26865
-9.03099
-8.78798
-8.54009
-8.28779
-8.03155
-7.77187
-7.50922
-7.2441
-6.97699
-6.70839
-6.43879
-6.1687
-5.89868
-5.62929
-5.36114
-5.0949
-4.83125
-4.57095
-4.31473
-4.06336
-3.81758
-3.5781
-3.34556
-3.12054
-2.90349
-2.6948
-2.49472
-2.30343
-2.12098
-1.94736
-1.78247
-1.62616
-1.47824
-1.33847
-1.20664
-1.08244
-0.96574
-0.856009
-0.753525
-0.656831
-0.567957
-0.481714
-0.407493
-0.325152
-0.273827
-0.174606
-0.181583
0.00510732
-0.193074
-13.3349
-13.3383
-13.3408
-13.3423
-13.3427
-13.3421
-13.3402
-13.3369
-13.3321
-13.3257
-13.3176
-13.3076
-13.2955
-13.2813
-13.2646
-13.2454
-13.2234
-13.1984
-13.1703
-13.1388
-13.1037
-13.0647
-13.0217
-12.9743
-12.9223
-12.8654
-12.8035
-12.7361
-12.6631
-12.5843
-12.4992
-12.4078
-12.3097
-12.2048
-12.0928
-11.9735
-11.8468
-11.7125
-11.5706
-11.4208
-11.2632
-11.0978
-10.9246
-10.7436
-10.555
-10.3589
-10.1555
-9.94515
-9.728
-9.50442
-9.27477
-9.03942
-8.7988
-8.55331
-8.30341
-8.04954
-7.79214
-7.53166
-7.26854
-7.00324
-6.73619
-6.46787
-6.19876
-5.92938
-5.66027
-5.39206
-5.12539
-4.86098
-4.5996
-4.34205
-4.08913
-3.84165
-3.60038
-3.36604
-3.13926
-2.92055
-2.71033
-2.5089
-2.31641
-2.13293
-1.95841
-1.79275
-1.63575
-1.4872
-1.34685
-1.21447
-1.08975
-0.972591
-0.862453
-0.75967
-0.662733
-0.573797
-0.487417
-0.413444
-0.330743
-0.280363
-0.179548
-0.189399
-0.000137826
-0.184524
-14.3685
-14.3715
-14.3849
-14.3906
-14.3919
-14.391
-14.3894
-14.3908
-14.3975
-14.4112
-14.4332
-14.4649
-14.5065
-14.5575
-14.6162
-14.6806
-14.7484
-14.8174
-14.8857
-14.9519
-15.0148
-15.0733
-15.127
-15.175
-15.2169
-15.252
-15.2796
-15.299
-15.3092
-15.3093
-15.2981
-15.2746
-15.2373
-15.1852
-15.1169
-15.0311
-14.9268
-14.8029
-14.6584
-14.4931
-14.3074
-14.0991
-13.8646
-13.6048
-13.3199
-13.0102
-12.6759
-12.3176
-11.9359
-11.5318
-11.1065
-10.6615
-10.1987
-9.72018
-9.22836
-8.72585
-8.21551
-7.70037
-7.18359
-6.66842
-6.15813
-5.65594
-5.16498
-4.68825
-4.22846
-3.7881
-3.36935
-2.97408
-2.60375
-2.25949
-1.94196
-1.65137
-1.38758
-1.15014
-0.938293
-0.751047
-0.587191
-0.445344
-0.324006
-0.221589
-0.136467
-0.0669936
-0.0115561
0.031458
0.0635344
0.0862387
0.100796
0.108889
0.111127
0.109995
0.104204
0.0995448
0.0880528
0.0879208
0.0669641
0.0888233
0.0332477
0.128674
-0.0641951
0.275667
-14.3893
-14.4005
-14.4052
-14.4108
-14.404
-14.3916
-14.3793
-14.3751
-14.3776
-14.3879
-14.4087
-14.4419
-14.4874
-14.5436
-14.608
-14.6773
-14.7486
-14.8196
-14.8884
-14.9537
-15.0148
-15.0714
-15.1229
-15.1692
-15.21
-15.2446
-15.2726
-15.2932
-15.3054
-15.3083
-15.3006
-15.2813
-15.2491
-15.2026
-15.1406
-15.0617
-14.9647
-14.8481
-14.7106
-14.5509
-14.3658
-14.1562
-13.9254
-13.6721
-13.3954
-13.0949
-12.7704
-12.4222
-12.0509
-11.6572
-11.2424
-10.8078
-10.3552
-9.8865
-9.40411
-8.91051
-8.40845
-7.90085
-7.3908
-6.88145
-6.37599
-5.87758
-5.38933
-4.91417
-4.45483
-4.01375
-3.59307
-3.19458
-2.81989
-2.47026
-2.14644
-1.84876
-1.57722
-1.33148
-1.11091
-0.914613
-0.741496
-0.590283
-0.459574
-0.347876
-0.253649
-0.175327
-0.111368
-0.0602287
-0.0204744
0.00939584
0.0305863
0.0446941
0.0523807
0.0559453
0.0543695
0.0528884
0.0445325
0.0456609
0.0275161
0.047611
-0.00255954
0.0849879
-0.0866982
0.233919
-14.3595
-14.3807
-14.3826
-14.385
-14.3798
-14.3775
-14.3783
-14.3862
-14.4023
-14.4281
-14.4638
-14.5085
-14.5605
-14.6177
-14.678
-14.7396
-14.8012
-14.8617
-14.9203
-14.9765
-15.0298
-15.08
-15.1265
-15.169
-15.2068
-15.2393
-15.2657
-15.2851
-15.2965
-15.2988
-15.2909
-15.2715
-15.2394
-15.1933
-15.1319
-15.054
-14.9584
-14.844
-14.7098
-14.5545
-14.378
-14.1784
-13.9554
-13.7088
-13.4381
-13.1433
-12.8246
-12.4821
-12.1164
-11.7284
-11.3191
-10.8899
-10.4426
-9.97901
-9.50144
-9.01236
-8.51445
-8.01062
-7.50389
-6.99739
-6.49429
-5.99772
-5.51075
-5.03631
-4.57716
-4.1358
-3.71448
-3.31505
-2.93893
-2.58719
-2.26066
-1.95979
-1.68466
-1.43498
-1.21019
-1.00946
-0.831737
-0.675804
-0.540312
-0.42382
-0.324836
-0.24184
-0.173332
-0.117812
-0.0738733
-0.0400604
-0.0151718
0.00231875
0.0131402
0.0194139
0.0204138
0.0208126
0.0146846
0.0165151
0.00109666
0.0197531
-0.0243137
0.0572311
-0.0956338
0.211405
-14.313
-14.3419
-14.3511
-14.358
-14.3587
-14.3623
-14.3701
-14.3858
-14.4094
-14.4415
-14.4816
-14.5288
-14.5816
-14.6383
-14.6975
-14.7578
-14.8179
-14.8771
-14.9346
-14.99
-15.0428
-15.0928
-15.1394
-15.1823
-15.2208
-15.2543
-15.2819
-15.3028
-15.3159
-15.3202
-15.3144
-15.2972
-15.2674
-15.2237
-15.1647
-15.0892
-14.9958
-14.8833
-14.7507
-14.5967
-14.4205
-14.2218
-14.0003
-13.7556
-13.4871
-13.1947
-12.8784
-12.5383
-12.175
-11.7893
-11.3823
-10.9553
-10.51
-10.0484
-9.57266
-9.08525
-8.58886
-8.08636
-7.58077
-7.07522
-6.57286
-6.07682
-5.59017
-5.11585
-4.6566
-4.21491
-3.79302
-3.39279
-3.01572
-2.6629
-2.33511
-2.03275
-1.7559
-1.50429
-1.27737
-1.07433
-0.894149
-0.735634
-0.597466
-0.478235
-0.376481
-0.29072
-0.21948
-0.161297
-0.114784
-0.0785274
-0.0513232
-0.0317107
-0.0188913
-0.0109154
-0.00821346
-0.00667153
-0.0111517
-0.00907114
-0.0219723
-0.00492802
-0.0425261
0.0329999
-0.100362
0.193414
-14.2836
-14.3167
-14.3303
-14.3397
-14.3453
-14.3551
-14.3702
-14.393
-14.4235
-14.4615
-14.506
-14.556
-14.61
-14.6666
-14.7246
-14.783
-14.841
-14.898
-14.9536
-15.0075
-15.0592
-15.1084
-15.1546
-15.1974
-15.236
-15.2697
-15.2977
-15.3189
-15.3325
-15.3371
-15.3317
-15.3149
-15.2855
-15.2421
-15.1836
-15.1085
-15.0156
-14.9038
-14.7721
-14.6194
-14.445
-14.2482
-14.0284
-13.7851
-13.518
-13.2268
-12.9116
-12.5728
-12.2107
-11.8262
-11.4204
-10.9946
-10.5506
-10.0902
-9.61559
-9.12934
-8.63409
-8.13271
-7.62821
-7.1237
-6.62231
-6.12719
-5.64138
-5.16779
-4.70917
-4.26799
-3.84645
-3.44641
-3.06934
-2.71632
-2.38811
-2.08513
-1.80743
-1.55476
-1.32659
-1.12211
-0.940323
-0.780067
-0.640048
-0.518887
-0.415158
-0.327404
-0.254187
-0.194069
-0.145687
-0.107656
-0.0787731
-0.0576249
-0.0433552
-0.0341414
-0.030175
-0.0277713
-0.0309353
-0.0285898
-0.0393068
-0.0233366
-0.0553185
0.0155099
-0.101832
0.178285
-14.2597
-14.2933
-14.3113
-14.3246
-14.3348
-14.3486
-14.3674
-14.3934
-14.4264
-14.4663
-14.5121
-14.5628
-14.617
-14.6737
-14.7317
-14.7902
-14.8484
-14.9059
-14.9621
-15.0167
-15.0693
-15.1195
-15.1666
-15.2103
-15.2497
-15.2842
-15.3128
-15.3347
-15.3487
-15.3538
-15.3486
-15.3321
-15.3029
-15.2596
-15.2011
-15.126
-15.0331
-14.9214
-14.7896
-14.6369
-14.4626
-14.2658
-14.0462
-13.8031
-13.5363
-13.2455
-12.9308
-12.5925
-12.231
-11.8473
-11.4423
-11.0174
-10.5743
-10.115
-9.64155
-9.15655
-8.66262
-8.16264
-7.6596
-7.15658
-6.65673
-6.16314
-5.67884
-5.20672
-4.74948
-4.30957
-3.88915
-3.49005
-3.11371
-2.76122
-2.43331
-2.13038
-1.85247
-1.59933
-1.37043
-1.165
-0.982038
-0.820422
-0.678889
-0.556095
-0.450646
-0.361125
-0.286125
-0.224243
-0.174139
-0.134462
-0.104012
-0.081417
-0.065778
-0.0553725
-0.0501992
-0.0469155
-0.0488231
-0.0460755
-0.0547699
-0.0395103
-0.0664719
0.000296006
-0.102862
0.16293
-14.2691
-14.2986
-14.3137
-14.3249
-14.3346
-14.3483
-14.3672
-14.3932
-14.4262
-14.466
-14.5117
-14.5623
-14.6165
-14.6733
-14.7317
-14.7908
-14.8498
-14.9082
-14.9655
-15.0212
-15.0747
-15.1258
-15.1737
-15.2179
-15.2578
-15.2925
-15.3211
-15.3429
-15.3566
-15.3612
-15.3556
-15.3384
-15.3085
-15.2646
-15.2053
-15.1296
-15.0361
-14.9237
-14.7914
-14.6384
-14.4637
-14.2668
-14.047
-13.8039
-13.5371
-13.2465
-12.932
-12.5941
-12.2332
-11.8502
-11.4461
-11.0223
-10.5805
-10.1226
-9.6508
-9.16758
-8.67561
-8.17772
-7.67689
-7.17621
-6.67875
-6.1876
-5.70574
-5.23602
-4.7811
-4.34338
-3.92497
-3.52765
-3.15284
-2.80159
-2.47461
-2.17229
-1.89466
-1.64147
-1.41219
-1.20608
-1.02217
-0.859367
-0.716442
-0.592094
-0.484972
-0.3937
-0.316909
-0.253236
-0.20137
-0.15999
-0.127909
-0.103791
-0.0867062
-0.0750106
-0.0685488
-0.0642496
-0.0648404
-0.0614798
-0.0682076
-0.0533044
-0.0757109
-0.0125498
-0.102947
0.147429
-14.2539
-14.2818
-14.2999
-14.3143
-14.3264
-14.3415
-14.3608
-14.3865
-14.4187
-14.4576
-14.5026
-14.5527
-14.6068
-14.664
-14.7231
-14.7831
-14.8434
-14.9031
-14.9616
-15.0184
-15.0729
-15.1245
-15.1728
-15.2171
-15.2568
-15.2911
-15.3191
-15.34
-15.3528
-15.3565
-15.3497
-15.3314
-15.3004
-15.2553
-15.195
-15.1181
-15.0236
-14.9103
-14.7772
-14.6234
-14.4481
-14.2507
-14.0306
-13.7873
-13.5205
-13.23
-12.9159
-12.5786
-12.2185
-11.8365
-11.4337
-11.0114
-10.5714
-10.1155
-9.64603
-9.16533
-8.6761
-8.18116
-7.68345
-7.18601
-6.69191
-6.20416
-5.7257
-5.25933
-4.80764
-4.37297
-3.95738
-3.56259
-3.18999
-2.84058
-2.51507
-2.2138
-1.93682
-1.68387
-1.45444
-1.24781
-1.06305
-0.899097
-0.75478
-0.62884
-0.519973
-0.426853
-0.348152
-0.282551
-0.228773
-0.185532
-0.151657
-0.125846
-0.107147
-0.0939834
-0.0860743
-0.0805703
-0.0797216
-0.0755296
-0.080284
-0.0654606
-0.0836333
-0.0238191
-0.102339
0.131635
-14.2968
-14.3125
-14.3184
-14.3232
-14.3292
-14.3398
-14.3555
-14.378
-14.4073
-14.4437
-14.4867
-14.5357
-14.5893
-14.6466
-14.7063
-14.7673
-14.8286
-14.8893
-14.9487
-15.006
-15.0608
-15.1124
-15.1604
-15.204
-15.2428
-15.276
-15.3028
-15.3224
-15.3338
-15.336
-15.3278
-15.308
-15.2756
-15.2292
-15.1676
-15.0895
-14.9939
-14.8796
-14.7456
-14.5911
-14.4153
-14.2175
-13.9971
-13.7538
-13.4872
-13.1971
-12.8837
-12.5473
-12.1884
-11.8079
-11.4069
-10.9868
-10.5492
-10.0961
-9.62963
-9.15228
-8.66665
-8.17554
-7.68187
-7.18863
-6.69881
-6.21539
-5.74124
-5.27908
-4.83144
-4.40058
-3.98851
-3.59688
-3.22703
-2.87994
-2.55627
-2.25637
-1.98026
-1.72771
-1.49823
-1.29113
-1.10551
-0.940371
-0.79458
-0.666936
-0.55619
-0.461066
-0.380287
-0.312578
-0.2567
-0.211404
-0.175539
-0.147836
-0.12733
-0.112499
-0.102963
-0.096056
-0.0936252
-0.0883965
-0.0911399
-0.0761707
-0.0903398
-0.0336982
-0.100962
0.115796
-14.2512
-14.2776
-14.2934
-14.3057
-14.3143
-14.325
-14.3391
-14.359
-14.3855
-14.4194
-14.4605
-14.5082
-14.5613
-14.6186
-14.6788
-14.7404
-14.8024
-14.8636
-14.9233
-14.9807
-15.0351
-15.0861
-15.1332
-15.1758
-15.2133
-15.2451
-15.2704
-15.2885
-15.2984
-15.299
-15.2894
-15.2683
-15.2345
-15.1868
-15.1239
-15.0447
-14.9481
-14.8329
-14.6982
-14.5431
-14.367
-14.169
-13.9487
-13.7056
-13.4394
-13.1501
-12.8378
-12.5028
-12.1456
-11.7672
-11.3686
-10.9512
-10.5167
-10.0671
-9.60446
-9.13125
-8.65006
-8.16364
-7.67486
-7.18665
-6.70196
-6.22367
-5.75459
-5.29736
-4.85442
-4.42798
-4.01995
-3.63194
-3.26522
-2.92075
-2.59916
-2.30078
-2.02566
-1.77356
-1.54403
-1.33641
-1.14986
-0.983428
-0.836035
-0.706542
-0.593755
-0.496455
-0.413418
-0.343414
-0.285246
-0.237703
-0.199655
-0.169867
-0.147365
-0.13068
-0.119344
-0.110852
-0.106704
-0.100262
-0.100953
-0.0856604
-0.0960086
-0.0424004
-0.0988983
0.100141
-14.3599
-14.3482
-14.3352
-14.3249
-14.3198
-14.3201
-14.325
-14.3367
-14.3563
-14.385
-14.4226
-14.4684
-14.5209
-14.5784
-14.6391
-14.7014
-14.7638
-14.8253
-14.8848
-14.9417
-14.9954
-15.0454
-15.0913
-15.1326
-15.1687
-15.1991
-15.2231
-15.2398
-15.2484
-15.2477
-15.2368
-15.2144
-15.1793
-15.1304
-15.0665
-14.9864
-14.8889
-14.773
-14.6378
-14.4824
-14.3061
-14.1082
-13.8882
-13.6456
-13.3803
-13.0922
-12.7813
-12.4481
-12.0931
-11.7173
-11.3216
-10.9076
-10.4769
-10.0315
-9.57336
-9.10501
-8.62898
-8.14798
-7.66481
-7.18234
-6.70344
-6.23093
-5.7675
-5.31573
-4.87798
-4.45635
-4.0527
-3.66856
-3.30518
-2.96347
-2.64405
-2.34724
-2.07309
-1.82139
-1.59174
-1.3835
-1.1959
-1.02804
-0.878906
-0.747413
-0.632431
-0.532797
-0.447339
-0.374878
-0.314256
-0.264299
-0.223905
-0.191868
-0.167212
-0.148513
-0.135232
-0.125006
-0.119028
-0.111231
-0.109839
-0.094084
-0.100776
-0.0500627
-0.0962544
0.0849081
-14.2173
-14.2604
-14.2763
-14.2853
-14.2825
-14.2799
-14.2809
-14.2899
-14.3084
-14.3373
-14.3757
-14.4223
-14.4755
-14.5333
-14.5939
-14.6558
-14.7175
-14.778
-14.8365
-14.8922
-14.9447
-14.9935
-15.0381
-15.0782
-15.1131
-15.1423
-15.1651
-15.1806
-15.1879
-15.186
-15.1738
-15.1502
-15.1141
-15.0641
-14.9992
-14.9182
-14.82
-14.7036
-14.5681
-14.4125
-14.2362
-14.0386
-13.8191
-13.5774
-13.3132
-13.0265
-12.7175
-12.3865
-12.0341
-11.6613
-11.2692
-10.8591
-10.4327
-9.99196
-9.53896
-9.07607
-8.60578
-8.13077
-7.65376
-7.17755
-6.70492
-6.23861
-5.78122
-5.33523
-4.90291
-4.48629
-4.08716
-3.707
-3.34699
-3.00804
-2.69074
-2.39542
-2.12214
-1.87074
-1.64084
-1.43186
-1.24309
-1.07368
-0.922678
-0.789064
-0.671767
-0.569681
-0.481684
-0.406647
-0.343452
-0.290963
-0.248103
-0.213696
-0.186769
-0.165939
-0.150605
-0.138532
-0.130646
-0.121389
-0.117905
-0.101581
-0.104782
-0.0568087
-0.0931767
0.0703013
-14.5111
-14.4146
-14.3588
-14.3185
-14.2927
-14.2764
-14.2675
-14.2679
-14.2789
-14.3014
-14.335
-14.3781
-14.4288
-14.4849
-14.5442
-14.6049
-14.6656
-14.7251
-14.7825
-14.8372
-14.8885
-14.9361
-14.9796
-15.0184
-15.0521
-15.0801
-15.1016
-15.1158
-15.1218
-15.1186
-15.1052
-15.0804
-15.043
-14.992
-14.9262
-14.8443
-14.7454
-14.6285
-14.4926
-14.3369
-14.1607
-13.9635
-13.7447
-13.504
-13.2412
-12.9562
-12.6494
-12.3209
-11.9716
-11.6022
-11.2139
-10.8082
-10.3865
-9.95096
-9.50351
-9.0465
-8.58238
-8.11374
-7.64324
-7.1736
-6.70751
-6.2476
-5.79641
-5.3563
-4.92946
-4.51786
-4.12321
-3.74693
-3.39019
-3.05385
-2.73853
-2.44455
-2.17201
-1.92077
-1.69049
-1.48067
-1.29063
-1.11958
-0.966637
-0.830839
-0.711169
-0.606574
-0.515985
-0.438316
-0.37249
-0.317408
-0.272017
-0.235173
-0.205906
-0.182872
-0.16542
-0.151431
-0.14159
-0.130807
-0.125245
-0.108272
-0.108157
-0.0627492
-0.0898231
0.0564817
-14.0695
-14.189
-14.2104
-14.2336
-14.2243
-14.2112
-14.2024
-14.2048
-14.2196
-14.2466
-14.2833
-14.3285
-14.3799
-14.4357
-14.4942
-14.5539
-14.6133
-14.6716
-14.7279
-14.7814
-14.8317
-14.8782
-14.9205
-14.9581
-14.9904
-15.017
-15.037
-15.0498
-15.0543
-15.0496
-15.0347
-15.0085
-14.9699
-14.9176
-14.8507
-14.7679
-14.6682
-14.5507
-14.4144
-14.2587
-14.0827
-13.8859
-13.668
-13.4284
-13.1671
-12.8841
-12.5796
-12.254
-11.9079
-11.5422
-11.1582
-10.757
-10.3405
-9.9104
-9.46878
-9.01791
-8.56018
-8.0981
-7.63426
-7.17128
-6.71176
-6.25825
-5.81318
-5.37883
-4.95732
-4.55054
-4.16013
-3.78751
-3.43379
-3.09985
-2.78629
-2.49347
-2.22151
-1.97032
-1.73959
-1.52886
-1.33752
-1.16483
-1.00995
-0.871991
-0.749971
-0.642894
-0.549736
-0.469453
-0.401006
-0.343333
-0.295406
-0.256113
-0.224488
-0.199226
-0.179634
-0.163696
-0.151889
-0.139547
-0.131943
-0.114268
-0.111019
-0.0679845
-0.0863434
0.0435711
-14.8717
-14.4639
-14.3874
-14.2963
-14.2269
-14.1859
-14.1627
-14.1564
-14.1653
-14.188
-14.2241
-14.2696
-14.3226
-14.3804
-14.4407
-14.5016
-14.5617
-14.62
-14.6758
-14.7285
-14.7776
-14.8228
-14.8636
-14.8996
-14.9303
-14.9552
-14.9735
-14.9846
-14.9874
-14.981
-14.9645
-14.9367
-14.8966
-14.843
-14.7748
-14.6909
-14.5904
-14.4723
-14.3357
-14.1798
-14.0041
-13.8079
-13.5908
-13.3525
-13.0929
-12.812
-12.51
-12.1874
-11.8447
-11.483
-11.1033
-10.707
-10.2957
-9.87117
-9.43549
-8.99082
-8.53949
-8.08394
-7.62668
-7.17023
-6.7171
-6.26975
-5.83052
-5.40162
-4.98511
-4.5828
-4.19632
-3.82704
-3.47608
-3.14431
-2.83235
-2.54057
-2.26913
-2.01796
-1.7868
-1.57522
-1.38267
-1.20844
-1.05176
-0.911747
-0.7875
-0.678055
-0.582431
-0.499628
-0.428641
-0.368443
-0.318034
-0.276331
-0.242378
-0.214908
-0.193192
-0.175313
-0.16156
-0.147655
-0.138069
-0.119651
-0.113469
-0.0725881
-0.0828813
0.0316718
)
;

boundaryField
{
    outlet
    {
        type            fixedValue;
        value           uniform 0;
    }
    inlet
    {
        type            zeroGradient;
    }
    lowerWall
    {
        type            zeroGradient;
    }
    upperWall
    {
        type            zeroGradient;
    }
    frontAndBack
    {
        type            empty;
    }
}


// ************************************************************************* //
